Red: Red de Vigilancia y Control de la Contaminación Atmosférica
Estación: 12084003-Onda
	
FECHA	HORA	SO2	PST	NO	NO2	NOx	O3
		µg/m³	µg/m³	µg/m³	µg/m³	µg/m³	µg/m³
20/07/1994	22						94
20/07/1994	23						79
21/07/1994	00						45
21/07/1994	02						9
21/07/1994	03						12
21/07/1994	04						22
21/07/1994	05						25
21/07/1994	06						21
21/07/1994	07						22
21/07/1994	08						20
21/07/1994	10						61
21/07/1994	12						68
21/07/1994	13						79
21/07/1994	14						82
21/07/1994	16			2	14	16	85
21/07/1994	17			2	20	23	87
21/07/1994	18			4	23	28	82
21/07/1994	19			3	17	21	80
21/07/1994	20			4	20	26	79
21/07/1994	21			6	12	21	80
21/07/1994	23			3	12	16	73
22/07/1994	00			2	8	9	75
22/07/1994	02			3	16	20	42
22/07/1994	05						17
22/07/1994	07						11
22/07/1994	08						17
22/07/1994	09						20
22/07/1994	11						66
22/07/1994	13						78
22/07/1994	14						83
22/07/1994	16						82
22/07/1994	17						82
22/07/1994	18						75
22/07/1994	19						83
22/07/1994	21						86
22/07/1994	22						83
23/07/1994	01						18
23/07/1994	04						18
23/07/1994	06						35
23/07/1994	07						36
23/07/1994	08						39
23/07/1994	09						49
23/07/1994	10						82
26/07/1994	11	25		2	12	15	89
26/07/1994	13	3		2	13	17	119
26/07/1994	14	6		2	23	26	126
29/07/1994	13	5	131	4	12	17	123
30/07/1994	01	3	51	8	30	42	25
31/07/1994	01	3	68	7	24	34	29
03/08/1994	03	3	5	5	11	15	12
03/08/1994	05	3	5	3	11	15	10
03/08/1994	06	3	5		8	12	14
03/08/1994	07	3	48	2	10	14	11
04/08/1994	01	3	51	5	11	18	18
18/08/1994	01	3	63	8	16	29	37
18/08/1994	03	3	101	23	15	49	37
18/08/1994	05	3	48	34	10	62	35
18/08/1994	08	3	47	45	14	82	37
18/08/1994	10	49	74	30	17	63	84
18/08/1994	13	20	8	30	12	58	117
18/08/1994	15	5	141	29	7	52	123
18/08/1994	17	4	78	32	8	58	118
18/08/1994	22	3	72	29	19	63	75
19/08/1994	00	3	46	29	26	71	26
19/08/1994	03	3	77	29	10	54	51
19/08/1994	04	3	89	27	9	50	57
19/08/1994	09	3	44	17	16	42	47
19/08/1994	11	3	56	15	27	51	80
19/08/1994	14	3	103	11	19	35	88
19/08/1994	16	6	320	2	18	20	86
19/08/1994	18	5	107	2	16	18	83
19/08/1994	19	4	77	2	14	16	76
19/08/1994	21	3	99	2	6	8	75
19/08/1994	23	3	116	2	12	14	48
20/08/1994	02	3	50	2	25	27	5
20/08/1994	03	3	118	2	17	19	9
20/08/1994	05	3	60	2	11	12	12
20/08/1994	08	3	51	2	9	11	27
20/08/1994	10	3	74	2	9	11	47
20/08/1994	12	6	57	2	5	7	84
20/08/1994	13	8	44	2	12	14	89
20/08/1994	15	9	123	2	8	9	97
20/08/1994	17	8	77	2	5	7	97
20/08/1994	18	15	72	2	4	6	99
20/08/1994	20	7	54	2	4	6	69
20/08/1994	22	3	23	2	4	6	72
21/08/1994	03	3	144	2	4	6	64
21/08/1994	04	3	52	2	4	6	60
21/08/1994	06	3	39	2	4	6	56
21/08/1994	07	3	29	2	4	6	58
21/08/1994	10	3	22	2	6	7	54
21/08/1994	11	15	5	3	25	30	57
21/08/1994	14	39	12	2	11	13	100
21/08/1994	16	8	96	2	10	12	104
21/08/1994	21	6	5	2	9	11	79
22/08/1994	02	3	48	2	20	22	22
22/08/1994	03	3	89	3	20	24	14
22/08/1994	05	3	44	5	14	22	23
22/08/1994	10	3	35	7	13	23	44
22/08/1994	15	33	237	2	34	36	86
22/08/1994	17	10	118	2	6	8	86
22/08/1994	20	34	99	2	34	36	71
22/08/1994	22	18	111	2	30	32	53
23/08/1994	00	15	75	2	30	32	23
23/08/1994	01	5	75	2	27	29	13
23/08/1994	02	5	78	2	26	28	6
23/08/1994	09	3	34	4	12	18	42
23/08/1994	10	10	37	11	28	45	47
23/08/1994	11	13	116	12	48	66	52
23/08/1994	12	21	63	10	58	73	67
23/08/1994	13	133	137	7	61	72	89
23/08/1994	14	194	117	4	47	53	105
23/08/1994	15	100					134
23/08/1994	16	37	148	2	20	23	157
23/08/1994	17	25	114	2	15	19	165
23/08/1994	18	14	96	2	14	18	142
23/08/1994	19	12	91	2	9	11	142
23/08/1994	20	9	73	2	11	12	143
23/08/1994	21	9	71	2	9	11	118
23/08/1994	22	10	95	2	27	29	41
23/08/1994	23	9	110	2	31	33	18
24/08/1994	00	9	90	2	15	17	39
24/08/1994	01	8	67	2	15	17	27
24/08/1994	02	7	54	2	17	19	21
24/08/1994	03	5	113	2	16	19	26
24/08/1994	04	4	77	3	13	18	26
24/08/1994	05	4	69	4	11	17	22
24/08/1994	06	4	58	5	18	25	19
24/08/1994	07	6	71	4	15	20	28
24/08/1994	08	14	80	4	15	20	25
24/08/1994	09	23	60	4	15	21	35
24/08/1994	10	40	58	4	9	13	54
24/08/1994	11	46	70	3	9	14	83
24/08/1994	12	46	59	4	16	22	87
24/08/1994	13	49	35	4	20	26	92
24/08/1994	14	38	86	3	21	25	96
24/08/1994	15	12	198	2	17	19	84
29/08/1994	15		137				52
29/08/1994	16	4	207	15	13	36	65
29/08/1994	17	6	63	23	16	51	62
29/08/1994	18	19	32	23	26	61	55
29/08/1994	19	5	35	18	18	45	58
29/08/1994	20	3	6	13	19	39	54
29/08/1994	21	3	45	12	22	40	47
29/08/1994	22	5	59	12	16	34	45
29/08/1994	23	3	55	12	10	29	47
30/08/1994	00	3	47	14	15	36	25
30/08/1994	01	3	96	15	12	36	19
30/08/1994	02	3	54	16	7	32	20
30/08/1994	03	3	38	16	7	32	15
30/08/1994	04	3	50	17	7	33	9
30/08/1994	05	3	28	16	6	32	11
30/08/1994	06	3	26	15	6	29	16
30/08/1994	07	3	35	16	8	33	17
30/08/1994	08	3	45	15	8	31	18
30/08/1994	09	3	34	14	8	29	28
30/08/1994	10	3	46	14	9	30	39
30/08/1994	11	3	65	14	5	26	55
30/08/1994	12	3	55	14	10	31	67
30/08/1994	13	3	42	12	9	28	78
30/08/1994	14	3	67	11	13	30	88
30/08/1994	15	7	102	11	17	34	92
30/08/1994	16	3	101	11	13	29	76
30/08/1994	17	3	111	10	10	25	81
30/08/1994	18	3	84	10	15	30	76
30/08/1994	19	3	101	10	11	26	73
30/08/1994	20	3	83	10	17	32	69
30/08/1994	21	3	75	9	20	34	57
30/08/1994	22	3	127	9	18	32	53
30/08/1994	23	3	87	10	7	20	68
31/08/1994	00	3	38	10	4	18	71
31/08/1994	01	3	104	12	4	20	69
31/08/1994	02	3	38	12	4	21	67
31/08/1994	03	3	40	13	4	22	57
31/08/1994	04	3	31	13	4	22	56
31/08/1994	05	3	34	14	4	23	54
31/08/1994	06	3	22	14	4	24	51
31/08/1994	07	3	34	14	4	24	46
31/08/1994	08	3	38	14	6	26	42
31/08/1994	09	3	38	14	6	27	41
31/08/1994	10	3	33	14	4	23	50
31/08/1994	11	3	8	13	4	22	74
31/08/1994	12	3	8	14	13	34	87
31/08/1994	13	26	102	17	27	53	92
31/08/1994	14	3	125	15	18	40	108
31/08/1994	15	12	111				111
31/08/1994	16	11	106	3	33	37	100
31/08/1994	17	12	159	3	36	41	103
31/08/1994	18	13	145	2	41	45	107
31/08/1994	19	11	139	2	32	35	122
31/08/1994	20	24	88	2	25	27	115
31/08/1994	21	19	54	2	15	17	100
31/08/1994	22	8	68	2	29	31	62
31/08/1994	23	7	77	2	14	16	56
01/09/1994	00	5	61	2	13	15	48
01/09/1994	01	4	84	2	16	18	39
01/09/1994	02	3	67	2	18	20	41
01/09/1994	03	3	61	2	11	13	52
01/09/1994	04	3	60	2	10	12	48
01/09/1994	05	4	32	2	9	10	49
01/09/1994	06	3	37	2	10	11	38
01/09/1994	07	5	42	2	11	13	40
01/09/1994	08	3	44	2	13	15	29
01/09/1994	09	7	65	2	14	16	41
01/09/1994	10	15	25	2	9	11	57
01/09/1994	11	31	25	2	9	11	75
01/09/1994	12	55	22	2	12	14	96
01/09/1994	13	43	70	2	14	16	108
01/09/1994	14	53	69	2	27	29	107
01/09/1994	15	10	139	2	14	16	95
01/09/1994	16	8	108	2	12	14	95
01/09/1994	17	8	73	2	8	10	102
01/09/1994	18	9	74	2	17	19	97
01/09/1994	19	7	85	2	14	16	91
01/09/1994	20	7	74	2	15	17	84
01/09/1994	21	6	92	2	26	27	65
01/09/1994	22	8	108	2	43	45	47
01/09/1994	23	7	139	2	25	27	45
02/09/1994	00	4	107	2	22	24	23
02/09/1994	01	3	139	2	21	23	16
02/09/1994	02	3	75	2	20	22	11
02/09/1994	03	4	70	2	10	12	51
02/09/1994	04	4	32	2	8	10	60
02/09/1994	05	3	23	2	12	13	41
02/09/1994	06	3	28	2	14	16	26
02/09/1994	07	3	28	2	22	24	20
02/09/1994	08	11	25	2	7	9	54
02/09/1994	09	11	37	2	7	8	56
02/09/1994	10	10	24	2	6	8	61
02/09/1994	11	18	22	2	4	6	74
02/09/1994	12	25	18	2	4	6	85
02/09/1994	13	16	27	2	9	11	90
02/09/1994	14	30	65	3	34	38	84
02/09/1994	15		236	2	34	36	88
02/09/1994	16	17	508	2	10	12	98
02/09/1994	17	19	178	2	12	13	101
02/09/1994	18	37	162	2	15	16	100
02/09/1994	19	35	158	2	24	26	92
02/09/1994	20	24	118	2	17	19	87
02/09/1994	21	22	146	2	16	18	79
02/09/1994	22	15	152	2	11	13	64
02/09/1994	23	9	67	2	9	11	38
03/09/1994	00	7	17	2	4	6	47
04/09/1994	01	6	99	2	4	6	63
04/09/1994	02	4	110	2	4	6	37
04/09/1994	03	4	79	2	4	6	46
04/09/1994	04	6	66	2	4	6	62
04/09/1994	05	9	59	2	4	6	67
04/09/1994	06	9	57	2	4	6	58
04/09/1994	07	13	48	2	4	6	53
04/09/1994	08	10	46	2	4	6	46
04/09/1994	09	9	25	2	4	6	47
04/09/1994	10	11	49	2	4	6	56
04/09/1994	11	11	5	2	4	6	68
04/09/1994	12	8	6	2	4	6	83
04/09/1994	13	18	64	2	10	12	78
04/09/1994	14	20	131	2	19	22	78
04/09/1994	15	25	104	2	21	23	76
04/09/1994	16	55	83	3	23	27	87
04/09/1994	17	62	52	4	32	38	86
04/09/1994	18	16	68	2	19	23	102
04/09/1994	19	13	62	2	16	20	102
04/09/1994	20	14	60	3	30	35	95
04/09/1994	21	13	59	2	24	27	91
04/09/1994	22	8	53	2	15	18	74
04/09/1994	23	7	33	2	22	25	28
05/09/1994	00	5	45	2	13	16	45
05/09/1994	01	4	106	4	8	13	52
05/09/1994	02	4	82	4	8	13	46
05/09/1994	03	3	26	5	8	14	45
05/09/1994	04	3	31	4	8	13	44
05/09/1994	05	9	37	4	7	12	41
05/09/1994	06	13	11	3	5	10	44
05/09/1994	07	10	11	2	5	9	49
05/09/1994	08	9	5	2	5	8	51
05/09/1994	09	9	9	2	6	9	51
05/09/1994	10	11	41	2	6	10	54
05/09/1994	11	16	5	3	5	9	68
05/09/1994	12	18	7	4	10	16	79
05/09/1994	13	19	91	3	22	27	88
05/09/1994	14	14	109	2	22	26	97
05/09/1994	15	15	132	4	30	36	103
05/09/1994	16	15	162	2	26	30	113
05/09/1994	17	14	155	3	29	33	101
05/09/1994	18	13	211	3	32	36	99
05/09/1994	19	11	139	2	26	30	96
05/09/1994	20	13	123	2	35	38	90
05/09/1994	21	12	100	2	20	22	95
05/09/1994	22	12	46	2	18	20	75
05/09/1994	23	8	69	2	27	29	34
06/09/1994	00	5	68	2	13	16	43
06/09/1994	01	3	91	3	10	14	47
06/09/1994	02	3	79	4	9	14	49
06/09/1994	03	3	45	4	7	12	53
06/09/1994	04	3	32	4	6	11	60
06/09/1994	05	3	36	2	6	10	61
06/09/1994	06	3	23	2	6	10	58
06/09/1994	07	3	19	2	7	9	54
06/09/1994	08	3	23	2	9	11	42
06/09/1994	09	4	26	3	19	22	38
06/09/1994	10	5	54	2	7	9	65
06/09/1994	11	5	45	2	6	10	91
06/09/1994	12	10	10	5	27	34	92
06/09/1994	13	12	160	5	35	43	95
06/09/1994	14	14	162	4	43	48	111
06/09/1994	15	14	245	2	48	52	108
06/09/1994	16	17	372	5	36	44	104
06/09/1994	17	17	404	6	48	57	93
06/09/1994	18	15	331	6	46	56	83
06/09/1994	19	15	223	7	51	61	75
06/09/1994	20	19	211	8	60	73	51
06/09/1994	21	20	190	6	51	59	50
06/09/1994	22	8	156	3	14	19	60
06/09/1994	23	7	63	3	22	26	33
07/09/1994	00	6	60	4	19	24	27
07/09/1994	01	5	102	5	12	20	24
07/09/1994	02	4	60	6	8	18	23
07/09/1994	03	4	30	6	7	16	22
07/09/1994	04	4	28	6	6	15	24
07/09/1994	05	4	26	6	4	12	25
07/09/1994	06	4	28	4	5	11	28
07/09/1994	07	5	23	3	7	11	28
07/09/1994	08	5	16	2	10	13	23
07/09/1994	09	7	32	2	17	21	25
07/09/1994	10	10	52	3	11	15	54
07/09/1994	11	16	60	5	10	17	72
07/09/1994	12	16	25	7	19	30	76
07/09/1994	13	19	113	7	28	39	82
07/09/1994	14	15	121	4	29	35	105
07/09/1994	15	17	135	4	36	43	111
07/09/1994	16	14	219	4	30	35	104
07/09/1994	17	14	181	5	29	36	104
07/09/1994	18	11	186	4	22	28	92
07/09/1994	19	11	131	3	16	21	103
07/09/1994	20	10	89	3	13	17	98
07/09/1994	21	9	51	2	18	22	77
07/09/1994	22	7	47	2	21	25	28
07/09/1994	23	6	70	2	32	36	13
08/09/1994	00	5	47	2	16	20	27
08/09/1994	01	4	66	4	11	16	35
08/09/1994	02	4	45	4	8	14	35
08/09/1994	03	4	47	6	8	16	39
08/09/1994	04	4	40	6	5	14	41
08/09/1994	05	4	19	6	7	15	24
08/09/1994	06	3	28	6	12	20	17
08/09/1994	07	4	37	7	24	33	21
08/09/1994	08	4	48	6	15	25	20
08/09/1994	09	5	29	5	14	22	39
08/09/1994	10	9	29	6	12	21	55
08/09/1994	11	8	20	5	10	18	60
08/09/1994	12	5	20	4	4	9	79
08/09/1994	13	5	86	3	4	7	88
08/09/1994	14	4	28	3	4	7	91
08/09/1994	15	4	34	3	4	8	94
08/09/1994	16	23	59	4	16	22	118
08/09/1994	17	23	137	5	18	25	111
08/09/1994	18	19	151	3	18	21	118
08/09/1994	19	16	108	2	14	16	119
08/09/1994	20	20	112	2	17	19	113
08/09/1994	21	30	113	2	25	27	91
08/09/1994	22	19	122	2	30	32	53
08/09/1994	23	12	153	2	17	19	56
09/09/1994	00	19	48	2	12	14	65
09/09/1994	01	23	90	2	11	15	62
09/09/1994	02	22	70	4	10	16	57
09/09/1994	03	13	52	4	10	16	49
09/09/1994	04	10	38	4	10	15	44
09/09/1994	05	12	41	4	8	13	50
09/09/1994	06	11	46	4	9	15	50
09/09/1994	07	9	35	5	11	18	39
09/09/1994	08	8	43	4	9	14	49
09/09/1994	09	8	25	3	8	11	54
09/09/1994	10	8	36	3	6	10	61
09/09/1994	11	12	30	4	13	18	75
09/09/1994	12	13	29	5	21	29	80
09/09/1994	13	16	107	4	18	24	91
09/09/1994	14	22	97	4	25	30	95
09/09/1994	15	88	148	3	27	32	97
09/09/1994	16	44	127	3	21	26	94
09/09/1994	17	18	101	3	26	31	87
09/09/1994	18	15	138	3	24	30	85
09/09/1994	19	34	118	2	20	24	90
09/09/1994	20	14	87	2	20	23	82
09/09/1994	21	9	83	2	10	12	80
09/09/1994	22	8	37	2	14	17	47
09/09/1994	23	6	61	2	18	21	32
10/09/1994	00	5	61	2	9	11	43
10/09/1994	01	4	77	4	6	11	50
10/09/1994	02	4	52	4	5	11	53
10/09/1994	03	3	39	5	4	11	53
10/09/1994	04	4	30	4	5	11	58
10/09/1994	05	4	34	5	4	11	63
10/09/1994	06	4	43	5	4	11	63
10/09/1994	07	4	38	5	4	11	60
10/09/1994	08	4	35	4	5	10	61
10/09/1994	09	5	18	4	5	11	62
10/09/1994	10	5	26	4	4	10	62
10/09/1994	11	5	5	4	4	9	65
10/09/1994	12	8	7	5	13	20	73
10/09/1994	13	16	94	5	22	30	79
10/09/1994	14	40	97	4	25	31	83
10/09/1994	15	30	158	4	20	26	77
10/09/1994	16	29	162	5	25	33	86
10/09/1994	17	30	144	4	20	25	96
10/09/1994	18	22	89	4	23	29	103
10/09/1994	19	15	90	3	17	21	121
10/09/1994	20	10	61	4	12	17	122
10/09/1994	21	9	67	4	14	20	103
10/09/1994	22	5	57	4	13	18	52
10/09/1994	23	4	37	3	17	22	42
11/09/1994	00	4	49	4	8	13	64
11/09/1994	01	4	131	4	5	11	70
11/09/1994	02	3	55	5	7	14	45
11/09/1994	03	4	36	5	8	14	54
11/09/1994	04	4	31	4	5	11	68
11/09/1994	05	6	39	4	6	11	63
11/09/1994	06	7	56	4	5	10	69
11/09/1994	07	7	21	4	4	10	71
11/09/1994	08	7	51	4	5	10	67
11/09/1994	09	6	40	5	5	12	63
11/09/1994	10	11	47	5	5	13	73
11/09/1994	11	32	35	7	20	31	85
11/09/1994	12	42	44	9	33	47	81
11/09/1994	13	44	148	6	27	36	95
11/09/1994	14	19	74	4	17	24	105
11/09/1994	15	12	87	4	22	28	105
11/09/1994	16	11	82	3	20	24	99
11/09/1994	17	12	83	3	19	24	102
11/09/1994	18	9	73	3	13	17	98
11/09/1994	19	9	65	3	18	22	96
11/09/1994	20	10	82	2	24	28	111
11/09/1994	21	7	84	2	8	11	111
11/09/1994	22	4	56	2	13	17	49
11/09/1994	23	3	68	2	21	25	24
12/09/1994	00	3	63	2	14	18	27
12/09/1994	01	3	93	4	10	16	22
12/09/1994	02	3	79	5	8	15	30
12/09/1994	03	3	56	5	8	15	32
12/09/1994	04	3	52	6	5	13	34
12/09/1994	05	3	27	5	6	13	38
12/09/1994	06	3	31	5	6	12	38
12/09/1994	07	3	36	4	6	11	29
12/09/1994	08	4	16	4	9	14	11
12/09/1994	09	4	37	4	16	22	18
12/09/1994	10	10	297	2	5	7	54
12/09/1994	11	17	57	10	43	57	44
12/09/1994	12	21	155	2	32	34	64
12/09/1994	13	20	177	2	29	31	87
12/09/1994	14	20	138	2	31	33	108
12/09/1994	15	18	205	2	21	23	131
12/09/1994	16	22	198	2	25	27	161
12/09/1994	17	18	164	2	19	21	122
12/09/1994	18	17	156	2	11	13	121
12/09/1994	19	20	129	2	11	13	108
12/09/1994	20	29	88	2	8	10	102
12/09/1994	21	14	77	2	7	9	73
12/09/1994	22	9	124	2	9	11	22
12/09/1994	23	9	107	2	7	9	24
13/09/1994	00	9	105	2	4	6	30
13/09/1994	01	8	95	2	4	6	35
13/09/1994	02	9	59	2	4	6	42
13/09/1994	03	7	87	2	5	7	27
13/09/1994	04	6	61	2	11	13	21
13/09/1994	05	7	49	2	5	7	33
13/09/1994	06	6	59	2	4	6	33
13/09/1994	07	6	54	2	4	6	29
13/09/1994	08	7	22	2	5	7	28
13/09/1994	09	8	28	2	8	10	21
13/09/1994	10	10	36	2	5	7	42
13/09/1994	11	18	43	2	6	8	66
13/09/1994	12	21	31	2	7	8	82
13/09/1994	13	22	87	2	24	26	80
13/09/1994	14	33	134	2	22	23	85
13/09/1994	15	16	124	2	14	15	88
13/09/1994	16	16	118	2	10	12	91
13/09/1994	17	15	88	2	12	14	97
13/09/1994	18	15	119	2	10	12	95
13/09/1994	19	17	120	2	29	31	72
13/09/1994	20	14	168	2	17	19	68
13/09/1994	21	10	103	2	4	6	62
13/09/1994	22	7	59	2	10	12	33
13/09/1994	23	9	92	2	6	8	33
14/09/1994	00	9	62	2	4	6	47
14/09/1994	01	9	75	2	4	6	65
14/09/1994	02	8	51	2	4	6	81
14/09/1994	03	9	65	2	4	6	78
14/09/1994	04	9	100	2	4	6	75
14/09/1994	05	7	28	2	4	6	73
14/09/1994	06	7	26	2	4	6	76
14/09/1994	07	8	19	2	4	6	78
14/09/1994	08	9	25	2	4	6	74
14/09/1994	09	9	12	2	4	6	70
14/09/1994	10	3	50	2	5	9	71
14/09/1994	11	4	140	4	5	10	73
14/09/1994	12	3	66	5	4	10	76
14/09/1994	13	4	59	3	4	9	78
14/09/1994	14	4	43	3	4	8	80
14/09/1994	15	4	51	4	4	10	85
14/09/1994	16	3	61	4	5	10	89
14/09/1994	17	3	54	4	4	10	91
14/09/1994	18	4	70	4	4	10	91
14/09/1994	19	3		5	5	11	93
14/09/1994	20	3		5	5	12	92
14/09/1994	21	3		6	5	13	92
14/09/1994	22	3		5	4	11	88
14/09/1994	23	4		5	7	15	84
15/09/1994	00	4		5	5	12	86
15/09/1994	01	3		5	5	11	84
15/09/1994	02	4		5	6	12	81
15/09/1994	03	4		2	4	8	82
15/09/1994	04	4		3	6	10	77
15/09/1994	05	4		2	5	8	69
15/09/1994	06	5		2	5	7	68
15/09/1994	07	4		2	4	6	72
15/09/1994	08	4		3	4	8	73
15/09/1994	09	4		7	4	15	73
15/09/1994	10	5		10	4	20	73
15/09/1994	11	7		9	4	17	73
15/09/1994	12	5		9	4	17	77
15/09/1994	13	4		8	4	16	77
15/09/1994	14	4		7	4	15	77
15/09/1994	15	3		7	4	14	79
15/09/1994	16	3		7	5	15	80
15/09/1994	17	5		7	9	20	88
15/09/1994	18	10		10	26	41	82
15/09/1994	19	13		13	51	70	73
15/09/1994	20	7		8	25	37	93
15/09/1994	21	6		7	22	33	79
15/09/1994	22	4		7	20	32	59
15/09/1994	23	4		7	23	34	50
16/09/1994	00	4		4	14	21	56
16/09/1994	01	5		4	11	16	60
16/09/1994	02	4		3	9	13	62
16/09/1994	03	3		3	8	11	68
16/09/1994	04	4		2	7	10	67
16/09/1994	05	4		3	8	12	57
16/09/1994	06	4		5	8	15	49
16/09/1994	07	3		6	11	20	46
16/09/1994	08	4		6	14	24	44
16/09/1994	09	6		6	19	28	50
16/09/1994	10	6		2	11	13	65
16/09/1994	11	28		19	61	91	43
16/09/1994	12	8		6	26	34	65
16/09/1994	13	3		2	4	6	78
16/09/1994	14	3		2	4	6	79
16/09/1994	15	3		2	4	6	79
16/09/1994	16	3		2	4	6	79
16/09/1994	17	9		2	11	13	76
16/09/1994	18	23		7	44	55	59
16/09/1994	19	27		5	37	44	49
16/09/1994	20	14		2	10	11	67
16/09/1994	21	5		2	4	6	74
16/09/1994	22	9		2	4	6	70
16/09/1994	23	15		2	4	6	72
17/09/1994	00	28		2	4	6	74
17/09/1994	01	30		2	4	6	81
17/09/1994	02	44		2	4	6	81
17/09/1994	03	37		2	4	6	79
17/09/1994	04	42		2	4	6	75
17/09/1994	05	55		2	4	6	73
17/09/1994	06	40		2	4	6	74
17/09/1994	07	39		2	4	6	75
17/09/1994	08	25		2	4	6	76
17/09/1994	09	15		2	4	6	77
17/09/1994	10	10		2	4	6	79
17/09/1994	11	8		2	4	6	80
17/09/1994	12	9		2	4	6	87
17/09/1994	13	11		2	4	6	87
17/09/1994	14	9		2	4	6	93
17/09/1994	15	11		2	10	13	86
17/09/1994	16	11		2	11	13	84
17/09/1994	17	10		2	9	11	86
17/09/1994	18	37		2	12	14	88
17/09/1994	19	50		2	17	20	89
17/09/1994	20	38		2	20	22	86
17/09/1994	21	29		2	30	32	68
17/09/1994	22	9		2	19	21	34
17/09/1994	23	5		2	15	17	27
18/09/1994	00	9		2	4	6	54
18/09/1994	01	18		2	4	6	63
18/09/1994	02	24		2	4	6	69
18/09/1994	03	13		2	4	6	76
18/09/1994	04	6		2	4	6	74
18/09/1994	05	8		2	4	6	82
18/09/1994	06	11		2	4	6	80
18/09/1994	07	12		2	4	6	76
18/09/1994	08	9		5	4	12	71
18/09/1994	09	7		10	4	18	75
18/09/1994	10	12		2	4	6	76
18/09/1994	11	13		2	4	6	80
18/09/1994	12	10		2	4	6	86
18/09/1994	13	12		2	6	7	80
18/09/1994	14	9		2	6	8	87
18/09/1994	15	11		2	9	11	80
18/09/1994	16	9		2	6	8	83
18/09/1994	17	11		2	15	17	76
18/09/1994	18	10		2	9	11	80
18/09/1994	19	12		2	17	19	75
18/09/1994	20	15		2	24	25	67
18/09/1994	21	19		2	5	7	73
18/09/1994	22	7		2	5	7	28
18/09/1994	23	6		2	4	6	34
19/09/1994	00	7		2	4	6	51
19/09/1994	01	4		2	4	6	50
19/09/1994	02	4		2	4	6	55
19/09/1994	03	4		2	4	6	50
19/09/1994	04	4		2	4	6	41
19/09/1994	05	5		5	6	13	49
19/09/1994	06	9		8	6	17	60
19/09/1994	07	9		11	4	21	63
19/09/1994	08	7		7	5	15	61
19/09/1994	09	7		6	6	14	61
19/09/1994	10	7		3	4	8	66
19/09/1994	11	10		2	4	6	79
19/09/1994	12	13		2	4	6	78
19/09/1994	13	16		2	10	12	80
19/09/1994	14	20		2	18	20	76
19/09/1994	15	22		2	7	9	88
19/09/1994	16	23		2	4	6	99
19/09/1994	17	24		2	6	8	102
19/09/1994	18	24		2	20	22	99
19/09/1994	19	26		2	32	34	91
19/09/1994	20	18		2	15	17	87
19/09/1994	21	11		2	4	6	84
19/09/1994	22	7		2	4	6	50
19/09/1994	23	7		2	4	6	49
20/09/1994	00	6		2	4	6	50
20/09/1994	01	5		2	4	6	45
20/09/1994	02	4		2	4	6	44
20/09/1994	03	4		2	4	6	55
20/09/1994	04	4		2	4	6	65
20/09/1994	05	4		2	4	6	63
20/09/1994	06	6		2	4	6	64
20/09/1994	07	9		2	4	6	63
20/09/1994	08	9		2	4	6	64
20/09/1994	09	9		2	4	6	64
20/09/1994	10	9		2	5	7	65
20/09/1994	11	7		2	4	6	76
20/09/1994	12	25		2	18	21	86
20/09/1994	13	45		9	56	67	77
20/09/1994	14	30		9	54	68	92
20/09/1994	15	19		6	41	50	140
20/09/1994	16	14	128	5	26	34	136
20/09/1994	17	17	106	6	44	53	118
20/09/1994	18	16	216	5	28	36	128
20/09/1994	19	21	91	5	35	43	118
20/09/1994	20	21	131	5	32	40	109
20/09/1994	21	16	91	5	37	45	82
20/09/1994	22	15	146	5	30	37	73
20/09/1994	23	8	91	5	33	41	35
21/09/1994	00	7	105	5	31	39	34
22/09/1994	01	11	32	15	52	75	2
22/09/1994	02	24	15	10	44	58	3
22/09/1994	03	19	5	5	28	36	8
22/09/1994	04	12	5	5	14	22	14
22/09/1994	05	6	39	5	4	11	23
22/09/1994	06	4	16	5	4	11	22
22/09/1994	07	3	5	6	7	16	22
22/09/1994	08	3	5	11	6	24	29
22/09/1994	09	4	5	17	11	37	26
22/09/1994	10	4	5	5	11	19	34
22/09/1994	11	5	23	5	6	12	37
22/09/1994	12	7	30	5	4	10	38
22/09/1994	13	7	32	5	5	11	36
22/09/1994	14	16	91	5	14	22	27
22/09/1994	15	22	144	5	23	30	29
22/09/1994	16	22	128	5	8	16	35
22/09/1994	17	15	50	5	9	17	29
22/09/1994	18	11	43	5	14	21	28
22/09/1994	19	9	40	5	5	11	46
22/09/1994	20	7	15	5	4	10	50
22/09/1994	21	5	18	5	4	10	38
22/09/1994	22	6	5	5	4	10	42
22/09/1994	23	4	5	5	4	10	44
23/09/1994	00	4	8	5	4	10	45
23/09/1994	01	4	5	5	4	10	43
23/09/1994	02	4	5	5	4	10	46
23/09/1994	03	4	11	5	4	10	44
23/09/1994	04	4	24	5	4	10	47
23/09/1994	05	3	31	5	4	10	39
23/09/1994	06	4	32	5	4	10	45
23/09/1994	07	4	47	5	4	10	43
23/09/1994	08	4	24	5	4	10	42
23/09/1994	09	4	23	5	4	10	35
23/09/1994	10	4	30	5	4	10	37
23/09/1994	11	5	27	5	13	20	20
23/09/1994	12	8	92	5	13	20	25
23/09/1994	13	14	98	5	16	23	50
23/09/1994	14	6	100	5	4	10	72
23/09/1994	15	6	42	5	4	10	79
23/09/1994	16	5	30	5	4	10	80
23/09/1994	17	6	24	5	7	13	74
23/09/1994	18	4	83	5	10	17	55
23/09/1994	19	3	13	5	6	12	62
23/09/1994	20	3	5	5	5	11	51
23/09/1994	21	4	24	5	4	10	33
23/09/1994	22	4	76	5	4	10	63
23/09/1994	23	4	5	5	4	10	63
24/09/1994	00	3	5	5	4	10	41
24/09/1994	01	3	5	5	5	11	21
24/09/1994	02	3	5	8	12	25	15
24/09/1994	03	3	7	21	24	56	11
24/09/1994	04	3	29	27	41	82	6
24/09/1994	05	3	33	17	16	43	21
24/09/1994	06	3	15	8	8	20	27
24/09/1994	07	3	179	5	4	10	29
24/09/1994	08	3	22	5	4	10	27
24/09/1994	09	3	9	5	4	10	31
24/09/1994	10	4	34	5	9	16	45
24/09/1994	12		239				62
24/09/1994	13		251	4	4	9	75
24/09/1994	14	11	200	5	4	10	85
24/09/1994	15	12	58	6	10	18	84
24/09/1994	16	13	76	6	17	25	83
24/09/1994	17	12	84	5	6	13	88
24/09/1994	18	15	55	5	18	26	85
24/09/1994	19	16	78	5	19	27	85
24/09/1994	20	12	43	5	10	17	89
24/09/1994	21	9	53				76
24/09/1994	22	7	63				34
24/09/1994	23	7	26				38
25/09/1994	00	6	5				41
25/09/1994	01	5	5				39
25/09/1994	02	6	5				49
25/09/1994	03	6	23				46
25/09/1994	04	6	25				50
25/09/1994	05	6	36				47
25/09/1994	06	6	17				51
25/09/1994	07	6	16				47
25/09/1994	08	5	15				46
25/09/1994	09	6	5				48
25/09/1994	10	6	21				53
25/09/1994	11	7	72				56
25/09/1994	12	7	59				65
25/09/1994	13	8	84				91
25/09/1994	14	12	161				92
25/09/1994	15	9	64				92
25/09/1994	16	9	56				102
25/09/1994	17	10	52				107
25/09/1994	18	10	53				114
25/09/1994	19	11	69				92
25/09/1994	20	12	77				76
25/09/1994	21	6	51				58
25/09/1994	22	5	22				37
25/09/1994	23	7	8				43
26/09/1994	00	7	5				40
26/09/1994	01	5	5				41
26/09/1994	02	5	5				46
26/09/1994	03	6	8				51
26/09/1994	04	6	25				60
26/09/1994	05	6	24				63
26/09/1994	06	6	40				64
26/09/1994	07	6	10				65
26/09/1994	08	7	23				67
26/09/1994	09	8	32				74
26/09/1994	10	9	36				72
26/09/1994	11	9	110				76
26/09/1994	12	11	165				94
26/09/1994	13	16	60				108
26/09/1994	14	18	79	12	40	58	89
26/09/1994	15	14	143	10	32	48	98
26/09/1994	16	13	122	9	30	43	107
26/09/1994	17	14	120	10	36	52	110
26/09/1994	18	16	158	11	42	59	100
26/09/1994	19	14	147	10	40	55	96
26/09/1994	20	8	183	8	18	30	105
26/09/1994	21	6	56	9	24	37	65
26/09/1994	22	4	59	9	30	44	24
26/09/1994	23	4	31	6	21	30	40
27/09/1994	00	5	31	5	14	22	45
27/09/1994	01	5	22	5	8	15	45
27/09/1994	02	4	5	5	4	11	36
27/09/1994	03	4	5	5	4	10	42
27/09/1994	04	5	5	5	4	10	53
27/09/1994	05	6	24	5	4	10	63
27/09/1994	06	7	33	5	4	10	69
27/09/1994	07	6	38	5	4	10	58
27/09/1994	08	4	57	5	4	10	49
27/09/1994	09	6	13	5	4	10	53
27/09/1994	10	8	29	5	4	10	57
27/09/1994	11	11	93	5	4	10	67
27/09/1994	12	16	155	5	5	12	85
27/09/1994	13	18	131	6	20	30	88
27/09/1994	14	18	110	8	25	37	97
27/09/1994	15	12	81	8	20	32	103
27/09/1994	16	9	71	8	18	30	101
27/09/1994	17	47	62	12	41	59	79
27/09/1994	18	79	158	9	30	44	94
27/09/1994	19	55	88	8	29	42	93
27/09/1994	20	11	83	7	16	28	103
27/09/1994	21	9	73	8	16	29	75
27/09/1994	22	49	66	9	20	33	53
27/09/1994	23	37	45	8	7	19	82
28/09/1994	00	16	13	8	5	17	79
28/09/1994	01	7	5	7	4	15	65
28/09/1994	02	5	5	6	4	14	54
28/09/1994	03	5	5	5	4	10	60
28/09/1994	04	4	5	5	4	10	57
28/09/1994	05	4	8	5	4	10	59
28/09/1994	06	4	22	5	4	10	48
28/09/1994	07	3	5	5	4	10	43
28/09/1994	08	3	5	5	4	10	38
28/09/1994	09	3	5	5	4	10	33
28/09/1994	10	5	13	5	4	10	36
28/09/1994	11	14	66	5	4	10	43
28/09/1994	12	36	151				55
28/09/1994	13	12	95	6	10	19	78
28/09/1994	14	9	49	7	8	19	80
28/09/1994	15	8	31	7	11	22	82
28/09/1994	16	7	32	7	11	22	79
28/09/1994	17	7	30	7	10	21	83
28/09/1994	18	5	24	7	8	18	90
28/09/1994	19	5	32	7	7	17	92
28/09/1994	20	6	36	7	10	21	89
28/09/1994	21	7	31	6	18	28	86
28/09/1994	22	6	17	5	24	32	74
28/09/1994	23	5	22	5	8	15	79
29/09/1994	00	4	25	5	4	10	86
29/09/1994	01	5	5	5	10	17	73
29/09/1994	02	5	22	5	10	18	80
29/09/1994	03	5	13	5	6	13	89
29/09/1994	04	4	9	5	4	10	88
29/09/1994	05	5	10	5	4	10	91
29/09/1994	06	4	22	5	4	10	92
29/09/1994	07	4	8	5	4	10	87
29/09/1994	08	4	8	5	4	10	77
29/09/1994	09	4	5	5	4	10	70
29/09/1994	10	4	5	5	4	10	65
29/09/1994	11	5	17	5	7	14	53
29/09/1994	12	6	44	5	4	10	73
29/09/1994	13	5	64	5	13	21	64
29/09/1994	14	4	56	5	14	21	69
29/09/1994	15	4	39	5	14	22	63
29/09/1994	16	3	32	5	13	22	63
29/09/1994	17	4	28	6	16	25	69
29/09/1994	18	3	43	6	16	26	65
29/09/1994	19	4	30	7	23	34	34
29/09/1994	20	4	18	6	11	21	39
29/09/1994	21	4	5	5	10	17	41
29/09/1994	22	4	5	5	8	15	39
29/09/1994	23	3	5	5	5	12	37
30/09/1994	00	4	8	5	5	11	42
30/09/1994	01	4	8	5	4	10	41
30/09/1994	02	4	9	5	4	10	41
30/09/1994	03	4	22	5	4	10	42
30/09/1994	04	4	12	5	4	10	37
30/09/1994	05	4	13	5	4	10	32
30/09/1994	06	4	8	5	4	10	23
30/09/1994	07	4	12	5	4	10	28
30/09/1994	08	4	22	5	4	10	33
30/09/1994	09	5	15	5	5	11	36
30/09/1994	10	5	11	5	4	10	41
30/09/1994	11	6	23	5	4	10	64
30/09/1994	12	6	39				78
30/09/1994	13	5	36	6	8	17	85
30/09/1994	14	9	39	11	26	42	64
30/09/1994	15	14	79	11	31	48	66
30/09/1994	16	15	70	11	31	47	78
30/09/1994	17	10	92	10	26	41	85
30/09/1994	18	8	74	9	24	36	81
30/09/1994	19	6	80	9	25	39	75
30/09/1994	20	4	53	9	17	30	59
30/09/1994	21	3	24	9	19	32	16
30/09/1994	22	3	13	6	19	29	16
30/09/1994	23	4	9	5	12	20	15
01/10/1994	00	3	9	5	7	14	11
01/10/1994	01	4	5	5	4	11	13
01/10/1994	02	3	5	5	5	11	14
01/10/1994	03	3	19	5	4	10	18
01/10/1994	04	3	37	5	4	10	18
01/10/1994	05	3	25	5	4	10	14
01/10/1994	06	3	5	5	4	10	15
01/10/1994	07	3	25	5	4	10	18
01/10/1994	08	3	6	5	4	10	25
01/10/1994	09	4	32	5	4	10	35
01/10/1994	10	5	66	5	5	11	52
01/10/1994	11	6	164	5	12	21	65
01/10/1994	12	8	107	6	15	25	79
01/10/1994	13	50	93	10	31	47	73
01/10/1994	14	34	88	7	14	26	93
01/10/1994	15	27	40	9	13	27	89
01/10/1994	16	16	44	9	16	29	87
01/10/1994	17	8		5	4	10	92
01/10/1994	18	9	45	5	4	10	81
01/10/1994	19	7	37	5	4	10	55
01/10/1994	20	8	45	5	4	10	69
01/10/1994	21	7	53	5	4	10	43
01/10/1994	22	7	36	5	4	10	32
01/10/1994	23	7	22	5	4	10	22
02/10/1994	00	7	11	5	4	10	31
02/10/1994	01	7	5	5	4	10	35
02/10/1994	02	7	5	5	4	10	28
02/10/1994	03	7	5	5	4	10	32
02/10/1994	04	7	5	5	4	10	38
02/10/1994	05	7	25	5	4	10	37
02/10/1994	06	7	19	5	4	10	32
02/10/1994	07	7	5	5	4	10	26
02/10/1994	08	7	29	5	4	10	32
02/10/1994	09	7	27	5	4	10	36
02/10/1994	10	8	34	5	4	10	46
02/10/1994	11	8	110	5	4	10	68
02/10/1994	12	9	166	5	4	10	85
02/10/1994	13	19	72	5	16	24	69
02/10/1994	14	18	68	5	16	24	75
02/10/1994	15	11	60	5	7	14	83
02/10/1994	16	8	26	5	4	10	94
02/10/1994	17	8	30	5	5	11	88
02/10/1994	18	8	18	5	4	10	82
02/10/1994	19	7	36	5	4	10	64
02/10/1994	20	5	16	5	4	10	28
02/10/1994	21	5	12	5	4	10	32
02/10/1994	22	7	5	5	4	10	29
02/10/1994	23	6	5	5	4	10	25
03/10/1994	00	7	5	5	4	10	29
03/10/1994	01	7	5	5	4	10	30
03/10/1994	02	6	5	5	4	10	26
03/10/1994	03	6	5	5	4	10	29
03/10/1994	04	6	11	5	4	10	27
03/10/1994	05	6	16	5	4	10	24
03/10/1994	06	7	10	5	4	10	29
03/10/1994	07	7	22	5	4	10	31
03/10/1994	08	7	21	5	4	10	35
03/10/1994	09	7	11	5	4	10	37
03/10/1994	10	7	44	5	4	10	45
03/10/1994	11	8	207	5	4	10	62
03/10/1994	12	17	55	5	6	13	67
03/10/1994	13	27	84	5	18	25	63
03/10/1994	14	29	139	5	18	26	71
03/10/1994	15	30	137	5	11	18	81
03/10/1994	16	35	105	5	9	17	88
03/10/1994	17	33	80	6	22	33	85
03/10/1994	18	33	88	6	25	34	82
03/10/1994	19	20	79	6	24	34	64
03/10/1994	20	7	86	6	25	35	18
03/10/1994	21	6	83	6	18	27	24
03/10/1994	22	6	23	5	10	18	23
03/10/1994	23	5	29	5	5	12	31
04/10/1994	00	7	36	5	4	10	39
04/10/1994	01	7	18	5	4	10	40
04/10/1994	02	8	31	5	4	10	40
04/10/1994	03	10	24	5	4	10	42
04/10/1994	04	9	5	5	4	10	39
04/10/1994	05	11	15	5	4	10	39
04/10/1994	06	12	6	5	4	10	39
04/10/1994	07	12	20	5	4	10	39
04/10/1994	08	14	11	5	4	10	38
04/10/1994	09	13	25	5	4	10	38
04/10/1994	10	15	57	5	4	10	39
04/10/1994	11	25	67	7	14	23	40
04/10/1994	12	54	43	17	51	77	35
04/10/1994	13	45	109	16	52	76	49
04/10/1994	14	27	135	10	36	50	63
04/10/1994	15	24	139	7	31	43	85
04/10/1994	16	32	225	7	34	44	89
04/10/1994	17	46	289	7	41	51	84
04/10/1994	18	52	210	6	45	54	89
04/10/1994	19	36	131	5	22	29	95
04/10/1994	20	20	73	5	25	33	75
04/10/1994	21	14	88	5	21	29	49
04/10/1994	22	11	57	5	14	22	48
04/10/1994	23	14	64	5	9	16	50
05/10/1994	00	15	55	5	7	14	52
05/10/1994	01	9	40	5	7	14	32
05/10/1994	02	9	53	5	6	13	31
05/10/1994	03	9	31	5	4	11	32
05/10/1994	04	8	30	5	4	10	28
05/10/1994	05	8	30	5	6	13	21
05/10/1994	06	8	30	5	5	11	22
05/10/1994	07	9	23	5	9	16	20
05/10/1994	08	9	39	5	5	12	23
05/10/1994	09	9	36	5	16	23	16
05/10/1994	10	18	39	5	14	21	37
05/10/1994	11	29	46	6	21	30	36
05/10/1994	12	15	36	5	16	24	45
05/10/1994	13	9	42	5	10	17	50
05/10/1994	14	9	41	5	11	19	47
05/10/1994	15	9	32	5	24	32	34
05/10/1994	16	9	15	6	43	53	18
05/10/1994	17	3	5	7	26	38	25
05/10/1994	18	5	9	6	27	36	24
05/10/1994	19	7	5	5	17	25	26
05/10/1994	20	6	15	5	11	18	26
05/10/1994	21	6	22	5	8	15	22
05/10/1994	22	7	22	5	10	18	21
05/10/1994	23	10	15	5	19	26	22
06/10/1994	00	8	5	5	12	20	21
06/10/1994	01	9	5	5	8	15	28
06/10/1994	02	8	40	5	21	29	16
06/10/1994	03	6	35	5	14	22	16
06/10/1994	04	5	5	5	13	20	26
06/10/1994	05	7	13	5	23	31	19
06/10/1994	06	9	32	5	16	24	25
06/10/1994	07	8	34	6	22	30	14
06/10/1994	08	7	32	5	4	10	21
06/10/1994	09	7	25	5	6	12	20
06/10/1994	10	12	33	5	17	24	21
06/10/1994	11	24	68	8	23	35	32
06/10/1994	12	91	84	6	11	20	51
06/10/1994	13	94	184	6	10	20	62
06/10/1994	14	77	70	10	21	37	59
06/10/1994	15	25	85	10	23	37	75
06/10/1994	16	15	79	10	21	35	83
06/10/1994	17	27	91	11	32	48	77
06/10/1994	18	32	83	10	31	46	77
06/10/1994	19	36	56	9	40	53	61
06/10/1994	20	23	52	7	28	39	51
06/10/1994	21	8	38	6	22	31	26
06/10/1994	22	5	17	5	10	17	31
06/10/1994	23	3	5	5	4	11	32
07/10/1994	00	3	5	5	4	10	34
07/10/1994	01	3	5	5	4	10	43
07/10/1994	02	3	23	5	4	10	46
07/10/1994	03	4	16	5	4	10	48
07/10/1994	04	4	15	5	4	10	54
07/10/1994	05	3	29	5	4	10	51
07/10/1994	06	3	23	5	4	10	46
07/10/1994	07	3	11	5	4	10	46
07/10/1994	08	3	13	5	4	10	49
07/10/1994	09	4	25	5	4	10	50
07/10/1994	10	4	42	5	4	10	61
07/10/1994	11	5	77	5	4	10	92
07/10/1994	12	5	161	6	8	17	101
07/10/1994	13	8	123	10	18	33	98
07/10/1994	14	22	89	11	20	38	97
07/10/1994	15	15	60	11	17	34	106
07/10/1994	16	8	89	9	12	26	103
07/10/1994	17	10	83	9	35	48	97
07/10/1994	18	9	128	7	19	30	102
07/10/1994	19	9	71	7	25	36	85
07/10/1994	20	7	78	6	26	36	49
07/10/1994	21	4	70	5	18	25	28
07/10/1994	22	4	25	5	12	19	41
07/10/1994	23	5	36	5	7	14	38
08/10/1994	00	4	31	5	8	15	21
08/10/1994	01	4	25	5	8	15	25
08/10/1994	02	4	29	5	5	12	30
08/10/1994	03	4	30	5	5	12	31
08/10/1994	04	4	47	5	4	10	35
08/10/1994	05	4	10	5	4	10	37
08/10/1994	06	4	17	5	4	10	50
08/10/1994	07	3	17	5	4	10	52
08/10/1994	08	3	5	5	4	10	50
08/10/1994	09	4	5	5	4	10	60
08/10/1994	10	5	65	5	4	10	75
08/10/1994	11	5	203	5	5	11	98
08/10/1994	12	8	65	5	10	18	95
08/10/1994	13	9	71	5	14	22	99
08/10/1994	14	8	81	5	15	23	102
08/10/1994	15	7	67	5	12	21	106
08/10/1994	16	6	52	5	9	17	109
08/10/1994	17	8	50	7	28	39	95
08/10/1994	18	10	53	7	35	47	89
08/10/1994	19	6	43	6	12	21	104
08/10/1994	20	15	24	6	17	27	85
08/10/1994	21	6	29	6	15	25	45
08/10/1994	22	4	41	6	15	24	39
08/10/1994	23	4	30	5	5	11	52
09/10/1994	00	4	10	5	4	10	46
09/10/1994	01	3	9	5	4	10	37
09/10/1994	02	3	5	5	4	10	36
09/10/1994	03	3	5	5	4	10	41
09/10/1994	04	3	40	5	4	10	37
09/10/1994	05	4	40	5	5	12	37
09/10/1994	06	4	84	5	4	10	44
09/10/1994	07	3	49	5	4	10	48
09/10/1994	08	4	37	5	4	10	50
09/10/1994	09	3	72	5	5	11	41
09/10/1994	10	3	42	5	6	13	54
09/10/1994	11	4	38	5	4	10	66
09/10/1994	12	3	46	5	4	10	70
09/10/1994	13	3	53	5	27	35	45
09/10/1994	14	3	111	5	16	24	60
09/10/1994	15	3	59	5	10	17	71
09/10/1994	16	3	41	5	13	21	64
09/10/1994	17	4	27	5	14	22	75
09/10/1994	18	4	24	5	11	19	76
09/10/1994	19	3	8	5	9	16	77
09/10/1994	20	3	11	5	12	19	74
09/10/1994	21	3	22	5	11	20	76
09/10/1994	22	3	16	5	11	19	73
09/10/1994	23	4	5	5	21	29	60
10/10/1994	00	4	36	6	18	26	56
10/10/1994	01	4	10	6	18	29	53
10/10/1994	02	3	21	7	13	25	52
10/10/1994	03	4	15	7	9	20	52
10/10/1994	04	3	18	7	6	17	50
10/10/1994	05	3	16	9	7	19	43
10/10/1994	06	4	28	8	7	18	42
10/10/1994	07	4	32	8	6	18	40
10/10/1994	08	3	19	9	7	20	37
10/10/1994	09	3	5	9	11	25	33
10/10/1994	10	3	6	9	8	21	36
10/10/1994	11	3	36	10	7	22	41
10/10/1994	12	4	32	10	8	24	54
10/10/1994	13	4	69	14	21	42	52
10/10/1994	14	4	82	12	9	28	64
02/11/1994	18	15					47
02/11/1994	19	16					74
02/11/1994	20	17	88				57
02/11/1994	21	17	98				43
02/11/1994	22	15	101				18
02/11/1994	23	13	92				16
03/11/1994	00	13	78				26
03/11/1994	01	13	58				26
03/11/1994	02	13	44				19
03/11/1994	03	13	50				20
03/11/1994	04	13	30				21
03/11/1994	05	13	24				27
03/11/1994	06	12	38				26
03/11/1994	07	13	40				30
03/11/1994	08	13	40				29
03/11/1994	09	13	42				23
03/11/1994	10	13	51				32
03/11/1994	11	14	72				47
03/11/1994	12	17	82				48
03/11/1994	13	22	139				41
03/11/1994	14	19	122				57
03/11/1994	15	20	110				62
03/11/1994	16	18	192				81
03/11/1994	17	18	141				89
03/11/1994	18	16	113				62
03/11/1994	19	14	119				39
03/11/1994	20	13	90				27
03/11/1994	21	12	64				26
03/11/1994	22	13	69				32
03/11/1994	23	13	80				31
04/11/1994	00	13	62				27
04/11/1994	01	13	59				21
04/11/1994	02	12	52				14
04/11/1994	03	12	64				18
04/11/1994	04	13	78				17
04/11/1994	05	12	81				16
04/11/1994	06	12	89				18
04/11/1994	07	12	66				18
04/11/1994	08	12	56				14
04/11/1994	09	13	57				12
04/11/1994	10	12	75				48
04/11/1994	11	12	39				45
04/11/1994	12	12	49				32
04/11/1994	13	12	53				35
04/11/1994	14	14	50				37
04/11/1994	15	15	98				34
04/11/1994	16	14	70				21
04/11/1994	17	7	61				25
04/11/1994	18	3	44	8	18	31	29
04/11/1994	19	3	40	6	7	16	44
04/11/1994	20	3	16	5	8	16	32
04/11/1994	21	3	5	5	11	18	35
04/11/1994	22	3	15	4	5	10	43
04/11/1994	23	3	5	4	4	10	47
05/11/1994	00	3	5	4	4	10	54
05/11/1994	01	3	5	4	4	10	64
05/11/1994	02	3	5	4	4	10	51
05/11/1994	03	3	5	4	4	10	44
05/11/1994	04	3	5	4	4	10	45
05/11/1994	05	3	5	4	4	10	43
05/11/1994	06	3	5	4	4	10	37
05/11/1994	07	3	5	4	4	10	32
05/11/1994	08	3	5	4	4	10	46
05/11/1994	09	3	11	4	4	10	52
05/11/1994	10	3	29	4	4	10	67
05/11/1994	11	3	93	4	4	10	74
05/11/1994	12	3	273	5	4	11	75
05/11/1994	13	3	37	6	4	14	74
05/11/1994	14	3	11	6	4	13	75
05/11/1994	15	3	16	5	4	11	80
05/11/1994	16	3	21	7	9	19	71
05/11/1994	17	4	17	6	13	23	67
05/11/1994	18	3	27	8	5	17	69
05/11/1994	19	3	17	9	5	18	66
05/11/1994	20	3	5	6	12	22	39
05/11/1994	21	3	5	5	27	35	19
05/11/1994	22	3	5	4	5	10	30
05/11/1994	23	3	5	4	4	10	36
06/11/1994	00	3	5	4	4	10	40
06/11/1994	01	3	5	4	4	10	32
06/11/1994	02	3	5	4	4	10	35
06/11/1994	03	3	5	4	4	10	38
06/11/1994	04	3	5	4	4	10	46
06/11/1994	05	3	16	4	4	10	48
06/11/1994	06	3	14	4	4	10	46
06/11/1994	07	3	5	4	4	10	47
06/11/1994	08	3	23	4	4	10	46
06/11/1994	09	3	40	4	4	10	50
06/11/1994	10	3	21	4	4	10	57
06/11/1994	11	3	116	4	4	10	66
06/11/1994	12	3	224	5	4	11	74
06/11/1994	13	3	168	5	4	11	76
06/11/1994	14	3	5	6	13	23	65
06/11/1994	15	3	160	5	9	15	72
06/11/1994	16	4	40	5	19	27	63
06/11/1994	17	4	53				67
06/11/1994	18	4	94	6	5	13	68
06/11/1994	19	3	92	7	7	17	60
06/11/1994	20	3	5	7	4	14	57
06/11/1994	21	3	32	5	4	11	34
06/11/1994	22	3	5	4	4	10	37
06/11/1994	23	3	5	4	4	10	49
07/11/1994	00	3	35	4	4	10	51
07/11/1994	01	3	64	4	4	10	39
07/11/1994	02	3	5	4	4	10	34
07/11/1994	03	3	5	4	4	10	46
07/11/1994	04	3	18	4	4	10	47
07/11/1994	05	3	153	4	5	10	33
07/11/1994	06	3	84	4	4	10	25
07/11/1994	07	3	60	4	4	10	30
07/11/1994	08	3	5	4	4	10	20
07/11/1994	09	3	5	4	9	15	31
07/11/1994	10	5	45	6	17	26	43
07/11/1994	11	5	234	6	20	29	37
07/11/1994	12	5	144	7	12	24	53
07/11/1994	13	7	5	11	18	35	56
07/11/1994	14	5	64	6	9	18	65
07/11/1994	15	4	5	5	6	14	77
07/11/1994	16	3	5	4	4	10	83
07/11/1994	17	3	13	5	4	11	82
07/11/1994	18	3	79	5	4	11	78
07/11/1994	19	3	5	6	5	13	66
07/11/1994	20	3	5	6	8	16	40
07/11/1994	21	3	5	4	7	13	36
07/11/1994	22	3	5	4	4	10	45
07/11/1994	23	3	30	4	4	10	50
08/11/1994	00	3	29	4	4	10	50
08/11/1994	01	3	5	4	4	10	50
08/11/1994	02	3	5	4	4	10	54
08/11/1994	03	3	97	4	4	10	55
08/11/1994	04	3	5	4	4	10	57
08/11/1994	05	3	5	4	4	10	62
08/11/1994	06	4	5	4	19	25	49
08/11/1994	07	3	39	4	7	13	36
08/11/1994	08	3	30	4	4	10	56
08/11/1994	09	3	5	4	4	10	60
08/11/1994	10	3	48	4	4	10	62
08/11/1994	11	3	229	4	4	10	62
08/11/1994	12	3	144	5	4	11	59
08/11/1994	13	4	5	6	5	14	67
08/11/1994	14	3	5	5	4	11	68
08/11/1994	15	4	5	5	11	20	57
08/11/1994	16	3	50	4	6	11	60
08/11/1994	17	4	5				63
08/11/1994	18	3	83	5	11	18	59
08/11/1994	19	3	126	5	16	24	22
08/11/1994	20	3	126	5	13	21	19
08/11/1994	21	3	5	4	10	15	16
08/11/1994	22	3	77	4	6	11	31
08/11/1994	23	3	5	4	4	10	33
09/11/1994	00	3	28	4	4	10	28
09/11/1994	01	3	31	4	4	10	46
09/11/1994	02	3	58	4	4	10	48
09/11/1994	03	3	5	4	4	10	44
09/11/1994	04	3	5	4	4	10	38
09/11/1994	05	3	6	4	4	10	32
09/11/1994	06	3	5	4	4	10	33
09/11/1994	07	3	5	4	6	11	37
09/11/1994	08	3	118	4	10	16	39
09/11/1994	09	4	50	4	4	10	66
09/11/1994	10	3	5	4	4	10	64
09/11/1994	11	4	106	4	6	11	63
09/11/1994	12	3	84	6	8	17	62
09/11/1994	13	3	12	6	10	19	56
09/11/1994	14	3	83	5	6	13	59
09/11/1994	15	3	156	4	5	11	63
09/11/1994	16	3	85	4	6	11	62
09/11/1994	17	4	5	4	9	15	57
09/11/1994	18	4	30	13	42	62	22
09/11/1994	19	4	32	8	28	41	20
09/11/1994	20	4	120	5	7	13	70
09/11/1994	21	3	5	5	6	13	70
09/11/1994	22	3	82	5	5	11	67
09/11/1994	23	3	38	5	6	14	60
10/11/1994	00	3	29	4	6	11	61
10/11/1994	01	3	5	4	4	10	61
10/11/1994	02	3	15	4	4	10	35
10/11/1994	03	3	116	4	4	10	51
10/11/1994	04	3	5	4	4	10	70
10/11/1994	05	3	5	4	4	10	70
10/11/1994	06	3	5	4	4	10	73
10/11/1994	07	3	5	4	4	10	77
10/11/1994	08	3	17	4	4	10	76
10/11/1994	09	3	13	4	4	10	74
10/11/1994	10	3	56	5	5	12	73
10/11/1994	11	3	25	6	6	14	73
10/11/1994	12	3	5	7	5	16	74
10/11/1994	13	3	16	7	6	16	75
10/11/1994	14	3	47	5	5	12	75
10/11/1994	15	3	5	4	5	11	72
10/11/1994	16	3	8	5	4	11	72
10/11/1994	17	3	5				66
10/11/1994	18	3	112	5	4	12	64
10/11/1994	19	3	32	6	4	12	65
10/11/1994	20	3	5	6	6	14	59
10/11/1994	21	3	5	6	6	15	54
10/11/1994	22	3	12	7	7	18	38
10/11/1994	23	3	51	7	9	19	31
11/11/1994	00	3	27	6	7	16	42
11/11/1994	01	3	5	6	5	14	59
11/11/1994	02	3	53	8	4	16	58
11/11/1994	03	3	71	7	6	16	44
11/11/1994	04	3	5	5	5	11	48
11/11/1994	05	3	51	4	4	10	74
11/11/1994	06	3	23	4	4	10	75
11/11/1994	07	5	107	4	4	10	74
11/11/1994	08	5	68	4	4	10	73
11/11/1994	09	6	44	4	4	10	70
11/11/1994	10	6	5	6	5	13	70
11/11/1994	11	6	23	8	4	16	72
11/11/1994	12	5	48	10	4	18	73
11/11/1994	13	5	59	8	5	17	71
11/11/1994	14	5	34	6	5	14	75
11/11/1994	15	9	44	6	5	13	77
11/11/1994	16	5	31	6	5	13	84
11/11/1994	17	4	5	6	4	12	84
11/11/1994	18	3	5	6	4	13	82
11/11/1994	19	3	5	6	5	14	75
11/11/1994	20	3	23	7	5	16	65
11/11/1994	21	3	5	8	5	16	66
11/11/1994	22	3	11	9	7	20	54
11/11/1994	23	4	107	18	60	87	7
12/11/1994	00	3	87	6	33	43	17
12/11/1994	01	3	53	4	5	11	57
12/11/1994	02	3	71	4	4	10	62
12/11/1994	03	3	37	4	4	10	61
12/11/1994	04	3	5	4	4	10	60
12/11/1994	05	3	5	4	4	10	59
12/11/1994	06	3	5	4	4	10	58
12/11/1994	07	3	10	4	4	10	49
12/11/1994	08	3	5	4	4	10	50
12/11/1994	09	3	5	4	4	10	42
12/11/1994	10	3	89	4	4	10	46
12/11/1994	11	3	75	6	8	16	44
12/11/1994	12	3	144	7	7	19	48
12/11/1994	13	4	85	9	11	24	41
12/11/1994	14	4	28	12	28	46	23
12/11/1994	15	5	128	28	40	83	14
12/11/1994	16	3	83	5	5	12	62
12/11/1994	17	3	30				39
12/11/1994	18	3	5	6	33	42	19
12/11/1994	19	3	5	6	39	48	8
12/11/1994	20	3	5	6	32	41	8
12/11/1994	21	3	24	4	15	21	10
12/11/1994	22	3	5	4	10	16	10
12/11/1994	23	3	5	4	6	11	41
13/11/1994	00	3	35	4	4	10	57
13/11/1994	01	3	5	4	4	10	60
13/11/1994	02	3	5	4	4	10	54
13/11/1994	03	3	24	4	4	10	56
13/11/1994	04	3	10	4	4	10	65
13/11/1994	05	3	55	4	4	10	56
13/11/1994	06	3	5	4	4	10	67
13/11/1994	07	3	75	4	4	10	51
13/11/1994	08	3	5	4	4	10	52
13/11/1994	09	3	5	4	4	10	67
13/11/1994	10	3	35	4	4	10	68
13/11/1994	11	3	122	4	4	10	66
13/11/1994	12	4	135	5	4	12	68
13/11/1994	13	4	49	6	5	15	72
13/11/1994	14	4	159	5	6	14	72
13/11/1994	15	5	50	4	5	11	75
13/11/1994	16	8	5	4	4	10	76
13/11/1994	17	4	5	7	22	32	58
13/11/1994	18	6	120	7	35	46	43
13/11/1994	19	3	44	6	27	36	20
13/11/1994	20	3	68	5	13	21	28
13/11/1994	21	3	5	4	6	12	34
13/11/1994	22	3	40	4	4	10	42
13/11/1994	23	3	5	4	4	10	44
14/11/1994	00	3	5	4	4	10	52
14/11/1994	01	3	5	4	4	10	54
14/11/1994	02	3	5	4	4	10	53
14/11/1994	03	3	5	4	4	10	53
14/11/1994	04	3	18	4	4	10	53
14/11/1994	05	3	51	4	4	10	53
14/11/1994	06	3	5	4	4	10	52
14/11/1994	07	3	10	4	4	10	55
14/11/1994	08	3	20	4	4	10	52
14/11/1994	09	3	11	4	4	10	49
14/11/1994	10	3	5	4	4	10	51
14/11/1994	11	3	83	4	4	10	55
14/11/1994	12	3	57	8	5	17	65
14/11/1994	13	3	164	10	5	21	78
14/11/1994	14	5	5	12	18	36	66
14/11/1994	15	7	62	16	35	59	50
14/11/1994	16	6	102	14	35	56	52
14/11/1994	17	6	98				51
14/11/1994	18	5	57	6	31	40	35
14/11/1994	19	3	82	10	34	49	7
14/11/1994	20	3	78	5	27	34	11
14/11/1994	21	3	5	4	10	15	19
14/11/1994	22	3	53	4	4	10	23
14/11/1994	23	3	5	4	4	10	28
15/11/1994	00	3	5	4	4	10	29
15/11/1994	01	3	37	4	4	10	36
15/11/1994	02	3	5	4	4	10	37
15/11/1994	03	3	46	4	4	10	41
15/11/1994	04	3	5	4	4	10	38
15/11/1994	05	3	46	4	4	10	42
15/11/1994	06	3	44	4	4	10	40
15/11/1994	07	3	5	4	4	10	40
15/11/1994	08	3	12	4	4	10	38
15/11/1994	09	3	55	4	4	10	41
15/11/1994	10	3	5	4	4	10	46
15/11/1994	11	5	63	4	10	16	45
15/11/1994	12	14	173	29	42	86	32
15/11/1994	13	16	358	35	49	103	30
15/11/1994	14	21	257	34	57	109	27
15/11/1994	15	17	168	20	50	80	39
15/11/1994	16	15	92	14	47	69	44
15/11/1994	17	13	142	13	49	69	33
15/11/1994	18	7	138	21	66	98	9
15/11/1994	19	5	185	22	36	70	4
15/11/1994	20	3	78	13	31	50	5
15/11/1994	21	3	52	5	25	31	6
15/11/1994	22	3	5	4	11	17	11
15/11/1994	23	3	5	4	5	10	13
16/11/1994	00	3	5	4	4	10	14
16/11/1994	01	3	70	4	4	10	17
16/11/1994	02	3	5	4	4	10	28
16/11/1994	03	3	79	4	4	10	22
16/11/1994	04	3	72	4	4	10	30
16/11/1994	05	3	36	4	4	10	34
16/11/1994	06	3	29	4	4	10	36
16/11/1994	07	3	5	4	4	10	43
16/11/1994	08	3	10	4	4	10	45
16/11/1994	09	3	46	4	4	10	42
16/11/1994	10	3	5	4	4	10	42
16/11/1994	11	5	93	6	14	22	38
16/11/1994	12	9	108	12	27	46	35
16/11/1994	13	18	228	26	49	89	31
16/11/1994	14	14	244	13	37	57	38
16/11/1994	15	20	162	22	56	90	23
16/11/1994	16	14	175	18	52	80	24
16/11/1994	17	9	105				19
16/11/1994	18	5	131	15	43	66	4
16/11/1994	19	4	59	30	35	80	2
16/11/1994	20	4	87	23	36	71	2
16/11/1994	21	3	10	7	32	43	3
16/11/1994	22	3	8	4	17	23	4
16/11/1994	23	3	17	4	5	10	11
17/11/1994	00	3	5	4	4	10	11
17/11/1994	01	3	5	4	4	10	42
17/11/1994	02	3	5	4	4	10	51
17/11/1994	03	4	78	4	4	10	60
17/11/1994	04	3	24	4	4	10	64
17/11/1994	05	3	112	4	4	10	69
17/11/1994	06	3	91	4	4	10	69
17/11/1994	07	3	68	4	4	10	70
17/11/1994	08	3	5	4	4	10	67
17/11/1994	09	3	51	4	6	11	62
17/11/1994	10	3	5	4	7	12	62
17/11/1994	11	4	5	5	9	15	60
17/11/1994	12	5	16	7	9	20	63
17/11/1994	13	5	15	8	8	20	64
17/11/1994	14	5	25	6	8	16	65
17/11/1994	15	5	20	5	8	15	63
17/11/1994	16	4	30	5	10	16	49
17/11/1994	17	9	51	10	29	45	35
17/11/1994	18	8	103	17	47	73	6
17/11/1994	19	3	160	7	36	47	7
17/11/1994	20	5	87	5	15	21	33
17/11/1994	21	6	26	4	4	10	56
17/11/1994	22	5	5	4	4	10	55
17/11/1994	23	4	30	4	6	12	55
18/11/1994	00	3	5	6	7	15	41
18/11/1994	01	3	35	5	7	13	23
18/11/1994	02	3	10	4	4	10	25
18/11/1994	03	3	5	4	4	10	34
18/11/1994	04	3	5	4	4	10	45
18/11/1994	05	3	94	4	4	10	44
18/11/1994	06	3	5	4	4	10	45
18/11/1994	07	3	30	4	4	10	44
18/11/1994	08	3	71	4	4	10	45
18/11/1994	09	3	5	4	5	10	32
18/11/1994	10	3	75	4	4	10	42
18/11/1994	11	3	178	4	6	11	49
18/11/1994	12	3	42	7	8	19	52
18/11/1994	13	6	51	15	25	49	40
18/11/1994	14	8	95	17	36	62	35
18/11/1994	15	9	98	13	40	60	45
18/11/1994	16	9	92	12	45	62	47
18/11/1994	17	11	141				38
18/11/1994	18	13	114	6	61	71	22
18/11/1994	19	5	91	12	49	68	3
18/11/1994	20	3	119	12	39	57	2
18/11/1994	21	3	89	5	29	37	8
18/11/1994	22	3	13	4	16	22	9
18/11/1994	23	3	5	4	10	15	11
19/11/1994	00	3	63	4	5	10	17
19/11/1994	01	3	24	4	4	10	35
19/11/1994	02	3	5	4	4	10	42
19/11/1994	03	3	5	4	4	10	49
19/11/1994	04	3	29	4	4	10	50
19/11/1994	05	3	37	4	4	10	49
19/11/1994	06	3	102	4	4	10	50
19/11/1994	07	3	56	4	4	10	50
19/11/1994	08	3	38	4	4	10	46
19/11/1994	09	3	30	4	4	10	45
19/11/1994	10	3	10	4	4	10	46
19/11/1994	11	3	28	6	4	14	48
19/11/1994	12	3	59	8	5	17	50
19/11/1994	13	6	49	10	10	26	51
19/11/1994	14	7	83	7	11	23	57
19/11/1994	15	18	27	12	26	44	45
19/11/1994	16	20	169	12	37	55	41
19/11/1994	17	13	68	12	40	58	32
19/11/1994	18	9	121	8	39	51	41
19/11/1994	19	6	37	8	37	49	36
19/11/1994	20	4	43	6	16	25	41
19/11/1994	21	5	61	6	14	23	27
19/11/1994	22	5	62	6	15	25	23
19/11/1994	23	4	87	6	11	20	28
20/11/1994	00	3	5	6	10	18	22
20/11/1994	01	3	18	4	9	14	18
20/11/1994	02	3	5	4	5	10	16
20/11/1994	03	3	5	4	4	10	19
20/11/1994	04	3	29	4	4	10	21
20/11/1994	05	3	59	4	4	10	24
20/11/1994	06	4	5	4	4	10	25
20/11/1994	07	3	5	4	4	10	26
20/11/1994	08	3	42	4	4	10	24
20/11/1994	09	4	11	4	4	10	28
20/11/1994	10	5	5	4	4	10	34
20/11/1994	11	5	93	4	6	12	42
20/11/1994	12	9	183	5	10	17	59
20/11/1994	13	8	121	10	19	34	49
20/11/1994	14		117	9	22	36	55
20/11/1994	15	11	50	6	18	27	70
20/11/1994	16	10	27	6	20	29	67
20/11/1994	17	8	64	6	21	29	68
20/11/1994	18	4	7	5	22	30	49
20/11/1994	19	3	78	6	23	32	14
20/11/1994	20	3	93	5	16	23	13
20/11/1994	22	3	5	4	4	9	18
20/11/1994	23	3	5	4	4	8	21
21/11/1994	00	3	5	4	4	8	18
21/11/1994	01	3	49	4	4	9	18
21/11/1994	02	3	52	4	4	10	17
21/11/1994	03	3	32	4	4	10	17
21/11/1994	04	3	30	4	4	10	18
21/11/1994	05	3	11	4	4	10	21
21/11/1994	06	3	78	4	4	10	22
21/11/1994	07	3	73	4	4	10	22
21/11/1994	08	3	26	4	4	10	15
21/11/1994	09	3	5	4	4	10	12
21/11/1994	10	3	71	4	4	10	27
21/11/1994	11	5	123	5	4	10	38
21/11/1994	12	10	143	7	19	29	40
21/11/1994	13	13	330	12	33	51	39
21/11/1994	14	11	121	7	24	35	63
21/11/1994	15	9	112	6	22	31	72
21/11/1994	16	8	72	6	29	38	68
21/11/1994	17	7	194	6	32	41	63
21/11/1994	18	4	146	10	59	74	26
21/11/1994	19	3	156	7	35	46	9
21/11/1994	20	3	96	5	17	26	9
21/11/1994	21	3	29	4	9	14	7
21/11/1994	22	3	13	4	4	10	8
21/11/1994	23	3	5	4	4	10	9
22/11/1994	00	3	5	4	4	10	9
22/11/1994	01	3	68	4	4	10	10
22/11/1994	02	3	19	4	4	10	7
22/11/1994	03	4	23	6	24	32	2
22/11/1994	04	3	37	4	7	12	2
22/11/1994	05	3	97	4	10	15	2
22/11/1994	06	3	15	4	4	10	7
22/11/1994	07	3	53	4	4	10	10
22/11/1994	08	3	14	4	4	10	12
22/11/1994	09	3	78	4	4	10	11
22/11/1994	10	3	38	4	4	10	19
22/11/1994	11	5	119	4	4	10	33
22/11/1994	12	10	139	6	16	25	43
22/11/1994	13	9	280	7	22	33	52
22/11/1994	14	8	112				59
22/11/1994	15	9	8	8	24	36	60
22/11/1994	16	9	49	8	28	39	58
22/11/1994	17	8	146	11	42	58	40
22/11/1994	18	5	172	12	59	78	17
22/11/1994	19	5	160	9	37	51	11
22/11/1994	20	6	63	9	47	60	11
22/11/1994	21	8	132	9	34	47	19
22/11/1994	22	7	119	9	15	29	37
22/11/1994	23	12	89	9	11	25	44
23/11/1994	00	13	78	9	10	23	43
23/11/1994	01	14	53	10	8	22	41
23/11/1994	02	16	40	9	8	21	41
23/11/1994	03	15	63	9	8	21	39
23/11/1994	04	10	32	8	8	20	31
23/11/1994	05	9	17	7	8	18	32
23/11/1994	06	11	64	6	8	17	32
23/11/1994	07	10	20	6	9	17	29
23/11/1994	08	10	11	5	9	17	28
23/11/1994	09	16	5	5	9	15	33
23/11/1994	10	14	21	5	7	14	29
23/11/1994	11	19	52	5	7	14	35
23/11/1994	12	24	64	8	7	18	39
23/11/1994	13	23	48	9	8	22	41
23/11/1994	14	23	67	9	11	24	48
23/11/1994	15	28	42	8	22	35	48
23/11/1994	16	21	85	8	26	38	47
23/11/1994	17	16	104	10	34	49	37
23/11/1994	18	10	225	16	56	80	12
23/11/1994	19	7	258	13	31	50	3
23/11/1994	20	3	54	10	27	42	2
23/11/1994	21	3	5	4	21	27	5
23/11/1994	22	3	5	4	8	13	8
23/11/1994	23	3	5	4	4	10	6
24/11/1994	00	3	5	4	4	10	11
24/11/1994	01	3	5	4	4	10	14
24/11/1994	02	3	5	4	4	10	14
24/11/1994	03	3	119	4	4	10	14
24/11/1994	04	3	59	4	4	10	15
24/11/1994	05	3	41	4	4	10	16
24/11/1994	06	3	5	4	4	10	14
24/11/1994	07	3	5	4	4	10	13
24/11/1994	08	3	92	4	4	10	11
24/11/1994	09	3	11	4	4	10	13
24/11/1994	10	5	50	4	4	10	19
24/11/1994	11	9	187	4	4	10	30
24/11/1994	12	11	147	7	14	23	39
24/11/1994	13	12	299	11	22	39	36
24/11/1994	14	12	106				36
24/11/1994	15	11	19	10	26	41	36
24/11/1994	16	10	165	10	31	47	34
24/11/1994	17	11	59	11	42	59	29
24/11/1994	18	11	228	8	32	44	29
24/11/1994	19	7	104	9	42	55	14
24/11/1994	20	7	123	9	40	54	6
24/11/1994	21	10	112	9	50	63	2
24/11/1994	22	9	92	8	40	52	3
24/11/1994	23	8	79	7	33	44	5
25/11/1994	00	8	92	6	31	40	2
25/11/1994	01	7	90	7	24	34	3
25/11/1994	02	5	57	7	26	36	4
25/11/1994	03	4	83	6	20	29	5
25/11/1994	04	3	49	4	12	17	2
25/11/1994	05	4	5	4	7	12	6
25/11/1994	06	3	16	4	4	10	15
25/11/1994	07	3	34	4	4	10	20
25/11/1994	08	3	23	4	4	10	18
25/11/1994	09	7	17	4	4	10	25
25/11/1994	10	12	16	4	4	10	28
25/11/1994	11		60	10	7	23	34
25/11/1994	12	15	137	21	18	51	39
25/11/1994	13	14	263	29	33	78	34
25/11/1994	14	15	174	25	27	64	41
25/11/1994	15	12	139	23	28	62	40
25/11/1994	16	13	110	26	35	76	29
25/11/1994	17	8	133	23	42	77	36
25/11/1994	18	6	138	22	40	74	21
25/11/1994	19	4	141	40	31	92	2
25/11/1994	20	3	67	23	27	61	2
25/11/1994	21	3	24	12	21	39	5
25/11/1994	22	3	5	7	20	31	4
25/11/1994	23	3	5	5	13	20	7
26/11/1994	00	3	30	4	6	11	8
26/11/1994	01	3	37	4	4	10	12
26/11/1994	02	3	20	4	4	10	17
26/11/1994	03	3	10	4	4	10	22
26/11/1994	04	3	24	4	4	10	17
26/11/1994	05	3	30	4	4	10	19
26/11/1994	06	3	26	4	4	10	21
26/11/1994	07	3	37	4	4	10	21
26/11/1994	08	3	37	4	4	10	23
26/11/1994	09	3	12	4	4	10	31
26/11/1994	10	5	17	4	4	10	35
26/11/1994	11	6	71	4	5	11	41
26/11/1994	12	10	105	17	21	47	42
26/11/1994	13	9	306	20	21	52	48
26/11/1994	14	10	106	21	24	56	50
26/11/1994	15	10	105	22	28	61	47
26/11/1994	16	10	85	22	35	70	41
26/11/1994	17	9	92	21	38	71	34
26/11/1994	18	6	104	20	29	59	25
26/11/1994	19	3	75	26	28	68	2
26/11/1994	20	3	65	16	25	49	2
26/11/1994	21	3	24	8	20	33	4
26/11/1994	22	3	9	4	20	26	3
26/11/1994	23	3	5	4	16	22	4
27/11/1994	00	3	5	4	12	17	3
27/11/1994	01	3	51	4	5	10	7
27/11/1994	02	3	30	4	4	10	7
27/11/1994	03	3	36	4	4	10	12
27/11/1994	04	3	39	4	4	10	12
27/11/1994	05	3	40	4	4	10	12
27/11/1994	06	3	17	4	4	10	15
27/11/1994	07	3	25	4	4	10	16
27/11/1994	08	3	27	4	4	10	17
27/11/1994	09	3	24	4	4	10	16
27/11/1994	10	3	37	4	4	10	19
27/11/1994	11	5	58				27
27/11/1994	12	8	74	15	12	36	54
27/11/1994	13	10	299	26	20	59	54
27/11/1994	14	10	108	33	31	80	44
27/11/1994	15	13	98	33	32	82	43
27/11/1994	16	12	103	32	36	85	43
27/11/1994	17	11	113	31	17	64	60
27/11/1994	18	7	91	32	16	66	57
27/11/1994	19	4	93	32	24	74	48
27/11/1994	20	6	81	31	30	77	41
27/11/1994	21	8	113	30	18	63	40
27/11/1994	22	8	84	28	31	74	25
27/11/1994	23	7	75	26	34	74	13
28/11/1994	00	5	75	25	31	69	9
28/11/1994	01	5	70	23	18	53	16
28/11/1994	02	6	49	21	12	45	20
28/11/1994	03	5	36	20	14	45	14
28/11/1994	04	4	45	19	19	48	12
28/11/1994	05	15	41	17	12	39	31
28/11/1994	06	10	24	16	12	38	22
28/11/1994	07	10	43	16	11	36	23
28/11/1994	08	8	31	16	10	35	20
28/11/1994	09	8	45	16	13	39	13
28/11/1994	10	5	18	22	19	54	4
28/11/1994	11	5	64	24	31	68	5
28/11/1994	12	6	93	24	27	64	17
28/11/1994	13	9	112	22	11	46	42
28/11/1994	14	8	153	26	11	51	46
28/11/1994	15	8	64	30	12	58	47
28/11/1994	16	8	62	32	11	60	52
28/11/1994	17	8	38	32	13	63	47
28/11/1994	18	8	61	32	11	60	47
28/11/1994	19	8	51	31	15	63	37
28/11/1994	20	7	49	29	23	68	19
28/11/1994	21	5	44	27	17	59	21
28/11/1994	22	5	31	26	15	54	20
28/11/1994	23	5	52	25	12	50	21
29/11/1994	00	5	44	22	10	45	22
29/11/1994	01	4	40	21	9	42	26
29/11/1994	02	3	16	21	9	41	36
29/11/1994	03	4	29	21	15	48	35
29/11/1994	04	4	30	21	24	57	27
29/11/1994	05	4	44	21	24	56	28
29/11/1994	06	3	46	21	31	63	26
29/11/1994	07	3	46	23	41	77	14
29/11/1994	08	3	72	22	43	76	9
29/11/1994	09	3	62	21	32	65	12
29/11/1994	10	3	5	22	29	63	17
29/11/1994	11		72	8	21	34	39
29/11/1994	12	5	147	14	25	47	43
29/11/1994	13	5	98	16	21	47	54
29/11/1994	14	6	71	15	17	39	65
29/11/1994	15	7	62	14	22	43	62
29/11/1994	16	6	50	16	29	54	53
29/11/1994	17	4	99	19	39	68	46
29/11/1994	18	3	126	19	54	83	18
29/11/1994	19	3	112	16	30	53	6
29/11/1994	20	3	46	13	22	42	9
29/11/1994	21	3	23	7	11	23	20
29/11/1994	22	3	18	5	10	16	22
29/11/1994	23	3	26	5	7	13	24
30/11/1994	00	3	18	5	8	15	16
30/11/1994	01	3	61	4	8	14	17
30/11/1994	02	3	26	5	6	13	21
30/11/1994	03	3	36	5	6	13	22
30/11/1994	04	3	32	5	5	11	22
30/11/1994	05	3	48	5	5	12	23
30/11/1994	06	3	46	5	5	12	19
30/11/1994	07	3	37	5	6	12	22
30/11/1994	08	3	20	5	5	12	22
30/11/1994	09	3	33	5	9	16	17
30/11/1994	10	3	42	5	8	15	22
30/11/1994	11	3	66	5	8	15	27
30/11/1994	12	3	74	8	9	21	40
30/11/1994	13	4	81	16	24	48	43
30/11/1994	14	4	112	13	23	43	49
30/11/1994	15	5	78	14	17	37	59
30/11/1994	16	4	53	13	18	38	60
30/11/1994	17	5	39	14	34	55	45
30/11/1994	18	4	80	14	41	63	31
30/11/1994	19	3	104	16	42	66	12
30/11/1994	20	3	100	16	23	47	10
30/11/1994	21	3	53	13	16	36	13
30/11/1994	22	3	31	10	12	28	16
30/11/1994	23	3	20	6	10	20	19
01/12/1994	00	3	30	5	7	14	27
01/12/1994	01	3	19	5	5	11	25
01/12/1994	02	3	5	4	4	10	21
01/12/1994	03	3	5	4	4	10	23
01/12/1994	04	3	10	4	4	10	24
01/12/1994	05	3	5	4	4	10	26
01/12/1994	06	3	31	4	4	10	26
01/12/1994	07	3	14	4	4	10	25
01/12/1994	08	3	36	4	4	10	25
01/12/1994	09	3	23	4	4	10	26
01/12/1994	10	3	37	4	4	10	27
01/12/1994	11	3	26				28
01/12/1994	12	3	52	8	10	22	31
01/12/1994	13	4	189	14	12	34	50
01/12/1994	14	4	111	17	10	36	66
01/12/1994	15	4	59	20	17	48	56
01/12/1994	16	5	59	21	31	62	50
01/12/1994	17	7	56	22	36	70	45
01/12/1994	18	5	90	24	38	74	32
01/12/1994	19	3	72	24	33	69	25
01/12/1994	20	3	36	22	23	58	16
01/12/1994	21	3	24	20	20	51	16
01/12/1994	22	3	28	16	16	42	21
01/12/1994	23	3	28	15	14	36	23
02/12/1994	00	3	37	13	19	39	18
02/12/1994	01	3	55	12	15	35	20
02/12/1994	02	3	35	12	12	32	17
02/12/1994	03	3	37	13	21	41	6
02/12/1994	04	3	45	16	31	55	2
02/12/1994	05	3	45	11	22	39	7
02/12/1994	06	3	25	7	14	25	12
02/12/1994	07	3	5	6	39	49	4
02/12/1994	08	3	43	5	39	47	7
02/12/1994	09		79				2
02/12/1994	10		79	4	28	34	15
02/12/1994	11	8	157	4	12	18	27
02/12/1994	12	8	123	4	6	11	41
02/12/1994	13	10	211	4	4	10	53
02/12/1994	14	11	84	4	4	10	52
02/12/1994	15	10	71	4	4	10	57
02/12/1994	16	11	64	4	6	11	59
02/12/1994	17	10	57	4	8	13	55
02/12/1994	18	11	57	5	21	29	20
02/12/1994	19	10	51	4	16	23	27
02/12/1994	20	10	37	4	9	14	57
02/12/1994	21	9	38	4	26	32	21
02/12/1994	22	8	58	5	11	18	26
02/12/1994	23	9	39	5	6	12	18
03/12/1994	00	8	39	5	4	11	28
03/12/1994	01	8	29	5	4	11	34
03/12/1994	02	8	5	5	4	11	40
03/12/1994	03	8	5	5	4	10	36
03/12/1994	04	8	5	5	4	10	32
03/12/1994	05	8	5	4	4	9	33
03/12/1994	06	8	5	4	4	9	37
03/12/1994	07	8	13	4	4	8	35
03/12/1994	08	8	23	4	4	8	35
03/12/1994	09	8	26	4	4	9	36
03/12/1994	10	8	20	5	4	10	35
03/12/1994	11	8	52	5	4	11	38
03/12/1994	12	10	185	5	4	11	47
03/12/1994	13	10	99	5	11	19	55
03/12/1994	14	12	86	5	11	18	58
03/12/1994	15	11	71	5	18	26	51
03/12/1994	16	11	71	5	14	22	57
03/12/1994	17	11	80	5	18	26	57
03/12/1994	18	11	77	5	11	18	50
03/12/1994	19	8	77	5	19	26	20
03/12/1994	20	8	71	5	13	20	7
03/12/1994	21	8	36	5	6	13	12
03/12/1994	22	8	23	5	4	9	8
03/12/1994	23	8	25	5	4	9	9
04/12/1994	00	8	5	4	4	10	13
04/12/1994	01	8	5	4	4	10	11
04/12/1994	02	8	5	4	4	10	12
04/12/1994	03	8	34	4	4	10	11
04/12/1994	04	8	30	4	4	10	15
04/12/1994	05	8	30	4	4	10	12
04/12/1994	06	8	26	4	4	10	14
04/12/1994	07	8	23	4	4	10	19
04/12/1994	08	8	37	4	4	10	23
04/12/1994	09	8	46	4	4	10	24
04/12/1994	10		15				35
04/12/1994	11	3	32	10	8	22	40
04/12/1994	12	3	118	20	7	37	47
04/12/1994	13	3	190	27	10	51	53
04/12/1994	14	3	61	27	15	57	53
04/12/1994	15	4	45	28	21	64	52
04/12/1994	16	5	67	27	20	61	52
04/12/1994	17	5	37	28	28	70	43
04/12/1994	18	7	45	36	47	103	12
04/12/1994	19	4	119	44	33	101	2
04/12/1994	20	3	79	29	30	73	2
04/12/1994	21	3	21	22	27	59	3
04/12/1994	22	3	36	16	24	50	5
04/12/1994	23	3	21	14	19	40	10
05/12/1994	00	3	18	13	11	31	14
06/12/1994	01	3	18	20	7	37	42
06/12/1994	02	3	5	19	8	37	40
06/12/1994	03	3	5	19	8	36	45
06/12/1994	04	3	5	17	8	34	49
06/12/1994	05	3	5	17	8	34	50
06/12/1994	06	3	9	16	8	33	51
06/12/1994	07	3	5	15	8	31	50
06/12/1994	08	3	5	14	8	29	52
06/12/1994	09	3	5	13	9	28	49
06/12/1994	10		20				49
06/12/1994	11	3	84	15	4	27	52
06/12/1994	12	3	174	22	4	37	56
06/12/1994	13	5	54	25	6	44	60
06/12/1994	14	5	39	26	12	51	54
06/12/1994	15	7	73	28	24	67	43
06/12/1994	16	15	105	35	43	96	35
06/12/1994	17	8	253	28	26	69	45
06/12/1994	18	6	139	26	27	66	27
06/12/1994	19	3	110	26	24	63	5
06/12/1994	20	3	31	19	15	44	12
06/12/1994	21	3	15	13	10	30	18
06/12/1994	22	3	5	10	10	25	15
06/12/1994	23	3	5	6	9	18	13
07/12/1994	00	3	5	4	6	11	17
07/12/1994	01	3	12	4	4	10	18
07/12/1994	02	3	9	4	4	10	18
07/12/1994	03	3	17	4	4	10	20
07/12/1994	04	3	18	4	4	10	23
07/12/1994	05	3	19	4	4	10	23
07/12/1994	06	3	18	4	4	10	23
07/12/1994	07	3	13	4	4	10	27
07/12/1994	08	3	7	4	4	10	23
07/12/1994	09	3	5	4	4	10	20
07/12/1994	10	3	29	4	9	15	24
07/12/1994	11	4	93	7	21	31	24
07/12/1994	12	4	112	14	21	42	26
07/12/1994	13	5	240	22	20	55	31
07/12/1994	14	7	130	31	36	83	23
07/12/1994	15	5	180	27	25	66	30
07/12/1994	16	6	80	29	34	78	15
07/12/1994	17	8	86	41	40	103	7
07/12/1994	18	5	83	35	29	82	3
07/12/1994	19	3	71	40	25	86	2
07/12/1994	20	3	52	32	24	72	2
07/12/1994	21	3	39	21	20	51	3
07/12/1994	22	3	18	11	9	27	6
07/12/1994	23	3	10	7	6	17	9
08/12/1994	00	3	5	5	6	12	11
08/12/1994	01	3	5	4	5	10	18
08/12/1994	02	3	5	4	4	10	31
08/12/1994	03	3	11	4	4	10	31
08/12/1994	04	3	17	4	4	10	35
08/12/1994	05	3	9	4	4	10	38
08/12/1994	06	3	10	4	4	10	27
08/12/1994	07	3	5	4	4	10	28
08/12/1994	08	3	5	4	4	10	34
08/12/1994	09	3	5	4	4	10	33
08/12/1994	10		16				34
08/12/1994	11	4	45	9	8	22	37
08/12/1994	12	3	67	17	9	34	45
08/12/1994	13	4	220	26	9	49	51
08/12/1994	14	9	78	31	21	68	45
08/12/1994	15	10	68	34	29	81	39
08/12/1994	16	11	51	34	37	89	36
08/12/1994	17	18	85	32	33	82	37
08/12/1994	18	8	49	33	29	80	16
08/12/1994	19	4	50	35	29	82	2
08/12/1994	20	3	12	25	26	64	7
08/12/1994	21	3	11	19	23	52	8
08/12/1994	22	3	5	14	23	44	6
08/12/1994	23	3	5	10	16	32	12
09/12/1994	00	3	5	8	9	21	27
09/12/1994	01	3	9	5	8	16	35
09/12/1994	02	4	5	4	8	14	45
09/12/1994	03	3	5	4	7	12	49
09/12/1994	04	5	19	4	8	13	48
09/12/1994	05	4	10	5	8	14	46
09/12/1994	06	3	18	5	7	13	48
09/12/1994	07	4	13	4	7	12	48
09/12/1994	08	4	16	4	8	14	42
09/12/1994	09	4	17	5	18	25	34
09/12/1994	10	4	31	5	13	21	43
09/12/1994	11	5	30	8	8	20	55
09/12/1994	12	5	71	18	8	35	60
09/12/1994	13	5	261	28	7	49	63
09/12/1994	14	7	60	34	24	76	49
09/12/1994	15	9	105	35	34	88	46
09/12/1994	16	8	119	33	30	79	43
09/12/1994	17	6	39	31	30	79	35
09/12/1994	18	5	69	32	30	80	10
09/12/1994	19	4	44	33	37	88	7
09/12/1994	20	4	59	31	33	81	14
09/12/1994	21	5	37	30	38	84	26
09/12/1994	22	5	100	29	11	55	55
09/12/1994	23	4	26	30	9	55	54
10/12/1994	00	4	5	32	10	59	40
10/12/1994	01	3	17	31	8	56	53
10/12/1994	02	4	5	31	8	55	51
10/12/1994	03	4	5	30	9	55	49
10/12/1994	04	5	13	30	14	61	41
10/12/1994	05	4	34	28	9	51	40
10/12/1994	06	3	7	24	12	50	25
10/12/1994	07	3	5	21	11	43	28
10/12/1994	08	3	5	17	10	36	25
10/12/1994	09	4	5	14	11	32	25
10/12/1994	10		5				35
10/12/1994	11	4	80	13	8	27	40
10/12/1994	12	4	231	22	10	43	42
10/12/1994	13	5	67	25	11	49	47
10/12/1994	14	6	37	26	16	55	45
10/12/1994	15	8	37	30	31	78	32
10/12/1994	16	6	82	23	19	55	41
10/12/1994	17	6	54	24	21	57	41
10/12/1994	18	4	44	25	27	64	23
10/12/1994	19	3	67	25	26	64	6
10/12/1994	20	3	15	20	18	50	16
10/12/1994	21	3	8	15	14	37	21
10/12/1994	22	3	5	11	11	29	17
10/12/1994	23	3	5	6	10	20	19
11/12/1994	00	3	5	4	8	13	28
11/12/1994	01	3	5	4	5	10	37
11/12/1994	02	3	5	4	4	10	43
11/12/1994	03	3	23	4	4	10	39
11/12/1994	04	3	35	4	4	10	31
11/12/1994	05	3	10	4	4	10	37
11/12/1994	06	3	10	4	4	10	37
11/12/1994	07	3	17	4	4	10	38
11/12/1994	08	3	19	4	4	10	41
11/12/1994	09	3	26	4	4	10	39
11/12/1994	10	4	5	4	4	10	39
11/12/1994	11	4	41	6	7	16	42
11/12/1994	12	5	113	17	8	34	48
11/12/1994	13	5	166	24	9	45	51
11/12/1994	14	9	50	30	28	74	40
11/12/1994	15	9	64	26	26	66	40
11/12/1994	16	11	45	27	31	73	35
11/12/1994	17	11	36	26	31	70	31
11/12/1994	18	5	42	25	29	66	16
11/12/1994	19	3	39	25	27	65	2
11/12/1994	20	3	23	18	22	51	7
11/12/1994	21	3	5	13	18	39	10
11/12/1994	22	3	6	9	13	28	16
11/12/1994	23	3	5	7	11	23	18
12/12/1994	00	3	5	4	9	15	37
13/12/1994	01	3	5	9	20	34	3
13/12/1994	02	3	7	7	17	28	6
13/12/1994	03	3	18	6	10	20	9
13/12/1994	04	3	11	5	9	15	10
13/12/1994	05	3	11	4	7	13	11
13/12/1994	06	3	5	4	7	12	5
13/12/1994	07	3	5	4	7	12	9
13/12/1994	08	3	5	4	7	12	5
13/12/1994	09	3	11	4	12	18	7
13/12/1994	10	3	15	6	19	28	12
13/12/1994	11	4	63	15	29	53	20
13/12/1994	12	18	129	56	46	131	11
13/12/1994	13	15	419	47	40	113	20
13/12/1994	14	13	178	45	40	109	24
13/12/1994	15	12	139	37	38	95	30
13/12/1994	16	12	91	39	49	108	25
13/12/1994	17	12	140	41	60	123	13
13/12/1994	18	8	134	46	60	131	4
13/12/1994	19	4	180	47	33	105	2
13/12/1994	20	3	63	45	24	94	2
13/12/1994	21	3	32	30	25	71	2
13/12/1994	22	3	26	20	24	54	2
13/12/1994	23	3	26	15	19	43	2
14/12/1994	00	3	5	10	19	34	2
14/12/1994	01	3	5	6	15	24	4
14/12/1994	02	3	25	5	10	17	6
14/12/1994	03	3	23	4	10	15	10
14/12/1994	04	3	24	4	6	11	22
14/12/1994	05	3	20	4	9	14	29
14/12/1994	06	3	27	4	8	13	29
14/12/1994	07	3	16	5	7	14	30
14/12/1994	08	3	5	5	8	15	26
14/12/1994	09	3	11	5	11	18	22
14/12/1994	10		13				33
14/12/1994	11	8	37	31	27	73	18
14/12/1994	12	13	287	50	39	115	14
14/12/1994	13	48	214	77	54	172	11
14/12/1994	14	43	247	70	65	172	16
14/12/1994	15	31	221	43	53	117	30
14/12/1994	16	50	113	41	54	117	24
14/12/1994	17	125	131	42	69	134	
14/12/1994	18	82	151	59	76	167	
14/12/1994	19	13	162	57	35	122	
14/12/1994	20	4	119	43	31	96	
14/12/1994	21	3	68	23	30	66	
14/12/1994	22	3	57	16	29	54	
14/12/1994	23	3	66	13	23	43	
15/12/1994	00	3	26	11	21	39	
15/12/1994	01	3	5	24	32	69	
15/12/1994	02	4	5	25	33	70	
15/12/1994	03	5	71	38	41	99	
15/12/1994	04	6	75	69	50	157	
15/12/1994	05	4	84	26	35	74	
15/12/1994	06	3	78	19	34	63	
15/12/1994	07	3	74	17	34	60	
15/12/1994	08	3	51	10	34	48	
15/12/1994	09	3	55	10	31	45	
15/12/1994	10	3	37	12	23	41	
15/12/1994	11	5	62	9	27	41	16
15/12/1994	12	27	98	15	24	47	23
15/12/1994	13	28	293	29	32	76	26
15/12/1994	14	24	165	36	34	89	24
15/12/1994	15	20	148	33	33	84	29
15/12/1994	16	18	159	33	33	84	27
15/12/1994	17	16	117	36	37	92	16
15/12/1994	18	13	80	40	47	108	11
15/12/1994	19	9	124	32	44	93	5
15/12/1994	20	6	58	30	33	78	4
15/12/1994	21	4	38	26	31	70	2
15/12/1994	22	4	51	23	23	58	3
15/12/1994	23	3	55	20	23	54	7
16/12/1994	00	3	55	20	21	51	4
16/12/1994	01	3	51	18	18	46	3
16/12/1994	02	3	45	16	23	48	8
16/12/1994	03	4	50	14	13	34	20
16/12/1994	04	6	11	13	9	29	27
16/12/1994	05	6	12	12	8	27	31
16/12/1994	06	5	5	11	8	25	29
16/12/1994	07	5	5	10	8	23	31
16/12/1994	08	5	5	9	8	21	31
16/12/1994	09	6	34	8	9	21	31
16/12/1994	10		17				35
16/12/1994	11	11	35	9	6	20	42
16/12/1994	12	12	60	16	8	32	46
16/12/1994	13	14	179	23	8	43	51
16/12/1994	14	24	63	29	18	63	39
16/12/1994	15	27	83	32	24	73	31
16/12/1994	16	23	85	34	29	81	27
16/12/1994	17	19	149	33	33	82	21
16/12/1994	18	19	82	39	46	105	8
16/12/1994	19	12	64	28	43	85	3
16/12/1994	20	7	57	23	27	62	6
16/12/1994	21	3	20	20	27	57	3
16/12/1994	22	4	5	18	27	54	2
16/12/1994	23	6	34	13	27	47	3
17/12/1994	00	7	20	11	24	41	7
17/12/1994	01	5	44	10	20	35	8
17/12/1994	02	3	5	8	15	28	4
17/12/1994	03	3	5	5	10	17	14
17/12/1994	04	3	11	4	7	12	14
17/12/1994	05	3	27	4	5	10	18
17/12/1994	06	4	27	4	4	10	22
17/12/1994	07	4	25	4	4	10	24
17/12/1994	08	4	18	4	4	10	24
17/12/1994	09	4	15	4	4	10	27
17/12/1994	10	5	25	4	4	10	31
17/12/1994	11	5	46	4	4	10	33
17/12/1994	12	7	50	5	6	13	36
17/12/1994	13	8	69	9	8	22	44
17/12/1994	14	8	238	17	20	45	39
17/12/1994	15	12	107	26	27	68	33
17/12/1994	16	12	81	35	36	91	24
17/12/1994	17	11	93	35	40	94	21
17/12/1994	18	8	81	29	29	72	28
17/12/1994	19	4	58	25	23	61	9
17/12/1994	20	3	24	19	25	54	3
17/12/1994	21	3	10	12	23	41	4
17/12/1994	22	3	18	7	18	30	6
17/12/1994	23	3	24	5	14	21	7
18/12/1994	00	3	5	4	8	13	12
18/12/1994	01	3	15	4	5	11	13
18/12/1994	02	3	30	4	4	10	14
18/12/1994	03	3	39	4	4	10	16
18/12/1994	04	3	32	4	9	15	10
18/12/1994	05	3	59	4	8	13	7
18/12/1994	06	3	36	4	6	11	12
18/12/1994	07	3	36	4	5	10	21
18/12/1994	08	3	32	4	5	10	26
18/12/1994	09	4	45	4	5	10	28
18/12/1994	10		25				29
18/12/1994	11	4	26	5	7	14	31
18/12/1994	12	4	42	7	6	16	33
18/12/1994	13	5	136	11	10	26	34
18/12/1994	14	7	127	20	21	51	25
18/12/1994	15	15	97	29	26	69	22
18/12/1994	16	22	107	30	23	68	25
18/12/1994	17	12	71	32	31	80	23
18/12/1994	18	11	55	25	18	56	25
18/12/1994	19	11	39	21	15	49	23
18/12/1994	20	8	10	18	13	41	15
18/12/1994	21	5	36	16	10	34	5
18/12/1994	22	4	27	15	16	40	2
18/12/1994	23	3	38	15	16	38	2
19/12/1994	00	3	41	11	14	31	2
19/12/1994	01	3	37	7	13	24	2
19/12/1994	02	3	13	5	11	18	4
19/12/1994	03	3	5	4	9	14	3
19/12/1994	04	3	5	4	4	10	17
19/12/1994	05	3	5	4	4	10	25
19/12/1994	06	3	16	4	4	10	30
19/12/1994	07		10	4	8	13	28
19/12/1994	08	5	37	4	8	13	26
19/12/1994	09	5	17	4	22	28	11
19/12/1994	10	6	15	4	11	17	28
19/12/1994	11	8	38	5	7	14	45
19/12/1994	12	8	69	12	8	26	54
19/12/1994	13	8	233	23	9	44	59
19/12/1994	14	9	68	30	15	61	53
19/12/1994	15	11	63	34	26	77	35
19/12/1994	16	11	40	32	12	61	59
19/12/1994	17	12	16	34	12	64	64
19/12/1994	18	18	28	33	11	62	65
19/12/1994	19	15	5	28	11	55	61
19/12/1994	20	14	5	22	8	40	68
19/12/1994	21	14	5	16	8	32	71
19/12/1994	22	13	5	13	8	28	71
19/12/1994	23	11	8	11	7	24	73
20/12/1994	00	7	5	10	7	22	72
20/12/1994	01	8	46	9	7	20	67
20/12/1994	02	8	5	8	7	19	60
20/12/1994	03	6	5	6	7	16	57
20/12/1994	04	5	5	5	8	15	58
20/12/1994	05	8	5	4	7	12	61
20/12/1994	06	8	24	4	7	12	59
20/12/1994	07	7	19	5	7	13	61
20/12/1994	08	7	30	5	8	15	63
20/12/1994	09	8	24	6	8	16	63
20/12/1994	10	8	30	7	8	18	61
20/12/1994	11	8	30	9	7	20	61
20/12/1994	12	8	84	12	8	26	66
20/12/1994	13	8	216	21	8	39	68
20/12/1994	14	8	98	28	9	52	66
20/12/1994	15	8	67	31	8	56	66
20/12/1994	16	8	25	34	10	60	68
20/12/1994	17	7	7	34	9	61	69
20/12/1994	18	6	19	34	9	61	68
20/12/1994	19	6	5	31	9	56	68
20/12/1994	20	7	5	26	9	49	65
20/12/1994	21	7	5	24	9	45	60
20/12/1994	22	7	5	20	10	40	59
20/12/1994	23	7	13	19	9	36	59
21/12/1994	00	6	9	16	8	33	61
21/12/1994	01	5	5	15	8	31	67
21/12/1994	02	6	5	14	8	29	69
21/12/1994	03	5	14	14	8	29	69
21/12/1994	04	5	10	15	7	29	71
21/12/1994	05	5	5	14	8	30	70
21/12/1994	06	5	21	15	8	30	70
21/12/1994	07	4	5				69
21/12/1994	08	3	17	5	4	12	68
21/12/1994	09	3	21	5	4	11	68
21/12/1994	10	3	5	5	5	12	67
21/12/1994	11	3	9	5	4	11	66
21/12/1994	12	3	25	6	5	13	66
21/12/1994	13	3	29	7	5	15	64
21/12/1994	14	3	38	9	5	18	64
21/12/1994	15	4	31	10	4	19	63
21/12/1994	16	4	26	11	5	22	62
21/12/1994	17	3	17	11	4	22	61
21/12/1994	18	4	23	11	4	22	61
21/12/1994	19	4	10	11	5	22	61
21/12/1994	20	4	12	12	4	21	64
21/12/1994	21	4	11	11	4	21	64
21/12/1994	22	5	7	10	4	20	65
21/12/1994	23	5	12	11	4	20	63
22/12/1994	00	6	14	10	4	18	55
22/12/1994	01	6	17	8	4	16	57
22/12/1994	02	5	15	8	4	16	60
22/12/1994	03	5	15	10	4	18	62
22/12/1994	04	5	20	10	4	18	60
22/12/1994	05	4	5	10	4	19	56
22/12/1994	06	4	14	10	4	19	53
22/12/1994	07	5	11	9	4	18	53
22/12/1994	08	4	5	9	4	17	58
22/12/1994	09	3	5	6	5	13	72
22/12/1994	10	5	14	6	4	12	73
22/12/1994	11	4	27	11	4	20	71
22/12/1994	12	5	70	19	5	33	70
22/12/1994	13	5	54	23	6	41	70
22/12/1994	14	3	37	23	5	40	69
22/12/1994	15	4	41	23	8	42	67
22/12/1994	16	7	26	24	6	42	71
22/12/1994	17	4	23	24	7	43	70
22/12/1994	18	6	23	21	6	37	72
22/12/1994	19	7		14	5	26	70
22/12/1994	20	5		7	5	15	70
22/12/1994	21	5		4	4	10	68
22/12/1994	22	6		4	4	10	69
22/12/1994	23	7		4	4	10	66
23/12/1994	00	6		4	4	10	65
23/12/1994	01	5		4	4	10	63
23/12/1994	02	5		4	4	10	62
23/12/1994	03	8		4	4	10	60
23/12/1994	04	9		4	4	10	57
23/12/1994	05	9	10	4	4	10	57
23/12/1994	06	8	19	4	4	10	53
23/12/1994	07	8	19				50
23/12/1994	08		17	4	4	10	47
23/12/1994	09		12	4	5	11	40
23/12/1994	10		18	4	4	10	47
23/12/1994	11	10	37	6	6	14	52
23/12/1994	12	11	47	11	6	22	57
23/12/1994	13	11	59	17	8	33	62
23/12/1994	14	8	232	25	5	43	66
23/12/1994	15	8	65	32	6	55	69
23/12/1994	16	9	43	39	12	72	61
23/12/1994	17	13	56	45	28	97	45
23/12/1994	18	11	102	42	34	99	34
23/12/1994	19	4	90	35	37	92	6
23/12/1994	20	3	13	25	33	71	7
23/12/1994	21	4	5	17	30	55	13
23/12/1994	22	4	5	11	19	35	17
23/12/1994	23	4	5	7	18	29	15
24/12/1994	00		6	5	7	14	35
24/12/1994	01		10	4	5	10	43
24/12/1994	02		16	4	5	10	40
24/12/1994	03		13	4	4	10	39
24/12/1994	04		21	4	5	10	35
24/12/1994	05		12	4	4	8	35
24/12/1994	06		19	4	4	8	37
24/12/1994	07		25	4	4	9	35
24/12/1994	08		12	4	4	8	39
24/12/1994	09		14	4	4	8	37
24/12/1994	10		33	4	4	8	41
24/12/1994	11		31	5	5	12	46
24/12/1994	12	8	57	10	6	21	54
24/12/1994	13	7	70	17	7	32	57
24/12/1994	14	7	195	24	8	44	60
24/12/1994	15	8	115	32	9	58	62
24/12/1994	16	7	52	36	11	67	63
24/12/1994	17	7	34	41	18	80	52
24/12/1994	18	9	30	38	26	84	34
24/12/1994	19	4	20	30	28	74	7
24/12/1994	20	3	17	21	18	50	22
24/12/1994	21	3	5	14	12	34	26
24/12/1994	22	4	5	10	8	22	41
24/12/1994	23	4	18	7	6	16	45
25/12/1994	00		21	6	5	13	44
25/12/1994	01		33	5	4	11	45
25/12/1994	02		5	5	4	11	45
25/12/1994	03		14	4	4	10	45
25/12/1994	04		18	4	4	10	44
25/12/1994	05		19	4	4	9	42
25/12/1994	06		23	4	4	9	42
25/12/1994	07		14				41
25/12/1994	08		17	4	4	9	42
25/12/1994	09		9	5	4	10	43
25/12/1994	10		21	5	4	10	44
25/12/1994	11		30	7	5	15	49
25/12/1994	12	5	58	12	6	24	57
25/12/1994	13	5	67	19	7	35	67
25/12/1994	14	4	247	27	8	49	69
25/12/1994	15	4	141	36	12	66	65
25/12/1994	16	5	76	41	11	74	67
25/12/1994	17	4	48	44	13	80	65
25/12/1994	18	4	32	43	28	93	44
25/12/1994	19	3	5	32	28	77	17
25/12/1994	20	3	5	23	15	50	29
25/12/1994	21	3	5	16	12	36	32
25/12/1994	22	3	5	11	11	30	30
25/12/1994	23		5	8	9	21	34
26/12/1994	00		28	6	7	16	30
26/12/1994	01		15	5	6	13	33
26/12/1994	02		24	4	6	11	33
26/12/1994	03		23	4	4	9	38
26/12/1994	04		14	4	4	8	36
26/12/1994	05		19	4	4	8	42
26/12/1994	06		17	4	4	8	43
26/12/1994	07		19	4	4	8	40
26/12/1994	08		20	4	4	8	39
26/12/1994	09		15	4	4	8	43
26/12/1994	10		17	4	4	8	46
26/12/1994	11		45	6	5	13	47
26/12/1994	12		79	11	5	22	53
26/12/1994	13		86	19	6	35	62
26/12/1994	14		260	28	7	50	66
26/12/1994	15		106	38	12	71	64
26/12/1994	16		71	44	12	80	58
26/12/1994	17		52	46	13	85	61
26/12/1994	18		25	43	20	85	40
26/12/1994	19		13	33	22	71	22
26/12/1994	20		5	23	17	52	20
26/12/1994	21		5	16	12	37	26
26/12/1994	22		5	11	9	26	21
26/12/1994	23		5	9	7	19	31
27/12/1994	00		11	7	5	15	40
27/12/1994	01		7	6	5	13	37
27/12/1994	02		14	5	4	11	34
27/12/1994	03		6	5	4	11	30
27/12/1994	04		16	4	4	9	34
27/12/1994	05		17	4	4	8	28
27/12/1994	06		5	4	4	8	34
27/12/1994	07		13				35
27/12/1994	08		7	4	8	13	37
27/12/1994	09		25	4	11	17	30
27/12/1994	10		29	5	10	16	43
27/12/1994	11		43	8	9	21	49
27/12/1994	12		60	15	9	33	56
27/12/1994	13		95	38	44	102	40
27/12/1994	14		397	46	39	110	40
27/12/1994	15		160	47	29	101	47
27/12/1994	16		82	47	29	102	49
27/12/1994	17		66	49	37	111	36
27/12/1994	18		67	53	47	128	9
27/12/1994	19		57	48	45	117	2
27/12/1994	20		24	29	32	77	13
27/12/1994	21		6	22	21	54	19
27/12/1994	22		5	17	17	42	23
27/12/1994	23		5	14	14	36	21
28/12/1994	00		13	11	11	29	23
28/12/1994	01		6	10	10	24	41
28/12/1994	02		24	9	10	23	47
28/12/1994	03		30	11	9	25	53
28/12/1994	04		44	12	9	28	52
28/12/1994	05		15	12	8	27	56
28/12/1994	06		11	12	8	26	55
28/12/1994	07		11	12	8	27	56
28/12/1994	08		21	12	8	27	52
28/12/1994	09		15	11	10	27	51
28/12/1994	10		5	12	9	27	54
28/12/1994	11		32	16	9	32	56
28/12/1994	12		61	23	9	44	57
28/12/1994	13		238	36	16	71	56
28/12/1994	14		92	45	26	94	53
28/12/1994	15		87	46	27	98	54
28/12/1994	16		93	48	33	106	58
28/12/1994	17		114	48	33	106	57
28/12/1994	18		91	48	43	117	28
28/12/1994	19		84	54	47	131	2
28/12/1994	20		22	33	32	82	11
28/12/1994	21		5	23	26	61	20
28/12/1994	22		5	18	21	49	19
28/12/1994	23		5	14	16	37	19
29/12/1994	00		14	12	13	32	22
29/12/1994	01		23	10	11	27	28
29/12/1994	02		11	9	11	24	34
29/12/1994	03		17	9	10	23	35
29/12/1994	04		15	9	8	21	40
29/12/1994	05		26	9	8	21	41
29/12/1994	06		8	9	7	20	44
29/12/1994	07		10				46
29/12/1994	08		6	5	6	13	47
29/12/1994	09		13	4	9	15	45
29/12/1994	10		22	5	7	13	51
29/12/1994	11		30	9	7	20	56
29/12/1994	12		86	17	7	33	62
29/12/1994	13		251	30	9	54	64
29/12/1994	14		86	37	17	73	63
29/12/1994	15		69	40	25	86	53
29/12/1994	16		70	40	33	94	
29/12/1994	17	5	154	39	41	101	16
29/12/1994	18	5	87	36	41	97	18
29/12/1994	20	9	205				29
29/12/1994	21	12	16				58
29/12/1994	22	12	37				71
29/12/1994	23	12	38				64
30/12/1994	00	12	5				62
30/12/1994	01	12	19				57
30/12/1994	02	12	5				57
30/12/1994	03	12	7				65
30/12/1994	04	22	40				32
30/12/1994	05	16	84				49
30/12/1994	06	12	34				60
30/12/1994	07	12	28				52
30/12/1994	08	12	9				49
30/12/1994	09	12	5				42
30/12/1994	10	12	5				43
30/12/1994	11	12	24				53
30/12/1994	12	12	33				57
30/12/1994	13	12	42				60
30/12/1994	14	11	37				59
30/12/1994	15	12	29				57
30/12/1994	16	12	31				54
30/12/1994	17	12	19				50
30/12/1994	18	12	13				42
30/12/1994	19	14	32				39
30/12/1994	20	12	36				47
30/12/1994	21	12	36				53
30/12/1994	22	13	20				49
30/12/1994	23	12	32				50
31/12/1994	00	12	5				48
31/12/1994	01	12	12				50
31/12/1994	02	12	20				36
31/12/1994	03	12	32				26
31/12/1994	04	11	5				28
31/12/1994	05	11	5				53
31/12/1994	06	12	19				55
31/12/1994	07	12	31				57
31/12/1994	08	11	23				58
31/12/1994	09	12	17				48
31/12/1994	10	12	5				31
31/12/1994	11	11	17				25
31/12/1994	12	13	48				31
31/12/1994	13	18	84				35
31/12/1994	14	13	81				46
31/12/1994	15	12	45				50
31/12/1994	16	12	31				53
31/12/1994	17	12	39				54
31/12/1994	18	11	37				58
31/12/1994	19	9	37				56
31/12/1994	20	4	38	6	4	11	58
31/12/1994	21	5	25	6	4	11	58
31/12/1994	22	5	21	6	4	11	59
31/12/1994	23	4	23	6	4	11	56
