Red: Red de Vigilancia y Control de la Contaminación Atmosférica
Estación: 12053003-Xilxes UM Parque
	
FECHA	HORA	PM2.5	Veloc.	Direc.	Temp.	H.Rel.	Pres.	R.Sol.	Precip.	SO2	CO	NO	NO2	PM10	NOx	O3	Veloc.máx.
		µg/m³	m/s	grados	°C	% H.R.	mb	W/m²	l/m²	µg/m³	mg/m³	µg/m³	µg/m³	µg/m³	µg/m³	µg/m³	m/s
09/05/2024	11								0,1								
09/05/2024	12	5	2,5	195	22,3	45	1015	974	0	3	0,1	2	11	11	14	84	7,4
09/05/2024	13	4	2,2	197	22,9	40	1015	1020	0	3	0,1	2	5	7	8	92	6,5
09/05/2024	14	4	2,9	188	22,5	45	1015	985	0	3	0,1	2	4	9	7	98	7,8
09/05/2024	15	5	2,9	190	22,2	49	1014	871	0	3	0,1	2	3	10	5	106	8
09/05/2024	16	5	2,4	194	21,9	48	1014	652	0	3	0,1	2	3	9	6	97	7,1
09/05/2024	17	5	1,6	197	21,2	49	1014	106	0	3	0,1	2	2	9	5	95	5
09/05/2024	18	5	0,6	212	20,5	50	1014	0	0	3	0,1	2	3	10	6	94	3,1
09/05/2024	19	5	0,2	200	19,9	53	1015	0	0	3	0,1	2	4	10	7	92	1,1
09/05/2024	20	5	0,1	12	19	55	1015	0	0	3	0,1	2	6	11	9	85	0,5
09/05/2024	21	6	0,3	9	18	57	1016	0	0	4	0,1	2	6	12	9	78	1,1
09/05/2024	22	6	0,6	22	16,8	60	1016	0	0	3	0,1	2	7	11	10	67	2,1
09/05/2024	23	7	0,4	7	16,1	61	1016	0	0	3	0,1	2	11	15	13	62	1,3
10/05/2024	00	7	0,1	23	14,9	66	1015	0	0	3	0,1	2	8	14	11	52	0,6
10/05/2024	01	7	0,2	8	14,6	65	1015	0	0	3	0,1	2	9	18	12	51	0,8
10/05/2024	02	8	0,3	15	14,5	65	1014	0	0	3	0,1	3	16	17	19	51	1,2
10/05/2024	03	7	0,1	29	14,4	64	1014	0	0	3	0,1	2	9	14	12	56	0,6
10/05/2024	04	10	0,5	10	13,5	66	1014	0	0	3	0,1	2	22	21	25	43	1,5
10/05/2024	05	8	1,1	16	13,8	63	1014	0	0	3	0,1	3	46	19	49	31	2,6
10/05/2024	06	8	0,8	19	15,4	57	1015	2	0	3	0,1	3	35	25	39	44	1,9
10/05/2024	07	8	1,8	30	18,3	58	1015	73	0	4	0,1	6	34	24	42	54	5,2
10/05/2024	08	16	1,7	54	19,4	62	1015	139	0	16	0,1	3	22	37	26	67	5,2
10/05/2024	09	13	1,8	96	21	61	1015	539	0	10	0,1	3	14	42	19	73	5,1
10/05/2024	10	6	1,7	125	21,4	61	1015	547	0	5	0,1	2	4	12	6	83	4,8
10/05/2024	11	6	1	149	22,4	56	1016	763	0	5	0,1	2	2	12	5	89	3,6
10/05/2024	12	4	2	185	23,5	36	1015	959	0	5	0,1	2	2	8	4	99	5,9
10/05/2024	13	4	2,1	175	22,7	44	1015	715	0	5	0,1	2	2	7	4	102	5,5
10/05/2024	14	5	1,4	165	21,9	51	1015	595	0	5	0,1	2	4	8	6	98	4,2
10/05/2024	15	5	2,5	159	22,6	44	1014	950	0	5	0,1	2	2	8	5	105	5,9
10/05/2024	16	4	1,8	162	22,3	46	1014	756	0	4	0,1	2	2	6	5	104	4,7
10/05/2024	17	4	0,7	157	21,3	46	1014	162	0	4	0,1	2	2	6	5	105	3
10/05/2024	18	3	0,4	158	20,8	40	1014	0	0	4	0,1	2	1	7	4	106	1,9
10/05/2024	19	4	0,2	140	20,4	42	1014	30	0	4	0,1	2	2	14	5	105	0,7
10/05/2024	20	8	0,2	134	18,7	54	1015	0	0	5	0,1	2	11	37	14	89	0,5
10/05/2024	21	6	0,2	50	16,7	62	1015	0	0	5	0,1	2	15	13	17	60	0,5
10/05/2024	22	5	0,1	299	15,8	58	1015	0	0	3	0,1	2	7	11	10	65	0,5
10/05/2024	23	5	0,1	312	15,6	59	1015	0	0	3	0,1	2	6	10	9	71	0,5
11/05/2024	00	4	0,1	300	15,3	56	1015	0	0	3	0,1	2	5	8	8	73	0,5
11/05/2024	01	5	0,1	310	14,7	59	1015	0	0	3	0,1	2	4	9	7	71	0,5
11/05/2024	02	5	0,1	280	14,2	59	1014	0	0	3	0,1	2	5	11	8	66	0,5
11/05/2024	03	4	0,1	243	14,9	53	1014	0	0	3	0,1	2	3	9	6	80	0,5
11/05/2024	04	5	0,1	287	14,2	57	1014	0	0	3	0,1	2	5	11	7	74	0,4
11/05/2024	05	11	0,1	349	13,4	61	1014	0	0	3	0,1	3	23	48	27	50	0,5
11/05/2024	06	36	0,1	76	13,7	63	1014	0	0	3	0,1	5	36	224	44	23	0,5
11/05/2024	07	14	0,2	142	18,2	46	1015	52	0	8	0,1	4	25	41	30	49	0,5
11/05/2024	08	16	0,1	172	21,2	39	1015	170	0	11	0,1	3	19	33	23	71	0,9
11/05/2024	09	8	0,5	158	21,5	46	1015	542	0	4	0,1	2	8	16	11	82	2,3
11/05/2024	10	7	0,7	186	21,7	48	1015	572	0	3	0,1	2	6	11	8	92	2,9
11/05/2024	11	6	1,2	188	22,1	45	1015	790	0	3	0,1	2	5	10	7	100	3,8
11/05/2024	12	9	1,3	182	22,5	42	1015	858	0	4	0,1	2	5	12	7	106	4,6
11/05/2024	13	7	1,7	170	22,1	48	1014	693	0	3	0,1	2	4	11	7	100	5,2
11/05/2024	14	5	0,7	176	21,8	48	1015	541	0	3	0,1	2	3	8	6	102	3,1
11/05/2024	15	3	0,8	171	23,2	40	1014	862	0	3	0,1	2	1	5	4	104	3,2
11/05/2024	16	3	0,9	145	22,6	43	1014	608	0	3	0,1	2	1	4	3	103	3,1
11/05/2024	17	3	0,9	152	21,2	52	1014	145	0	3	0,1	2	2	5	5	100	2,8
11/05/2024	18	3	0,4	155	20,4	59	1013	3	0	3	0,1	2	1	5	4	104	1,7
11/05/2024	19	4	0,2	169	19,5	63	1014	0	0	3	0,1	2	3	5	5	107	1
11/05/2024	20	6	0,1	146	18,7	68	1014	0	0	3	0,1	2	4	8	6	105	0,5
11/05/2024	21	10	0,1	79	17,7	75	1014	0	0	3	0,1	2	9	13	12	86	0,5
11/05/2024	22	8	0,1	313	16,7	76	1014	0	0	3	0,1	2	6	11	9	68	0,5
11/05/2024	23	8	0,1	319	17,1	72	1014	0	0	3	0,1	2	7	13	10	66	0,5
12/05/2024	00	6	0,1	332	17	70	1014	0	0	3	0,1	2	4	9	7	70	0,5
12/05/2024	01	7	0,1	15	16,3	74	1014	0	0	3	0,1	2	6	10	8	54	0,5
12/05/2024	02	9	0,1	263	16,5	71	1013	0	0	3	0,1	2	5	14	8	62	0,5
12/05/2024	03	7	0,1	255	15,6	73	1013	0	0	3	0,1	2	4	11	7	54	0,5
12/05/2024	04	8	0,1	4	14,8	77	1013	0	0	3	0,1	2	6	16	9	44	0,5
12/05/2024	05	10	0,1	297	15,7	73	1013	0	0	3	0,1	2	8	16	10	54	0,5
12/05/2024	06	16	0,1	243	16,1	71	1013	0	0	3	0,1	2	13	28	16	51	0,5
12/05/2024	07	26	0,1	239	18,6	64	1013	50	0	10	0,1	2	20	40	22	61	0,5
12/05/2024	08	35	0,2	173	21,4	56	1014	157	0	25	0,1	2	24	55	27	71	0,6
12/05/2024	09	45	0,5	153	22,8	46	1014	533	0	36	0,1	3	24	65	29	69	2
12/05/2024	10	15	1,7	160	22,5	43	1014	550	0	7	0,1	2	10	23	13	79	4,3
12/05/2024	11	7	1,9	157	22,6	47	1014	767	0	3	0,1	2	5	11	7	89	5,2
12/05/2024	12	5	2,1	170	22,4	52	1013	935	0	3	0,1	2	3	7	5	90	5,6
12/05/2024	13	4	1,6	191	22,7	49	1013	992	0	3	0,1	2	1	6	4	89	4,9
12/05/2024	14	3	2	168	22,8	48	1013	936	0	3	0,1	2	1	5	3	89	5,6
12/05/2024	15	3	1,7	156	22,4	53	1012	777	0	3	0,1	2	1	5	3	91	4,5
12/05/2024	16	3	1,4	161	22,6	51	1011	714	0	3	0,1	2	1	4	4	97	4,1
12/05/2024	17	3	1,2	138	21,6	56	1011	212	0	3	0,1	2	1	5	3	99	3,5
12/05/2024	18	3	1,1	124	20,8	59	1011	59	0	3	0,1	2	1	6	4	99	3,2
12/05/2024	19	3	0,4	113	20	59	1012	4	0	3	0,1	2	2	6	4	101	1,5
12/05/2024	20	4	0,1	40	19,2	63	1012	0	0	3	0,1	2	3	6	6	93	0,7
12/05/2024	21	4	0,1	113	19	67	1013	0	0	3	0,1	2	6	7	8	85	0,5
12/05/2024	22	5	0,1	312	18,9	65	1013	0	0	3	0,1	2	7	10	10	73	0,5
12/05/2024	23	6	0,1	313	18,8	62	1013	0	0	3	0,1	2	6	10	8	77	0,5
13/05/2024	00	6	0,1	255	19	60	1012	0	0	3	0,1	2	5	13	7	75	0,5
13/05/2024	01	6	0,1	272	18,4	61	1012	0	0	3	0,1	2	4	11	7	71	0,6
13/05/2024	02	5	0,1	283	18,1	61	1011	0	0	3	0,1	2	3	10	6	74	0,5
13/05/2024	03	6	0,4	10	17	66	1011	0	0	3	0,1	2	4	10	7	59	1,3
13/05/2024	04	8	0,5	13	16,5	67	1011	0	0	3	0,1	2	18	15	20	47	1,5
13/05/2024	05	9	0,1	262	16,5	65	1010	0	0	3	0,1	2	18	19	21	50	0,5
13/05/2024	06	6	0,1	245	17,2	60	1011	2	0	3	0,1	2	13	16	15	62	0,5
13/05/2024	07	9	0,1	250	21	48	1011	53	0	4	0,1	2	13	23	16	68	0,6
13/05/2024	08	8	0,6	176	23,4	38	1010	156	0	4	0,1	3	10	31	13	85	1,9
13/05/2024	09	9	1,7	161	22,3	50	1010	529	0	3	0,1	2	12	21	14	76	4,3
13/05/2024	10	11	1,5	188	22	53	1010	554	0	4	0,1	2	10	22	13	89	4,1
13/05/2024	11	12	2,4	159	22,3	53	1010	686	0	4	0,1	2	8	18	10	94	5,7
13/05/2024	12	8	2,6	155	22,4	55	1009	849	0	3	0,1	2	6	13	9	98	6,1
13/05/2024	13	4	2,7	153	22,5	56	1008	785	0	3	0,1	2	2	7	5	97	6
13/05/2024	14	3	2,4	150	22,4	53	1008	721	0	3	0,1	2	1	5	4	98	6
13/05/2024	15	4	2	152	21,6	58	1007	464	0	3	0,1	2	1	5	4	102	5
13/05/2024	16	4	1,3	154	21,6	65	1007	493	0	3	0,1	2	2	6	4	96	4,1
13/05/2024	17	4	0,8	145	21	67	1006	163	0	3	0,1	2	1	6	3	93	2,6
13/05/2024	18	4	0,5	139	20,7	62	1006	40	0	3	0,1	2	1	6	4	99	2,1
13/05/2024	19	4	0,3	131	20	67	1005	25	0	3	0,1	2	2	7	5	105	1,6
13/05/2024	20	6	0,2	111	18,8	78	1005	0	0	3	0,1	2	6	9	9	95	0,9
13/05/2024	21	7	0,3	84	18,6	79	1005	0	0	3	0,1	2	6	13	8	92	1,2
13/05/2024	22	7	0,3	63	18,6	78	1005	0	0	3	0,1	2	5	12	7	93	1,1
13/05/2024	23	7	0,4	16	17,7	82	1004	0	0	3	0,1	2	5	9	8	77	1,4
14/05/2024	00	7	0,6	12	17,2	83	1003	0	0	3	0,1	2	4	10	7	74	1,6
14/05/2024	01	8	0,4	9	17,3	82	1002	0	0	3	0,1	2	4	10	6	81	1,2
14/05/2024	02	7	0,2	336	17,4	75	1002	0	0	3	0,1	2	4	10	7	71	0,6
14/05/2024	03	9	0,1	259	17,1	75	1001	0	0	3	0,1	2	5	13	8	60	0,5
14/05/2024	04	10	0,1	226	16,6	76	1000	0	0	3	0,1	2	8	18	11	57	0,5
14/05/2024	05	11	0,1	198	16,1	77	1000	0	0	3	0,1	4	22	23	28	36	0,5
14/05/2024	06	14	0,1	253	17	72	1000	0	0	3	0,1	2	24	53	27	41	0,5
14/05/2024	07								0								
14/05/2024	08								0								
14/05/2024	09	24	1,1	100	21,1	57	1002	633	0	12	0,1	5	22	43	29	64	4,4
14/05/2024	10	7	1,7	129	22,2	55	1002	888	0	3	0,1	2	4	13	7	87	4,9
14/05/2024	11	5	2,2	137	22,5	54	1002	976	0	3	0,1	2	3	10	6	83	6
14/05/2024	12	5	2,3	144	22,7	54	1001	1007	0	3	0,1	2	2	11	5	87	5,7
14/05/2024	13	4	2,6	136	22,9	52	1001	983	0	3	0,1	2	2	12	5	87	5,9
14/05/2024	14	5	2,9	144	22,8	56	1001	890	0	3	0,1	2	1	8	4	93	6,5
14/05/2024	15	4	2,7	127	22	60	1001	512	0	3	0,1	2	2	8	5	90	6,9
14/05/2024	16	4	1,3	138	21,5	61	1001	426	0	3	0,1	2	2	9	5	88	4,5
14/05/2024	17	4	1	175	21	64	1001	218	0	3	0,1	2	1	9	4	90	4,1
14/05/2024	18	4	0,8	196	19,9	69	1001	9	0	3	0,1	2	2	9	5	91	2,7
14/05/2024	19	4	0,4	189	19,3	71	1002	0	0	3	0,1	2	3	8	6	88	1,5
14/05/2024	20	4	0,2	17	18,3	73	1003	0	0	3	0,1	2	5	10	8	80	1,2
14/05/2024	21	5	0,4	359	17,8	69	1003	0	0	4	0,1	2	5	11	8	75	1,5
14/05/2024	22	5	0,1	3	17,7	67	1003	0	0	4	0,1	2	5	10	8	71	0,6
14/05/2024	23	4	0,2	174	17,2	66	1003	0	0	3	0,1	2	3	9	6	71	0,5
15/05/2024	00	4	0,1	162	17	69	1003	0	0	3	0,1	2	3	9	6	71	0,5
15/05/2024	01	4	0,1	187	16,8	67	1003	0	0	4	0,1	2	3	7	6	73	0,5
15/05/2024	02	4	0,1	98	15,6	71	1002	0	0	3	0,1	2	7	7	10	58	0,5
15/05/2024	03	6	0,1	77	14,1	77	1002	0	0	3	0,1	2	15	10	18	35	0,5
15/05/2024	04	5	0,2	110	13,8	76	1002	0	0	3	0,1	2	9	10	12	45	0,8
15/05/2024	05	7	0,4	36	13,9	75	1002	0	0	3	0,1	2	17	16	20	37	1,5
15/05/2024	06	6	0,2	30	15,2	68	1003	0	0	4	0,1	2	19	15	22	44	0,7
15/05/2024	07	7	0,1	256	17,6	58	1003	102	0	4	0,1	2	14	20	18	56	0,7
15/05/2024	08	7	1	101	19,5	51	1004	294	0	6	0,1	2	10	17	13	62	3,5
15/05/2024	09	5	1,6	108	19,9	53	1004	633	0	3	0,1	2	6	11	9	70	4,7
15/05/2024	10	3	2,8	122	20,2	53	1004	783	0	3	0,1	2	2	10	5	79	7,1
15/05/2024	11	3	2,4	127	20,4	53	1004	897	0	3	0,1	2	2	12	5	83	6,8
15/05/2024	12	3	2,8	126	20,6	51	1004	1010	0	3	0,1	2	2	9	5	84	7,2
15/05/2024	13	3	3,5	114	20,6	49	1003	999	0	3	0,1	2	2	10	4	86	9,2
15/05/2024	14	4	3,8	106	20,7	50	1003	915	0	3	0,1	2	1	17	4	90	8,9
15/05/2024	15	3	3,3	107	20,5	54	1003	541	0	3	0,1	2	1	8	4	91	8
15/05/2024	16	3	2,6	117	20,3	56	1003	581	0	3	0,1	2	1	6	4	93	6,7
15/05/2024	17	3	2,2	141	19,8	61	1003	283	0	3	0,1	2	3	6	6	90	5,9
15/05/2024	18	4	1,2	133	18,7	68	1003	0	0	3	0,1	2	2	8	5	96	3,8
15/05/2024	19	4	0,6	132	18,3	72	1004	0	0	3	0,1	2	2	9	5	92	2,1
15/05/2024	20	5	0,3	127	17,8	76	1005	0	0	3	0,1	2	4	14	7	85	1,1
15/05/2024	21	6	0,2	116	17,6	77	1005	0	0	3	0,1	2	4	11	7	86	1,1
15/05/2024	22	5	0,2	27	16,8	80	1005	0	0	3	0,1	2	4	9	7	80	1
15/05/2024	23	5	0,3	14	16,3	80	1005	0	0	3	0,1	2	3	9	6	77	0,9
16/05/2024	00	5	0,1	170	15,5	78	1005	0	0	3	0,1	2	3	8	6	65	0,5
16/05/2024	01	5	0,1	236	15,2	76	1004	0	0	3	0,1	2	3	10	6	67	0,5
16/05/2024	02	6	0,1	192	14,8	77	1004	0	0	3	0,1	2	3	9	6	68	0,5
16/05/2024	03	6	0,1	111	14,6	73	1004	0	0	3	0,1	2	3	9	5	69	0,5
16/05/2024	04	6	0,1	219	14,5	73	1003	0	0	3	0,1	2	6	10	9	64	0,8
16/05/2024	05	10	0,1	27	12,5	80	1003	0	0	3	0,1	2	20	21	24	35	0,6
16/05/2024	06	13	0,2	65	13,4	75	1004	50	0	3	0,1	5	27	44	34	28	0,9
16/05/2024	07	17	0,2	134	16,9	62	1004	267	0	9	0,1	3	19	51	23	48	0,6
16/05/2024	08	30	0,3	173	19,7	48	1004	544	0	21	0,1	6	20	54	29	57	1,6
16/05/2024	09	5	0,3	234	23,1	22	1004	756	0	3	0,1	2	2	31	5	94	2,7
16/05/2024	10	4	0,9	230	23,8	21	1003	908	0	3	0,1	2	1	21	4	102	5,1
16/05/2024	11	5	2	241	24,1	20	1003	1003	0,1	3	0,1	1	5	30	6	107	6,8
16/05/2024	12	5	2,9	240	24,5	19	1002	1041	0	3	0,1	1	4	18	6	110	9,8
16/05/2024	13	4	2,2	241	25,8	17	1002	1030	0	3	0,1	1	4	12	6	113	8,1
16/05/2024	14	4	2,3	238	26,5	16	1001	921	0	3	0,1	1	4	10	6	114	8,8
16/05/2024	15	4	2	242	27,3	16	1001	573	0	3	0,1	1	4	13	6	113	8,1
16/05/2024	16	4	1,9	252	26,7	19	1001	300	0	3	0,1	1	4	11	6	109	6,9
16/05/2024	17	11	4,6	28	22,5	41	1002	122	0	4	0,1	1	9	57	10	108	10,4
16/05/2024	18	7	3,5	23	21,3	47	1002	13	0	3	0,1	1	8	26	10	108	7,9
16/05/2024	19	7	2,8	26	20,5	56	1003	0	0	3	0,1	1	10	16	12	99	6,9
16/05/2024	20	7	2,6	34	19,3	61	1004	0	0	3	0,1	1	11	16	13	100	6,2
16/05/2024	21	7	1,4	27	18,8	60	1004	0	0	6	0,1	1	14	18	15	88	4,1
16/05/2024	22	7	0,3	355	18,4	57	1005	0	0	6	0,1	1	13	16	14	84	1
16/05/2024	23	7	0,2	185	17	64	1005	0	0	5	0,1	1	17	18	19	60	0,8
17/05/2024	00	8	0,1	40	16,4	69	1005	0	0	4	0,1	1	25	18	27	43	0,6
17/05/2024	01	9	0,1	201	17,2	64	1005	0	0	5	0,1	1	20	21	21	55	0,6
17/05/2024	02	11	0,1	206	17,3	68	1005	0	0	6	0,1	1	27	27	28	52	0,6
17/05/2024	03	12	0,1	39	16,6	73	1004	0	0	6	0,1	1	20	27	22	56	0,5
17/05/2024	04	12	0,1	53	14,7	82	1004	0	0	5	0,1	1	15	25	17	43	0,5
17/05/2024	05	9	0,1	22	13,9	83	1004	0	0	4	0,1	1	17	22	19	41	0,5
17/05/2024	06	16	0,1	21	15,5	79	1005	0	0	4	0,1	2	29	77	31	39	0,5
17/05/2024	07	14	0,1	163	17	72	1005	72	0	5	0,2	11	40	42	56	28	0,5
17/05/2024	08	14	0,2	178	19,5	65	1006	508	0	6	0,1	4	20	33	27	65	1,3
17/05/2024	09	9	0,7	165	20,7	58	1006	741	0	6	0,1	1	11	19	12	84	2,7
17/05/2024	10	8	2,6	154	20,9	60	1006	890	0	6	0,1	1	11	17	13	84	6,5
17/05/2024	11	6	2,3	159	22,1	47	1006	938	0	4	0,1	1	9	14	10	92	6
17/05/2024	12	3	1,8	168	22,7	39	1005	763	0	3	0,1	1	6	10	8	100	4,9
17/05/2024	13	3	2,3	167	23,8	39	1005	997	0	3	0,1	1	7	9	8	100	6,9
17/05/2024	14	5	2,3	181	22,9	55	1004	727	0	3	0,1	1	6	11	7	108	7,1
17/05/2024	15	5	1,9	218	22,5	53	1004	367	0	3	0,1	1	6	10	7	108	5,7
17/05/2024	16	6	1,7	209	22,7	52	1004	595	0	3	0,1	1	5	11	6	104	5,4
17/05/2024	17	5	1,9	219	22,1	51	1004	275	0	3	0,1	1	6	12	7	103	6,2
17/05/2024	18	5	1	217	21,7	50	1004	0	0	3	0,1	1	7	12	8	100	3,5
17/05/2024	19	5	0,7	121	20,8	56	1005	0	0	4	0,1	1	5	12	7	97	2,6
17/05/2024	20	21	2,8	52	19,3	71	1005	0	0	9	0,1	1	13	44	14	97	6,5
17/05/2024	21	18	2,1	31	18,9	75	1006	0	0	10	0,1	1	14	35	15	94	5,2
17/05/2024	22	8	1,6	30	18,7	74	1006	0	0	4	0,1	1	12	16	13	94	4,9
17/05/2024	23	15	1,8	47	18,8	70	1006	0	0	7	0,1	1	23	30	25	80	4,6
18/05/2024	00	20	1,7	65	18,2	72	1006	0	0	12	0,1	1	35	49	36	62	4,5
18/05/2024	01	13	0,6	28	17,1	75	1006		0	8	0,1	1	30	31	32	53	2,2
18/05/2024	02	11	0,7	16	16,8	80	1006		0	6	0,1	1	25	22	26	58	1,8
18/05/2024	03	9	0,7	17	17,2	83	1006		0	4	0,1	1	15	18	16	72	2
18/05/2024	04	8	0,7	19	17,2	81	1006		0	4	0,1	1	11	15	12	75	2,4
18/05/2024	05	9	0,5	19	17,3	77	1006		0	4	0,1	1	16	18	17	67	1,9
18/05/2024	06	8	1,3	20	17,7	71	1007		0	4	0,1	1	17	17	18	71	3,9
18/05/2024	07	6	1,8	25	19,2	60	1007		0	5	0,1	1	10	11	11	83	5
18/05/2024	08	6	1,8	38	20,6	50	1008		0,1	7	0,1	1	11	14	13	81	4,8
18/05/2024	09	9	2,2	89	21,4	53	1008		0	8	0,1	1	8	18	9	86	5,8
18/05/2024	10	6	2,6	122	21,5	57	1008		0	3	0,1	1	5	11	6	92	7,4
18/05/2024	11	5	2,9	121	21,6	54	1008		0	3	0,1	1	5	10	6	85	7,3
18/05/2024	12	5	2,9	117	21,7	56	1008		0	3	0,1	1	4	9	5	89	7,6
18/05/2024	13	7	3	125	21,7	65	1008		0	3	0,1	1	4	13	5	94	8,2
18/05/2024	14	8	2,7	118	21,9	64	1007		0	3	0,1	1	4	14	5	97	7,2
18/05/2024	15	8	2,4	116	21,6	66	1007		0	3	0,1	1	4	14	5	99	6,6
18/05/2024	16	8	2,3	107	20,9	69	1007		0	3	0,1	1	4	14	5	100	6,6
18/05/2024	17	8	1,5	116	20,1	73	1007		0	3	0,1	1	4	14	5	97	5,1
18/05/2024	18	8	1,4	122	19,5	75	1007		0	3	0,1	1	5	14	6	105	4
18/05/2024	19	7	0,7	114	18,9	79	1007		0	3	0,1	1	6	13	7	104	2,7
18/05/2024	20	7	0,5	119	18,6	82	1008		0	3	0,1	1	7	14	8	99	1,9
18/05/2024	21	8	0,7	83	18,1	82	1008		0	3	0,1	1	7	14	8	95	2,3
18/05/2024	22	10	0,6	30	17,7	83	1009		0	3	0,1	1	8	21	9	87	2,1
18/05/2024	23	10	0,7	15	17,1	85	1009		0	3	0,1	1	10	16	11	76	2
19/05/2024	00	10	0,2	31	16,8	85	1008		0	3	0,1	1	11	17	12	68	0,8
19/05/2024	01	10	0,1	19	16,7	84	1007		0	3	0,1	1	14	18	15	67	0,6
19/05/2024	02	10	0,1	148	16,8	84	1007		0	3	0,1	1	9	16	10	64	0,5
19/05/2024	03	10	0,1	31	16,1	85	1007		0	3	0,1	1	7	16	8	55	0,5
19/05/2024	04	11	0,2	11	15,9	85	1007		0	3	0,1	1	9	17	10	47	0,7
19/05/2024	05	14	0,2	354	15,7	84	1007		0	3	0,1	1	12	23	13	55	0,8
19/05/2024	06	12	0,2	339	16,2	80	1007		0	3	0,1	1	12	19	13	61	1
19/05/2024	07	10	0,9	23	18,7	71	1008		0	4	0,1	1	11	17	12	78	2,9
19/05/2024	08	13	1	59	20,1	64	1008		0	7	0,1	1	13	23	14	83	3,5
19/05/2024	09	11	1,3	99	21	61	1008		0	8	0,1	1	10	21	12	87	4
19/05/2024	10	6	1,9	124	21,6	64	1008		0	3	0,1	1	4	12	5	95	5,4
19/05/2024	11	6	1,8	131	21,8	63	1007		0	3	0,1	1	4	11	5	93	5,4
19/05/2024	12	6	2,1	139	22,3	61	1007		0	3	0,1	1	4	12	5	92	5,3
19/05/2024	13	6	2,3	141	22,4	60	1006		0	3	0,1	1	4	11	5	93	6,1
19/05/2024	14	6	2,5	135	22,4	61	1005		0	3	0,1	1	4	11	5	93	6,5
19/05/2024	15	6	2,3	136	22	64	1005		0	3	0,1	1	4	10	5	93	5,9
19/05/2024	16	6	1,5	153	21,1	67	1005		0	3	0,1	1	4	10	5	94	4,7
19/05/2024	17	6	1,3	171	20,3	71	1005		0	3	0,1	1	5	11	6	93	4
19/05/2024	18	6	0,5	144	20	70	1005		0	3	0,1	1	4	12	5	95	1,6
19/05/2024	19	6	0,5	104	19,4	74	1005		0	3	0,1	1	4	11	5	91	2
19/05/2024	20	7	0,7	87	18,9	77	1006		0	3	0,1	1	6	13	7	88	2,3
19/05/2024	21	6	0,6	97	18,5	78	1006		0	3	0,1	1	6	11	7	84	2
19/05/2024	22	7	0,7	47	18,1	80	1007		0	3	0,1	1	7	11	8	78	2
19/05/2024	23	7	1	19	18,5	79	1007		0	3	0,1	1	8	10	9	76	2,8
20/05/2024	00	6	1,3	25	18,5	73	1007		0	3	0,1	1	10	13	11	73	3,7
20/05/2024	01	10	1,4	34	16,8	70	1006		0	6	0,1	1	20	24	21	68	3,4
20/05/2024	02	10	0,3	38	15,9	78	1006		0	5	0,1	1	21	22	22	57	1
20/05/2024	03	12	0,1	81	15,2	80	1006		0	5	0,1	1	22	25	23	39	0,5
20/05/2024	04	9	0,1	65	14,7	82	1006		0	4	0,1	1	21	21	22	32	0,5
20/05/2024	05	11	0,1	62	15,3	81	1006		0	4	0,1	1	32	25	33	21	0,5
20/05/2024	06	15	0,1	19	15,9	78	1007		0	4	0,1	4	37	36	42	18	0,5
20/05/2024	07	16	0,1	79	19,4	65	1007		0	7	0,1	3	21	42	26	43	0,7
20/05/2024	08	10	0,3	178	20,9	59	1007		0	5	0,1	2	15	22	18	57	1,5
20/05/2024	09	9	2	149	21,5	56	1007		0	3	0,1	1	10	15	11	69	4,6
20/05/2024	10	6	2,4	140	21,5	57	1007		0					13			6,3
20/05/2024	11	5	2,4	137	21,5	60	1007		0,1					10			6,7
20/05/2024	12	4	2,6	136	21,6	58	1007		0	3	0,1			7		94	7,2
20/05/2024	13	4	2,4	130	22	56	1007		0	3	0,1			7		95	6,4
20/05/2024	14	4	2,5	133	21,9	58	1006		0	3	0,1			7		94	6,6
20/05/2024	15	4	1,8	129	21,4	60	1006		0	3	0,1			7		94	5,8
20/05/2024	16	4	2,2	157	21,1	60	1007		0	3	0,1			7		96	5,7
20/05/2024	17	4	1,2	142	20,5	64	1007		0	3	0,1			8		94	4
20/05/2024	18	5	1	128	19,8	67	1007		0	3	0,1			13		92	3,3
20/05/2024	19	5	0,6	100	18,9	70	1008		0	3	0,1			9		85	2,2
20/05/2024	20	5	0,4	77	18,4	70	1008		0	3	0,1			11		82	1,5
20/05/2024	21	5	0,1	1	17,8	71	1009		0	3	0,1			9		70	0,8
20/05/2024	22	5	0,1	18	17,4	73	1009		0	3	0,1			9		61	0,7
20/05/2024	23	5	0,1	55	16,9	75	1009		0	3	0,1			9		58	0,5
21/05/2024	00	5	0,1	65	17,2	74	1009		0	3	0,1			10		57	0,6
21/05/2024	01	6	0,2	41	17,1	74	1009	2	0	3	0,1			11		41	0,5
21/05/2024	02	6	0,1	37	17,2	72	1008	2	0	3	0,1			10		46	0,6
21/05/2024	03	7	0,1	174	17	72	1008	2	0	3	0,1			12		51	0,6
21/05/2024	04	7	0,2	225	17	71	1008	2	0	3	0,1			12		52	0,7
21/05/2024	05	8	0,2	134	16,4	73	1008	2	0	3	0,1			16		47	0,6
21/05/2024	06	12	0,1	205	17,2	69	1009	10	0	3	0,1			48		31	0,5
21/05/2024	07	16	0,2	126	19,8	60	1009	136	0	9	0,1			39		35	0,6
21/05/2024	08	35	0,5	49	21,3	54	1009	210	0	30	0,1			67		43	1,9
21/05/2024	09	16	1,6	109	21,7	54	1010	357	0	12	0,1			27		63	4,8
21/05/2024	10	10	2,4	138	22,4	55	1010	871	0	6	0,1			15		78	5,9
21/05/2024	11	11	2,1	125	21,8	61	1010	958	0	4	0,1			16		80	5,9
21/05/2024	12	11	1,6	112	21	68	1010	891	0	4	0,1			17		94	5,2
21/05/2024	13	13	3,1	106	21,5	68	1010	942	0	6	0,1			20		98	7,7
21/05/2024	14	9	2,8	134	21,1	69	1010	951	0	5	0,1			13		101	6,6
21/05/2024	15	4	2,2	114	20,5	65	1011	705	0	4	0,1			7		95	6,1
21/05/2024	16	4	1,5	117	20,4	61	1011	548	0	4	0,1			8		87	4,3
21/05/2024	17	7	2	64	20,6	59	1011	213	0	9	0,1			15		88	5
21/05/2024	18	8	1,7	41	19,9	63	1010	128	0	9	0,1			22		80	4
21/05/2024	19	7	1,7	30	19,3	62	1011	7	0	6	0,1			15		87	4,9
21/05/2024	20	7	0,5	27	18	68	1011	2	0	4	0,1			18		72	2
21/05/2024	21	10	1,1	16	16,9	73	1012	2	0	3	0,1			22		46	2,9
21/05/2024	22	7	2,5	18	18,5	66	1013	2	0	3	0,1			12		69	5,8
21/05/2024	23	5	1,7	11	18,5	57	1013	2	0	4	0,1			7		80	5
22/05/2024	00	9	0,2	196	16,9	58	1012	2	0	15	0,1			17		74	1
22/05/2024	01	3	0,2	37	15,6	63	1012	2	0	3	0,1			7		75	0,7
22/05/2024	02	4	0,2	70	14,7	66	1012	2	0	3	0,1			11		58	0,8
22/05/2024	03	4	0,1	88	14,8	64	1012	2	0	3	0,1			8		69	0,5
22/05/2024	04	3	0,1	80	14,8	62	1012	2	0	3	0,1			6		76	0,8
22/05/2024	05	10	0,2	36	13,6	68	1012	2	0	5	0,1			22		42	0,6
22/05/2024	06	9	0,1	84	15,2	63	1013	3	0	5	0,1			23		30	0,7
22/05/2024	07	15	0,1	140	18,8	50	1013	26	0	10	0,1			36		39	0,7
22/05/2024	08	19	1,1	71	20,6	43	1014	67	0,1	17	0,1			43		63	3
22/05/2024	09	5	1	111	21,7	40	1014		0,1	6	0,2			9		95	3,5
22/05/2024	10	3	1,5	119	21,8	41	1014	912	0	4	0,1	2	13	5	16	97	5
22/05/2024	11	3	2,2	141	21,7	52	1014	1028	0	5	0,1	2	12	6	15	100	5,8
22/05/2024	12	3	1,9	133	22	50	1014	1035	0	4	0,1	2	9	5	12	106	5,8
22/05/2024	13	3	1,5	124	22,5	44	1013	987	0	4	0,1	2	8	5	11	110	4,7
22/05/2024	14	3	1,5	139	22,5	49	1013	957	0	3	0,1	1	9	6	10	113	5,1
22/05/2024	15	5	1,8	160	22	53	1013	544	0	3	0,1	2	10	7	12	116	5,2
22/05/2024	16	6	1,6	157	21,5	62	1013	418	0	3	0,1	1	10	10	12	115	4,3
22/05/2024	17	6	0,9	137	21,3	62	1013	285	0	4	0,1	1	9	10	11	116	3,3
22/05/2024	18	6	0,6	126	20,5	62	1012	3	0	3	0,1	2	8	14	11	116	2,8
22/05/2024	19	6	0,4	96	19,8	65	1012	3	0	4	0,1	1	10	11	12	110	1,6
22/05/2024	20	9	0,8	41	18,9	71	1013	3	0	4	0,1	2	14	16	16	103	2,3
22/05/2024	21	9	0,3	17	17,8	75	1013	3	0	3	0,1	1	21	15	23	79	1,4
22/05/2024	22	10	0,4	19	17,2	76	1013	3	0	3	0,1	2	33	16	36	62	1,2
22/05/2024	23	13	0,3	9	16,8	75	1013	3	0	4	0,1	2	35	23	37	63	1,2
23/05/2024	00	9	0,2	351	16,2	75	1013	3	0	3	0,1	1	20	16	22	66	0,7
23/05/2024	01	10	0,2	7	15,8	75	1013	3	0	3	0,1	1	21	18	23	59	0,9
23/05/2024	02	9	0,1	117	16,1	72	1013	3	0	3	0,1	1	17	14	18	66	0,5
23/05/2024	03	8	0,3	25	15,5	74	1013	3	0	3	0,1	1	21	14	23	56	1,1
23/05/2024	04	9	0,7	18	14,8	76	1013	3	0	3	0,1	2	28	15	30	43	1,7
23/05/2024	05	8	0,5	17	16,1	68	1013	3	0	4	0,1	1	29	15	32	58	1,9
23/05/2024	06	22	0,4	24	17,3	65	1014	36	0	5	0,2	4	46	36	52	53	1,6
23/05/2024	07	51	2,6	25	19,5	47	1014	248	0	6	0,1	4	32	64	38	63	6,3
23/05/2024	08	14	2,1	40	20,8	45	1015	493	0	7	0,1	6	29	25	37	63	5,5
23/05/2024	09	5	2,7	98	21,4	43	1015	709	0	4	0,1	3	11	12	16	84	6,6
23/05/2024	10	4	2,6	110	21,8	46	1015	863	0	3	0,1	2	9	8	11	91	6,8
23/05/2024	11	4	2,9	117	21,8	51	1015	997	0	3	0,1	2	9	9	11	94	7,5
23/05/2024	12	4	4,4	93	22	46	1015	1031	0	3	0,1	1	8	9	10	95	9,2
23/05/2024	13	5	4,1	96	22,1	49	1014	1076	0	4	0,1	2	8	9	11	97	9
23/05/2024	14	5	3,3	103	21,9	55	1014	982	0	3	0,1	2	9	9	12	104	8,1
23/05/2024	15	6	2,8	105	21,7	65	1014	573	0	3	0,1	2	10	10	12	114	6,7
23/05/2024	16	5	2	110	21,3	68	1013	490	0	3	0,1	1	9	10	11	115	5,9
23/05/2024	17	5	1,2	115	20,7	72	1013	166	0	3	0,1	1	9	11	11	109	4
23/05/2024	18	6	0,7	119	20,3	74	1013	27	0	3	0,1	2	13	13	15	96	3
23/05/2024	19	5	0,3	104	19,6	77	1013	0	0	3	0,1	2	9	12	11	95	1,7
23/05/2024	20	5	0,3	107	19,3	80	1014	0	0	3	0,1	1	10	9	12	91	1
23/05/2024	21	6	1,3	59	18,9	82	1014	0	0	4	0,1	1	12	11	14	93	3,1
23/05/2024	22	9	0,5	28	18,1	84	1015	0	0	4	0,1	2	19	15	21	72	1,7
23/05/2024	23	9	0,5	12	17,6	85	1015	0	0	4	0,1	1	19	12	22	64	1,4
24/05/2024	00	7	0,8	14	17,4	86	1014	0	0	4	0,1	1	16	10	18	70	2,1
24/05/2024	01	7	0,3	9	17,2	85	1014	0	0	4	0,1	2	15	10	17	75	1,2
24/05/2024	02	9	0,5	10	16,4	87	1014	0	0	3	0,1	2	19	15	22	56	1,3
24/05/2024	03	12	0,5	16	15,6	88	1014	0	0	4	0,1	2	24	18	26	40	1,5
24/05/2024	04	15	0,6	18	16,1	84	1014	0	0	4	0,1	2	24	21	26	52	1,6
24/05/2024	05	11	0,4	18	16	82	1014	0	0	4	0,1	2	18	16	21	58	1
24/05/2024	06	15	0,1	18	17,5	73	1014	28	0	4	0,1	2	21	21	25	60	0,6
24/05/2024	07	19	1,1	26	19,6	65	1014	220	0	5	0,1	3	24	25	29	72	3,2
24/05/2024	08	17	2	47	20,4	65	1014	472	0	7	0,1	3	22	27	26	79	5,1
24/05/2024	09	13	2,1	72	21,1	63	1014	535	0	9	0,1	4	20	25	27	77	5,4
24/05/2024	10	6	2,4	116	21,9	63	1014	899	0	3	0,1	3	9	10	12	87	6,4
24/05/2024	11	6	2,7	119	22,2	63	1014	1019	0	3	0,1	1	8	10	10	87	7,3
24/05/2024	12	6	3	109	22,3	62	1014	1063	0	3	0,1	2	9	9	12	89	7,4
24/05/2024	13	6	3,2	99	22,5	63	1014	1019	0	3	0,1	2	8	10	10	87	7,6
24/05/2024	14	6	3,2	105	22,5	65	1013	999	0	3	0,1	1	8	9	10	87	8,3
24/05/2024	15	5	3,2	112	22,1	69	1013	539	0	3	0,1	2	8	9	10	88	7,6
24/05/2024	16	5	2,5	113	21,8	69	1013	512	0	3	0,1	2	8	9	11	86	6,4
24/05/2024	17	6	3,3	85	20,9	73	1013	195	0	3	0,1	2	8	12	10	85	7,8
24/05/2024	18	11	3	85	20,3	75	1013	2	0	6	0,1	2	14	22	17	84	6,9
24/05/2024	19	7	1,9	75	19,6	79	1013	0	0	4	0,1	1	9	12	11	83	4,8
24/05/2024	20	7	1,8	87	19,1	81	1013	0	0	3	0,1	1	11	12	13	80	4,5
24/05/2024	21	10	1,4	64	18,8	82	1014	0	0	5	0,1	1	13	21	15	76	3,6
24/05/2024	22	12	1,3	41	18,6	81	1015	0	0	4	0,1	1	12	24	14	78	3,4
24/05/2024	23	10	1,1	43	18,6	81	1015	0	0	4	0,1	2	10	18	12	80	2,9
25/05/2024	00	8	0,5	48	18,7	79	1015	0	0	4	0,1	2	10	14	13	79	1,9
25/05/2024	01	11	0,3	48	18,7	79	1015	0	0	5	0,1	2	14	21	17	74	1,1
25/05/2024	02	6	0,1	46	18,3	80	1015	0	0	4	0,1	2	10	12	12	74	0,5
25/05/2024	03	7	0,1	108	17,6	82	1014	0	0	3	0,1	2	10	13	13	59	0,5
25/05/2024	04	10	0,1	128	16,8	83	1014	0	0	3	0,1	1	11	15	13	47	0,5
25/05/2024	05	11	0,1	88	16,2	84	1014	0	0	3	0,1	2	14	19	17	40	0,5
25/05/2024	06	11	0,1	26	16,5	82	1014	19	0	3	0,1	2	14	19	17	36	0,5
25/05/2024	07	22	0,1	39	19,2	73	1014	220	0	7	0,2	6	32	34	42	41	0,9
25/05/2024	08	14	0,6	143	20,6	68	1014	469	0	5	0,1	3	10	21	16	69	2,3
25/05/2024	09	13	0,8	163	21	67	1014	591	0	3	0,1	2	9	18	12	80	3,5
25/05/2024	10	10	1,7	167	21,6	66	1014	853	0	3	0,1	2	9	14	12	88	5
25/05/2024	11	9	2	174	22	64	1014	1034	0	3	0,1	2	8	13	10	89	5,9
25/05/2024	12	8	2,3	153	22,4	62	1014	1053	0	3	0,1	1	8	12	10	90	6
25/05/2024	13	7	2,5	147	22,5	62	1014	1077	0	3	0,1	2	7	11	10	93	6,3
25/05/2024	14	7	2,4	144	22,6	62	1013	933	0	3	0,1	2	8	10	10	92	6
25/05/2024	15	7	1,8	127	22,4	64	1013	503	0	3	0,1	1	7	10	9	87	5,7
25/05/2024	16	6	1,6	130	22,1	67	1013	503	0	3	0,1	2	8	11	10	94	5,3
25/05/2024	17	6	1,5	117	21,6	69	1013	300	0	3	0,1	2	7	10	10	92	4,3
25/05/2024	18	6	1,5	100	20,8	71	1013	40	0	3	0,1	1	7	10	9	89	4
25/05/2024	19	6	1,3	91	20,2	74	1013	0	0	3	0,1	1	8	10	10	86	3,6
25/05/2024	20	7	0,7	82	19,5	78	1014	0	0	3	0,1	1	10	13	13	82	2,5
25/05/2024	21	6	0,4	89	19,2	81	1014	0	0	4	0,1	1	10	10	12	77	1,4
25/05/2024	22	7	0,4	3	18,5	83	1015	0	0	3	0,1	1	13	12	15	66	1,1
25/05/2024	23	6	0,2	344	18,4	83	1015	0	0	3	0,1	2	13	11	15	63	0,8
26/05/2024	00	7	0,1	351	18	82	1014	0	0	3	0,1	1	14	10	15	55	0,7
26/05/2024	01	7	0,2	97	17,8	81	1014	0	0	3	0,1	2	14	11	17	49	0,5
26/05/2024	02	8	0,1	60	16,8	83	1013	0	0	3	0,1	2	13	13	15	38	0,5
26/05/2024	03	9	0,1	85	16,7	83	1013	0	0	3	0,1	2	13	16	15	40	0,5
26/05/2024	04	11	0,1	68	16,3	84	1013	0	0	3	0,1	1	13	17	15	41	0,5
26/05/2024	05	11	0,1	22	15,6	85	1013	0	0	3	0,1	1	15	17	17	35	0,5
26/05/2024	06	13	0,2	159	17,1	80	1013	10	0	4	0,1	2	18	21	21	40	0,5
26/05/2024	07	17	0,1	124	19,7	71	1014	181	0	5	0,1	6	30	30	38	35	0,5
26/05/2024	08	22	0,2	196	21	69	1014	167	0	11	0,1	4	20	35	27	70	0,6
26/05/2024	09	11	0,5	146	21,8	67	1014	397	0	4	0,1	2	12	19	15	83	1,9
26/05/2024	10	9	1,3	142	23,2	62	1014	920	0	3	0,1	1	9	14	11	89	3,9
26/05/2024	11	12	1,6	123	23,7	61	1014	978	0	3	0,1	1	9	20	11	90	4,4
26/05/2024	12	10	2,2	124	24	59	1014	1044	0	3	0,1	1	9	20	11	91	5,6
26/05/2024	13	9	2	131	23,8	60	1013	1039	0	3	0,1	2	8	14	10	90	5,2
26/05/2024	14	8	1,6	123	23,6	62	1013	799	0	3	0,1	2	7	12	9	89	4,9
26/05/2024	15	9	1,9	109	23,2	65	1013	476	0	3	0,1	1	7	14	10	91	5,3
26/05/2024	16	10	1,9	99	22,6	68	1012	357	0	3	0,1	1	8	19	10	89	5,9
26/05/2024	17	10	2	95	22,5	68	1012	228	0	3	0,1	2	8	17	11	89	5,5
26/05/2024	18	17	1	69	22,4	69	1012	16	0	5	0,1	2	18	32	21	80	3,7
26/05/2024	19	13	1,8	86	21	78	1012	0	0	4	0,1	2	10	23	13	79	5
26/05/2024	20	15	1,5	72	20,2	82	1013	0	0	3	0,1	2	14	27	16	76	4,3
26/05/2024	21	10	0,6	97	20	84	1013	0	0	3	0,1	1	12	17	14	79	2
26/05/2024	22	14	1	56	20	84	1014	0	0	3	0,1	1	12	24	13	81	2,7
26/05/2024	23	12	0,3	58	19,9	84	1014	0	0	3	0,1	1	12	21	14	78	1,1
27/05/2024	00	10	0,6	25	19,6	85	1014	0	0	3	0,1	1	10	18	12	77	2,3
27/05/2024	01	16	1,2	45	19,6	84	1013	0	0	3	0,1	2	14	28	16	73	3,7
27/05/2024	02	16	0,9	29	19,5	82	1013	0	0	3	0,1	1	14	27	17	71	3,2
27/05/2024	03	11	0,9	19	19,1	82	1013	0	0	3	0,1	1	16	18	18	66	2,8
27/05/2024	04	12	0,4	22	19,1	80	1013	0	0	3	0,1	2	20	20	22	61	1,4
27/05/2024	05	14	0,3	14	18,7	80	1013	0	0	3	0,1	2	30	27	32	53	1,6
27/05/2024	06	16	0,6	34	19,6	77	1014	4	0	3	0,2	3	41	34	46	44	2,2
27/05/2024	07	17	1,6	55	21	73	1014	111	0	4	0,1	3	22	37	27	69	4
27/05/2024	08	17	1,3	74	21,7	70	1014	236	0	6	0,1	3	18	37	22	78	3,7
27/05/2024	09	10	2,4	90	22,1	70	1014	387	0	8	0,1	2	11	21	15	84	5,4
27/05/2024	10	9	3,7	88	22,3	70	1014	506	0	8	0,1	2	10	22	13	83	7,7
27/05/2024	11	11	4,7	92	22,4	67	1014	554	0	7	0,1	2	10	30	13	84	10
27/05/2024	12	11	4,8	94	22,4	67	1014	570	0	6	0,1	2	10	22	13	86	9,8
27/05/2024	13	10	4,4	91	22,9	65	1014	637	0	5	0,1	2	9	26	11	91	9,6
27/05/2024	14	11	4,4	83	23,1	63	1014	670	0	10	0,1	2	10	20	13	93	9,7
27/05/2024	15	11	3,5	88	23,1	65	1014	552	0	11	0,1	2	10	19	13	91	7,6
27/05/2024	16	9	2,9	92	22,6	69	1013	484	0	5	0,1	2	8	16	11	89	6,7
27/05/2024	17	10	1,6	91	22	71	1013	189	0	5	0,1	2	8	19	11	86	4,5
27/05/2024	18	11	0,9	87	21,6	72	1013	62	0	5	0,1	1	9	22	11	85	2,9
27/05/2024	19	10	0,9	92	21	75	1014	0	0	5	0,1	1	9	20	10	82	2,6
27/05/2024	20	14	0,5	51	20,2	80	1014	0	0	4	0,1	1	13	27	14	75	1,9
27/05/2024	21	11	1	45	19,7	85	1015	0	0	4	0,1	1	12	22	14	73	2,7
27/05/2024	22	14	1,9	52	19,8	84	1016	0	0	6	0,1	1	13	26	15	71	4,2
27/05/2024	23	20	1,8	43	19,7	84	1016	0	0	10	0,1	2	16	35	19	70	4,6
28/05/2024	00	22	2,5	49	19,6	82	1017	0	0	11	0,1	2	24	41	27	64	5,5
28/05/2024	01	40	3,4	60	19,8	80	1017	0	0	14	0,1	4	37	78	42	57	7,3
28/05/2024	02	30	3,6	68	19,8	78	1017	0	0	19	0,1	3	29	58	34	62	7,9
28/05/2024	03	41	2,8	64	19,7	78	1017	0	0	22	0,1	4	34	79	41	53	7,5
28/05/2024	04	21	1,3	46	19,5	77	1017	0	0	16	0,1	3	21	43	25	58	3,8
28/05/2024	05	11	1,1	30	19	78	1017	0	0	10	0,1	2	18	20	21	58	3,6
28/05/2024	06	11	1	20	19,1	75	1018	10	0	6	0,1	2	16	18	20	56	2,9
28/05/2024	07	52	1,2	40	20,4	67	1018	183	0	8	0,1	2	18	63	21	58	4
28/05/2024	08	11	1,2	64	21,5	59	1018	425	0	9	0,1	3	15	21	19	64	3,8
28/05/2024	09	8	1,1	98	22,2	55	1018	705	0	7	0,1	2	9	15	12	75	3,9
28/05/2024	10	7	0,7	140	23	51	1018	858	0	4	0,1	2	7	12	10	79	3,4
28/05/2024	11	6	1,2	185	22,8	53	1018	879	0	4	0,1	1	8	11	10	80	4,3
28/05/2024	12	6	1,8	186	23	52	1018	1046	0	4	0,1	2	8	12	10	82	5,5
28/05/2024	13	6	1,9	185	23,2	52	1017	1048	0	3	0,1	2	8	12	10	84	5,6
28/05/2024	14	6	1,7	187	23	54	1017	936	0	4	0,1	2	8	12	10	83	5,4
28/05/2024	15	6	1,5	187	22,9	55	1016	531	0	4	0,1	2	8	13	10	82	5,8
28/05/2024	16	7	1	188	22,4	58	1016	592	0	4	0,1	2	8	12	11	85	4,1
28/05/2024	17	7	1,1	178	22,1	60	1015	310	0,1	3	0,1	2	8	12	11	84	3,9
28/05/2024	18	7	0,9	187	21	65	1015	0	0	3	0,1	2	8	12	11	86	3,6
28/05/2024	19	6	0,5	181	20,7	66	1015	0	0	4	0,1	1	9	12	11	86	2,1
28/05/2024	20	6	0,2	189	20,3	68	1015	0	0	4	0,1	1	11	13	13	82	1
28/05/2024	21	6	0,1	340	20	69	1016	0	0	4	0,1	1	10	12	12	77	0,6
28/05/2024	22	7	0,1	258	19,7	70	1016	0	0	4	0,1	1	14	14	16	64	0,8
28/05/2024	23	7	0,4	229	19,2	71	1016	0	0	4	0,1	1	17	13	19	59	1,3
29/05/2024	00	7	0,5	225	18,5	73	1015	0	0	4	0,1	1	18	13	20	51	1,6
29/05/2024	01	8	0,3	232	18,2	74	1015	0	0	3	0,1	1	26	14	28	39	1,2
29/05/2024	02	8	0,2	36	17,1	78	1015	0	0	3	0,1	1	23	17	25	30	0,5
29/05/2024	03	8	0,1	133	17	78	1014	0	0	4	0,1	1	20	17	22	28	0,5
29/05/2024	04	9	0,2	16	16,7	79	1014	0	0	4	0,1	2	21	18	24	29	0,7
29/05/2024	05	12	0,1	17	16,5	80	1014	0	0	4	0,1	6	35	36	44	19	0,5
29/05/2024	06	21	0,1	63	18,6	72	1014	24	0	8	0,2	17	61	77	87	15	0,6
29/05/2024	07	21	0,2	210	20,8	64	1014	212	0	12	0,2	21	52	61	84	25	0,8
29/05/2024	08	13	0,4	198	22	62	1014	434	0	6	0,1	9	35	28	49	45	1,9
29/05/2024	09	12	1	167	23,5	57	1014	640	0	3	0,1	7	26	28	36	58	3,1
29/05/2024	10	11	1,6	180	23,9	58	1014	783	0	3	0,1	4	19	20	26	79	4,4
29/05/2024	11	9	1,9	178	24	59	1013	907	0	3	0,1	2	13	15	16	95	6,4
29/05/2024	12	9	1,9	170	24	62	1013	960	0	3	0,1	2	10	16	13	97	5,6
29/05/2024	13	8	1,7	163	24,6	58	1013	922	0	3	0,1	2	10	14	13	98	4,6
29/05/2024	14	7	1,3	146	24,5	57	1012	761	0	3	0,1	2	8	11	10	90	5
29/05/2024	15	7	1,1	131	24,9	54	1012	506	0	3	0,1	2	8	13	11	89	4,2
29/05/2024	16	7	0,9	130	24,5	55	1011	472	0	3	0,1	2	7	13	10	92	3,4
29/05/2024	17	8	0,9	109	23,9	57	1011	277	0	3	0,1	2	8	15	10	90	3,1
29/05/2024	18	9	1	91	23	60	1011	0	0	4	0,1	2	9	17	12	89	3,3
29/05/2024	19	13	0,5	80	22,3	61	1011	0	0	7	0,1	2	17	25	20	83	2
29/05/2024	20	12	0,3	94	21,8	63	1011	0	0	6	0,1	1	16	22	18	80	1,2
29/05/2024	21	9	0,2	78	21,4	65	1012	0	0	5	0,1	1	15	19	17	78	0,9
29/05/2024	22	9	0,2	17	20,7	67	1012	0	0	4	0,1	2	15	18	17	67	0,9
29/05/2024	23	9	0,3	14	20	68	1011	0	0	3	0,1	1	22	18	24	57	1
30/05/2024	00	10	0,4	15	19,2	71	1011	0	0	3	0,1	2	32	27	35	39	1,3
30/05/2024	01	12	0,5	16	18,8	71	1010	0	0	3	0,2	2	41	28	44	31	1,2
30/05/2024	02	15	0,4	15	18,7	69	1010	0	0	6	0,2	2	61	34	64	18	1,3
30/05/2024	03	15	0,5	9	18,2	70	1010	0	0	7	0,2	2	63	32	67	17	1,4
30/05/2024	04	14	0,5	15	18,2	70	1009	0	0	7	0,2	2	55	30	58	29	1,5
30/05/2024	05	12	0,3	3	18,4	72	1009	0	0	8	0,2	2	49	29	52	36	1
30/05/2024	06	11	0,3	352	19,9	71	1009	26	0	6	0,2	4	39	33	44	43	1
30/05/2024	07	13	0,4	21	21,8	71	1009	191	0	9	0,1	5	32	25	39	58	1,5
30/05/2024	08	27	0,1	43	23,8	63	1009	393	0	28	0,2	8	43	49	55	56	1
30/05/2024	09	23	0,6	115	24,8	63	1009	630	0	25	0,1	6	27	42	35	68	2,4
30/05/2024	10	9	0,9	133	24,7	65	1008	803	0	7	0,1	2	13	17	16	81	2,9
30/05/2024	11	7	1,1	143	24,8	64	1008	912	0	5	0,1	2	10	13	12	86	3,5
30/05/2024	12	7	0,9	135	25,6	56	1008	968	0	4	0,1	2	10	13	12	90	3,5
30/05/2024	13	7	1,1	119	26,4	49	1008	956	0	3	0,1	1	8	12	10	94	3,8
30/05/2024	14	9	1,5	83	26,1	53	1007	827	0	6	0,1	2	9	19	12	93	4,7
30/05/2024	15	12	1,7	85	26,4	49	1006	491	0	9	0,1	3	11	26	15	99	4,8
30/05/2024	16	11	1,4	120	25	63	1005	367	0	4	0,1	2	9	20	12	96	4
30/05/2024	17	11	0,7	149	23,6	70	1005	189	0	3	0,1	2	9	18	12	91	2,4
30/05/2024	18	11	0,4	159	23,2	70	1005	25	0	3	0,1	2	10	18	12	104	1,7
30/05/2024	19	11	0,3	129	22,5	72	1006	0	0	3	0,1	1	10	24	12	104	1,2
30/05/2024	20	10	0,2	86	21,7	76	1006	0	0	4	0,1	1	12	17	14	95	0,7
30/05/2024	21	35	0,1	76	21,7	78	1007	0	0	5	0,1	2	17	43	19	88	0,7
30/05/2024	22	12	0,2	45	21,8	77	1007	0	0	5	0,1	1	15	19	17	88	0,5
30/05/2024	23	13	0,1	64	21,9	75	1007	0	0	6	0,1	1	17	22	19	77	0,6
31/05/2024	00	14	0,2	96	21,2	78	1008	0	0	5	0,1	2	22	27	24	61	1,7
31/05/2024	01	27	4	63	20,9	52	1008	0	0	16	0,1	3	34	78	39	64	9,2
31/05/2024	02	15	3,7	47	20,7	49	1009	0	0	42	0,1	2	33	42	35	73	8,4
31/05/2024	03	10	3	26	18,8	59	1009	0	0	11	0,1	1	19	31	21	79	7,2
31/05/2024	04	7	1,6	31	17,9	67	1009	0	0,7	10	0,1	2	19	18	21	77	4,6
31/05/2024	05	3	0,5	342	15,6	84	1010	0	0,2	5	0,1	1	15	8	17	70	1,6
31/05/2024	06	4	0,2	340	17,5	76	1010	0	0	5	0,1	2	18	9	20	56	0,7
31/05/2024	07	5	0,1	184	19,3	69	1011	99	0	5	0,1	3	20	13	24	54	0,7
31/05/2024	08	5	0,2	154	20,1	61	1011	132	0	5	0,1	3	20	13	25	66	1,3
31/05/2024	09	8	0,3	103	22	51	1011	528	0	10	0,1	4	20	19	25	70	2
31/05/2024	10	4	1,8	125	23	36	1012	717	0	4	0,1	3	12	8	16	92	5,6
31/05/2024	11	4	2,4	122	22,5	39	1012	517	0	3	0,1	2	9	8	12	98	6,9
31/05/2024	12	6	2,4	120	22,5	46	1011	725	0	3	0,1	1	8	12	10	95	6,4
31/05/2024	13	6	2,9	130	22,7	53	1011	934	0	3	0,1	1	8	13	10	94	7,6
31/05/2024	14	8	2,6	133	22,5	60	1011	728	0	3	0,1	2	8	15	10	88	7,3
31/05/2024	15	8	2,1	158	22,4	65	1010	420	0	3	0,1	2	9	13	12	86	5,9
31/05/2024	16	7	1,8	175	22,3	69	1010	497	0	3	0,1	2	9	11	11	86	5,3
31/05/2024	17	7	1,2	182	21,4	71	1010	194	0	3	0,1	2	9	11	11	89	4,4
31/05/2024	18	7	0,9	172	20,8	73	1010	37	0	3	0,1	1	10	13	12	88	3,7
31/05/2024	19	7	0,4	181	20,4	74	1010	0	0	4	0,1	1	12	13	14	88	1,8
31/05/2024	20	8	0,3	192	20,1	73	1011	0	0	3	0,1	2	14	13	16	85	1
31/05/2024	21	8	0,1	189	19,9	76	1012	0	0	3	0,1	1	15	15	17	82	0,8
31/05/2024	22	8	0,1	210	19,7	77	1012	0	0	3	0,1	2	13	15	16	79	0,5
31/05/2024	23	8	0,1	226	19,4	77	1012	0	0	3	0,1	1	13	15	16	71	0,6
