Red: Red de Vigilancia y Control de la Contaminación Atmosférica
Estación: 03014013-Alacant AP T.Frutero
	
FECHA	HORA	PM2.5	PM10
		µg/m³	µg/m³
01/01/2025	00	15	15
01/01/2025	01	13	13
01/01/2025	02	6	7
01/01/2025	03	7	7
01/01/2025	04	7	7
01/01/2025	05	8	8
01/01/2025	06	7	7
01/01/2025	07	4	4
01/01/2025	08	4	4
01/01/2025	09	4	5
01/01/2025	10	6	6
01/01/2025	11	6	6
01/01/2025	12	10	11
01/01/2025	13	6	6
01/01/2025	14	2	2
01/01/2025	15	2	2
01/01/2025	16	2	3
01/01/2025	17	5	7
01/01/2025	18	5	7
01/01/2025	19	7	8
01/01/2025	20	9	11
01/01/2025	21	9	11
01/01/2025	22	10	11
01/01/2025	23	12	13
02/01/2025	00	12	14
02/01/2025	01	11	12
02/01/2025	02	9	10
02/01/2025	03	5	6
02/01/2025	04	5	6
02/01/2025	05	5	6
02/01/2025	06	7	8
02/01/2025	07	6	7
02/01/2025	08	7	10
02/01/2025	09	9	15
02/01/2025	10	14	23
02/01/2025	11	5	7
02/01/2025	12	2	3
02/01/2025	13	3	4
02/01/2025	15	3	4
02/01/2025	16	3	4
02/01/2025	17	4	6
02/01/2025	18	4	5
02/01/2025	19	5	6
02/01/2025	20	8	10
02/01/2025	21	11	14
02/01/2025	22	8	10
02/01/2025	23	7	9
03/01/2025	00	4	5
03/01/2025	01	4	6
03/01/2025	02	4	5
03/01/2025	03	4	5
03/01/2025	04	4	4
03/01/2025	05	3	3
03/01/2025	06	3	3
03/01/2025	07	3	4
03/01/2025	08	3	4
03/01/2025	09	3	5
03/01/2025	10	3	5
03/01/2025	11	2	5
03/01/2025	12	2	5
03/01/2025	13	2	4
03/01/2025	14	2	4
03/01/2025	15	2	3
03/01/2025	16	3	6
03/01/2025	17	3	7
03/01/2025	18	3	8
03/01/2025	19	3	8
03/01/2025	20	3	6
03/01/2025	21	4	7
03/01/2025	22	5	7
03/01/2025	23	6	9
04/01/2025	00	6	8
04/01/2025	01	5	8
04/01/2025	02	3	5
04/01/2025	03	3	5
04/01/2025	04	3	4
04/01/2025	05	3	4
04/01/2025	06	3	4
04/01/2025	07	4	5
04/01/2025	08	4	7
04/01/2025	09	4	7
04/01/2025	10	5	6
04/01/2025	11	3	4
04/01/2025	12	3	4
04/01/2025	13	2	4
04/01/2025	14	2	3
04/01/2025	15	2	3
04/01/2025	16	3	5
04/01/2025	17	4	5
04/01/2025	18	5	7
04/01/2025	19	6	8
04/01/2025	20	8	10
04/01/2025	21	8	11
04/01/2025	22	9	11
04/01/2025	23	7	9
05/01/2025	00	4	6
05/01/2025	01	7	9
05/01/2025	02	7	8
05/01/2025	03	4	6
05/01/2025	04	3	4
05/01/2025	05	3	4
05/01/2025	06	3	5
05/01/2025	07	4	6
05/01/2025	08	3	5
05/01/2025	09	4	6
05/01/2025	10	5	8
05/01/2025	11	13	15
05/01/2025	12	6	8
05/01/2025	13	7	9
05/01/2025	14	6	7
05/01/2025	15	6	7
05/01/2025	16	7	8
05/01/2025	17	8	11
05/01/2025	18	9	13
05/01/2025	19	13	20
05/01/2025	20	16	29
05/01/2025	21	21	28
05/01/2025	22	20	26
05/01/2025	23	18	22
06/01/2025	00	12	19
06/01/2025	01	11	16
06/01/2025	02	11	15
06/01/2025	03	13	16
06/01/2025	04	13	15
06/01/2025	05	11	15
06/01/2025	06	9	13
06/01/2025	07	9	12
06/01/2025	08	8	13
06/01/2025	09	9	14
06/01/2025	10	11	15
06/01/2025	11	12	16
06/01/2025	12	10	12
06/01/2025	13	6	8
06/01/2025	14	9	10
06/01/2025	15	7	8
06/01/2025	16	1	1
06/01/2025	17	1	1
06/01/2025	18	1	2
06/01/2025	19	1	2
06/01/2025	20	1	3
06/01/2025	21	1	3
06/01/2025	22	1	2
06/01/2025	23	2	3
07/01/2025	00	1	5
07/01/2025	01	1	2
07/01/2025	02	1	2
07/01/2025	03	1	1
07/01/2025	04	1	1
07/01/2025	05	1	2
07/01/2025	06	1	2
07/01/2025	07	1	3
07/01/2025	08	2	3
07/01/2025	09	2	3
07/01/2025	10	2	4
07/01/2025	11	2	6
07/01/2025	12	2	4
07/01/2025	13	2	5
07/01/2025	14	1	3
07/01/2025	15	1	3
07/01/2025	16	1	4
07/01/2025	17	1	4
07/01/2025	18	2	4
07/01/2025	19	2	4
07/01/2025	20	2	3
07/01/2025	21	2	3
07/01/2025	22	3	4
07/01/2025	23	3	4
08/01/2025	00	3	5
08/01/2025	01	2	3
08/01/2025	02	2	2
08/01/2025	03	1	2
08/01/2025	04	2	3
08/01/2025	05	3	5
08/01/2025	06	3	4
08/01/2025	07	3	5
08/01/2025	08	4	7
08/01/2025	09	9	14
08/01/2025	10	15	18
08/01/2025	11	10	13
08/01/2025	12	9	12
08/01/2025	13	9	14
08/01/2025	14	3	5
08/01/2025	15	3	7
08/01/2025	16	3	7
08/01/2025	17	4	5
08/01/2025	18	5	7
08/01/2025	19	6	10
08/01/2025	20	9	13
08/01/2025	21	13	19
08/01/2025	22	14	22
08/01/2025	23	7	10
09/01/2025	00	1	3
09/01/2025	01	1	2
09/01/2025	02	2	2
09/01/2025	03	2	3
09/01/2025	04	2	3
09/01/2025	05	3	6
09/01/2025	06	2	3
09/01/2025	07	4	6
09/01/2025	08	5	8
09/01/2025	09	3	5
09/01/2025	10	2	3
09/01/2025	11	3	11
09/01/2025	12	3	13
09/01/2025	13	3	20
09/01/2025	14	2	9
09/01/2025	15	3	20
09/01/2025	16	2	12
09/01/2025	17	2	7
09/01/2025	18	2	8
09/01/2025	19	2	4
09/01/2025	20	3	7
09/01/2025	21	2	5
09/01/2025	22	2	4
09/01/2025	23	2	6
10/01/2025	00	2	4
10/01/2025	01	1	2
10/01/2025	02	2	6
10/01/2025	03	2	4
10/01/2025	04	1	2
10/01/2025	05	2	2
10/01/2025	06	1	2
10/01/2025	07	2	5
10/01/2025	08	4	13
10/01/2025	09	3	8
10/01/2025	10	2	5
10/01/2025	11	2	6
10/01/2025	12	2	4
10/01/2025	13	2	6
10/01/2025	14	2	4
10/01/2025	15	1	3
10/01/2025	16	2	8
10/01/2025	17	2	6
10/01/2025	18	2	5
10/01/2025	19	2	4
10/01/2025	20	2	4
10/01/2025	21	3	6
10/01/2025	22	3	5
10/01/2025	23	2	4
11/01/2025	00	2	5
11/01/2025	01	2	3
11/01/2025	02	2	5
11/01/2025	03	2	5
11/01/2025	04	2	4
11/01/2025	05	2	10
11/01/2025	06	2	15
11/01/2025	07	1	4
11/01/2025	08	1	3
11/01/2025	09	1	3
11/01/2025	10	1	2
11/01/2025	11	1	3
11/01/2025	12	1	5
11/01/2025	13	2	10
11/01/2025	14	1	8
11/01/2025	15	2	17
11/01/2025	16	2	6
11/01/2025	17	1	3
11/01/2025	18	1	2
11/01/2025	19	1	2
11/01/2025	20	2	3
11/01/2025	21	2	4
11/01/2025	22	8	11
11/01/2025	23	2	4
12/01/2025	00	1	2
12/01/2025	01	1	2
12/01/2025	02	1	2
12/01/2025	03	2	8
12/01/2025	04	1	1
12/01/2025	05	0	1
12/01/2025	06	1	1
12/01/2025	07	1	1
12/01/2025	08	1	3
12/01/2025	09	1	2
12/01/2025	10	1	2
12/01/2025	11	1	1
12/01/2025	12	1	3
12/01/2025	13	1	2
12/01/2025	14	1	1
12/01/2025	15	0	1
12/01/2025	16	1	2
12/01/2025	17	1	2
12/01/2025	18	1	2
12/01/2025	19	3	6
12/01/2025	20	2	4
12/01/2025	21	3	5
12/01/2025	22	4	6
12/01/2025	23	4	6
13/01/2025	00	5	7
13/01/2025	01	4	7
13/01/2025	02	3	7
13/01/2025	03	3	5
13/01/2025	04	3	6
13/01/2025	05	3	5
13/01/2025	06	3	7
13/01/2025	07	4	7
13/01/2025	08	5	10
13/01/2025	09	5	10
13/01/2025	10	4	10
13/01/2025	11	5	9
13/01/2025	12	3	6
13/01/2025	13	3	5
13/01/2025	14	2	4
13/01/2025	15	2	3
13/01/2025	16	2	4
13/01/2025	17	2	3
13/01/2025	18	2	3
13/01/2025	19	3	6
13/01/2025	20	7	12
13/01/2025	21	8	12
13/01/2025	22	6	8
13/01/2025	23	5	7
14/01/2025	00	4	6
14/01/2025	01	3	4
14/01/2025	02	4	6
14/01/2025	03	3	5
14/01/2025	04	3	4
14/01/2025	05	4	7
14/01/2025	06	4	5
14/01/2025	07	5	10
14/01/2025	08	5	16
14/01/2025	09	8	22
14/01/2025	10	9	24
14/01/2025	11	4	11
14/01/2025	12	3	9
14/01/2025	13	3	5
14/01/2025	14	2	5
14/01/2025	15	2	4
14/01/2025	16	3	4
14/01/2025	17	3	4
14/01/2025	18	3	6
14/01/2025	19	5	10
14/01/2025	20	8	13
14/01/2025	21	8	11
14/01/2025	22	14	18
14/01/2025	23	8	10
15/01/2025	00	9	15
15/01/2025	01	9	18
15/01/2025	02	9	11
15/01/2025	03	8	11
15/01/2025	04	8	11
15/01/2025	05	10	15
15/01/2025	06	6	13
15/01/2025	07	6	16
15/01/2025	08	7	21
15/01/2025	09	12	42
15/01/2025	10	14	45
15/01/2025	11	11	24
15/01/2025	12	14	23
15/01/2025	13	11	21
15/01/2025	14	5	7
15/01/2025	15	4	5
15/01/2025	16	6	9
15/01/2025	17	6	13
15/01/2025	18	10	22
15/01/2025	19	12	25
15/01/2025	20	16	28
15/01/2025	21	16	26
15/01/2025	22	16	31
15/01/2025	23	16	26
16/01/2025	00	17	26
16/01/2025	01	20	26
16/01/2025	02	17	20
16/01/2025	03	9	12
16/01/2025	04	8	15
16/01/2025	05	8	13
16/01/2025	06	6	10
16/01/2025	07	8	17
16/01/2025	08	9	24
16/01/2025	09	10	25
16/01/2025	10	7	13
16/01/2025	11	6	10
16/01/2025	12	5	8
16/01/2025	13	5	7
16/01/2025	14	4	12
16/01/2025	15	4	6
16/01/2025	16	3	5
16/01/2025	17	3	5
16/01/2025	18	2	3
16/01/2025	19	2	2
16/01/2025	20	2	2
16/01/2025	21	2	3
16/01/2025	22	2	3
16/01/2025	23	1	1
17/01/2025	00	1	1
17/01/2025	01	0	0
17/01/2025	02	0	0
17/01/2025	03	0	0
17/01/2025	04	0	1
17/01/2025	05	0	1
17/01/2025	06	0	1
17/01/2025	07	1	1
17/01/2025	08	1	2
17/01/2025	09	1	3
17/01/2025	10	1	3
17/01/2025	11	1	2
17/01/2025	12	1	2
17/01/2025	13	1	2
17/01/2025	14	1	2
17/01/2025	15	3	4
17/01/2025	16	1	2
17/01/2025	17	1	2
17/01/2025	18	3	5
17/01/2025	19	5	6
17/01/2025	20	5	6
17/01/2025	21	8	9
17/01/2025	22	12	14
17/01/2025	23	7	9
18/01/2025	00	4	5
18/01/2025	01	6	8
18/01/2025	02	5	6
18/01/2025	03	4	6
18/01/2025	04	5	6
18/01/2025	05	5	7
18/01/2025	06	3	4
18/01/2025	07	4	5
18/01/2025	08	4	11
18/01/2025	09	6	14
18/01/2025	10	5	9
18/01/2025	11	2	3
18/01/2025	12	2	2
18/01/2025	13	1	2
18/01/2025	14	2	2
18/01/2025	15	2	3
18/01/2025	16	2	2
18/01/2025	17	2	2
18/01/2025	18	2	3
18/01/2025	19	7	12
18/01/2025	20	11	22
18/01/2025	21	10	16
18/01/2025	22	10	22
18/01/2025	23	8	14
19/01/2025	00	11	13
19/01/2025	01	8	9
19/01/2025	02	5	7
19/01/2025	03	9	13
19/01/2025	04	8	10
19/01/2025	05	8	10
19/01/2025	06	7	8
19/01/2025	07	7	8
19/01/2025	08	7	9
19/01/2025	09	6	7
19/01/2025	10	6	8
19/01/2025	11	4	5
19/01/2025	12	3	4
19/01/2025	13	4	4
19/01/2025	14	4	5
19/01/2025	15	4	5
19/01/2025	16	5	5
19/01/2025	17	4	5
19/01/2025	18	5	6
19/01/2025	19	6	9
19/01/2025	20	15	18
19/01/2025	21	21	25
19/01/2025	22	21	24
19/01/2025	23	13	15
20/01/2025	00	11	12
20/01/2025	01	12	14
20/01/2025	02	13	17
20/01/2025	03	14	16
20/01/2025	04	12	15
20/01/2025	05	12	15
20/01/2025	06	11	14
20/01/2025	07	11	15
20/01/2025	08	13	21
20/01/2025	09	14	28
20/01/2025	10	16	37
20/01/2025	11	19	33
20/01/2025	12	13	17
20/01/2025	13	12	17
20/01/2025	14	11	13
20/01/2025	15	10	13
20/01/2025	16	10	12
20/01/2025	17	8	10
20/01/2025	18	6	9
20/01/2025	19	9	13
20/01/2025	20	15	19
20/01/2025	21	20	25
20/01/2025	22	23	30
20/01/2025	23	27	32
21/01/2025	00	26	31
21/01/2025	01	22	27
21/01/2025	02	16	21
21/01/2025	03	15	19
21/01/2025	04	14	20
21/01/2025	05	15	20
21/01/2025	06	15	18
21/01/2025	07	15	21
21/01/2025	08	15	22
21/01/2025	09	14	21
21/01/2025	10	22	34
21/01/2025	11	20	26
21/01/2025	12	20	25
21/01/2025	13	16	21
21/01/2025	14	18	22
21/01/2025	15	17	21
21/01/2025	16	16	24
21/01/2025	17	16	23
21/01/2025	18	17	24
21/01/2025	19	22	30
21/01/2025	20	24	35
21/01/2025	21	28	43
21/01/2025	22	30	42
21/01/2025	23	25	33
22/01/2025	00	27	40
22/01/2025	01	26	41
22/01/2025	02	21	32
22/01/2025	03	19	27
22/01/2025	04	19	28
22/01/2025	05	15	23
22/01/2025	06	11	17
22/01/2025	07	12	20
22/01/2025	08	17	27
22/01/2025	09	18	44
22/01/2025	10	23	48
22/01/2025	11	30	43
22/01/2025	12	35	48
22/01/2025	13	25	44
22/01/2025	14	15	31
22/01/2025	15	9	22
22/01/2025	16	7	23
22/01/2025	17	7	20
22/01/2025	18	7	20
22/01/2025	19	12	24
22/01/2025	20	20	30
22/01/2025	21	26	41
22/01/2025	22	21	38
22/01/2025	23	19	34
23/01/2025	00	17	29
23/01/2025	01	16	30
23/01/2025	02	15	24
23/01/2025	03	13	20
23/01/2025	04	10	17
23/01/2025	05	6	12
23/01/2025	06	5	13
23/01/2025	07	6	16
23/01/2025	08	10	38
23/01/2025	09	11	31
23/01/2025	10	13	40
23/01/2025	11	19	40
23/01/2025	12	10	22
23/01/2025	13	8	23
23/01/2025	14	8	18
23/01/2025	15	4	10
23/01/2025	16	5	13
23/01/2025	17	4	16
23/01/2025	18	6	19
23/01/2025	19	6	12
23/01/2025	20	9	14
23/01/2025	21	13	18
23/01/2025	22	10	16
23/01/2025	23	10	16
24/01/2025	00	17	23
24/01/2025	01	17	21
24/01/2025	02	15	19
24/01/2025	03	6	7
24/01/2025	04	5	6
24/01/2025	05	4	6
24/01/2025	06	5	7
24/01/2025	07	9	13
24/01/2025	08	9	15
24/01/2025	09	9	23
24/01/2025	10	11	27
24/01/2025	11	16	35
24/01/2025	12	12	20
24/01/2025	13	5	13
24/01/2025	14	6	10
24/01/2025	15	5	10
24/01/2025	16	5	8
24/01/2025	17	5	6
24/01/2025	18	5	6
24/01/2025	19	6	8
24/01/2025	20	8	11
24/01/2025	21	14	19
24/01/2025	22	15	20
24/01/2025	23	15	21
25/01/2025	00	15	20
25/01/2025	01	14	20
25/01/2025	02	11	17
25/01/2025	03	7	9
25/01/2025	04	8	12
25/01/2025	05	9	12
25/01/2025	06	10	14
25/01/2025	07	8	12
25/01/2025	08	9	13
25/01/2025	09	10	16
25/01/2025	10	25	32
25/01/2025	11	16	21
25/01/2025	12	7	11
25/01/2025	13	10	13
25/01/2025	14	10	13
25/01/2025	15	7	11
25/01/2025	16	1	4
25/01/2025	17	1	4
25/01/2025	18	1	3
25/01/2025	19	1	2
25/01/2025	20	1	3
25/01/2025	21	1	1
25/01/2025	22	2	3
25/01/2025	23	2	2
26/01/2025	00	2	2
26/01/2025	01	3	3
26/01/2025	02	1	2
26/01/2025	03	1	2
26/01/2025	04	1	2
26/01/2025	05	2	2
26/01/2025	06	1	2
26/01/2025	07	2	2
26/01/2025	08	5	15
26/01/2025	09	5	21
26/01/2025	10	2	5
26/01/2025	11	3	3
26/01/2025	12	2	2
26/01/2025	13	2	3
26/01/2025	14	2	2
26/01/2025	15	3	4
26/01/2025	16	3	3
26/01/2025	17	3	4
26/01/2025	18	3	4
26/01/2025	19	4	5
26/01/2025	20	5	7
26/01/2025	21	8	11
26/01/2025	22	11	16
26/01/2025	23	12	16
27/01/2025	00	10	14
27/01/2025	01	9	11
27/01/2025	02	9	12
27/01/2025	03	7	11
27/01/2025	04	7	12
27/01/2025	05	8	11
27/01/2025	06	7	10
27/01/2025	07	8	13
27/01/2025	08	11	18
27/01/2025	09	13	22
27/01/2025	10	16	30
27/01/2025	11	16	38
27/01/2025	12	9	20
27/01/2025	13	5	16
27/01/2025	14	6	25
27/01/2025	15	6	31
27/01/2025	16	6	32
27/01/2025	17	8	30
27/01/2025	18	8	23
27/01/2025	19	7	17
27/01/2025	20	6	15
27/01/2025	21	5	12
27/01/2025	22	4	9
27/01/2025	23	2	10
28/01/2025	00	8	73
28/01/2025	01	6	51
28/01/2025	02	3	31
28/01/2025	03	2	9
28/01/2025	04	2	11
28/01/2025	05	1	3
28/01/2025	06	2	2
28/01/2025	07	2	3
28/01/2025	08	2	5
28/01/2025	09	3	7
28/01/2025	10	2	7
28/01/2025	11	2	7
28/01/2025	12	1	4
28/01/2025	13	2	11
28/01/2025	14	1	8
28/01/2025	15	3	18
28/01/2025	16	3	19
28/01/2025	17	3	18
28/01/2025	18	5	32
28/01/2025	19	2	10
28/01/2025	20	1	6
28/01/2025	21	3	14
28/01/2025	22	1	6
28/01/2025	23	1	3
29/01/2025	00	1	5
29/01/2025	01	1	1
29/01/2025	02	1	2
29/01/2025	03	1	2
29/01/2025	04	1	2
29/01/2025	05	1	2
29/01/2025	06	2	3
29/01/2025	07	2	3
29/01/2025	08	3	7
29/01/2025	09	6	18
29/01/2025	10	4	8
29/01/2025	11	7	20
29/01/2025	12	6	14
29/01/2025	13	5	15
29/01/2025	14	3	7
29/01/2025	15	3	9
29/01/2025	16	3	9
29/01/2025	17	3	8
29/01/2025	18	6	16
29/01/2025	19	8	17
29/01/2025	20	7	14
29/01/2025	21	10	19
29/01/2025	22	11	19
29/01/2025	23	12	20
30/01/2025	00	9	15
30/01/2025	01	7	11
30/01/2025	02	2	4
30/01/2025	03	1	1
30/01/2025	04	1	2
30/01/2025	05	2	3
30/01/2025	06	2	3
30/01/2025	07	2	3
30/01/2025	08	3	6
30/01/2025	09	3	9
30/01/2025	10	3	9
30/01/2025	11	3	11
30/01/2025	12	2	7
30/01/2025	13	2	8
30/01/2025	14	1	6
30/01/2025	15	1	4
30/01/2025	16	1	5
30/01/2025	17	1	3
30/01/2025	18	1	2
30/01/2025	19	1	2
30/01/2025	20	2	4
30/01/2025	21	1	3
30/01/2025	22	1	2
30/01/2025	23	1	1
31/01/2025	00	2	2
31/01/2025	01	1	1
31/01/2025	02	0	1
31/01/2025	03	0	1
31/01/2025	04	1	1
31/01/2025	05	1	1
31/01/2025	06	1	2
31/01/2025	07	1	2
31/01/2025	08	1	3
31/01/2025	09	1	3
31/01/2025	10	2	4
31/01/2025	11	1	4
31/01/2025	12	2	6
31/01/2025	13	2	4
31/01/2025	14	1	2
31/01/2025	15	1	4
31/01/2025	16	2	9
31/01/2025	17	3	13
31/01/2025	18	3	15
31/01/2025	19	4	15
31/01/2025	20	5	8
31/01/2025	21	8	15
31/01/2025	22	8	11
31/01/2025	23	8	10
01/02/2025	00	8	9
01/02/2025	01	6	7
01/02/2025	02	5	6
01/02/2025	03	4	4
01/02/2025	04	2	3
01/02/2025	05	2	3
01/02/2025	06	2	2
01/02/2025	07	2	3
01/02/2025	08	3	5
01/02/2025	09	3	7
01/02/2025	10	3	7
01/02/2025	11	2	5
01/02/2025	12	2	6
01/02/2025	13	2	5
01/02/2025	14	1	3
01/02/2025	15	2	4
01/02/2025	16	2	3
01/02/2025	17	2	3
01/02/2025	18	2	4
01/02/2025	19	2	4
01/02/2025	20	3	4
01/02/2025	21	3	3
01/02/2025	22	3	3
01/02/2025	23	4	4
02/02/2025	00	2	3
02/02/2025	01	3	3
02/02/2025	02	4	4
02/02/2025	03	5	5
02/02/2025	04	3	4
02/02/2025	05	2	2
02/02/2025	06	2	3
02/02/2025	07	2	3
02/02/2025	08	2	4
02/02/2025	09	2	5
02/02/2025	10	1	2
02/02/2025	11	1	2
02/02/2025	12	1	2
02/02/2025	13	1	2
02/02/2025	14	2	3
02/02/2025	15	1	2
02/02/2025	16	1	1
02/02/2025	17	1	1
02/02/2025	18	1	1
02/02/2025	19	2	4
02/02/2025	20	6	10
02/02/2025	21	16	21
02/02/2025	22	15	17
02/02/2025	23	9	10
03/02/2025	00	7	8
03/02/2025	01	5	6
03/02/2025	02	4	5
03/02/2025	03	3	4
03/02/2025	04	4	5
03/02/2025	05	4	5
03/02/2025	06	3	4
03/02/2025	07	5	7
03/02/2025	08	6	11
03/02/2025	09	6	13
03/02/2025	10	5	8
03/02/2025	11	2	3
03/02/2025	12	2	2
03/02/2025	13	2	2
03/02/2025	14	1	1
03/02/2025	15	1	2
03/02/2025	16	2	2
03/02/2025	17	2	2
03/02/2025	18	2	3
03/02/2025	19	2	3
03/02/2025	20	3	4
03/02/2025	21	11	13
03/02/2025	22	9	11
03/02/2025	23	8	9
04/02/2025	00	6	7
04/02/2025	01	4	5
04/02/2025	02	5	5
04/02/2025	03	3	4
04/02/2025	04	4	5
04/02/2025	05	3	4
04/02/2025	06	4	6
04/02/2025	07	4	8
04/02/2025	08	7	18
04/02/2025	09	8	26
04/02/2025	10	7	18
04/02/2025	11	5	12
04/02/2025	12	2	4
04/02/2025	13	2	6
04/02/2025	14	2	3
04/02/2025	15	2	5
04/02/2025	16	2	5
04/02/2025	17	3	6
04/02/2025	18	4	10
04/02/2025	19	5	13
04/02/2025	20	9	17
04/02/2025	21	12	20
04/02/2025	22	13	23
04/02/2025	23	14	21
05/02/2025	00	12	17
05/02/2025	01	12	17
05/02/2025	02	10	14
05/02/2025	03	10	14
05/02/2025	04	8	12
05/02/2025	05	8	11
05/02/2025	06	6	9
05/02/2025	07	7	14
05/02/2025	08	8	22
05/02/2025	09	8	20
05/02/2025	10	7	17
05/02/2025	11	6	9
05/02/2025	12	5	6
05/02/2025	13	5	6
05/02/2025	14	4	5
05/02/2025	15	4	5
05/02/2025	16	3	4
05/02/2025	17	3	3
05/02/2025	18	3	3
05/02/2025	19	4	6
05/02/2025	20	13	20
05/02/2025	21	15	19
05/02/2025	22	11	13
05/02/2025	23	10	11
06/02/2025	00	12	14
06/02/2025	01	11	13
06/02/2025	02	9	10
06/02/2025	03	9	10
06/02/2025	04	10	12
06/02/2025	05	7	9
06/02/2025	06	7	8
06/02/2025	07	7	8
06/02/2025	08	8	13
06/02/2025	09	10	21
06/02/2025	10	12	26
06/02/2025	11	7	15
06/02/2025	12	6	12
06/02/2025	13	6	12
06/02/2025	14	6	11
06/02/2025	15	6	12
06/02/2025	16	9	32
06/02/2025	17	5	9
06/02/2025	18	6	18
06/02/2025	19	11	19
06/02/2025	20	14	20
06/02/2025	21	16	20
06/02/2025	22	14	17
06/02/2025	23	13	15
07/02/2025	00	14	16
07/02/2025	01	14	17
07/02/2025	02	14	19
07/02/2025	03	15	20
07/02/2025	04	13	16
07/02/2025	05	13	17
07/02/2025	06	12	17
07/02/2025	07	13	18
07/02/2025	08	15	22
07/02/2025	09	17	29
07/02/2025	10	17	27
07/02/2025	11	14	22
07/02/2025	12	14	26
07/02/2025	13	14	25
07/02/2025	14	15	22
07/02/2025	15	8	19
07/02/2025	16	6	19
07/02/2025	17	6	19
07/02/2025	18	4	7
07/02/2025	19	5	7
07/02/2025	20	5	7
07/02/2025	21	7	10
07/02/2025	22	10	14
07/02/2025	23	16	21
08/02/2025	00	17	22
08/02/2025	01	20	26
08/02/2025	02	19	24
08/02/2025	03	16	19
08/02/2025	04	17	21
08/02/2025	05	15	18
08/02/2025	06	15	19
08/02/2025	07	12	15
08/02/2025	08	10	12
08/02/2025	09	5	7
08/02/2025	10	3	4
08/02/2025	11	3	6
08/02/2025	12	2	7
08/02/2025	13	2	6
08/02/2025	14	2	5
08/02/2025	15	1	3
08/02/2025	16	1	2
08/02/2025	17	4	6
08/02/2025	18	3	3
08/02/2025	19	3	3
08/02/2025	20	2	3
08/02/2025	21	3	4
08/02/2025	22	8	9
08/02/2025	23	6	7
09/02/2025	00	6	7
09/02/2025	01	5	6
09/02/2025	02	3	4
09/02/2025	03	3	4
09/02/2025	04	4	4
09/02/2025	05	5	6
09/02/2025	06	5	7
09/02/2025	07	7	9
09/02/2025	08	7	9
09/02/2025	09	6	8
09/02/2025	10	6	7
09/02/2025	11	7	8
09/02/2025	12	5	6
09/02/2025	13	4	4
09/02/2025	14	4	5
09/02/2025	15	4	4
09/02/2025	16	3	3
09/02/2025	17	3	3
09/02/2025	18	3	3
09/02/2025	19	4	5
09/02/2025	20	7	9
09/02/2025	21	10	13
09/02/2025	22	15	18
09/02/2025	23	10	12
10/02/2025	00	8	9
10/02/2025	01	7	8
10/02/2025	02	7	8
10/02/2025	03	9	10
10/02/2025	04	6	7
10/02/2025	05	5	6
10/02/2025	06	5	6
10/02/2025	07	7	9
10/02/2025	08	11	18
10/02/2025	09	9	12
10/02/2025	10	5	8
10/02/2025	11	2	3
10/02/2025	12	1	2
10/02/2025	13	1	2
10/02/2025	14	1	2
10/02/2025	15	1	2
10/02/2025	16	1	2
10/02/2025	17	1	3
10/02/2025	18	1	1
10/02/2025	19	1	1
10/02/2025	20	1	1
10/02/2025	21	2	2
10/02/2025	22	5	6
10/02/2025	23	5	6
11/02/2025	00	6	7
11/02/2025	01	4	4
11/02/2025	02	3	3
11/02/2025	03	3	4
11/02/2025	04	5	8
11/02/2025	05	6	8
11/02/2025	06	6	8
11/02/2025	07	8	13
11/02/2025	08	10	15
11/02/2025	09	15	25
11/02/2025	10	20	32
11/02/2025	11	12	19
11/02/2025	12	11	28
11/02/2025	13	8	30
11/02/2025	14	3	8
11/02/2025	15	2	5
11/02/2025	16	3	8
11/02/2025	17	4	7
11/02/2025	18	4	5
11/02/2025	19	4	6
11/02/2025	20	9	13
11/02/2025	21	12	17
11/02/2025	22	15	22
11/02/2025	23	16	22
12/02/2025	00	15	19
12/02/2025	01	11	14
12/02/2025	02	12	14
12/02/2025	03	11	13
12/02/2025	04	10	12
12/02/2025	05	12	15
12/02/2025	06	12	14
12/02/2025	07	13	18
12/02/2025	08	17	27
12/02/2025	09	17	23
12/02/2025	10	14	18
12/02/2025	11	13	19
12/02/2025	12	11	24
12/02/2025	13	5	32
12/02/2025	14	1	3
12/02/2025	15	2	7
12/02/2025	16	2	10
12/02/2025	17	2	6
12/02/2025	18	2	6
12/02/2025	19	1	3
12/02/2025	20	2	3
12/02/2025	21	2	5
12/02/2025	22	1	3
12/02/2025	23	2	3
13/02/2025	00	2	3
13/02/2025	01	5	16
13/02/2025	02	5	16
13/02/2025	03	4	7
13/02/2025	04	3	5
13/02/2025	05	5	7
13/02/2025	06	3	5
13/02/2025	07	4	9
13/02/2025	08	8	26
13/02/2025	09	6	17
13/02/2025	10	3	11
13/02/2025	11	2	7
13/02/2025	12	2	4
13/02/2025	13	2	5
13/02/2025	14	1	2
13/02/2025	15	1	3
13/02/2025	16	2	4
13/02/2025	17	2	12
13/02/2025	18	3	10
13/02/2025	19	4	15
13/02/2025	20	5	7
13/02/2025	21	9	13
13/02/2025	22	8	11
13/02/2025	23	5	6
14/02/2025	00	5	6
14/02/2025	01	7	9
14/02/2025	02	12	19
14/02/2025	03	6	9
14/02/2025	04	6	7
14/02/2025	05	8	11
14/02/2025	06	8	13
14/02/2025	07	12	19
14/02/2025	08	11	22
14/02/2025	09	10	28
14/02/2025	10	15	30
14/02/2025	11	13	27
14/02/2025	12	14	22
14/02/2025	13	7	16
14/02/2025	14	6	11
14/02/2025	15	6	12
14/02/2025	16	4	12
14/02/2025	17	3	7
14/02/2025	18	4	13
14/02/2025	19	7	22
14/02/2025	20	6	11
14/02/2025	21	12	17
14/02/2025	22	11	16
14/02/2025	23	12	19
15/02/2025	00	11	16
15/02/2025	01	11	18
15/02/2025	02	23	30
15/02/2025	03	12	18
15/02/2025	04	14	18
15/02/2025	05	11	14
15/02/2025	06	7	9
15/02/2025	07	5	7
15/02/2025	08	4	7
15/02/2025	09	5	8
15/02/2025	10	6	7
15/02/2025	11	7	8
15/02/2025	12	6	8
15/02/2025	13	7	8
15/02/2025	14	7	8
15/02/2025	15	5	6
15/02/2025	16	6	8
15/02/2025	17	6	7
15/02/2025	18	7	9
15/02/2025	19	14	17
15/02/2025	20	13	16
15/02/2025	21	15	19
15/02/2025	22	21	26
15/02/2025	23	19	24
16/02/2025	00	18	24
16/02/2025	01	16	21
16/02/2025	02	12	15
16/02/2025	03	12	14
16/02/2025	04	9	11
16/02/2025	05	8	10
16/02/2025	06	9	10
16/02/2025	07	10	11
16/02/2025	08	11	13
16/02/2025	09	12	15
16/02/2025	10	15	17
16/02/2025	11	14	19
16/02/2025	12	14	22
16/02/2025	13	11	13
16/02/2025	14	10	22
16/02/2025	15	6	8
16/02/2025	16	7	8
16/02/2025	17	5	6
16/02/2025	18	5	6
16/02/2025	19	8	9
16/02/2025	20	14	16
16/02/2025	21	18	20
16/02/2025	22	18	21
16/02/2025	23	17	20
17/02/2025	00	19	23
17/02/2025	01	19	23
17/02/2025	02	19	24
17/02/2025	03	16	20
17/02/2025	04	13	19
17/02/2025	05	14	20
17/02/2025	06	13	19
17/02/2025	07	12	20
17/02/2025	08	13	23
17/02/2025	09	12	27
17/02/2025	10	16	34
17/02/2025	11	15	36
17/02/2025	12	12	20
17/02/2025	13	13	17
17/02/2025	14	12	15
17/02/2025	15	10	15
17/02/2025	16	5	5
17/02/2025	17	4	5
17/02/2025	18	4	5
17/02/2025	19	5	6
17/02/2025	20	8	9
17/02/2025	21	14	17
17/02/2025	22	18	24
17/02/2025	23	21	29
18/02/2025	00	16	19
18/02/2025	01	14	16
18/02/2025	02	12	14
18/02/2025	03	10	12
18/02/2025	04	8	9
18/02/2025	05	7	9
18/02/2025	06	7	8
18/02/2025	07	8	11
18/02/2025	08	9	13
18/02/2025	09	9	14
18/02/2025	10	8	11
18/02/2025	11	6	7
18/02/2025	12	6	7
18/02/2025	13	7	9
18/02/2025	14	7	9
18/02/2025	15	8	10
18/02/2025	16	10	12
18/02/2025	17	9	10
18/02/2025	18	7	8
18/02/2025	19	7	8
18/02/2025	20	7	9
18/02/2025	21	8	10
18/02/2025	22	13	17
18/02/2025	23	16	23
19/02/2025	00	16	22
19/02/2025	01	18	25
19/02/2025	02	14	28
19/02/2025	03	14	22
19/02/2025	04	16	22
19/02/2025	05	17	23
19/02/2025	06	16	22
19/02/2025	07	16	26
19/02/2025	08	17	28
19/02/2025	09	17	46
19/02/2025	10	18	37
19/02/2025	11	15	25
19/02/2025	12	17	20
19/02/2025	13	19	23
19/02/2025	14	15	18
19/02/2025	15	10	13
19/02/2025	16	10	13
19/02/2025	17	11	12
19/02/2025	18	10	12
19/02/2025	19	8	10
19/02/2025	20	8	10
19/02/2025	21	12	14
19/02/2025	22	16	20
19/02/2025	23	16	20
20/02/2025	00	19	22
20/02/2025	01	22	26
20/02/2025	02	22	27
20/02/2025	03	21	25
20/02/2025	04	23	28
20/02/2025	05	25	31
20/02/2025	06	22	26
20/02/2025	07	20	26
20/02/2025	08	22	32
20/02/2025	09	25	41
20/02/2025	10	27	40
20/02/2025	11	22	28
20/02/2025	12	21	27
20/02/2025	13	20	23
20/02/2025	14	18	20
20/02/2025	15	15	18
20/02/2025	16	13	19
20/02/2025	17	14	19
20/02/2025	18	15	17
20/02/2025	19	14	17
20/02/2025	20	14	16
20/02/2025	21	15	18
20/02/2025	22	16	19
20/02/2025	23	16	19
21/02/2025	00	15	18
21/02/2025	01	15	18
21/02/2025	02	15	17
21/02/2025	03	15	18
21/02/2025	04	15	19
21/02/2025	05	17	21
21/02/2025	06	18	22
21/02/2025	07	18	22
21/02/2025	08	18	24
21/02/2025	09	14	19
21/02/2025	10	13	16
21/02/2025	11	13	17
21/02/2025	12	12	16
21/02/2025	13	12	16
21/02/2025	14	10	14
21/02/2025	15	10	14
21/02/2025	16	9	15
21/02/2025	17	10	17
21/02/2025	18	9	15
21/02/2025	19	8	10
21/02/2025	20	7	9
21/02/2025	21	8	11
21/02/2025	22	10	14
21/02/2025	23	12	15
22/02/2025	00	14	17
22/02/2025	01	13	16
22/02/2025	02	13	15
22/02/2025	03	13	16
22/02/2025	04	13	16
22/02/2025	05	13	16
22/02/2025	06	12	15
22/02/2025	07	11	14
22/02/2025	08	13	16
22/02/2025	09	13	19
22/02/2025	10	15	21
22/02/2025	11	17	21
22/02/2025	12	20	24
22/02/2025	13	18	22
22/02/2025	14	15	19
22/02/2025	15	14	16
22/02/2025	16	11	12
22/02/2025	17	5	6
22/02/2025	18	4	5
22/02/2025	19	14	15
22/02/2025	20	17	19
22/02/2025	21	18	19
22/02/2025	22	18	20
22/02/2025	23	23	26
23/02/2025	00	17	19
23/02/2025	01	3	3
23/02/2025	02	1	1
23/02/2025	03	1	2
23/02/2025	04	1	2
23/02/2025	05	2	2
23/02/2025	06	2	2
23/02/2025	07	2	2
23/02/2025	08	3	4
23/02/2025	09	3	4
23/02/2025	10	2	3
23/02/2025	11	2	2
23/02/2025	12	1	1
23/02/2025	13	1	1
23/02/2025	14	1	1
23/02/2025	15	1	1
23/02/2025	16	1	1
23/02/2025	17	1	1
23/02/2025	18	1	1
23/02/2025	19	1	2
23/02/2025	20	1	2
23/02/2025	21	2	3
23/02/2025	22	6	7
23/02/2025	23	5	6
24/02/2025	00	5	6
24/02/2025	01	6	7
24/02/2025	02	6	7
24/02/2025	03	7	8
24/02/2025	04	6	7
24/02/2025	05	6	7
24/02/2025	06	4	6
24/02/2025	07	6	9
24/02/2025	08	8	12
24/02/2025	09	9	21
24/02/2025	10	9	14
24/02/2025	11	6	9
24/02/2025	12	5	8
24/02/2025	13	5	8
24/02/2025	14	8	9
24/02/2025	15	4	5
24/02/2025	16	6	7
24/02/2025	17	5	9
24/02/2025	18	6	12
24/02/2025	19	6	9
24/02/2025	20	13	19
24/02/2025	21	13	18
24/02/2025	22	13	19
24/02/2025	23	11	13
25/02/2025	00	12	15
25/02/2025	01	10	12
25/02/2025	02	6	7
25/02/2025	03	3	3
25/02/2025	04	3	3
25/02/2025	05	8	9
25/02/2025	06	6	7
25/02/2025	07	3	4
25/02/2025	08	4	5
25/02/2025	09	3	6
25/02/2025	10	3	5
25/02/2025	11	2	6
25/02/2025	12	2	5
25/02/2025	13	2	7
25/02/2025	14	1	4
25/02/2025	15	2	7
25/02/2025	16	3	9
25/02/2025	17	2	5
25/02/2025	18	2	5
25/02/2025	19	2	4
25/02/2025	20	2	2
25/02/2025	21	2	3
25/02/2025	22	2	2
25/02/2025	23	1	2
26/02/2025	00	2	3
26/02/2025	01	2	2
26/02/2025	02	2	3
26/02/2025	03	1	2
26/02/2025	04	6	7
26/02/2025	05	1	2
26/02/2025	06	1	4
26/02/2025	07	3	7
26/02/2025	08	6	22
26/02/2025	09	4	13
26/02/2025	10	2	4
26/02/2025	11	1	4
26/02/2025	12	1	5
26/02/2025	13	2	5
26/02/2025	14	1	6
26/02/2025	15	3	15
26/02/2025	16	3	17
26/02/2025	17	2	10
26/02/2025	18	2	6
26/02/2025	19	2	3
26/02/2025	20	4	7
26/02/2025	21	6	9
26/02/2025	22	7	10
26/02/2025	23	7	9
27/02/2025	00	5	7
27/02/2025	01	6	8
27/02/2025	02	6	9
27/02/2025	03	5	8
27/02/2025	04	5	6
27/02/2025	05	6	8
27/02/2025	06	6	8
27/02/2025	07	5	7
27/02/2025	08	7	12
27/02/2025	09	8	28
27/02/2025	10	6	16
27/02/2025	11	7	16
27/02/2025	12	9	15
27/02/2025	13	4	5
27/02/2025	14	3	5
27/02/2025	15	2	4
27/02/2025	16	2	3
27/02/2025	17	2	3
27/02/2025	18	2	6
27/02/2025	19	2	4
27/02/2025	20	3	3
27/02/2025	21	6	8
27/02/2025	22	11	16
27/02/2025	23	10	13
28/02/2025	00	7	10
28/02/2025	01	6	8
28/02/2025	02	7	8
28/02/2025	03	5	7
28/02/2025	04	5	6
28/02/2025	05	4	5
28/02/2025	06	4	5
28/02/2025	07	5	6
28/02/2025	08	7	9
28/02/2025	09	6	9
28/02/2025	10	3	4
28/02/2025	11	3	4
28/02/2025	12	4	5
28/02/2025	13	4	5
28/02/2025	14	1	4
28/02/2025	15	2	3
28/02/2025	16	1	2
28/02/2025	17	2	2
28/02/2025	18	1	2
28/02/2025	19	2	2
28/02/2025	20	2	3
28/02/2025	21	2	2
28/02/2025	22	2	2
28/02/2025	23	2	3
01/03/2025	00	2	3
01/03/2025	01	2	2
01/03/2025	02	1	2
01/03/2025	03	1	2
01/03/2025	04	1	2
01/03/2025	05	1	2
01/03/2025	06	2	2
01/03/2025	07	2	2
01/03/2025	08	2	3
01/03/2025	09	2	3
01/03/2025	10	2	4
01/03/2025	11	2	3
01/03/2025	12	2	3
01/03/2025	13	2	3
01/03/2025	14	3	3
01/03/2025	15	3	3
01/03/2025	16	3	3
01/03/2025	17	3	3
01/03/2025	18	4	5
01/03/2025	19	3	4
01/03/2025	20	3	4
01/03/2025	21	4	5
01/03/2025	22	3	5
01/03/2025	23	4	5
02/03/2025	00	3	4
02/03/2025	01	3	4
02/03/2025	02	3	4
02/03/2025	03	3	4
02/03/2025	04	3	4
02/03/2025	05	2	3
02/03/2025	06	2	3
02/03/2025	07	2	3
02/03/2025	08	1	2
02/03/2025	09	2	3
02/03/2025	10	3	4
02/03/2025	11	3	4
02/03/2025	12	4	4
02/03/2025	13	4	5
02/03/2025	14	4	4
02/03/2025	15	4	4
02/03/2025	16	3	4
02/03/2025	17	3	4
02/03/2025	18	4	4
02/03/2025	19	3	4
02/03/2025	20	4	5
02/03/2025	21	5	6
02/03/2025	22	4	5
02/03/2025	23	4	5
03/03/2025	00	3	4
03/03/2025	01	3	4
03/03/2025	02	3	4
03/03/2025	03	3	4
03/03/2025	04	3	4
03/03/2025	05	3	4
03/03/2025	06	3	4
03/03/2025	07	3	4
03/03/2025	08	4	5
03/03/2025	09	5	7
03/03/2025	10	6	7
03/03/2025	11	6	8
03/03/2025	12	6	8
03/03/2025	13	6	7
03/03/2025	14	7	8
03/03/2025	15	8	9
03/03/2025	16	6	9
03/03/2025	17	6	9
03/03/2025	18	6	8
03/03/2025	19	6	7
03/03/2025	20	6	7
03/03/2025	21	6	8
03/03/2025	22	6	7
03/03/2025	23	6	8
04/03/2025	00	6	8
04/03/2025	01	6	8
04/03/2025	02	5	7
04/03/2025	03	6	8
04/03/2025	04	6	9
04/03/2025	05	7	10
04/03/2025	06	8	11
04/03/2025	07	8	12
04/03/2025	08	9	13
04/03/2025	09	9	14
04/03/2025	10	9	13
04/03/2025	11	8	12
04/03/2025	12	8	11
04/03/2025	13	7	13
04/03/2025	14	8	10
04/03/2025	15	8	10
04/03/2025	16	7	9
04/03/2025	17	8	9
04/03/2025	18	8	10
04/03/2025	19	8	10
04/03/2025	20	9	10
04/03/2025	21	9	10
04/03/2025	22	8	10
04/03/2025	23	9	10
05/03/2025	00	8	10
05/03/2025	01	8	10
05/03/2025	02	8	10
05/03/2025	03	8	10
05/03/2025	04	9	10
05/03/2025	05	8	9
05/03/2025	06	8	9
05/03/2025	07	8	9
05/03/2025	08	7	9
05/03/2025	09	7	9
05/03/2025	10	7	9
05/03/2025	11	7	9
05/03/2025	12	7	8
05/03/2025	13	8	9
05/03/2025	14	8	10
05/03/2025	15	9	11
05/03/2025	16	9	11
05/03/2025	17	10	11
05/03/2025	18	10	11
05/03/2025	19	10	12
05/03/2025	20	10	12
05/03/2025	21	11	13
05/03/2025	22	11	13
05/03/2025	23	10	12
06/03/2025	00	10	12
06/03/2025	01	10	12
06/03/2025	02	10	12
06/03/2025	03	10	11
06/03/2025	04	10	11
06/03/2025	05	10	12
06/03/2025	06	11	13
06/03/2025	07	11	13
06/03/2025	08	10	12
06/03/2025	09	10	12
06/03/2025	10	9	11
06/03/2025	11	9	11
06/03/2025	12	9	11
06/03/2025	13	9	11
06/03/2025	14	9	11
06/03/2025	15	9	10
06/03/2025	16	8	9
06/03/2025	17	8	9
06/03/2025	18	8	9
06/03/2025	19	8	9
06/03/2025	20	8	9
06/03/2025	21	8	9
06/03/2025	22	9	11
06/03/2025	23	9	10
07/03/2025	00	8	9
07/03/2025	01	7	9
07/03/2025	02	6	8
07/03/2025	03	7	9
07/03/2025	04	9	12
07/03/2025	05	10	13
07/03/2025	06	10	13
07/03/2025	07	10	13
07/03/2025	08	10	15
07/03/2025	09	12	18
07/03/2025	10	8	11
07/03/2025	11	8	10
07/03/2025	12	7	9
07/03/2025	13	5	7
07/03/2025	14	5	6
07/03/2025	15	5	6
07/03/2025	16	5	9
07/03/2025	17	4	5
07/03/2025	18	3	4
07/03/2025	19	3	4
07/03/2025	20	4	5
07/03/2025	21	4	4
07/03/2025	22	3	4
07/03/2025	23	3	3
08/03/2025	00	4	4
08/03/2025	01	4	5
08/03/2025	02	4	5
08/03/2025	03	5	6
08/03/2025	04	6	7
08/03/2025	05	6	7
08/03/2025	06	6	8
08/03/2025	07	8	9
08/03/2025	08	9	11
08/03/2025	09	8	9
08/03/2025	10	8	10
08/03/2025	11	9	10
08/03/2025	12	10	12
08/03/2025	13	9	11
08/03/2025	14	10	12
08/03/2025	15	10	13
08/03/2025	16	10	12
08/03/2025	17	10	12
08/03/2025	18	9	11
08/03/2025	19	10	12
08/03/2025	20	12	14
08/03/2025	21	9	12
08/03/2025	22	9	10
08/03/2025	23	5	6
09/03/2025	00	4	5
09/03/2025	01	4	5
09/03/2025	02	8	9
09/03/2025	03	9	10
09/03/2025	04	3	4
09/03/2025	05	2	2
09/03/2025	06	1	1
09/03/2025	07	1	1
09/03/2025	08	1	1
09/03/2025	09	1	1
09/03/2025	10	1	1
09/03/2025	11	1	1
09/03/2025	12	1	1
09/03/2025	13	1	1
09/03/2025	14	1	1
09/03/2025	15	1	2
09/03/2025	16	1	3
09/03/2025	17	1	2
09/03/2025	18	1	2
09/03/2025	19	1	1
09/03/2025	20	1	2
09/03/2025	21	2	2
09/03/2025	22	2	3
09/03/2025	23	4	5
10/03/2025	00	4	5
10/03/2025	01	3	4
10/03/2025	02	4	5
10/03/2025	03	3	3
10/03/2025	04	3	3
10/03/2025	05	3	4
10/03/2025	06	2	2
10/03/2025	07	2	3
10/03/2025	08	3	7
10/03/2025	09	2	4
10/03/2025	10	1	2
10/03/2025	11	1	2
10/03/2025	12	2	4
10/03/2025	13	1	2
10/03/2025	14	1	1
10/03/2025	15	2	4
10/03/2025	16	2	7
10/03/2025	17	2	5
10/03/2025	18	2	4
10/03/2025	19	1	3
10/03/2025	20	2	3
10/03/2025	21	2	4
10/03/2025	22	3	4
10/03/2025	23	4	6
11/03/2025	00	7	9
11/03/2025	01	7	10
11/03/2025	02	4	6
11/03/2025	03	4	5
11/03/2025	04	4	5
11/03/2025	05	4	6
11/03/2025	06	5	7
11/03/2025	07	7	10
11/03/2025	08	6	8
11/03/2025	09	3	4
11/03/2025	10	1	3
11/03/2025	11	4	12
11/03/2025	12	4	15
11/03/2025	13	2	10
11/03/2025	14	3	7
11/03/2025	15	3	6
11/03/2025	16	4	9
11/03/2025	17	3	5
11/03/2025	18	3	3
11/03/2025	19	2	3
11/03/2025	20	2	3
11/03/2025	21	2	2
11/03/2025	22	2	2
11/03/2025	23	2	2
12/03/2025	00	1	2
12/03/2025	01	3	3
12/03/2025	02	1	2
12/03/2025	03	2	2
12/03/2025	04	1	1
12/03/2025	05	1	1
12/03/2025	06	1	1
12/03/2025	07	2	3
12/03/2025	08	1	2
12/03/2025	09	1	2
12/03/2025	10	1	2
12/03/2025	11	1	3
12/03/2025	12	1	3
12/03/2025	13	1	2
12/03/2025	14	1	3
12/03/2025	15	1	2
12/03/2025	16	1	2
12/03/2025	17	2	3
12/03/2025	18	2	3
12/03/2025	19	1	2
12/03/2025	20	2	2
12/03/2025	21	2	3
12/03/2025	22	2	3
12/03/2025	23	2	2
13/03/2025	00	2	2
13/03/2025	01	2	3
13/03/2025	02	2	2
13/03/2025	03	1	2
13/03/2025	04	3	4
13/03/2025	05	2	3
13/03/2025	06	2	4
13/03/2025	07	4	12
13/03/2025	08	7	20
13/03/2025	09	5	14
13/03/2025	10	3	7
13/03/2025	11	3	5
13/03/2025	12	2	4
13/03/2025	13	3	3
13/03/2025	14	3	3
13/03/2025	15	3	3
13/03/2025	16	3	4
13/03/2025	17	3	4
13/03/2025	18	2	2
13/03/2025	19	3	3
13/03/2025	20	3	3
13/03/2025	21	4	4
13/03/2025	22	2	3
13/03/2025	23	1	2
14/03/2025	00	1	2
14/03/2025	01	3	3
14/03/2025	02	4	5
14/03/2025	03	2	2
14/03/2025	04	3	3
14/03/2025	05	3	3
14/03/2025	06	1	2
14/03/2025	07	2	4
14/03/2025	08	3	4
14/03/2025	09	3	4
14/03/2025	10	2	3
14/03/2025	11	2	3
14/03/2025	12	2	3
14/03/2025	13	2	2
14/03/2025	14	2	2
14/03/2025	15	1	2
14/03/2025	16	1	2
14/03/2025	17	1	1
14/03/2025	18	1	1
14/03/2025	19	1	2
14/03/2025	20	2	2
14/03/2025	21	2	2
14/03/2025	22	2	2
14/03/2025	23	3	3
15/03/2025	00	4	5
15/03/2025	01	3	3
15/03/2025	02	3	3
15/03/2025	03	2	2
15/03/2025	04	1	2
15/03/2025	05	2	2
15/03/2025	06	2	3
15/03/2025	07	3	3
15/03/2025	08	3	4
15/03/2025	09	3	3
15/03/2025	10	2	3
15/03/2025	11	1	2
15/03/2025	12	1	1
15/03/2025	13	1	1
15/03/2025	14	1	1
15/03/2025	15	1	1
15/03/2025	16	1	1
15/03/2025	17	1	1
15/03/2025	18	2	3
15/03/2025	19	1	2
15/03/2025	20	2	2
15/03/2025	21	3	4
15/03/2025	22	5	6
15/03/2025	23	5	7
16/03/2025	00	5	9
16/03/2025	01	6	12
16/03/2025	02	5	6
16/03/2025	03	7	8
16/03/2025	04	6	9
16/03/2025	05	6	13
16/03/2025	06	5	7
16/03/2025	07	5	7
16/03/2025	08	5	8
16/03/2025	09	3	4
16/03/2025	10	2	3
16/03/2025	11	3	3
16/03/2025	12	3	4
16/03/2025	13	3	4
16/03/2025	14	2	3
16/03/2025	15	1	2
16/03/2025	16	1	2
16/03/2025	17	2	2
16/03/2025	18	1	2
16/03/2025	19	2	2
16/03/2025	20	5	8
16/03/2025	21	5	6
16/03/2025	22	1	2
16/03/2025	23	2	3
17/03/2025	00	3	7
17/03/2025	01	2	4
17/03/2025	02	2	3
17/03/2025	03	3	6
17/03/2025	04	2	3
17/03/2025	05	1	2
17/03/2025	06	1	2
17/03/2025	07	2	2
17/03/2025	08	1	2
17/03/2025	09	2	2
17/03/2025	10	2	2
17/03/2025	11	2	2
17/03/2025	12	2	2
17/03/2025	13	2	3
17/03/2025	14	3	3
17/03/2025	15	3	3
17/03/2025	16	2	3
17/03/2025	17	1	1
17/03/2025	18	1	1
17/03/2025	19	2	2
17/03/2025	20	2	2
17/03/2025	21	2	3
17/03/2025	22	2	2
17/03/2025	23	1	2
18/03/2025	00	1	2
18/03/2025	01	1	2
18/03/2025	02	1	2
18/03/2025	03	1	2
18/03/2025	04	2	2
18/03/2025	05	2	2
18/03/2025	06	2	2
18/03/2025	07	2	3
18/03/2025	08	2	3
18/03/2025	09	2	3
18/03/2025	10	2	3
18/03/2025	11	3	3
18/03/2025	12	2	3
18/03/2025	13	3	3
18/03/2025	14	3	3
18/03/2025	15	3	3
18/03/2025	16	3	3
18/03/2025	17	2	3
18/03/2025	18	2	2
18/03/2025	19	2	2
18/03/2025	20	3	3
18/03/2025	21	3	4
18/03/2025	22	3	4
18/03/2025	23	4	5
19/03/2025	00	4	4
19/03/2025	01	1	1
19/03/2025	02	1	1
19/03/2025	03	1	1
19/03/2025	04	1	1
19/03/2025	05	1	2
19/03/2025	06	2	3
19/03/2025	07	2	3
19/03/2025	08	1	1
19/03/2025	09	2	2
19/03/2025	10	2	3
19/03/2025	11	2	2
19/03/2025	12	2	2
19/03/2025	13	2	2
19/03/2025	14	2	2
19/03/2025	15	2	2
19/03/2025	16	2	3
19/03/2025	17	3	3
19/03/2025	18	3	3
19/03/2025	19	3	3
19/03/2025	20	3	4
19/03/2025	21	3	3
19/03/2025	22	3	3
19/03/2025	23	3	4
20/03/2025	00	3	4
20/03/2025	01	3	3
20/03/2025	02	3	4
20/03/2025	03	3	4
20/03/2025	04	4	5
20/03/2025	05	5	7
20/03/2025	06	6	10
20/03/2025	07	7	12
20/03/2025	08	7	12
20/03/2025	09	7	14
20/03/2025	10	8	15
20/03/2025	11	10	21
20/03/2025	12	14	33
20/03/2025	13	23	54
20/03/2025	14	19	39
20/03/2025	15	21	47
20/03/2025	16	23	51
20/03/2025	17	23	51
20/03/2025	18	21	51
20/03/2025	19	18	47
20/03/2025	20	17	41
20/03/2025	21	16	35
20/03/2025	22	16	39
20/03/2025	23	16	41
21/03/2025	00	18	55
21/03/2025	01	19	56
21/03/2025	02	18	51
21/03/2025	03	18	56
21/03/2025	04	13	37
21/03/2025	05	10	26
21/03/2025	06	12	33
21/03/2025	07	8	21
21/03/2025	08	2	3
21/03/2025	09	2	3
21/03/2025	10	2	3
21/03/2025	11	2	3
21/03/2025	12	3	5
21/03/2025	13	2	4
21/03/2025	14	2	4
21/03/2025	15	3	7
21/03/2025	16	3	7
21/03/2025	17	2	5
21/03/2025	18	3	6
21/03/2025	19	3	7
21/03/2025	20	3	7
21/03/2025	21	4	8
21/03/2025	22	7	11
21/03/2025	23	8	11
22/03/2025	00	7	10
22/03/2025	01	7	10
22/03/2025	02	10	13
22/03/2025	03	6	8
22/03/2025	04	5	7
22/03/2025	05	5	7
22/03/2025	06	3	5
22/03/2025	07	1	2
22/03/2025	08	1	2
22/03/2025	09	1	1
22/03/2025	10	1	1
22/03/2025	11	2	2
22/03/2025	12	1	1
22/03/2025	13	1	1
22/03/2025	14	1	2
22/03/2025	15	1	2
22/03/2025	16	1	1
22/03/2025	17	1	1
22/03/2025	18	1	1
22/03/2025	19	1	1
22/03/2025	20	1	2
22/03/2025	21	1	2
22/03/2025	22	1	2
22/03/2025	23	1	1
23/03/2025	00	1	1
23/03/2025	01	4	5
23/03/2025	02	0	1
23/03/2025	03	1	1
23/03/2025	04	0	1
23/03/2025	05	1	1
23/03/2025	06	1	1
23/03/2025	07	1	1
23/03/2025	08	1	1
23/03/2025	09	2	2
23/03/2025	10	1	2
23/03/2025	11	1	1
23/03/2025	12	1	1
23/03/2025	13	1	1
23/03/2025	14	1	2
23/03/2025	15	1	3
23/03/2025	16	1	2
23/03/2025	17	1	2
23/03/2025	18	1	2
23/03/2025	19	2	2
23/03/2025	20	1	2
23/03/2025	21	2	3
23/03/2025	22	1	3
23/03/2025	23	2	3
24/03/2025	00	2	2
24/03/2025	01	2	2
24/03/2025	02	1	2
24/03/2025	03	1	2
24/03/2025	04	1	2
24/03/2025	05	1	1
24/03/2025	06	1	2
24/03/2025	07	2	3
24/03/2025	08	2	5
24/03/2025	09	2	5
24/03/2025	10	2	4
24/03/2025	11	2	3
24/03/2025	12	1	3
24/03/2025	13	1	2
24/03/2025	14	1	1
24/03/2025	15	1	2
24/03/2025	16	2	6
24/03/2025	17	1	3
24/03/2025	18	1	2
24/03/2025	19	1	3
24/03/2025	20	2	3
24/03/2025	21	2	3
24/03/2025	22	2	3
24/03/2025	23	2	3
25/03/2025	00	2	4
25/03/2025	01	2	3
25/03/2025	02	1	2
25/03/2025	03	1	2
25/03/2025	04	2	2
25/03/2025	05	3	7
25/03/2025	06	2	6
25/03/2025	07	2	6
25/03/2025	08	3	9
25/03/2025	09	2	6
25/03/2025	10	3	8
25/03/2025	11	3	11
25/03/2025	12	2	7
25/03/2025	13	2	9
25/03/2025	14	1	2
25/03/2025	15	2	4
25/03/2025	16	1	3
25/03/2025	17	1	2
25/03/2025	18	2	4
25/03/2025	19	1	2
25/03/2025	20	1	2
25/03/2025	21	2	2
25/03/2025	22	4	5
25/03/2025	23	5	6
26/03/2025	00	9	11
26/03/2025	01	8	9
26/03/2025	02	8	10
26/03/2025	03	29	35
26/03/2025	04	17	20
26/03/2025	05	7	9
26/03/2025	06	5	7
26/03/2025	07	5	8
26/03/2025	08	6	23
26/03/2025	09	4	19
26/03/2025	10	2	7
26/03/2025	11	4	12
26/03/2025	12	4	15
26/03/2025	13	10	27
26/03/2025	14	7	16
26/03/2025	15	3	10
26/03/2025	16	4	18
26/03/2025	17	3	8
26/03/2025	18	3	4
26/03/2025	19	3	4
26/03/2025	20	3	4
26/03/2025	21	4	5
26/03/2025	22	8	9
26/03/2025	23	8	10
27/03/2025	00	10	12
27/03/2025	01	9	11
27/03/2025	02	9	11
27/03/2025	03	7	9
27/03/2025	04	3	4
27/03/2025	05	4	7
27/03/2025	06	3	5
27/03/2025	07	4	9
27/03/2025	08	6	16
27/03/2025	09	6	19
27/03/2025	10	4	9
27/03/2025	11	3	6
27/03/2025	12	4	6
27/03/2025	13	4	6
27/03/2025	14	4	5
27/03/2025	15	5	7
27/03/2025	16	5	7
27/03/2025	17	4	5
27/03/2025	18	4	4
27/03/2025	19	4	5
27/03/2025	20	4	4
27/03/2025	21	4	4
27/03/2025	22	10	11
27/03/2025	23	15	17
28/03/2025	00	14	17
28/03/2025	01	19	22
28/03/2025	02	17	19
28/03/2025	03	20	24
28/03/2025	04	18	21
28/03/2025	05	6	8
28/03/2025	06	5	7
28/03/2025	07	7	14
28/03/2025	08	8	16
28/03/2025	09	6	11
28/03/2025	10	7	11
28/03/2025	11	8	10
28/03/2025	12	6	11
28/03/2025	13	6	16
28/03/2025	14	5	6
28/03/2025	15	5	6
28/03/2025	16	5	8
28/03/2025	17	5	6
28/03/2025	18	4	5
28/03/2025	19	4	5
28/03/2025	20	4	4
28/03/2025	21	5	7
28/03/2025	22	11	14
28/03/2025	23	17	20
29/03/2025	00	12	16
29/03/2025	01	13	16
29/03/2025	02	9	12
29/03/2025	03	3	5
29/03/2025	04	3	4
29/03/2025	05	2	5
29/03/2025	06	2	5
29/03/2025	07	2	7
29/03/2025	08	2	6
29/03/2025	09	2	4
29/03/2025	10	2	6
29/03/2025	11	1	3
29/03/2025	12	2	2
29/03/2025	13	1	1
29/03/2025	14	1	2
29/03/2025	15	1	2
29/03/2025	16	1	2
29/03/2025	17	1	2
29/03/2025	18	2	4
29/03/2025	19	2	4
29/03/2025	20	3	6
29/03/2025	21	3	6
29/03/2025	22	3	4
29/03/2025	23	2	5
30/03/2025	00	3	5
30/03/2025	01	1	2
30/03/2025	02	2	3
30/03/2025	03	3	4
30/03/2025	04	2	3
30/03/2025	05	2	5
30/03/2025	06	2	3
30/03/2025	07	3	8
30/03/2025	08	3	10
30/03/2025	09	2	5
30/03/2025	10	2	3
30/03/2025	11	2	4
30/03/2025	12	2	3
30/03/2025	13	1	3
30/03/2025	14	1	3
30/03/2025	15	1	2
30/03/2025	16	1	2
30/03/2025	17	1	2
30/03/2025	18	1	2
30/03/2025	19	1	2
30/03/2025	20	2	4
30/03/2025	21	2	5
30/03/2025	22	4	10
30/03/2025	23	5	13
31/03/2025	00	3	8
31/03/2025	01	4	6
31/03/2025	02	3	5
31/03/2025	03	3	5
31/03/2025	04	2	5
31/03/2025	05	3	6
31/03/2025	06	5	13
31/03/2025	07	7	16
31/03/2025	08	5	13
31/03/2025	09	5	12
31/03/2025	10	6	15
31/03/2025	11	8	20
31/03/2025	12	5	17
31/03/2025	13	4	14
31/03/2025	14	5	21
31/03/2025	15	4	22
31/03/2025	16	4	19
31/03/2025	17	4	18
31/03/2025	18	3	8
31/03/2025	19	2	4
31/03/2025	20	2	4
31/03/2025	21	3	6
31/03/2025	22	5	7
31/03/2025	23	7	20
01/04/2025	00	18	59
01/04/2025	01	8	19
01/04/2025	02	4	6
01/04/2025	03	3	3
01/04/2025	04	5	6
01/04/2025	05	5	6
01/04/2025	06	6	7
01/04/2025	07	7	10
01/04/2025	08	10	22
01/04/2025	09	4	10
01/04/2025	10	3	9
01/04/2025	11	4	15
01/04/2025	12	3	6
01/04/2025	13	2	4
01/04/2025	14	2	6
01/04/2025	15	2	8
01/04/2025	16	2	3
01/04/2025	17	2	4
01/04/2025	18	1	2
01/04/2025	19	2	2
01/04/2025	20	2	3
01/04/2025	21	2	3
01/04/2025	22	2	3
01/04/2025	23	2	3
02/04/2025	00	3	3
02/04/2025	01	3	4
02/04/2025	02	3	4
02/04/2025	03	3	4
02/04/2025	04	4	5
02/04/2025	05	5	6
02/04/2025	06	6	8
02/04/2025	07	8	12
02/04/2025	08	8	12
02/04/2025	09	5	7
02/04/2025	10	4	5
02/04/2025	11	3	5
02/04/2025	12	3	4
02/04/2025	13	2	4
02/04/2025	14	3	4
02/04/2025	15	3	3
02/04/2025	16	3	5
02/04/2025	17	1	2
02/04/2025	18	1	2
02/04/2025	19	2	2
02/04/2025	20	2	2
02/04/2025	21	2	3
02/04/2025	22	3	3
02/04/2025	23	3	4
03/04/2025	00	4	4
03/04/2025	01	4	5
03/04/2025	02	5	6
03/04/2025	03	5	6
03/04/2025	04	3	5
03/04/2025	05	3	4
03/04/2025	06	4	5
03/04/2025	07	5	6
03/04/2025	08	4	8
03/04/2025	09	3	6
03/04/2025	10	3	7
03/04/2025	11	4	8
03/04/2025	12	5	10
03/04/2025	13	6	10
03/04/2025	14	6	11
03/04/2025	15	7	11
03/04/2025	16	6	8
03/04/2025	17	6	10
03/04/2025	18	6	10
03/04/2025	19	6	10
03/04/2025	20	7	14
03/04/2025	21	8	17
03/04/2025	22	10	22
03/04/2025	23	11	21
04/04/2025	00	10	19
04/04/2025	01	9	21
04/04/2025	02	8	18
04/04/2025	03	7	16
04/04/2025	04	5	20
04/04/2025	05	3	16
04/04/2025	06	3	9
04/04/2025	07	4	9
04/04/2025	08	5	12
04/04/2025	09	5	9
04/04/2025	10	5	16
04/04/2025	11	8	33
04/04/2025	12	8	15
04/04/2025	13	7	10
04/04/2025	14	8	11
04/04/2025	15	9	13
04/04/2025	16	11	19
04/04/2025	17	11	16
04/04/2025	18	8	11
04/04/2025	19	9	12
04/04/2025	20	9	13
04/04/2025	21	8	12
04/04/2025	22	8	10
04/04/2025	23	8	11
05/04/2025	00	8	12
05/04/2025	01	8	12
05/04/2025	02	9	12
05/04/2025	03	9	14
05/04/2025	04	11	16
05/04/2025	05	10	13
05/04/2025	06	7	10
05/04/2025	07	5	8
05/04/2025	08	2	5
05/04/2025	09	1	7
05/04/2025	10	1	10
05/04/2025	11	2	11
05/04/2025	12	1	7
05/04/2025	13	1	4
05/04/2025	14	2	4
05/04/2025	15	1	4
05/04/2025	16	1	4
05/04/2025	17	2	5
05/04/2025	18	2	3
05/04/2025	19	2	4
05/04/2025	20	1	3
05/04/2025	21	2	3
05/04/2025	22	2	3
05/04/2025	23	2	3
06/04/2025	00	2	2
06/04/2025	01	2	3
06/04/2025	02	1	2
06/04/2025	03	2	3
06/04/2025	04	1	2
06/04/2025	05	1	2
06/04/2025	06	2	2
06/04/2025	07	2	4
06/04/2025	08	2	4
06/04/2025	09	2	4
06/04/2025	10	2	4
06/04/2025	11	2	2
06/04/2025	12	3	3
06/04/2025	13	4	5
06/04/2025	14	3	3
06/04/2025	15	2	3
06/04/2025	16	2	3
06/04/2025	17	2	2
06/04/2025	18	2	3
06/04/2025	19	2	3
06/04/2025	20	2	4
06/04/2025	21	3	5
06/04/2025	22	5	8
06/04/2025	23	4	12
07/04/2025	00	3	5
07/04/2025	01	3	4
07/04/2025	02	3	6
07/04/2025	03	3	6
07/04/2025	04	3	7
07/04/2025	05	4	10
07/04/2025	06	5	14
07/04/2025	07	13	54
07/04/2025	08	6	24
07/04/2025	09	3	10
07/04/2025	10	3	8
07/04/2025	11	4	10
07/04/2025	12	3	3
07/04/2025	13	2	2
07/04/2025	14	2	3
07/04/2025	15	3	3
07/04/2025	16	3	3
07/04/2025	17	3	5
07/04/2025	18	3	4
07/04/2025	19	5	7
07/04/2025	20	5	6
07/04/2025	21	4	7
07/04/2025	22	5	8
07/04/2025	23	3	6
08/04/2025	00	3	7
08/04/2025	01	4	6
08/04/2025	02	8	12
08/04/2025	03	14	19
08/04/2025	04	3	7
08/04/2025	05	3	6
08/04/2025	06	4	9
08/04/2025	07	9	41
08/04/2025	08	7	11
08/04/2025	09	6	6
08/04/2025	10	5	6
08/04/2025	11	8	10
08/04/2025	12	10	14
08/04/2025	13	7	8
08/04/2025	14	6	8
08/04/2025	15	6	7
08/04/2025	16	6	7
08/04/2025	17	6	7
08/04/2025	18	6	7
08/04/2025	19	6	7
08/04/2025	20	7	8
08/04/2025	21	10	11
08/04/2025	22	10	12
08/04/2025	23	14	15
09/04/2025	00	14	16
09/04/2025	01	12	14
09/04/2025	02	7	9
09/04/2025	03	6	7
09/04/2025	04	4	5
09/04/2025	05	4	5
09/04/2025	06	4	7
09/04/2025	07	5	14
09/04/2025	08	7	20
09/04/2025	09	3	7
09/04/2025	10	4	7
09/04/2025	11	6	9
09/04/2025	12	7	7
09/04/2025	13	5	5
09/04/2025	14	5	6
09/04/2025	15	4	7
09/04/2025	16	4	5
09/04/2025	17	4	4
09/04/2025	18	4	5
09/04/2025	19	4	5
09/04/2025	20	4	5
09/04/2025	21	5	6
09/04/2025	22	5	6
09/04/2025	23	4	6
10/04/2025	00	5	7
10/04/2025	01	4	6
10/04/2025	02	4	5
10/04/2025	03	5	6
10/04/2025	04	4	5
10/04/2025	05	5	7
10/04/2025	06	5	10
10/04/2025	07	8	24
10/04/2025	08	8	28
10/04/2025	09	7	17
10/04/2025	10	6	12
10/04/2025	11	4	7
10/04/2025	12	4	6
10/04/2025	13	4	5
10/04/2025	14	4	8
10/04/2025	15	5	7
10/04/2025	16	5	6
10/04/2025	17	4	6
10/04/2025	18	4	5
10/04/2025	19	4	5
10/04/2025	20	4	5
10/04/2025	21	5	5
10/04/2025	22	4	5
10/04/2025	23	5	7
11/04/2025	00	5	6
11/04/2025	01	4	6
11/04/2025	02	4	5
11/04/2025	03	4	5
11/04/2025	04	4	5
11/04/2025	05	4	5
11/04/2025	06	4	5
11/04/2025	07	4	5
11/04/2025	08	4	6
11/04/2025	09	4	6
11/04/2025	10	4	8
11/04/2025	11	4	7
11/04/2025	12	5	9
11/04/2025	13	5	6
11/04/2025	14	5	7
11/04/2025	15	5	7
11/04/2025	16	5	6
11/04/2025	17	6	7
11/04/2025	18	6	8
11/04/2025	19	7	12
11/04/2025	20	7	10
11/04/2025	21	7	9
11/04/2025	22	7	10
11/04/2025	23	6	8
12/04/2025	00	6	8
12/04/2025	01	6	7
12/04/2025	02	7	8
12/04/2025	03	8	9
12/04/2025	04	10	11
12/04/2025	05	13	14
12/04/2025	06	13	14
12/04/2025	07	13	14
12/04/2025	08	14	16
12/04/2025	09	10	11
12/04/2025	10	10	12
12/04/2025	11	12	14
12/04/2025	12	12	13
12/04/2025	13	7	8
12/04/2025	14	8	9
12/04/2025	15	12	14
12/04/2025	16	14	16
12/04/2025	17	15	17
12/04/2025	18	15	16
12/04/2025	19	12	13
12/04/2025	20	12	14
12/04/2025	21	15	18
12/04/2025	22	16	20
12/04/2025	23	18	23
13/04/2025	00	19	22
13/04/2025	01	20	23
13/04/2025	02	22	25
13/04/2025	03	24	27
13/04/2025	04	15	17
13/04/2025	05	11	12
13/04/2025	06	19	22
13/04/2025	07	22	25
13/04/2025	08	21	23
13/04/2025	09	20	22
13/04/2025	10	17	19
13/04/2025	11	14	16
13/04/2025	12	13	15
13/04/2025	13	13	14
13/04/2025	14	14	15
13/04/2025	15	11	12
13/04/2025	16	7	8
13/04/2025	17	8	8
13/04/2025	18	10	12
13/04/2025	19	11	12
13/04/2025	20	12	13
13/04/2025	21	14	16
13/04/2025	22	13	15
13/04/2025	23	12	13
14/04/2025	00	15	17
14/04/2025	01	16	18
14/04/2025	02	16	18
14/04/2025	03	15	16
14/04/2025	04	15	16
14/04/2025	05	16	18
14/04/2025	06	17	19
14/04/2025	07	14	16
14/04/2025	08	13	14
14/04/2025	09	16	19
14/04/2025	10	13	15
14/04/2025	11	13	15
14/04/2025	12	12	15
14/04/2025	13	14	17
14/04/2025	14	12	13
14/04/2025	15	13	15
14/04/2025	16	12	13
14/04/2025	17	11	12
14/04/2025	18	10	11
14/04/2025	19	10	12
14/04/2025	20	14	16
14/04/2025	21	15	17
14/04/2025	22	14	16
14/04/2025	23	14	16
15/04/2025	00	13	15
15/04/2025	01	16	18
15/04/2025	02	13	15
15/04/2025	03	13	14
15/04/2025	04	8	9
15/04/2025	05	3	5
15/04/2025	06	3	8
15/04/2025	07	2	8
15/04/2025	08	2	7
15/04/2025	09	1	4
15/04/2025	10	1	2
15/04/2025	11	1	2
15/04/2025	12	1	2
15/04/2025	13	2	6
15/04/2025	14	4	20
15/04/2025	15	3	10
15/04/2025	16	2	3
15/04/2025	17	4	6
15/04/2025	18	1	2
15/04/2025	19	1	1
15/04/2025	20	1	1
15/04/2025	21	1	1
15/04/2025	22	1	1
15/04/2025	23	1	1
16/04/2025	00	1	1
16/04/2025	01	1	1
16/04/2025	02	1	2
16/04/2025	03	1	1
16/04/2025	04	1	2
16/04/2025	05	1	1
16/04/2025	06	1	3
16/04/2025	07	1	3
16/04/2025	08	2	4
16/04/2025	09	2	6
16/04/2025	10	2	6
16/04/2025	11	1	6
16/04/2025	12	2	6
16/04/2025	13	1	6
16/04/2025	14	1	7
16/04/2025	15	1	6
16/04/2025	16	1	5
16/04/2025	17	1	4
16/04/2025	18	1	3
16/04/2025	19	1	2
16/04/2025	20	1	2
16/04/2025	21	1	1
16/04/2025	22	1	1
16/04/2025	23	1	2
17/04/2025	00	1	1
17/04/2025	01	1	1
17/04/2025	02	1	2
17/04/2025	03	2	3
17/04/2025	04	2	3
17/04/2025	05	2	4
17/04/2025	06	3	6
17/04/2025	07	1	3
17/04/2025	08	2	3
17/04/2025	09	1	1
17/04/2025	10	1	2
17/04/2025	11	1	2
17/04/2025	12	1	2
17/04/2025	13	1	2
17/04/2025	14	2	8
17/04/2025	15	3	6
17/04/2025	16	3	7
17/04/2025	17	3	4
17/04/2025	18	3	5
17/04/2025	19	2	4
17/04/2025	20	3	6
17/04/2025	21	5	7
17/04/2025	22	5	7
17/04/2025	23	4	7
18/04/2025	00	3	4
18/04/2025	01	3	5
18/04/2025	02	4	6
18/04/2025	03	4	5
18/04/2025	04	3	5
18/04/2025	05	3	4
18/04/2025	06	4	7
18/04/2025	07	4	8
18/04/2025	08	2	3
18/04/2025	09	1	2
18/04/2025	10	1	2
18/04/2025	11	2	2
18/04/2025	12	4	5
18/04/2025	13	2	3
18/04/2025	14	2	2
18/04/2025	15	3	3
18/04/2025	16	3	4
18/04/2025	17	3	4
18/04/2025	18	5	6
18/04/2025	19	6	7
18/04/2025	20	6	7
18/04/2025	21	6	7
18/04/2025	22	10	11
18/04/2025	23	15	17
19/04/2025	00	12	14
19/04/2025	01	15	18
19/04/2025	02	11	13
19/04/2025	03	6	8
19/04/2025	04	6	8
19/04/2025	05	6	7
19/04/2025	06	8	10
19/04/2025	07	8	9
19/04/2025	08	2	3
19/04/2025	09	4	6
19/04/2025	10	1	3
19/04/2025	11	2	17
19/04/2025	12	2	19
19/04/2025	13	1	11
19/04/2025	14	1	6
19/04/2025	15	1	3
19/04/2025	16	1	4
19/04/2025	17	1	3
19/04/2025	18	1	2
19/04/2025	19	1	2
19/04/2025	20	1	2
19/04/2025	21	1	2
19/04/2025	22	1	2
19/04/2025	23	1	2
20/04/2025	00	1	2
20/04/2025	01	1	2
20/04/2025	02	1	2
20/04/2025	03	1	2
20/04/2025	04	2	3
20/04/2025	05	4	10
20/04/2025	06	1	2
20/04/2025	07	1	3
20/04/2025	08	1	2
20/04/2025	09	1	2
20/04/2025	10	1	2
20/04/2025	11	1	1
20/04/2025	12	1	3
20/04/2025	13	1	1
20/04/2025	14	1	3
20/04/2025	15	0	2
20/04/2025	16	1	1
20/04/2025	17	1	3
20/04/2025	18	1	1
20/04/2025	19	1	1
20/04/2025	20	1	1
20/04/2025	21	1	1
20/04/2025	22	1	1
20/04/2025	23	1	1
21/04/2025	00	2	2
21/04/2025	01	3	4
21/04/2025	02	3	4
21/04/2025	03	1	2
21/04/2025	04	1	2
21/04/2025	05	2	3
21/04/2025	06	3	6
21/04/2025	07	2	4
21/04/2025	08	1	2
21/04/2025	09	1	2
21/04/2025	10	1	1
21/04/2025	11	1	2
21/04/2025	12	2	3
21/04/2025	13	2	3
21/04/2025	14	2	3
21/04/2025	15	3	3
21/04/2025	16	1	2
21/04/2025	17	1	2
21/04/2025	18	1	2
21/04/2025	19	1	2
21/04/2025	20	2	2
21/04/2025	21	3	3
21/04/2025	22	3	3
21/04/2025	23	4	6
22/04/2025	00	4	6
22/04/2025	01	3	5
22/04/2025	02	3	6
22/04/2025	03	3	6
22/04/2025	04	3	7
22/04/2025	05	4	7
22/04/2025	06	5	9
22/04/2025	07	5	10
22/04/2025	08	9	24
22/04/2025	09	10	18
22/04/2025	10	11	16
22/04/2025	11	4	6
22/04/2025	12	6	8
22/04/2025	13	6	7
22/04/2025	14	7	8
22/04/2025	15	8	9
22/04/2025	16	3	4
22/04/2025	17	4	5
22/04/2025	18	5	6
22/04/2025	19	3	4
22/04/2025	20	6	7
22/04/2025	21	5	6
22/04/2025	22	10	11
22/04/2025	23	12	14
23/04/2025	00	14	16
23/04/2025	01	11	12
23/04/2025	02	9	10
23/04/2025	03	7	8
23/04/2025	04	9	10
23/04/2025	05	9	12
23/04/2025	06	12	15
23/04/2025	07	14	21
23/04/2025	08	8	10
23/04/2025	09	4	6
23/04/2025	10	7	11
23/04/2025	11	9	12
23/04/2025	12	5	7
23/04/2025	13	5	6
23/04/2025	14	3	4
23/04/2025	15	2	4
23/04/2025	16	3	4
23/04/2025	17	3	4
23/04/2025	18	2	3
23/04/2025	19	2	3
23/04/2025	20	2	2
23/04/2025	21	3	4
23/04/2025	22	5	6
23/04/2025	23	5	6
24/04/2025	00	6	8
24/04/2025	01	6	8
24/04/2025	02	6	7
24/04/2025	03	5	7
24/04/2025	04	6	7
24/04/2025	05	8	11
24/04/2025	06	12	17
24/04/2025	07	10	14
24/04/2025	08	8	9
24/04/2025	09	7	9
24/04/2025	10	11	12
24/04/2025	11	12	13
24/04/2025	12	9	10
24/04/2025	13	6	7
24/04/2025	14	5	6
24/04/2025	15	7	8
24/04/2025	16	5	7
24/04/2025	17	5	8
24/04/2025	18	6	7
24/04/2025	19	6	7
24/04/2025	20	8	9
24/04/2025	21	8	9
24/04/2025	22	7	8
24/04/2025	23	9	10
25/04/2025	01	14	16
25/04/2025	02	15	18
25/04/2025	03	16	18
25/04/2025	04	16	18
25/04/2025	05	13	15
25/04/2025	06	11	15
25/04/2025	07	14	24
25/04/2025	08	15	33
25/04/2025	09	13	22
25/04/2025	10	6	11
25/04/2025	11	8	10
25/04/2025	12	5	6
25/04/2025	13	2	2
25/04/2025	14	3	4
25/04/2025	15	4	7
25/04/2025	16	3	5
25/04/2025	17	2	3
25/04/2025	18	1	2
25/04/2025	19	2	3
25/04/2025	20	1	2
25/04/2025	21	2	2
25/04/2025	22	2	2
25/04/2025	23	2	3
26/04/2025	00	3	4
26/04/2025	01	9	12
26/04/2025	02	3	5
26/04/2025	03	3	5
26/04/2025	04	5	8
26/04/2025	05	5	8
26/04/2025	06	4	9
26/04/2025	07	5	10
26/04/2025	08	4	10
26/04/2025	09	3	4
26/04/2025	10	6	7
26/04/2025	11	5	6
26/04/2025	12	4	5
26/04/2025	13	3	4
26/04/2025	14	3	4
26/04/2025	15	3	4
26/04/2025	16	2	3
26/04/2025	17	2	3
26/04/2025	18	2	3
26/04/2025	19	2	3
26/04/2025	20	2	3
26/04/2025	21	3	4
26/04/2025	22	3	5
26/04/2025	23	6	8
27/04/2025	00	4	6
27/04/2025	01	3	5
27/04/2025	02	3	6
27/04/2025	03	3	4
27/04/2025	04	3	4
27/04/2025	05	3	4
27/04/2025	06	4	5
27/04/2025	07	3	4
27/04/2025	08	2	3
27/04/2025	09	2	3
27/04/2025	10	2	3
27/04/2025	11	2	3
27/04/2025	12	1	2
27/04/2025	13	1	2
27/04/2025	14	1	1
27/04/2025	15	1	1
27/04/2025	16	1	1
27/04/2025	17	1	1
27/04/2025	18	1	2
27/04/2025	19	1	1
27/04/2025	20	1	1
27/04/2025	21	1	1
27/04/2025	22	1	1
27/04/2025	23	3	4
28/04/2025	00	2	3
28/04/2025	01	2	2
28/04/2025	02	2	3
28/04/2025	03	2	2
28/04/2025	04	2	2
28/04/2025	05	1	2
28/04/2025	06	2	3
28/04/2025	07	3	7
28/04/2025	08	3	7
28/04/2025	09	2	3
28/04/2025	10	2	2
28/04/2025	22	2	3
28/04/2025	23	4	4
29/04/2025	00	4	4
29/04/2025	01	3	4
29/04/2025	02	2	3
29/04/2025	03	3	3
29/04/2025	04	2	3
29/04/2025	05	3	4
29/04/2025	06	3	5
29/04/2025	07	3	5
29/04/2025	08	2	4
29/04/2025	09	2	3
29/04/2025	10	2	3
29/04/2025	11	2	4
29/04/2025	12	2	4
29/04/2025	13	2	2
29/04/2025	14	2	3
29/04/2025	15	2	4
29/04/2025	16	2	4
29/04/2025	17	2	4
29/04/2025	18	2	3
29/04/2025	19	2	3
29/04/2025	20	2	3
29/04/2025	21	2	2
29/04/2025	22	2	2
29/04/2025	23	2	3
30/04/2025	00	3	3
30/04/2025	01	2	3
30/04/2025	02	2	4
30/04/2025	03	2	3
30/04/2025	04	2	3
30/04/2025	05	3	4
30/04/2025	06	4	7
30/04/2025	07	5	11
30/04/2025	08	4	6
30/04/2025	09	3	4
30/04/2025	10	3	4
30/04/2025	11	3	5
30/04/2025	12	3	7
30/04/2025	13	3	6
30/04/2025	14	2	4
30/04/2025	15	3	6
30/04/2025	16	2	5
30/04/2025	17	3	5
30/04/2025	18	3	5
30/04/2025	19	3	5
30/04/2025	20	4	6
30/04/2025	21	5	9
30/04/2025	22	5	10
30/04/2025	23	5	10
