Red: Red de Vigilancia y Control de la Contaminación Atmosférica
Estación: 12120001-la Torre d en Doménec
	
FECHA	HORA	Veloc.	Direc.	Temp.	H.Rel.	Pres.	R.Sol.	Precip.	SO2	NO	NO2	NOx	O3
		m/s	grados	°C	% H.R.	mb	W/m²	l/m²	µg/m³	µg/m³	µg/m³	µg/m³	µg/m³
01/01/2025	00			6,3	94								3
01/01/2025	01			4,8	97								5
01/01/2025	02			4,2	98								5
01/01/2025	03			5,7	98								4
01/01/2025	04			6,3	99								3
01/01/2025	05			7,1	99								7
01/01/2025	06			6,5	99								5
01/01/2025	07			7	99								6
01/01/2025	08			7,3	99								3
01/01/2025	09			8,2	99								6
01/01/2025	10			9	96								6
01/01/2025	11			11,7	87								17
01/01/2025	12			14	72								66
01/01/2025	13			14,2	71								61
01/01/2025	14			14,8	69								49
01/01/2025	15			14,3	69								39
01/01/2025	16			14,2	72								25
01/01/2025	17			10,9	86								22
01/01/2025	18			10,5	88								18
01/01/2025	19			9,6	91								15
01/01/2025	20			7,9	94								8
01/01/2025	21			5,9	97								6
01/01/2025	22			4,5	99								5
01/01/2025	23			3,5	99								3
02/01/2025	00			2,6	99								3
02/01/2025	01			2,7	99								2
02/01/2025	02			2,6	99								2
02/01/2025	03			1,3	99								2
02/01/2025	04			1,3	99								2
02/01/2025	05			0,8	99								4
02/01/2025	06			0,7	99								2
02/01/2025	07			0,9	99								4
02/01/2025	08			1,1	99								4
02/01/2025	09			3,3	99								4
02/01/2025	10			7,4	93								11
02/01/2025	11			13,3	64								18
02/01/2025	12			16,7	51								21
02/01/2025	13			18,1	48								33
02/01/2025	14			18,5	52								37
02/01/2025	15			17,6	58								36
02/01/2025	16			16,5	60								24
02/01/2025	17			10,8	81								18
02/01/2025	18			6,9	93								15
02/01/2025	19			4,8	95								9
02/01/2025	20			3,6	98								6
02/01/2025	21			2,9	99								5
02/01/2025	22			2,4	99								6
02/01/2025	23			3,1	99								8
03/01/2025	00			3,1	99								9
03/01/2025	01			2,5	99								7
03/01/2025	02			1,6	99								7
03/01/2025	03			1,4	99								10
03/01/2025	04			1	99								8
03/01/2025	05			1	99								13
03/01/2025	06			1,4	99								14
03/01/2025	07			1,9	97								23
03/01/2025	08			3,3	92								25
03/01/2025	09			6,1	80								29
03/01/2025	10			9,7	64								35
03/01/2025	11			14,4	50								40
03/01/2025	14			21,7	34								62
03/01/2025	15			19,3	39								62
03/01/2025	16			17	52								49
03/01/2025	17			14,2	66								22
03/01/2025	18			12	76								18
03/01/2025	19			11,7	75								27
03/01/2025	20			11,6	75								25
03/01/2025	21			11,4	75								21
03/01/2025	22			10,3	78								21
03/01/2025	23			9,9	79								23
04/01/2025	00			9,8	79								31
04/01/2025	01			10,7	73								37
04/01/2025	02			11,2	71								42
04/01/2025	03			10,2	77								30
04/01/2025	04			9,3	83								21
04/01/2025	05			7,9	87								16
04/01/2025	06			6,2	91								15
04/01/2025	07			5,5	94								13
04/01/2025	08			5,8	93								16
04/01/2025	09			7,3	89								7
04/01/2025	10			12,1	73								10
04/01/2025	11			17,5	54								21
04/01/2025	12			21,2	42								29
04/01/2025	13			21,8	40								49
04/01/2025	14			21	45								53
04/01/2025	15			19,5	53								50
04/01/2025	16			16,5	70								34
04/01/2025	17			11,9	85								22
04/01/2025	18			8,4	94								16
04/01/2025	19			6,8	97								14
04/01/2025	20			5,6	97								10
04/01/2025	21			4,8	99								10
04/01/2025	22			4,4	99								9
04/01/2025	23			3,8	99								10
05/01/2025	00			3,3	99								9
05/01/2025	01			2,9	99								9
05/01/2025	02			2,9	99								9
05/01/2025	03			2,4	99								7
05/01/2025	04			2,2	99								9
05/01/2025	05			1,7	99								7
05/01/2025	06			1,3	99								7
05/01/2025	07			2,4	99								9
05/01/2025	08			3,6	99								8
05/01/2025	09			5,3	96								7
05/01/2025	10			8,4	91								8
05/01/2025	11			13,4	68								28
05/01/2025	12			14,4	68								57
05/01/2025	13			16,6	62								58
05/01/2025	14			16,1	67								58
05/01/2025	15			16,2	68								67
05/01/2025	16			14,5	75								49
05/01/2025	17			12,3	83								28
05/01/2025	18			9,9	91								20
05/01/2025	19			9	93								18
05/01/2025	20			8,3	94								15
05/01/2025	21			8,9	90								21
05/01/2025	22			8,9	90								26
05/01/2025	23			8,3	90								17
06/01/2025	00			7,3	92								17
06/01/2025	01			8,3	86								27
06/01/2025	02			7,9	86								26
06/01/2025	03			6,3	91								15
06/01/2025	04			5,6	93								19
06/01/2025	05			5	94								16
06/01/2025	06			5,3	93								20
06/01/2025	07			6,3	89								27
06/01/2025	08			6	92								12
06/01/2025	09			8,8	85								36
06/01/2025	10			11,8	74								50
06/01/2025	11			13,8	70								56
06/01/2025	12			16,2	60								93
06/01/2025	13			17,1	58								86
06/01/2025	14			17,7	54								79
06/01/2025	15			17,8	57								50
06/01/2025	16			16,5	69								29
06/01/2025	17			15,7	54								82
06/01/2025	18			14,8	54								82
06/01/2025	19			13,4	60								97
06/01/2025	20			13,3	55								99
06/01/2025	21			12,7	55								95
06/01/2025	22			12,1	56								96
06/01/2025	23			11,9	56								83
07/01/2025	00			11,6	56								85
07/01/2025	01			11,4	56								83
07/01/2025	02			11,3	53								79
07/01/2025	03			11,8	48								85
07/01/2025	04			11,8	45								87
07/01/2025	05			11,8	43								86
07/01/2025	06			11,8	42								85
07/01/2025	07			10,6	46								71
07/01/2025	08			9,6	50								58
07/01/2025	09			11,4	47								64
07/01/2025	10			13,5	42								61
07/01/2025	11			16,6	34								63
07/01/2025	12			17,5	33								60
07/01/2025	13			18,6	31								59
07/01/2025	14			18,5	30								61
07/01/2025	15			18,2	30								73
07/01/2025	16			17,3	39								56
07/01/2025	17			12,9	60								36
07/01/2025	18			8,6	75								24
07/01/2025	19			6,9	79								22
07/01/2025	20			5,8	82								18
07/01/2025	21			6,1	80								21
07/01/2025	22			6,9	75								29
07/01/2025	23			5,2	82								21
08/01/2025	00			4,5	85								15
08/01/2025	01			5	83								20
08/01/2025	02			4,9	83								13
08/01/2025	03			5,5	80								13
08/01/2025	04			5,2	81								13
08/01/2025	05			4,8	83								14
08/01/2025	06			4	88								10
08/01/2025	07			3,3	92								6
08/01/2025	08			5	87								4
08/01/2025	09			7	81								3
08/01/2025	10			12,8	66								
08/01/2025	12			19,9	47								
08/01/2025	13			21,3	46								
08/01/2025	14			19	56								
08/01/2025	15			18,1	59								
08/01/2025	16			15,2	68								
08/01/2025	17			12,8	76								
08/01/2025	18			11,6	78								
08/01/2025	19			10,1	81								
08/01/2025	20			8,7	84								
08/01/2025	21			7,7	84								
08/01/2025	22			7,8	85								
08/01/2025	23			7,3	83								
09/01/2025	00			7,6	80								
09/01/2025	01			8,1	75								
09/01/2025	02			6,3	81								
09/01/2025	03			6,8	80								
09/01/2025	04			6,1	86								
09/01/2025	05			6,2	85								
09/01/2025	06			7	85								
09/01/2025	07			7,4	84								
09/01/2025	08			6,2	88								
09/01/2025	09			8,9	80								
09/01/2025	10			15,1	60								
09/01/2025	11			19,4	46								
09/01/2025	12			22,6	40								
09/01/2025	13			22,6	37								
09/01/2025	14			23,7	33								
09/01/2025	15			22,6	33								
09/01/2025	16			22	35								
09/01/2025	17			19,7	41								
09/01/2025	18			16,2	53								
09/01/2025	19			14,4	59								
09/01/2025	20			13,3	62								
09/01/2025	21			11,8	68								
09/01/2025	22			15,1	59								
09/01/2025	23			12,8	67								
10/01/2025	00			12,1	69								
10/01/2025	01			9,9	77								
10/01/2025	02			8,8	81								
10/01/2025	03			10,2	75								
10/01/2025	04			9,5	78								
10/01/2025	05			8,9	81								
10/01/2025	06			9,3	79								
10/01/2025	07			8,9	86								
10/01/2025	08			7,4	86								
10/01/2025	10			14,4	65								
10/01/2025	11			20,7	49								
10/01/2025	12			23,4	40								
10/01/2025	14			22,9	42								
10/01/2025	15			23,2	43								
10/01/2025	16			21,9	46								
10/01/2025	17			17	63								
10/01/2025	18			11,5	80								
10/01/2025	19			9,3	87								
10/01/2025	20			8,9	87								
10/01/2025	21			9,5	83								
10/01/2025	22			12	70								
10/01/2025	23			13,5	65								
11/01/2025	00			13	69								
11/01/2025	01			13,4	66								22
11/01/2025	02			12	73								21
11/01/2025	03			13,1	69								38
11/01/2025	04			13	71								34
11/01/2025	05			13,7	69								36
11/01/2025	06			15,6	63								46
11/01/2025	07			18,1	56								54
11/01/2025	08			19	54								57
11/01/2025	09			19,7	49								65
11/01/2025	10			20,3	44								69
11/01/2025	11			20,7	42								74
11/01/2025	12			22,1	41								74
11/01/2025	13			21,8	40								80
11/01/2025	14			21,2	39								85
11/01/2025	15			20,8	37								84
11/01/2025	16			19	45								82
11/01/2025	17			17,6	49								79
11/01/2025	18			16,8	47								74
11/01/2025	19			16,9	38								79
11/01/2025	20			15,6	42								80
11/01/2025	21			14,9	44								82
11/01/2025	22			14,2	48								79
11/01/2025	23			13,8	50								80
12/01/2025	00			13,9	50								78
12/01/2025	01			14,1	47								79
12/01/2025	02			13,8	49								78
12/01/2025	03			13,8	49								79
12/01/2025	04			13,4	51								78
12/01/2025	05			13,3	50								78
12/01/2025	06			13,1	51								79
12/01/2025	07			12,8	51								78
12/01/2025	08			12,7	50								78
12/01/2025	09			13	49								77
12/01/2025	10			13,9	45								77
12/01/2025	11			14,8	42								77
12/01/2025	12			15,4	38								77
12/01/2025	13			16	34								79
12/01/2025	14			16,8	31								77
12/01/2025	15			16,5	29								79
12/01/2025	16			16,4	28								78
12/01/2025	17			14	27								79
12/01/2025	18			11,6	26								78
12/01/2025	19			10,4	26								71
12/01/2025	20			8,8	32								65
12/01/2025	21			5,6	45								45
12/01/2025	22			2,4	60								35
12/01/2025	23			0,2	66								32
13/01/2025	00			0,3	65								30
13/01/2025	01			-,7	78								22
13/01/2025	02			-,6	84								20
13/01/2025	03			-1,4	90								11
13/01/2025	04			-1,8	93								11
13/01/2025	05			-2,7	94								9
13/01/2025	06			-3,6	94								11
13/01/2025	07			-2,7	88								20
13/01/2025	08			-2,2	87								9
13/01/2025	09			1,9	70								16
13/01/2025	10			6,3	51								21
13/01/2025	11			12,3	28								32
13/01/2025	12			13,8	24								60
13/01/2025	13			15,7	24								60
13/01/2025	14			14,7	32								65
13/01/2025	15			13,8	38								68
13/01/2025	16			12,8	43								65
13/01/2025	17			8,8	57								44
13/01/2025	18			3,5	75								34
13/01/2025	19			1,1	82								19
13/01/2025	20			-,3	87								16
13/01/2025	21			-1,1	89								15
13/01/2025	22			-1,8	91								11
13/01/2025	23			-2,4	93								10
14/01/2025	00			-2,2	92								15
14/01/2025	01			-1,2	89								15
14/01/2025	02			-3,1	91								9
14/01/2025	03			-4,3	93								10
14/01/2025	04			-4,2	91								12
14/01/2025	05			-4,4	89								13
14/01/2025	06			-5	90								11
14/01/2025	07			-5,3	90								12
14/01/2025	08			-4,6	85								17
14/01/2025	09			-,6	72								12
14/01/2025	10			4,8	52								17
14/01/2025	11			10,2	33								31
14/01/2025	12			13,4	26								52
14/01/2025	13			15,4	26								47
14/01/2025	14			14,9	35								53
14/01/2025	15			14	40								59
14/01/2025	16			12,3	46								59
14/01/2025	17			8,5	58								53
14/01/2025	18			2,9	77								26
14/01/2025	19			0,5	84								24
14/01/2025	20			0	85								21
14/01/2025	21			-1,4	89								13
14/01/2025	22			-2,1	91								13
14/01/2025	23			-,9	87								11
15/01/2025	00			-,4	84								6
15/01/2025	01			-3	92								6
15/01/2025	02			-3,3	93								4
15/01/2025	03			-3,7	94								6
15/01/2025	04			-4,3	94								8
15/01/2025	05			-4,8	94								8
15/01/2025	06			-5	94								8
15/01/2025	07			-5,2	95								6
15/01/2025	08			-4,8	93								6
15/01/2025	09			-1,9	86								3
15/01/2025	10			3,1	71								4
15/01/2025	11			11,1	48								5
15/01/2025	12			13,7	31								44
15/01/2025	13			14,5	28								57
15/01/2025	14			15,5	26								49
15/01/2025	15			16,5	29								43
15/01/2025	16			14,5	46								56
15/01/2025	17			10,1	60								31
15/01/2025	18			4,8	77								21
15/01/2025	19			2,8	81								16
15/01/2025	20			1,4	83								15
15/01/2025	21			0	86								15
15/01/2025	22			-,3	87								12
15/01/2025	23			0,3	86								8
16/01/2025	00			-,5	88								5
16/01/2025	01			-1,2	89								3
16/01/2025	02			-1,9	90								4
16/01/2025	03			-2,5	90								10
16/01/2025	04			-2,6	90								12
16/01/2025	05			-2,8	91								9
16/01/2025	06			-2,8	91								10
16/01/2025	07			-3	92								10
16/01/2025	08			-2,1	90								8
16/01/2025	09			1	84								5
16/01/2025	10			7,3	65								14
16/01/2025	11			12,4	58								63
16/01/2025	12			13	55								
16/01/2025	13			12,8	52								92
16/01/2025	14			12,4	57								89
16/01/2025	15			11,4	63								87
16/01/2025	16			10,7	68								80
16/01/2025	17			8,8	77								69
16/01/2025	18			8,8	83								68
16/01/2025	19			8,9	83								70
16/01/2025	20			8,9	78								75
16/01/2025	21			8,1	78								70
16/01/2025	22			7,7	78								60
16/01/2025	23			7,8	78								61
17/01/2025	00			8	78								66
17/01/2025	01			7,8	80								66
17/01/2025	02			6,4	95								63
17/01/2025	03			6,8	91								64
17/01/2025	04			7,8	82								67
17/01/2025	05			7,3	90								65
17/01/2025	06			7,6	89								69
17/01/2025	07			8,4	81								69
17/01/2025	08			8,8	80								67
17/01/2025	09			8,4	84								63
17/01/2025	10			9	79								64
17/01/2025	11			9,9	76								65
17/01/2025	12			10,5	73								65
17/01/2025	13			11	69								67
17/01/2025	14			11,2	67								67
17/01/2025	15			11,8	64								71
17/01/2025	16			12,4	60								65
17/01/2025	17			11,3	63								58
17/01/2025	18			8,7	74								47
17/01/2025	19			5,3	87								24
17/01/2025	20			3,4	94								18
17/01/2025	21			3,1	95								15
17/01/2025	22			1,9	98								8
17/01/2025	23			1,2	99								5
18/01/2025	00			0,9	99								5
18/01/2025	01			2,3	98								13
18/01/2025	02			1,4	96								6
18/01/2025	03			0,7	98								7
18/01/2025	04			1,1	96								9
18/01/2025	05			0,2	99								6
18/01/2025	06			0,2	98								7
18/01/2025	07			0,9	94								8
18/01/2025	08			1,9	89								6
18/01/2025	09			4,3	80								8
18/01/2025	10			8,5	67								20
18/01/2025	11			14,7	49								15
18/01/2025	12			16,8	36								56
18/01/2025	13			17,2	33								79
18/01/2025	14			18,1	30								78
18/01/2025	15			17,8	45								61
18/01/2025	16			15,9	55								53
18/01/2025	17			11,5	71								36
18/01/2025	18			6,7	88								23
18/01/2025	19			5,2	92								16
18/01/2025	20			3,5	96								12
18/01/2025	21			3,2	97								12
18/01/2025	22			1,8	99								5
18/01/2025	23			0,8	99								2
19/01/2025	00			0,9	99								4
19/01/2025	01			2,7	96								7
19/01/2025	02			2,1	92								3
19/01/2025	03			-,5	98								2
19/01/2025	04			-1	99								3
19/01/2025	05			-,5	97								3
19/01/2025	06			-,5	96								3
19/01/2025	07			-,7	95								2
19/01/2025	08			-1,1	97								2
19/01/2025	09			1,4	92								2
19/01/2025	10			6,2	69								18
19/01/2025	11			10,9	52								36
19/01/2025	12			14	41								61
19/01/2025	13			14,4	41								67
19/01/2025	14			15,2	48								68
19/01/2025	15			15,5	54								68
19/01/2025	16			14	59								68
19/01/2025	17			11,7	68								60
19/01/2025	18			6,3	86								34
19/01/2025	19			3,7	92								15
19/01/2025	20			2,3	95								9
19/01/2025	21			1,9	95								13
19/01/2025	22			1,8	96								11
19/01/2025	23			1,6	97								8
20/01/2025	00			1,4	98								6
20/01/2025	01			1,3	99								2
20/01/2025	02			2,1	98								2
20/01/2025	03			1,1	99								2
20/01/2025	04			0,6	99								2
20/01/2025	05			1,5	99								2
20/01/2025	06			1,6	99								2
20/01/2025	07			1,7	99								2
20/01/2025	08			2,6	98								2
20/01/2025	09			4,4	95								2
20/01/2025	10			6	93								4
20/01/2025	11			10,5	81								8
20/01/2025	12			13,3	63								31
20/01/2025	13			11,4	78								10
20/01/2025	14			13	68								21
20/01/2025	15			11,4	78								28
20/01/2025	16			10,9	80								27
20/01/2025	17			10,5	80								24
20/01/2025	18			8,8	88								6
20/01/2025	19			7,7	94								2
20/01/2025	20			6,9	97								2
20/01/2025	21			6,2	98								2
20/01/2025	22			6,4	98								2
20/01/2025	23			6,5	98								2
21/01/2025	00			6,7	98								2
21/01/2025	01			6,6	97								2
21/01/2025	02			6,6	98								2
21/01/2025	03			6,6	98								2
21/01/2025	04			6,7	98								2
21/01/2025	05			7	97								2
21/01/2025	06			7,1	98								2
21/01/2025	07			7,1	98								2
21/01/2025	08			7,2	98								2
21/01/2025	09			8,4	94								2
21/01/2025	10			10	87								2
21/01/2025	11			12,9	73								9
21/01/2025	12			14,5	72								27
21/01/2025	13			15	73								29
21/01/2025	14			16,5	69								20
21/01/2025	15			14,4	79								25
21/01/2025	16			13,4	83								22
21/01/2025	17			12,3	88								18
21/01/2025	18			11,3	92								7
21/01/2025	19			10,1	95								3
21/01/2025	20			9,4	97								2
21/01/2025	21			9,6	98								2
21/01/2025	22			8,7	98								2
21/01/2025	23			8,7	99								2
22/01/2025	00			8,8	99								2
22/01/2025	01			9	99								2
22/01/2025	02			8,3	98								2
22/01/2025	03			7,4	99								2
22/01/2025	04			6,8	99								2
22/01/2025	05			7,1	99								2
22/01/2025	06			8,2	98								2
22/01/2025	07			7,9	98								2
22/01/2025	08			7,8	97								2
22/01/2025	09			9,9	92								2
22/01/2025	10			15,4	66								21
22/01/2025	11			18,4	54								26
22/01/2025	12			20,5	47								58
22/01/2025	13			20,4	46								72
22/01/2025	14			21,1	46								69
22/01/2025	15			21,2	43								73
22/01/2025	16			21,2	42								77
22/01/2025	17			19,3	47								71
22/01/2025	18			17,1	53								70
22/01/2025	19			17,8	50								77
22/01/2025	20			18,2	49								78
22/01/2025	21			14,3	64								42
22/01/2025	22			12	74								29
22/01/2025	23			12,9	70								42
23/01/2025	00			16,8	56								70
23/01/2025	01			16,9	57								72
23/01/2025	02			15,9	61								62
23/01/2025	03			15,4	63								60
23/01/2025	04			14,9	66								61
23/01/2025	05			14,5	67								64
23/01/2025	06			15	65								65
23/01/2025	07			12,5	76								35
23/01/2025	08			11,1	82								22
23/01/2025	09			12,5	79								14
23/01/2025	10			16,5	66								22
23/01/2025	11			21,2	48								32
23/01/2025	12			23,1	42								49
23/01/2025	13			22,5	42								65
23/01/2025	14			22,4	44								62
23/01/2025	15			22,4	45								58
23/01/2025	16			21,9	46								57
23/01/2025	17			18	58								59
23/01/2025	18			13,8	73								43
23/01/2025	19			10,5	84								24
23/01/2025	20			9,5	87								21
23/01/2025	21			8,3	91								7
23/01/2025	22			7,1	94								5
23/01/2025	23			6,9	95								7
24/01/2025	00			6,7	96								10
24/01/2025	01			6	97								3
24/01/2025	02			5,2	98								2
24/01/2025	03			5,2	99								2
24/01/2025	04			4,9	99								2
24/01/2025	05			4,2	99								2
24/01/2025	06			4,6	99								4
24/01/2025	07			5,5	98								3
24/01/2025	08			4,3	99								2
24/01/2025	09			7,7	97								2
24/01/2025	10			12,6	76								14
24/01/2025	11			17,5	59								21
24/01/2025	12			20,7	52								35
24/01/2025	13			21,9	54								27
24/01/2025	14			21,8	54								34
24/01/2025	15			22,5	51								43
24/01/2025	16			22	55								41
24/01/2025	17			19,2	64								32
24/01/2025	18			13,5	83								24
24/01/2025	19			9,9	93								9
24/01/2025	20			8,7	95								9
24/01/2025	21			7,3	96								7
24/01/2025	22			6,2	97								3
24/01/2025	23			5,2	98								3
25/01/2025	00			4,8	99								3
25/01/2025	01			4,4	99								3
25/01/2025	02			3,8	99								3
25/01/2025	03			3,9	99								3
25/01/2025	04			3,7	99								2
25/01/2025	05			3,4	99								2
25/01/2025	06			3	99								3
25/01/2025	07			2,8	99								5
25/01/2025	08			3,1	99								3
25/01/2025	09			8,5	93								7
25/01/2025	10			10,9	79								6
25/01/2025	11			13,7	66								7
25/01/2025	12			15,2	63								12
25/01/2025	13			15	70								12
25/01/2025	14			16,9	63								9
25/01/2025	15			15,4	75								5
25/01/2025	16			14,5	80								4
25/01/2025	17			12,6	87								3
25/01/2025	18			10,9	87								12
25/01/2025	19			9,6	87								17
25/01/2025	20			7,7	92								13
25/01/2025	21			6,5	93								14
25/01/2025	22			5,2	96								10
25/01/2025	23			4,9	96								12
26/01/2025	00			4,2	96								8
26/01/2025	01			3,7	98								8
26/01/2025	02			3	98								5
26/01/2025	03			2,5	99								8
26/01/2025	04			1,6	99								4
26/01/2025	05			1,1	99								3
26/01/2025	06			1,2	99								4
26/01/2025	07			2,5	99								6
26/01/2025	08			3,4	97								3
26/01/2025	09			6,4	91								5
26/01/2025	10			11,1	74								12
26/01/2025	11			13,7	63								28
26/01/2025	12			14,9	58								34
26/01/2025	13			15,5	56								28
26/01/2025	14			15,7	55								25
26/01/2025	15			15,4	57								13
26/01/2025	16			13,7	72								8
26/01/2025	17			11,7	82								6
26/01/2025	18			10,4	85								5
26/01/2025	19			10,1	86								7
26/01/2025	20			9,6	86								7
26/01/2025	21			9,9	86								12
26/01/2025	22			11	84								20
26/01/2025	23			11,1	85								20
27/01/2025	00			12,6	82								26
27/01/2025	01			15,9	73								54
27/01/2025	02			16	71								54
27/01/2025	03			14,6	77								25
27/01/2025	04			11,6	88								15
27/01/2025	05			10,6	92								7
27/01/2025	06			10,1	94								6
27/01/2025	07			10,3	94								4
27/01/2025	08			11,1	93								5
27/01/2025	09			14,3	84								9
27/01/2025	10			16,1	80								4
27/01/2025	11			18,7	72								15
27/01/2025	12			23,6	45								52
27/01/2025	13			23,9	40								58
27/01/2025	14			23,5	44								58
27/01/2025	15			22,7	44								60
27/01/2025	16			22,4	43								62
27/01/2025	17			19,7	54								53
27/01/2025	18			17,9	61								46
27/01/2025	19			18,8	55								58
27/01/2025	20			20,7	41								81
27/01/2025	21			19,7	42								85
27/01/2025	22			18,3	43								86
27/01/2025	23			17,8	38								89
28/01/2025	00			17,2	38								89
28/01/2025	01			15	44								88
28/01/2025	02			15,2	36								88
28/01/2025	03			14,8	35								91
28/01/2025	04			14	36								90
28/01/2025	05			13,5	40								88
28/01/2025	06			13,3	43								87
28/01/2025	07			13,1	44								87
28/01/2025	08			13,2	44								85
28/01/2025	09			13,9	43								84
28/01/2025	10			15,4	38								77
28/01/2025	11			16,5	32								81
28/01/2025	12			16,9	31								85
28/01/2025	13			18	28								86
28/01/2025	14			17,2	30								86
28/01/2025	15			16	33								84
28/01/2025	16			16,8	33								82
28/01/2025	17			15,6	36								81
28/01/2025	18			14	40								80
28/01/2025	19			13,3	41								78
28/01/2025	20			13,8	38								81
28/01/2025	21			13,9	38								82
28/01/2025	22			13,4	41								80
28/01/2025	23			13,5	41								82
29/01/2025	00			11,3	47								68
29/01/2025	01			7,7	60								41
29/01/2025	02			4,5	73								28
29/01/2025	03			4,8	73								32
29/01/2025	04			5,7	69								41
29/01/2025	05			4,9	74								35
29/01/2025	06			4,7	75								27
29/01/2025	07			3,7	80								23
29/01/2025	08			3	84								16
29/01/2025	09			6	75								15
29/01/2025	10			9,9	61								33
29/01/2025	11			10,8	59								28
29/01/2025	12			11,5	56								49
29/01/2025	13			11	57								53
29/01/2025	14			11,2	57								53
29/01/2025	15			11,3	58								46
29/01/2025	16			10,9	61								37
29/01/2025	17			12,1	61								64
29/01/2025	18			11,6	67								64
29/01/2025	19			11,1	69								57
29/01/2025	20			9	78								32
29/01/2025	21			7	84								28
29/01/2025	22			5,9	88								15
29/01/2025	23			5,6	89								8
30/01/2025	00			6,1	89								16
30/01/2025	01			4,7	93								12
30/01/2025	02			4,2	95								10
30/01/2025	03			4,6	94								12
30/01/2025	04			4,1	92								13
30/01/2025	05			4,4	86								26
30/01/2025	06			3,4	87								26
30/01/2025	07			3	85								27
30/01/2025	08			4,5	79								17
30/01/2025	09			6,9	74								14
30/01/2025	10			11,5	59								30
30/01/2025	11			16,2	42								58
30/01/2025	12			15,2	44								68
30/01/2025	13			14,9	45								66
30/01/2025	14			14,3	48								68
30/01/2025	15			14	49								70
30/01/2025	16			14,1	50								71
30/01/2025	17			13,3	53								70
30/01/2025	18			12,2	59								70
30/01/2025	19			11,9	60								71
30/01/2025	20			11,7	59								70
30/01/2025	21			11,6	59								68
30/01/2025	22			11,6	59								68
30/01/2025	23			11,5	58								71
31/01/2025	00			10,9	60								70
31/01/2025	01			10,5	61								69
31/01/2025	02			10,2	61								70
31/01/2025	03			10,2	59								70
31/01/2025	04			9,9	60								69
31/01/2025	05			9,7	60								69
31/01/2025	06			9,6	60								68
31/01/2025	07			8,9	61								70
31/01/2025	08			10,1	56								70
31/01/2025	09			11	52								72
31/01/2025	10			12,2	48								72
31/01/2025	11			14,9	41								70
31/01/2025	12			16,9	36								67
31/01/2025	13			17,5	34								71
31/01/2025	14			18	35								64
31/01/2025	15			17,7	39								68
31/01/2025	16			16	49								65
31/01/2025	17			12,8	65								53
31/01/2025	18			8,8	79								37
31/01/2025	19			6,1	86								28
31/01/2025	20			4,6	85								24
31/01/2025	21			3,5	87								22
31/01/2025	22			4	82								34
31/01/2025	23			5	72								41
01/02/2025	00			3,7	78								33
01/02/2025	01			2	87								22
01/02/2025	02			2,9	88								20
01/02/2025	03			3,6	86								22
01/02/2025	04			2,6	89								9
01/02/2025	05			1,7	92								11
01/02/2025	06			1,2	93								9
01/02/2025	07			1,6	88								9
01/02/2025	08			3,4	82								11
01/02/2025	09			5,6	73								6
01/02/2025	10			8,5	65								15
01/02/2025	11			9,2	75								19
01/02/2025	12			10,5	67								60
01/02/2025	13			12,2	56								63
01/02/2025	14			11,3	67								45
01/02/2025	15			9,7	82								48
01/02/2025	16			10,7	81								51
01/02/2025	17			9,7	79								59
01/02/2025	18			7,6	86								55
01/02/2025	19			6,5	84								43
01/02/2025	20			6,3	83								23
01/02/2025	21			6,9	79								36
01/02/2025	22			7,2	79								49
01/02/2025	23			6,4	83								27
02/02/2025	00			5,5	88								21
02/02/2025	01			6,7	86								18
02/02/2025	02			5,9	90								10
02/02/2025	03			3,2	95								12
02/02/2025	04			2,3	97								9
02/02/2025	05			2,4	96								7
02/02/2025	06			2,7	94								5
02/02/2025	07			2,1	94								3
02/02/2025	08			1,3	97								5
02/02/2025	09			5,1	86								6
02/02/2025	10			9,6	66								21
02/02/2025	11			13,7	48								23
02/02/2025	12			15,4	42								47
02/02/2025	13			16,4	42								59
02/02/2025	14			15,9	46								63
02/02/2025	15			14,9	48								
02/02/2025	16			15,2	47								
02/02/2025	17			13,4	59								
02/02/2025	18			8,5	77								
02/02/2025	19			5,1	87								
02/02/2025	20			3,3	93								
02/02/2025	21			2,4	95								
02/02/2025	22			1,3	97								
02/02/2025	23			1,7	96								
03/02/2025	00			2	96								
03/02/2025	01			2	94								
03/02/2025	02			0,4	97								
03/02/2025	03			0,4	98								
03/02/2025	04			0,5	96								
03/02/2025	05			0,3	97								
03/02/2025	06			0,6	96								
03/02/2025	07			0,4	98								
03/02/2025	08			2,4	91								
03/02/2025	09			5,8	81								
03/02/2025	10			10,1	66								
03/02/2025	11			15,2	49								
03/02/2025	12			17,9	39								
03/02/2025	13			18,5	37								
03/02/2025	14			18,8	41								
03/02/2025	15			18,3	40								
03/02/2025	16			17,6	41								
03/02/2025	17			15,3	47								
03/02/2025	18			9,7	64								
03/02/2025	19			5,4	79								
03/02/2025	20			3,4	86								
03/02/2025	21			2,4	89								
03/02/2025	22			1,8	91								
03/02/2025	23			1	94								
04/02/2025	00			0,4	96								
04/02/2025	01			1,1	95								
04/02/2025	02			2,6	90								
04/02/2025	03			0,1	96								
04/02/2025	04			0,1	98								
04/02/2025	05			0	98								
04/02/2025	06			-,6	99								
04/02/2025	07			-1,1	99								
04/02/2025	08			0,2	99								
04/02/2025	09			4,7	88								
04/02/2025	10			9,5	69								
04/02/2025	11			14,1	54								
04/02/2025	12			17,1	43								
04/02/2025	13			18,7	46								
04/02/2025	14			18,9	49								
04/02/2025	15			18,8	49								
04/02/2025	16			17,5	52								
04/02/2025	17			15,9	56								
04/02/2025	18			8,7	80								
04/02/2025	19			5,8	88								
04/02/2025	20			4,3	92								
04/02/2025	21			3,5	94								
04/02/2025	22			3,8	95								
04/02/2025	23			5,8	88								
05/02/2025	00			5	89								
05/02/2025	01			3,3	90								
05/02/2025	02			0,7	97								
05/02/2025	03			0,5	98								
05/02/2025	04			0	99								
05/02/2025	05			0	99								
05/02/2025	06			-,1	98								
05/02/2025	07			-,1	98								
05/02/2025	08			0,8	96								
05/02/2025	09			5	88								
05/02/2025	10			11,4	58								
05/02/2025	11			17	38								
05/02/2025	12			18,1	37								
05/02/2025	13			19,3	43								
05/02/2025	14			18,4	53								
05/02/2025	15			17,9	57								
05/02/2025	16			16,9	62								
05/02/2025	17			15,3	70								
05/02/2025	18			10,5	86								
05/02/2025	19			7,3	92								
05/02/2025	20			5,4	97								
05/02/2025	21			4,1	98								
05/02/2025	22			2,9	99								
05/02/2025	23			2,2	99								
06/02/2025	00			1,8	99								
06/02/2025	01			1,2	99								
06/02/2025	02			0,5	99								
06/02/2025	03			0,4	99								
06/02/2025	04			0,4	99								
06/02/2025	05			0,7	99								
06/02/2025	06			-,3	99								
06/02/2025	07			-,5	99								
06/02/2025	08			-,2	99								
06/02/2025	09			3,6	96								
06/02/2025	10			8,4	85								
06/02/2025	11			14,7	61								
06/02/2025	12			16,4	53								
06/02/2025	13			16,7	53								
06/02/2025	14			17,4	51								
06/02/2025	15			16,8	56								
06/02/2025	16			15,5	63								
06/02/2025	17			13,2	73								
06/02/2025	18			9,3	87								
06/02/2025	19			6	94								
06/02/2025	20			4,4	96								
06/02/2025	21			3,3	98								
06/02/2025	22			2,6	99								
06/02/2025	23			2,2	99								
07/02/2025	00			1,8	99								
07/02/2025	01			2,4	99								
07/02/2025	02			3,8	99								
07/02/2025	03			3	99								
07/02/2025	04			0,5	99								
07/02/2025	05			0,8	99								
07/02/2025	06			2,5	99								
07/02/2025	10			9,4	82								13
07/02/2025	11			11,8	74								21
07/02/2025	12			13	69								69
07/02/2025	13			13,4	69								66
07/02/2025	14			14	66								66
07/02/2025	15			15,5	59								61
07/02/2025	16			14,4	59								67
07/02/2025	17			12,6	68								61
07/02/2025	18			10,8	77								43
07/02/2025	19			9,8	82								28
07/02/2025	20			8,6	86								23
07/02/2025	21			7	89								19
07/02/2025	22			5	94								16
07/02/2025	23			3,9	97								12
08/02/2025	00			3,1	98								10
08/02/2025	01			2,9	99								7
08/02/2025	02			2,7	99								9
08/02/2025	03			2,3	99								9
08/02/2025	04			1,8	99								5
08/02/2025	05			1,7	99								10
08/02/2025	06			4	94								30
08/02/2025	07			8	67								62
08/02/2025	08			7,9	62								62
08/02/2025	09			9,6	56								64
08/02/2025	10			12	41								71
08/02/2025	11			14,6	34								76
08/02/2025	12			16,4	30								73
08/02/2025	13			17	26								82
08/02/2025	14			17,2	24								85
08/02/2025	15			17,4	24								89
08/02/2025	16			17,4	22								87
08/02/2025	17			16,8	25								79
08/02/2025	18			10,4	50								55
08/02/2025	19			6,3	63								34
08/02/2025	20			5,5	64								27
08/02/2025	21			5,6	67								29
08/02/2025	22			5,8	72								27
08/02/2025	23			5,4	75								18
09/02/2025	00			4	78								23
09/02/2025	01			2,1	82								21
09/02/2025	02			1	86								22
09/02/2025	03			0,6	86								22
09/02/2025	04			0,4	87								18
09/02/2025	05			0	88								14
09/02/2025	06			0,2	87								16
09/02/2025	07			-,7	91								11
09/02/2025	08			0,3	89								11
09/02/2025	09			5,1	72								19
09/02/2025	10			10,1	53								37
09/02/2025	11			15,7	42								47
09/02/2025	12			17,9	42								59
09/02/2025	13			18,7	43								73
09/02/2025	14			18,5	47								77
09/02/2025	15			17,7	51								78
09/02/2025	16			17	57								77
09/02/2025	17			14,1	69								62
09/02/2025	18			10,9	81								37
09/02/2025	19			8,5	86								25
09/02/2025	20			7,4	90								20
09/02/2025	21			6,4	90								11
09/02/2025	22			5,7	92								22
09/02/2025	23			4,2	92								11
10/02/2025	00			3,2	94								11
10/02/2025	01			2,3	94								15
10/02/2025	02			2	94								15
10/02/2025	03			3,8	94								16
10/02/2025	04			3,6	92								3
10/02/2025	05			2,3	95								4
10/02/2025	06			1,5	96								8
10/02/2025	07			2,4	96								8
10/02/2025	08			5,4	89								4
10/02/2025	09			7,8	82								3
10/02/2025	10			9,5	75								8
10/02/2025	11			11,8	71								6
10/02/2025	12			13,1	72								12
10/02/2025	13			14,2	75								56
10/02/2025	14			14,4	75								61
10/02/2025	15			14,5	72								75
10/02/2025	16			14,1	70								82
10/02/2025	17			13,3	72								89
10/02/2025	18			12,6	79								81
10/02/2025	19			12,2	82								74
10/02/2025	20			11,8	85								50
10/02/2025	21			11,4	88								50
10/02/2025	22			11,4	89								48
10/02/2025	23			11,1	89								28
11/02/2025	00			10,2	91								9
11/02/2025	01			10,2	92								12
11/02/2025	02			10,4	91								19
11/02/2025	03			10,1	92								46
11/02/2025	04			7,8	97								26
11/02/2025	05			6	98								15
11/02/2025	06			5,1	99								14
11/02/2025	07			4,4	99								8
11/02/2025	08			5	99								5
11/02/2025	09			7,9	96								7
11/02/2025	10			11,9	83								32
11/02/2025	11			15,2	66								60
11/02/2025	12			17,1	58								72
11/02/2025	13			18,2	60								71
11/02/2025	14			18,7	57								82
11/02/2025	15			17,9	62								83
11/02/2025	16			16,6	68								78
11/02/2025	17			14,7	74								68
11/02/2025	18			11,2	85								40
11/02/2025	19			8,2	92								24
11/02/2025	20			6,9	95								17
11/02/2025	21			6,6	95								4
11/02/2025	22			6,4	98								12
11/02/2025	23			5,9	99								5
12/02/2025	00			7	99								4
12/02/2025	01			7,6	96								2
12/02/2025	02			7,4	97								4
12/02/2025	03			7,1	97								2
12/02/2025	04			8,1	97								6
12/02/2025	05			8,9	94								11
12/02/2025	06			8,4	96								3
12/02/2025	07			8,7	98								2
12/02/2025	08			9,1	99								2
12/02/2025	09			9,8	99								2
12/02/2025	10			11	93								7
12/02/2025	11			13,5	84								29
12/02/2025	12			14,8	77								53
12/02/2025	13			16,8	67								67
12/02/2025	14			17,3	63								64
12/02/2025	15			16,6	65								78
12/02/2025	16			16,4	55								79
12/02/2025	17			15,5	57								76
12/02/2025	18			14,6	61								68
12/02/2025	19			14,3	60								70
12/02/2025	20			14	62								
12/02/2025	21			13,8	63								
12/02/2025	22			13,7	60								
12/02/2025	23			13,7	55								
13/02/2025	00			13,5	55								
13/02/2025	01			13,5	55								
13/02/2025	02			13,4	55								
13/02/2025	03			12,8	56								
13/02/2025	04			12,5	57								
13/02/2025	05			12,2	57								
13/02/2025	06			12,1	56								
13/02/2025	07			11,4	58								
13/02/2025	08			11,8	57								
13/02/2025	09			13,7	52								
13/02/2025	10			15,6	44								
13/02/2025	11			18,4	38								76
13/02/2025	12			20	34								70
13/02/2025	13			20,6	37								75
13/02/2025	14			19,5	43								77
13/02/2025	15			18,5	50								72
13/02/2025	16			17,5	47								74
13/02/2025	17			14,8	52								78
13/02/2025	18			11,9	65								39
13/02/2025	19			9,5	74								29
13/02/2025	20			11	64								49
13/02/2025	21			11,3	61								56
13/02/2025	22			9,7	69								34
13/02/2025	23			8,4	75								33
14/02/2025	00			7,3	79								24
14/02/2025	01			6,5	82								23
14/02/2025	02			7	82								26
14/02/2025	03			7,9	80								19
14/02/2025	04			9,1	75								18
14/02/2025	05			8,3	78								12
14/02/2025	06			8,6	79								15
14/02/2025	07			8,4	79								6
14/02/2025	08			10	74								7
14/02/2025	09			12,2	68								7
14/02/2025	10			16,9	56								31
14/02/2025	11			21,1	45								44
14/02/2025	12			22,5	41								58
14/02/2025	13			23	40								62
14/02/2025	14			23,8	39								64
14/02/2025	15			23,6	41								62
14/02/2025	16			22,6	43								56
14/02/2025	17			20,9	47								53
14/02/2025	18			15,3	66								27
14/02/2025	19			11,2	79								25
14/02/2025	20			9,1	84								17
14/02/2025	21			7,7	88								12
14/02/2025	22			6,8	91								13
14/02/2025	23			6,3	92								11
15/02/2025	00			5,9	93								10
15/02/2025	01			5,4	95								7
15/02/2025	02			5	96								5
15/02/2025	03			4,5	98								8
15/02/2025	04			5,1	98								8
15/02/2025	05			7	99								13
15/02/2025	06			8,6	98								20
15/02/2025	07			8,7	97								23
15/02/2025	08			9,1	91								22
15/02/2025	09			11,1	87								30
15/02/2025	10			13,8	79								74
15/02/2025	11			15,6	72								75
15/02/2025	12			16	70								70
15/02/2025	13			15,7	73								62
15/02/2025	14			15,2	78								71
15/02/2025	15			15,1	80								71
15/02/2025	16			14,3	83								68
15/02/2025	17			14	85								60
15/02/2025	18			13,5	87								49
15/02/2025	19			13,2	89								61
15/02/2025	20			13,1	90								47
15/02/2025	21			13,1	90								46
15/02/2025	22			13	90								30
15/02/2025	23			12,4	92								21
16/02/2025	00			9,8	97								14
16/02/2025	01			10,2	97								10
16/02/2025	02			10,6	91								21
16/02/2025	03			10,9	90								12
16/02/2025	04			11,1	90								17
16/02/2025	05			10,9	90								39
16/02/2025	06			10,3	89								17
16/02/2025	07			9,7	91								17
16/02/2025	08			8,9	97								29
16/02/2025	09			8,9	97								19
16/02/2025	10			10,2	90								17
16/02/2025	11			15,8	63								29
16/02/2025	12			20,2	47								49
16/02/2025	13			21,6	58								56
16/02/2025	14			21	58								51
16/02/2025	15			21	57								48
16/02/2025	16			20,5	60								54
16/02/2025	17			18,7	66								46
16/02/2025	18			13,9	82								30
16/02/2025	19			10,6	91								19
16/02/2025	20			8,6	94								12
16/02/2025	21			7,8	94								13
16/02/2025	22			6,8	94								13
16/02/2025	23			6,5	94								8
17/02/2025	00			6,7	95								15
17/02/2025	01			9	90								5
17/02/2025	02			7,6	91								6
17/02/2025	03			7,8	89								6
17/02/2025	04			7,6	88								6
17/02/2025	05			6,5	91								8
17/02/2025	06			6,2	91								5
17/02/2025	07			6,7	90								
17/02/2025	08			7,9	86								
17/02/2025	09			11	78								
17/02/2025	10			14,9	63								38
17/02/2025	11			19,3	48								56
17/02/2025	12			22	44								54
17/02/2025	13			22,2	44								69
17/02/2025	14			21,6	49								79
17/02/2025	15			19,3	55								89
17/02/2025	16			19,6	55								72
17/02/2025	17			19,2	55								55
17/02/2025	18			13,6	74								44
17/02/2025	19			10	83								29
17/02/2025	20			8,1	89								25
17/02/2025	21			7,2	90								16
17/02/2025	22			6,2	93								12
17/02/2025	23			6,8	93								14
18/02/2025	00			9,1	88								8
18/02/2025	01			10	87								18
18/02/2025	02			10,4	87								7
18/02/2025	03			11,1	84								37
18/02/2025	04			11,3	82								44
18/02/2025	05			11,3	81								48
18/02/2025	06			11	85								22
18/02/2025	07			11	86								13
18/02/2025	08			11,5	85								21
18/02/2025	09			12,4	81								18
18/02/2025	10			13,3	76								46
18/02/2025	11			15,1	70								51
18/02/2025	12			16,6	64								76
18/02/2025	13			17,9	60								79
18/02/2025	14			18,3	60								79
18/02/2025	15			19,1	59								92
18/02/2025	16			16,6	68								93
18/02/2025	17			14,9	75								93
18/02/2025	18			13,8	82								89
18/02/2025	19			13,4	85								76
18/02/2025	20			12,8	86								43
18/02/2025	21			11,4	89								24
18/02/2025	22			9	94								11
18/02/2025	23			8,3	95								9
19/02/2025	00			7,1	97								8
19/02/2025	01			5,9	97								5
19/02/2025	02			5,4	98								3
19/02/2025	03			5,6	99								2
19/02/2025	04			5,4	99								2
19/02/2025	05			5,2	99								2
19/02/2025	06			5,7	99								4
19/02/2025	07			5	99								2
19/02/2025	08			5,5	99								2
19/02/2025	09			8,9	95								7
19/02/2025	10			12,4	85								23
19/02/2025	11			15,2	74								66
19/02/2025	12			17,4	67								80
19/02/2025	13			19,3	61								77
19/02/2025	14			20,4	58								72
19/02/2025	15			19,6	61								81
19/02/2025	16			18,8	65								84
19/02/2025	17			16,5	74								70
19/02/2025	18			14,3	80								45
19/02/2025	19			13,2	84								41
19/02/2025	20			13,8	83								63
19/02/2025	21			13,8	83								57
19/02/2025	22			11,5	88								31
19/02/2025	23			10,6	91								18
20/02/2025	00			11,9	88								18
20/02/2025	01			12,3	88								9
20/02/2025	02			12,3	89								5
20/02/2025	03			12,4	88								8
20/02/2025	04			12,4	89								11
20/02/2025	05			12,4	89								10
20/02/2025	06			12,4	89								8
20/02/2025	07			12,5	88								13
20/02/2025	08			12,7	88								7
20/02/2025	09			13,4	83								7
20/02/2025	10			14,4	79								33
20/02/2025	11			14,6	76								59
20/02/2025	12			15,2	74								56
20/02/2025	13			15,8	74								67
20/02/2025	14			15,4	80								74
20/02/2025	15			14,6	83								75
20/02/2025	16			14,2	84								65
20/02/2025	17			13,9	84								59
20/02/2025	18			13,5	84								63
20/02/2025	19			13,3	83								80
20/02/2025	20			13	87								76
20/02/2025	21			12,5	92								75
20/02/2025	22			12,7	90								70
20/02/2025	23			12,9	89								70
21/02/2025	00			12,9	89								51
21/02/2025	01			12,8	89								25
21/02/2025	02			12,7	90								17
21/02/2025	03			12,6	90								8
21/02/2025	04			12,5	90								9
21/02/2025	05			12,4	90								12
21/02/2025	06			12,4	90								12
21/02/2025	07			12,3	91								10
21/02/2025	08			12,6	90								4
21/02/2025	09			13,2	87								37
21/02/2025	10			13,9	82								43
21/02/2025	11			14,3	79								63
21/02/2025	12			15	76								69
21/02/2025	13			15,3	74								65
21/02/2025	14			15,7	73								69
21/02/2025	15			15,8	76								92
21/02/2025	16			15,3	77								99
21/02/2025	17			14,4	80								105
21/02/2025	18			13,8	83								104
21/02/2025	19			13,6	84								100
21/02/2025	20			13,4	84								96
21/02/2025	21			13,5	84								92
21/02/2025	22			13,4	85								45
21/02/2025	23			13,1	87								27
22/02/2025	00			12,9	88								15
22/02/2025	01			12,7	90								17
22/02/2025	02			12,6	92								22
22/02/2025	03			11,9	95								14
22/02/2025	04			12,3	94								22
22/02/2025	05			12,1	94								12
22/02/2025	06			11,1	97								12
22/02/2025	07			10,6	98								8
22/02/2025	08			11	97								3
22/02/2025	09			11,8	95								11
22/02/2025	10			13,8	86								19
22/02/2025	11			15,4	78								60
22/02/2025	12			16,6	71								86
22/02/2025	13			17,8	66								86
22/02/2025	14			18,6	64								80
22/02/2025	15			18,9	65								78
22/02/2025	16			16,6	74								86
22/02/2025	17			15,1	79								72
22/02/2025	18			14,5	84								64
22/02/2025	19			13,4	95								21
22/02/2025	20			12,9	99								11
22/02/2025	21			12,7	99								19
22/02/2025	22			11,8	99								6
22/02/2025	23			11	99								5
23/02/2025	00			10,4	99								3
23/02/2025	01			10,1	99								2
23/02/2025	02			9,8	99								4
23/02/2025	03			9,1	99								4
23/02/2025	04			8,5	99								5
23/02/2025	05			8,8	99								5
23/02/2025	06			8,7	99								9
23/02/2025	07			7,5	99								10
23/02/2025	08			7,7	99								7
23/02/2025	09			9,9	95								8
23/02/2025	10			12,3	80								21
23/02/2025	11			16,7	52								78
23/02/2025	12			18	49								91
23/02/2025	13			18,1	51								91
23/02/2025	14			20,2	47								78
23/02/2025	15			20,6	46								74
23/02/2025	16			19,7	49								71
23/02/2025	17			18	52								72
23/02/2025	18			14,3	65								55
23/02/2025	19			9,6	81								28
23/02/2025	20			7,8	86								23
23/02/2025	21			6,9	89								20
23/02/2025	22			5,8	92								15
23/02/2025	23			5	93								12
24/02/2025	00			5,5	93								16
24/02/2025	01			4,2	96								7
24/02/2025	02			3,8	97								7
24/02/2025	03			4,2	97								7
24/02/2025	04			3,2	98								3
24/02/2025	05			3	99								4
24/02/2025	06			3,3	98								3
24/02/2025	07			2,8	99								2
24/02/2025	08			4,4	98								2
24/02/2025	09			9,8	80								13
24/02/2025	10			13,3	64								20
24/02/2025	11			17,1	54								44
24/02/2025	12			19	45								64
24/02/2025	13			20,7	49								45
24/02/2025	14			20,7	53								44
24/02/2025	15			18,5	60								59
24/02/2025	16			17,5	66								76
24/02/2025	17			17,7	67								63
24/02/2025	18			14,8	77								37
24/02/2025	19			10,3	89								17
24/02/2025	20			8,6	93								6
24/02/2025	21			7,7	94								8
24/02/2025	22			7,1	95								7
24/02/2025	23			6,7	95								5
25/02/2025	00			6,1	96								7
25/02/2025	01			6,3	95								9
25/02/2025	02			6,3	95								10
25/02/2025	03			5,4	96								10
25/02/2025	04			5,4	95								6
25/02/2025	05			5,3	94								5
25/02/2025	06			6,8	90								10
25/02/2025	07			8,3	83								6
25/02/2025	08			11,1	70								6
25/02/2025	09			12,7	69								3
25/02/2025	10			13,7	71								3
25/02/2025	11			17	59								
25/02/2025	12			19,3	45								
25/02/2025	13			19,2	46								77
25/02/2025	14			17	55								76
25/02/2025	15			15,1	55								88
25/02/2025	16			15	46								93
25/02/2025	17			14,7	44								94
25/02/2025	18			14,1	44								93
25/02/2025	19			13,9	46								87
25/02/2025	20			14	43								92
25/02/2025	21			13,5	45								96
25/02/2025	22			12,6	46								92
25/02/2025	23			12,3	46								96
26/02/2025	00			12,6	39								100
26/02/2025	01			12	42								97
26/02/2025	02			10	51								83
26/02/2025	03			8,4	57								73
26/02/2025	04			7,5	58								71
26/02/2025	05			9,9	52								87
26/02/2025	06			9,7	53								84
26/02/2025	07			9,5	56								77
26/02/2025	08			9,6	58								56
26/02/2025	09			12,5	48								80
26/02/2025	10			14,2	42								89
26/02/2025	11			16,4	36								95
26/02/2025	12			18,5	32								86
26/02/2025	13			19,5	32								84
26/02/2025	14			19,8	34								82
26/02/2025	15			20,6	31								77
26/02/2025	16			19,1	34								89
26/02/2025	17			17,9	36								87
26/02/2025	18			15	45								67
26/02/2025	19			10,6	73								64
26/02/2025	20			7,6	80								37
26/02/2025	21			5,7	82								26
26/02/2025	22			4,1	86								22
26/02/2025	23			4,5	87								30
27/02/2025	00			3,2	90								21
27/02/2025	01			2,4	91								14
27/02/2025	02			2,6	92								15
27/02/2025	03			2,8	92								11
27/02/2025	04			2,7	93								14
27/02/2025	05			2,6	93								9
27/02/2025	06			2,4	94								9
27/02/2025	07			3,5	90								10
27/02/2025	08			4,9	85								8
27/02/2025	09			8,3	74								5
27/02/2025	10			12,5	51								29
27/02/2025	11			15,8	44								53
27/02/2025	12			15,8	45								63
27/02/2025	13			15,8	49								56
27/02/2025	14			15,6	53								76
27/02/2025	15			16,4	58								77
27/02/2025	16			16,1	66								71
27/02/2025	17			16,2	69								65
27/02/2025	18			12,7	85								64
27/02/2025	19			11,4	90								55
27/02/2025	20			9,7	92								27
27/02/2025	21			9,7	94								20
27/02/2025	22			9,1	94								15
27/02/2025	23			8,4	96								9
28/02/2025	00			8,1	98								15
28/02/2025	01			7,2	99								9
28/02/2025	02			6,4	99								4
28/02/2025	03			6,3	99								3
28/02/2025	04			6,3	99								4
28/02/2025	05			5,5	99								6
28/02/2025	06			3,9	99								2
28/02/2025	07			2,9	99								2
28/02/2025	08			5,1	99								2
28/02/2025	09			8,9	92								16
28/02/2025	10			11,8	76								32
28/02/2025	11			15	66								76
28/02/2025	12			16,7	61								81
28/02/2025	13			18	54								93
28/02/2025	14			16,9	57								108
28/02/2025	15			16,7	60								111
28/02/2025	16			15,6	66								110
28/02/2025	17			14,2	71								109
28/02/2025	18			13,1	77								93
28/02/2025	19			12,4	81								97
28/02/2025	20			12,1	82								85
28/02/2025	21			12	83								82
28/02/2025	22			11,7	85								67
28/02/2025	23			11,5	86								73
01/03/2025	00			11,7	85								94
01/03/2025	01			11,6	86								83
01/03/2025	02			11,4	87								75
01/03/2025	03			11,1	87								83
01/03/2025	04			10,5	91								78
01/03/2025	05			10,1	94								73
01/03/2025	06			10	95								69
01/03/2025	07			10	92								73
01/03/2025	08			10,3	89								74
01/03/2025	09			11,2	83								82
01/03/2025	10			12,1	77								84
01/03/2025	11			11	84								77
01/03/2025	12			11,4	81								77
01/03/2025	13			14,4	65								88
01/03/2025	14			15	53								98
01/03/2025	15			15,5	47								93
01/03/2025	16			15,7	54								75
01/03/2025	17			13,3	68								68
01/03/2025	18			11,6	76								64
01/03/2025	19			11,6	76								72
01/03/2025	20			11,4	80								66
01/03/2025	21			10,9	85								80
01/03/2025	22			10,5	85								73
01/03/2025	23			10,1	84								64
02/03/2025	00			9,4	86								48
02/03/2025	01			9,3	82								56
02/03/2025	02			9,2	80								51
02/03/2025	03			8,8	83								29
02/03/2025	04			8,3	86								24
02/03/2025	05			8,8	77								41
02/03/2025	06			8,6	80								30
02/03/2025	07			8,8	77								36
02/03/2025	08			9,1	74								63
02/03/2025	09			9,3	75								62
02/03/2025	10			9,9	72								67
02/03/2025	11			11,3	65								80
02/03/2025	12			10,7	70								84
02/03/2025	13			10,7	71								85
02/03/2025	14			10,6	75								83
02/03/2025	15			11	76								82
02/03/2025	16			10,4	84								78
02/03/2025	17			10,7	82								81
02/03/2025	18			10,7	83								80
02/03/2025	19			10,6	85								82
02/03/2025	20			9,8	94								75
02/03/2025	21			9,7	98								74
02/03/2025	22			9,7	98								73
02/03/2025	23			9,8	97								74
03/03/2025	00			9,6	97								75
03/03/2025	01			9,5	97								74
03/03/2025	02			9,5	98								80
03/03/2025	03			9,2	99								83
03/03/2025	04			9	99								85
03/03/2025	05			9,4	99								85
03/03/2025	06			9,8	99								84
03/03/2025	07			10,2	99								84
03/03/2025	08			11,2	99								92
03/03/2025	09			11,1	99								88
03/03/2025	10			10,7	99								81
03/03/2025	11			11,1	99								85
03/03/2025	12			12,3	99								93
03/03/2025	13			12,8	99								91
03/03/2025	14			12,9	99								91
03/03/2025	15			12,8	99								93
03/03/2025	16			12,6	99								91
03/03/2025	17			12,6	99								91
03/03/2025	18			11,2	99								87
03/03/2025	19			9,2	99								
03/03/2025	20			8,3	99								
03/03/2025	21			8,3	99								
03/03/2025	22			8,6	99								
03/03/2025	23			8,7	99								
04/03/2025	00			9,5	99								
04/03/2025	01			10,4	99								
04/03/2025	02			10,3	99								
04/03/2025	03			10,1	99								
04/03/2025	04			9,9	99								
04/03/2025	05			9,8	99								
04/03/2025	06			9,7	99								
04/03/2025	07			9,5	99								
04/03/2025	08			9,9	98								
04/03/2025	09			9,7	98								
04/03/2025	10			9,5	98								
04/03/2025	11			9,6	99								
04/03/2025	12			10,7	99								
04/03/2025	13			11	99								82
04/03/2025	14			11,2	99								86
04/03/2025	15			11,2	99								88
04/03/2025	16			11,5	99								91
04/03/2025	17			12,6	93								92
04/03/2025	18			12,3	88								92
04/03/2025	19			11,8	88								97
04/03/2025	20			11,4	92								91
04/03/2025	21			11,2	98								90
04/03/2025	22			11,3	99								88
04/03/2025	23			11,5	99								88
05/03/2025	00			11,9	99								92
05/03/2025	01			11,7	99								91
05/03/2025	02			11,4	99								89
05/03/2025	03			11,3	99								91
05/03/2025	04			11,2	99								91
05/03/2025	05			11,1	99								87
05/03/2025	06			10,6	99								84
05/03/2025	07			10,8	99								92
05/03/2025	08			11,3	96								95
05/03/2025	09			11,5	93								88
05/03/2025	10			11,5	92								92
05/03/2025	11			11,7	89								96
05/03/2025	12			11,8	88								93
05/03/2025	13			11	92								93
05/03/2025	14			11,1	95								95
05/03/2025	15			11,4	98								101
05/03/2025	16			11,4	99								103
05/03/2025	17			11,5	99								98
05/03/2025	18			11,6	99								101
05/03/2025	19			11,7	99								99
05/03/2025	20			11,8	99								103
05/03/2025	21			11,7	99								104
05/03/2025	22			11,7	99								101
05/03/2025	23			11,9	99								101
06/03/2025	00			11,9	99								98
06/03/2025	01			12	99								99
06/03/2025	02			12,1	99								97
06/03/2025	03			12,1	99								99
06/03/2025	04			12,1	99								100
06/03/2025	05			12,1	99								99
06/03/2025	06			12,2	99								101
06/03/2025	07			12,4	99								102
06/03/2025	08			12,4	99								101
06/03/2025	09			12,7	98								99
06/03/2025	10			13	97								97
06/03/2025	11			12,8	98								96
06/03/2025	12			12,8	99								97
06/03/2025	13			13,1	99								95
06/03/2025	14			13,6	97								93
06/03/2025	15			14	91								95
06/03/2025	16			14,5	88								97
06/03/2025	17			14,1	88								99
06/03/2025	18			13,3	94								97
06/03/2025	19			12,6	99								99
06/03/2025	20			12,4	99								100
06/03/2025	21			12,3	99								98
06/03/2025	22			12,1	99								100
06/03/2025	23			11,5	99								99
07/03/2025	00			11,6	97								91
07/03/2025	01			11,8	93								93
07/03/2025	02			11,9	92								98
07/03/2025	03			11,7	93								95
07/03/2025	04			11,3	98								91
07/03/2025	05			11	99								90
07/03/2025	06			10,8	99								87
07/03/2025	07			10,8	99								87
07/03/2025	08			10,8	99								82
07/03/2025	09			11,1	99								84
07/03/2025	10			11,4	99								88
07/03/2025	11			12,2	98								90
07/03/2025	12			12,8	94								91
07/03/2025	13			13,5	90								93
07/03/2025	14			13,3	94								91
07/03/2025	15			13,3	93								89
07/03/2025	16			12,7	97								89
07/03/2025	17			12,6	97								82
07/03/2025	18			12,8	99								61
07/03/2025	19			12,8	99								65
07/03/2025	20			12,9	99								70
07/03/2025	21			12,9	99								76
07/03/2025	22			12,9	99								71
07/03/2025	23			12,9	99								51
08/03/2025	00			12,8	99								33
08/03/2025	01			12,7	99								49
08/03/2025	02			12,4	99								47
08/03/2025	03			12,4	99								27
08/03/2025	04			12,4	99								17
08/03/2025	05			12,3	99								19
08/03/2025	06			12,4	99								27
08/03/2025	07			12,4	99								30
08/03/2025	08			12,6	99								35
08/03/2025	09			12,9	99								59
08/03/2025	10			13,4	98								79
08/03/2025	11			14,1	95								81
08/03/2025	12			14,8	90								83
08/03/2025	13			15	88								83
08/03/2025	14			14,6	90								80
08/03/2025	15			14,6	90								78
08/03/2025	16			14,3	93								79
08/03/2025	17			14,1	95								78
08/03/2025	18			14	97								75
08/03/2025	19			13,9	99								82
08/03/2025	20			13,8	99								90
08/03/2025	21			13,8	99								90
08/03/2025	22			13,7	99								95
08/03/2025	23			13,5	99								104
09/03/2025	00			12	99								97
09/03/2025	01			10,7	99								75
09/03/2025	02			10,6	99								35
09/03/2025	03			10,3	99								38
09/03/2025	04			9,8	99								31
09/03/2025	05			9,1	99								19
09/03/2025	06			8,5	99								16
09/03/2025	07			7,5	99								15
09/03/2025	08			8,3	99								32
09/03/2025	09			10,6	94								47
09/03/2025	10			13,7	67								67
09/03/2025	11			15,5	55								80
09/03/2025	12			17,6	52								70
09/03/2025	13			18,3	57								72
09/03/2025	14			18,4	53								79
09/03/2025	15			17,3	53								80
09/03/2025	16			17,9	49								90
09/03/2025	17			17	48								97
09/03/2025	18			14,5	63								92
09/03/2025	19			12,8	72								75
09/03/2025	20			10,1	85								26
09/03/2025	21			8,2	93								21
09/03/2025	22			7,4	95								14
09/03/2025	23			7,8	95								7
10/03/2025	00			8	93								13
10/03/2025	01			6,8	95								10
10/03/2025	02			5,8	98								7
10/03/2025	03			6,2	97								7
10/03/2025	04			6,7	95								7
10/03/2025	05			6,7	96								2
10/03/2025	06			7	96								3
10/03/2025	07			7,4	95								6
10/03/2025	08			8,7	89								7
10/03/2025	09			10,5	82								12
10/03/2025	10			12,8	69								14
10/03/2025	11			15,2	60								35
10/03/2025	12			16,6	55								71
10/03/2025	13			17,4	56								64
10/03/2025	14			18,2	56								77
10/03/2025	15			17,1	57								87
10/03/2025	16			17,7	53								93
10/03/2025	17			16,8	57								84
10/03/2025	18			14,8	70								64
10/03/2025	19			11,9	82								66
10/03/2025	20			9,8	91								23
10/03/2025	21			8,6	96								10
10/03/2025	22			8,2	97								7
10/03/2025	23			8,7	97								5
11/03/2025	00			8,9	98								3
11/03/2025	01			9,4	98								6
11/03/2025	02			10,3	97								25
11/03/2025	03			9,9	97								25
11/03/2025	04			8,7	99								13
11/03/2025	05			7,9	99								11
11/03/2025	06			7,5	99								4
11/03/2025	07			7,6	99								5
11/03/2025	08			8,6	99								15
11/03/2025	09			9,7	99								21
11/03/2025	10			11,4	96								13
11/03/2025	11			15,3	69								55
11/03/2025	14			16,7	62								84
11/03/2025	15			17,1	58								94
11/03/2025	16			14,9	73								93
11/03/2025	17			14,1	68								98
11/03/2025	18			13,6	71								86
11/03/2025	19			11,6	80								65
11/03/2025	20			10,2	86								48
11/03/2025	21			9,3	90								30
11/03/2025	22			8,7	92								20
11/03/2025	23			7,3	96								11
12/03/2025	00			6,4	98								11
12/03/2025	01			6	98								7
12/03/2025	02			6	98								13
12/03/2025	03			6,4	96								18
12/03/2025	04			6,4	95								21
12/03/2025	05			7,6	89								36
12/03/2025	06			7,5	88								40
12/03/2025	07			7,8	87								42
12/03/2025	08			12,7	66								69
12/03/2025	09			15,2	52								87
12/03/2025	10			16,4	50								67
12/03/2025	11			18,8	40								86
12/03/2025	12			19,7	36								87
12/03/2025	13			20,2	34								89
12/03/2025	14			20,7	34								89
12/03/2025	15			20,9	32								87
12/03/2025	16			20,3	32								83
12/03/2025	17			18,6	48								73
12/03/2025	18			15,5	63								61
12/03/2025	19			12,1	82								31
12/03/2025	20			10,1	89								26
12/03/2025	21			9,8	89								23
12/03/2025	22			9,6	88								23
12/03/2025	23			8,8	89								23
13/03/2025	00			9,3	85								30
13/03/2025	01			9,2	87								17
13/03/2025	02			9,1	85								23
13/03/2025	03			10,5	76								9
13/03/2025	04			10,4	78								9
13/03/2025	05			8,7	87								9
13/03/2025	06			6,7	92								12
13/03/2025	07			6,2	93								10
13/03/2025	08			8,9	86								4
13/03/2025	09			11,7	73								15
13/03/2025	10			14,5	60								23
13/03/2025	11			16,8	50								56
13/03/2025	12			16,5	57								71
13/03/2025	13			15,9	67								77
13/03/2025	14			15,1	70								87
13/03/2025	15			13,9	77								89
13/03/2025	16			13	84								58
13/03/2025	17			12,1	88								54
13/03/2025	18			12	91								33
13/03/2025	19			11	95								17
13/03/2025	20			10,8	93								29
13/03/2025	21			10,7	89								56
13/03/2025	22			10,2	96								29
13/03/2025	23			10	98								26
14/03/2025	00			9,7	96								43
14/03/2025	01			8,9	94								47
14/03/2025	02			8,4	96								36
14/03/2025	03			8,3	91								65
14/03/2025	04			8,4	92								34
14/03/2025	05			8,4	91								27
14/03/2025	06			8,5	89								34
14/03/2025	07			7,5	91								73
14/03/2025	08			7,3	93								42
14/03/2025	09			7,4	95								53
14/03/2025	10			7,5	91								82
14/03/2025	11			9,2	85								86
14/03/2025	12			10,3	78								80
14/03/2025	13			10,5	75								84
14/03/2025	14			9,9	77								83
14/03/2025	15			9,1	84								86
14/03/2025	16			8,4	84								84
14/03/2025	17			8,3	85								79
14/03/2025	18			8,4	88								67
14/03/2025	19			7,9	85								67
14/03/2025	20			8	86								36
14/03/2025	21			7,8	86								29
14/03/2025	22			7,6	86								37
14/03/2025	23			8,5	67								64
15/03/2025	00			8,6	55								80
15/03/2025	01			7,4	59								77
15/03/2025	02			6,9	57								90
15/03/2025	03			6,5	57								81
15/03/2025	04			5,8	58								78
15/03/2025	05			5,7	57								82
15/03/2025	06			5,5	58								76
15/03/2025	07			6	58								80
15/03/2025	08			8,2	49								93
15/03/2025	09			9,9	42								94
15/03/2025	10			11,2	40								93
15/03/2025	11			12,9	38								92
15/03/2025	12			13,8	37								95
15/03/2025	13			14,9	35								94
15/03/2025	14			15	34								95
15/03/2025	15			14,6	35								97
15/03/2025	16			14,2	35								96
15/03/2025	17			14,3	35								86
15/03/2025	18			12,7	46								63
15/03/2025	19			9,9	66								48
15/03/2025	20			9,4	64								47
15/03/2025	21			7,6	80								24
15/03/2025	22			7	80								24
15/03/2025	23			5,5	84								27
16/03/2025	00			5,2	84								24
16/03/2025	01			5	87								19
16/03/2025	02			3,6	91								15
16/03/2025	03			3,5	90								13
16/03/2025	04			3,3	91								8
16/03/2025	05			2,8	94								4
16/03/2025	06			3,5	94								3
16/03/2025	07			4,7	89								12
16/03/2025	08			6,4	86								15
16/03/2025	09			9,2	74								18
16/03/2025	10			12,1	65								39
16/03/2025	11			13,2	62								66
16/03/2025	12			11,7	73								72
16/03/2025	13			10,1	86								75
16/03/2025	14			12,3	77								76
16/03/2025	15			12,2	74								72
16/03/2025	16			11,1	83								76
16/03/2025	17			10,6	91								72
16/03/2025	18			8,7	91								57
16/03/2025	19			7,8	96								42
16/03/2025	20			6,8	85								67
16/03/2025	21			6,4	83								54
16/03/2025	22			5	92								38
16/03/2025	23			4,5	94								33
17/03/2025	00			3,7	96								16
17/03/2025	01			3	96								23
17/03/2025	02			3,5	92								26
17/03/2025	03			2,9	95								17
17/03/2025	04			3,5	93								17
17/03/2025	05			3,8	93								10
17/03/2025	06			4,1	91								13
17/03/2025	07			4,2	92								6
17/03/2025	08			6,7	82								20
17/03/2025	09			9,5	69								23
17/03/2025	10			11	56								39
17/03/2025	11			11,9	56								50
17/03/2025	12			12,1	57								55
17/03/2025	13			11,9	60								62
17/03/2025	14			12,4	59								65
17/03/2025	15			12,5	55								69
17/03/2025	16			12,3	60								61
17/03/2025	17			11,7	60								62
17/03/2025	18			10,9	65								45
17/03/2025	19			10	73								42
17/03/2025	20			9,7	80								20
17/03/2025	21			9,4	82								18
17/03/2025	22			9,5	80								48
17/03/2025	23			9,2	79								70
18/03/2025	00			8,5	85								70
18/03/2025	01			8,5	87								36
18/03/2025	02			8,6	86								29
18/03/2025	03			8,6	88								21
18/03/2025	04			8,6	88								23
18/03/2025	05			8,7	88								28
18/03/2025	06			8,7	89								30
18/03/2025	07			8,6	94								27
18/03/2025	08			9	96								29
18/03/2025	09			9,7	96								43
18/03/2025	10			10,2	98								50
18/03/2025	11			10,5	97								58
18/03/2025	12			10,8	98								
18/03/2025	13			10,6	97								87
18/03/2025	14			10,7	95								92
18/03/2025	15			10,5	95								86
18/03/2025	16			10,5	98								78
18/03/2025	17			10,6	99								77
18/03/2025	18			10,4	99								70
18/03/2025	19			10,5	99								57
18/03/2025	20			10,7	99								48
18/03/2025	21			10,9	99								50
18/03/2025	22			11,1	99								45
18/03/2025	23			11,3	99								55
19/03/2025	00			11,5	99								59
19/03/2025	01			11,3	99								24
19/03/2025	02			11,5	99								60
19/03/2025	03			11,6	99								85
19/03/2025	04			11,6	99								77
19/03/2025	05			11,6	99								82
19/03/2025	06			11,5	99								85
19/03/2025	07			11,5	99								80
19/03/2025	08			11,8	99								52
19/03/2025	09			12,3	99								65
19/03/2025	10			12,9	99								73
19/03/2025	11			12,7	99								83
19/03/2025	12			13,8	96								74
19/03/2025	13			14,7	89								80
19/03/2025	14			16,9	80								93
19/03/2025	15			17,4	75								95
19/03/2025	16			15,8	86								78
19/03/2025	17			15,6	86								89
19/03/2025	18			15	87								86
19/03/2025	19			14,5	89								62
19/03/2025	20			13,8	91								75
19/03/2025	21			13,6	92								70
19/03/2025	22			13,7	91								54
19/03/2025	23			13,5	93								37
20/03/2025	00			13,4	93								30
20/03/2025	01			13,1	95								20
20/03/2025	02			13,4	94								35
20/03/2025	03			13,3	94								34
20/03/2025	04			13,5	93								81
20/03/2025	05			13,3	94								89
20/03/2025	06			13,5	89								105
20/03/2025	07			13,6	89								102
20/03/2025	08			13,4	93								88
20/03/2025	09			14	95								56
20/03/2025	10			14	98								91
20/03/2025	11			14,1	98								94
20/03/2025	12			14,6	97								92
20/03/2025	13			14,8	96								90
20/03/2025	14			14,9	95								89
20/03/2025	15			15	94								91
20/03/2025	16			14,6	96								90
20/03/2025	17			14,2	98								92
20/03/2025	18			14	99								91
20/03/2025	19			13,9	99								91
20/03/2025	20			13,7	99								93
20/03/2025	21			13,7	99								93
20/03/2025	22			13,8	99								91
20/03/2025	23			13,7	99								95
21/03/2025	00			13,7	99								96
21/03/2025	01			13,6	99								98
21/03/2025	02			13,4	99								100
21/03/2025	03			13,2	99								101
21/03/2025	04			13,3	99								97
21/03/2025	05			13,4	99								92
21/03/2025	06			13,6	98								87
21/03/2025	07			13,9	96								85
21/03/2025	08			14,2	94								67
21/03/2025	09			14,1	97								35
21/03/2025	10			13,9	96								48
21/03/2025	11			14,1	89								62
21/03/2025	12			16,6	77								73
21/03/2025	13			19,6	61								79
21/03/2025	14			21,2	42								94
21/03/2025	15			21	37								103
21/03/2025	16			19,4	42								101
21/03/2025	17			18,3	45								99
21/03/2025	18			17,3	48								98
21/03/2025	19			16,2	55								75
21/03/2025	20			14,4	69								43
21/03/2025	21			11,6	82								35
21/03/2025	22			12,3	76								64
21/03/2025	23			11,8	77								50
22/03/2025	00			9	90								25
22/03/2025	01			8,4	92								22
22/03/2025	02			8,9	90								31
22/03/2025	03			7,8	93								19
22/03/2025	04			7,2	96								14
22/03/2025	05			7,2	97								9
22/03/2025	06			7,1	97								9
22/03/2025	07			9,4	90								31
22/03/2025	08			12,6	67								74
22/03/2025	09			14,1	51								97
22/03/2025	10			16,3	42								102
22/03/2025	11			16,7	40								105
22/03/2025	12			17,2	40								103
22/03/2025	13			19,2	37								99
22/03/2025	14			18,1	40								96
22/03/2025	15			19	40								96
22/03/2025	16			18,6	41								95
22/03/2025	17			18,9	40								94
22/03/2025	18			16,6	50								83
22/03/2025	19			14,5	58								76
22/03/2025	20			13,3	63								68
22/03/2025	21			12,1	71								50
22/03/2025	22			12,8	68								67
22/03/2025	23			12,4	69								59
23/03/2025	00			11,8	70								70
23/03/2025	01			12	68								74
23/03/2025	02			11,7	67								73
23/03/2025	03			10,8	70								68
23/03/2025	04			8,9	76								52
23/03/2025	05			8	80								45
23/03/2025	06			7,5	84								33
23/03/2025	07			6,8	86								30
23/03/2025	08			8,2	82								24
23/03/2025	09			12,9	60								42
23/03/2025	10			14,8	52								68
23/03/2025	11			14,8	51								68
23/03/2025	12			15,2	59								65
23/03/2025	13			15,4	55								68
23/03/2025	14			13,1	69								72
23/03/2025	15			13,2	73								67
23/03/2025	16			13,4	71								52
23/03/2025	17			12,2	79								58
23/03/2025	18			11,3	88								39
23/03/2025	19			10,6	92								16
23/03/2025	20			9,2	91								20
23/03/2025	21			10,4	74								60
23/03/2025	22			9,9	78								45
23/03/2025	23			9,8	78								46
24/03/2025	00			9,3	85								24
24/03/2025	01			9,5	83								18
24/03/2025	02			9,3	86								14
24/03/2025	03			8,7	88								16
24/03/2025	04			8,7	88								20
24/03/2025	05			8,1	87								24
24/03/2025	06			6,5	91								21
24/03/2025	07			7,1	90								14
24/03/2025	08			11,2	72								38
24/03/2025	09			14	60								60
24/03/2025	10			15,8	53								72
24/03/2025	11			17,9	58								62
24/03/2025	12			16,2	67								73
24/03/2025	13			15,3	71								77
24/03/2025	14			15,4	70								72
24/03/2025	15			15,2	70								77
24/03/2025	16			13,8	77								67
24/03/2025	17			12,6	89								59
24/03/2025	18			12,4	91								33
24/03/2025	19			11,7	94								31
24/03/2025	20			10,8	97								15
24/03/2025	21			10,4	99								7
24/03/2025	22			10,2	98								6
24/03/2025	23			10,1	98								9
25/03/2025	00			10,1	94								18
25/03/2025	01			9,9	88								37
25/03/2025	02			8,3	89								32
25/03/2025	03			8	86								41
25/03/2025	04			6,1	94								22
25/03/2025	05			5,2	97								13
25/03/2025	06			5,1	97								14
25/03/2025	07			6,6	94								13
25/03/2025	08			10,7	81								30
25/03/2025	09			14,7	61								64
25/03/2025	10			16,6	52								90
25/03/2025	11			18,3	49								89
25/03/2025	12			19,5	48								88
25/03/2025	13			20,2	52								75
25/03/2025	14			18	61								75
25/03/2025	15			17,8	61								68
25/03/2025	16			15,4	64								81
25/03/2025	17			14,3	73								74
25/03/2025	18			13,3	79								74
25/03/2025	19			12,8	82								54
25/03/2025	20			11,5	90								56
25/03/2025	21			10,7	90								73
25/03/2025	22			10,6	87								70
25/03/2025	23			8,8	93								37
26/03/2025	00			9,2	86								49
26/03/2025	01			11,3	70								68
26/03/2025	02			12	64								81
26/03/2025	03			12,5	60								88
26/03/2025	04			12,7	58								85
26/03/2025	05			12,7	57								87
26/03/2025	06			12,4	58								90
26/03/2025	07			13	57								87
26/03/2025	08			14	56								87
26/03/2025	09			15,2	53								90
26/03/2025	10			16,2	48								92
26/03/2025	11			17,8	44								94
26/03/2025	12			18,5	42								92
26/03/2025	13			19,2	39								96
26/03/2025	14			19,2	39								101
26/03/2025	15			19,8	38								104
26/03/2025	16			19,9	37								100
26/03/2025	17			19,2	39								95
26/03/2025	18			17	45								99
26/03/2025	19			14,8	52								92
26/03/2025	20			14	55								87
26/03/2025	21			12,8	59								80
26/03/2025	22			11,1	66								69
26/03/2025	23			8,4	77								54
27/03/2025	00			10,6	63								75
27/03/2025	01			8,8	73								58
27/03/2025	02			6,4	84								33
27/03/2025	03			4,9	90								21
27/03/2025	04			4,1	93								19
27/03/2025	05			4,1	93								24
27/03/2025	06			3,4	95								16
27/03/2025	07			5,1	92								12
27/03/2025	08			9,2	77								24
27/03/2025	09			13,5	58								55
27/03/2025	10			15,8	47								82
27/03/2025	11			17,7	46								89
27/03/2025	12			19	43								91
27/03/2025	13			20	44								
27/03/2025	14			20	44								90
27/03/2025	15			19,6	46								87
27/03/2025	16			19	49								90
27/03/2025	17			16,6	57								87
27/03/2025	18			15,1	63								67
27/03/2025	19			14	70								55
27/03/2025	20			12,9	80								40
27/03/2025	21			11,6	85								35
27/03/2025	22			11,2	86								31
27/03/2025	23			11,4	84								34
28/03/2025	00			11,8	78								41
28/03/2025	01			12,7	69								57
28/03/2025	02			12,4	60								70
28/03/2025	03			11,1	65								70
28/03/2025	04			11,6	58								81
28/03/2025	05			11,8	56								82
28/03/2025	06			10,7	61								77
28/03/2025	07			11,2	59								82
28/03/2025	08			13,6	53								89
28/03/2025	09			14,8	50								90
28/03/2025	10			16	46								92
28/03/2025	11			17,1	42								93
28/03/2025	12			18,3	39								93
28/03/2025	13			19,4	35								98
28/03/2025	14			19,5	36								99
28/03/2025	15			19,2	36								102
28/03/2025	16			19,4	36								101
28/03/2025	17			18,5	37								102
28/03/2025	18			17,8	39								99
28/03/2025	19			16,4	38								100
28/03/2025	20			15,3	43								90
28/03/2025	21			14,9	44								99
28/03/2025	22			14,2	47								102
28/03/2025	23			13,9	46								100
29/03/2025	00			14,8	41								97
29/03/2025	01			14,9	44								96
29/03/2025	02			14,3	46								100
29/03/2025	03			14,5	48								100
29/03/2025	04			14,5	49								102
29/03/2025	05			14,4	45								106
29/03/2025	06			14,2	45								
29/03/2025	09			14,9	39								104
29/03/2025	10			15,8	35								102
29/03/2025	11			16,7	33								103
29/03/2025	12			17,3	33								
29/03/2025	13			17,7	32								104
29/03/2025	14			17,9	30								105
29/03/2025	15			17,8	30								104
29/03/2025	16			17,5	30								103
29/03/2025	17			16,7	31								102
29/03/2025	18			15,3	35								100
29/03/2025	19			13,7	38								98
29/03/2025	20			12,9	38								97
29/03/2025	21			12,2	41								96
29/03/2025	22			11,7	41								93
29/03/2025	23			11,2	42								92
30/03/2025	00			11,1	42								94
30/03/2025	01			10,8	43								93
30/03/2025	02			10,7	43								93
30/03/2025	03			10,3	45								89
30/03/2025	04			10	46								92
30/03/2025	05			9,7	47								91
30/03/2025	06			9,8	46								89
30/03/2025	07			11,1	45								88
30/03/2025	08			13,5	39								85
30/03/2025	09			15,8	35								83
30/03/2025	10			18	30								90
30/03/2025	11			20,5	26								86
30/03/2025	12			21,7	26								90
30/03/2025	13			22,6	31								82
30/03/2025	14			22,8	31								83
30/03/2025	15			22,8	33								84
30/03/2025	16			22,7	33								75
30/03/2025	17			22,2	35								72
30/03/2025	18			19,5	41								56
30/03/2025	19			12,5	70								39
30/03/2025	20			9,5	81								25
30/03/2025	21			8,1	84								24
30/03/2025	22			7,2	86								21
30/03/2025	23			6,9	85								25
31/03/2025	00			6,8	82								21
31/03/2025	01			5,5	87								17
31/03/2025	02			4,9	88								17
31/03/2025	03			4,6	89								18
31/03/2025	04			6	80								16
31/03/2025	05			5,3	83								13
31/03/2025	06			5,1	83								20
31/03/2025	07			8,1	75								12
31/03/2025	08			13	56								27
31/03/2025	09			17,1	43								60
31/03/2025	10			21,4	32								71
31/03/2025	11			24,9	27								74
31/03/2025	12			26,9	31								63
31/03/2025	13			27,5	29								66
31/03/2025	14			28,2	28								74
31/03/2025	15			28,7	27								76
31/03/2025	16			27,5	29								77
31/03/2025	17			27,6	27								63
31/03/2025	18			23,7	39								72
31/03/2025	19			16,3	65								34
31/03/2025	20			12,7	77								27
31/03/2025	21			11,3	80								27
31/03/2025	22			9,8	86								22
31/03/2025	23			8,4	90								20
01/04/2025	00			7,6	92								15
01/04/2025	01			6,7	93								10
01/04/2025	02			5,8	93								15
01/04/2025	03			5,4	94								14
01/04/2025	04			5,8	94								15
01/04/2025	05			6,2	90								16
01/04/2025	06			4,7	93								11
01/04/2025	07			7,4	86								7
01/04/2025	08			11,4	73								17
01/04/2025	09			16,2	56								44
01/04/2025	10			20	34								102
01/04/2025	11			21,8	41								96
01/04/2025	12			22,2	46								98
01/04/2025	13			22,1	45								109
01/04/2025	14			21,4	46								114
01/04/2025	15			21	45								113
01/04/2025	16			20,1	48								109
01/04/2025	17			18,7	60								105
01/04/2025	18			16,5	69								99
01/04/2025	19			14	82								88
01/04/2025	20			13,4	88								76
01/04/2025	21			11,2	93								32
01/04/2025	22			9,9	95								11
01/04/2025	23			9,4	96								8
02/04/2025	00			10,8	94								8
02/04/2025	01			11,2	93								10
02/04/2025	02			11,3	92								11
02/04/2025	03			10,2	95								14
02/04/2025	04			9,4	96								7
02/04/2025	05			10,7	96								11
02/04/2025	06			11	98								20
02/04/2025	07			11,4	99								43
02/04/2025	08			11,6	99								54
02/04/2025	09			12	99								75
02/04/2025	10			12,4	99								58
02/04/2025	11			13,1	98								82
02/04/2025	12			13,6	96								81
02/04/2025	13			14,3	92								88
02/04/2025	14			14,6	89								93
02/04/2025	15			14,6	87								90
02/04/2025	16			14,4	88								88
02/04/2025	17			14,4	88								80
02/04/2025	18			14,4	88								79
02/04/2025	19			14,2	91								78
02/04/2025	20			14,1	92								85
02/04/2025	21			14	92								87
02/04/2025	22			13,8	91								92
02/04/2025	23			13,5	92								92
03/04/2025	00			13	94								58
03/04/2025	01			12,2	96								33
03/04/2025	02			11,5	98								17
03/04/2025	03			11,5	99								11
03/04/2025	04			11,6	99								8
03/04/2025	05			11,9	98								11
03/04/2025	06			12	97								27
03/04/2025	07			12,3	95								23
03/04/2025	08			13,8	89								54
03/04/2025	09			14,9	81								92
03/04/2025	10			15,4	78								103
03/04/2025	11			16,2	74								106
03/04/2025	12			16,4	73								105
03/04/2025	13			16,9	72								109
03/04/2025	14			16,7	73								108
03/04/2025	15			16,1	76								107
03/04/2025	16			15,1	81								107
03/04/2025	17			14,6	83								105
03/04/2025	18			14,2	87								101
03/04/2025	19			13,9	91								95
03/04/2025	20			13,7	93								93
03/04/2025	21			13,6	96								90
03/04/2025	22			13,5	96								88
03/04/2025	23			13,5	95								90
04/04/2025	00			13,4	95								94
04/04/2025	01			13,3	94								92
04/04/2025	02			13	93								93
04/04/2025	03			12,8	90								94
04/04/2025	04			12,9	86								95
04/04/2025	05			13	89								89
04/04/2025	06			12,8	90								93
04/04/2025	07			13	86								99
04/04/2025	08			13,4	82								100
04/04/2025	09			14,4	76								99
04/04/2025	10			14,9	75								101
04/04/2025	11			15	76								102
04/04/2025	12			15,2	78								101
04/04/2025	13			15,9	77								100
04/04/2025	14			16,7	76								101
04/04/2025	15			17	76								100
04/04/2025	16			16	80								98
04/04/2025	17			15,3	82								99
04/04/2025	18			14,7	85								97
04/04/2025	19			14,4	87								91
04/04/2025	20			14	90								75
04/04/2025	21			13,1	94								47
04/04/2025	22			13,2	95								37
04/04/2025	23			12,7	95								14
05/04/2025	00			11,4	98								14
05/04/2025	01			11,2	99								16
05/04/2025	02			12,5	98								21
05/04/2025	03			12,3	98								10
05/04/2025	04			12,3	98								11
05/04/2025	05			10,7	98								5
05/04/2025	06			9,1	99								6
05/04/2025	07			9,9	99								13
05/04/2025	08			11,7	99								22
05/04/2025	09			14,4	88								32
05/04/2025	10			19,1	59								43
05/04/2025	11			22	45								63
05/04/2025	12			21,4	56								72
05/04/2025	13			21,3	58								80
05/04/2025	14			19,7	57								84
05/04/2025	15			20,5	50								94
05/04/2025	16			20,1	51								93
05/04/2025	17			19,9	52								83
05/04/2025	18			19,7	56								69
05/04/2025	19			16,6	71								58
05/04/2025	20			14,5	83								24
05/04/2025	21			12,5	86								30
05/04/2025	22			10,6	91								18
05/04/2025	23			9,8	93								14
06/04/2025	00			10,6	88								31
06/04/2025	01			9,9	88								23
06/04/2025	02			8,8	92								18
06/04/2025	03			8,4	93								18
06/04/2025	04			8,6	93								23
06/04/2025	05			10,2	87								37
06/04/2025	06			10,4	86								41
06/04/2025	07			15,8	67								59
06/04/2025	08			18,6	60								63
06/04/2025	09			20,6	48								83
06/04/2025	10			22	45								93
06/04/2025	11			24,2	39								89
06/04/2025	12			25,3	39								81
06/04/2025	13			26	38								81
06/04/2025	14			25,7	38								90
06/04/2025	15			25,9	36								86
06/04/2025	16			25,7	36								83
06/04/2025	17			25,4	37								72
06/04/2025	18			21,3	50								55
06/04/2025	19			16,8	70								39
06/04/2025	20			15,1	74								45
06/04/2025	21			13,6	79								45
06/04/2025	22			12,4	83								37
06/04/2025	23			13,3	78								41
07/04/2025	00			12	84								27
07/04/2025	01			11,8	85								29
07/04/2025	02			11,7	84								25
07/04/2025	03			11,1	86								22
07/04/2025	04			9,6	91								20
07/04/2025	05			8,5	94								18
07/04/2025	06			8,4	94								14
07/04/2025	07			11,9	86								9
07/04/2025	08			16,4	67								47
07/04/2025	09			19,8	54								59
07/04/2025	10			23,1	47								63
07/04/2025	11			25,3	43								65
07/04/2025	12			25,9	38								78
07/04/2025	13			25,3	41								90
07/04/2025	14			25,3	42								85
07/04/2025	15			25,1	42								84
07/04/2025	16			25,3	42								82
07/04/2025	17			24,8	44								74
07/04/2025	18			22,5	53								63
07/04/2025	19			17,3	76								46
07/04/2025	20			14,4	86								26
07/04/2025	21			13	89								18
07/04/2025	22			11,8	92								12
07/04/2025	23			11	95								9
08/04/2025	00			10,5	95								6
08/04/2025	01			9,7	96								3
08/04/2025	02			9,1	97								3
08/04/2025	03			8,6	98								3
08/04/2025	04			8,1	98								2
08/04/2025	05			7,8	99								2
08/04/2025	06			7,6	99								2
08/04/2025	07			10,6	94								3
08/04/2025	08			13,7	87								20
08/04/2025	09			16,7	72								68
08/04/2025	10			19,3	62								80
08/04/2025	13			23,5	54								92
08/04/2025	14			23,4	54								91
08/04/2025	15			23,6	53								83
08/04/2025	16			23	56								82
08/04/2025	17			21,8	60								75
08/04/2025	18			18,8	72								78
08/04/2025	19			15,6	86								54
08/04/2025	20			13,9	92								36
08/04/2025	21			12,2	94								13
08/04/2025	22			11,5	96								7
08/04/2025	23			11,4	98								6
09/04/2025	00			11,5	99								12
09/04/2025	01			10,8	99								20
09/04/2025	02			10,3	99								4
09/04/2025	03			11,1	99								5
09/04/2025	04			11,2	99								17
09/04/2025	05			10,5	99								24
09/04/2025	06			10,3	99								22
09/04/2025	07			10,9	99								31
09/04/2025	08			11,9	99								46
09/04/2025	09			12,9	99								41
09/04/2025	10			15,6	92								40
09/04/2025	11			20,8	64								47
09/04/2025	12			23,2	59								72
09/04/2025	13			23,3	59								95
09/04/2025	14			23,5	57								97
09/04/2025	15			23,2	58								99
09/04/2025	16			22,6	60								92
09/04/2025	17			19,4	71								83
09/04/2025	18			17,3	80								69
09/04/2025	19			15,5	88								68
09/04/2025	20			13,8	92								25
09/04/2025	21			12,5	94								7
09/04/2025	22			12,2	95								16
09/04/2025	23			12,7	94								8
10/04/2025	00			13,1	94								8
10/04/2025	01			11,6	96								8
10/04/2025	02			9,9	97								8
10/04/2025	03			9,2	98								6
10/04/2025	04			8,9	98								7
10/04/2025	05			8,7	98								3
10/04/2025	06			10	98								2
10/04/2025	07			11,7	94								8
10/04/2025	08			14,6	86								28
10/04/2025	09			16,8	78								76
10/04/2025	10			18,5	69								70
10/04/2025	11			19,5	64								92
10/04/2025	12			20,4	60								90
10/04/2025	13			22,5	55								89
10/04/2025	14			22,2	57								93
10/04/2025	15			21,6	61								92
10/04/2025	16			19,6	67								93
10/04/2025	17			18,5	71								92
10/04/2025	18			16,7	78								79
10/04/2025	19			15,7	82								81
10/04/2025	20			15,1	85								65
10/04/2025	21			13,8	88								39
10/04/2025	22			11,4	94								20
10/04/2025	23			9,9	95								8
11/04/2025	00			9	97								7
11/04/2025	01			8,6	97								5
11/04/2025	02			8,5	97								2
11/04/2025	03			8,3	98								5
11/04/2025	04			9,2	99								2
11/04/2025	05			9,9	98								8
11/04/2025	06			10,6	97								9
11/04/2025	07			11,8	95								8
11/04/2025	08			14	86								24
11/04/2025	09			15,5	80								69
11/04/2025	10			16,3	77								96
11/04/2025	11			17,9	71								95
11/04/2025	12			19,9	61								99
11/04/2025	13			21,2	54								97
11/04/2025	14			21	55								103
11/04/2025	15			19,8	59								97
11/04/2025	16			19,5	58								82
11/04/2025	17			17,9	66								98
11/04/2025	18			17,1	73								75
11/04/2025	19			16,3	80								61
11/04/2025	20			14,9	88								77
11/04/2025	21			13,7	93								41
11/04/2025	22			12,2	96								20
11/04/2025	23			10,7	98								9
12/04/2025	00			10,2	97								11
12/04/2025	01			9,1	99								7
12/04/2025	02			9,7	99								14
12/04/2025	03			9,6	98								10
12/04/2025	04			9	98								8
12/04/2025	05			9,8	98								11
12/04/2025	06			9,8	96								5
12/04/2025	07			10,3	96								4
12/04/2025	08			13,4	86								22
12/04/2025	09			16	78								62
12/04/2025	10			16,8	73								68
12/04/2025	11			16,9	70								70
12/04/2025	12			18,7	63								51
12/04/2025	13			20,9	56								60
12/04/2025	14			22,6	57								75
12/04/2025	15			19,9	66								81
12/04/2025	16			18,3	71								85
12/04/2025	17			18,3	72								74
12/04/2025	18			17,1	78								67
12/04/2025	19			15,4	86								54
12/04/2025	20			14,6	89								32
12/04/2025	21			14,3	91								48
12/04/2025	22			13,5	94								29
12/04/2025	23			13	94								11
13/04/2025	00			13	95								15
13/04/2025	01			13	98								17
13/04/2025	02			12,8	99								20
13/04/2025	03			11,8	99								10
13/04/2025	04			11	99								5
13/04/2025	05			10	99								2
13/04/2025	06			9,5	99								2
13/04/2025	07			11,8	94								3
13/04/2025	08			14,8	84								12
13/04/2025	09			18,1	71								32
13/04/2025	10			20,6	65								60
13/04/2025	11			22,7	60								68
13/04/2025	12			22,4	59								72
13/04/2025	13			21,6	62								77
13/04/2025	14			21,1	63								75
13/04/2025	15			21	62								67
13/04/2025	16			19,5	66								67
13/04/2025	17			19,2	67								62
13/04/2025	18			18,2	71								56
13/04/2025	19			17,2	77								50
13/04/2025	20			16,3	81								56
13/04/2025	21			15,7	91								31
13/04/2025	22			14,7	97								23
13/04/2025	23			14,3	98								17
14/04/2025	00			14,3	99								12
14/04/2025	01			14,6	99								7
14/04/2025	02			14,6	99								8
14/04/2025	03			14,4	99								2
14/04/2025	04			14,5	99								7
14/04/2025	05			14,5	99								23
14/04/2025	06			14	99								48
14/04/2025	07			14,4	98								40
14/04/2025	08			15,2	95								40
14/04/2025	09			16,9	86								43
14/04/2025	10			18,7	74								63
14/04/2025	11			19,5	71								61
14/04/2025	12			19,5	74								77
14/04/2025	13			19	76								86
14/04/2025	14			17,1	84								85
14/04/2025	15			17,2	90								65
14/04/2025	16			17,5	87								70
14/04/2025	17			17,3	87								72
14/04/2025	18			16,4	88								81
14/04/2025	19			16,1	88								60
14/04/2025	20			14,3	92								36
14/04/2025	21			12,7	96								10
14/04/2025	22			11,7	98								6
14/04/2025	23			11,5	99								3
15/04/2025	00			11,7	99								11
15/04/2025	01			11,8	99								8
15/04/2025	02			11	98								9
15/04/2025	03			11	96								24
15/04/2025	04			11,7	90								29
15/04/2025	05			12	86								17
15/04/2025	06			11,1	89								11
15/04/2025	07			13,2	83								22
15/04/2025	08			15,3	67								43
15/04/2025	09			17,7	52								86
15/04/2025	10			18,6	48								88
15/04/2025	11			19,2	46								87
15/04/2025	12			19,9	43								91
15/04/2025	13			20,9	39								90
15/04/2025	14			21,9	35								88
15/04/2025	15			21,5	35								93
15/04/2025	16			18,3	52								93
15/04/2025	17			18,7	44								96
15/04/2025	18			15,7	57								96
15/04/2025	19			13,8	67								81
15/04/2025	20			12,5	73								53
15/04/2025	21			13,6	63								66
15/04/2025	22			12,6	69								51
15/04/2025	23			12,8	59								77
16/04/2025	00			11,3	65								68
16/04/2025	01			10,8	66								67
16/04/2025	02			11,1	60								84
16/04/2025	03			10,4	62								82
16/04/2025	04			10,8	58								89
16/04/2025	05			11	55								84
16/04/2025	06			11,1	54								89
16/04/2025	07			12	49								93
16/04/2025	08			13,1	46								95
16/04/2025	09			14,4	43								
16/04/2025	10			16	38								
16/04/2025	11			17,9	35								95
16/04/2025	12			18,8	32								97
16/04/2025	13			19,9	29								97
16/04/2025	14			20,6	27								97
16/04/2025	15			21,2	24								98
16/04/2025	16			21,3	24								94
16/04/2025	17			19,9	36								88
16/04/2025	18			19,6	27								90
16/04/2025	19			17,2	33								90
16/04/2025	20			15,7	37								93
16/04/2025	21			14,4	46								90
16/04/2025	22			13,4	50								84
16/04/2025	23			14,4	44								94
17/04/2025	00			13,1	51								84
17/04/2025	01			10,4	63								66
17/04/2025	02			12,1	57								77
17/04/2025	03			12,1	58								86
17/04/2025	04			8,6	74								57
17/04/2025	05			6,6	81								36
17/04/2025	06			6,5	81								34
17/04/2025	07			11	66								45
17/04/2025	08			14,6	49								79
17/04/2025	09			16,3	40								96
17/04/2025	10			17,7	36								98
17/04/2025	11			19,8	31								101
17/04/2025	12			21,6	29								96
17/04/2025	13			20,8	37								102
17/04/2025	14			21,6	37								106
17/04/2025	15			21,6	36								103
17/04/2025	16			21,9	38								101
17/04/2025	17			22	41								93
17/04/2025	18			19,4	53								90
17/04/2025	19			15,7	69								70
17/04/2025	20			12,7	80								50
17/04/2025	21			10,3	87								25
17/04/2025	22			9	91								18
17/04/2025	23			8,7	91								16
18/04/2025	00			8	92								14
18/04/2025	01			7,7	92								14
18/04/2025	02			7,3	93								9
18/04/2025	03			7,2	93								11
18/04/2025	04			8,4	89								21
18/04/2025	05			7,3	89								8
18/04/2025	06			7,9	89								12
18/04/2025	07			12,9	71								5
18/04/2025	08			15,6	64								15
18/04/2025	09			19,1	53								45
18/04/2025	10			21,4	48								69
18/04/2025	11			23	43								77
18/04/2025	12			24	40								88
18/04/2025	13			23,1	44								98
18/04/2025	14			21,9	53								100
18/04/2025	15			20,4	63								97
18/04/2025	16			19,8	68								88
18/04/2025	17			19	67								85
18/04/2025	18			18,6	71								84
18/04/2025	19			16,8	79								55
18/04/2025	20			13,7	88								26
18/04/2025	21			11,6	90								17
18/04/2025	22			10,5	93								9
18/04/2025	23			9,8	94								5
19/04/2025	00			9,3	94								4
19/04/2025	01			8,3	95								2
19/04/2025	02			7,8	96								3
19/04/2025	03			7,5	96								2
19/04/2025	04			7,2	97								3
19/04/2025	05			7,1	98								3
19/04/2025	06			7,2	97								3
19/04/2025	07			9,3	95								5
19/04/2025	08			13,3	86								26
19/04/2025	09			17,3	68								45
19/04/2025	10			20,7	44								83
19/04/2025	11			21,6	38								85
19/04/2025	12			21,7	34								94
19/04/2025	13			21,8	29								105
19/04/2025	14			21,7	27								109
19/04/2025	15			21,9	26								109
19/04/2025	16			21,8	25								106
19/04/2025	17			21,7	25								99
19/04/2025	18			20,7	26								99
19/04/2025	19			16,8	36								93
19/04/2025	20			12,3	56								55
19/04/2025	21			11,1	59								52
19/04/2025	22			10,4	61								52
19/04/2025	23			8,8	68								45
20/04/2025	00			7,6	73								44
20/04/2025	01			6,8	76								33
20/04/2025	02			5,4	83								24
20/04/2025	03			6	79								39
20/04/2025	04			5,5	81								33
20/04/2025	05			4,3	87								26
20/04/2025	06			4,9	86								19
20/04/2025	07			9,5	72								20
20/04/2025	08			12,6	58								42
20/04/2025	09			15,7	49								79
20/04/2025	10			18,1	47								85
20/04/2025	11			18,2	51								83
20/04/2025	12			16,8	56								94
20/04/2025	13			17,6	53								98
20/04/2025	14			18,2	47								89
20/04/2025	15			19,3	44								98
20/04/2025	16			20,1	39								88
20/04/2025	17			19,8	42								79
20/04/2025	18			16,5	51								76
20/04/2025	19			14,4	65								46
20/04/2025	20			10,8	78								30
20/04/2025	21			9,9	81								27
20/04/2025	22			8,7	85								28
20/04/2025	23			7,9	87								25
21/04/2025	00			7,3	89								21
21/04/2025	01			7,9	87								22
21/04/2025	02			8,5	86								18
21/04/2025	03			7,1	89								12
21/04/2025	04			6,1	91								10
21/04/2025	05			5,6	92								5
21/04/2025	06			6,6	90								8
21/04/2025	07			11,3	75								6
21/04/2025	08			14,9	65								28
21/04/2025	09			17,7	53								54
21/04/2025	10			20,3	48								66
21/04/2025	11			22	47								70
21/04/2025	12			22,3	51								75
21/04/2025	13			21,4	56								78
21/04/2025	14			19,7	60								81
21/04/2025	15			19,7	60								74
21/04/2025	16			18,9	60								75
21/04/2025	17			18	64								77
21/04/2025	18			16,3	73								82
21/04/2025	19			15,7	74								83
21/04/2025	20			13	81								36
21/04/2025	21			12,6	83								27
21/04/2025	22			11,9	83								35
21/04/2025	23			11,1	82								32
22/04/2025	00			10	85								30
22/04/2025	01			9,8	86								19
22/04/2025	02			10,8	86								17
22/04/2025	03			11	88								12
22/04/2025	04			11	94								16
22/04/2025	05			10,3	96								5
22/04/2025	06			10,3	97								9
22/04/2025	07			12	93								18
22/04/2025	08			13,4	91								13
22/04/2025	09			15,5	84								36
22/04/2025	10			17,7	69								72
22/04/2025	11			19,9	61								62
22/04/2025	12			17,7	78								80
22/04/2025	13			15	90								52
22/04/2025	14			15,6	92								65
22/04/2025	15			15,5	92								34
22/04/2025	16			15,1	92								57
22/04/2025	17			16,3	87								61
22/04/2025	18			16,5	86								50
22/04/2025	19			15,5	91								20
22/04/2025	20			14,8	94								9
22/04/2025	21			14	93								14
22/04/2025	22			12	84								46
22/04/2025	23			10	89								32
23/04/2025	00			9,6	87								38
23/04/2025	01			9,3	84								46
23/04/2025	02			10	76								61
23/04/2025	03			11	65								74
23/04/2025	04			10,4	66								69
23/04/2025	05			9,2	68								60
23/04/2025	06			10,7	62								61
23/04/2025	07			15,2	47								74
23/04/2025	08			17,3	40								91
23/04/2025	09			18,8	38								97
23/04/2025	13							0					
23/04/2025	14	0,8	110	20,1	40	1000	832	0	3	2	6	10	99
23/04/2025	15	1,6	82	19,6	40	1000	707	0	3	2	6	10	96
23/04/2025	16	1,2	83	20	40	1000	540	0	3	2	6	9	102
23/04/2025	17	0,4	81	20,1	41	1000	341	0	3	2	5	9	103
23/04/2025	18	0,2	61	17,6	47	1000	133	0	3	2	6	9	100
23/04/2025	19	0,1	355	15,3	63	1000	4	0	3	2	9	13	69
23/04/2025	20	0,1	278	11,6	93	1000	0	0	3	2	5	9	43
23/04/2025	21	0,1	269	10,4	97	1000	0	0	3	2	5	9	43
23/04/2025	22	0,1	251	9,8	95	1000	0	0	3	3	5	8	43
23/04/2025	23	0,1	278	10,3	94	1000	0	0	3	3	6	10	50
24/04/2025	00	0,1	335	10	95	1000	0	0	3	2	6	10	44
24/04/2025	01	0,8	305	12,3	85	1000	0	0	3	3	5	9	54
24/04/2025	02	1,2	235	14,2	75	1000	0	0	3	3	6	10	67
24/04/2025	03	0,9	323	14,5	72	1000	0	0	3	3	5	9	71
24/04/2025	04	0,1	256	11,7	92	1000	0	0	3	3	4	8	55
24/04/2025	05	0,2	212	10,2	97	1000	0	0	3	3	4	8	43
24/04/2025	06	0,1	224	11,7	93	1000	25	0	3	3	4	8	53
24/04/2025	07	0,5	141	17	58	1001	140	0	3	3	3	7	73
24/04/2025	08	0,4	40	19,4	44	1000	445	0	3	3	4	7	73
24/04/2025	09	0,7	31	20,3	42	1000	645	0	3	2	3	7	74
24/04/2025	10	0,9	358	21,5	41	1000	800	0	3	3	3	7	72
24/04/2025	11	1,1	117	20,7	46	1000	895	0	3	2	3	7	79
24/04/2025	12	0,9	100	20,8	47	1000	929	0	3	3	4	7	85
24/04/2025	13	1	104	20,3	49	1000	912	0	3	3	3	7	86
24/04/2025	14	0,7	99	20,3	48	1000	841	0	3	2	3	7	87
24/04/2025	15	0,6	102	20,6	48	1000	713	0	3	2	4	7	92
24/04/2025	16	0,5	98	20,8	48	1000	544	0	3	2	3	7	95
24/04/2025	17	0,3	101	20,3	52	1000	343	0	3	2	3	7	104
24/04/2025	18	0,2	101	19,3	60	1000	133	0	3	2	3	7	108
24/04/2025	19	0,1	78	16,7	80	1000	5	0	3	3	4	7	96
24/04/2025	20	0,1	299	13,2	97	1000	0	0	3	2	3	7	48
24/04/2025	21	0,1	260	11,8	97	1000	0	0	3	2	3	7	25
24/04/2025	22	0,1	275	11	97	1000	0	0	3	3	3	7	24
24/04/2025	23	0,1	298	10,4	97	1000	0	0	3	3	3	7	16
25/04/2025	00	0,1	253	10	97	1000	0	0	3	3	3	7	11
25/04/2025	01	0,1	265	9,4	97	1000	0	0	3	3	3	7	6
25/04/2025	02	0,1	290	8,9	97	1000	0	0	3	3	4	8	5
25/04/2025	03	0,1	280	8,6	97	1000	0	0	3	3	3	7	4
25/04/2025	04	0,1	301	8,2	97	1000	0	0	3	3	3	7	2
25/04/2025	05	0,1	293	8	97	1000	0	0	3	3	3	7	4
25/04/2025	06	0,1	325	8,5	97	1001	11	0	3	3	3	7	3
25/04/2025	07	0,1	23	10,9	97	1001	38	0	3	3	4	8	3
25/04/2025	08	0,1	14	13,2	96	1000	197	0	4	3	3	7	14
25/04/2025	09	0,1	94	17,3	83	1000	574	0	4	3	4	8	53
25/04/2025	10	0,3	64	18,8	78	1000	677	0	4	3	4	7	63
25/04/2025	11	0,6	87	19,5	74	1000	814	0	4	3	4	8	82
25/04/2025	12	0,6	100	19,6	72	1000	894	0		3	3	7	95
25/04/2025	13	0,6	93	20,5	65	1000	849	0	3	3	3	7	96
25/04/2025	14	0,8	96	20,3	65	1000	805	0	3	3	3	7	97
25/04/2025	15	0,7	100	19,8	67	1000	677	0	3	3	4	8	98
25/04/2025	16	0,6	101	19,4	69	1000	485	0	3	3	4	8	99
25/04/2025	17	0,2	108	17,1	85	1000	71	0	3	3	4	8	96
25/04/2025	18	0,2	123	15,7	95	1000	41	0	3	3	3	7	96
25/04/2025	19	0,2	147	14,8	97	1000	0	0	3	3	3	7	86
25/04/2025	20	0,5	124	14,1	97	1000	0	0	3	2	3	7	71
25/04/2025	21	0,3	2	13,6	97	1000	0	3,2	3	3	3	7	63
25/04/2025	22	0,3	206	13,2	97	1000	0	0,9	3	2	3	7	56
25/04/2025	23	0,1	6	13	97	1000	0	0	3	2	3	7	44
26/04/2025	00	0,1	227	12,6	97	1000	0	0	3	2	3	7	42
26/04/2025	01	0,1	222	12,5	97	1000	0	0	3	2	3	7	56
26/04/2025	02	0,2	355	12,6	97	1000	0	0	3	2	3	7	76
26/04/2025	03	0,1	332	12,2	97	1000	0	0	3	2	3	7	54
26/04/2025	04	0,1	252	11,2	97	1000	0	0,2	3	3	3	7	26
26/04/2025	05	0,1	240	11,1	97	1000	0	0	3	2	3	7	33
26/04/2025	06	0,1	206	11,9	97	1000	17	0	3	3	3	7	35
26/04/2025	07	0,1	262	15,8	91	1000	138	0	3	3	3	7	42
26/04/2025	08	0,8	358	16,6	76	1000	236	0	3	3	3	7	69
26/04/2025	09	1,5	355	17,9	58	1000	671	0,2	3	2	3	7	76
26/04/2025	10	1,2	324	19,7	46	1000	791	0	3	2	3	7	83
26/04/2025	11	1,4	328	20,1	42	1000	770	0	3	3	3	7	81
26/04/2025	12	1,6	310	20,7	39	1000	763	0	3	3	3	7	80
26/04/2025	13	2,2	296	21	35	1000	934	0	3	3	3	7	82
26/04/2025	14	1,6	317	21,9	31	1000	816	0	3	3	3	7	91
26/04/2025	15	1,3	336	21,7	33	1000	595	0	3	2	3	7	96
26/04/2025	16	1,3	50	20,5	44	1000	613	0	3	2	3	7	88
26/04/2025	17	0,3	106	19,5	54	1000	342	0	3	3	3	7	89
26/04/2025	18	0,1	86	17,4	71	1000	66	0	3	2	3	7	91
26/04/2025	19	0,5	4	17,6	49	1000	13	0	3	2	3	7	87
26/04/2025	20	0,4	86	15,8	53	1000	0	0	3	2	3	7	80
26/04/2025	21	2,6	313	15,1	50	1000	0	0,5	3	2	3	7	79
26/04/2025	22	2,5	18	14,2	52	1000	0	1,2	3	2	3	7	82
26/04/2025	23	1,2	291	13,9	51	1000	0	0	3	3	3	7	85
27/04/2025	00	1,9	295	13,7	52	1000	0	0	3	2	3	7	88
27/04/2025	01	3,5	312	13,7	53	1000	0	0,2	3	2	3	7	87
27/04/2025	02	3,4	323	13,5	54	1000	0	0	3	2	3	7	88
27/04/2025	03	2,5	19	13	57	1000	0	2,2	3	2	3	7	86
27/04/2025	04	3,6	323	13,2	56	1000	0	0,8	3	2	3	7	90
27/04/2025	05	3,9	305	13,6	52	1000	0	0	3	3	3	7	93
27/04/2025	06	3,7	300	13,6	53	1000	33	0,1	3	3	3	7	92
27/04/2025	07	1,9	313	14,8	49	1000	168	0	3	2	3	7	95
27/04/2025	08	1,9	326	16	45	1000	426	0	3	2	3	7	96
27/04/2025	09	1,8	326	17	43	1000	662	0	3	3	3	7	96
27/04/2025	10	0,9	339	18,4	39	1000	780	0	3	2	3	7	94
27/04/2025	11	1,5	0	18,7	38	1000	915	0,5	3	2	3	7	95
27/04/2025	12	1,5	49	18,9	39	1000	957	0	3	2	3	7	95
27/04/2025	13	1,1	104	20	42	1000	983	0	3	2	3	7	93
27/04/2025	14	0,9	104	20,1	42	1000	830	0	3	2	3	7	93
27/04/2025	15	0,8	98	19,6	43	1000	710	0	3	2	3	7	94
27/04/2025	16	0,6	93	19,7	42	1000	542	0	3	2	3	7	95
27/04/2025	17	0,6	118	18,2	49	1000	276	0	3	2	3	7	97
27/04/2025	18	0,1	145	17,8	49	1000	133	0	3	2	3	7	97
27/04/2025	19	0,1	90	15,8	68	1000	7	0	3	2	3	7	91
27/04/2025	20	0,1	273	12,6	94	1000	0	0	3	2	3	7	59
27/04/2025	21	0,1	328	11,4	97	1000	0	0	3	3	3	7	42
27/04/2025	22	0,1	289	9,8	97	1000	0	0	3	2	3	7	23
27/04/2025	23	0,1	294	8,8	97	1001	0	0	3	3	3	7	19
28/04/2025	00	0,1	286	9,3	97	1002	0	0	3	2	3	7	26
28/04/2025	01	0,1	342	10	97	1002	0	0	3	3	4	8	21
28/04/2025	02	0,1	256	8,4	97	1003	0	0	3	3	3	7	15
28/04/2025	03	0,1	295	7,6	97	1003	0	0	3	3	3	7	14
28/04/2025	04	0,1	291	7,2	97	1004	0	0	3	3	3	7	13
28/04/2025	05	0,1	303	7	97	1005	0	0	3	2	3	7	11
28/04/2025	06	0,1	300	8,7	97	1005	28	0	3	2	3	7	8
28/04/2025	07	0,1	132	13,7	86	1005	159	0	3	3	3	7	16
28/04/2025	08	0,1	188	16,9	61	1002	410	0	3	3	4	8	42
28/04/2025	09	0,4	140	18,5	46	1000	648	0	3	3	3	7	76
28/04/2025	10	0,3	163	19,1	42	1001	660	0	3	3	4	8	100
28/04/2025	11							0					
28/04/2025	23							0					
29/04/2025	00	0,1	274	8,4	97	1006	0	0	3	2	3	7	20
29/04/2025	01	0,1	282	7,7	97	1005	0	0	3	2	3	7	15
29/04/2025	02	0,1	324	7,4	97	1005	0	0	3	2	3	7	12
29/04/2025	03	0,1	311	7,2	97	1005	0	0	3	3	3	7	8
29/04/2025	04	0,1	312	6,9	97	1005	0	0	3	2	3	7	6
29/04/2025	05	0,1	281	7,2	97	1005	0	0	3	3	3	7	4
29/04/2025	06	0,1	342	9,3	97	1005	1	0	3	3	3	7	10
29/04/2025	07	0,1	5	11,1	97	1004	43	0	3	3	3	7	25
29/04/2025	08	0,1	105	14	89	1002	267	0	3	2	3	7	36
29/04/2025	09	0,5	31	15,6	88	1000	495	0	3	2	3	7	92
29/04/2025	10	0,2	31	16,2	82	1000	277	0	3	2	3	7	100
29/04/2025	11	0,5	65	17,1	74	1000	309	0	3	2	3	7	104
29/04/2025	12	0,8	81	18,4	67	1000	744	0	3	2	3	7	110
29/04/2025	13	1,3	93	19,1	53	1000	958	0	3	2	3	7	105
29/04/2025	14	1,5	87	19,1	53	1000	932	0	3	2	3	7	106
29/04/2025	15	1,4	87	19,1	51	1000	743	0	3	2	3	7	106
29/04/2025	16	1	90	18,7	55	1000	516	0	3	2	3	7	109
29/04/2025	17	0,6	96	18,7	54	1000	393	0	3	2	3	7	109
29/04/2025	18	0,3	102	17,5	60	1000	119	0	3	2	3	7	107
29/04/2025	19	0,1	58	15,6	76	1000	9	0	3	2	3	6	102
29/04/2025	20	0,1	313	12,3	97	1000	0	0	3	2	3	7	65
29/04/2025	21	0,1	290	10,3	97	1000	0	0	3	2	3	6	36
29/04/2025	22	0,1	359	10,5	97	1000	0	0	3	2	3	7	38
29/04/2025	23	0,1	252	11	97	1000	0	0	3	2	3	7	34
30/04/2025	00	0,1	5	11,2	97	1000	0	0	3	2	3	7	35
30/04/2025	01	0,1	244	9,9	97	1000	0	0	3	2	3	7	21
30/04/2025	02	0,1	331	11,4	97	1000	0	0	3	2	3	7	32
30/04/2025	03	0,1	27	12	97	1000	0	0	3	2	3	6	47
30/04/2025	04	0,1	35	11,6	97	1000	0	0	3	2	3	7	45
30/04/2025	05	0,2	38	12	97	1000	0	0	3	2	3	7	62
30/04/2025	06	0,1	15	12,6	97	1000	0	0	3	2	3	7	74
30/04/2025	07	0,6	9	13,4	97	1000	48	0	3	2	3	7	87
30/04/2025	08	0,6	9	13,8	97	1000	50	0	3	2	3	7	91
30/04/2025	09	1,3	25	14,6	94	1000	234	0	3	2	3	6	92
30/04/2025	10	1,4	28	15,7	85	1000	393	0	3	2	3	7	99
30/04/2025	11	1,9	36	16,1	84	1000	533	0	3	2	3	7	102
30/04/2025	12	2,3	36	16,9	78	1000	587	0	3	2	3	7	109
30/04/2025	13	2,3	54	17,6	71	1000	757	0	3	2	3	7	110
30/04/2025	14	2	53	17,3	74	1000	457	0	3	2	3	7	108
30/04/2025	15	1,9	47	16,5	81	1000	225	0	3	2	3	6	105
30/04/2025	16	1,7	47	16,7	78	1000	354	0	3	2	3	7	105
30/04/2025	17	1,6	43	16,5	74	1000	250	0	3	2	3	6	102
30/04/2025	18	1,3	34	15,8	82	1000	116	0	3	2	3	7	102
30/04/2025	19	0,8	30	14,6	93	1000	3	0	3	2	3	6	99
30/04/2025	20	0,5	12	14,1	96	1000	0	0	3	2	3	7	94
30/04/2025	21	0,3	6	14,1	96	1000	0	0	3	2	3	6	95
30/04/2025	22	0,1	355	13,7	97	1000	0	0	3	2	3	7	98
30/04/2025	23	0,6	12	13,3	97	1000	0	0	3	2	3	6	94
