Red: Red de Vigilancia y Control de la Contaminación Atmosférica
Estación: 46256001-Vilamarxant
	
FECHA	HORA	Temp.	H.Rel.	CO	O3
		°C	% H.R.	mg/m³	µg/m³
01/01/2025	00	7,9	94		14
01/01/2025	01	8,6	97		12
01/01/2025	02	8,6	98		25
01/01/2025	03	8,7	97		23
01/01/2025	04	9,1	97		28
01/01/2025	05	9,2	95		31
01/01/2025	06	8,3	96		21
01/01/2025	07	7,3	97		18
01/01/2025	08	7,1	98		12
01/01/2025	09	8,2	97		18
01/01/2025	10	9,5	92		23
01/01/2025	11	11,8	80		31
01/01/2025	12	13	73		48
01/01/2025	13	14,5	67		50
01/01/2025	14	14,9	69		47
01/01/2025	15	14,8	69		50
01/01/2025	16	14,1	75		50
01/01/2025	17	13,2	80		37
01/01/2025	18	12,3	85		28
01/01/2025	19	11,7	89		26
01/01/2025	20	11,3	91		18
01/01/2025	21	10,8	93		13
01/01/2025	22	10,6	94		12
01/01/2025	23	9,3	96		8
02/01/2025	00	7,7	97		6
02/01/2025	01	6,8	98		8
02/01/2025	02	5,8	98		7
02/01/2025	03	5,9	98		13
02/01/2025	04	5,1	98		12
02/01/2025	05	5,7	97		20
02/01/2025	06	5,1	96		17
02/01/2025	07	4	97		8
02/01/2025	08	3,4	98		3
02/01/2025	09	5,1	97		4
02/01/2025	10	11,4	76		24
02/01/2025	11	14,3	61		46
02/01/2025	12	16,9	45		75
02/01/2025	13	18,2	43		54
02/01/2025	14	18,7	42		52
02/01/2025	15	19	39		71
02/01/2025	16	18,7	41		70
02/01/2025	17	16,4	52		59
02/01/2025	18	13,5	63		47
02/01/2025	19	10,2	78		23
02/01/2025	20	8,5	83		18
02/01/2025	21	6,9	87		16
02/01/2025	22	9,6	70		53
02/01/2025	23	12,4	52		74
03/01/2025	00	10,5	59		60
03/01/2025	01	9,5	62		52
03/01/2025	02	10,3	55		72
03/01/2025	03	10,8	51		78
03/01/2025	04	9,7	55		64
03/01/2025	05	9,4	57		61
03/01/2025	06	10	55		69
03/01/2025	07	10,3	55		71
03/01/2025	08	10,1	59		60
03/01/2025	09	12,7	50		76
03/01/2025	10	15,1	40		87
03/01/2025	11	16,7	34		92
03/01/2025	12	18,2	31		94
03/01/2025	13	20,3	29		92
03/01/2025	14	20,3	29		91
03/01/2025	15	19,9	28		92
03/01/2025	16	19,4	30		91
03/01/2025	17	18,4	33		75
03/01/2025	18	18	32		82
03/01/2025	19	17,4	33		85
03/01/2025	20	16,6	39		85
03/01/2025	21	15,3	48		66
03/01/2025	22	14,4	56		57
03/01/2025	23	14,6	51		57
04/01/2025	00	15,2	43		84
04/01/2025	01	15,2	41		83
04/01/2025	02	15,4	43		79
04/01/2025	03	14,6	47		59
04/01/2025	04	12,3	61		41
04/01/2025	05	11	66		39
04/01/2025	06	12,1	58		58
04/01/2025	07	11,7	56		56
04/01/2025	08	11,4	56		61
04/01/2025	09	12,3	54		63
04/01/2025	10	13,5	52		64
04/01/2025	11	15	46		80
04/01/2025	12	17,4	39		81
04/01/2025	13	19,3	33		86
04/01/2025	14	20,2	30		85
04/01/2025	15	20,3	29		92
04/01/2025	16	20,1	31		73
04/01/2025	17	17,9	35		62
04/01/2025	18	16,5	39		68
04/01/2025	19	15,7	41		63
04/01/2025	20	15,9	40		78
04/01/2025	21	14,8	45		80
04/01/2025	22	14,4	46		85
04/01/2025	23	13,8	50		76
05/01/2025	00	13,9	53		85
05/01/2025	01	13,8	55		90
05/01/2025	02	11,7	61		72
05/01/2025	03	12,4	53		78
05/01/2025	04	12,7	52		88
05/01/2025	05	12,4	56		78
05/01/2025	06	12,9	56		89
05/01/2025	07	12,7	58		90
05/01/2025	08	12,3	61		91
05/01/2025	09	12,7	63		56
05/01/2025	10	16,2	53		55
05/01/2025	11	17	54		64
05/01/2025	12	17,1	56		86
05/01/2025	13	18,7	50		81
05/01/2025	14	19,2	46		91
05/01/2025	15	19,1	46		89
05/01/2025	16	18,8	44		90
05/01/2025	17	18,1	47		71
05/01/2025	18	16,6	50		65
05/01/2025	19	14,1	60		44
05/01/2025	20	14,4	56		56
05/01/2025	21	13,4	59		45
05/01/2025	22	13	62		30
05/01/2025	23	13,4	54		51
06/01/2025	00	13,8	51		55
06/01/2025	01	13,1	54		49
06/01/2025	02	12,8	54		54
06/01/2025	03	12,5	57		52
06/01/2025	04	13,2	56		62
06/01/2025	05	13,4	58		64
06/01/2025	06	13,7	60		66
06/01/2025	07	13,5	63		67
06/01/2025	08	15,3	62		83
06/01/2025	09	15,3	61		78
06/01/2025	10	15,8	55		101
06/01/2025	11	16	54		102
06/01/2025	12	16,1	56		97
06/01/2025	13	16,4	55		94
06/01/2025	14	17,1	53		89
06/01/2025	15	16,8	54		87
06/01/2025	16	16,2	56		84
06/01/2025	17	15,8	58		77
06/01/2025	18	15,5	56		79
06/01/2025	19	15,1	50		89
06/01/2025	20	13,3	54		95
06/01/2025	21	13,2	53		90
06/01/2025	22	13,3	49		91
06/01/2025	23	13	47		92
07/01/2025	00	12,6	47		91
07/01/2025	01	12,2	47		91
07/01/2025	02	12,2	47		92
07/01/2025	03	11,7	49		89
07/01/2025	04	11,9	48		89
07/01/2025	05	11,6	49		87
07/01/2025	06	10,9	52		81
07/01/2025	07	10	55		75
07/01/2025	08	10,1	54		73
07/01/2025	09	11,3	49		68
07/01/2025	10	14,6	39		79
07/01/2025	11	14,5	39		89
07/01/2025	12	15,8	35		90
07/01/2025	13	17,7	33		87
07/01/2025	14	17,5	36		85
07/01/2025	15	17,2	35		90
07/01/2025	16	15,7	39		83
07/01/2025	17	14,8	40		81
07/01/2025	18	14	42		80
07/01/2025	19	13,5	47		73
07/01/2025	20	13,3	54		75
07/01/2025	21	13,4	55		69
07/01/2025	22	13,4	56		71
07/01/2025	23	13,4	58		75
08/01/2025	00	13,2	60		81
08/01/2025	01	13,7	58		84
08/01/2025	02	13,8	58		87
08/01/2025	03	13,5	60		85
08/01/2025	04	13,1	61		85
08/01/2025	05	13	62		81
08/01/2025	06	12,9	63		80
08/01/2025	07	13	63		75
08/01/2025	08	13,5	62		74
08/01/2025	09	14,3	59		77
08/01/2025	15	20,6	28		88
08/01/2025	16	19,6	26		85
08/01/2025	17	18,7	29		83
08/01/2025	18	17,9	31		79
08/01/2025	19	17,8	28		80
08/01/2025	20	16,7	30		74
08/01/2025	21	16,9	34		88
08/01/2025	22	16,6	42		91
08/01/2025	23	15,9	50		85
09/01/2025	00	15,2	58		82
09/01/2025	01	16,3	57		87
09/01/2025	02	16,8	57		87
09/01/2025	03	16,4	57		88
09/01/2025	04	16,1	57		85
09/01/2025	05	16,1	58		83
09/01/2025	06	15,7	58		83
09/01/2025	07	16,2	55		88
09/01/2025	08	16	56		83
09/01/2025	09	16,6	54		83
09/01/2025	10	18,6	47		86
09/01/2025	11	19,5	43		88
09/01/2025	12	20,7	41		87
09/01/2025	13	21,2	40		87
09/01/2025	14	21,3	40		86
09/01/2025	15	21,5	40		85
09/01/2025	16	21	42		83
09/01/2025	17	19,3	48		78
09/01/2025	18	17,5	54		68
09/01/2025	19	16,9	58		63
09/01/2025	20	17,2	57		71
09/01/2025	21	16,2	61		58
09/01/2025	22	14,9	66		52
09/01/2025	23	13,6	71		42
10/01/2025	00	12,8	76		47
10/01/2025	01	13,1	74		48
10/01/2025	02	12,2	77		41
10/01/2025	11	17,6	57		73
10/01/2025	12	19,5	48		76
10/01/2025	13	20,9	42		78
10/01/2025	14	21,3	41		82
10/01/2025	15	21,8	39		84
10/01/2025	16	21,2	40		83
10/01/2025	17	18,8	47		81
10/01/2025	18	17,4	50		76
10/01/2025	19	16,6	51		70
10/01/2025	20	16	54		73
10/01/2025	21	15,2	56		64
10/01/2025	22	14,5	58		53
10/01/2025	23	16,3	53		78
11/01/2025	00	16,7	53		85
11/01/2025	01	16,7	55		85
11/01/2025	02	17,1	54		85
11/01/2025	03	16,8	56		82
11/01/2025	04	17,1	58		80
11/01/2025	05	17,7	56		82
11/01/2025	06	17,6	58		80
11/01/2025	07	17,8	57		80
11/01/2025	08	18	57		78
11/01/2025	09	18,3	58		76
11/01/2025	10	18,9	58		73
11/01/2025	11	20,6	53		73
11/01/2025	12	22,5	45		79
11/01/2025	13	23,2	41		85
11/01/2025	14	24,2	35		90
11/01/2025	15	24,9	29		98
11/01/2025	16	24,4	30		97
11/01/2025	17	22,5	33		99
11/01/2025	18	20,2	41		93
11/01/2025	19	18,6	44		96
11/01/2025	20	18,1	45		97
11/01/2025	21	18	44		99
11/01/2025	22	17,8	41		100
11/01/2025	23	16,6	40		81
12/01/2025	00	15,2	41		76
12/01/2025	01	14,8	41		77
12/01/2025	02	14,6	41		84
12/01/2025	03	14,1	43		85
12/01/2025	04	14,4	42		95
12/01/2025	05	14,2	44		97
12/01/2025	06	14	45		97
12/01/2025	07	13,7	46		96
12/01/2025	08	13,9	45		94
12/01/2025	09	14,9	41		97
12/01/2025	10	16,7	34		96
12/01/2025	11	17,4	31		97
12/01/2025	12	17,9	31		97
12/01/2025	13	18,6	29		98
12/01/2025	14	19	27		96
12/01/2025	15	19,3	25		98
12/01/2025	16	19,5	27		89
12/01/2025	17	16,7	42		82
12/01/2025	18	14	53		70
12/01/2025	19	11,1	68		48
12/01/2025	20	10	73		38
12/01/2025	21	10,2	76		46
12/01/2025	22	7,8	86		30
12/01/2025	23	6,6	89		28
13/01/2025	00	6,5	84		36
13/01/2025	01	6	82		37
13/01/2025	12	14	31		77
13/01/2025	13	16	21		67
13/01/2025	14	16,1	20		73
13/01/2025	15	16,3	22		79
13/01/2025	16	15,7	24		87
13/01/2025	17	13,1	33		82
13/01/2025	18	10,4	49		69
13/01/2025	19	8,1	56		47
13/01/2025	20	5,3	70		41
13/01/2025	21	4,3	74		39
13/01/2025	22	3,7	75		34
13/01/2025	23	2,5	82		35
14/01/2025	00	2,4	82		47
14/01/2025	01	3	78		50
14/01/2025	02	2,8	78		49
14/01/2025	03	3,3	74		57
14/01/2025	04	2,4	80		48
14/01/2025	05	2,3	80		50
14/01/2025	06	2,3	77		46
14/01/2025	07	0,4	84		17
14/01/2025	08	1,6	74		33
14/01/2025	09	4,5	56		46
14/01/2025	10	8,9	35		60
14/01/2025	11	11,6	30		65
14/01/2025	12	13,3	29		62
14/01/2025	13	15,3	23		65
14/01/2025	14	16	24		71
14/01/2025	15	15,6	23		83
14/01/2025	16	15,4	25		81
14/01/2025	17	12,6	36		67
14/01/2025	20	4,2	72		22
14/01/2025	21	3,4	74		21
14/01/2025	22	2,5	78		26
14/01/2025	23	1,6	82		25
15/01/2025	00	1,7	79		35
15/01/2025	01	1,8	77		37
15/01/2025	02	1,3	79		33
15/01/2025	03	0,1	83		30
15/01/2025	04	-,9	87		23
15/01/2025	05	-,1	80		34
15/01/2025	06	0,3	75		34
15/01/2025	07	-1,7	86		9
15/01/2025	08	-2	88		8
15/01/2025	09	1,3	72		18
15/01/2025	10	8,6	41		34
15/01/2025	11	11,3	30		52
15/01/2025	12	13	28		56
15/01/2025	13	15,4	23		48
15/01/2025	14	16,1	19		
15/01/2025	15	16,7	20		64
15/01/2025	16	16,8	20		69
15/01/2025	17	13,8	29		50
15/01/2025	18	10,4	44		26
15/01/2025	19	7,1	60		12
15/01/2025	20	5,4	70		13
15/01/2025	21	4,7	70		21
15/01/2025	22	3,6	73		20
15/01/2025	23	2,9	74		24
16/01/2025	00	2,8	74		28
16/01/2025	01	2,6	73		32
16/01/2025	02	1,4	78		29
16/01/2025	03	1,8	73		34
16/01/2025	04	2,4	66		40
16/01/2025	05	2,2	66		35
16/01/2025	06	1,6	67		38
16/01/2025	07	1,9	64		27
16/01/2025	08	2,3	61		29
16/01/2025	09	4,8	52		33
16/01/2025	10	9,1	38		49
16/01/2025	11	13,7	37		55
16/01/2025	12	15,4	44		82
16/01/2025	13	15,9	41		88
16/01/2025	14	15,3	41		81
16/01/2025	15	15,6	39		87
16/01/2025	16	13,9	53		97
16/01/2025	17	11,1	74		91
16/01/2025	18	8,7	96		69
16/01/2025	19	7,9	94		72
16/01/2025	20	7	93		84
16/01/2025	21	6,6	95		82
16/01/2025	22	7	94		65
16/01/2025	23	6,8	95		53
17/01/2025	00	7,3	94		46
17/01/2025	01	7,7	93		42
17/01/2025	02	8,6	85		58
17/01/2025	03	8,6	82		63
17/01/2025	04	8	87		48
17/01/2025	05	8,8	81		59
17/01/2025	06	10	73		73
17/01/2025	07	9,8	75		64
17/01/2025	08	9,2	79		64
17/01/2025	09	9,7	79		74
17/01/2025	10	9,2	89		64
17/01/2025	11	10,1	82		63
17/01/2025	12	10,4	79		70
17/01/2025	13	10,8	81		68
17/01/2025	14	12,3	69		72
17/01/2025	15	12,6	65		73
17/01/2025	16	12,5	62		74
17/01/2025	17	12,6	61		65
17/01/2025	18	12,3	61		56
17/01/2025	19	10,9	69		46
17/01/2025	20	9,2	77		47
17/01/2025	21	7,9	84		36
17/01/2025	22	7,3	87		36
17/01/2025	23	6,6	88		37
18/01/2025	00	6	89		36
18/01/2025	01	5,6	88		37
18/01/2025	02	5,1	91		31
18/01/2025	03	4,4	91		31
18/01/2025	04	5,2	86		45
18/01/2025	05	5,3	82		47
18/01/2025	06	5	82		44
18/01/2025	07	4,9	81		44
18/01/2025	08	5,1	80		46
18/01/2025	09	7,4	70		57
18/01/2025	10	10,8	56		66
18/01/2025	11	13,2	48		69
18/01/2025	12	15,9	40		57
18/01/2025	13	17,8	32		52
18/01/2025	14	18,3	29		58
18/01/2025	15	17,8	31		79
18/01/2025	16	17,2	33		88
18/01/2025	17	14,8	44		76
18/01/2025	18	12,4	54		54
18/01/2025	19	9,2	71		32
18/01/2025	20	6,4	86		19
18/01/2025	21	6,3	86		28
18/01/2025	22	5,7	87		29
18/01/2025	23	5,1	89		28
19/01/2025	00	4,8	91		26
19/01/2025	01	4	92		27
19/01/2025	02	3,8	91		28
19/01/2025	03	4	88		34
19/01/2025	04	4,1	85		36
19/01/2025	05	4,2	80		42
19/01/2025	06	4,4	77		47
19/01/2025	07	3,9	80		41
19/01/2025	08	3,3	82		34
19/01/2025	09	5,2	73		42
19/01/2025	10	10,7	51		48
19/01/2025	11	13,1	42		50
19/01/2025	12	15,5	34		51
19/01/2025	13	17	31		59
19/01/2025	14	16,7	31		83
19/01/2025	15	17	29		84
19/01/2025	16	17	32		89
19/01/2025	17	14	46		82
19/01/2025	18	11,6	57		73
19/01/2025	19	9	72		38
19/01/2025	20	7	81		38
19/01/2025	21	5,7	87		32
19/01/2025	22	5,2	88		36
19/01/2025	23	4,9	86		36
20/01/2025	00	4,5	87		36
20/01/2025	01	5,2	84		42
20/01/2025	02	5,1	85		34
20/01/2025	03	4,7	87		30
20/01/2025	04	4	90		27
20/01/2025	05	4,3	88		29
20/01/2025	06	4,5	88		26
20/01/2025	07	5,6	85		20
20/01/2025	08	6,5	82		18
20/01/2025	09	9,1	75		25
20/01/2025	10	12,3	62		35
20/01/2025	11	13,5	55		54
20/01/2025	12	14,6	50		58
20/01/2025	13	15,6	48		67
20/01/2025	14	15,6	48		61
20/01/2025	15	15,6	51		71
20/01/2025	16	15,1	63		51
20/01/2025	17	13,2	73		39
20/01/2025	18	12,6	74		36
20/01/2025	19	12,1	79		12
20/01/2025	20	11,8	81		11
20/01/2025	21	11,7	82		13
20/01/2025	22	11,6	82		20
20/01/2025	23	12,1	78		28
21/01/2025	00	11,6	82		24
21/01/2025	01	11,1	86		22
21/01/2025	02	10,5	94		18
21/01/2025	03	10,4	96		19
21/01/2025	04	10,5	96		19
21/01/2025	05	10,4	97		13
21/01/2025	06	10,3	97		13
21/01/2025	07	10,5	97		13
21/01/2025	08	10,7	97		11
21/01/2025	09	12,1	95		11
21/01/2025	10	13,7	89		15
21/01/2025	11	14,2	86		24
21/01/2025	12	15,1	80		29
21/01/2025	13	15,9	79		
21/01/2025	14	16,7	77		32
21/01/2025	15	17,3	75		31
21/01/2025	16	17,9	74		32
21/01/2025	17	16,4	79		21
21/01/2025	18	14,5	87		10
21/01/2025	19	13,5	90		7
21/01/2025	20	12,2	94		7
21/01/2025	21	11,4	96		7
21/01/2025	22	11	97		7
21/01/2025	23	10,7	97		8
22/01/2025	00	10,8	97		8
22/01/2025	01	10,5	97		9
22/01/2025	02	10,4	97		11
22/01/2025	03	10,3	95		15
22/01/2025	04	9,5	95		13
22/01/2025	05	9,8	92		22
22/01/2025	06	9,5	91		21
22/01/2025	07	8,8	92		14
22/01/2025	08	8,9	91		17
22/01/2025	09	10,4	86		22
22/01/2025	10	14,6	71		20
22/01/2025	11	17,5	62		27
22/01/2025	12	21,8	42		50
22/01/2025	13	23,8	34		65
22/01/2025	14	23,8	31		81
22/01/2025	15	23,2	33		94
22/01/2025	16	22,4	35		92
22/01/2025	17	20,6	41		90
22/01/2025	18	18,4	49		86
22/01/2025	19	17,2	54		68
22/01/2025	20	16,3	58		63
22/01/2025	21	16	60		71
22/01/2025	22	14,7	66		56
22/01/2025	23	13,6	72		43
23/01/2025	00	12,6	77		40
23/01/2025	01	13,3	74		54
23/01/2025	02	11,6	83		33
23/01/2025	03	10,8	87		24
23/01/2025	04	11,2	85		31
23/01/2025	05	12,6	78		46
23/01/2025	06	12	82		39
23/01/2025	07	14,8	71		69
23/01/2025	08	14,7	72		51
23/01/2025	09	16,2	68		59
23/01/2025	10	18,9	58		86
23/01/2025	11	19,6	54		92
23/01/2025	12	20,7	50		96
23/01/2025	13	22,1	46		97
23/01/2025	14	22,3	42		102
23/01/2025	15	22,4	40		104
23/01/2025	16	22,8	39		104
23/01/2025	17	21,5	43		99
23/01/2025	18	19	53		71
23/01/2025	19	16,2	66		60
23/01/2025	20	14,9	71		55
23/01/2025	21	14,4	74		56
23/01/2025	22	14,2	75		55
23/01/2025	23	12,5	83		37
24/01/2025	00	11,1	89		31
24/01/2025	01	10,9	90		38
24/01/2025	02	12,2	87		46
24/01/2025	03	12,2	86		50
24/01/2025	04	11,4	88		46
24/01/2025	05	11,2	89		41
24/01/2025	06	10,5	92		38
24/01/2025	07	10,1	92		26
24/01/2025	08	10,3	91		17
24/01/2025	09	11,8	87		27
24/01/2025	10	18,2	65		49
24/01/2025	11	20,1	54		80
24/01/2025	12	20,8	50		97
24/01/2025	13	21,3	47		102
24/01/2025	14	21,3	46		103
24/01/2025	15	21,8	43		106
24/01/2025	16	22	40		104
24/01/2025	17	20,6	45		91
24/01/2025	18	17,7	55		73
24/01/2025	19	15,2	65		58
24/01/2025	20	14,8	66		55
24/01/2025	21	15,4	62		72
24/01/2025	22	15,2	63		78
24/01/2025	23	12,7	75		57
25/01/2025	00	11,5	82		59
25/01/2025	01	11,2	84		59
25/01/2025	02	12,1	81		66
25/01/2025	03	13,9	76		75
25/01/2025	04	11,7	83		49
25/01/2025	05	10,3	88		38
25/01/2025	06	9,4	92		31
25/01/2025	07	12,8	78		63
25/01/2025	08	14,9	71		73
25/01/2025	09	14,7	76		44
25/01/2025	10	16,8	66		56
25/01/2025	11	17,8	61		67
25/01/2025	12	18,5	54		92
25/01/2025	13	18,4	49		100
25/01/2025	14	18,5	49		101
25/01/2025	15	18	53		99
25/01/2025	16	17,5	58		94
25/01/2025	17	17,4	60		82
25/01/2025	18	17,1	59		78
25/01/2025	19	16,5	56		92
25/01/2025	20	15,6	59		84
25/01/2025	21	14,8	63		77
25/01/2025	22	14,6	64		83
25/01/2025	23	15,7	58		94
26/01/2025	00	15	60		91
26/01/2025	01	14,8	61		89
26/01/2025	02	13,3	66		71
26/01/2025	03	13,8	60		78
26/01/2025	04	12,1	67		65
26/01/2025	05	11,4	70		68
26/01/2025	06	12,7	64		84
26/01/2025	07	12,1	66		70
26/01/2025	08	12,6	63		78
26/01/2025	09	14,4	58		85
26/01/2025	10	15,6	56		67
26/01/2025	11	17,6	50		76
26/01/2025	12	18,1	47		98
26/01/2025	13	18,5	46		98
26/01/2025	14	19,4	44		84
26/01/2025	15	19,2	50		88
26/01/2025	16	19,4	51		68
26/01/2025	17	18,7	56		68
26/01/2025	18	16,7	67		46
26/01/2025	19	15,7	73		23
26/01/2025	20	19,3	57		79
26/01/2025	21	19,5	59		80
26/01/2025	22	18,8	62		75
26/01/2025	23	18,7	63		83
27/01/2025	00	18,7	63		81
27/01/2025	01	19,1	62		
27/01/2025	02	19,7	60		
27/01/2025	03	20,2	60		
27/01/2025	04	20,6	59		
27/01/2025	05	20,6	59		
27/01/2025	06	20,9	58		
27/01/2025	07	20,8	57		
27/01/2025	08	20,9	57		
27/01/2025	09	21,9	52		
27/01/2025	10	23,4	48		
27/01/2025	11	24,1	43		
27/01/2025	12	24,7	39		
27/01/2025	13	24,9	37		
27/01/2025	14	25,5	36		
27/01/2025	15	21,4	49		
27/01/2025	16	21	54		
27/01/2025	17	21,1	56		
27/01/2025	18	21,1	55		
27/01/2025	19	20,9	57		
27/01/2025	20	20,1	54		
27/01/2025	21	19,2	52		
27/01/2025	22	18,5	50		
27/01/2025	23	16,1	56		
28/01/2025	00	15,7	55		
28/01/2025	01	15,9	49		
28/01/2025	02	14,9	50		
28/01/2025	03	14,4	50		
28/01/2025	04	13,8	50		
28/01/2025	05	13,5	53		
28/01/2025	06	13,6	53		
28/01/2025	07	13,4	52		
28/01/2025	08	12,9	58		
28/01/2025	09	10,9	70		
28/01/2025	10	11,3	65		
28/01/2025	11	13,2	55		
28/01/2025	12	13,7	50		
28/01/2025	13	14,9	40		
28/01/2025	14	15,8	36		
28/01/2025	15	16,3	33		
28/01/2025	16	16,1	35		
28/01/2025	17	16,1	37		
28/01/2025	18	14,6	41		
28/01/2025	19	13,8	46		
28/01/2025	20	13,2	53		
28/01/2025	21	13,4	52		
28/01/2025	22	13,2	53		
28/01/2025	23	12,8	55		
29/01/2025	00	12,4	57		
29/01/2025	01	12	58		
29/01/2025	02	12,1	56		
29/01/2025	03	11,4	59		
29/01/2025	04	12	57		
29/01/2025	05	11,2	61		
29/01/2025	06	11,1	61		
29/01/2025	07	11,3	58		
29/01/2025	08	11,4	58		
29/01/2025	09	12	57		
29/01/2025	10	12,4	55		
29/01/2025	11	12,5	53		
29/01/2025	12	13,1	51		
29/01/2025	13	13,2	55		
29/01/2025	14	13,8	57		
29/01/2025	15	15,5	50		83
29/01/2025	16	16	47		81
29/01/2025	17	15,7	50		76
29/01/2025	18	15,3	52		81
29/01/2025	19	14,5	58		83
29/01/2025	20	13,8	61		72
29/01/2025	21	15,2	55		83
29/01/2025	22	14,3	59		77
29/01/2025	23	13,2	67		60
30/01/2025	00	12,8	68		61
30/01/2025	01	12,3	65		73
30/01/2025	02	11,8	59		87
30/01/2025	03	11,2	60		88
30/01/2025	04	10,6	62		79
30/01/2025	05	10,1	63		73
30/01/2025	06	10	62		74
30/01/2025	07	10,5	60		79
30/01/2025	08	10,8	58		77
30/01/2025	09	12,5	51		81
30/01/2025	10	14,3	44		82
30/01/2025	11	15,4	40		82
30/01/2025	12	15,8	40		80
30/01/2025	13	16,9	37		81
30/01/2025	14	16,6	36		80
30/01/2025	15	16,7	35		81
30/01/2025	16	17	34		82
30/01/2025	17	16,8	36		78
30/01/2025	18	16	38		80
30/01/2025	19	15,4	41		78
30/01/2025	20	15,1	42		78
30/01/2025	21	14,5	45		79
30/01/2025	22	13,7	48		74
30/01/2025	23	13,9	46		77
31/01/2025	00	12,8	50		74
31/01/2025	01	11,7	53		72
31/01/2025	02	11,9	53		73
31/01/2025	03	11,9	52		76
31/01/2025	04	12	50		76
31/01/2025	05	11,5	52		70
31/01/2025	06	11,4	52		69
31/01/2025	07	10,6	55		66
31/01/2025	08	10,5	56		51
31/01/2025	09	11,4	53		64
31/01/2025	10	13,6	44		75
31/01/2025	11	15,3	40		78
31/01/2025	12	16,6	40		79
31/01/2025	13	18,5	34		67
31/01/2025	14	19,3	32		61
31/01/2025	15	19,3	33		70
31/01/2025	16	19	36		74
31/01/2025	17	17,2	42		74
31/01/2025	18	14,2	59		68
31/01/2025	19	12,4	71		63
31/01/2025	20	11,2	78		47
31/01/2025	21	9,3	86		36
31/01/2025	22	7,9	90		27
31/01/2025	23	7,4	92		23
01/02/2025	00	7,4	90		23
01/02/2025	01	6,4	90		27
01/02/2025	02	5,9	87		32
01/02/2025	03	5,2	83		37
01/02/2025	04	4,5	82		37
01/02/2025	05	5	75		40
01/02/2025	06	3,6	81		33
01/02/2025	07	4,4	74		36
01/02/2025	08	5,1	71		35
01/02/2025	09	9	55		46
01/02/2025	10	13,7	41		60
01/02/2025	11	15,4	38		65
01/02/2025	12	16,2	36		62
01/02/2025	13	17,6	34		56
01/02/2025	14	17,3	35		62
01/02/2025	15	17,7	36		69
01/02/2025	16	14,8	43		75
01/02/2025	17	9,7	86		58
01/02/2025	18	9	90		45
01/02/2025	19	8,6	92		37
01/02/2025	20	8,8	95		23
01/02/2025	21	8,7	95		22
01/02/2025	22	8,1	96		18
01/02/2025	23	7,4	97		17
02/02/2025	00	6,4	97		16
02/02/2025	01	6,6	97		24
02/02/2025	02	7,2	95		27
02/02/2025	03	7,3	93		28
02/02/2025	04	6,7	91		30
02/02/2025	05	5,3	93		28
02/02/2025	06	4,7	93		28
02/02/2025	07	4,7	91		28
02/02/2025	08	3,6	94		13
02/02/2025	09	6,5	85		28
02/02/2025	10	10,7	65		48
02/02/2025	11	13,6	49		53
02/02/2025	12	14,7	43		53
02/02/2025	13	16,1	37		56
02/02/2025	14	16,9	37		61
02/02/2025	15	16,5	38		71
02/02/2025	16	16,1	40		77
02/02/2025	17	14,4	47		71
02/02/2025	18	11,8	60		57
02/02/2025	19	9,6	73		38
02/02/2025	20	7,8	82		27
02/02/2025	21	6,9	85		30
02/02/2025	22	5,6	90		20
02/02/2025	23	5,1	91		21
03/02/2025	00	3,4	94		15
03/02/2025	01	4,1	93		23
03/02/2025	02	3,9	93		25
03/02/2025	03	4,2	92		26
03/02/2025	04	4,6	89		31
03/02/2025	05	4,5	88		30
03/02/2025	06	4,2	87		27
03/02/2025	07	4	86		25
03/02/2025	08	4,5	82		27
03/02/2025	09	7,1	74		34
03/02/2025	10	11,9	56		34
03/02/2025	11	14,7	42		39
03/02/2025	12	15,9	35		60
03/02/2025	13	17,9	31		60
03/02/2025	14	17,7	32		66
03/02/2025	15	17,9	32		69
03/02/2025	16	17,3	33		75
03/02/2025	17	15,6	39		74
03/02/2025	18	13	49		45
03/02/2025	19	9,5	68		20
03/02/2025	20	7,1	81		11
03/02/2025	21	6,4	81		17
03/02/2025	22	5,9	83		17
03/02/2025	23	4,8	86		18
04/02/2025	00	4,1	90		17
04/02/2025	01	3,6	90		22
04/02/2025	02	4,4	87		33
04/02/2025	03	4,6	85		36
04/02/2025	04	3,9	88		29
04/02/2025	05	2,9	91		21
04/02/2025	06	2,3	92		15
04/02/2025	07	2,1	93		10
04/02/2025	08	3	90		14
04/02/2025	09	6,4	78		27
04/02/2025	10	12,3	55		48
04/02/2025	11	15,6	42		57
04/02/2025	12	17,8	34		57
04/02/2025	13	20,3	25		62
04/02/2025	14	20,5	24		77
04/02/2025	15	20,3	24		77
04/02/2025	16	20	24		91
04/02/2025	17	18,8	29		81
04/02/2025	18	16,2	37		55
04/02/2025	19	13,6	47		38
04/02/2025	20	9,3	67		22
04/02/2025	21	7,7	75		20
04/02/2025	22	6,6	79		19
04/02/2025	23	6,5	80		32
05/02/2025	00	6,3	79		34
05/02/2025	01	5,1	84		30
05/02/2025	02	5	82		33
05/02/2025	03	5	80		36
05/02/2025	04	4,6	81		33
05/02/2025	05	4,2	82		29
05/02/2025	06	3,5	84		24
05/02/2025	07	3,2	85		16
05/02/2025	08	3,3	86		9
05/02/2025	09	6,9	75		20
05/02/2025	10	13,6	49		43
05/02/2025	11	16,7	37		44
05/02/2025	12	18,1	33		52
05/02/2025	13	19,5	30		70
05/02/2025	14	19,5	30		79
05/02/2025	15	19	31		85
05/02/2025	16	18,4	32		77
05/02/2025	17	17	38		72
05/02/2025	18	14	55		48
05/02/2025	19	10,7	70		21
05/02/2025	20	7,7	81		12
05/02/2025	21	6,5	87		15
05/02/2025	22	6,3	87		19
05/02/2025	23	5,6	87		21
06/02/2025	00	4,8	88		21
06/02/2025	01	5,1	87		25
06/02/2025	02	5	86		29
06/02/2025	03	4,7	86		32
06/02/2025	04	4,6	85		32
06/02/2025	05	4,5	84		34
06/02/2025	06	4,6	83		32
06/02/2025	07	4	85		18
06/02/2025	08	3,9	85		14
06/02/2025	09	7,3	71		37
06/02/2025	10	12,1	53		43
06/02/2025	11	14,9	45		44
06/02/2025	12	16,2	42		58
06/02/2025	13	18,5	35		69
06/02/2025	14	18,9	33		81
06/02/2025	15	18,3	36		87
06/02/2025	16	17,6	41		89
06/02/2025	17	15,9	47		79
06/02/2025	18	13,1	62		58
06/02/2025	19	10,6	75		35
06/02/2025	20	8,3	85		25
06/02/2025	21	7,2	89		21
06/02/2025	22	6,5	91		25
06/02/2025	23	5,9	92		23
07/02/2025	00	5,3	92		25
07/02/2025	01	4,8	94		21
07/02/2025	02	4,1	94		21
07/02/2025	03	4,7	92		30
07/02/2025	04	4	93		27
07/02/2025	05	2,7	95		15
07/02/2025	06	2	96		12
07/02/2025	07	2,1	96		10
07/02/2025	08	2,4	95		9
07/02/2025	09	5,2	88		17
07/02/2025	10	10,3	66		24
07/02/2025	11	13,5	55		36
07/02/2025	12	16	49		47
07/02/2025	13	18,4	37		53
07/02/2025	14	19,9	29		72
07/02/2025	15	19,9	27		84
07/02/2025	16	19,7	27		81
07/02/2025	17	17,1	47		86
07/02/2025	18	15,2	53		71
07/02/2025	19	14,1	61		68
07/02/2025	20	13,1	64		66
07/02/2025	21	12,6	62		63
07/02/2025	22	12,1	65		58
07/02/2025	23	11,7	68		45
08/02/2025	00	11,5	73		37
08/02/2025	01	11,9	72		47
08/02/2025	02	11,4	76		48
08/02/2025	03	9,8	85		36
08/02/2025	04	9,2	87		31
08/02/2025	05	8,4	90		29
08/02/2025	06	7,4	91		25
08/02/2025	07	6,4	94		20
08/02/2025	08	6,4	93		18
08/02/2025	09	8,7	87		26
08/02/2025	10	14,5	61		43
08/02/2025	11	15,9	39		78
08/02/2025	12	17,1	33		84
08/02/2025	13	18,5	27		87
08/02/2025	14	19,5	25		86
08/02/2025	15	20,7	22		76
08/02/2025	16	20,2	22		71
08/02/2025	17	17,9	33		78
08/02/2025	18	14,9	55		65
08/02/2025	19	12,7	78		56
08/02/2025	20	11,4	83		40
08/02/2025	21	9,8	88		30
08/02/2025	22	9	90		25
08/02/2025	23	8,7	91		28
09/02/2025	00	8,4	91		20
09/02/2025	01	8	91		23
09/02/2025	02	7	91		20
09/02/2025	03	6,4	93		22
09/02/2025	04	6,3	92		26
09/02/2025	05	6,1	88		32
09/02/2025	06	6,3	81		35
09/02/2025	07	5,6	82		33
09/02/2025	08	5,2	85		23
09/02/2025	09	9,2	68		40
09/02/2025	10	14,1	51		46
09/02/2025	11	17,1	38		56
09/02/2025	12	18,1	35		57
09/02/2025	13	19,9	33		64
09/02/2025	14	20,5	31		73
09/02/2025	15	20,2	34		72
09/02/2025	16	17,9	42		72
09/02/2025	17	15,9	51		66
09/02/2025	18	13,9	64		51
09/02/2025	19	12,2	72		43
09/02/2025	20	10,1	81		28
09/02/2025	21	8,8	86		25
09/02/2025	22	8,3	87		28
09/02/2025	23	8	88		28
10/02/2025	00	7,6	87		29
10/02/2025	01	6,7	90		24
10/02/2025	02	7,2	88		26
10/02/2025	03	6,8	88		27
10/02/2025	04	5,9	91		20
10/02/2025	05	5	93		16
10/02/2025	06	5,4	92		16
10/02/2025	07	5,9	90		17
10/02/2025	08	6,7	86		20
10/02/2025	09	8,8	80		21
10/02/2025	10	12,5	68		34
10/02/2025	11	14,9	64		43
10/02/2025	12	16,5	62		71
10/02/2025	13	17,1	58		73
10/02/2025	14	16,9	60		73
10/02/2025	15	17,5	57		69
10/02/2025	16	15,9	66		78
10/02/2025	17	14,8	74		75
10/02/2025	18	14,2	78		59
10/02/2025	19	13,8	82		57
10/02/2025	20	13,8	83		51
10/02/2025	21	13,6	83		41
10/02/2025	22	13,5	82		46
10/02/2025	23	13	85		35
11/02/2025	00	12,7	87		28
11/02/2025	01	12,3	89		26
11/02/2025	02	12,1	89		23
11/02/2025	03	11,8	91		23
11/02/2025	04	11	93		19
11/02/2025	05	10	95		15
11/02/2025	06	8,5	96		12
11/02/2025	07	7,6	96		10
11/02/2025	08	7,9	96		
11/02/2025	09	10,7	93		
11/02/2025	10	14,8	76		
11/02/2025	11	16,3	65		
11/02/2025	12	16,7	62		
11/02/2025	13	19,2	53		73
11/02/2025	14	20,3	48		78
11/02/2025	15	19,8	49		83
11/02/2025	16	18,5	57		83
11/02/2025	17	16,8	65		78
11/02/2025	18	14,5	74		75
11/02/2025	19	12,6	82		59
11/02/2025	20	11	88		24
11/02/2025	21	9,5	91		18
11/02/2025	22	9,3	93		24
11/02/2025	23	9,7	92		20
12/02/2025	00	10,9	91		23
12/02/2025	01	11,7	90		31
12/02/2025	02	11,3	89		31
12/02/2025	03	10,7	92		22
12/02/2025	04	10,9	92		24
12/02/2025	05	10,5	95		21
12/02/2025	06	10,5	97		11
12/02/2025	07	10,6	97		9
12/02/2025	08	10,6	97		7
12/02/2025	09	11,5	95		11
12/02/2025	10	13,1	88		32
12/02/2025	11	14,3	82		46
12/02/2025	12	15,4	79		46
12/02/2025	13	19,8	60		59
12/02/2025	14	20,9	50		68
12/02/2025	15	15,1	77		69
12/02/2025	16	15	80		60
12/02/2025	17	15,1	85		48
12/02/2025	18	14,7	88		32
12/02/2025	19	14,3	85		20
12/02/2025	20	12,7	85		27
12/02/2025	21	11,5	84		31
12/02/2025	22	10,2	90		19
12/02/2025	23	9,8	88		24
13/02/2025	00	9,3	87		28
13/02/2025	01	8	91		18
13/02/2025	02	7,4	93		23
13/02/2025	03	7,6	91		24
13/02/2025	04	8,1	89		32
13/02/2025	05	8,1	88		32
13/02/2025	06	8,2	85		36
13/02/2025	07	7,3	88		19
13/02/2025	08	7,7	85		10
13/02/2025	09	10,4	76		32
13/02/2025	10	15,4	57		48
13/02/2025	11	17,8	45		60
13/02/2025	12	18,4	40		69
13/02/2025	13	20,1	33		75
13/02/2025	14	20,8	31		78
13/02/2025	15	20,8	32		78
13/02/2025	16	19,8	33		76
13/02/2025	17	18,2	46		69
13/02/2025	18	15,6	62		57
13/02/2025	19	14	69		52
13/02/2025	20	12,6	76		34
13/02/2025	21	10,5	87		17
13/02/2025	22	9,9	87		26
13/02/2025	23	9,1	90		18
14/02/2025	00	8,4	90		19
14/02/2025	01	7,9	91		19
14/02/2025	02	7,7	91		18
14/02/2025	03	7,2	92		13
14/02/2025	04	8,5	87		19
14/02/2025	05	10,2	80		33
14/02/2025	06	10,6	79		33
14/02/2025	07	8,7	86		12
14/02/2025	08	8,6	88		3
14/02/2025	09	12,7	76		20
14/02/2025	10	18,3	53		51
14/02/2025	11	20	46		58
14/02/2025	12	21,9	40		
14/02/2025	13	24,1	33		
14/02/2025	14	26,3	28		
14/02/2025	15	26,3	28		81
14/02/2025	16	25,9	30		82
14/02/2025	17	22,4	49		66
14/02/2025	18	18,7	59		60
14/02/2025	19	16	67		56
14/02/2025	20	13,7	78		32
14/02/2025	21	11,7	87		16
14/02/2025	22	11,1	87		24
14/02/2025	23	10	91		15
15/02/2025	00	9,7	91		17
15/02/2025	01	9	92		16
15/02/2025	02	8,4	93		16
15/02/2025	03	8,9	90		26
15/02/2025	04	7,2	93		13
15/02/2025	05	6,5	94		12
15/02/2025	06	6,5	92		22
15/02/2025	07	6,1	92		15
15/02/2025	08	7,4	95		15
15/02/2025	09	10,3	97		18
15/02/2025	10	12,9	92		26
15/02/2025	11	15,6	77		40
15/02/2025	12	17,4	61		66
15/02/2025	13	19,5	57		73
15/02/2025	14	19,5	58		84
15/02/2025	15	19	61		86
15/02/2025	16	17,4	68		88
15/02/2025	17	16,5	75		85
15/02/2025	18	15,7	81		81
15/02/2025	19	15,2	84		79
15/02/2025	20	14,8	85		77
15/02/2025	21	14	89		57
15/02/2025	22	13,5	91		27
15/02/2025	23	12,4	94		21
16/02/2025	00	10,8	95		9
16/02/2025	01	10,1	96		15
16/02/2025	02	9,1	96		9
16/02/2025	03	9,1	97		17
16/02/2025	04	8,2	96		8
16/02/2025	05	8,5	97		15
16/02/2025	06	7,7	97		11
16/02/2025	07	7,7	97		14
16/02/2025	08	7,7	97		8
16/02/2025	09	10,2	93		17
16/02/2025	10	15,1	74		31
16/02/2025	11	18,5	54		47
16/02/2025	12	20,3	45		55
16/02/2025	13	24	36		69
16/02/2025	14	25,4	31		86
16/02/2025	15	25,7	32		88
16/02/2025	16	22,7	51		84
16/02/2025	17	18,8	67		79
16/02/2025	18	15,9	83		76
16/02/2025	19	14,3	91		67
16/02/2025	20	13,1	94		50
16/02/2025	21	12,8	95		31
16/02/2025	22	13,4	93		26
16/02/2025	23	13,5	94		48
17/02/2025	00	13,1	97		60
17/02/2025	01	12,5	97		49
17/02/2025	02	12,2	95		40
17/02/2025	03	12,2	93		32
17/02/2025	04	11,9	91		25
17/02/2025	05	11,1	91		20
17/02/2025	06	11,1	88		14
17/02/2025	07	10,8	88		7
17/02/2025	08	11,4	84		7
17/02/2025	09	12,6	78		11
17/02/2025	10	16,4	67		18
17/02/2025	11	19,1	53		33
17/02/2025	12	20,4	49		47
17/02/2025	13	22,1	43		59
17/02/2025	14	22,3	43		74
17/02/2025	15	21,8	46		78
17/02/2025	16	19,4	59		83
17/02/2025	17	17,6	68		87
17/02/2025	18	15,8	77		79
17/02/2025	19	14,2	85		71
17/02/2025	20	12,3	90		40
17/02/2025	21	10,6	93		21
17/02/2025	22	10,2	93		26
17/02/2025	23	9,5	94		17
18/02/2025	00	9,1	94		18
18/02/2025	01	9,3	95		21
18/02/2025	02	10,3	94		20
18/02/2025	03	11	93		25
18/02/2025	04	11,4	93		26
18/02/2025	05	11,6	91		28
18/02/2025	06	11,6	88		32
18/02/2025	07	11,8	85		30
18/02/2025	08	12	83		26
18/02/2025	09	12,8	79		32
18/02/2025	10	14,8	71		47
18/02/2025	11	16,8	63		74
18/02/2025	12	17,5	60		95
18/02/2025	13	18,6	56		93
18/02/2025	14	19,3	54		92
18/02/2025	15	18,6	59		94
18/02/2025	16	17,3	67		94
18/02/2025	17	16,4	73		94
18/02/2025	18	15,5	81		88
18/02/2025	19	14,7	86		82
18/02/2025	20	14,1	90		70
18/02/2025	21	13,9	91		71
18/02/2025	22	13,6	92		54
18/02/2025	23	13,4	92		43
19/02/2025	00	13,4	92		40
19/02/2025	01	13,5	91		34
19/02/2025	02	13,1	91		38
19/02/2025	03	12,2	94		29
19/02/2025	04	11,3	95		25
19/02/2025	05	11,1	95		28
19/02/2025	06	10,5	96		19
19/02/2025	07	9,4	96		6
19/02/2025	08	9,3	96		7
19/02/2025	09	12,3	87		30
19/02/2025	10	15,7	74		53
19/02/2025	11	17,5	69		56
19/02/2025	12	18,7	62		69
19/02/2025	13	20,5	55		73
19/02/2025	14	20,9	53		78
19/02/2025	15	20,5	58		86
19/02/2025	16	19	65		88
19/02/2025	17	17,2	72		88
19/02/2025	18	15,5	80		88
19/02/2025	19	14,4	85		87
19/02/2025	20	13,3	90		71
19/02/2025	21	11,8	93		30
19/02/2025	22	11,9	93		25
19/02/2025	23	12,2	93		32
20/02/2025	00	11,2	95		24
20/02/2025	01	10,3	95		24
20/02/2025	02	9,7	96		21
20/02/2025	03	9,2	96		15
20/02/2025	04	9,5	97		21
20/02/2025	05	8,7	96		11
20/02/2025	06	8,7	97		15
20/02/2025	07	9	96		13
20/02/2025	08	9,8	93		17
20/02/2025	09	11,8	86		22
20/02/2025	10	15	74		31
20/02/2025	11	16,8	67		68
20/02/2025	12	18	63		78
20/02/2025	13	20,5	54		79
20/02/2025	14	20,8	54		84
20/02/2025	15	20,1	56		95
20/02/2025	16	18,7	63		95
20/02/2025	17	17	69		86
20/02/2025	18	16	73		79
20/02/2025	19	15,4	76		85
20/02/2025	20	15,2	79		81
20/02/2025	21	15,3	81		79
20/02/2025	22	15,1	80		75
20/02/2025	23	14,9	83		69
21/02/2025	00	14,6	85		72
21/02/2025	01	14,4	86		71
21/02/2025	02	14,3	87		66
21/02/2025	03	14,2	86		66
21/02/2025	04	14,1	87		53
21/02/2025	05	14,1	88		51
21/02/2025	06	14,1	87		54
21/02/2025	07	13,9	89		30
21/02/2025	08	14,3	87		39
21/02/2025	09	15	83		52
21/02/2025	10	15,6	80		65
21/02/2025	11	15,8	80		73
21/02/2025	12	17,3	72		75
21/02/2025	13	18,1	67		76
21/02/2025	14	18,1	65		79
21/02/2025	15	18,9	60		84
21/02/2025	16	17,7	67		83
21/02/2025	17	16,5	73		86
21/02/2025	18	15,8	78		78
21/02/2025	19	14,8	85		73
21/02/2025	20	14,5	87		69
21/02/2025	21	13,4	90		53
21/02/2025	22	12,5	93		38
21/02/2025	23	11,6	95		33
22/02/2025	00	10,5	96		30
22/02/2025	01	10	96		32
22/02/2025	02	9,1	97		19
22/02/2025	03	8,8	96		21
22/02/2025	04	9,1	96		23
22/02/2025	05	9,6	96		23
22/02/2025	06	10,2	96		24
22/02/2025	07	10,8	94		22
22/02/2025	08	11,3	92		25
22/02/2025	09	12,7	88		29
22/02/2025	10	15,4	79		33
22/02/2025	11	17	71		52
22/02/2025	12	18,2	67		55
22/02/2025	13	19,9	54		69
22/02/2025	14	20,6	47		78
22/02/2025	15	19,3	58		71
22/02/2025	16	17,2	72		59
22/02/2025	17	16,4	73		62
22/02/2025	18	16,1	73		65
22/02/2025	19	15,8	74		66
22/02/2025	20	14,4	79		70
22/02/2025	21	13,8	82		71
22/02/2025	22	13,2	86		53
22/02/2025	23	12,4	89		38
23/02/2025	00	12	91		34
23/02/2025	01	11,8	90		34
23/02/2025	02	11,6	90		31
23/02/2025	03	11,5	90		26
23/02/2025	04	11,4	90		27
23/02/2025	05	11,3	89		26
23/02/2025	06	11,1	88		27
23/02/2025	07	10	90		26
23/02/2025	08	10	88		21
23/02/2025	09	12,6	68		45
23/02/2025	10	15,9	55		59
23/02/2025	11	17,6	50		73
23/02/2025	12	18,6	46		77
23/02/2025	13	18,6	46		77
23/02/2025	14	19,1	49		77
23/02/2025	15	19,5	47		79
23/02/2025	16	18,6	48		87
23/02/2025	17	18,3	47		88
23/02/2025	18	16,4	53		85
23/02/2025	19	14,8	59		80
23/02/2025	20	11,9	75		44
23/02/2025	21	10,6	82		37
23/02/2025	22	10,2	84		40
23/02/2025	23	8,5	88		23
24/02/2025	00	7,7	90		25
24/02/2025	01	8,3	87		38
24/02/2025	02	7,1	90		30
24/02/2025	03	7,3	90		34
24/02/2025	04	7,5	88		39
24/02/2025	05	6,5	91		25
24/02/2025	06	5,7	92		13
24/02/2025	07	6	92		10
24/02/2025	08	8,6	87		24
24/02/2025	09	12,7	72		45
24/02/2025	10	15,7	58		54
24/02/2025	11	18,7	50		60
24/02/2025	12	20,9	41		66
24/02/2025	13	23,2	29		82
24/02/2025	14	23,3	27		81
24/02/2025	15	22,7	30		78
24/02/2025	16	22,5	29		81
24/02/2025	17	22,1	30		81
24/02/2025	18	20,8	32		78
24/02/2025	19	18,7	37		74
24/02/2025	20	16,3	46		64
24/02/2025	21	15,7	47		65
24/02/2025	22	15,9	45		66
24/02/2025	23	17,3	40		76
25/02/2025	00	16,2	45		74
25/02/2025	01	15,7	48		71
25/02/2025	02	15,4	50		70
25/02/2025	03	16,1	49		71
25/02/2025	04	16,2	51		70
25/02/2025	05	16,7	50		70
25/02/2025	06	16,6	50		69
25/02/2025	07	16,4	50		69
25/02/2025	08	16,9	44		76
25/02/2025	09	16,6	48		73
25/02/2025	10	16,7	50		71
25/02/2025	11	17	51		68
25/02/2025	12	17,6	50		67
25/02/2025	13	18,8	48		65
25/02/2025	14	20	43		74
25/02/2025	15	19,7	43		72
25/02/2025	16	19,9	41		72
25/02/2025	17	19,7	39		76
25/02/2025	18	17,7	51		67
25/02/2025	19	15,5	68		57
25/02/2025	20	14,7	70		56
25/02/2025	21	13,5	66		64
25/02/2025	22	11,6	70		57
25/02/2025	23	11,8	60		73
26/02/2025	00	10,5	65		69
26/02/2025	01	9,5	68		66
26/02/2025	02	8,4	72		55
26/02/2025	03	6,3	81		38
26/02/2025	04	7,2	71		53
26/02/2025	05	6,3	73		49
26/02/2025	06	4,9	79		37
26/02/2025	07	3,4	88		5
26/02/2025	08	4,7	84		10
26/02/2025	09	9,9	63		40
26/02/2025	10	15,5	38		78
26/02/2025	11	17,3	31		84
26/02/2025	12	17,9	28		86
26/02/2025	13	19,3	25		88
26/02/2025	14	20,8	27		82
26/02/2025	15	21,2	26		83
26/02/2025	16	21	24		83
26/02/2025	17	18	39		83
26/02/2025	18	15,2	51		80
26/02/2025	19	13	64		66
26/02/2025	20	10,4	74		41
26/02/2025	21	9,4	77		47
26/02/2025	22	8,7	78		48
26/02/2025	23	8,1	79		48
27/02/2025	00	7,7	79		43
27/02/2025	01	7,6	79		39
27/02/2025	02	7,7	75		42
27/02/2025	03	7	77		40
27/02/2025	04	7,1	73		40
27/02/2025	05	7,6	67		42
27/02/2025	06	7,4	68		32
27/02/2025	07	7,9	64		41
27/02/2025	08	9,2	58		37
27/02/2025	09	11,2	55		32
27/02/2025	10	13,4	48		44
27/02/2025	11	15,2	41		57
27/02/2025	19	13,5	57		63
27/02/2025	20	12,2	66		53
27/02/2025	21	9,6	74		43
27/02/2025	22	9,2	78		40
27/02/2025	23	8,8	80		40
28/02/2025	00	8,1	84		38
28/02/2025	01	7,1	88		30
28/02/2025	02	6,8	89		28
28/02/2025	03	7	84		33
28/02/2025	04	6,3	85		30
28/02/2025	05	6,4	86		29
28/02/2025	06	6,8	82		28
28/02/2025	07	6,2	86		13
28/02/2025	08	8,1	78		21
28/02/2025	09	11,2	68		35
28/02/2025	10	14,3	59		62
28/02/2025	11	16,5	58		86
28/02/2025	12	17,5	57		91
28/02/2025	13	17	59		96
28/02/2025	14	17,9	57		96
28/02/2025	15	16,6	62		97
28/02/2025	16	16,7	63		98
28/02/2025	17	15,5	68		96
28/02/2025	18	14,2	77		89
28/02/2025	19	13,3	83		79
28/02/2025	20	12,9	86		70
28/02/2025	21	11,6	89		63
28/02/2025	22	10,8	91		42
28/02/2025	23	10,7	91		40
01/03/2025	00	10,5	92		34
01/03/2025	01	11,3	88		51
01/03/2025	02	10,9	90		43
01/03/2025	03	10,5	90		35
01/03/2025	04	10,3	91		37
01/03/2025	05	10,3	90		32
01/03/2025	06	10,4	90		34
01/03/2025	07	10,8	89		39
01/03/2025	08	12,5	82		69
01/03/2025	09	13,5	77		77
01/03/2025	10	13,8	73		80
01/03/2025	11	14	69		80
01/03/2025	12	14,1	66		82
01/03/2025	13	14,3	64		84
01/03/2025	14	14,4	61		85
01/03/2025	15	14,7	59		87
01/03/2025	16	14,1	62		87
01/03/2025	17	13,5	64		86
01/03/2025	18	13,1	66		84
01/03/2025	19	12,8	68		78
01/03/2025	20	12,7	70		69
01/03/2025	21	12,5	74		65
01/03/2025	22	11,2	85		51
01/03/2025	23	10,6	92		56
02/03/2025	00	10,3	94		56
02/03/2025	01	10,2	96		49
02/03/2025	02	10	96		53
02/03/2025	03	10	94		60
02/03/2025	04	9,6	94		58
02/03/2025	05	9,6	91		59
02/03/2025	06	9,7	87		59
02/03/2025	07	9,7	86		55
02/03/2025	08	10,4	86		44
02/03/2025	09	11,4	76		55
02/03/2025	10	11,8	71		68
02/03/2025	11	12,3	69		69
02/03/2025	12	13,2	65		74
02/03/2025	13	13,9	64		78
02/03/2025	14	13,8	67		82
02/03/2025	15	13,7	68		78
02/03/2025	16	13,5	70		76
02/03/2025	17	13,2	73		75
02/03/2025	18	12,8	78		74
02/03/2025	19	12,4	83		71
02/03/2025	20	12	88		71
02/03/2025	21	12,1	89		69
02/03/2025	22	12	94		71
02/03/2025	23	12,4	93		73
03/03/2025	00	12,6	94		78
03/03/2025	01	12,7	92		82
03/03/2025	02	12,7	91		82
03/03/2025	03	12,6	91		82
03/03/2025	04	12,7	91		82
03/03/2025	05	12,3	94		77
03/03/2025	06	11,9	98		64
03/03/2025	07	12,6	98		72
03/03/2025	08	13,1	99		73
03/03/2025	09	13,5	100		70
03/03/2025	10	13,9	98		73
03/03/2025	11	14,2	97		73
03/03/2025	12	14,6	97		72
03/03/2025	13	15,1	95		72
03/03/2025	14	13,5	95		71
03/03/2025	15	12	95		72
03/03/2025	16	11,7	97		69
03/03/2025	17	11,7	97		71
03/03/2025	18	11,9	98		67
03/03/2025	19	12,1	97		60
03/03/2025	20	12,5	97		48
03/03/2025	21	13,1	97		41
03/03/2025	22	13,8	97		66
03/03/2025	23	14	95		71
04/03/2025	00	14	96		69
04/03/2025	01	14	95		71
04/03/2025	02	14,1	95		71
04/03/2025	03	14	95		61
04/03/2025	04	13,7	95		49
04/03/2025	05	13,6	95		56
04/03/2025	06	13,8	90		72
04/03/2025	07	13,7	90		69
04/03/2025	08	14	87		69
04/03/2025	09	14,2	89		72
04/03/2025	10	15,3	81		77
04/03/2025	11	15,4	79		76
04/03/2025	12	15,2	81		75
04/03/2025	13	15,2	82		76
04/03/2025	14	15	84		78
04/03/2025	15	14,8	86		77
04/03/2025	16	15	83		82
04/03/2025	17	14,6	85		84
04/03/2025	18	14,2	85		81
04/03/2025	19	14,2	85		79
04/03/2025	20	13,9	87		76
04/03/2025	21	13,9	87		75
04/03/2025	22	13,6	90		75
04/03/2025	23	13,6	91		74
05/03/2025	00	13,8	93		75
05/03/2025	01	14	94		79
05/03/2025	02	14	95		79
05/03/2025	03	14,1	94		80
05/03/2025	04	14	93		79
05/03/2025	05	13,8	93		79
05/03/2025	06	13,6	94		77
05/03/2025	07	13,5	93		77
05/03/2025	08	13,7	95		76
05/03/2025	09	13,4	95		83
05/03/2025	10	13,2	93		81
05/03/2025	11	13,4	91		82
05/03/2025	12	13,2	93		81
05/03/2025	13	13,4	90		84
05/03/2025	14	13,4	90		84
05/03/2025	15	13,2	93		86
05/03/2025	16	13,5	92		87
05/03/2025	17	13,7	89		86
05/03/2025	18	13,8	89		86
05/03/2025	19	13,7	91		85
05/03/2025	20	13,6	94		85
05/03/2025	21	13,8	95		86
05/03/2025	22	14	94		87
05/03/2025	23	13,9	96		87
06/03/2025	00	14,1	94		86
06/03/2025	01	14	93		85
06/03/2025	02	14	93		85
06/03/2025	03	14,2	91		85
06/03/2025	04	14,3	90		85
06/03/2025	05	14,3	90		84
06/03/2025	06	14,4	90		83
06/03/2025	07	14,3	90		82
06/03/2025	08	14,6	89		84
06/03/2025	09	14,8	88		86
06/03/2025	10	15,3	85		85
06/03/2025	11	16,1	81		85
06/03/2025	12	16,5	80		83
06/03/2025	13	16,7	78		83
06/03/2025	14	17,1	76		83
06/03/2025	15	17,1	74		84
06/03/2025	16	16,6	77		85
06/03/2025	17	15,9	81		83
06/03/2025	18	15,3	84		83
06/03/2025	19	14,9	87		83
06/03/2025	20	14,7	86		79
06/03/2025	21	14,4	87		72
06/03/2025	22	13,3	90		54
06/03/2025	23	12,2	94		31
07/03/2025	00	11,9	96		25
07/03/2025	01	11,9	96		25
07/03/2025	02	11,8	96		22
07/03/2025	03	12,3	96		25
07/03/2025	04	11,8	96		25
07/03/2025	05	11	97		26
07/03/2025	06	11	98		18
07/03/2025	07	11,6	97		22
07/03/2025	08	12	97		18
07/03/2025	09	12,9	97		19
07/03/2025	10	16	80		48
07/03/2025	11	16,5	72		71
07/03/2025	12	16,7	78		68
07/03/2025	13	17,4	73		74
07/03/2025	14	17,1	73		85
07/03/2025	15	16,2	80		79
07/03/2025	16	15,9	83		73
07/03/2025	17	15,7	83		70
07/03/2025	18	15,1	86		63
07/03/2025	19	14,5	89		67
07/03/2025	20	14,4	90		65
07/03/2025	21	14,4	90		63
07/03/2025	22	14,3	92		56
07/03/2025	23	14,2	93		50
08/03/2025	00	14	94		45
08/03/2025	01	14	94		41
08/03/2025	02	13,8	95		32
08/03/2025	03	13,7	96		29
08/03/2025	04	13,7	96		32
08/03/2025	05	13,7	96		33
08/03/2025	06	13,7	96		32
08/03/2025	07	13,7	96		50
08/03/2025	08	14	95		52
08/03/2025	09	15	92		54
08/03/2025	10	16,2	84		74
08/03/2025	11	16,7	81		79
08/03/2025	12	16,9	82		81
08/03/2025	13	16,9	81		84
08/03/2025	14	16,6	84		81
08/03/2025	15	16,5	84		80
08/03/2025	16	16	87		85
08/03/2025	17	15,8	90		87
08/03/2025	18	15,7	91		83
08/03/2025	19	15,3	94		77
08/03/2025	20	15,1	97		75
08/03/2025	21	13,9	96		76
08/03/2025	22	11,4	93		80
08/03/2025	23	11,9	88		78
09/03/2025	00	11,8	89		73
09/03/2025	01	12,2	80		76
09/03/2025	02	12,7	67		91
09/03/2025	03	12,3	68		88
09/03/2025	04	12,1	67		90
09/03/2025	05	11,3	70		89
09/03/2025	06	10,2	74		81
09/03/2025	07	10,3	72		81
09/03/2025	08	11,6	69		79
09/03/2025	09	13,4	60		82
09/03/2025	10	14,6	53		88
09/03/2025	11	15,4	49		90
09/03/2025	12	16,7	45		91
09/03/2025	13	18	42		92
09/03/2025	14	18,2	42		90
09/03/2025	15	18,7	41		90
09/03/2025	16	18,9	37		92
09/03/2025	17	18,1	38		91
09/03/2025	18	15,9	51		78
09/03/2025	19	14,4	60		64
09/03/2025	20	12,7	72		39
09/03/2025	21	13,8	60		70
09/03/2025	22	12,7	64		72
09/03/2025	23	12,4	65		74
10/03/2025	00	11,8	68		69
10/03/2025	01	11,1	72		62
10/03/2025	02	10,8	74		61
10/03/2025	03	10,9	74		59
10/03/2025	04	11,1	72		61
10/03/2025	05	10,7	77		53
10/03/2025	06	10,5	84		41
10/03/2025	07	10,1	91		22
10/03/2025	08	10,5	91		35
10/03/2025	09	12,8	79		51
10/03/2025	10	14,6	63		70
10/03/2025	11	15,9	55		77
10/03/2025	12	16,7	50		82
10/03/2025	13	18,1	46		82
10/03/2025	14	18,5	44		84
10/03/2025	15	19	41		86
10/03/2025	16	19,3	39		88
10/03/2025	17	19,1	42		87
10/03/2025	18	17,4	50		80
10/03/2025	19	15,4	63		59
10/03/2025	20	13,7	73		37
10/03/2025	21	13,9	75		36
10/03/2025	22	13,4	80		37
10/03/2025	23	12,5	88		29
11/03/2025	00	12,2	93		37
11/03/2025	01	11,9	95		39
11/03/2025	02	12,1	94		42
11/03/2025	03	12,6	83		69
11/03/2025	04	12,6	78		78
11/03/2025	05	12,1	81		71
11/03/2025	06	12	81		61
11/03/2025	07	13,2	72		66
11/03/2025	08	13,4	72		62
11/03/2025	09	14,8	62		86
11/03/2025	10	17,2	53		88
11/03/2025	11	17,7	52		88
11/03/2025	12	20,2	44		90
11/03/2025	13	20,1	45		90
11/03/2025	14	19,3	58		85
11/03/2025	15	18	60		83
11/03/2025	16	12,8	96		87
11/03/2025	17	14,6	73		88
11/03/2025	18	14,6	69		86
11/03/2025	19	14,2	67		90
11/03/2025	20	13,6	69		88
11/03/2025	21	12,7	75		79
11/03/2025	22	11,3	84		53
11/03/2025	23	11,4	86		50
12/03/2025	00	12	80		70
12/03/2025	01	12,5	76		80
12/03/2025	02	11,9	78		72
12/03/2025	03	10,9	81		65
12/03/2025	04	10,7	81		64
12/03/2025	05	10,1	83		60
12/03/2025	06	8,5	89		41
12/03/2025	07	9	87		37
12/03/2025	08	12,3	74		41
12/03/2025	09	15,8	58		67
12/03/2025	10	17,3	47		73
12/03/2025	11	18,4	41		80
12/03/2025	12	20	37		83
12/03/2025	13	20,9	35		85
12/03/2025	14	21,4	31		90
12/03/2025	15	20,3	37		86
12/03/2025	16	19,8	38		84
12/03/2025	17	18,9	43		84
12/03/2025	18	17,2	50		83
12/03/2025	19	16,2	52		80
12/03/2025	20	15,7	53		77
12/03/2025	21	15,1	56		76
12/03/2025	22	14,9	55		78
12/03/2025	23	14,8	54		80
13/03/2025	00	14,3	56		78
13/03/2025	01	14,1	57		78
13/03/2025	02	13,1	60		75
13/03/2025	03	11,5	68		70
13/03/2025	04	11,5	67		70
13/03/2025	05	10,8	70		67
13/03/2025	06	10,8	69		68
13/03/2025	07	11,6	66		55
13/03/2025	08	11,3	70		43
13/03/2025	09	12,5	66		46
13/03/2025	10	14,1	62		56
13/03/2025	11	15,1	58		64
13/03/2025	12	15,7	60		64
13/03/2025	15	12,8	90		50
13/03/2025	16	13	90		55
13/03/2025	17	13,1	87		62
13/03/2025	18	12,6	92		53
13/03/2025	19	12	97		46
13/03/2025	20	12	97		41
13/03/2025	21	11,9	97		34
13/03/2025	22	11,9	97		23
13/03/2025	23	11,7	98		17
14/03/2025	00	11,4	98		19
14/03/2025	01	10,7	98		16
14/03/2025	02	10,8	99		20
14/03/2025	03	11	98		20
14/03/2025	04	10,8	98		27
14/03/2025	05	10,8	97		28
14/03/2025	06	10,4	96		28
14/03/2025	07	9,3	96		46
14/03/2025	08	9,3	97		54
14/03/2025	09	9,6	96		50
14/03/2025	10	9,9	96		59
14/03/2025	11	10,5	92		62
14/03/2025	12	10,9	91		63
14/03/2025	13	11,1	91		65
14/03/2025	14	10,6	94		62
14/03/2025	15	10,8	92		62
14/03/2025	16	11,6	85		66
14/03/2025	17	11,9	79		64
14/03/2025	18	10,9	91		48
14/03/2025	19	10,3	94		41
14/03/2025	20	10,1	95		42
14/03/2025	21	10,3	95		36
14/03/2025	22	9,7	95		52
14/03/2025	23	9,4	95		44
15/03/2025	00	9,3	96		41
15/03/2025	01	8,8	97		32
15/03/2025	02	7,8	96		40
15/03/2025	03	6,3	87		56
15/03/2025	04	5,5	80		65
15/03/2025	05	5,7	73		72
15/03/2025	06	6,2	65		75
15/03/2025	07	5,2	73		67
15/03/2025	08	8,2	59		71
15/03/2025	09	10,4	46		78
15/03/2025	10	11,9	40		82
15/03/2025	11	13,4	34		87
15/03/2025	12	14,7	31		90
15/03/2025	13	15,9	27		91
15/03/2025	14	15,9	27		90
15/03/2025	15	16,3	28		89
15/03/2025	16	16,6	27		88
15/03/2025	17	16,1	29		86
15/03/2025	18	15,4	34		80
15/03/2025	19	13,4	41		77
15/03/2025	20	11	56		64
15/03/2025	21	9,8	62		57
15/03/2025	22	9,7	65		51
15/03/2025	23	8,3	79		27
16/03/2025	00	8,5	77		35
16/03/2025	01	8,8	72		47
16/03/2025	02	7,5	78		43
16/03/2025	03	7,1	78		42
16/03/2025	04	5,9	87		26
16/03/2025	05	7,3	78		41
16/03/2025	06	7,6	80		31
16/03/2025	07	7,1	85		19
16/03/2025	08	9,1	80		26
16/03/2025	09	11,2	69		43
16/03/2025	10	13,1	62		48
16/03/2025	11	11,8	77		48
16/03/2025	12	12	82		61
16/03/2025	13	14,6	63		78
16/03/2025	14	13,6	74		79
16/03/2025	15	15,1	70		82
16/03/2025	16	16,1	58		85
16/03/2025	17	15,9	55		87
16/03/2025	18	14,5	61		83
16/03/2025	19	12,2	73		70
16/03/2025	20	10,5	80		54
16/03/2025	21	9,5	82		52
16/03/2025	22	8,6	85		49
16/03/2025	23	7,9	89		32
17/03/2025	00	7,5	91		24
17/03/2025	01	7,4	92		24
17/03/2025	02	7,2	92		27
17/03/2025	03	8	83		41
17/03/2025	04	8,4	80		44
17/03/2025	05	8,9	79		44
17/03/2025	06	8,1	89		36
17/03/2025	07	7,8	93		34
17/03/2025	08	8,2	94		31
17/03/2025	09	8,6	94		36
17/03/2025	10	8,9	94		45
17/03/2025	11	9,2	94		51
17/03/2025	12	9,6	94		57
17/03/2025	13	9,8	94		57
17/03/2025	14	10	91		63
17/03/2025	15	10,6	88		61
17/03/2025	16	10,8	85		63
17/03/2025	17	10,6	85		62
17/03/2025	18	10,4	87		56
17/03/2025	19	10,2	89		44
17/03/2025	20	10	91		34
17/03/2025	21	10	88		43
17/03/2025	22	10,1	87		46
17/03/2025	23	10,1	86		44
18/03/2025	00	10	85		48
18/03/2025	01	10	86		42
18/03/2025	02	9,8	87		46
18/03/2025	03	9,7	87		50
18/03/2025	04	9,6	89		53
18/03/2025	05	9,4	93		53
18/03/2025	06	9,5	95		46
18/03/2025	07	9,5	96		49
18/03/2025	08	9,9	97		51
18/03/2025	09	10,2	98		52
18/03/2025	10	10,9	98		51
18/03/2025	11	12	98		54
18/03/2025	12	12,3	96		71
18/03/2025	13	12,2	96		71
18/03/2025	14	12,2	97		73
18/03/2025	15	12,1	95		78
18/03/2025	16	12,1	94		79
18/03/2025	17	12,2	92		78
18/03/2025	18	12	93		76
18/03/2025	19	11,8	94		71
18/03/2025	20	11,5	97		66
18/03/2025	21	11,3	98		74
18/03/2025	22	11,3	98		72
18/03/2025	23	11,3	98		69
19/03/2025	00	11,3	98		68
19/03/2025	01	11,4	98		68
19/03/2025	02	11,4	98		66
19/03/2025	03	11,5	99		62
19/03/2025	04	11,5	99		63
19/03/2025	05	11,6	99		62
19/03/2025	06	11,7	99		55
19/03/2025	07	11,8	99		56
19/03/2025	08	12,3	98		51
19/03/2025	09	13	98		54
19/03/2025	10	14,1	97		58
19/03/2025	11	15,1	91		62
19/03/2025	12	16	86		69
19/03/2025	13	16,9	81		86
19/03/2025	14	17,5	78		89
19/03/2025	15	18,7	72		92
19/03/2025	16	18,3	74		90
19/03/2025	17	17,3	80		87
19/03/2025	18	16,1	86		80
19/03/2025	19	15	91		75
19/03/2025	20	14,4	93		74
19/03/2025	21	14,3	94		70
19/03/2025	22	14,3	95		71
19/03/2025	23	14,4	93		73
20/03/2025	00	14,3	93		60
20/03/2025	01	14,1	94		47
20/03/2025	02	14,4	94		57
20/03/2025	03	14,7	92		89
20/03/2025	04	14,6	93		79
20/03/2025	05	14,5	95		73
20/03/2025	06	14,4	95		67
20/03/2025	07	14,6	91		75
20/03/2025	08	14,9	89		81
20/03/2025	09	15,6	85		84
20/03/2025	10	16,2	82		86
20/03/2025	13	20,4	69		85
20/03/2025	14	20	70		85
20/03/2025	15	20,7	68		85
20/03/2025	16	19,7	73		77
20/03/2025	17	19,1	77		76
20/03/2025	18	17,5	85		67
20/03/2025	19	16,1	91		60
20/03/2025	20	15,6	91		57
20/03/2025	21	15,4	92		43
20/03/2025	22	14,9	94		38
20/03/2025	23	14,4	96		39
21/03/2025	00	14,5	95		48
21/03/2025	01	15,1	92		63
21/03/2025	02	14,5	94		44
21/03/2025	03	14,2	95		33
21/03/2025	04	14,2	95		27
21/03/2025	05	14	94		26
21/03/2025	06	13,4	95		15
21/03/2025	07	13,8	96		19
21/03/2025	08	14,1	90		67
21/03/2025	09	13,9	91		56
21/03/2025	10	15,2	87		49
21/03/2025	11	18,8	62		77
21/03/2025	12	19,8	43		95
21/03/2025	13	21,1	32		95
21/03/2025	14	20,9	36		94
21/03/2025	15	21,3	34		94
21/03/2025	16	20,4	38		93
21/03/2025	17	19,5	41		92
21/03/2025	18	18,9	44		92
21/03/2025	19	18,4	45		91
21/03/2025	20	18,3	44		91
21/03/2025	21	16,9	50		83
21/03/2025	22	15,7	57		74
21/03/2025	23	14,3	66		66
22/03/2025	00	14,3	67		68
22/03/2025	01	17,3	54		85
22/03/2025	02	16,8	56		81
22/03/2025	03	15,7	61		75
22/03/2025	04	15,4	61		84
22/03/2025	05	14,2	57		95
22/03/2025	06	13,2	61		92
22/03/2025	07	12,7	64		86
22/03/2025	08	13,3	56		88
22/03/2025	09	14,9	47		93
22/03/2025	10	15	45		93
22/03/2025	11	15,9	43		92
22/03/2025	12	17,5	40		90
22/03/2025	13	17,6	42		88
22/03/2025	14	17,5	45		86
22/03/2025	15	18	45		84
22/03/2025	16	17,6	48		81
22/03/2025	17	17,2	52		80
22/03/2025	18	17,2	51		79
22/03/2025	19	15,7	58		76
22/03/2025	20	14,8	57		77
22/03/2025	21	14,2	57		83
22/03/2025	22	13,6	60		82
22/03/2025	23	13,6	60		81
23/03/2025	00	13,4	59		84
23/03/2025	01	13	58		86
23/03/2025	02	12,5	60		85
23/03/2025	03	12,1	60		83
23/03/2025	04	11,8	60		82
23/03/2025	05	11,5	61		80
23/03/2025	06	11,1	59		82
23/03/2025	07	11,3	57		82
23/03/2025	08	12,8	51		82
23/03/2025	09	14	47		82
23/03/2025	10	15	43		81
23/03/2025	11	15,4	41		81
23/03/2025	12	17	37		82
23/03/2025	13	18	33		82
23/03/2025	14	18,4	32		86
23/03/2025	15	18,9	32		87
23/03/2025	16	19,8	30		89
23/03/2025	17	18,8	31		89
23/03/2025	18	16,7	44		79
23/03/2025	19	14,5	53		77
23/03/2025	20	13,4	60		70
23/03/2025	21	11,9	70		50
23/03/2025	22	12,1	68		53
23/03/2025	23	11	75		44
24/03/2025	00	10,8	78		37
24/03/2025	01	10,4	81		37
24/03/2025	02	10,2	77		49
24/03/2025	03	10	77		44
24/03/2025	04	10,5	71		53
24/03/2025	05	10,6	70		53
24/03/2025	06	10,6	71		41
24/03/2025	07	11,3	65		40
24/03/2025	08	13,8	55		53
24/03/2025	09	15,5	47		67
24/03/2025	10	17,6	39		76
24/03/2025	11	18,8	34		81
24/03/2025	12	20,1	30		84
24/03/2025	13	21,2	29		84
24/03/2025	14	22,2	26		85
24/03/2025	15	20,8	34		81
24/03/2025	16	18,2	46		76
24/03/2025	17	16,9	59		78
24/03/2025	18	16,7	55		79
24/03/2025	19	14,9	66		65
24/03/2025	20	14	72		60
24/03/2025	21	11,7	85		31
24/03/2025	22	11,1	89		26
24/03/2025	23	11,2	87		27
25/03/2025	00	11,2	88		26
25/03/2025	01	11,3	88		25
25/03/2025	02	11	89		22
25/03/2025	03	10,4	89		26
25/03/2025	04	8,9	92		18
25/03/2025	05	8	91		15
25/03/2025	06	6,9	94		8
25/03/2025	07	7,9	92		13
25/03/2025	08	13	70		36
25/03/2025	09	16,1	53		59
25/03/2025	10	18,4	43		72
25/03/2025	11	19,1	41		76
25/03/2025	12	19,8	40		79
25/03/2025	13	21,2	36		83
25/03/2025	14	21,6	35		87
25/03/2025	15			0,1	
25/03/2025	16			0,1	
25/03/2025	17	16,2	62		68
25/03/2025	18	15,3	73		60
25/03/2025	19	13,9	82		55
25/03/2025	20	12,8	85		54
25/03/2025	21	12,9	83		59
25/03/2025	22	12,7	85		43
25/03/2025	23	13,2	83		50
26/03/2025	00	12,6	84		56
26/03/2025	01	11,2	89		45
26/03/2025	02	10,2	91		39
26/03/2025	03	10,5	86		47
26/03/2025	04	10,8	78		53
26/03/2025	05	10,7	74		60
26/03/2025	06	9,9	75		58
26/03/2025	07	10,1	75		30
26/03/2025	08	14,3	57		61
26/03/2025	09	16,6	47		75
26/03/2025	10	18,8	38		80
26/03/2025	11	19,6	35		85
26/03/2025	12	20,4	32		88
26/03/2025	13	20,4	33		87
26/03/2025	14	20,4	32		90
26/03/2025	15	21,2	30		89
26/03/2025	16	20,4	36		97
26/03/2025	17	19,1	43		90
26/03/2025	18	17,9	43		89
26/03/2025	19	15,8	51		83
26/03/2025	20	12,7	72		40
26/03/2025	21	11,5	80		25
26/03/2025	22	11,6	79		43
26/03/2025	23	11	83		36
27/03/2025	00	10,1	84		38
27/03/2025	01	9,2	85		35
27/03/2025	02	8,4	87		33
27/03/2025	03	7,9	85		32
27/03/2025	04	7	88		27
27/03/2025	05	7,8	82		44
27/03/2025	06	8,5	77		47
27/03/2025	07	7,5	85		14
27/03/2025	08	12,2	63		56
27/03/2025	09	15,2	46		77
27/03/2025	10	18,2	36		84
27/03/2025	11	19,5	33		88
27/03/2025	12	20	34		91
27/03/2025	13	21,7	30		97
27/03/2025	14	22,5	29		97
27/03/2025	15	22,1	34		97
27/03/2025	16	20,1	46		95
27/03/2025	17	18,7	52		97
27/03/2025	18	17,6	56		92
27/03/2025	19	15,5	70		75
27/03/2025	20	14,2	81		70
27/03/2025	21	13,3	84		56
27/03/2025	22	12	88		47
27/03/2025	23	11,3	90		42
28/03/2025	00	10,6	91		37
28/03/2025	01	9,9	93		32
28/03/2025	02	9,7	93		27
28/03/2025	03	9,5	93		24
28/03/2025	04	9,8	92		23
28/03/2025	05	8,6	93		17
28/03/2025	06	7,6	94		14
28/03/2025	07	8,5	91		14
28/03/2025	08	14,1	62		43
28/03/2025	09	15,9	45		76
28/03/2025	10	18,4	37		81
28/03/2025	11	18,9	35		85
28/03/2025	12	20,2	31		90
28/03/2025	13	21,6	28		91
28/03/2025	14	22,8	24		96
28/03/2025	15	24,3	22		97
28/03/2025	16	23,5	24		94
28/03/2025	17	21,1	35		86
28/03/2025	18	19,5	42		86
28/03/2025	19	16,8	54		74
28/03/2025	20	15,3	58		69
28/03/2025	21	13,5	68		49
28/03/2025	22	12,6	73		40
28/03/2025	23	12,8	71		39
29/03/2025	00	12,7	63		50
29/03/2025	01	14	47		78
29/03/2025	02	13,2	51		71
29/03/2025	03	10,6	64		57
29/03/2025	04	9,7	67		55
29/03/2025	05	8,3	74		44
29/03/2025	06	7,3	79		34
29/03/2025	07	8,7	77		34
29/03/2025	08	12,4	66		32
29/03/2025	09	13,2	66		31
29/03/2025	10	18,9	36		78
29/03/2025	11	20	27		95
29/03/2025	12	20,7	25		99
29/03/2025	13	21,8	21		100
29/03/2025	14	22,6	19		98
29/03/2025	15	21,7	18		102
29/03/2025	16	20,7	21		102
29/03/2025	17	19,7	22		102
29/03/2025	18	18,7	22		103
29/03/2025	19	16,8	25		97
29/03/2025	20	15,4	27		92
29/03/2025	21	14,4	29		88
29/03/2025	22	12,8	33		84
29/03/2025	23	12,2	34		85
30/03/2025	00	8,8	53		61
30/03/2025	01	8,1	55		61
30/03/2025	02	7,1	60		55
30/03/2025	03	7,1	58		61
30/03/2025	04	7,4	56		64
30/03/2025	05	8	53		68
30/03/2025	06	8,7	49		73
30/03/2025	07	9,2	49		67
30/03/2025	08	12,8	39		75
30/03/2025	09	15,3	32		83
30/03/2025	10	18,6	25		86
30/03/2025	11	20,4	21		91
30/03/2025	12	21,6	20		95
30/03/2025	13	23,9	17		95
30/03/2025	14	25,2	15		95
30/03/2025	15	25,8	15		98
30/03/2025	16	23,7	23		101
30/03/2025	17	22	27		98
30/03/2025	18	20,8	29		93
30/03/2025	19	18	40		76
30/03/2025	20	14,5	56		46
30/03/2025	21	11,5	71		36
30/03/2025	22	10,9	73		39
30/03/2025	23	9,7	78		32
31/03/2025	00	8,9	81		30
31/03/2025	01	7,9	85		25
31/03/2025	02	8,5	81		36
31/03/2025	03	8,7	78		43
31/03/2025	04	9,7	68		53
31/03/2025	05	8,9	71		44
31/03/2025	06	8,3	72		18
31/03/2025	07	10,7	60		44
31/03/2025	08	16	42		59
31/03/2025	09	20	31		73
31/03/2025	10	23,6	24		78
31/03/2025	11	26	20		87
31/03/2025	12	27,8	19		97
31/03/2025	13	29,8	15		102
31/03/2025	14	30,7	14		105
31/03/2025	15	29,7	22		115
31/03/2025	16	28	23		108
31/03/2025	17	26,5	25		92
31/03/2025	18	24,9	27		83
31/03/2025	19	20,7	37		76
31/03/2025	20	18	46		61
31/03/2025	21	14,2	65		43
31/03/2025	22	12,3	73		34
31/03/2025	23	11	78		30
01/04/2025	00	11,5	73		44
01/04/2025	01	10,1	78		33
01/04/2025	02	9,8	88		33
01/04/2025	03	10,1	93		36
01/04/2025	04	10,7	91		38
01/04/2025	05	9	86		34
01/04/2025	06	8,4	82		27
01/04/2025	07	9,7	77		26
01/04/2025	08	15,6	53		51
01/04/2025	09	18,8	41		66
01/04/2025	10	21,2	35		87
01/04/2025	11	23,3	32		104
01/04/2025	12	24,1	32		96
01/04/2025	13	23,7	42		98
01/04/2025	14	23,5	44		106
01/04/2025	15	23	47		113
01/04/2025	16	21,5	48		121
01/04/2025	17	19,9	51		120
01/04/2025	18	18,4	57		111
01/04/2025	19	16,4	67		105
01/04/2025	20	15,5	71		99
01/04/2025	21	15	73		96
01/04/2025	22	14,7	78		92
01/04/2025	23	14	79		74
02/04/2025	00	13,2	82		67
02/04/2025	01	13,2	84		58
02/04/2025	02	13,7	81		63
02/04/2025	03	13,6	78		68
02/04/2025	04	12,7	82		62
02/04/2025	05	12	84		53
02/04/2025	06	12,4	82		48
02/04/2025	07	12,8	81		42
02/04/2025	08	14,1	74		51
02/04/2025	09	15,9	67		60
02/04/2025	10	18,2	57		81
02/04/2025	11	19,9	55		97
02/04/2025	12	20,8	53		97
02/04/2025	13	21	52		99
02/04/2025	14	20,3	57		102
02/04/2025	15	19,7	59		112
02/04/2025	16	18,5	65		109
02/04/2025	17	17,7	71		104
02/04/2025	18	16,9	76		103
02/04/2025	19	16,5	79		100
02/04/2025	20	16	82		103
02/04/2025	21	15,9	83		98
02/04/2025	22	15,4	86		91
02/04/2025	23	14,8	89		80
03/04/2025	00	14,8	89		74
03/04/2025	01	14,4	91		75
03/04/2025	02	14,4	92		78
03/04/2025	03	14,7	90		80
03/04/2025	04	15	88		83
03/04/2025	05	14,9	90		90
03/04/2025	06	15	90		87
03/04/2025	07	15,1	91		83
03/04/2025	08	15,4	87		86
03/04/2025	09	16,2	78		92
03/04/2025	10	17,1	71		95
03/04/2025	11	17,5	65		98
03/04/2025	12	17,9	61		101
03/04/2025	13	18,5	59		101
03/04/2025	14	17,8	59		99
03/04/2025	15	17,3	66		98
03/04/2025	16	17,1	70		96
03/04/2025	17	16,9	71		96
03/04/2025	18	16,6	73		96
03/04/2025	19	16,3	75		95
03/04/2025	20	16	79		94
03/04/2025	21	16	80		91
03/04/2025	22	16,1	79		87
03/04/2025	23	16,1	80		83
04/04/2025	00	16,1	80		84
04/04/2025	01	16,1	80		85
04/04/2025	02	16,1	79		84
04/04/2025	03	16	81		82
04/04/2025	04	15,4	86		78
04/04/2025	05	14,8	93		70
04/04/2025	06	14,7	93		53
04/04/2025	07	15,2	85		68
04/04/2025	08	16,9	78		72
04/04/2025	09	18,3	71		79
04/04/2025	10	18,4	69		84
04/04/2025	11	19,1	65		87
04/04/2025	12	18,3	71		82
04/04/2025	13	20,7	61		87
04/04/2025	14	22	54		94
04/04/2025	15	21	58		94
04/04/2025	16	20,8	60		95
04/04/2025	17	18,3	72		93
04/04/2025	18	16,5	83		86
04/04/2025	19	16	87		81
04/04/2025	20	15,1	94		75
04/04/2025	21	14,3	94		63
04/04/2025	22	13,5	96		44
04/04/2025	23	13,5	97		37
05/04/2025	00	13,6	97		35
05/04/2025	01	13,1	97		32
05/04/2025	02	12,7	98		26
05/04/2025	03	11,8	98		25
05/04/2025	04	11,5	98		28
05/04/2025	05	11,5	96		35
05/04/2025	06	11,4	94		40
05/04/2025	07	14	79		71
05/04/2025	08	16,6	69		72
05/04/2025	09	18,6	55		81
05/04/2025	10	19,9	46		84
05/04/2025	11	20,9	38		89
05/04/2025	12	22	34		93
05/04/2025	13	23,4	32		92
05/04/2025	14	24,6	30		91
05/04/2025	15	25,9	28		92
05/04/2025	16	25,2	29		91
05/04/2025	17	24,3	32		88
05/04/2025	18	24	33		89
05/04/2025	19	20,8	42		79
05/04/2025	20	19,7	43		78
05/04/2025	21	19,1	44		79
05/04/2025	22	17,9	48		74
05/04/2025	23	16,6	53		70
06/04/2025	00	15,9	56		65
06/04/2025	01	15,3	61		61
06/04/2025	02	15	63		56
06/04/2025	03	14	69		47
06/04/2025	04	12,5	77		36
06/04/2025	05	12,5	77		40
06/04/2025	06	12,3	77		42
06/04/2025	07	13,8	73		42
06/04/2025	08	18,3	55		57
06/04/2025	09	20,5	48		65
06/04/2025	10	23,7	35		81
06/04/2025	11	25,2	32		85
06/04/2025	12	24,9	32		91
06/04/2025	13	26,1	29		93
06/04/2025	14	27	26		95
06/04/2025	15	27,7	24		99
06/04/2025	16	26,6	26		101
06/04/2025	17	25,1	34		96
06/04/2025	18	23,4	40		89
06/04/2025	19	20,7	50		80
06/04/2025	20	18,8	59		63
06/04/2025	21	16,3	72		44
06/04/2025	22	15,4	75		42
06/04/2025	23	14,7	76		40
07/04/2025	00	13,5	84		31
07/04/2025	01	13,6	82		36
07/04/2025	02	13,4	81		35
07/04/2025	03	12,5	85		28
07/04/2025	04	13	82		35
07/04/2025	05	12,1	84		24
07/04/2025	06	11,6	86		12
07/04/2025	07	13,6	81		15
07/04/2025	08	19,2	59		47
07/04/2025	09	23,3	44		63
07/04/2025	10	25,8	34		81
07/04/2025	11	26,8	32		93
07/04/2025	12	27,3	30		98
07/04/2025	13	28,1	29		101
07/04/2025	14	27	33		103
07/04/2025	15	26,5	34		105
07/04/2025	16	25,4	36		98
07/04/2025	17	24,1	44		92
07/04/2025	18	22,1	50		95
07/04/2025	19	20	56		91
07/04/2025	20	17,8	67		71
07/04/2025	21	15,4	80		47
07/04/2025	22	15	80		44
07/04/2025	23	13,9	86		31
08/04/2025	00	12,6	89		22
08/04/2025	01	12	91		21
08/04/2025	02	11,9	91		27
08/04/2025	03	11,7	91		25
08/04/2025	04	10,8	93		14
08/04/2025	05	10,8	93		14
08/04/2025	06	11,9	91		14
08/04/2025	07	13,2	87		22
08/04/2025	08	15,2	81		26
08/04/2025	09	17,8	75		61
08/04/2025	10	20,2	65		78
08/04/2025	11	22,4	56		87
08/04/2025	12	23,7	52		91
08/04/2025	13	25,2	45		94
08/04/2025	14	25,1	48		92
08/04/2025	15	24,1	47		110
08/04/2025	16	23,2	48		111
08/04/2025	17	22,2	55		107
08/04/2025	18	20,4	64		104
08/04/2025	19	18	76		95
08/04/2025	20	16,6	84		80
08/04/2025	21	15,2	89		57
08/04/2025	22	14	92		31
08/04/2025	23	13,3	93		18
09/04/2025	00	13	93		14
09/04/2025	01	13,9	93		25
09/04/2025	02	14,5	92		42
09/04/2025	03	14,5	92		68
09/04/2025	04	14,3	93		67
09/04/2025	05	13,6	95		59
09/04/2025	06	12,3	97		40
09/04/2025	07	11,7	97		27
09/04/2025	08	15,9	76		33
09/04/2025	09	20,6	53		58
09/04/2025	10	22,9	47		68
09/04/2025	11	23,2	47		82
09/04/2025	12	24	48		88
09/04/2025	13	24,6	45		85
09/04/2025	14	25,4	41		111
09/04/2025	15	25,3	38		111
09/04/2025	16	24,4	40		106
09/04/2025	17	22,5	43		97
09/04/2025	18	21	54		89
09/04/2025	19	18,6	64		92
09/04/2025	20	17,2	74		86
09/04/2025	21	16,1	78		71
09/04/2025	22	13,9	87		42
09/04/2025	23	13,2	88		38
10/04/2025	00	12,6	89		34
10/04/2025	01	12,1	90		33
10/04/2025	02	11,1	92		16
10/04/2025	03	10,8	93		18
10/04/2025	04	10,6	91		19
10/04/2025	05	10,4	92		18
10/04/2025	06	10,7	92		15
10/04/2025	07	11,7	86		25
10/04/2025	08	14,1	77		32
10/04/2025	09	17,5	66		56
10/04/2025	10	19,1	65		89
10/04/2025	11	19	67		92
10/04/2025	12	21,2	59		97
10/04/2025	13	21,1	59		102
10/04/2025	14	22,3	50		111
10/04/2025	15	21,6	57		105
10/04/2025	16	19,4	68		103
10/04/2025	17	19	70		98
10/04/2025	18	18,3	74		96
10/04/2025	19	16,9	80		92
10/04/2025	20	16,4	83		81
10/04/2025	21	16,3	85		78
10/04/2025	22	15,5	89		75
10/04/2025	23	14,5	90		60
11/04/2025	00	13,5	93		35
11/04/2025	01	13	92		34
11/04/2025	02	12,6	93		22
11/04/2025	03	12,6	94		13
11/04/2025	04	12,6	95		15
11/04/2025	05	12	95		9
11/04/2025	06	12,2	96		9
11/04/2025	07	13	93		10
11/04/2025	08	14,6	89		
11/04/2025	09	16,8	79		
11/04/2025	10	17,8	72		
11/04/2025	11	19	65		92
11/04/2025	12	19,5	61		96
11/04/2025	13	19,4	62		98
11/04/2025	14	19,8	62		99
11/04/2025	15	20,3	58		99
11/04/2025	16	20	59		98
11/04/2025	17	18,7	66		94
11/04/2025	18	17,5	74		83
11/04/2025	19	16,1	85		79
11/04/2025	20	15,6	92		75
11/04/2025	21	15,3	93		70
11/04/2025	22	14,4	95		55
11/04/2025	23	13,6	96		35
12/04/2025	00	13	97		33
12/04/2025	01	12,6	97		34
12/04/2025	02	12	96		34
12/04/2025	03	12,1	96		36
12/04/2025	04	12	95		40
12/04/2025	05	11,7	95		29
12/04/2025	06	12	93		36
12/04/2025	07	12,6	92		23
12/04/2025	08	14,4	85		35
12/04/2025	09	15,8	78		42
12/04/2025	10	16,4	75		45
12/04/2025	11	17,2	72		53
12/04/2025	12	19	61		75
12/04/2025	13	21,8	50		86
12/04/2025	14	21	54		86
12/04/2025	15	20,6	61		79
12/04/2025	16	21,1	62		74
12/04/2025	17	20,5	66		73
12/04/2025	18	19	78		69
12/04/2025	19	17,3	86		67
12/04/2025	20	16,3	90		63
12/04/2025	21	15,6	92		44
12/04/2025	22	14,8	95		26
12/04/2025	23	14,5	95		18
13/04/2025	00	14,1	96		14
13/04/2025	01	13,9	97		14
13/04/2025	02	13,8	96		14
13/04/2025	03	13,5	97		12
13/04/2025	04	12,5	97		7
13/04/2025	05	11,7	97		6
13/04/2025	06	11,2	97		9
13/04/2025	07	13	93		21
13/04/2025	08	16,4	80		34
13/04/2025	09	20,5	59		55
13/04/2025	10	22,5	51		61
13/04/2025	11	23	50		74
13/04/2025	12	23,6	52		83
13/04/2025	13	23,4	49		90
13/04/2025	14	23,4	48		93
13/04/2025	15	22,4	52		95
13/04/2025	16	21,1	58		95
13/04/2025	17	20,5	63		90
13/04/2025	18	19,6	67		88
13/04/2025	19	18,5	73		85
13/04/2025	20	17,6	79		73
13/04/2025	21	17,1	82		48
13/04/2025	22	17,3	79		64
13/04/2025	23	16,4	84		71
14/04/2025	00	16,2	86		60
14/04/2025	01	15,3	89		42
14/04/2025	02	15,1	91		34
14/04/2025	03	15,1	91		27
14/04/2025	04	14,9	92		23
14/04/2025	05	14,5	93		14
14/04/2025	06	13,8	95		5
14/04/2025	07	14,8	94		11
14/04/2025	08	16,6	86		26
14/04/2025	09	19	75		60
14/04/2025	10	20,2	70		74
14/04/2025	11	22,6	60		83
14/04/2025	12	23,7	53		83
14/04/2025	13	24,7	47		82
14/04/2025	14	25,2	45		86
14/04/2025	15	22	66		96
14/04/2025	16	20,6	71		89
14/04/2025	17	21	67		83
14/04/2025	18	19,9	75		86
14/04/2025	19	19	80		82
14/04/2025	20	17,2	88		54
14/04/2025	21	18	70		76
14/04/2025	22	18,1	62		81
14/04/2025	23	18,2	53		88
15/04/2025	00	17,3	55		86
15/04/2025	01	17,5	54		88
15/04/2025	02	17,1	55		87
15/04/2025	03	16,3	52		93
15/04/2025	04	15,2	59		85
15/04/2025	05	15,2	61		81
15/04/2025	06	14,5	66		76
15/04/2025	07	15,1	62		80
15/04/2025	10	18,2	44		88
15/04/2025	11	19,8	36		91
15/04/2025	12	20,5	32		96
15/04/2025	13	22	26		102
15/04/2025	14	21,3	26		100
15/04/2025	15	22,1	24		98
15/04/2025	16	20,7	30		96
15/04/2025	17	19,1	32		96
15/04/2025	18	18	36		96
15/04/2025	19	15,7	44		92
15/04/2025	20	14,6	51		85
15/04/2025	21	13,2	55		80
15/04/2025	22	13,6	53		83
15/04/2025	23	14,3	48		89
16/04/2025	00	13,9	49		89
16/04/2025	01	13	51		87
16/04/2025	02	12,2	54		85
16/04/2025	03	12,4	52		84
16/04/2025	04	12,1	52		84
16/04/2025	05	11,8	53		82
16/04/2025	06	12,1	48		84
16/04/2025	07	13	44		85
16/04/2025	08	14,5	40		84
16/04/2025	09	16	37		85
16/04/2025	10	17,3	32		90
16/04/2025	11	18,2	28		92
16/04/2025	12	19,4	26		93
16/04/2025	13	20,5	22		94
16/04/2025	14	21,3	21		92
16/04/2025	15	21,7	19		93
16/04/2025	16	21,3	20		98
16/04/2025	17	20,7	24		98
16/04/2025	18	18,7	29		96
16/04/2025	19	17,2	34		92
16/04/2025	20	15,9	40		87
16/04/2025	21	14,9	47		80
16/04/2025	22	14,7	53		78
16/04/2025	23	14	58		77
17/04/2025	00	12	69		60
17/04/2025	01	12,3	68		61
17/04/2025	02	11,3	73		52
17/04/2025	03	10,2	77		45
17/04/2025	04	10,2	78		39
17/04/2025	05	9,7	80		32
17/04/2025	06	9	83		26
17/04/2025	07	10,3	77		28
17/04/2025	08	15,2	56		55
17/04/2025	09	17,6	38		90
17/04/2025	10	19,5	33		93
17/04/2025	11	22,1	29		94
17/04/2025	12	23,4	26		97
17/04/2025	13	24,8	23		100
17/04/2025	14	25,7	22		101
17/04/2025	15	26,3	23		103
17/04/2025	16	26,4	23		102
17/04/2025	17	26	24		100
17/04/2025	18	25,1	26		99
17/04/2025	19	22,7	32		93
17/04/2025	20	21,3	34		91
17/04/2025	21	20,4	37		88
17/04/2025	22	19,3	40		84
17/04/2025	23	17,9	45		76
18/04/2025	00	16,2	53		67
18/04/2025	01	12,9	70		36
18/04/2025	02	12,2	73		34
18/04/2025	03	11,3	76		31
18/04/2025	04	10,9	78		32
18/04/2025	05	10,5	80		27
18/04/2025	06	10,8	79		23
18/04/2025	07	13,7	71		37
18/04/2025	08	19,3	52		54
18/04/2025	09	23,1	38		66
18/04/2025	10	24,6	33		77
18/04/2025	11	25,5	30		82
18/04/2025	12	26	29		82
18/04/2025	13	26,6	29		82
18/04/2025	14	27	31		81
18/04/2025	15	25,9	33		89
18/04/2025	16	25,6	34		90
18/04/2025	17	24,2	36		85
18/04/2025	18	22,2	46		78
18/04/2025	19	20,1	55		72
18/04/2025	20	18,6	61		68
18/04/2025	21	15,9	74		42
18/04/2025	22	14,8	79		32
18/04/2025	23	14,1	81		30
19/04/2025	00	12,6	87		16
19/04/2025	01	12,3	87		18
19/04/2025	02	12,2	87		16
19/04/2025	03	17,5	62		51
19/04/2025	04	17,8	60		60
19/04/2025	05	16,5	66		60
19/04/2025	06	15,5	73		51
19/04/2025	07	17,4	63		71
19/04/2025	08	18,2	58		77
19/04/2025	09	19,8	47		79
19/04/2025	10	18,5	46		84
19/04/2025	11	18,8	42		90
19/04/2025	12	19,9	33		97
19/04/2025	13	20,2	32		97
19/04/2025	14	20,8	26		98
19/04/2025	15	21,6	24		96
19/04/2025	16	21,8	25		94
19/04/2025	17	21,3	25		95
19/04/2025	18	20	30		92
19/04/2025	19	17,7	35		94
19/04/2025	20	15,7	41		94
19/04/2025	21	15,6	45		89
19/04/2025	22	14,9	50		87
19/04/2025	23	13,8	54		81
20/04/2025	00	13,8	56		80
20/04/2025	01	13,4	57		78
20/04/2025	02	12,7	59		75
20/04/2025	03	11,7	63		72
20/04/2025	04	12,3	60		78
20/04/2025	05	11,8	61		74
20/04/2025	06	11,8	62		73
20/04/2025	07	13,3	57		77
20/04/2025	08	13,8	54		82
20/04/2025	09	15	52		80
20/04/2025	10	16,6	47		78
20/04/2025	11	18,8	40		79
20/04/2025	12	19,6	36		82
20/04/2025	13	21,4	30		86
20/04/2025	14	22,2	28		88
20/04/2025	15	19,2	34		98
20/04/2025	16	21,1	34		89
20/04/2025	17	21,2	32		90
20/04/2025	18	20,9	35		86
20/04/2025	19	19,3	42		76
20/04/2025	20	17,2	53		74
20/04/2025	21	15,4	62		63
20/04/2025	22	12,8	76		36
20/04/2025	23	11,9	82		30
21/04/2025	00	10,5	86		17
21/04/2025	01	9,9	86		19
21/04/2025	02	9,3	86		22
21/04/2025	03	8,2	89		14
21/04/2025	04	8,4	88		15
21/04/2025	05	8,8	87		15
21/04/2025	06	8,5	87		15
21/04/2025	07	11,3	79		26
21/04/2025	08	17,4	54		55
21/04/2025	09	21,4	38		69
21/04/2025	10	23	32		79
21/04/2025	11	24,9	29		82
21/04/2025	12	25,6	26		85
21/04/2025	13	26,8	24		87
21/04/2025	14	25	28		86
21/04/2025	15	22,5	38		87
21/04/2025	16	20,8	50		89
21/04/2025	17	20,6	48		90
21/04/2025	18	20	51		95
21/04/2025	19	18,2	61		90
21/04/2025	20	17,4	65		83
21/04/2025	21	15,1	77		53
21/04/2025	22	13,4	84		37
21/04/2025	23	12,9	85		42
22/04/2025	00	12,8	83		35
22/04/2025	01	12,7	83		29
22/04/2025	02	12,5	84		24
22/04/2025	03	13,1	81		29
22/04/2025	04	13,1	87		29
22/04/2025	05	13,4	90		37
22/04/2025	06	13,7	90		29
22/04/2025	07	14,8	87		35
22/04/2025	08	15,8	86		23
22/04/2025	09	18	77		40
22/04/2025	10	20,6	66		47
22/04/2025	11	23,7	52		62
22/04/2025	12	22,7	53		72
22/04/2025	13	21,6	65		71
22/04/2025	14	19,2	75		73
22/04/2025	15	16,1	94		69
22/04/2025	16	16,1	96		68
22/04/2025	17	16,4	89		71
22/04/2025	18	16,5	89		71
22/04/2025	19	15,7	93		64
22/04/2025	20	15,3	95		61
22/04/2025	21	14,9	96		45
22/04/2025	22	14,3	97		31
22/04/2025	23	13,3	98		24
23/04/2025	00	12,8	97		27
23/04/2025	01	12,1	97		20
23/04/2025	02	11,8	97		22
23/04/2025	03	11,3	97		21
23/04/2025	04	10,4	97		16
23/04/2025	05	10	97		23
23/04/2025	06	10	95		21
23/04/2025	07	12,1	89		30
23/04/2025	08	16,4	70		55
23/04/2025	09	20,6	49		69
23/04/2025	10	22,3	36		81
23/04/2025	11	23,4	31		90
23/04/2025	12	24,9	30		93
23/04/2025	13	26,1	29		96
23/04/2025	14	26,3	31		99
23/04/2025	15	25,4	36		104
23/04/2025	16	25,2	38		103
23/04/2025	17	24,5	38		95
23/04/2025	18	22,8	42		89
23/04/2025	19	19,8	55		76
23/04/2025	20	18,1	60		79
23/04/2025	21	15,6	75		50
23/04/2025	22	14,5	82		43
23/04/2025	23	13,7	85		35
24/04/2025	00	13,5	86		36
24/04/2025	01	12,7	88		26
24/04/2025	02	11,8	92		16
24/04/2025	03	11,3	93		12
24/04/2025	04	11,3	93		17
24/04/2025	05	12,3	90		28
24/04/2025	06	12	90		9
24/04/2025	07	15,4	80		25
24/04/2025	08	20,1	61		44
24/04/2025	09	23,4	46		60
24/04/2025	10	25,5	41		73
24/04/2025	11	27,1	37		81
24/04/2025	12	27,2	35		98
24/04/2025	13	27,2	37		116
24/04/2025	14	26,6	35		108
24/04/2025	15	25,3	40		93
24/04/2025	16	24,5	42		92
24/04/2025	17	23,8	43		94
24/04/2025	18	22,8	46		88
24/04/2025	19	20,7	59		79
24/04/2025	20	18,8	69		69
24/04/2025	21	16,7	81		46
24/04/2025	22	15,3	87		30
24/04/2025	23	14,9	89		28
25/04/2025	00	13,8	92		17
25/04/2025	01	13,6	92		20
25/04/2025	02	13,6	92		22
25/04/2025	03	13,3	92		24
25/04/2025	04	13,5	91		28
25/04/2025	05	13	91		19
25/04/2025	06	12,8	92		9
25/04/2025	07	14	90		14
25/04/2025	08	17,6	81		32
25/04/2025	09	20,8	70		52
25/04/2025	10	22,9	60		68
25/04/2025	11	24,6	52		82
25/04/2025	12	26,1	47		93
25/04/2025	13	27	46		105
25/04/2025	14	25,6	52		116
25/04/2025	15	25	53		110
25/04/2025	16	22,6	61		106
25/04/2025	17	21,6	65		107
25/04/2025	18	21,1	66		105
25/04/2025	19	19,8	73		99
25/04/2025	20	18,7	79		87
25/04/2025	21	17,6	86		58
25/04/2025	22	16,8	88		46
25/04/2025	23	16,2	91		43
26/04/2025	00	16,4	91		34
26/04/2025	01	15,7	94		30
26/04/2025	02	15,2	94		25
26/04/2025	03	14,7	95		17
26/04/2025	04	14,8	95		24
26/04/2025	05	14,4	96		16
26/04/2025	06	14,3	96		14
26/04/2025	07	15,5	95		21
26/04/2025	08	18	86		49
26/04/2025	09	21,6	70		63
26/04/2025	10	24,4	56		75
26/04/2025	11	25,4	49		83
26/04/2025	12	25,9	48		88
26/04/2025	13	25,6	49		89
26/04/2025	14	26,1	46		91
26/04/2025	15	26,1	46		96
26/04/2025	16	23,1	59		94
26/04/2025	17	22,3	57		85
26/04/2025	18	21,6	54		82
26/04/2025	19	20,3	57		80
26/04/2025	20	19,3	66		66
26/04/2025	21	18,3	75		45
26/04/2025	22	17,5	81		29
26/04/2025	23	16,8	83		29
27/04/2025	00	15,7	87		22
27/04/2025	01	15	86		27
27/04/2025	02	14	80		33
27/04/2025	03	12	83		29
27/04/2025	04	11,2	84		31
27/04/2025	05	11,3	79		40
27/04/2025	06	10,7	84		22
27/04/2025	07	13,7	73		40
27/04/2025	08	18,4	47		70
27/04/2025	09	22,1	33		79
27/04/2025	10	23,3	30		84
27/04/2025	11	23,8	29		85
27/04/2025	12	25,4	27		88
27/04/2025	13	25,8	25		90
27/04/2025	14	25,1	29		96
27/04/2025	15	24,9	30		96
27/04/2025	16	24,4	32		102
27/04/2025	17	23,1	36		104
27/04/2025	18	21,2	41		94
27/04/2025	19	19,4	51		87
27/04/2025	20	17,6	61		74
27/04/2025	21	16,2	70		60
27/04/2025	22	14,1	82		29
27/04/2025	23	13,3	85		28
28/04/2025	00	13,2	85		32
28/04/2025	01	12,7	86		30
28/04/2025	02	11,5	91		21
28/04/2025	03	11,4	91		28
28/04/2025	04	11,3	91		31
28/04/2025	05	10,9	91		26
28/04/2025	06	10,9	91		20
28/04/2025	07	13,3	83		35
28/04/2025	08	17,1	66		55
28/04/2025	09	21,2	43		80
28/04/2025	10	23,1	38		91
28/04/2025	19	20,1	51		
28/04/2025	20	18,4	58		86
28/04/2025	21	16,3	69		62
28/04/2025	22	14,2	81		35
28/04/2025	23	13,8	83		40
29/04/2025	00	12,5	87		24
29/04/2025	01	12,2	88		29
29/04/2025	02	11,6	90		28
29/04/2025	03	11,1	91		27
29/04/2025	04	10,9	90		26
29/04/2025	05	11,4	90		27
29/04/2025	06	12,4	87		25
29/04/2025	07	14,4	81		32
29/04/2025	08	17,8	70		54
29/04/2025	09	19,9	63		81
29/04/2025	10	20,7	60		97
29/04/2025	11	21,4	55		103
29/04/2025	12	21,7	52		105
29/04/2025	13	21,5	55		106
29/04/2025	14	22,6	52		106
29/04/2025	15	21,4	57		108
29/04/2025	16	21,1	58		105
29/04/2025	17	20,8	59		102
29/04/2025	18	19,8	62		96
29/04/2025	19	18,2	71		91
29/04/2025	20	17,5	78		94
29/04/2025	21	17,2	81		94
29/04/2025	22	17,1	82		88
29/04/2025	23	17	83		82
30/04/2025	00	17,3	81		86
30/04/2025	01	16,2	86		65
30/04/2025	02	15,2	91		40
30/04/2025	03	14,6	93		25
30/04/2025	04	15,1	92		19
30/04/2025	05	15,5	91		24
30/04/2025	06	15,9	87		25
30/04/2025	07	17	80		38
30/04/2025	08	18,8	71		70
30/04/2025	09	19,3	67		92
30/04/2025	10	20,7	57		97
30/04/2025	11	21,5	55		97
30/04/2025	12	22,2	54		101
30/04/2025	13	22	55		103
30/04/2025	14	21,8	55		103
30/04/2025	15	21	59		101
30/04/2025	16	20,4	65		98
30/04/2025	17	19,6	69		94
30/04/2025	18	19,1	72		94
30/04/2025	19	18,2	75		93
30/04/2025	20	17,8	78		87
30/04/2025	21	17,7	78		86
30/04/2025	22	17,3	79		83
30/04/2025	23	16,7	82		76
