Red: Red de Vigilancia y Control de la Contaminación Atmosférica
Estación: 46010001-Albalat dels Tarongers
	
FECHA	HORA	PM2.5	SO2	CO	NO	NO2	PM10	NOx	O3
		µg/m³	µg/m³	mg/m³	µg/m³	µg/m³	µg/m³	µg/m³	µg/m³
01/01/2025	00	6	3	0,2	2	9	6	11	28
01/01/2025	01	6	3	0,2	2	9	7	13	23
01/01/2025	02	5	3	0,2	2	8	5	11	32
01/01/2025	03	4	2	0,2	2	7	4	9	36
01/01/2025	04	4	2	0,1	2	6	4	9	38
01/01/2025	05	4	2	0,1	2	6	4	9	32
01/01/2025	06	3	2	0,1	2	6	4	9	36
01/01/2025	07	3	2	0,1	2	6	3	9	32
01/01/2025	08	3	2	0,1	2	6	3	9	34
01/01/2025	09	3	3	0,1	2	8	3	12	22
01/01/2025	10	2	2	0,1	2	7	3	10	34
01/01/2025	11	3	2	0,1	2	6	3	10	38
01/01/2025	12	2	2	0,2	2	6	3	10	43
01/01/2025	13	2	2	0,1	2	6	2	9	60
01/01/2025	14	2	2	0,1	2	5	3	9	66
01/01/2025	15	3	2	0,1	2	6	4	8	66
01/01/2025	16	3	2	0,1	2	6	4	9	67
01/01/2025	17	4	3	0,2	2	11	5	14	41
01/01/2025	18	5	4	0,2	2	13	5	16	30
01/01/2025	19	8	4	0,2	4	19	9	25	9
01/01/2025	20	5	3	0,2	2	12	6	16	13
01/01/2025	21	6	3	0,2	2	13	7	16	11
01/01/2025	22	6	4	0,2	3	14	7	18	7
01/01/2025	23	4	3	0,2	2	12	5	16	10
02/01/2025	00	4	3	0,2	2	12	5	15	8
02/01/2025	01	4	3	0,2	2	11	4	15	10
02/01/2025	02	3	3	0,1	2	11	3	14	11
02/01/2025	03	2	3	0,1	2	13	3	16	11
02/01/2025	04	2	3	0,1	2	11	3	14	12
02/01/2025	05	2	3	0,1	1	8	2	10	16
02/01/2025	06	2	2	0,1	1	7	2	9	18
02/01/2025	07	2	2	0,1	2	7	2	10	20
02/01/2025	08	3	3	0,1	1	8	4	10	24
02/01/2025	09	4	3	0,1	2	9	4	12	28
02/01/2025	10	3	3	0,1	3	12	4	17	37
02/01/2025	11	2	3	0,1	3	11	4	15	51
02/01/2025	12	4	3	0,1	3	8	5	12	69
02/01/2025	13	2	2	0,1	2	6	4	9	75
02/01/2025	14	2	2	0,1	2	6	5	9	78
02/01/2025	15	2	2	0,1	2	7	6	10	74
02/01/2025	16	3	3	0,1	3	9	7	13	64
02/01/2025	17	4	5	0,1	2	20	15	22	38
02/01/2025	18	7	5	0,2	2	22	13	25	22
02/01/2025	19	4	4	0,2	2	17	5	21	27
02/01/2025	20	7	4	0,2	3	17	8	22	13
02/01/2025	21	5	4	0,2	3	17	7	22	12
02/01/2025	22	5	4	0,2	4	18	6	24	12
02/01/2025	23	4	4	0,2	4	18	5	23	13
03/01/2025	00	4	4	0,2	3	15	5	20	12
03/01/2025	01	3	3	0,2	2	9	4	12	16
03/01/2025	02	3	3	0,1	2	9	4	11	11
03/01/2025	03	2	2	0,1	1	6	2	7	36
03/01/2025	04	1	2	0,1	2	7	2	9	36
03/01/2025	05	1	2	0,1	1	7	2	9	30
03/01/2025	06	2	3	0,1	5	12	2	19	19
03/01/2025	07	4	5	0,1	7	21	4	33	8
03/01/2025	08	10	4	0,1	3	16	11	20	14
03/01/2025	09	8	4	0,1	3	14	10	19	25
03/01/2025	10	6	3	0,1	2	8	7	12	65
03/01/2025	11	3	4	0,1	4	13	5	19	55
03/01/2025	12	3	3	0,2	3	8	24	12	72
03/01/2025	13	1	2	0,1	2	6	1	9	78
03/01/2025	14	1	2	0,1	2	6	1	8	78
03/01/2025	15	1	2	0,1	2	5	3	8	78
03/01/2025	16	1	2	0,1	2	6	3	9	77
03/01/2025	17	2	2	0,1	2	8	7	10	59
03/01/2025	18	4	3	0,2	2	11	7	14	42
03/01/2025	19	3	3	0,2	2	11	5	14	54
03/01/2025	20	3	2	0,1	2	7	3	11	68
03/01/2025	21	3	3	0,1	2	8	3	10	67
03/01/2025	22	5	5	0,2	2	20	12	22	46
03/01/2025	23	6	5	0,2	2	24	14	27	23
04/01/2025	00	6	4	0,2	2	17	11	20	19
04/01/2025	01	5	3	0,2	2	13	8	17	24
04/01/2025	02	1	2	0,1	2	7	1	10	73
04/01/2025	03	1	2	0,1	2	6	2	8	61
04/01/2025	04	1	2	0,1	2	5	1	8	58
04/01/2025	05	2	2	0,1	2	5	3	8	41
04/01/2025	06	1	2	0,1	3	6	1	9	35
04/01/2025	07	1	2	0,1	2	6	1	9	32
04/01/2025	08	2	3	0,1	2	8	3	11	33
04/01/2025	09	4	3	0,2	3	10	4	14	36
04/01/2025	10	4	3	0,2	4	10	6	17	34
04/01/2025	11	3	3	0,1	4	10	4	16	53
04/01/2025	12	2	2	0,1	3	8	2	12	68
04/01/2025	13	1	2	0,1	2	6	2	8	75
04/01/2025	14	1	2	0,1	2	6	3	9	70
04/01/2025	15	2	3	0,1	2	7	4	10	67
04/01/2025	16	4	3	0,1	2	11	9	14	67
04/01/2025	17	4	3	0,1	2	11	10	14	63
04/01/2025	18	5	3	0,2	2	13	10	16	31
04/01/2025	19	5	3	0,2	3	12	7	17	33
04/01/2025	20	6	3	0,2	2	13	7	17	21
04/01/2025	21	6	4	0,2	2	15	7	18	17
04/01/2025	22	6	4	0,2	2	16	7	19	12
04/01/2025	23	14	4	0,2	3	14	18	18	13
05/01/2025	00	5	3	0,2	2	12	5	16	13
05/01/2025	01	4	3	0,2	2	11	5	14	15
05/01/2025	02	5	3	0,2	1	9	5	11	12
05/01/2025	03	4	3	0,1	2	9	4	12	14
05/01/2025	04	3	2	0,1	2	7	3	10	21
05/01/2025	05	2	2	0,1	1	6	3	8	26
05/01/2025	06	2	2	0,1	2	6	2	8	23
05/01/2025	07	2	2	0,1	1	7	2	8	27
05/01/2025	08	4	3	0,1	1	10	4	12	28
05/01/2025	09	5	3	0,1	3	11	6	15	29
05/01/2025	10	3	3	0,1	3	9	3	12	49
05/01/2025	11	2	2	0,1	3	7	3	12	55
05/01/2025	12	4	3	0,1	3	7	6	11	66
05/01/2025	13	4	2	0,1	2	6	6	9	81
05/01/2025	14	3	2	0,1	2	5	5	8	84
05/01/2025	15	4	2	0,1	2	5	6	8	81
05/01/2025	16	5	2	0,2	2	6	9	9	76
05/01/2025	17	5	3	0,2	2	9	11	12	65
05/01/2025	18	6	3	0,1	2	12	13	15	63
05/01/2025	19	12	3	0,2	2	12	20	15	55
05/01/2025	20	12	3	0,2	2	12	20	16	41
05/01/2025	21	9	3	0,2	2	11	21	14	27
05/01/2025	22	9	3	0,2	3	11	12	16	17
05/01/2025	23	10	4	0,2	3	14	13	18	17
06/01/2025	00	9	3	0,2	2	11	12	13	18
06/01/2025	01	9	3	0,2	2	9	12	12	17
06/01/2025	02	10	3	0,2	2	9	13	13	16
06/01/2025	03	9	3	0,2	2	8	12	11	24
06/01/2025	04	7	2	0,1	2	6	11	9	31
06/01/2025	05	6	2	0,1	2	6	9	9	39
06/01/2025	06	6	2	0,1	2	6	8	9	40
06/01/2025	07	6	2	0,1	2	7	9	11	25
06/01/2025	08	5	2	0,1	2	7	7	10	24
06/01/2025	09	3	3	0,1	2	8	4	11	56
06/01/2025	10	1	2	0,1	2	6	3	8	73
06/01/2025	11	1	2	0,1	2	5	1	9	80
06/01/2025	12	1	2	0,1	2	4	1	7	84
06/01/2025	13	1	2	0,1	2	4	1	7	83
06/01/2025	14	1	2	0,1	2	4	1	7	81
06/01/2025	15	1	2	0,1	2	4	1	6	77
06/01/2025	16	1	2	0,1	2	4	2	8	75
06/01/2025	17	1	2	0,1	2	5	2	8	72
06/01/2025	18	1	2	0,1	2	4	2	8	79
06/01/2025	19	1	2	0,1	2	4	2	7	81
06/01/2025	20	1	2	0,1	2	4	1	7	82
06/01/2025	21	1	2	0,1	2	5	1	7	81
06/01/2025	22	1	2	0,1	2	4	1	7	80
06/01/2025	23	1	2	0,1	3	4	1	8	78
07/01/2025	00	1	2	0,1	2	4	1	8	78
07/01/2025	01	1	2	0,1	2	4	3	6	78
07/01/2025	02	1	2	0,1	2	4	3	7	77
07/01/2025	03	1	2	0,1	2	4	1	7	79
07/01/2025	04	1	2	0,1	2	4	2	6	78
07/01/2025	05	1	2	0,1	2	4	1	7	78
07/01/2025	06	1	2	0,1	2	4	1	7	77
07/01/2025	07	1	2	0,1	2	4	1	7	75
07/01/2025	08	1	2	0,1	2	4	1	7	74
07/01/2025	09	3	3	0,1	2	7	8	11	60
07/01/2025	10	2	2	0,1	2	7	3	11	69
07/01/2025	11	1	2	0,1	2	5	1	8	75
07/01/2025	12	1	2	0,1	2	5	2	8	76
07/01/2025	13	1	2	0,1	2	4	4	7	81
07/01/2025	14		2	0,1	2	4		7	82
07/01/2025	15		2	0,1	2	4		7	82
07/01/2025	16		2	0,1	2	4		7	80
07/01/2025	17		2	0,1	2	5		8	74
07/01/2025	18		2	0,1	2	7		9	72
07/01/2025	19		2	0,1	2	7		10	65
07/01/2025	20		3	0,2	2	8		11	52
07/01/2025	21		2	0,2	2	7		10	40
07/01/2025	22		3	0,2	2	9		12	33
07/01/2025	23		3	0,2	2	12		15	30
08/01/2025	00		4	0,2	3	16		21	26
08/01/2025	01		4	0,2	2	14		17	35
08/01/2025	02		3	0,1	2	10		13	44
08/01/2025	03		3	0,1	2	8		12	38
08/01/2025	04		3	0,1	2	8		11	34
08/01/2025	05		3	0,1	2	9		12	32
08/01/2025	06		3	0,1	2	9		11	25
08/01/2025	07		4	0,1	2	15		18	16
08/01/2025	08		3	0,1	2	13		16	18
08/01/2025	09		5	0,1	6	20		30	17
08/01/2025	10		3	0,1	5	12		19	40
08/01/2025	11		3	0,1	3	8		12	63
08/01/2025	12		2	0,1	2	5		7	83
08/01/2025	13		2	0,1	2	4		7	78
08/01/2025	14		2	0,1	2	4		7	81
08/01/2025	15		2	0,1	2	5		8	81
08/01/2025	16		2	0,1	2	7		9	77
08/01/2025	17		3	0,1	2	8		12	74
08/01/2025	18		3	0,1	2	10		14	70
08/01/2025	19		3	0,1	2	11		14	61
08/01/2025	20		3	0,1	2	12		15	56
08/01/2025	21		2	0,1	1	7		10	80
08/01/2025	22		2	0,1	2	5		8	78
08/01/2025	23		2	0,1	2	5		8	77
09/01/2025	00		2	0,1	2	4		8	75
09/01/2025	01		2	0,1	2	4		8	73
09/01/2025	02		2	0,2	2	4		7	72
09/01/2025	03		2	0,2	2	4		7	72
09/01/2025	04		2	0,2	2	3		6	73
09/01/2025	05		2	0,2	2	4		7	72
09/01/2025	06		2	0,1	2	5		8	68
09/01/2025	07		2	0,1	2	5		8	68
09/01/2025	08		2	0,1	2	5		8	67
09/01/2025	09		2	0,1	2	7		11	48
09/01/2025	10		3	0,1	3	8		12	58
09/01/2025	11		2	0,1	2	6		9	73
09/01/2025	12		2	0,1	2	5		9	73
09/01/2025	13		2	0,1	2	5		7	73
09/01/2025	14		2	0,1	2	4		7	73
09/01/2025	15		2	0,1	2	4		7	79
09/01/2025	16		2	0,1	2	4		7	76
09/01/2025	17		2	0,1	3	7		12	66
09/01/2025	18		2	0,1	2	5		8	70
09/01/2025	19		2	0,1	2	4		7	70
09/01/2025	20		2	0,1	2	4		8	65
09/01/2025	21		2	0,1	2	7		9	46
09/01/2025	22		3	0,2	2	8		11	36
09/01/2025	23		3	0,2	2	8		11	28
10/01/2025	00		3	0,1	3	9		12	26
10/01/2025	01		3	0,1	2	10		13	27
10/01/2025	02		2	0,1	2	7		10	34
10/01/2025	03		2	0,1	2	5		8	40
10/01/2025	04		2	0,1	2	6		9	29
10/01/2025	05		2	0,1	2	6		8	23
10/01/2025	06		3	0,1	3	8		12	23
10/01/2025	07		4	0,1	3	15		19	19
10/01/2025	08		4	0,1	3	16		21	21
10/01/2025	09		4	0,1	4	15		21	34
10/01/2025	10		2	0,1	2	6		10	53
10/01/2025	11		2	0,1	2	5		8	65
10/01/2025	12		2	0,1	2	4		7	70
10/01/2025	13		2	0,1	2	5		7	64
10/01/2025	14		2	0,1	2	4		8	63
10/01/2025	15		2	0,1	2	5		7	65
10/01/2025	16		2	0,1	2	5		7	66
10/01/2025	17		2	0,1	2	6		8	59
10/01/2025	18		2	0,1	2	8		11	46
10/01/2025	19		2	0,1	2	7		10	58
10/01/2025	20		2	0,1	2	5		8	67
10/01/2025	21		2	0,1	2	4		7	77
10/01/2025	22		2	0,1	2	4		7	80
10/01/2025	23		2	0,1	2	4		7	78
11/01/2025	00		2	0,1	2	4		7	75
11/01/2025	01		2	0,1	2	4		7	75
11/01/2025	02		2	0,1	2	4		6	76
11/01/2025	03		2	0,1	2	4		7	77
11/01/2025	04		2	0,1	2	5		7	67
11/01/2025	05		2	0,1	2	4		7	66
11/01/2025	06		2	0,1	2	5		7	62
11/01/2025	07		2	0,1	2	5		7	62
11/01/2025	08		2	0,1	2	7		9	52
11/01/2025	09		2	0,1	2	7		10	44
11/01/2025	10		2	0,1	2	5		8	64
11/01/2025	11		2	0,1	2	4		7	79
11/01/2025	12		2	0,1	2	4		7	80
11/01/2025	13		2	0,1	2	4		7	79
11/01/2025	14		2	0,1	2	4		7	82
11/01/2025	15		2	0,1	2	4		7	85
11/01/2025	16		2	0,1	2	4		7	83
11/01/2025	17		2	0,1	2	4		7	85
11/01/2025	18		2	0,1	2	5		7	84
11/01/2025	19		2	0,1	2	4		7	84
11/01/2025	20		2	0,1	2	4		7	82
11/01/2025	21		2	0,1	2	4		7	82
11/01/2025	22		2	0,1	2	4		7	83
11/01/2025	23		2	0,1	2	4		6	83
12/01/2025	00		2	0,1	2	4		7	84
12/01/2025	01		2	0,1	2	3		6	83
12/01/2025	02		2	0,1	2	4		6	83
12/01/2025	03		2	0,1	2	3		6	82
12/01/2025	04		2	0,1	2	3		6	81
12/01/2025	05		2	0,1	2	4		6	80
12/01/2025	06		2	0,1	2	3		7	81
12/01/2025	07		2	0,1	2	4		6	81
12/01/2025	08		2	0,1	2	4		7	82
12/01/2025	09		2	0,1	2	4		7	83
12/01/2025	10		2	0,1	2	3		7	81
12/01/2025	11		2	0,1	2	4		7	83
12/01/2025	12		2	0,1	2	4		7	83
12/01/2025	13		2	0,1	2	4		7	83
12/01/2025	14		2	0,1	2	5		8	84
12/01/2025	15		2	0,1	2	7		10	82
12/01/2025	16		2	0,1	2	7		10	81
12/01/2025	17		2	0,1	2	7		10	78
12/01/2025	18		3	0,2	2	9		12	69
13/01/2025	07	3	3	0,1	1	7	6	9	48
13/01/2025	08	5	3	0,1	1	11	13	12	44
13/01/2025	09	10	4	0,1	2	14	21	17	48
13/01/2025	10	10	3	0,1	2	10	17	14	59
13/01/2025	11	6	2	0,1	2	7	13	9	70
13/01/2025	12	3	2	0,1	2	5	5	8	83
13/01/2025	13	3	2	0,1	2	4	6	7	86
13/01/2025	14	5	2	0,1	2	6	33	9	84
13/01/2025	15	9	3	0,1	3	9	72	13	78
13/01/2025	16	5	3	0,1	3	8	20	12	82
13/01/2025	17	4	3	0,1	2	8	12	11	80
13/01/2025	18	4	4	0,1	2	13	12	17	51
13/01/2025	19	5	3	0,1	2	11	12	14	56
13/01/2025	20	6	3	0,1	1	12	14	14	44
13/01/2025	21	6	3	0,1	1	11	11	13	46
13/01/2025	22	5	3	0,1	1	12	10	14	39
13/01/2025	23	5	3	0,1	1	12	9	14	38
14/01/2025	00	5	3	0,1	2	12	16	15	42
14/01/2025	01	5	3	0,1	1	10	8	12	41
14/01/2025	02	3	3	0,1	1	9	5	10	44
14/01/2025	03	4	2	0,1	1	7	5	8	40
14/01/2025	04	3	2	0,1	1	6	4	8	43
14/01/2025	05	3	2	0,1	1	7	4	8	41
14/01/2025	06	3	3	0,1	1	8	4	9	38
14/01/2025	07	3	2	0,1	1	7	5	8	37
14/01/2025	08	7	4	0,1	1	14	12	15	36
14/01/2025	09	4	4	0,1	2	13	14	16	42
14/01/2025	10	4	3	0,1	3	11	15	15	50
14/01/2025	11	4	3	0,1	3	9	11	12	67
14/01/2025	12	4	2	0,1	2	7	10	10	75
14/01/2025	13	4	3	0,1	3	9	13	14	73
14/01/2025	14	5	3	0,1	3	9	20	13	75
14/01/2025	15	7	4	0,1	4	14	53	19	66
14/01/2025	16	6	5	0,1	4	20	35	26	64
14/01/2025	17	5	3	0,1	3	12	27	17	72
14/01/2025	18	7	4	0,1	3	16	39	20	37
14/01/2025	19	6	4	0,1	2	16	19	19	32
14/01/2025	20	5	3	0,1	1	13	13	14	36
14/01/2025	21	6	4	0,1	2	15	13	18	28
14/01/2025	22	6	4	0,1	1	18	13	20	26
14/01/2025	23	7	4	0,1	1	17	13	18	27
15/01/2025	00	7	4	0,1	1	15	14	17	32
15/01/2025	01	6	4	0,1	1	14	11	14	28
15/01/2025	02	5	3	0,1	1	12	7	13	25
15/01/2025	03	5	3	0,1	1	11	6	12	32
15/01/2025	04	4	3	0,1	1	9	5	10	33
15/01/2025	05	4	3	0,1	1	8	7	9	35
15/01/2025	06	3	3	0,1	1	10	6	11	32
15/01/2025	07	4	3	0,1	1	9	9	10	32
15/01/2025	08	4	3	0,1	1	11	17	11	31
15/01/2025	09	4	4	0,1	2	14	11	17	36
15/01/2025	10	4	4	0,1	4	14	14	19	44
15/01/2025	11	4	3	0,1	4	11	11	16	58
15/01/2025	12	4	3	0,1	3	13	12	18	67
15/01/2025	13	4	4	0,1	4	15	15	22	68
15/01/2025	14	5	3	0,1	4	12	28	18	72
15/01/2025	15	4	3	0,1	3	10	30	14	77
15/01/2025	16	8	6	0,1	5	26	42	32	52
15/01/2025	17	9	7	0,1	5	33	49	41	45
15/01/2025	18	10	7	0,2	3	32	48	36	30
15/01/2025	19	10	7	0,2	3	37	36	41	18
15/01/2025	20	12	6	0,2	3	26	38	30	16
15/01/2025	21	9	5	0,2	2	24	29	27	11
15/01/2025	22	9	6	0,2	2	26	22	28	14
15/01/2025	23	7	5	0,2	2	22	16	24	19
16/01/2025	00	6	4	0,1	2	17	13	19	26
16/01/2025	01	5	4	0,1	1	13	11	15	29
16/01/2025	02	5	3	0,1	1	11	10	13	29
16/01/2025	03	4	3	0,1	1	9	8	11	33
16/01/2025	04	3	3	0,1	1	8	7	9	33
16/01/2025	05	2	2	0,1	1	6	4	7	41
16/01/2025	06	2	2	0,1	1	6	4	7	41
16/01/2025	07	3	3	0,1	2	9	8	11	33
16/01/2025	08	5	3	0,1	1	11	18	13	33
16/01/2025	09	17	4	0,1	2	16	29	20	38
16/01/2025	10	9	4	0,2	3	15	19	19	53
16/01/2025	11	8	2	0,1	2	5	23	8	73
16/01/2025	12	7	2	0,1	3	7	16	11	76
16/01/2025	13	6	2	0,1	2	6	15	9	83
16/01/2025	14	6	2	0,1	2	6	20	9	84
16/01/2025	15	8	2	0,1	2	7	43	10	84
16/01/2025	16	7	2	0,2	2	7	16	10	76
16/01/2025	17	3	2	0,2	3	7	4	11	69
16/01/2025	18	2	2	0,2	2	6	3	9	66
16/01/2025	19	2	2	0,2	2	5	2	8	69
16/01/2025	20	2	2	0,2	1	5	2	7	72
16/01/2025	21	3	2	0,2	1	6	3	8	66
16/01/2025	22	3	2	0,2	2	5	4	8	64
16/01/2025	23	4	2	0,2	2	6	4	8	63
17/01/2025	00	3	2	0,2	2	7	3	10	63
17/01/2025	01	2	2	0,2	2	7	3	9	60
17/01/2025	02	1	2	0,2	1	6	2	8	60
17/01/2025	03	1	2	0,2	1	6	2	7	63
17/01/2025	04	1	2	0,1	1	5	1	7	65
17/01/2025	05	1	2	0,1	2	4	1	6	67
17/01/2025	06	1	2	0,1	2	5	1	7	68
17/01/2025	07	1	2	0,1	2	5	2	8	69
17/01/2025	08	1	2	0,1	2	4	2	7	68
17/01/2025	09	2	2	0,2	2	5	2	8	62
17/01/2025	10	3	2	0,2	2	6	3	9	61
17/01/2025	11	2	2	0,2	2	5	2	8	64
17/01/2025	12	2	2	0,2	2	7	3	9	58
17/01/2025	13	4	2	0,2	2	6	5	10	62
17/01/2025	14	4	2	0,1	2	7	5	11	64
17/01/2025	15	4	2	0,1	3	7	6	11	67
17/01/2025	16	4	3	0,1	2	8	6	11	69
17/01/2025	17	4	2	0,1	2	7	6	10	67
17/01/2025	18	3	2	0,1	2	7	5	10	65
17/01/2025	19	3	2	0,1	2	7	5	10	61
17/01/2025	20	3	2	0,1	2	7	4	9	57
17/01/2025	21	4	2	0,1	2	7	5	10	54
17/01/2025	22	4	3	0,2	2	9	5	12	49
17/01/2025	23	4	3	0,2	2	10	4	14	45
18/01/2025	00	3	3	0,2	2	9	4	12	44
18/01/2025	01	3	3	0,2	2	10	4	12	25
18/01/2025	02	3	3	0,2	2	10	3	13	25
18/01/2025	03	2	3	0,1	2	9	2	11	30
18/01/2025	04	2	2	0,1	1	7	2	9	28
18/01/2025	05	2	2	0,1	1	6	2	8	28
18/01/2025	06	2	2	0,1	1	7	2	8	30
18/01/2025	07	1	3	0,1	1	9	2	11	27
18/01/2025	08	4	3	0,1	1	11	6	13	26
18/01/2025	09	4	3	0,1	2	11	4	14	40
18/01/2025	10	1	2	0,1	1	6	1	8	65
18/01/2025	11	1	2	0,1	2	5	1	7	72
18/01/2025	12	1	2	0,1	2	5	1	8	80
18/01/2025	13	1	2	0,1	2	4	1	7	82
18/01/2025	14	1	3	0,1	2	7	1	10	77
18/01/2025	15	1	3	0,1	3	10	1	14	72
18/01/2025	16	1	4	0,1	3	13	1	18	67
18/01/2025	17	1	3	0,2	2	10	1	13	61
18/01/2025	18	1	5	0,2	3	22	1	25	24
18/01/2025	19	1	4	0,2	3	14	1	18	24
18/01/2025	20	1	4	0,2	2	14	1	16	21
18/01/2025	21	1	4	0,2	1	14	1	16	18
18/01/2025	22	1	4	0,2	2	14	1	16	23
18/01/2025	23	1	3	0,2	1	13	1	14	22
19/01/2025	00	1	3	0,2	1	12	1	13	23
19/01/2025	01	1	3	0,2	1	9	1	10	22
19/01/2025	02	1	3	0,1	1	8	1	9	30
19/01/2025	03	1	2	0,1	1	5	1	7	28
19/01/2025	04	1	2	0,1	1	6	1	7	26
19/01/2025	05	1	2	0,1	1	5	1	6	30
19/01/2025	06	1	2	0,1	1	6	1	7	27
19/01/2025	07	1	2	0,1	1	5	1	6	29
19/01/2025	08	1	3	0,1	1	9	1	10	25
19/01/2025	09	1	2	0,1	1	7	1	8	36
19/01/2025	10	1	3	0,1	2	9	1	11	43
19/01/2025	11	1	2	0,1	1	7	1	9	55
19/01/2025	12	1	2	0,1	2	7	1	9	69
19/01/2025	13	1	3	0,1	3	9	1	14	70
19/01/2025	14	1	3	0,1	3	9	1	13	74
19/01/2025	15	1	3	0,1	3	9	1	13	78
19/01/2025	16	1	3	0,1	2	9	1	12	79
19/01/2025	17	1	3	0,1	2	10	1	13	77
19/01/2025	18	1	4	0,2	3	18	1	21	48
19/01/2025	19	1	4	0,2	2	15	1	19	33
19/01/2025	20	1	3	0,2	2	12	1	15	28
19/01/2025	21	1	4	0,2	2	14	1	17	33
19/01/2025	22	1	4	0,2	2	14	1	17	26
19/01/2025	23	1	4	0,2	2	14	1	16	26
20/01/2025	00	1	3	0,2	1	12	1	14	30
20/01/2025	01	1	3	0,1	1	10	1	11	31
20/01/2025	02	1	3	0,2	1	8	1	9	29
20/01/2025	03	1	2	0,1	1	7	1	8	28
20/01/2025	04	1	2	0,1	1	6	1	7	35
20/01/2025	05	1	2	0,1	1	5	1	6	34
20/01/2025	06	1	2	0,1	1	5	1	7	31
20/01/2025	07	1	3	0,1	2	12	1	15	17
20/01/2025	08	1	3	0,1	2	12	1	15	17
20/01/2025	09	1	4	0,1	3	15	1	19	25
20/01/2025	10	1	4	0,1	4	14	1	20	32
20/01/2025	11	1	4	0,2	5	14	1	21	46
20/01/2025	12	2	3	0,1	3	9	3	13	68
20/01/2025	13	3	3	0,1	3	8	5	12	68
20/01/2025	14	4	3	0,1	2	8	6	11	66
20/01/2025	15	6	3	0,2	2	9	8	12	56
20/01/2025	16	4	3	0,2	2	9	6	13	48
20/01/2025	17	5	4	0,2	3	16	11	21	41
20/01/2025	18	7	5	0,2	4	21	10	27	13
20/01/2025	19	17	5	0,4	3	23	20	29	11
20/01/2025	20	13	5	0,3	3	21	16	25	14
20/01/2025	21	10	5	0,3	4	20	12	25	10
20/01/2025	22	10	5	0,3	4	19	12	25	10
20/01/2025	23	9	5	0,3	3	22	11	26	9
21/01/2025	00	10	5	0,3	3	19	11	23	9
21/01/2025	01	9	4	0,3	2	15	10	19	10
21/01/2025	02	9	4	0,3	2	14	10	18	9
21/01/2025	03	7	3	0,3	3	11	8	14	17
21/01/2025	04	6	3	0,2	3	11	7	15	16
21/01/2025	05	8	4	0,2	2	17	10	21	11
21/01/2025	06	8	4	0,2	2	15	10	19	10
21/01/2025	07	7	4	0,2	2	15	8	19	10
21/01/2025	08	7	4	0,2	5	18	8	25	6
21/01/2025	09	6	4	0,2	4	14	7	21	11
21/01/2025	10	5	4	0,2	5	14	6	22	14
21/01/2025	11	9	4	0,2	5	15	10	22	16
21/01/2025	12	22	6	0,3	10	25	26	40	20
21/01/2025	13	18	6	0,3	16	28	31	52	27
21/01/2025	14		8	0,2	16	38		62	22
21/01/2025	15		6	0,2	12	30		48	23
21/01/2025	16		7	0,2	11	33		50	16
21/01/2025	17		8	0,2	12	40		57	10
21/01/2025	18		9	0,2	10	43		59	6
21/01/2025	19		7	0,2	5	34		41	10
21/01/2025	20		6	0,3	4	29		35	8
21/01/2025	21		5	0,3	3	22		27	7
21/01/2025	22		4	0,3	4	17		23	7
21/01/2025	23		4	0,2	5	19		26	7
22/01/2025	00		4	0,2	5	18		25	7
22/01/2025	01		4	0,2	3	16		21	7
22/01/2025	02		3	0,2	3	12		17	7
22/01/2025	03		3	0,2	2	10		13	8
22/01/2025	04		3	0,2	2	8		11	6
22/01/2025	05		2	0,2	3	6		10	7
22/01/2025	06		2	0,1	2	7		9	7
22/01/2025	07		2	0,1	4	7		13	6
22/01/2025	08		4	0,1	6	12		22	6
22/01/2025	09		4	0,1	11	14		31	13
22/01/2025	10		4	0,1	6	17		26	28
22/01/2025	11		4	0,2	5	15		22	41
22/01/2025	12		3	0,1	3	10		14	65
22/01/2025	13		3	0,1	2	8		11	71
22/01/2025	14		3	0,1	3	8		11	73
22/01/2025	15		2	0,1	3	6		10	77
22/01/2025	16		2	0,1	2	5		8	78
22/01/2025	17		2	0,1	2	6		10	73
22/01/2025	18		2	0,1	2	6		9	80
22/01/2025	19		2	0,1	2	6		9	72
22/01/2025	20		3	0,1	2	9		11	53
22/01/2025	21		3	0,1	2	10		13	49
22/01/2025	22		3	0,2	2	11		13	42
22/01/2025	23		3	0,2	2	13		17	26
23/01/2025	00		3	0,2	3	10		13	24
23/01/2025	01		3	0,2	2	8		11	25
23/01/2025	02		2	0,1	2	6		9	30
23/01/2025	03		2	0,1	2	6		9	32
23/01/2025	04		2	0,1	2	6		9	69
23/01/2025	05		2	0,1	2	5		8	74
23/01/2025	06		2	0,1	2	6		9	62
23/01/2025	07		3	0,1	2	12		15	52
23/01/2025	08		2	0,1	2	7		9	69
23/01/2025	09		2	0,1	2	6		9	70
23/01/2025	10		2	0,1	2	6		8	74
23/01/2025	11		2	0,1	2	5		8	79
23/01/2025	12		2	0,1	2	4		7	79
23/01/2025	13		2	0,1	2	5		8	79
23/01/2025	14		2	0,1	3	5		9	80
23/01/2025	15		2	0,1	2	5		8	85
23/01/2025	16		2	0,1	2	4		7	85
23/01/2025	17		2	0,1	2	5		7	84
23/01/2025	18		2	0,1	2	5		8	81
23/01/2025	19		3	0,1	2	9		12	62
23/01/2025	20	5	4	0,1	2	16	13	19	45
23/01/2025	21	5	4	0,2	2	17	9	20	33
23/01/2025	22	5	4	0,2	2	13	5	16	23
23/01/2025	23	4	3	0,2	2	13	5	16	17
24/01/2025	00	3	3	0,2	2	11	3	14	18
24/01/2025	01	2	3	0,1	2	10	3	14	19
24/01/2025	02	2	3	0,1	3	12	2	16	21
24/01/2025	03	2	3	0,1	2	9	2	12	23
24/01/2025	04	2	3	0,1	2	9	3	12	22
24/01/2025	05	1	3	0,1	2	8	2	11	25
24/01/2025	06	1	3	0,1	2	9	2	12	23
24/01/2025	07	2	4	0,1	3	14	2	19	11
24/01/2025	08	3	4	0,1	5	18	3	26	10
24/01/2025	09	9	4	0,2	7	17	11	28	25
24/01/2025	10	5	4	0,2	4	13	7	19	45
24/01/2025	11	2	3	0,1	3	9	3	13	70
24/01/2025	12	1	2	0,1	2	5	2	8	83
24/01/2025	13	2	2	0,1	2	5	4	7	83
24/01/2025	14	3	2	0,1	2	5	6	8	86
24/01/2025	15	2	2	0,1	2	5	3	8	85
24/01/2025	16	2	2	0,1	2	5	3	7	86
24/01/2025	17	3	2	0,1	2	5	3	8	84
24/01/2025	18	3	2	0,1	2	6	6	9	73
24/01/2025	19	4	4	0,2	2	15	7	18	46
24/01/2025	20	5	4	0,2	2	19	8	21	40
24/01/2025	21	7	4	0,2	2	19	9	22	32
24/01/2025	22	3	3	0,1	2	12	3	15	60
24/01/2025	23	3	3	0,2	2	9	4	12	41
25/01/2025	00	4	3	0,2	2	10	4	13	30
25/01/2025	01	4	3	0,3	2	10	5	13	34
25/01/2025	02	4	3	0,2	2	9	4	12	30
25/01/2025	03	3	2	0,1	3	7	3	11	46
25/01/2025	04	3	2	0,1	2	5	5	8	81
25/01/2025	05	2	2	0,1	2	5	4	8	65
25/01/2025	06	2	2	0,1	2	5	3	8	73
25/01/2025	07	3	3	0,1	2	8	4	10	60
25/01/2025	08	3	3	0,1	3	10	5	13	56
25/01/2025	09	3	3	0,1	2	8	5	10	67
25/01/2025	10	4	3	0,1	2	9	8	13	58
25/01/2025	11	5	3	0,1	2	11	8	14	60
25/01/2025	12	3	2	0,1	2	7	4	9	74
25/01/2025	13	2	2	0,1	2	5	5	8	79
25/01/2025	14	2	2	0,1	2	5	4	7	82
25/01/2025	15	1	2	0,1	2	4	2	7	81
25/01/2025	16	1	2	0,1	2	5	2	7	80
25/01/2025	17	1	2	0,1	2	4	1	7	77
25/01/2025	18	2	2	0,1	2	8	5	11	63
25/01/2025	19	2	3	0,1	2	11	2	14	63
25/01/2025	20	1	2	0,1	2	6	1	9	75
25/01/2025	21	1	2	0,1	2	4	1	8	75
25/01/2025	22	1	2	0,1	2	4	1	8	71
25/01/2025	23	1	2	0,1	2	6	2	9	43
26/01/2025	00	1	2	0,2	2	7	1	10	47
26/01/2025	01	1	2	0,1	2	5	1	8	54
26/01/2025	02	1	2	0,1	2	5	1	8	55
26/01/2025	03	1	2	0,1	2	5	1	8	37
26/01/2025	04	1	2	0,1	2	5	1	8	34
26/01/2025	05	1	2	0,1	2	4	1	8	31
26/01/2025	06	1	2	0,1	2	5	1	8	39
26/01/2025	07	1	2	0,1	2	6	1	9	33
26/01/2025	08	1	2	0,1	2	5	2	8	28
26/01/2025	09	1	2	0,1	1	7	2	9	57
26/01/2025	10	1	2	0,1	2	6	2	9	68
26/01/2025	11	1	2	0,1	2	5	2	7	77
26/01/2025	12	1	2	0,1	2	4	5	7	78
26/01/2025	13		2	0,1	2	4		6	81
26/01/2025	14		2	0,1	2	4		7	80
26/01/2025	15		2	0,1	2	4		7	77
26/01/2025	16		2	0,1	2	6		9	73
26/01/2025	17		2	0,1	2	5		9	72
26/01/2025	18		2	0,2	2	6		10	63
26/01/2025	19		3	0,2	2	8		11	65
26/01/2025	20		3	0,2	2	8		10	65
26/01/2025	21		3	0,2	2	10		13	58
26/01/2025	22		3	0,2	2	10		13	59
26/01/2025	23		3	0,2	2	9		12	58
27/01/2025	00		3	0,2	2	8		11	60
27/01/2025	01		2	0,1	2	6		8	63
27/01/2025	02		2	0,1	2	6		8	61
27/01/2025	03		2	0,1	2	7		9	58
27/01/2025	04		2	0,1	2	6		9	55
27/01/2025	05		3	0,1	2	8		11	53
27/01/2025	06		3	0,1	2	8		11	53
27/01/2025	07		3	0,1	2	8		11	52
27/01/2025	08		3	0,1	2	7		10	58
27/01/2025	09		2	0,1	2	7		10	59
27/01/2025	10		2	0,1	2	6		8	61
27/01/2025	11		2	0,1	2	4		7	61
27/01/2025	12		2	0,1	2	5		8	61
27/01/2025	13		2	0,1	2	5		8	63
27/01/2025	14		2	0,1	2	4		7	63
27/01/2025	15		2	0,1	2	4		8	65
27/01/2025	16		2	0,1	2	4		7	67
27/01/2025	17		2	0,1	2	4		7	64
27/01/2025	18		2	0,1	2	5		8	62
27/01/2025	19		2	0,1	2	5		7	60
27/01/2025	20		2	0,1	2	5		7	70
27/01/2025	21		2	0,1	2	4		8	78
27/01/2025	22		2	0,1	2	4		6	84
27/01/2025	23		2	0,1	1	2		4	88
28/01/2025	00		2	0,1	2	2		5	89
28/01/2025	01		2	0,1	2	2		5	88
28/01/2025	02		2	0,1	2	2		5	89
28/01/2025	03		2	0,1	2	2		5	88
28/01/2025	04		2	0,1	1	2		4	88
28/01/2025	05		2	0,1	1	2		5	88
28/01/2025	06		2	0,1	1	2		4	83
28/01/2025	07		2	0,1	1	2		4	84
28/01/2025	08		2	0,1	1	2		3	85
28/01/2025	09		2	0,1	1	2		4	87
28/01/2025	10		2	0,1	1	2		4	93
28/01/2025	11		2	0,1	1	2		4	91
28/01/2025	12		2	0,1	1	2		4	88
28/01/2025	13		2	0,1	1	2		3	86
28/01/2025	14		2	0,1	1	2		3	87
28/01/2025	15		2	0,1	1	2		3	86
28/01/2025	16		2	0,1	1	2		4	86
28/01/2025	17		2	0,1	1	3		4	81
28/01/2025	18		2	0,1	1	4		6	73
28/01/2025	19		2	0,1	1	3		4	80
28/01/2025	20		2	0,1	1	3		4	77
28/01/2025	21		2	0,1	1	3		5	73
28/01/2025	22		2	0,1	1	3		4	73
28/01/2025	23		2	0,1	1	2		4	76
29/01/2025	00		2	0,1	1	3		4	76
29/01/2025	01		2	0,1	1	2		4	74
29/01/2025	02		2	0,1	1	2		3	76
29/01/2025	03		2	0,1	1	2		4	79
29/01/2025	04		2	0,1	1	2		4	75
29/01/2025	05		2	0,1	1	2		4	66
29/01/2025	06		2	0,1	1	5		7	60
29/01/2025	07		2	0,1	1	4		7	57
29/01/2025	08		2	0,1	1	4		6	62
29/01/2025	09		2	0,1	1	6		8	61
29/01/2025	10		2	0,1	1	2		4	74
29/01/2025	11		2	0,1	1	3		4	69
29/01/2025	12		2	0,1	1	3		4	70
29/01/2025	13		2	0,1	1	2		4	80
29/01/2025	14		2	0,1	1	3		4	76
29/01/2025	15		2	0,1	1	2		4	79
29/01/2025	16		2	0,1	1	3		4	78
29/01/2025	17		2	0,1	1	4		5	65
29/01/2025	18		3	0,2	1	9		10	50
29/01/2025	19		4	0,2	2	16		18	39
29/01/2025	20		5	0,2	1	20		22	38
29/01/2025	21		3	0,2	1	13		14	53
29/01/2025	22		2	0,1	1	6		7	70
29/01/2025	23		2	0,2	1	6		7	56
30/01/2025	00		2	0,2	1	5		7	54
30/01/2025	01		2	0,1	1	3		4	52
30/01/2025	02		2	0,1	1	2		4	63
30/01/2025	03		2	0,1	1	2		4	69
30/01/2025	04		2	0,1	1	3		4	50
30/01/2025	05		2	0,1	1	2		4	70
30/01/2025	06		2	0,1	1	3		4	71
30/01/2025	07		2	0,1	1	6		7	45
30/01/2025	08		2	0,1	1	5		6	49
30/01/2025	09	5	2	0,1	1	3	14	5	79
30/01/2025	10	3	2	0,1	1	3	6	5	78
30/01/2025	11	2	2	0,1	1	3	4	5	79
30/01/2025	12	1	2	0,1	1	3	2	5	78
30/01/2025	13	1	2	0,1	2	3	2	5	76
30/01/2025	14	2	2	0,1	1	3	2	5	76
30/01/2025	15	2	2	0,1	1	4	4	5	73
30/01/2025	16	1	2	0,1	1	4	2	6	74
30/01/2025	17	1	2	0,1	1	4	3	6	76
30/01/2025	18	1	2	0,1	2	3	3	6	76
30/01/2025	19	1	2	0,1	1	4	1	5	75
30/01/2025	20	2	2	0,1	1	4	2	6	74
30/01/2025	21	1	2	0,1	1	4	2	5	72
30/01/2025	22	2	2	0,1	1	3	2	5	70
30/01/2025	23	1	2	0,1	1	3	1	5	69
31/01/2025	00	1	2	0,1	2	3	1	6	65
31/01/2025	01	1	2	0,1	2	4	1	7	65
31/01/2025	02	1	2	0,1	1	3	1	5	72
31/01/2025	03	1	2	0,1	1	3	1	5	72
31/01/2025	04	1	2	0,1	2	3	1	5	73
31/01/2025	05	1	2	0,1	1	3	1	5	73
31/01/2025	06	1	2	0,1	2	2	1	5	71
31/01/2025	07	1	2	0,1	2	4	1	7	69
31/01/2025	08	1	2	0,1	1	4	2	6	70
31/01/2025	09	1	2	0,1	1	4	2	5	72
31/01/2025	10	2	2	0,1	1	3	3	5	71
31/01/2025	11	2	2	0,1	1	3	3	5	74
31/01/2025	12	3	2	0,1	2	2	4	5	77
31/01/2025	13	2	2	0,1	1	3	4	5	82
31/01/2025	14	3	2	0,1	1	3	7	5	86
31/01/2025	15	2	2	0,1	1	3	7	5	85
31/01/2025	16	4	3	0,1	1	7	13	10	75
31/01/2025	17	7	3	0,2	2	12	21	15	69
31/01/2025	18	5	3	0,2	2	8	13	11	64
31/01/2025	19	9	3	0,2	1	9	16	11	44
31/01/2025	20	15	3	0,2	2	9	19	11	32
31/01/2025	21	11	3	0,2	1	11	13	12	32
31/01/2025	22	9	3	0,2	2	12	11	14	25
31/01/2025	23	10	3	0,2	1	12	11	14	22
01/02/2025	00	9	3	0,2	1	11	10	13	22
01/02/2025	01	8	3	0,1	2	12	9	14	23
01/02/2025	02	7	3	0,1	1	12	7	14	24
01/02/2025	03	6	3	0,1	1	11	6	12	23
01/02/2025	04	7	3	0,1	1	9	8	10	17
01/02/2025	05	5	3	0,1	1	7	6	8	23
01/02/2025	06	4	2	0,1	1	7	5	8	37
01/02/2025	07	3	3	0,1	1	9	4	10	38
01/02/2025	08	15	3	0,1	1	12	19	14	30
01/02/2025	09	20	3	0,1	2	12	24	16	39
01/02/2025	10	38	4	0,1	4	13	44	18	46
01/02/2025	11	7	2	0,1	2	5	9	8	70
01/02/2025	12	2	2	0,1	1	5	3	7	73
01/02/2025	13	8	3	0,1	2	8	16	12	64
01/02/2025	14	8	3	0,1	3	12	18	17	63
01/02/2025	15	6	3	0,1	3	10	10	14	69
01/02/2025	16	4	3	0,1	2	8	6	11	75
01/02/2025	17	5	2	0,1	2	7	7	9	62
01/02/2025	18	13	3	0,2	2	10	15	13	45
01/02/2025	19	8	3	0,2	2	10	8	13	44
01/02/2025	20	7	2	0,1	2	7	7	10	51
01/02/2025	21	15	3	0,2	2	10	16	13	33
01/02/2025	22	11	3	0,2	2	10	12	13	34
01/02/2025	23	10	3	0,2	2	9	11	11	34
02/02/2025	00	8	3	0,1	2	8	8	10	42
02/02/2025	01	10	3	0,1	2	8	10	11	38
02/02/2025	02	9	2	0,2	2	7	9	10	32
02/02/2025	03	8	2	0,2	2	7	8	9	33
02/02/2025	04	5	2	0,1	2	7	6	10	36
02/02/2025	05	4	2	0,1	2	6	5	8	32
02/02/2025	06	3	2	0,1	1	3	3	5	38
02/02/2025	07	2	2	0,1	1	3	3	5	47
02/02/2025	08	3	2	0,1	1	3	3	5	58
02/02/2025	09	4	2	0,1	1	4	5	6	62
02/02/2025	10	2	2	0,1	1	3	2	5	76
02/02/2025	11	2	2	0,1	2	4	2	7	76
02/02/2025	12	3	2	0,1	2	6	5	9	71
02/02/2025	13	4	2	0,1	2	6	6	9	75
02/02/2025	14	3	2	0,1	2	6	4	9	77
02/02/2025	15	3	2	0,1	2	5	3	8	78
02/02/2025	16	2	2	0,1	2	6	3	9	78
02/02/2025	17	4	2	0,1	2	8	6	11	73
02/02/2025	18	7	4	0,1	3	16	9	20	50
02/02/2025	19	8	4	0,2	2	13	10	16	42
02/02/2025	20	9	3	0,1	2	9	10	12	41
02/02/2025	21	10	3	0,2	1	13	11	15	31
02/02/2025	22	11	4	0,1	1	13	12	15	25
02/02/2025	23	12	4	0,2	2	14	13	16	26
03/02/2025	00	11	3	0,2	1	11	12	13	29
03/02/2025	01	10	3	0,1	1	9	11	10	29
03/02/2025	02	9	2	0,1	1	7	9	8	32
03/02/2025	03	8	2	0,1	1	6	8	8	28
03/02/2025	04	6	2	0,1	1	5	7	7	26
03/02/2025	05	5	2	0,1	1	4	5	6	32
03/02/2025	06	5	3	0,1	1	9	6	11	20
03/02/2025	07	5	4	0,1	2	15	6	18	15
03/02/2025	08	7	4	0,1	5	19	8	27	17
03/02/2025	09	11	4	0,1	4	14	18	21	37
03/02/2025	10	8	3	0,1	3	10	10	15	55
03/02/2025	11	5	2	0,1	2	7	7	11	73
03/02/2025	12	4	2	0,1	2	5	4	9	81
03/02/2025	13	6	3	0,1	2	8	15	11	79
03/02/2025	14	8	3	0,1	3	11	29	16	74
03/02/2025	15	8	3	0,1	3	13	36	18	75
03/02/2025	16	8	4	0,1	3	13	45	18	75
03/02/2025	17	9	4	0,1	3	16	50	20	69
03/02/2025	18	15	5	0,2	3	22	58	26	41
03/02/2025	19	13	4	0,2	2	18	28	20	37
03/02/2025	20	14	4	0,2	2	13	25	17	35
03/02/2025	21	18	4	0,2	2	15	26	18	28
03/02/2025	22	15	4	0,2	2	15	20	19	28
03/02/2025	23	17	4	0,2	2	17	20	20	26
04/02/2025	00	14	3	0,2	1	13	17	15	29
04/02/2025	01	11	3	0,1	1	11	14	12	30
04/02/2025	02	9	3	0,1	1	8	11	10	35
04/02/2025	03	8	2	0,1	1	6	10	7	38
04/02/2025	04	8	2	0,1	1	6	10	8	31
04/02/2025	05	7	2	0,1	1	7	9	8	33
04/02/2025	06	7	3	0,1	1	9	8	10	30
04/02/2025	07	6	3	0,1	1	11	8	12	30
04/02/2025	08	14	4	0,1	2	14	18	17	29
04/02/2025	09	16	4	0,1	4	15	22	21	40
04/02/2025	10	12	3	0,1	3	10	19	15	51
04/02/2025	11	8	3	0,1	3	9	17	14	65
04/02/2025	12	7	3	0,1	3	9	14	14	73
04/02/2025	13	4	2	0,1	3	7	10	12	87
04/02/2025	14	3	2	0,1	2	5	8	8	91
04/02/2025	15	4	2	0,1	2	5	10	8	91
04/02/2025	16	6	2	0,1	2	7	21	10	89
04/02/2025	17	8	4	0,1	2	18	33	21	70
04/02/2025	18	14	5	0,1	2	23	36	27	60
04/02/2025	19	17	5	0,2	3	23	34	28	49
04/02/2025	20	22	6	0,2	3	25	34	29	32
04/02/2025	21	18	4	0,2	3	19	28	22	33
04/02/2025	22	20	4	0,2	2	19	26	22	25
04/02/2025	23	19	4	0,2	2	18	26	21	25
05/02/2025	00	17	4	0,2	2	18	23	21	23
05/02/2025	01	18	5	0,2	2	20	24	23	17
05/02/2025	02	16	4	0,1	1	14	22	16	24
05/02/2025	03	13	3	0,1	2	12	18	14	24
05/02/2025	04	8	3	0,1	1	9	11	11	34
05/02/2025	05	6	2	0,1	1	7	8	9	36
05/02/2025	06	6	3	0,1	1	9	8	11	30
05/02/2025	07	6	4	0,1	1	13	7	15	29
05/02/2025	08	10	4	0,1	1	14	13	16	30
05/02/2025	09	21	4	0,1	3	15	34	20	39
05/02/2025	10	14	3	0,1	4	13	26	20	49
05/02/2025	11	8	3	0,1	4	11	16	16	66
05/02/2025	12	14	4	0,1	5	18	51	25	67
05/02/2025	13	6	3	0,1	4	10	14	15	79
05/02/2025	14	7	3	0,1	2	8	16	11	82
05/02/2025	15	7	3	0,1	2	8	32	12	82
05/02/2025	16	12	3	0,1	2	12	31	16	76
05/02/2025	17	24	5	0,2	3	19	58	24	67
05/02/2025	18	26	6	0,2	2	28	54	32	45
05/02/2025	19	22	5	0,2	3	23	33	27	32
05/02/2025	20	23	4	0,2	2	17	30	20	30
05/02/2025	21	30	4	0,2	2	17	36	20	22
05/02/2025	22	23	4	0,2	2	15	29	18	17
05/02/2025	23	20	4	0,2	2	15	27	18	26
06/02/2025	00	19	3	0,2	2	13	24	15	21
06/02/2025	01		3	0,1	1	11		12	33
06/02/2025	02		3	0,1	1	9		10	32
06/02/2025	03		3	0,1	1	9		10	33
06/02/2025	04		2	0,1	1	7		9	33
06/02/2025	05		3	0,1	1	8		10	29
06/02/2025	06		3	0,1	1	10		11	24
06/02/2025	07		4	0,1	2	17		20	16
06/02/2025	08		5	0,1	4	20		27	14
06/02/2025	09		4	0,1	4	15		20	34
06/02/2025	10		4	0,1	4	14		20	47
06/02/2025	11		3	0,1	3	11		16	67
06/02/2025	12		3	0,1	3	11		15	74
06/02/2025	13		4	0,1	5	15		22	68
06/02/2025	14		4	0,2	5	18		26	68
06/02/2025	15		4	0,2	4	17		23	79
06/02/2025	16		4	0,1	3	15		19	82
06/02/2025	17		3	0,1	3	13		17	80
06/02/2025	18		5	0,2	3	18		22	54
06/02/2025	19		4	0,2	2	18		21	33
06/02/2025	20		3	0,2	2	13		17	39
06/02/2025	21		3	0,2	2	12		15	29
06/02/2025	22		4	0,2	2	15		17	23
06/02/2025	23		4	0,2	2	16		18	24
07/02/2025	00		4	0,2	1	13		15	22
07/02/2025	01		3	0,1	1	12		14	23
07/02/2025	02		3	0,1	2	10		13	23
07/02/2025	03		3	0,1	1	10		11	22
07/02/2025	04		3	0,1	1	11		12	24
07/02/2025	05		3	0,1	1	12		13	23
07/02/2025	06		3	0,1	1	12		14	18
07/02/2025	07		3	0,1	1	12		14	16
07/02/2025	08	15	3	0,1	2	12	18	14	18
07/02/2025	09	16	3	0,1	4	13	20	19	29
07/02/2025	10	16	3	0,1	4	11	20	17	51
07/02/2025	11	15	3	0,1	2	8	19	11	75
07/02/2025	12	18	4	0,2	5	15	30	22	60
07/02/2025	13	14	4	0,1	5	18	26	25	65
07/02/2025	14	17	5	0,2	5	21	36	29	63
07/02/2025	15	13	3	0,1	4	13	24	18	88
07/02/2025	16	10	3	0,1	2	11	18	14	93
07/02/2025	17	10	3	0,2	2	11	19	14	89
07/02/2025	18	11	4	0,2	2	17	19	20	60
07/02/2025	19	13	4	0,2	2	18	19	21	64
07/02/2025	20	11	4	0,2	2	15	16	17	68
07/02/2025	21	14	4	0,2	2	14	19	17	59
07/02/2025	22	13	3	0,2	2	12	16	15	47
07/02/2025	23	12	3	0,2	2	10	14	13	37
08/02/2025	00	8	3	0,2	2	9	9	11	62
08/02/2025	01	5	2	0,1	1	7	6	9	76
08/02/2025	02	5	2	0,1	2	6	6	8	74
08/02/2025	03	4	2	0,1	1	6	4	8	70
08/02/2025	04	3	2	0,1	2	7	3	10	69
08/02/2025	05	2	2	0,1	2	5	2	8	70
08/02/2025	06	2	2	0,1	2	5	2	7	68
08/02/2025	07	1	2	0,1	2	6	1	8	67
08/02/2025	08	1	2	0,1	2	7	1	10	65
08/02/2025	09	2	2	0,1	2	7	3	9	62
08/02/2025	10	1	2	0,1	2	5	1	8	65
08/02/2025	11	1	2	0,1	2	5	1	7	72
08/02/2025	12	1	2	0,1	2	4	1	7	81
08/02/2025	13	1	2	0,1	2	4	2	7	83
08/02/2025	14	1	2	0,1	2	5	2	8	89
08/02/2025	15	1	2	0,1	2	4	1	7	91
08/02/2025	16	1	2	0,1	2	5	2	8	88
08/02/2025	17	3	3	0,2	2	8	6	10	71
08/02/2025	18	4	3	0,2	2	9	18	12	61
08/02/2025	19	6	3	0,2	2	12	11	15	39
08/02/2025	20	8	3	0,2	2	13	10	17	34
08/02/2025	21	7	3	0,2	2	10	9	14	29
08/02/2025	22	7	3	0,2	2	11	8	14	29
08/02/2025	23	7	3	0,2	2	12	8	15	26
09/02/2025	00	7	3	0,2	1	11	7	13	22
09/02/2025	01	6	3	0,2	2	9	7	12	30
09/02/2025	02	5	3	0,2	2	8	5	11	27
09/02/2025	03	4	3	0,1	1	8	4	10	35
09/02/2025	04	3	2	0,1	2	7	3	9	30
09/02/2025	05	3	2	0,1	1	6	3	8	35
09/02/2025	06	2	2	0,1	1	4	2	6	38
09/02/2025	07	2	2	0,1	1	6	2	7	31
09/02/2025	08	4	2	0,1	2	5	4	7	30
09/02/2025	09	4	2	0,1	1	6	4	8	43
09/02/2025	10	3	2	0,1	2	6	3	9	55
09/02/2025	11	2	2	0,1	2	7	4	11	68
09/02/2025	12	3	3	0,1	3	8	6	12	66
09/02/2025	13	3	3	0,1	3	11	7	16	69
09/02/2025	14	2	3	0,1	2	8	5	12	76
09/02/2025	15	3	2	0,1	2	7	4	10	80
09/02/2025	16	3	2	0,1	2	7	7	9	79
09/02/2025	17	3	2	0,1	2	7	7	9	78
09/02/2025	18	5	3	0,2	2	8	12	11	64
09/02/2025	19	8	3	0,2	2	12	12	15	37
09/02/2025	20	8	3	0,2	2	13	11	16	31
09/02/2025	21	7	3	0,2	2	11	9	14	28
09/02/2025	22	7	3	0,2	2	12	8	15	26
09/02/2025	23	7	3	0,2	2	12	8	15	25
10/02/2025	00	6	4	0,2	2	13	7	16	25
10/02/2025	01	7	3	0,2	2	10	7	13	30
10/02/2025	02	5	3	0,1	2	9	5	11	32
10/02/2025	03	5	3	0,1	2	8	5	11	33
10/02/2025	04	4	3	0,1	1	8	4	10	34
10/02/2025	05	3	3	0,1	1	9	3	11	31
10/02/2025	06	4	3	0,1	1	10	4	11	31
10/02/2025	07	4	3	0,1	2	10	4	12	30
10/02/2025	08	4	4	0,1	2	14	6	17	33
10/02/2025	09	5	4	0,1	3	15	9	20	34
10/02/2025	10	5	4	0,1	4	14	9	20	41
10/02/2025	11	9	4	0,2	3	16	18	21	49
10/02/2025	12	24	3	0,2	3	12	31	16	69
10/02/2025	13	10	3	0,2	2	9	19	13	77
10/02/2025	14	12	3	0,2	3	12	21	16	76
10/02/2025	15	7	3	0,2	3	8	13	12	84
10/02/2025	16	8	3	0,2	2	8	20	11	82
10/02/2025	17	10	4	0,2	2	13	28	16	72
10/02/2025	18	10	3	0,2	2	11	16	14	69
10/02/2025	19	10	3	0,2	2	10	14	12	60
10/02/2025	20	11	3	0,2	1	10	16	12	50
10/02/2025	21	13	3	0,2	2	13	18	16	32
10/02/2025	22	13	3	0,2	2	11	17	14	22
10/02/2025	23	14	3	0,2	2	11	18	13	20
11/02/2025	00	13	3	0,2	2	9	15	12	19
11/02/2025	01	11	3	0,2	2	10	13	13	24
11/02/2025	02	10	3	0,2	2	8	11	10	21
11/02/2025	03	8	2	0,1	1	7	9	10	24
11/02/2025	04	9	2	0,2	2	7	10	9	14
11/02/2025	05	7	2	0,1	2	7	9	9	8
11/02/2025	06	5	2	0,1	2	6	6	9	11
11/02/2025	07	5	2	0,1	2	7	6	10	11
11/02/2025	08	7	3	0,1	3	8	8	13	9
11/02/2025	09	7	3	0,1	6	11	10	20	19
11/02/2025	10	5	3	0,1	3	10	7	15	56
11/02/2025	11	4	2	0,1	2	5	7	8	81
11/02/2025	12	4	2	0,1	2	6	9	9	82
11/02/2025	13	5	3	0,1	3	8	15	13	79
11/02/2025	14	5	3	0,1	3	12	12	16	77
11/02/2025	15	7	4	0,1	4	17	14	23	71
11/02/2025	16	7	4	0,1	4	16	12	22	79
11/02/2025	17	8	3	0,1	2	11	12	15	84
11/02/2025	18	7	3	0,1	2	8	12	11	76
11/02/2025	19	8	3	0,1	2	9	11	12	53
11/02/2025	20	11	3	0,2	2	11	13	14	36
11/02/2025	21	13	3	0,2	2	12	15	15	30
11/02/2025	22	13	3	0,1	2	11	15	14	34
11/02/2025	23	13	3	0,1	1	11	15	14	34
12/02/2025	00	14	3	0,1	2	9	16	12	32
12/02/2025	01	15	3	0,2	2	8	17	11	29
12/02/2025	02	16	3	0,2	2	10	19	13	22
12/02/2025	03	17	3	0,2	2	10	20	13	21
12/02/2025	04	18	3	0,1	2	9	21	13	24
12/02/2025	05	18	3	0,1	2	11	21	13	20
12/02/2025	06	18	3	0,1	2	10	21	12	15
12/02/2025	07	18	4	0,2	3	13	20	18	11
12/02/2025	08	19	3	0,1	3	11	21	15	12
12/02/2025	09	22	3	0,2	5	9	24	17	23
12/02/2025	10	12	3	0,1	3	10	14	15	66
12/02/2025	11	9	2	0,2	2	7	13	10	67
12/02/2025	12	8	2	0,1	2	6	11	9	73
12/02/2025	13	9	2	0,1	2	6	12	10	71
12/02/2025	14	16	4	0,2	4	16	25	22	59
12/02/2025	15	21	5	0,2	5	22	31	29	55
12/02/2025	16	20	5	0,2	5	25	31	33	56
12/02/2025	17	21	5	0,2	3	21	28	26	62
12/02/2025	18	27	5	0,2	2	20	34	23	54
12/02/2025	19	26	5	0,2	2	21	32	24	42
12/02/2025	20	29	5	0,2	3	22	33	26	21
12/02/2025	21	32	5	0,2	3	21	35	26	12
12/02/2025	22	32	4	0,2	2	15	34	18	14
12/02/2025	23	26	3	0,2	2	12	28	15	12
13/02/2025	00	13	3	0,2	2	11	13	15	20
13/02/2025	01	3	3	0,1	2	8	3	11	31
13/02/2025	02	2	2	0,1	2	7	3	10	19
13/02/2025	03	1	2	0,1	2	6	1	9	53
13/02/2025	04	1	2	0,1	2	5	1	8	60
13/02/2025	05	1	2	0,1	2	5	1	7	64
13/02/2025	06	1	2	0,1	2	5	1	8	63
13/02/2025	07	1	2	0,1	2	6	1	8	61
13/02/2025	08	1	2	0,1	2	7	1	10	63
13/02/2025	09	1	2	0,1	2	6	2	8	69
13/02/2025	10	1	2	0,1	2	6	2	8	71
13/02/2025	11	1	2	0,1	2	4	1	7	77
13/02/2025	12	1	2	0,1	1	6	2	8	75
13/02/2025	13	3	3	0,1	4	11	8	17	64
13/02/2025	14	3	4	0,1	4	14	10	21	66
13/02/2025	15	2	3	0,1	3	12	12	16	72
13/02/2025	16	2	3	0,1	3	10	5	14	75
13/02/2025	17	2	3	0,1	2	10	6	13	70
13/02/2025	18	3	3	0,2	2	13	8	16	59
13/02/2025	19	4	5	0,2	2	19	10	22	44
13/02/2025	20	6	5	0,2	2	21	11	24	33
13/02/2025	21	6	4	0,2	2	18	8	21	31
13/02/2025	22	6	4	0,2	2	15	7	18	30
13/02/2025	23	6	4	0,2	3	14	7	18	27
14/02/2025	00	6	4	0,2	2	16	7	19	15
14/02/2025	01	6	4	0,2	2	15	8	18	19
14/02/2025	02	5	3	0,2	2	11	7	14	13
14/02/2025	03	5	3	0,2	2	10	6	13	14
14/02/2025	04	5	3	0,1	1	9	6	11	11
14/02/2025	05	4	3	0,1	2	8	5	10	11
14/02/2025	06	3	4	0,1	6	13	4	22	7
14/02/2025	07	3	4	0,1	3	15	4	21	10
14/02/2025	08	3	4	0,1	3	14	4	19	18
14/02/2025	09	2	3	0,1	2	10	3	13	53
14/02/2025	10	1	2	0,1	2	6	2	9	64
14/02/2025	11	2	3	0,1	3	9	4	14	61
14/02/2025	12	1	2	0,1	2	6	2	9	71
14/02/2025	13	1	2	0,1	2	5	2	8	71
14/02/2025	14	3	3	0,1	3	9	14	14	69
14/02/2025	15	4	4	0,2	4	14	25	20	76
14/02/2025	16	3	3	0,2	2	10	10	14	84
14/02/2025	17	3	3	0,1	2	9	6	13	81
14/02/2025	18	5	3	0,2	2	11	14	14	72
14/02/2025	19	6	3	0,2	2	14	10	17	55
14/02/2025	20	6	4	0,2	2	15	8	18	57
14/02/2025	21	7	4	0,2	2	16	9	18	45
14/02/2025	22	9	4	0,2	2	16	12	19	34
14/02/2025	23	9	4	0,2	2	17	12	21	30
15/02/2025	00	8	4	0,2	2	17	11	20	29
15/02/2025	01	8	4	0,2	2	15	10	18	19
15/02/2025	02	7	4	0,2	2	14	9	17	20
15/02/2025	03	6	3	0,1	2	11	7	14	19
15/02/2025	04	5	3	0,1	2	8	6	11	24
15/02/2025	05	5	2	0,1	2	7	5	9	13
15/02/2025	06	5	2	0,1	2	7	6	10	16
15/02/2025	07	4	2	0,1	2	7	5	9	9
15/02/2025	08	8	3	0,1	3	10	9	15	13
15/02/2025	09	14	3	0,2	3	11	15	16	29
15/02/2025	10	15	3	0,2	4	11	18	16	45
15/02/2025	11	10	3	0,2	3	9	12	13	70
15/02/2025	12	8	2	0,2	2	7	10	10	82
15/02/2025	13	14	3	0,2	2	8	17	11	77
15/02/2025	14	11	2	0,2	2	7	13	10	83
15/02/2025	15	8	2	0,2	2	5	11	8	87
15/02/2025	16	8	2	0,2	2	6	11	8	82
15/02/2025	17	7	2	0,2	1	5	10	7	80
15/02/2025	18	7	2	0,2	2	5	11	8	78
15/02/2025	19	10	2	0,2	2	6	15	9	72
15/02/2025	20	12	2	0,2	2	7	18	9	65
15/02/2025	21	13	2	0,2	1	6	19	8	53
15/02/2025	22	13	3	0,2	2	11	16	14	26
15/02/2025	23	12	3	0,2	2	11	16	14	15
16/02/2025	00	12	3	0,2	2	8	16	11	9
16/02/2025	01	12	2	0,2	2	7	15	10	7
16/02/2025	02	12	2	0,1	2	6	14	9	7
16/02/2025	03	14	2	0,1	2	7	15	10	13
16/02/2025	04	15	2	0,1	2	7	15	10	12
16/02/2025	05	14	2	0,1	2	6	15	9	10
16/02/2025	06	14	2	0,1	2	7	14	9	13
16/02/2025	07	13	2	0,1	2	6	14	9	11
16/02/2025	08	12	2	0,1	2	7	13	11	12
16/02/2025	09	10	3	0,1	4	8	11	13	23
16/02/2025	10	10	3	0,1	3	8	12	12	39
16/02/2025	11	7	2	0,1	2	6	10	8	59
16/02/2025	12	7	2	0,1	2	6	11	9	72
16/02/2025	13	6	2	0,1	3	8	11	12	68
16/02/2025	14	9	4	0,2	5	17	16	24	67
16/02/2025	15	9	3	0,2	3	10	13	14	80
16/02/2025	16	9	3	0,2	3	12	14	15	79
16/02/2025	17	8	2	0,2	2	7	12	10	82
16/02/2025	18	11	3	0,2	2	9	15	11	73
16/02/2025	19	13	3	0,1	2	10	16	13	42
16/02/2025	20	13	3	0,1	1	11	17	13	20
16/02/2025	21	15	3	0,2	2	11	18	14	13
16/02/2025	22	17	3	0,2	2	10	19	13	11
16/02/2025	23	17	3	0,2	2	11	18	14	11
17/02/2025	00	14	3	0,2	2	10	15	13	17
17/02/2025	01	14	3	0,2	2	9	15	11	15
17/02/2025	02	12	3	0,1	2	8	13	11	19
17/02/2025	03	10	2	0,1	2	7	13	9	17
17/02/2025	04	10	2	0,1	2	7	14	10	19
17/02/2025	05	8	3	0,1	2	8	10	11	22
17/02/2025	06	7	2	0,1	2	8	10	10	21
17/02/2025	07	7	3	0,1	2	10	10	14	17
17/02/2025	08	8	3	0,1	4	13	10	18	10
17/02/2025	09	7	4	0,1	5	14	12	22	18
17/02/2025	10	16	3	0,2	5	13	23	20	41
17/02/2025	11	26	4	0,2	5	18	34	26	47
17/02/2025	12	18	5	0,2	6	18	26	27	54
17/02/2025	13	16	3	0,2	4	12	24	17	70
17/02/2025	14	14	3	0,2	3	9	20	13	79
17/02/2025	15	11	3	0,1	2	10	26	13	84
17/02/2025	16	10	2	0,1	2	7	15	10	92
17/02/2025	17	11	3	0,1	2	8	18	11	89
17/02/2025	18	12	3	0,1	2	9	20	12	81
17/02/2025	19	13	3	0,1	2	9	20	12	56
17/02/2025	20	15	3	0,2	2	12	20	15	32
17/02/2025	21	14	3	0,2	2	11	18	14	39
17/02/2025	22	15	4	0,2	2	15	17	18	27
17/02/2025	23	14	4	0,2	3	16	16	19	36
18/02/2025	00	14	3	0,2	2	11	16	13	38
18/02/2025	01	11	3	0,1	2	10	14	13	34
18/02/2025	02	12	3	0,1	2	11	15	14	33
18/02/2025	03	11	3	0,2	2	13	15	15	30
18/02/2025	04	10	3	0,2	2	13	13	15	31
18/02/2025	05	10	3	0,1	2	13	13	16	35
18/02/2025	06	12	3	0,1	2	10	15	12	37
18/02/2025	07	13	3	0,1	2	10	17	14	37
18/02/2025	08	14	3	0,1	2	12	18	15	40
18/02/2025	09	17	3	0,1	3	12	22	16	44
18/02/2025	10	18	3	0,2	2	12	23	15	52
18/02/2025	11	13	3	0,1	1	7	18	10	80
18/02/2025	12	9	2	0,1	2	5	14	8	92
18/02/2025	13	10	2	0,1	2	7	18	9	93
18/02/2025	14	12	3	0,1	2	8	19	11	94
18/02/2025	15	10	2	0,1	2	6	27	9	96
18/02/2025	16	12	2	0,1	2	6	19	8	94
18/02/2025	17	12	2	0,2	2	6	19	8	93
18/02/2025	18	13	2	0,2	2	6	19	9	91
18/02/2025	19	13	2	0,2	2	6	18	9	86
18/02/2025	20	12	2	0,2	2	5	17	8	81
18/02/2025	21	14	2	0,2	2	7	19	9	71
18/02/2025	22	16	2	0,2	1	7	20	9	48
18/02/2025	23	15	2	0,1	2	7	18	9	23
19/02/2025	00	15	2	0,1	2	6	18	9	14
19/02/2025	01	16	2	0,1	1	6	19	9	16
19/02/2025	02	16	2	0,1	1	6	18	8	11
19/02/2025	03	16	2	0,1	2	6	18	8	11
19/02/2025	04	16	2	0,1	2	7	20	10	13
19/02/2025	05	15	2	0,1	2	7	19	9	10
19/02/2025	06	16	2	0,1	2	7	19	10	11
19/02/2025	07	16	3	0,1	2	8	19	11	12
19/02/2025	08	17	3	0,1	3	8	20	13	9
19/02/2025	09	19	3	0,1	5	12	26	20	18
19/02/2025	10	21	3	0,1	4	11	29	17	46
19/02/2025	11	17	3	0,1	3	11	26	15	76
19/02/2025	12	14	3	0,1	2	10	23	13	84
19/02/2025	13	10	3	0,1	2	8	18	12	91
19/02/2025	14	12	3	0,1	2	8	23	12	91
19/02/2025	15	12	3	0,1	2	8	28	11	95
19/02/2025	16	10	2	0,1	2	7	18	10	95
19/02/2025	17	12	2	0,1	2	6	19	9	95
19/02/2025	18	13	2	0,1	2	7	19	9	92
19/02/2025	19	13	2	0,1	2	7	19	10	54
19/02/2025	20	13	3	0,1	1	8	18	10	33
19/02/2025	21	15	3	0,1	1	8	20	10	25
19/02/2025	22	19	3	0,2	2	9	24	12	25
19/02/2025	23	19	3	0,2	2	9	23	11	25
20/02/2025	00	21	3	0,2	2	10	25	13	28
20/02/2025	01	18	3	0,2	2	10	20	13	27
20/02/2025	02	17	2	0,1	2	7	19	9	43
20/02/2025	03	18	2	0,1	2	6	20	9	34
20/02/2025	04	18	2	0,1	1	7	21	9	34
20/02/2025	05	18	3	0,1	2	8	21	10	31
20/02/2025	06	18	2	0,1	2	6	21	9	27
20/02/2025	07	19	3	0,1	2	8	23	10	20
20/02/2025	08	19	3	0,1	2	10	23	13	29
20/02/2025	09	20	4	0,1	2	13	27	17	39
20/02/2025	10	18	2	0,1	2	7	24	10	73
20/02/2025	11	17	2	0,1	2	6	23	9	82
20/02/2025	12	14	2	0,1	1	6	23	9	86
20/02/2025	13	15	2	0,1	2	8	23	11	86
20/02/2025	14	15	3	0,1	2	9	31	12	89
20/02/2025	15	17	3	0,1	1	9	28	11	95
20/02/2025	16	17	3	0,1	2	10	29	12	91
20/02/2025	17	17	3	0,1	2	10	26	13	89
20/02/2025	18	15	3	0,1	2	8	23	10	87
20/02/2025	19	17	4	0,2	2	14	25	16	77
20/02/2025	20	13	3	0,2	2	12	18	14	82
20/02/2025	21	13	3	0,2	2	9	18	11	85
20/02/2025	22	13	2	0,2	2	7	18	10	69
20/02/2025	23	13	3	0,2	2	8	18	10	64
21/02/2025	00	13	2	0,2	2	7	19	9	69
21/02/2025	01	13	2	0,2	2	6	18	8	64
21/02/2025	02	14	2	0,2	2	7	18	9	56
21/02/2025	03	14	2	0,2	1	7	20	9	49
21/02/2025	04	15	2	0,2	2	6	20	9	42
21/02/2025	05	16	3	0,2	1	7	21	9	44
21/02/2025	06	17	3	0,1	1	9	24	11	54
21/02/2025	07	15	3	0,1	2	12	20	15	38
21/02/2025	08	17	3	0,1	2	12	22	15	39
21/02/2025	09	19	3	0,2	2	11	27	14	49
21/02/2025	10	22	3	0,2	2	9	30	12	67
21/02/2025	11	18	3	0,2	2	11	29	14	74
21/02/2025	12	19	3	0,2	2	12	30	15	79
21/02/2025	13	16	3	0,2	2	12	28	15	78
21/02/2025	14	16	3	0,2	3	13	33	18	78
21/02/2025	15	12	3	0,1	2	8	22	11	91
21/02/2025	16	13	3	0,1	2	8	22	11	92
21/02/2025	17	13	3	0,1	2	8	21	11	94
21/02/2025	18	13	3	0,1	2	8	19	10	90
21/02/2025	19	13	3	0,1	2	11	19	15	84
21/02/2025	20	13	3	0,1	2	11	18	13	86
21/02/2025	21	12	2	0,1	2	7	18	9	90
21/02/2025	22	11	2	0,1	2	5	16	8	88
21/02/2025	23	11	2	0,1	2	5	16	7	89
22/02/2025	00	14	2	0,1	2	5	19	8	77
22/02/2025	01	14	2	0,1	2	6	18	8	59
22/02/2025	02	14	3	0,1	2	7	18	9	35
22/02/2025	03	13	2	0,1	2	6	16	10	23
22/02/2025	04	13	2	0,1	2	6	16	9	16
22/02/2025	05	15	2	0,1	1	6	18	8	19
22/02/2025	06	15	2	0,1	2	6	18	9	17
22/02/2025	07	18	2	0,1	1	7	21	10	14
22/02/2025	08	20	3	0,1	2	8	24	12	17
22/02/2025	09	20	3	0,2	2	9	23	13	20
22/02/2025	10	21	3	0,2	3	10	25	14	32
22/02/2025	11	16	3	0,2	2	8	23	12	59
22/02/2025	12	13	3	0,2	2	8	19	12	63
22/02/2025	13	15	3	0,2	2	8	27	12	67
22/02/2025	14	24	4	0,2	3	14	37	20	63
22/02/2025	15	24	4	0,2	3	15	37	20	70
22/02/2025	16	20	4	0,2	2	13	30	16	79
22/02/2025	17	20	3	0,1	2	8	33	11	83
22/02/2025	18	22	3	0,2	2	9	32	12	74
22/02/2025	19	13	3	0,2	2	10	18	12	79
22/02/2025	20	10	2	0,1	2	7	12	9	71
22/02/2025	21	6	2	0,1	1	6	7	9	67
22/02/2025	22	8	2	0,2	2	7	9	9	53
22/02/2025	23	9	2	0,2	2	7	9	10	40
23/02/2025	00	7	2	0,2	2	7	8	10	31
23/02/2025	01	8	2	0,2	2	7	8	10	21
23/02/2025	02	7	2	0,2	2	7	8	11	17
23/02/2025	03	7	3	0,2	2	8	8	11	16
23/02/2025	04	6	2	0,2	2	7	6	10	18
23/02/2025	05	5	2	0,1	1	6	5	9	20
23/02/2025	06	4	2	0,1	2	7	4	9	22
23/02/2025	07	4	2	0,1	2	6	5	9	24
23/02/2025	08	4	3	0,1	2	7	5	10	23
23/02/2025	09	7	3	0,1	2	8	8	11	27
23/02/2025	10	7	3	0,1	2	8	8	12	35
23/02/2025	11	4	2	0,1	2	7	5	11	63
23/02/2025	12	4	2	0,1	2	6	9	9	70
23/02/2025	13	2	2	0,1	2	6	4	8	77
23/02/2025	14	2	2	0,1	2	6	4	9	82
23/02/2025	15	2	2	0,1	2	5	4	8	85
23/02/2025	16	1	2	0,1	2	5	2	8	86
23/02/2025	17	1	2	0,1	2	4	3	7	87
23/02/2025	18	2	2	0,1	2	5	4	7	74
23/02/2025	19	5	3	0,2	2	9	7	12	41
23/02/2025	20	4	3	0,1	2	10	5	13	31
23/02/2025	21	7	3	0,2	2	9	8	12	28
23/02/2025	22	6	3	0,1	2	10	6	13	31
23/02/2025	23	5	3	0,1	2	11	6	13	21
24/02/2025	00	5	3	0,2	2	13	5	16	26
24/02/2025	01	4	3	0,1	2	10	4	12	25
24/02/2025	02	4	3	0,1	1	8	4	11	27
24/02/2025	03	4	2	0,1	1	7	4	10	26
24/02/2025	04	3	2	0,1	2	7	4	9	27
24/02/2025	05	3	2	0,1	2	7	4	10	26
24/02/2025	06	3	3	0,1	1	10	4	11	24
24/02/2025	07	4	3	0,1	1	11	4	12	24
24/02/2025	08	4	3	0,1	2	11	5	13	29
24/02/2025	09	4	4	0,1	5	15	7	22	27
24/02/2025	10	4	3	0,1	4	11	9	17	41
24/02/2025	11	5	4	0,1	4	13	11	20	51
24/02/2025	12	2	2	0,1	2	7	7	10	71
24/02/2025	13	6	4	0,2	4	15	17	21	58
24/02/2025	14	6	4	0,2	5	17	15	25	62
24/02/2025	15	5	3	0,2	3	11	16	15	72
24/02/2025	16	6	3	0,2	2	12	14	15	71
24/02/2025	17	7	4	0,2	3	16	30	19	62
24/02/2025	18	10	5	0,2	3	23	20	27	45
24/02/2025	19	9	4	0,2	2	16	13	19	56
24/02/2025	20	11	4	0,2	2	13	15	16	25
24/02/2025	21	16	4	0,2	2	14	20	17	19
24/02/2025	22	15	4	0,2	2	14	18	17	11
24/02/2025	23	14	4	0,2	2	15	16	18	9
25/02/2025	00	11	4	0,2	2	14	13	17	12
25/02/2025	01	6	3	0,1	2	11	7	14	24
25/02/2025	02	5	3	0,1	2	10	5	13	23
25/02/2025	03	3	3	0,1	2	8	4	11	22
25/02/2025	04	2	3	0,1	2	8	3	11	31
25/02/2025	05	2	3	0,1	2	8	3	11	35
25/02/2025	06	2	2	0,1	2	7	4	10	44
25/02/2025	07	2	3	0,1	2	8	4	11	38
25/02/2025	08	3	3	0,1	3	13	8	18	27
25/02/2025	09	7	4	0,1	4	14	16	20	27
25/02/2025	10	10	4	0,2	4	17	18	24	25
25/02/2025	11	3	3	0,1	3	8	8	12	66
25/02/2025	12	3	2	0,1	1	6	7	8	67
25/02/2025	13	3	2	0,1	2	6	7	8	67
25/02/2025	14	2	2	0,1	2	6	6	8	67
25/02/2025	15	2	2	0,1	2	5	4	8	67
25/02/2025	16	2	2	0,1	2	6	6	9	67
25/02/2025	17	3	2	0,1	2	7	9	10	68
25/02/2025	18	3	3	0,1	2	8	8	11	64
25/02/2025	19	1	2	0,1	2	5	2	8	80
25/02/2025	20	1	2	0,1	2	5	1	8	82
25/02/2025	21	1	2	0,1	2	5	2	8	83
25/02/2025	22	1	2	0,1	2	5	1	7	82
25/02/2025	23	1	2	0,1	2	4	2	7	84
26/02/2025	00	1	2	0,1	1	4	2	6	85
26/02/2025	01	1	2	0,1	2	4	2	7	85
26/02/2025	02	1	2	0,1	1	4	1	6	84
26/02/2025	03	1	2	0,1	1	5	1	7	83
26/02/2025	04	1	2	0,1	2	4	1	7	85
26/02/2025	05	1	2	0,1	2	4	1	7	86
26/02/2025	06	1	2	0,1	2	5	1	7	85
26/02/2025	07	1	2	0,1	2	4	1	7	84
26/02/2025	08	1	2	0,1	1	4	2	7	80
26/02/2025	09	1	2	0,1	2	6	3	9	83
26/02/2025	10	1	2	0,1	2	5	2	8	86
26/02/2025	11	1	2	0,1	1	4	2	6	88
26/02/2025	12	1	2	0,1	2	4	2	7	88
26/02/2025	13	2	2	0,1	3	7	8	10	83
26/02/2025	14	1	2	0,1	3	5	6	9	91
26/02/2025	15	1	2	0,1	2	5	2	8	92
26/02/2025	16	2	2	0,1	2	6	8	9	90
26/02/2025	17	2	3	0,2	2	8	4	12	87
26/02/2025	18	3	3	0,2	2	9	7	12	84
26/02/2025	19	5	3	0,2	2	11	16	14	62
26/02/2025	20	5	3	0,2	2	11	7	14	63
26/02/2025	21	4	3	0,2	2	9	6	12	65
26/02/2025	22	4	3	0,2	2	9	6	12	57
26/02/2025	23	5	4	0,1	2	12	9	16	46
27/02/2025	00	4	3	0,2	2	13	6	15	40
27/02/2025	01	4	3	0,2	2	10	5	13	43
27/02/2025	02	4	3	0,2	2	9	6	13	41
27/02/2025	03	4	3	0,1	2	9	7	11	40
27/02/2025	04	3	3	0,1	2	8	4	11	37
27/02/2025	05	3	3	0,1	2	9	4	11	34
27/02/2025	06	2	2	0,1	2	7	5	10	36
27/02/2025	07	3	3	0,1	1	12	6	14	24
27/02/2025	08	11	3	0,1	2	12	15	15	34
27/02/2025	09	6	3	0,1	3	13	13	18	35
27/02/2025	10	16	4	0,2	4	14	25	21	44
27/02/2025	11	17	4	0,2	3	15	26	20	50
27/02/2025	12	18	6	0,2	7	28	33	38	50
27/02/2025	13	6	4	0,1	4	16	15	22	67
27/02/2025	14	4	3	0,1	3	11	15	17	74
27/02/2025	15	5	3	0,1	3	12	24	16	70
27/02/2025	16	4	3	0,1	3	11	9	16	76
27/02/2025	17	4	3	0,1	2	11	10	14	79
27/02/2025	18	5	3	0,1	2	11	13	14	73
27/02/2025	19	7	4	0,2	1	15	14	17	54
27/02/2025	20	7	4	0,2	2	15	11	19	49
27/02/2025	21	7	4	0,2	2	14	11	17	46
27/02/2025	22	11	4	0,2	2	16	14	19	27
27/02/2025	23	8	3	0,2	2	13	10	16	45
28/02/2025	00	8	3	0,2	1	11	10	14	36
28/02/2025	01	8	3	0,2	1	9	10	12	28
28/02/2025	02	8	3	0,2	1	9	11	11	29
28/02/2025	03	8	3	0,2	3	8	10	12	31
28/02/2025	04	6	3	0,1	2	8	7	11	33
28/02/2025	05	6	2	0,1	2	7	8	10	27
28/02/2025	06	5	2	0,1	1	6	6	8	31
28/02/2025	07	6	3	0,1	2	10	8	12	29
28/02/2025	08	8	3	0,1	3	11	10	16	26
28/02/2025	09	10	4	0,2	4	15	16	21	40
28/02/2025	10	9	3	0,2	3	12	15	16	61
28/02/2025	11	11	3	0,2	2	9	17	12	84
28/02/2025	12	10	3	0,2	2	9	14	12	90
28/02/2025	13	5	2	0,2	2	6	9	8	93
28/02/2025	14	6	2	0,2	1	5	13	7	96
28/02/2025	15	7	2	0,2	2	5	17	8	97
28/02/2025	16	7	2	0,1	1	5	12	7	98
28/02/2025	17	9	2	0,1	2	6	15	8	99
28/02/2025	18	12	2	0,2	2	6	16	9	98
28/02/2025	19	13	2	0,2	2	7	17	9	89
28/02/2025	20	17	3	0,2	2	8	21	10	78
28/02/2025	21	18	3	0,2	1	12	22	14	64
28/02/2025	22	17	3	0,2	2	9	19	12	61
28/02/2025	23	13	3	0,2	2	9	15	11	61
01/03/2025	00	14	3	0,2	1	10	16	12	51
01/03/2025	01	15	3	0,2	2	9	17	12	35
01/03/2025	02	13	3	0,2	2	9	16	11	42
01/03/2025	03	5	2	0,1	2	6	7	9	78
01/03/2025	04	5	2	0,1	1	7	7	8	71
01/03/2025	05	4	2	0,1	2	6	5	9	74
01/03/2025	06	3	2	0,1	2	6	4	9	74
01/03/2025	07	3	2	0,1	1	5	3	7	78
01/03/2025	08	4	2	0,1	1	5	4	7	75
01/03/2025	09	9	3	0,2	2	7	10	10	74
01/03/2025	10	7	3	0,2	2	7	8	10	77
01/03/2025	11	5	2	0,1	2	6	8	9	80
01/03/2025	12	6	2	0,1	2	5	10	8	81
01/03/2025	13	4	2	0,1	1	5	7	7	86
01/03/2025	14	5	2	0,1	1	4	7	6	86
01/03/2025	15	5	2	0,1	1	4	8	7	88
01/03/2025	16	5	2	0,1	2	5	9	7	86
01/03/2025	17	5	2	0,1	2	5	10	8	86
01/03/2025	18	6	2	0,1	2	5	11	8	84
01/03/2025	19	5	2	0,1	2	5	10	8	82
01/03/2025	20	6	2	0,1	2	5	9	7	76
01/03/2025	21	7	2	0,1	1	5	9	7	73
01/03/2025	22	6	2	0,2	2	6	8	8	58
01/03/2025	23	7	2	0,2	2	7	8	10	50
02/03/2025	00	7	3	0,2	2	8	8	11	53
02/03/2025	01	5	2	0,1	2	6	6	8	62
02/03/2025	02	4	2	0,1	1	5	5	7	67
02/03/2025	03	4	2	0,1	2	5	5	8	61
02/03/2025	04	4	2	0,1	1	6	4	8	61
02/03/2025	05	3	2	0,1	1	6	4	8	62
02/03/2025	06	3	2	0,1	2	6	4	9	60
02/03/2025	07	3	2	0,1	2	5	4	8	58
02/03/2025	08	3	2	0,1	2	6	4	9	59
02/03/2025	09	4	2	0,1	2	7	5	9	71
02/03/2025	10	4	2	0,1	2	7	5	10	72
02/03/2025	11	4	2	0,1	2	6	5	9	72
02/03/2025	12	4	2	0,1	2	6	5	8	72
02/03/2025	13	4	2	0,1	2	6	6	9	80
02/03/2025	14	4	2	0,1	2	6	6	8	79
02/03/2025	15	5	2	0,1	2	6	6	9	78
02/03/2025	16	5	2	0,1	1	5	7	8	78
02/03/2025	17	5	2	0,1	2	6	8	8	76
02/03/2025	18	6	2	0,2	1	6	9	9	77
02/03/2025	19	7	2	0,2	2	6	8	9	74
02/03/2025	20	7	2	0,2	2	6	9	8	73
02/03/2025	21	8	2	0,2	2	6	11	9	75
02/03/2025	22	8	2	0,2	2	7	10	9	68
02/03/2025	23	10	2	0,2	1	6	13	8	74
03/03/2025	00	11	2	0,2	2	6	14	8	76
03/03/2025	01	12	2	0,2	2	6	17	8	77
03/03/2025	02	8	2	0,2	1	5	10	7	81
03/03/2025	03	5	2	0,2	2	5	6	7	82
03/03/2025	04	5	2	0,2	2	5	6	7	77
03/03/2025	05	5	2	0,2	2	5	6	8	74
03/03/2025	06	9	2	0,2	2	7	11	10	70
03/03/2025	07	8	2	0,2	1	6	10	8	75
03/03/2025	10	9	2	0,2	4	7	12	12	
03/03/2025	11	12	2	0,2	1	4	15	6	73
03/03/2025	12	9	2	0,2	2	5	12	8	72
03/03/2025	13	8	2	0,2	2	5	9	7	73
03/03/2025	14	4	2	0,2	2	5	5	8	72
03/03/2025	15	1	2	0,1	2	6	2	9	72
03/03/2025	16	1	2	0,1	2	6	1	8	74
03/03/2025	17	1	2	0,1	2	7	1	10	73
03/03/2025	18	1	2	0,1	2	5	1	8	70
03/03/2025	19	2	2	0,1	2	6	2	9	66
03/03/2025	20	7	2	0,2	2	7	8	10	59
03/03/2025	21	12	2	0,2	2	7	18	10	65
03/03/2025	22	12	2	0,1	2	6	18	8	69
03/03/2025	23	12	2	0,1	2	5	17	8	73
04/03/2025	00	14	2	0,1	2	5	19	8	73
04/03/2025	01	14	2	0,1	2	6	19	9	73
04/03/2025	02	14	2	0,1	2	5	19	8	72
04/03/2025	03	13	2	0,1	2	6	18	9	74
04/03/2025	04	13	2	0,1	2	6	17	8	75
04/03/2025	05	13	2	0,1	1	6	17	8	73
04/03/2025	06	11	2	0,1	1	5	15	7	77
04/03/2025	07	11	2	0,1	2	6	15	8	74
04/03/2025	08	11	2	0,1	2	6	14	9	72
04/03/2025	09	11	2	0,1	2	6	14	9	74
04/03/2025	10	10	2	0,1	1	7	13	9	75
04/03/2025	11	10	2	0,1	2	6	13	9	76
04/03/2025	12	8	2	0,1	2	7	11	10	75
04/03/2025	13	8	2	0,1	2	7	9	10	76
04/03/2025	14	11	2	0,1	2	7	14	10	77
04/03/2025	15	11	2	0,1	2	7	16	10	80
04/03/2025	16	12	2	0,1	2	6	15	8	84
04/03/2025	17	10	2	0,1	2	6	14	9	84
04/03/2025	18	10	2	0,1	2	7	13	11	80
04/03/2025	19	10	2	0,1	2	7	13	9	80
04/03/2025	20	9	2	0,1	2	6	11	9	81
04/03/2025	21	9	2	0,1	2	6	12	9	77
04/03/2025	22	11	2	0,1	2	5	14	8	79
04/03/2025	23	12	2	0,1	1	6	16	8	77
05/03/2025	00	13	2	0,1	2	6	16	8	74
05/03/2025	01	14	2	0,2	2	6	17	8	76
05/03/2025	02	13	2	0,1	2	6	17	8	76
05/03/2025	03	12	2	0,2	2	5	14	7	79
05/03/2025	04	10	2	0,2	2	6	12	8	78
05/03/2025	05	9	2	0,2	2	6	11	9	76
05/03/2025	06	8	2	0,1	2	6	9	9	77
05/03/2025	07	8	2	0,1	2	6	10	8	76
05/03/2025	08	12	2	0,2	2	6	15	8	80
05/03/2025	09	9	2	0,1	2	6	11	9	82
05/03/2025	10	8	2	0,1	1	7	10	9	81
05/03/2025	11	7	2	0,1	2	6	8	9	82
05/03/2025	12	7	2	0,1	2	7	8	9	84
05/03/2025	13	7	2	0,1	2	7	8	9	83
05/03/2025	14	6	2	0,1	2	7	7	9	86
05/03/2025	15	7	2	0,1	2	6	8	9	89
05/03/2025	16	8	2	0,1	1	6	9	8	88
05/03/2025	17	9	2	0,1	2	5	11	8	86
05/03/2025	18	10	2	0,2	1	4	11	6	85
05/03/2025	19	10	2	0,1	1	4	13	5	86
05/03/2025	20	10	2	0,1	1	4	13	6	
05/03/2025	21	13	2	0,2	2	4	18	6	
05/03/2025	22	15	2	0,2	1	5	21	7	
05/03/2025	23	13	2	0,2	1	2	18	4	84
06/03/2025	00	14	2	0,1	1	2	20	4	82
06/03/2025	01	18	2	0,1	1	3	25	5	78
06/03/2025	02	15	2	0,1	1	3	22	4	80
06/03/2025	03	17	2	0,1	1	4	25	5	77
06/03/2025	04	15	2	0,1	1	4	19	5	78
06/03/2025	05	16	2	0,1	1	4	21	5	76
06/03/2025	06	14	2	0,1	1	4	19	5	79
06/03/2025	07	17	2	0,1	1	4	22	7	79
06/03/2025	08	15	2	0,1	1	4	20	5	85
06/03/2025	09	14	2	0,1	1	4	18	5	85
06/03/2025	10	13	2	0,1	1	4	17	5	84
06/03/2025	11	13	2	0,1	1	3	18	4	84
06/03/2025	12	13	2	0,1	1	3	18	5	81
06/03/2025	13	13	2	0,1	1	3	18	5	82
06/03/2025	14	14	2	0,1	1	3	19	4	83
06/03/2025	15	15	2	0,1	1	4	22	5	81
06/03/2025	16	14	2	0,1	1	3	20	5	80
06/03/2025	17	14	2	0,1	1	4	19	5	82
06/03/2025	18	13	2	0,1	1	3	17	5	85
06/03/2025	19	14	2	0,1	1	4	18	6	85
06/03/2025	20	14	2	0,1	1	4	19	6	84
06/03/2025	21	13	2	0,1	1	4	18	5	83
06/03/2025	22	14	2	0,1	1	4	18	6	82
06/03/2025	23	13	2	0,1	1	4	18	6	82
07/03/2025	00	13	2	0,1	1	4	16	6	79
07/03/2025	01	9	2	0,1	1	4	11	6	80
07/03/2025	02	8	2	0,1	1	5	10	6	66
07/03/2025	03	7	2	0,1	1	5	8	6	68
07/03/2025	04	6	2	0,1	1	4	8	5	54
07/03/2025	05	7	2	0,1	1	4	9	5	35
07/03/2025	06	8	2	0,1	1	4	10	6	20
07/03/2025	07	8	2	0,1	1	5	10	6	19
07/03/2025	08	6	2	0,1	1	5	8	7	30
07/03/2025	09	5	2	0,1	2	7	6	9	53
07/03/2025	10	4	2	0,1	1	6	4	8	65
07/03/2025	11	3	2	0,1	1	6	3	8	64
07/03/2025	12	2	2	0,2	1	5	2	6	65
07/03/2025	13	2	2	0,2	1	4	2	6	70
07/03/2025	14	3	2	0,2	1	5	3	8	71
07/03/2025	15	4	2	0,2	2	6	5	8	74
07/03/2025	16	6	3	0,2	2	8	10	10	72
07/03/2025	17	10	2	0,2	1	7	13	9	66
07/03/2025	18	3	2	0,2	1	6	3	7	65
07/03/2025	19	3	2	0,2	1	7	3	8	56
07/03/2025	20	5	2	0,2	1	7	5	8	43
07/03/2025	21	8	3	0,2	1	9	9	11	30
07/03/2025	22	8	2	0,2	1	7	9	9	30
07/03/2025	23	11	2	0,2	1	6	13	8	16
08/03/2025	00	14	2	0,2	1	6	16	7	15
08/03/2025	01	13	2	0,2	1	7	17	9	12
08/03/2025	02	15	2	0,2	1	7	19	8	12
08/03/2025	03	16	2	0,2	1	6	22	7	12
08/03/2025	04	17	2	0,2	1	4	22	6	11
08/03/2025	05	17	2	0,2	1	5	22	6	14
08/03/2025	06	16	2	0,2	1	5	20	6	26
08/03/2025	07	17	2	0,2	1	7	21	9	22
08/03/2025	08	12	2	0,2	1	7	15	9	41
08/03/2025	09	15	2	0,2	1	6	20	8	65
08/03/2025	10	14	2	0,2	1	4	20	6	72
08/03/2025	11	15	2	0,2	1	5	21	6	73
08/03/2025	12	15	2	0,1	1	6	22	8	72
08/03/2025	13	15	2	0,2	1	5	21	7	79
08/03/2025	14	16	2	0,2	1	7	23	8	71
08/03/2025	15	16	2	0,2	1	7	24	9	71
08/03/2025	16	16	2	0,2	1	4	23	6	74
08/03/2025	17	16	2	0,2	1	3	23	5	73
08/03/2025	18	17	2	0,1	1	4	24	6	72
08/03/2025	19	17	2	0,1	1	4	24	6	77
08/03/2025	20	16	2	0,2	1	3	22	5	79
08/03/2025	21	14	2	0,2	1	4	19	6	83
08/03/2025	22	17	2	0,2	1	6	22	7	82
08/03/2025	23	3	2	0,1	1	4	3	5	73
09/03/2025	00	1	2	0,1	1	3	2	4	81
09/03/2025	01	1	2	0,1	1	2	2	4	80
09/03/2025	02	1	2	0,1	1	2	3	4	94
09/03/2025	03	1	2	0,1	1	2	3	4	97
09/03/2025	04	1	2	0,1	1	2	2	4	93
09/03/2025	05	1	2	0,1	1	2	1	3	91
09/03/2025	06	1	2	0,1	1	2	1	4	89
09/03/2025	07	1	2	0,1	1	3	1	4	89
09/03/2025	08	1	2	0,1	1	2	1	3	86
09/03/2025	09	1	2	0,1	1	2	1	3	87
09/03/2025	10	1	2	0,1	1	2	1	3	86
09/03/2025	11	1	2	0,1	1	2	1	3	87
09/03/2025	12	1	2	0,1	1	2	1	3	89
09/03/2025	13	1	2	0,1	1	2	1	3	91
09/03/2025	14	1	2	0,1	1	2	1	3	92
09/03/2025	15	1	2	0,1	1	2	1	3	91
09/03/2025	16	1	2	0,1	1	2	1	3	91
09/03/2025	17	2	2	0,1	1	4	3	5	85
09/03/2025	18	2	2	0,1	1	6	4	7	79
09/03/2025	19	3	3	0,2	1	8	5	10	64
09/03/2025	20	5	2	0,2	1	7	6	9	46
09/03/2025	21	7	2	0,2	1	6	8	7	30
09/03/2025	22	2	2	0,1	1	5	2	7	74
09/03/2025	23	1	2	0,1	1	3	1	4	80
10/03/2025	00	1	2	0,1	1	2	1	3	75
10/03/2025	01	2	2	0,1	1	2	2	3	73
10/03/2025	02	1	2	0,1	1	3	1	4	59
10/03/2025	03	1	2	0,1	1	3	1	4	56
10/03/2025	04	1	2	0,1	1	3	1	4	50
10/03/2025	05	1	2	0,1	1	3	2	4	45
10/03/2025	06	1	2	0,1	1	4	2	5	43
10/03/2025	07	2	2	0,2	1	6	3	7	32
10/03/2025	08	1	2	0,2	1	6	1	7	49
10/03/2025	09	3	2	0,1	1	4	4	5	70
10/03/2025	10	2	2	0,1	1	3	4	5	81
10/03/2025	11	1	2	0,1	1	2	1	3	88
10/03/2025	12	1	2	0,1	1	3	1	4	84
10/03/2025	13	1	2	0,1	1	2	1	3	81
10/03/2025	14	1	2	0,1	1	3	1	4	82
10/03/2025	15	1	2	0,1	1	2	1	3	84
10/03/2025	16	1	2	0,1	1	2	1	4	87
10/03/2025	17	1	2	0,1	1	2	4	4	87
10/03/2025	18	2	2	0,2	1	5	5	7	80
10/03/2025	19	4	3	0,2	1	9	7	10	68
10/03/2025	20	4	3	0,2	1	11	6	13	51
10/03/2025	21	7	3	0,2	1	10	9	12	35
10/03/2025	22	7	3	0,2	1	11	9	13	35
10/03/2025	23	6	3	0,2	1	8	7	10	32
11/03/2025	00	5	2	0,2	1	7	6	9	38
11/03/2025	01	1	2	0,2	1	4	1	5	69
11/03/2025	02	1	2	0,1	1	2	1	3	72
11/03/2025	03	1	2	0,2	1	2	1	3	46
11/03/2025	04	2	2	0,1	1	4	2	5	30
11/03/2025	05	1	2	0,1	1	4	1	5	50
11/03/2025	06	1	2	0,1	1	3	1	5	76
11/03/2025	07	1	2	0,1	1	4	1	6	63
11/03/2025	08	1	2	0,1	1	4	1	5	83
11/03/2025	09	1	2	0,1	1	3	1	4	84
11/03/2025	10	1	2	0,1	1	3	1	4	88
11/03/2025	11	1	2	0,1	1	2	2	3	89
11/03/2025	12	1	2	0,1	1	2	2	3	89
11/03/2025	13	1	2	0,1	1	2	2	4	91
11/03/2025	14	1	2	0,1	1	4	3	6	88
11/03/2025	15	2	2	0,2	1	5	4	7	85
11/03/2025	16	2	2	0,2	1	4	3	5	88
11/03/2025	17	1	2	0,2	1	3	1	5	86
11/03/2025	18	1	2	0,1	1	3	1	4	97
11/03/2025	19	1	2	0,1	1	3	1	4	98
11/03/2025	20	1	2	0,1	1	2	1	4	89
11/03/2025	21	1	2	0,1	1	4	2	5	84
11/03/2025	22	2	2	0,1	1	3	2	4	85
11/03/2025	23	1	2	0,1	1	2	2	4	79
12/03/2025	00	2	2	0,1	1	2	2	4	57
12/03/2025	01	3	2	0,2	1	3	4	4	32
12/03/2025	02	3	2	0,1	1	3	3	5	29
12/03/2025	03	2	2	0,1	1	4	3	5	39
12/03/2025	04	1	2	0,1	1	4	1	5	38
12/03/2025	05	2	2	0,1	1	4	2	6	28
12/03/2025	06	1	2	0,1	1	3	1	5	58
12/03/2025	07	1	2	0,1	1	3	1	4	57
12/03/2025	08	1	2	0,1	1	3	1	4	71
12/03/2025	09	1	2	0,1	1	2	2	4	76
12/03/2025	10	1	2	0,1	1	2	1	3	80
12/03/2025	11	1	2	0,1	1	2	1	3	82
12/03/2025	12	1	2	0,1	1	3	1	3	82
12/03/2025	13	1	2	0,1	1	2	1	3	83
12/03/2025	14	1	2	0,1	1	2	1	3	83
12/03/2025	15	1	2	0,1	1	2	1	3	87
12/03/2025	16	1	2	0,1	1	2	1	4	88
12/03/2025	17	1	2	0,1	1	3	1	4	87
12/03/2025	18	1	2	0,1	1	2	2	3	85
12/03/2025	19	1	2	0,1	1	2	3	3	83
12/03/2025	20	1	2	0,1	1	2	2	3	82
12/03/2025	21	2	2	0,1	1	2	3	3	78
12/03/2025	22	2	2	0,1	1	2	3	3	77
12/03/2025	23	3	2	0,1	1	3	4	4	66
13/03/2025	00	3	2	0,1	1	3	4	4	67
13/03/2025	01	2	2	0,1	1	2	3	3	76
13/03/2025	02	2	2	0,1	1	2	2	3	75
13/03/2025	03	2	2	0,1	1	2	3	3	62
13/03/2025	04	2	2	0,1	1	2	2	3	77
13/03/2025	05	2	2	0,1	1	2	2	3	80
13/03/2025	06	2	2	0,1	1	2	2	3	75
13/03/2025	07	2	2	0,1	1	3	4	4	55
13/03/2025	08	2	2	0,1	1	4	4	5	62
13/03/2025	09	3	2	0,1	1	4	4	6	60
13/03/2025	10	3	2	0,1	1	5	5	6	60
13/03/2025	11	3	2	0,1	1	7	5	9	61
13/03/2025	12	3	2	0,1	1	5	4	6	66
13/03/2025	13	3	2	0,1	1	3	3	5	70
13/03/2025	14	5	2	0,2	1	7	6	8	48
13/03/2025	15	4	2	0,2	1	5	5	7	62
13/03/2025	16	4	2	0,2	1	6	4	7	69
13/03/2025	17	4	2	0,2	1	6	4	7	71
13/03/2025	18	5	2	0,2	1	7	6	8	54
13/03/2025	19	5	3	0,2	1	8	5	9	45
13/03/2025	20	7	3	0,2	1	8	9	9	36
13/03/2025	21	8	2	0,2	1	5	9	6	32
13/03/2025	22	7	2	0,2	1	5	8	6	25
13/03/2025	23	9	2	0,2	1	4	10	6	19
14/03/2025	00	7	2	0,2	1	5	8	6	17
14/03/2025	01	9	2	0,2	1	4	10	5	15
14/03/2025	02	9	2	0,2	1	5	10	6	22
14/03/2025	03	8	2	0,2	1	6	9	7	30
14/03/2025	04	5	2	0,2	1	4	6	5	34
14/03/2025	05	5	3	0,1	1	8	6	9	29
14/03/2025	06	4	3	0,1	1	8	5	9	26
14/03/2025	07	5	2	0,1	1	8	6	9	26
14/03/2025	08	4	2	0,1	1	7	5	9	51
14/03/2025	09	2	2	0,1	1	7	3	8	56
14/03/2025	10	1	2	0,1	2	5	1	7	58
14/03/2025	11	1	2	0,1	1	4	1	5	58
14/03/2025	12	1	2	0,1	1	4	1	5	62
14/03/2025	13	1	2	0,1	1	4	1	6	62
14/03/2025	14	2	3	0,1	1	7	3	10	64
14/03/2025	15	1	2	0,2	1	6	2	7	64
14/03/2025	16	1	2	0,2	1	4	1	6	69
14/03/2025	17	1	2	0,2	1	4	1	5	69
14/03/2025	18	2	2	0,2	1	6	3	7	54
14/03/2025	19	2	2	0,2	1	6	3	7	46
14/03/2025	20	4	3	0,2	1	7	5	9	33
14/03/2025	21	5	4	0,2	1	14	6	15	24
14/03/2025	22	5	3	0,2	1	11	6	12	23
14/03/2025	23	3	3	0,2	1	8	4	9	36
15/03/2025	00	3	2	0,2	1	4	3	6	48
15/03/2025	01	2	2	0,1	1	3	2	5	65
15/03/2025	02	2	2	0,1	1	3	2	4	81
15/03/2025	03	2	1	0,1	1	1	3	3	82
15/03/2025	04	2	1	0,1	1	2	3	2	86
15/03/2025	05	2	1	0,1	1	1	3	2	86
15/03/2025	06	2	1	0,1	1	1	3	2	86
15/03/2025	07	3	2	0,1	1	2	3	2	85
15/03/2025	08	3	2	0,1	1	2	4	3	85
15/03/2025	09	2	2	0,1	1	2	3	4	87
15/03/2025	10	1	2	0,1	1	3	3	4	89
15/03/2025	11	1	2	0,1	1	4	2	6	91
15/03/2025	12	1	2	0,1	2	4	2	7	92
15/03/2025	13	1	2	0,1	2	4	2	6	95
15/03/2025	14	1	2	0,1	1	4	1	6	96
15/03/2025	15	1	2	0,1	2	4	1	7	96
15/03/2025	16	1	2	0,1	1	4	2	6	95
15/03/2025	17	1	2	0,1	1	4	2	6	91
15/03/2025	18	2	2	0,1	1	5	2	7	79
15/03/2025	19	3	2	0,2	2	7	4	9	46
15/03/2025	20	5	3	0,2	2	9	6	12	36
15/03/2025	21	7	3	0,2	2	12	9	15	30
15/03/2025	22	7	3	0,2	2	9	7	12	31
15/03/2025	23	6	3	0,2	2	9	7	12	33
16/03/2025	00	5	3	0,2	1	9	5	11	33
16/03/2025	01	4	3	0,2	1	8	5	11	38
16/03/2025	02	4	3	0,2	2	7	4	9	35
16/03/2025	03	2	2	0,2	1	6	3	8	42
16/03/2025	04	2	2	0,2	2	6	2	8	35
16/03/2025	05	2	2	0,2	2	5	2	8	33
16/03/2025	06	2	2	0,1	2	4	2	7	39
16/03/2025	07	2	2	0,1	1	5	2	7	35
16/03/2025	08	2	2	0,1	2	5	2	7	46
16/03/2025	09	2	2	0,1	2	6	2	8	47
16/03/2025	10	3	2	0,2	2	7	4	10	51
16/03/2025	11	7	3	0,2	3	11	10	15	51
16/03/2025	12	7	4	0,2	2	14	8	18	43
16/03/2025	13	3	2	0,2	2	6	4	10	70
16/03/2025	14	1	2	0,2	1	5	1	7	83
16/03/2025	15	2	2	0,2	2	4	2	7	78
16/03/2025	16	3	2	0,2	2	5	3	7	75
16/03/2025	17	6	3	0,2	2	9	7	12	62
16/03/2025	18	6	3	0,2	2	10	7	13	52
16/03/2025	19	8	4	0,2	2	15	8	18	31
16/03/2025	20	19	3	0,2	1	11	19	13	32
16/03/2025	21	9	3	0,2	3	13	10	17	19
16/03/2025	22	10	3	0,2	2	10	11	13	17
16/03/2025	23	3	2	0,1	2	7	3	9	53
17/03/2025	00	1	2	0,1	2	5	2	8	56
17/03/2025	01	2	2	0,1	1	5	2	7	54
17/03/2025	02	2	2	0,1	2	5	2	8	35
17/03/2025	03	2	2	0,1	1	5	2	7	36
17/03/2025	04	2	2	0,1	2	5	2	8	35
17/03/2025	05	2	2	0,1	2	5	2	8	29
17/03/2025	06	2	2	0,1	2	5	2	7	27
17/03/2025	07	2	2	0,1	1	5	2	7	24
17/03/2025	08	2	2	0,1	2	6	2	8	25
17/03/2025	09	2	3	0,1	2	8	3	12	29
17/03/2025	10	8	3	0,1	2	9	9	12	52
17/03/2025	11	10	3	0,1	2	10	12	14	62
17/03/2025	12	7	3	0,2	2	12	9	15	60
17/03/2025	13	4	3	0,1	2	10	6	14	67
17/03/2025	14	5	2	0,1	3	6	7	10	82
17/03/2025	15	5	2	0,1	2	5	6	8	81
17/03/2025	16	5	2	0,1	2	7	8	9	79
17/03/2025	17	7	3	0,1	2	9	11	12	80
17/03/2025	18	8	3	0,1	2	9	12	12	78
17/03/2025	19	7	2	0,1	2	7	9	10	71
17/03/2025	20	11	3	0,2	2	13	13	16	60
17/03/2025	21	8	3	0,2	2	11	9	14	62
17/03/2025	22	7	3	0,2	2	9	8	11	59
17/03/2025	23	6	3	0,2	2	8	8	11	51
18/03/2025	00	6	3	0,2	2	8	8	11	48
18/03/2025	01	5	2	0,1	2	7	7	10	57
18/03/2025	02	4	2	0,1	2	6	5	9	66
18/03/2025	03	4	2	0,1	2	5	5	8	63
18/03/2025	04	4	2	0,1	2	5	5	8	63
18/03/2025	05	4	2	0,1	2	5	5	8	55
18/03/2025	06	4	2	0,1	1	5	5	8	50
18/03/2025	07	4	2	0,2	2	5	4	7	52
18/03/2025	08	4	2	0,2	2	5	4	8	55
18/03/2025	09	3	2	0,2	2	7	4	10	55
18/03/2025	10	4	3	0,2	2	9	4	11	63
18/03/2025	11	4	3	0,2	2	8	5	11	69
18/03/2025	12	6	3	0,2	2	9	6	11	67
18/03/2025	13	4	2	0,2	2	7	5	9	76
18/03/2025	14	6	2	0,2	2	6	7	9	76
18/03/2025	15	4	2	0,2	2	6	4	9	78
18/03/2025	16	8	2	0,2	2	7	9	10	73
18/03/2025	17	5	2	0,2	1	7	6	9	80
18/03/2025	18	4	2	0,2	2	5	5	8	82
18/03/2025	19	6	2	0,2	2	6	7	8	77
18/03/2025	20	8	2	0,2	1	6	8	9	70
18/03/2025	21	7	2	0,2	2	7	8	10	72
18/03/2025	22	6	2	0,2	2	7	6	10	70
18/03/2025	23	5	2	0,2	2	6	5	9	68
19/03/2025	00	3	2	0,2	2	5	3	8	67
19/03/2025	01	2	2	0,2	2	5	2	9	70
19/03/2025	02		2	0,2	2	6		9	71
19/03/2025	03		2	0,2	2	5		8	68
19/03/2025	04		2	0,2	2	5		8	68
19/03/2025	05		2	0,2	2	5		7	59
19/03/2025	06		2	0,2	2	5		9	63
19/03/2025	07		2	0,2	2	5		9	60
19/03/2025	08		2	0,2	2	5		8	63
19/03/2025	09		2	0,2	2	5		8	69
19/03/2025	10		2	0,2	2	5		8	73
19/03/2025	11		2	0,2	2	7		10	67
19/03/2025	12		2	0,2	2	7		10	73
19/03/2025	13		2	0,2	2	5		8	86
19/03/2025	14		2	0,2	1	4		6	88
19/03/2025	15		2	0,2	1	5		8	82
19/03/2025	16		2	0,2	2	5		8	85
19/03/2025	17		2	0,2	2	5		7	84
19/03/2025	18		2	0,2	2	6		9	75
19/03/2025	19		3	0,2	2	8		11	71
19/03/2025	20		3	0,2	2	8		10	54
19/03/2025	21		3	0,2	2	8		10	71
19/03/2025	22		2	0,1	1	6		8	79
19/03/2025	23		2	0,1	2	5		7	87
20/03/2025	00		2	0,1	2	5		8	90
20/03/2025	01		2	0,1	2	5		7	86
20/03/2025	02		2	0,1	2	6		9	83
20/03/2025	03		2	0,1	2	6		9	81
20/03/2025	04		2	0,1	2	6		8	72
20/03/2025	05		3	0,1	2	11		14	52
20/03/2025	06		3	0,1	2	9		12	67
20/03/2025	07		2	0,1	2	7		9	79
20/03/2025	08		2	0,1	2	7		10	81
20/03/2025	09		2	0,1	1	6		8	84
20/03/2025	10		2	0,1	2	7		10	82
20/03/2025	11		2	0,2	2	7		9	83
20/03/2025	12		2	0,1	1	7		9	81
20/03/2025	13		2	0,1	1	7		9	81
20/03/2025	14		2	0,2	2	7		11	79
20/03/2025	15		3	0,2	2	9		11	73
20/03/2025	16		2	0,1	2	7		11	76
20/03/2025	17		3	0,2	2	8		11	73
20/03/2025	18		3	0,1	2	8		11	71
20/03/2025	19		3	0,2	2	8		11	65
20/03/2025	20		3	0,1	1	8		10	68
20/03/2025	21		2	0,1	1	7		10	64
20/03/2025	22		2	0,1	2	7		10	74
20/03/2025	23		2	0,1	2	7		10	62
21/03/2025	00		2	0,1	2	7		9	55
21/03/2025	01		2	0,1	1	6		9	54
21/03/2025	02		2	0,1	2	6		8	61
21/03/2025	03		2	0,1	2	5		9	59
21/03/2025	04		2	0,1	2	5		8	53
21/03/2025	05		2	0,1	2	5		8	41
21/03/2025	06		3	0,1	2	8		10	28
21/03/2025	07		4	0,1	5	12		20	18
21/03/2025	08		3	0,1	4	11		16	33
21/03/2025	09		3	0,1	2	9		12	57
21/03/2025	10		4	0,1	2	17		20	55
21/03/2025	11		4	0,1	3	15		20	68
21/03/2025	12		2	0,1	2	7		10	93
21/03/2025	13		2	0,1	2	4		7	94
21/03/2025	14		2	0,1	2	4		7	93
21/03/2025	15		2	0,1	2	4		7	94
21/03/2025	16		2	0,1	2	4		7	95
21/03/2025	17		2	0,1	2	4		7	91
21/03/2025	18		2	0,1	2	4		7	89
21/03/2025	19		2	0,1	2	5		7	90
21/03/2025	20		2	0,1	2	6		8	78
21/03/2025	21		2	0,1	1	6		9	66
21/03/2025	22		3	0,2	2	11		14	43
21/03/2025	23		3	0,2	2	11		14	33
22/03/2025	00		3	0,2	2	9		12	31
22/03/2025	01		2	0,2	2	7		10	32
22/03/2025	02		3	0,2	1	8		10	32
22/03/2025	03		2	0,1	2	5		8	64
22/03/2025	04		2	0,1	1	5		7	77
22/03/2025	05		2	0,1	2	3		6	91
22/03/2025	06		2	0,1	2	3		6	98
22/03/2025	07		2	0,1	1	4		6	94
22/03/2025	08		2	0,1	2	4		7	89
22/03/2025	09		2	0,1	2	3		6	90
22/03/2025	10		2	0,1	2	3		6	93
22/03/2025	11		2	0,1	2	4		6	92
22/03/2025	12		2	0,1	2	3		6	91
22/03/2025	13		2	0,1	2	3		6	88
22/03/2025	14		2	0,1	2	4		6	87
22/03/2025	15		2	0,1	2	4		6	84
22/03/2025	16		2	0,1	1	4		6	82
22/03/2025	17		2	0,1	2	4		6	77
22/03/2025	18		2	0,1	2	4		7	77
22/03/2025	19		2	0,1	1	5		7	78
22/03/2025	20		2	0,1	1	4		6	77
22/03/2025	21		2	0,1	2	5		7	80
22/03/2025	22		2	0,1	2	4		6	84
22/03/2025	23		2	0,1	2	4		7	81
23/03/2025	00		2	0,1	1	4		6	83
23/03/2025	01		2	0,1	1	4		6	83
23/03/2025	02		2	0,1	2	4		6	84
23/03/2025	03		2	0,1	2	3		6	83
23/03/2025	04		2	0,1	2	3		7	81
23/03/2025	05		2	0,1	2	3		6	80
23/03/2025	06		2	0,1	2	4		7	78
23/03/2025	07		2	0,1	2	4		7	82
23/03/2025	08		2	0,1	1	4		6	81
23/03/2025	09		2	0,1	2	3		6	79
23/03/2025	10		2	0,1	2	4		6	78
23/03/2025	11		2	0,1	2	3		6	76
23/03/2025	12		2	0,1	2	3		6	77
23/03/2025	13		2	0,1	1	4		6	78
23/03/2025	14		2	0,1	2	5		8	78
23/03/2025	15		2	0,1	2	5		8	77
23/03/2025	16		2	0,1	2	4		7	81
23/03/2025	17		2	0,1	2	4		8	81
23/03/2025	18		2	0,2	2	7		10	67
23/03/2025	19		3	0,2	2	8		11	66
23/03/2025	20		2	0,2	1	7		9	50
23/03/2025	21		2	0,2	1	7		9	39
23/03/2025	22		2	0,2	2	7		10	34
23/03/2025	23		3	0,2	2	8		11	29
24/03/2025	00		2	0,2	3	7		11	24
24/03/2025	01		3	0,2	2	8		11	23
24/03/2025	02		2	0,1	1	6		8	31
24/03/2025	03		2	0,1	1	6		8	40
24/03/2025	04		2	0,1	1	6		8	48
24/03/2025	05		2	0,1	1	5		7	65
24/03/2025	06		2	0,1	2	4		7	69
24/03/2025	07		2	0,1	2	5		7	72
24/03/2025	08		2	0,1	2	3		6	76
24/03/2025	09		2	0,1	2	4		7	76
24/03/2025	10		2	0,1	1	4		6	82
24/03/2025	11		2	0,1	2	4		6	84
24/03/2025	12		2	0,1	2	5		8	82
24/03/2025	13	2	3	0,1	3	8	10	13	76
24/03/2025	14	2	3	0,1	2	8	9	12	79
24/03/2025	15	3	3	0,2	3	12	11	16	73
24/03/2025	16	3	3	0,2	3	11	6	15	75
24/03/2025	17	3	3	0,2	2	8	7	10	76
24/03/2025	18	3	2	0,2	2	7	6	10	79
24/03/2025	19	3	3	0,2	2	8	6	11	67
24/03/2025	20	5	3	0,2	2	9	6	12	42
24/03/2025	21	4	3	0,2	2	9	5	11	44
24/03/2025	22	5	3	0,2	2	10	7	13	36
24/03/2025	23	6	3	0,2	2	10	7	12	35
25/03/2025	00	6	3	0,2	2	8	7	11	33
25/03/2025	01	7	3	0,2	2	9	8	12	30
25/03/2025	02	5	3	0,1	2	8	6	11	33
25/03/2025	03	4	3	0,1	2	9	5	12	21
25/03/2025	04	2	2	0,1	2	6	2	9	45
25/03/2025	05	1	2	0,1	2	5	1	8	50
25/03/2025	06	1	2	0,1	2	6	1	9	37
25/03/2025	07	1	3	0,1	2	9	2	13	20
25/03/2025	08	3		0,1			5		
25/03/2025	09	10		0,1			40		
25/03/2025	10	1		0,1			1		
25/03/2025	11	3		0,1			14		
25/03/2025	12	2	3	0,1	3	11	4	16	73
25/03/2025	13	1	3	0,1	3	11	3	16	77
25/03/2025	14	1	3	0,1	3	8	2	12	85
25/03/2025	15	1	2	0,1	2	7	2	10	82
25/03/2025	16	1	3	0,1	2	9	2	11	75
25/03/2025	17	1	3	0,1	2	12	2	15	70
25/03/2025	18	1	4	0,2	2	15	2	18	51
25/03/2025	19	1	4	0,1	2	14	2	17	56
25/03/2025	20	2	4	0,2	2	14	3	17	30
25/03/2025	21	2	4	0,2	2	14	2	16	23
25/03/2025	22	2	3	0,2	2	11	2	13	44
25/03/2025	23	1	3	0,2	1	8	1	10	47
26/03/2025	00	1	2	0,1	1	4	1	6	54
26/03/2025	01	1	2	0,1	2	4	1	6	65
26/03/2025	02	1	2	0,1	2	3	1	6	53
26/03/2025	03	1	2	0,1	1	3	1	5	59
26/03/2025	04	1	2	0,1	1	3	1	4	73
26/03/2025	05	1	2	0,1	1	3	1	4	79
26/03/2025	06	1	2	0,1	1	3	1	4	79
26/03/2025	07	1	2	0,1	1	3	1	5	78
26/03/2025	08	1	2	0,1	2	4	1	7	77
26/03/2025	09	1	2	0,1	1	5	1	7	83
26/03/2025	10	1	2	0,1	2	3	1	6	82
26/03/2025	11	1	2	0,1	2	6	2	9	79
26/03/2025	12	1	3	0,1	3	12	2	17	80
26/03/2025	13	1	3	0,1	2	8	2	12	89
26/03/2025	14	1	2	0,1	2	6	2	10	91
26/03/2025	15	1	3	0,1	3	8	2	12	91
26/03/2025	16	1	3	0,1	3	12	3	17	96
26/03/2025	17	1	3	0,1	2	9	2	11	92
26/03/2025	18	1	3	0,1	2	8	1	11	90
26/03/2025	19	1	3	0,1	2	12	1	14	71
26/03/2025	20	1	3	0,1	2	12	2	14	62
26/03/2025	21	1	3	0,1	3	9	2	12	51
26/03/2025	22	1	3	0,1	2	8	1	10	54
26/03/2025	23	1	3	0,1	1	8	1	11	53
27/03/2025	00	1	2	0,1	2	7	1	9	57
27/03/2025	01	1	2	0,1	2	6	1	8	59
27/03/2025	02	1	2	0,1	1	5	1	6	65
27/03/2025	03	1	2	0,1	1	4	1	6	66
27/03/2025	04	1	2	0,1	1	4	1	5	65
27/03/2025	05	1	2	0,1	1	4	1	5	64
27/03/2025	06	1	2	0,1	1	4	1	5	52
27/03/2025	07	1	2	0,1	1	4	1	5	61
27/03/2025	08	2	2	0,1	1	5	2	6	73
27/03/2025	09	2	2	0,1	1	4	2	6	85
27/03/2025	10	2	2	0,1	1	4	3	7	87
27/03/2025	11	2	3	0,1	2	8	4	12	81
27/03/2025	12	2	3	0,1	4	12	5	18	76
27/03/2025	13	2	3	0,1	4	13	4	19	83
27/03/2025	14	2	3	0,1	3	12	2	17	87
27/03/2025	15	1	3	0,1	3	11	2	16	96
27/03/2025	16	1	3	0,1	2	9	2	12	95
27/03/2025	17	1	3	0,1	2	8	1	11	93
27/03/2025	18	1	2	0,1	2	6	1	9	87
27/03/2025	19	1	3	0,1	1	9	2	11	69
27/03/2025	20	2	3	0,2	1	13	2	15	45
27/03/2025	21	3	3	0,2	2	11	3	14	47
27/03/2025	22	2	3	0,2	1	9	3	11	43
27/03/2025	23	2	3	0,2	2	11	3	13	40
28/03/2025	00	2	3	0,1	2	12	3	14	34
28/03/2025	01	3	3	0,1	2	8	3	11	33
28/03/2025	02	3	3	0,1	2	9	3	11	25
28/03/2025	03	2	3	0,1	1	10	2	12	23
28/03/2025	04	2	3	0,1	1	10	2	12	27
28/03/2025	05	1	3	0,1	1	9	1	11	42
28/03/2025	06	1	2	0,1	2	6	1	8	59
28/03/2025	07	1	2	0,1	2	4	1	7	70
28/03/2025	08	1	2	0,1	1	3	2	6	81
28/03/2025	09	1	2	0,1	1	3	1	5	83
28/03/2025	10	1	2	0,1	2	4	1	6	83
28/03/2025	11	1	2	0,1	1	4	2	6	84
28/03/2025	12	1	2	0,1	2	7	2	11	82
28/03/2025	13	1	3	0,1	2	8	2	11	87
28/03/2025	14	1	2	0,1	2	7	2	10	91
28/03/2025	15	1	2	0,1	2	6	2	10	95
28/03/2025	16	1	4	0,1	4	16	3	22	84
28/03/2025	17	1	4	0,1	3	14	3	18	93
28/03/2025	18	1	3	0,1	2	11	1	14	88
28/03/2025	19	1	4	0,1	2	17	2	19	75
28/03/2025	20	2	4	0,1	2	17	2	19	53
28/03/2025	21	2	3	0,1	1	12	2	14	69
28/03/2025	22	1	2	0,1	1	4	2	6	92
28/03/2025	23	1	2	0,1	1	4	1	6	91
29/03/2025	00	1	2	0,1	1	3	1	5	94
29/03/2025	01	1	2	0,1	1	3	1	5	91
29/03/2025	02	1	2	0,1	1	3	1	5	90
29/03/2025	03	1	2	0,1	1	3	1	5	90
29/03/2025	04	1	2	0,1	2	3	1	6	88
29/03/2025	05	1	2	0,1	1	3	1	5	89
29/03/2025	06	1	2	0,1	1	3	1	5	88
29/03/2025	07	1	2	0,1	1	4	1	5	89
29/03/2025	08	1	2	0,1	1	3	1	5	92
29/03/2025	09	1	2	0,1	2	4	1	6	92
29/03/2025	10	1	2	0,1	1	4	1	5	97
29/03/2025	11	1	2	0,1	1	3	1	6	101
29/03/2025	12	1	2	0,1	2	4	1	6	102
29/03/2025	13	1	2	0,1	2	4	1	6	101
29/03/2025	14	1	2	0,1	2	4	3	7	103
29/03/2025	15	1	2	0,1	1	3	2	6	107
29/03/2025	16	1	2	0,1	2	3	1	6	105
29/03/2025	17	1	2	0,1	2	3	2	6	105
29/03/2025	18	1	2	0,1	2	3	1	6	103
29/03/2025	19	1	2	0,1	2	3	1	6	99
29/03/2025	20	1	2	0,1	1	3	1	5	96
29/03/2025	21	1	2	0,1	2	4	1	7	94
29/03/2025	22	1	2	0,1	1	4	1	5	93
29/03/2025	23	1	2	0,1	1	3	1	5	92
30/03/2025	00	1	2	0,1	1	3	1	4	90
30/03/2025	01	1	2	0,1	1	2	1	4	90
30/03/2025	02	1	2	0,1	1	2	1	4	91
30/03/2025	03	1	2	0,1	1	2	1	4	91
30/03/2025	04	1	1	0,1	1	1	1	3	90
30/03/2025	05	1	2	0,1	1	2	1	3	91
30/03/2025	06	1	2	0,1	1	2	1	4	90
30/03/2025	07	1	2	0,1	1	2	1	4	90
30/03/2025	08	1	2	0,1	1	2	1	4	88
30/03/2025	09	1	2	0,1	2	3	1	6	87
30/03/2025	10	1	2	0,1	1	3	1	5	93
30/03/2025	11	1	2	0,1	1	3	1	5	96
30/03/2025	12	1	2	0,1	2	5	1	8	93
30/03/2025	13	1	2	0,1	2	6	1	10	95
30/03/2025	14	1	3	0,1	2	8	1	11	97
30/03/2025	15	1	2	0,1	2	7	1	10	103
30/03/2025	16	1	2	0,1	2	6	1	9	103
30/03/2025	17	1	3	0,1	2	8	1	11	93
30/03/2025	18	1	3	0,2	2	13	1	16	82
30/03/2025	19	1	3	0,1	1	10	1	11	75
30/03/2025	20	1	3	0,2	1	13	1	15	50
30/03/2025	21	1	3	0,2	2	11	1	13	42
30/03/2025	22	1	3	0,2	1	10	1	12	30
30/03/2025	23	1	3	0,1	2	10	1	12	37
31/03/2025	00	1	3	0,1	2	8	1	10	40
31/03/2025	01		2	0,1	1	7		9	40
31/03/2025	02		2	0,1	1	5		7	42
31/03/2025	03		2	0,1	1	5		8	45
31/03/2025	04		2	0,1	1	5		7	40
31/03/2025	05		3	0,1	1	8		10	38
31/03/2025	06		3	0,1	2	11		13	35
31/03/2025	07		3	0,1	2	12		14	38
31/03/2025	08		3	0,1	3	11		16	53
31/03/2025	09		3	0,1	3	11		16	62
31/03/2025	10		3	0,1	2	8		11	84
31/03/2025	11		3	0,1	3	13		18	88
31/03/2025	12		4	0,1	4	17		23	84
31/03/2025	13		6	0,1	6	25		35	75
31/03/2025	14		4	0,1	5	19		26	99
31/03/2025	15		3	0,1	3	12		17	111
31/03/2025	16		3	0,1	2	10		13	104
31/03/2025	17		3	0,1	2	9		12	104
31/03/2025	18		3	0,1	3	11		15	98
31/03/2025	19		4	0,1	1	18		20	62
31/03/2025	20		4	0,1	2	16		19	40
31/03/2025	21		4	0,1	1	14		16	41
31/03/2025	22		4	0,1	2	14		17	25
31/03/2025	23		4	0,1	2	13		16	22
01/04/2025	00		3	0,1	2	12		14	21
01/04/2025	01		3	0,1	2	10		12	21
01/04/2025	02		3	0,1	1	10		11	25
01/04/2025	03		3	0,1	1	10		12	27
01/04/2025	04		3	0,1	1	9		11	29
01/04/2025	05		3	0,1	1	9		11	31
01/04/2025	06		3	0,1	1	11		12	31
01/04/2025	12		5	0,1	6	21		31	88
01/04/2025	13		3	0,1	4	12		17	106
01/04/2025	14		3	0,1	2	8		12	116
01/04/2025	15		2	0,1	2	7		10	120
01/04/2025	16		2	0,1	2	6		9	125
01/04/2025	17		2	0,1	1	7		9	117
01/04/2025	18		2	0,1	1	6		8	119
01/04/2025	19		2	0,1	2	5		7	107
01/04/2025	20		2	0,1	2	6		9	100
01/04/2025	21		2	0,1	2	6		9	83
01/04/2025	22		2	0,1	2	6		8	70
01/04/2025	23		2	0,1	1	5		7	70
02/04/2025	00		3	0,1	1	8		9	65
02/04/2025	01		3	0,1	2	9		11	67
02/04/2025	02		3	0,1	1	9		10	67
02/04/2025	03		2	0,1	1	7		9	73
02/04/2025	04		2	0,1	2	5		8	74
02/04/2025	05		2	0,1	2	5		7	77
02/04/2025	06		2	0,1	2	6		8	82
02/04/2025	07		2	0,1	2	7		9	78
02/04/2025	08		2	0,1	2	7		10	74
02/04/2025	09		2	0,1	2	5		8	90
02/04/2025	10		2	0,1	2	5		8	94
02/04/2025	11		2	0,1	2	5		7	98
02/04/2025	12		3	0,2	2	10		13	91
02/04/2025	13		3	0,2	2	12		15	100
02/04/2025	14		3	0,1	2	11		14	104
02/04/2025	15		3	0,1	2	8		12	106
02/04/2025	16		2	0,1	2	7		10	105
02/04/2025	17		3	0,1	2	11		14	94
02/04/2025	18		2	0,1	1	7		9	106
02/04/2025	19		2	0,1	1	4		6	105
02/04/2025	20		2	0,1	1	5		6	103
02/04/2025	21		2	0,1	1	4		6	97
02/04/2025	22		2	0,1	1	4		6	88
02/04/2025	23		2	0,1	1	4		6	89
03/04/2025	00		2	0,1	1	6		8	91
03/04/2025	01		2	0,1	2	7		10	84
03/04/2025	02		2	0,1	2	7		10	81
03/04/2025	03		2	0,1	1	5		7	92
03/04/2025	04		2	0,1	2	4		6	92
03/04/2025	05		2	0,1	2	4		6	89
03/04/2025	06		2	0,1	1	4		7	89
03/04/2025	07		2	0,1	2	5		7	90
03/04/2025	08		2	0,1	2	6		9	87
03/04/2025	09		2	0,1	2	7		10	91
03/04/2025	10		2	0,1	2	5		8	97
03/04/2025	11		2	0,1	2	4		7	101
03/04/2025	12		2	0,1	1	5		7	99
03/04/2025	13		2	0,1	2	4		7	98
03/04/2025	14		2	0,1	2	5		8	98
03/04/2025	15		2	0,1	2	5		8	99
03/04/2025	16		2	0,1	2	5		8	100
03/04/2025	17		2	0,1	2	6		8	99
03/04/2025	18		2	0,1	1	6		8	97
03/04/2025	19		2	0,1	1	6		7	97
03/04/2025	20		2	0,1	2	5		8	98
03/04/2025	21		2	0,1	2	6		8	97
03/04/2025	22		2	0,1	1	6		8	96
03/04/2025	23		2	0,1	2	5		7	95
04/04/2025	00		2	0,1	1	5		6	93
04/04/2025	01		2	0,1	2	6		9	
04/04/2025	02		2	0,1	1	4		6	92
04/04/2025	03		2	0,1	1	4		5	89
04/04/2025	04		2	0,1	1	3		4	87
04/04/2025	05		2	0,1	1	3		4	77
04/04/2025	06		2	0,1	1	4		6	64
04/04/2025	07		2	0,1	1	5		6	62
04/04/2025	08		2	0,1	1	6		7	72
04/04/2025	09		2	0,1	1	4		5	87
04/04/2025	10		2	0,1	1	3		5	95
04/04/2025	11		2	0,1	1	3		5	97
04/04/2025	12		2	0,1	1	3		5	101
04/04/2025	13		2	0,1	1	4		5	95
04/04/2025	14		2	0,1	2	5		7	96
04/04/2025	15		2	0,1	1	4		6	98
04/04/2025	16		2	0,1	1	4		6	95
04/04/2025	17		2	0,1	1	4		5	91
04/04/2025	18		2	0,1	1	3		5	92
04/04/2025	19		2	0,1	1	3		4	91
04/04/2025	20		2	0,2	1	4		5	73
04/04/2025	21		2	0,2	1	5		6	66
04/04/2025	22		2	0,2	1	7		8	49
04/04/2025	23		2	0,2	1	6		8	44
05/04/2025	00		2	0,1	1	6		7	30
05/04/2025	01		2	0,1	1	5		6	28
05/04/2025	02		2	0,1	1	5		6	22
05/04/2025	03		2	0,1	1	4		6	18
05/04/2025	04		2	0,1	1	4		5	31
05/04/2025	05		2	0,1	1	5		6	27
05/04/2025	06		2	0,1	1	6		7	19
05/04/2025	07		2	0,1	1	5		7	25
05/04/2025	08		2	0,1	1	6		8	40
05/04/2025	09		2	0,1	1	3		4	83
05/04/2025	10		2	0,1	1	2		3	85
05/04/2025	11		2	0,1	1	2		3	87
05/04/2025	12		2	0,1	1	2		3	96
05/04/2025	13		2	0,1	1	2		3	97
05/04/2025	14		2	0,1	1	3		4	95
05/04/2025	15		2	0,1	2	4		6	95
05/04/2025	16		2	0,1	2	6		9	96
05/04/2025	17		2	0,1	1	4		6	94
05/04/2025	18		2	0,1	1	4		5	89
05/04/2025	19		2	0,1	1	7		8	79
05/04/2025	20		2	0,1	1	8		9	65
05/04/2025	21		3	0,1	1	8		9	57
05/04/2025	22		3	0,1	1	8		9	43
05/04/2025	23		2	0,1	1	7		8	46
06/04/2025	00		2	0,1	1	4		5	56
06/04/2025	01		2	0,1	1	3		4	63
06/04/2025	02		2	0,1	1	3		4	64
06/04/2025	03		2	0,1	1	2		3	67
06/04/2025	04		2	0,1	1	2		3	69
06/04/2025	05		2	0,1	1	2		4	64
06/04/2025	06		2	0,1	1	3		4	67
06/04/2025	07		2	0,1	1	3		4	69
06/04/2025	08		2	0,1	1	2		3	74
06/04/2025	09		2	0,1	1	2		3	80
06/04/2025	10		2	0,1	1	2		3	90
06/04/2025	11		2	0,1	1	3		4	89
06/04/2025	12		2	0,1	1	3		4	92
06/04/2025	13		2	0,1	2	4		6	93
06/04/2025	14		2	0,1	1	5		7	94
06/04/2025	15		2	0,1	1	5		7	94
06/04/2025	16		2	0,1	1	4		6	95
06/04/2025	17		2	0,1	1	4		6	91
06/04/2025	18		2	0,1	1	4		6	91
06/04/2025	19		2	0,1	1	6		8	72
06/04/2025	20		3	0,1	1	8		10	48
06/04/2025	21		2	0,1	1	6		7	48
06/04/2025	22		2	0,1	1	6		7	39
06/04/2025	23		3	0,1	1	9		10	37
07/04/2025	00		3	0,1	1	8		9	36
07/04/2025	01		2	0,1	1	7		9	37
07/04/2025	02		2	0,1	1	6		7	42
07/04/2025	03		2	0,1	1	4		5	39
07/04/2025	04		2	0,1	1	4		5	34
07/04/2025	05		3	0,1	1	8		10	21
07/04/2025	06		5	0,1	4	21		27	14
07/04/2025	07		4	0,2	3	15		20	31
07/04/2025	08		3	0,1	3	9		12	56
07/04/2025	09		2	0,1	2	6		8	73
07/04/2025	10		2	0,1	1	6		7	86
07/04/2025	11		4	0,1	3	13		18	83
07/04/2025	12		3	0,1	2	8		12	96
07/04/2025	13		2	0,1	2	6		8	98
07/04/2025	14		2	0,1	1	5		7	100
07/04/2025	15		3	0,1	2	8		11	99
07/04/2025	16		2	0,1	2	7		9	104
07/04/2025	17		2	0,1	2	6		8	102
07/04/2025	18		2	0,1	1	5		6	110
07/04/2025	19		2	0,1	1	5		6	97
07/04/2025	20		2	0,1	1	7		8	61
07/04/2025	21		3	0,1	1	8		9	44
07/04/2025	22		2	0,1	1	6		7	48
07/04/2025	23		2	0,1	1	6		7	42
08/04/2025	00		2	0,1	1	7		9	23
08/04/2025	01		2	0,1	1	6		7	25
08/04/2025	02		2	0,1	1	6		8	17
08/04/2025	03		2	0,1	1	5		6	21
08/04/2025	04		2	0,1	1	5		6	21
08/04/2025	05		2	0,1	1	4		6	19
08/04/2025	06		3	0,1	2	8		11	14
08/04/2025	07		3	0,1	4	10		17	15
08/04/2025	08		3	0,2	5	13		21	33
08/04/2025	09		3	0,2	4	13		19	60
08/04/2025	10		3	0,2	2	12		15	77
08/04/2025	11		4	0,2	3	14		19	76
08/04/2025	12		4	0,2	5	19		27	79
08/04/2025	13		4	0,2	4	15		21	94
08/04/2025	14		2	0,1	2	7		9	110
08/04/2025	15		2	0,1	1	4		6	111
08/04/2025	16		2	0,1	1	4		6	111
08/04/2025	17		2	0,1	1	4		5	110
08/04/2025	18		2	0,1	1	4		5	100
08/04/2025	19		2	0,1	1	5		6	89
08/04/2025	20		2	0,1	1	6		7	62
08/04/2025	21		2	0,1	1	7		8	35
08/04/2025	22		2	0,1	1	7		9	33
08/04/2025	23		2	0,1	1	6		7	22
09/04/2025	00		2	0,1	1	5		6	15
09/04/2025	01		2	0,1	1	5		6	11
09/04/2025	02		2	0,1	1	5		6	17
09/04/2025	03		2	0,1	1	4		6	24
09/04/2025	04		2	0,1	1	4		6	20
09/04/2025	05		2	0,1	1	4		5	20
09/04/2025	06		2	0,1	1	5		6	17
09/04/2025	07		2	0,1	1	6		7	17
09/04/2025	08	10	2	0,1	3	7	11	12	31
09/04/2025	09	14	3	0,1	3	10	17	15	53
09/04/2025	10	22	4	0,2	4	14	29	20	69
09/04/2025	11	13	3	0,1	3	11	17	15	86
09/04/2025	12	12	5	0,2	5	21	20	27	88
09/04/2025	13	7	3	0,1	3	11	11	17	101
09/04/2025	14	6	3	0,1	2	8	12	11	109
09/04/2025	15	4	2	0,1	2	7	7	10	114
09/04/2025	16	4	3	0,1	2	9	6	12	111
09/04/2025	17	4	3	0,1	2	9	9	12	111
09/04/2025	18	4	3	0,1	1	12	7	14	103
09/04/2025	19	5	2	0,1	1	6	6	8	97
09/04/2025	20	6	2	0,1	1	6	7	8	78
09/04/2025	21	5	2	0,1	1	7	5	8	64
09/04/2025	22	7	2	0,1	1	6	7	7	44
09/04/2025	23	6	2	0,1	2	6	7	8	38
10/04/2025	00	5	2	0,1	1	7	6	9	36
10/04/2025	01	6	2	0,1	2	6	6	8	35
10/04/2025	02	6	2	0,1	1	6	6	8	36
10/04/2025	03	6	2	0,1	1	6	6	8	41
10/04/2025	04	6	3	0,1	1	8	7	9	37
10/04/2025	05	5	3	0,1	1	9	6	10	36
10/04/2025	06	5	3	0,1	2	9	6	11	40
10/04/2025	07	6	3	0,1	2	10	8	13	42
10/04/2025	08	6	3	0,1	2	12	11	15	50
10/04/2025	09	9	3	0,2	2	11	12	14	70
10/04/2025	10	8	2	0,1	2	7	15	10	97
10/04/2025	11	9	3	0,1	2	9	16	11	94
10/04/2025	12	7	2	0,1	2	7	9	10	102
10/04/2025	13	5	2	0,1	2	6	17	8	108
10/04/2025	14	4	2	0,1	1	4	16	6	105
10/04/2025	15	3	2	0,1	2	3	7	6	108
10/04/2025	16	3	2	0,1	1	4	4	6	103
10/04/2025	17	3	2	0,1	1	4	4	5	101
10/04/2025	18	3	2	0,1	1	3	3	5	100
10/04/2025	19	3	2	0,1	1	4	3	5	96
10/04/2025	20	4	2	0,1	1	4	5	5	89
10/04/2025	21	4	2	0,1	1	4	4	6	93
10/04/2025	22	4	2	0,1	1	4	5	6	75
10/04/2025	23	4	2	0,1	1	5	5	7	56
11/04/2025	00	4	2	0,1	1	5	5	7	36
11/04/2025	01	5	2	0,1	2	5	5	7	32
11/04/2025	02	6	2	0,1	1	5	6	7	32
11/04/2025	03	6	2	0,1	1	5	7	7	26
11/04/2025	04	8	2	0,1	2	6	8	8	26
11/04/2025	05	9	2	0,1	2	6	9	8	26
11/04/2025	06	10	2	0,1	2	7	10	9	22
11/04/2025	07	13	3	0,1	2	10	15	12	25
11/04/2025	08	12	3	0,1	2	13	14	16	30
11/04/2025	09	10	3	0,1	2	11	12	14	55
11/04/2025	10	6	2	0,1	1	6	11	8	86
11/04/2025	11	8	3	0,1	1	8	14	10	95
11/04/2025	12	5	2	0,1	2	7	7	9	100
11/04/2025	13	4	2	0,1	1	5	9	7	98
11/04/2025	14	4	2	0,1	2	4	7	6	98
11/04/2025	15	4	2	0,1	2	4	6	7	100
11/04/2025	16	4	2	0,1	2	5	5	8	98
11/04/2025	17	4	2	0,1	2	5	6	7	100
11/04/2025	18	4	2	0,1	1	6	7	8	95
11/04/2025	19	5	2	0,1	1	6	6	7	86
11/04/2025	20	4	2	0,1	1	5	5	6	89
11/04/2025	21	6	2	0,1	1	5	6	6	74
11/04/2025	22	9	3	0,1	1	7	10	9	41
11/04/2025	23	10	2	0,1	2	6	11	8	28
12/04/2025	00	11	2	0,1	1	6	12	8	31
12/04/2025	01	9	2	0,1	1	5	9	7	40
12/04/2025	02	8	2	0,1	1	6	8	8	25
12/04/2025	03	6	2	0,1	1	6	6	8	25
12/04/2025	04	5	2	0,1	1	6	6	8	25
12/04/2025	05	5	2	0,1	1	6	6	7	16
12/04/2025	06	5	2	0,1	1	6	5	7	19
12/04/2025	07	5	2	0,1	1	6	6	8	18
12/04/2025	08	6	3	0,1	2	8	6	10	26
12/04/2025	09	8	3	0,1	2	9	8	12	33
12/04/2025	10	6	2	0,1	3	7	6	11	79
12/04/2025	11	3	2	0,1	2	4	4	7	92
12/04/2025	12	3	2	0,1	1	4	4	6	93
12/04/2025	13	3	2	0,1	2	4	4	7	94
12/04/2025	14	7	3	0,2	2	9	11	11	84
12/04/2025	15	12	5	0,2	3	20	13	24	68
12/04/2025	16	12	3	0,2	2	13	15	16	83
12/04/2025	17	11	3	0,2	2	10	13	13	82
12/04/2025	18	11	3	0,2	1	10	12	12	73
12/04/2025	19	11	3	0,2	1	11	12	13	74
12/04/2025	20	13	3	0,2	1	12	13	14	61
12/04/2025	21	13	3	0,2	1	11	14	13	44
12/04/2025	22	12	3	0,2	1	9	13	11	26
12/04/2025	23	13	3	0,2	2	8	14	10	18
13/04/2025	00	14	2	0,2	2	7	14	9	18
13/04/2025	01	15	3	0,2	1	8	15	10	15
13/04/2025	02	15	2	0,1	1	7	15	9	10
13/04/2025	03	15	2	0,1	1	6	15	8	9
13/04/2025	04	15	2	0,2	1	6	15	8	8
13/04/2025	05	14	2	0,1	1	5	15	7	6
13/04/2025	06	12	2	0,1	2	5	12	8	8
13/04/2025	07	8	2	0,1	2	5	8	8	17
13/04/2025	08	6	2	0,1	2	7	6	11	40
13/04/2025	09	11	3	0,1	3	9	13	12	48
13/04/2025	10	9	4	0,1	6	17	11	26	55
13/04/2025	11	9	3	0,1	4	12	10	17	82
13/04/2025	12	9	3	0,1	2	8	10	11	94
13/04/2025	13	6	2	0,1	2	7	7	9	97
13/04/2025	14	3	2	0,1	1	5	4	7	97
13/04/2025	15	4	2	0,1	2	5	4	7	92
13/04/2025	16	5	2	0,1	1	5	5	6	92
13/04/2025	17	6	2	0,1	1	6	6	7	91
13/04/2025	18	6	2	0,1	1	6	7	8	97
13/04/2025	19	8	2	0,1	1	6	9	8	83
13/04/2025	20	8	3	0,1	1	9	10	12	47
13/04/2025	21	8	2	0,1	1	6	8	8	54
13/04/2025	22	3	2	0,1	2	6	4	8	67
13/04/2025	23	4	2	0,1	2	4	4	7	62
14/04/2025	00	4	2	0,1	1	5	4	7	55
14/04/2025	01	4	2	0,1	1	5	4	6	44
14/04/2025	02	3	2	0,1	1	5	4	6	25
14/04/2025	03	2	2	0,1	1	4	3	6	25
14/04/2025	04	4	2	0,1	1	4	4	6	25
14/04/2025	05	4	2	0,1	1	6	5	7	13
14/04/2025	06	5	3	0,1	2	8	6	11	15
14/04/2025	07	6	2	0,1	1	7	6	10	19
14/04/2025	08	14	3	0,1	2	9	14	12	29
14/04/2025	09	12	3	0,2	2	10	13	13	63
14/04/2025	10	8	3	0,1	2	9	12	11	76
14/04/2025	11	5	2	0,1	1	7	7	9	90
14/04/2025	12	6	2	0,1	2	7	9	10	90
14/04/2025	13	7	3	0,1	3	10	10	15	94
14/04/2025	14	8	3	0,1	2	10	12	13	91
14/04/2025	15	8	3	0,1	2	8	9	12	91
14/04/2025	16	6	3	0,1	2	8	6	11	91
14/04/2025	17	6	3	0,1	2	8	7	10	91
14/04/2025	18	7	3	0,2	2	13	8	16	87
14/04/2025	19	8	3	0,1	2	9	9	12	76
14/04/2025	20	9	3	0,1	2	8	10	11	40
14/04/2025	21	9	3	0,2	1	9	10	11	30
14/04/2025	22	3	2	0,1	1	6	4	7	73
14/04/2025	23	2	2	0,1	1	4	3	6	79
15/04/2025	00	3	2	0,1	1	4	3	6	67
15/04/2025	01	3	2	0,1	1	5	3	7	42
15/04/2025	02	2	2	0,1	1	4	3	6	81
15/04/2025	03	2	2	0,1	1	4	3	6	76
15/04/2025	04	1	2	0,1	1	4	2	6	66
15/04/2025	05	1	2	0,1	1	4	1	5	83
15/04/2025	06	1	2	0,1	1	3	1	5	83
15/04/2025	07	8	2	0,1	1	4	8	5	78
15/04/2025	08	9	2	0,2	2	6	10	9	82
15/04/2025	09	1	2	0,1	2	4	2	6	80
15/04/2025	10	11	3	0,2	3	9	11	13	87
15/04/2025	11	7	2	0,2	2	7	9	10	88
15/04/2025	12	2	2	0,1	2	3	4	6	89
15/04/2025	13	1	2	0,1	2	3	2	6	93
15/04/2025	14	1	2	0,1	1	3	1	5	100
15/04/2025	15	1	2	0,1	1	4	1	5	101
15/04/2025	16	1	2	0,1	1	4	2	5	98
15/04/2025	17	1	2	0,1	1	3	2	5	98
15/04/2025	18	1	2	0,1	1	3	1	5	95
15/04/2025	19	1	2	0,1	1	4	1	5	95
15/04/2025	20	1	2	0,1	1	4	1	6	89
15/04/2025	21	1	2	0,1	1	5	1	6	64
15/04/2025	22	1	2	0,1	1	6	1	7	63
15/04/2025	23	1	2	0,1	1	4	1	6	83
16/04/2025	00	1	2	0,1	1	3	1	5	86
16/04/2025	01	1	2	0,1	1	3	1	4	82
16/04/2025	02	1	2	0,1	2	3	1	6	82
16/04/2025	03	1	2	0,1	1	3	1	5	87
16/04/2025	04	1	2	0,1	1	3	1	5	84
16/04/2025	05	1	2	0,1	1	3	1	5	83
16/04/2025	06	1	2	0,1	1	4	1	6	87
16/04/2025	07	1	2	0,1	1	4	2	5	86
16/04/2025	08	1	2	0,1	1	3	2	5	89
16/04/2025	09	1	2	0,1	2	3	1	5	89
16/04/2025	10	1	2	0,1	1	3	2	5	92
16/04/2025	11	1	2	0,1	2	3	1	5	95
16/04/2025	12	1	2	0,1	1	3	1	5	94
16/04/2025	13	1	2	0,1	1	3	1	5	97
16/04/2025	14	1	2	0,1	1	3	1	4	100
16/04/2025	15	1	2	0,1	1	3	1	4	98
16/04/2025	16	1	2	0,1	1	3	3	5	96
16/04/2025	17	1	2	0,1	1	3	1	5	96
16/04/2025	18	1	2	0,1	1	4	1	5	99
16/04/2025	19	1	2	0,1	1	3	1	5	96
16/04/2025	20	1	2	0,1	1	3	1	5	93
16/04/2025	21	1	2	0,1	1	3	1	5	88
16/04/2025	22	1	2	0,1	1	4	1	5	75
16/04/2025	23	1	2	0,1	2	4	1	6	81
17/04/2025	00	1	2	0,1	2	3	1	5	81
17/04/2025	01	1	2	0,1	1	3	1	5	73
17/04/2025	02	1	2	0,1	1	4	1	6	61
17/04/2025	03	1	2	0,1	1	5	2	7	44
17/04/2025	04	1	2	0,1	2	4	1	7	35
17/04/2025	05	1	2	0,1	1	5	1	7	35
17/04/2025	06	1	2	0,1	2	5	1	8	33
17/04/2025	07	1	2	0,1	2	7	1	9	41
17/04/2025	08	1	2	0,1	2	6	1	8	75
17/04/2025	09	1	2	0,1	2	3	1	6	96
17/04/2025	10	1	2	0,1	1	4	1	6	97
17/04/2025	11	1	2	0,1	1	4	1	5	99
17/04/2025	12	1	2	0,1	1	3	1	4	100
17/04/2025	13	1	2	0,1	1	4	4	6	99
17/04/2025	14	1	2	0,1	2	7	4	10	101
17/04/2025	15	1	2	0,1	2	7	4	10	102
17/04/2025	16	2	4	0,2	4	17	6	23	90
17/04/2025	17	1	3	0,1	3	10	4	15	104
17/04/2025	18	2	3	0,2	2	8	3	11	99
17/04/2025	19	1	3	0,2	2	8	2	10	96
17/04/2025	20	2	2	0,2	2	7	2	10	85
17/04/2025	21	2	3	0,2	1	7	2	9	63
17/04/2025	22	3	3	0,2	1	9	3	10	42
17/04/2025	23	3	3	0,2	1	10	3	12	38
18/04/2025	00	3	3	0,2	1	9	3	10	28
18/04/2025	01	2	3	0,1	1	7	2	9	27
18/04/2025	02	2	2	0,1	2	6	2	8	29
18/04/2025	03	2	2	0,1	2	6	2	8	32
18/04/2025	04	1	2	0,1	1	6	1	8	35
18/04/2025	05	1	2	0,1	2	6	1	8	36
18/04/2025	06	1	3	0,1	1	7	1	9	30
18/04/2025	07	1	3	0,1	2	8	2	10	38
18/04/2025	08	1	2	0,1	2	7	2	10	51
18/04/2025	09	1	2	0,1	2	6	2	9	62
18/04/2025	10	1	3	0,1	2	9	2	12	77
18/04/2025	11	1	2	0,1	2	4	1	7	84
18/04/2025	12	1	2	0,1	2	6	2	9	86
18/04/2025	13	2	4	0,1	4	17	4	23	88
18/04/2025	14	2	3	0,1	3	11	2	15	92
18/04/2025	15	1	2	0,1	2	6	1	9	93
18/04/2025	16	1	2	0,1	2	5	2	8	90
18/04/2025	17	1	3	0,1	2	8	2	11	84
18/04/2025	18	1	3	0,1	2	10	2	13	78
18/04/2025	19	1	3	0,1	1	10	3	12	73
18/04/2025	20	2	2	0,1	1	7	2	9	65
18/04/2025	21	2	3	0,2	1	8	3	10	53
18/04/2025	22	3	2	0,1	2	7	3	9	45
18/04/2025	23	2	2	0,1	1	7	2	9	31
19/04/2025	00	2	3	0,1	2	8	2	10	21
19/04/2025	01	2	3	0,1	1	8	2	10	21
19/04/2025	02	2	2	0,1	1	6	2	8	19
19/04/2025	03	2	2	0,1	1	6	2	8	17
19/04/2025	04	2	2	0,1	2	5	2	7	53
19/04/2025	05	1	2	0,1	1	4	1	6	49
19/04/2025	06	1	2	0,1	1	5	1	7	40
19/04/2025	07	1	2	0,1	1	4	1	6	66
19/04/2025	08	1	2	0,1	1	4	3	5	77
19/04/2025	09	1	2	0,1	1	3	4	5	79
19/04/2025	10	2	2	0,1	1	3	7	5	81
19/04/2025	11	1	2	0,1	1	3	3	5	88
19/04/2025	12	1	2	0,1	1	3	3	5	94
19/04/2025	13	1	2	0,1	1	2	6	5	101
19/04/2025	14	1	2	0,1	1	2	5	4	101
19/04/2025	15	1	2	0,1	1	3	2	4	100
19/04/2025	16	1	2	0,1	1	3	2	5	98
19/04/2025	17	1	2	0,1	1	3	1	5	95
19/04/2025	18	1	2	0,1	1	3	1	4	94
19/04/2025	19	1	2	0,1	1	3	1	5	91
19/04/2025	20	1	2	0,1	1	3	1	4	95
19/04/2025	21	1	2	0,1	1	3	1	5	94
19/04/2025	22	1	2	0,1	1	3	1	5	90
19/04/2025	23	1	2	0,1	1	3	1	4	87
20/04/2025	00	1	2	0,1	1	3	1	5	85
20/04/2025	01	1	2	0,1	1	3	1	5	84
20/04/2025	02	1	2	0,1	1	3	1	5	84
20/04/2025	03	1	2	0,1	1	3	1	4	84
20/04/2025	04	1	2	0,1	2	3	1	5	79
20/04/2025	05	1	2	0,1	1	3	1	5	63
20/04/2025	06	1	2	0,1	1	3	1	5	76
20/04/2025	07	1	2	0,1	1	2	1	4	80
20/04/2025	08	1	2	0,1	1	3	1	4	79
20/04/2025	09	1	2	0,1	1	3	1	5	79
20/04/2025	10	1	2	0,1	2	3	1	5	77
20/04/2025	11	1	2	0,1	1	3	1	5	78
20/04/2025	12	1	2	0,1	2	3	1	5	81
20/04/2025	13	1	2	0,1	1	3	1	5	82
20/04/2025	14	1	2	0,1	1	3	1	4	87
20/04/2025	15	1	2	0,1	1	3	2	5	85
20/04/2025	16	1	2	0,1	1	3	1	5	87
20/04/2025	17	1	2	0,1	2	4	1	6	93
20/04/2025	18	1	2	0,1	1	4	2	6	93
20/04/2025	19	1	2	0,1	2	5	4	8	81
20/04/2025	20	2	3	0,1	2	8	5	10	58
20/04/2025	21	2	2	0,1	1	7	3	8	52
20/04/2025	22	1	2	0,1	2	7	2	10	46
20/04/2025	23	1	3	0,2	2	10	2	12	33
21/04/2025	00	1	3	0,1	2	9	1	11	32
21/04/2025	01	1	3	0,1	1	8	1	11	32
21/04/2025	02	1	3	0,1	1	9	1	11	32
21/04/2025	03	1	2	0,1	1	5	1	7	35
21/04/2025	04	1	2	0,1	1	5	1	7	34
21/04/2025	05	1	2	0,1	1	5	1	6	37
21/04/2025	06	1	2	0,1	1	5	1	7	36
21/04/2025	07	1	2	0,1	2	6	1	8	41
21/04/2025	08	1	2	0,1	2	5	1	8	51
21/04/2025	09	1	2	0,1	1	4	1	6	79
21/04/2025	10	1	2	0,1	1	4	1	6	84
21/04/2025	11	1	2	0,1	1	4	2	6	85
21/04/2025	12	1	2	0,1	1	6	3	8	91
21/04/2025	13	1	3	0,1	3	9	2	13	92
21/04/2025	14	1	2	0,1	2	6	1	10	96
21/04/2025	15	1	2	0,1	2	6	3	10	94
21/04/2025	16	1	3	0,1	2	8	3	12	93
21/04/2025	17	1	2	0,1	2	7	4	10	90
21/04/2025	18	1	3	0,2	2	9	4	11	90
21/04/2025	19	1	2	0,1	1	6	2	7	91
21/04/2025	20	1	2	0,1	1	6	2	8	78
21/04/2025	21	1	2	0,1	1	7	1	9	65
21/04/2025	22	2	3	0,1	1	7	2	9	56
21/04/2025	23	1	3	0,1	2	8	1	11	47
22/04/2025	00	1	3	0,1	1	9	1	11	41
22/04/2025	01	1	3	0,1	1	8	1	10	40
22/04/2025	02	1	3	0,1	2	8	1	10	37
22/04/2025	03	1	2	0,1	1	7	1	8	35
22/04/2025	04	1	2	0,1	1	6	1	8	33
22/04/2025	05	1	3	0,1	1	8	1	10	33
22/04/2025	06	1	3	0,1	2	9	1	12	21
22/04/2025	07	2	2	0,2	2	8	2	10	21
22/04/2025	08	2	3	0,2	3	11	2	15	17
22/04/2025	09	2	3	0,2	3	9	2	15	29
22/04/2025	10	2	3	0,2	4	12	2	18	57
22/04/2025	11	2	3	0,2	3	10	2	15	67
22/04/2025	12	3	3	0,2	3	11	5	16	69
22/04/2025	13	3	3	0,1	2	11	3	14	78
22/04/2025	14	3	2	0,2	1	7	3	8	73
22/04/2025	15	5	2	0,2	1	6	5	8	71
22/04/2025	16	3	2	0,2	1	5	3	7	73
22/04/2025	17	4	2	0,2	1	6	5	7	76
22/04/2025	18	6	2	0,2	1	6	7	7	61
22/04/2025	19	5	2	0,1	1	5	5	7	49
22/04/2025	20	3	2	0,2	1	6	3	8	44
22/04/2025	21	2	2	0,1	1	4	2	5	31
22/04/2025	22	2	2	0,1	1	5	2	5	27
22/04/2025	23	2	2	0,1	1	4	2	5	28
23/04/2025	00	2	2	0,1	1	4	2	5	18
23/04/2025	01	2	2	0,1	1	5	2	6	16
23/04/2025	02	1	2	0,1	1	4	1	5	30
23/04/2025	03	1	2	0,1	1	3	1	4	47
23/04/2025	04	1	2	0,1	1	4	1	5	57
23/04/2025	05	1	2	0,1	1	2	1	4	70
23/04/2025	06	1	2	0,1	1	3	2	4	65
23/04/2025	07	2	3	0,1	2	9	3	12	43
23/04/2025	08	1	2	0,1	2	4	2	7	67
23/04/2025	09	1	2	0,1	1	3	1	4	87
23/04/2025	10	1	2	0,1	1	4	1	5	88
23/04/2025	11	1	2	0,1	1	3	2	4	92
23/04/2025	12	2	3	0,1	1	7	2	9	89
23/04/2025	13	1	3	0,1	2	8	2	11	96
23/04/2025	14	1	2	0,1	2	6	1	9	101
23/04/2025	15	1	2	0,1	1	7	1	9	104
23/04/2025	16	1	3	0,1	2	10	2	13	97
23/04/2025	17	1	3	0,1	2	9	1	11	100
23/04/2025	18	1	2	0,1	1	6	2	7	102
23/04/2025	19	2	2	0,1	1	5	5	6	89
23/04/2025	20	2	3	0,1	1	9	2	10	61
23/04/2025	21	3	2	0,1	1	7	3	8	59
23/04/2025	22	2	2	0,1	1	7	2	8	47
23/04/2025	23	2	3	0,1	1	8	3	9	35
24/04/2025	00	3	3	0,1	1	9	3	10	33
24/04/2025	01	2	3	0,1	1	9	2	11	36
24/04/2025	02	3	2	0,1	1	7	3	9	34
24/04/2025	03	2	2	0,1	1	6	3	7	34
24/04/2025	04	2	2	0,1	1	6	2	7	30
24/04/2025	05	2	2	0,1	1	5	2	6	25
24/04/2025	06	2	3	0,1	2	8	2	10	15
24/04/2025	07	2	2	0,1	2	7	2	10	26
24/04/2025	08	2	3	0,1	2	8	2	11	39
24/04/2025	09	3	3	0,2	4	12	4	18	58
24/04/2025	10	3	4	0,2	4	15	5	21	71
24/04/2025	11	3	5	0,2	6	21	6	31	70
24/04/2025	12	2	5	0,2	6	21	5	29	78
24/04/2025	13	2	3	0,1	2	9	3	12	101
24/04/2025	14	1	2	0,1	1	6	2	8	103
24/04/2025	15	1	2	0,1	1	6	2	9	101
24/04/2025	16	1	2	0,1	1	6	2	8	99
24/04/2025	17	1	2	0,1	1	6	2	8	98
24/04/2025	18	1	3	0,1	2	8	2	10	91
24/04/2025	19	2	3	0,1	1	8	3	9	89
24/04/2025	20	2	3	0,1	1	9	3	11	73
24/04/2025	21	11	3	0,2	1	11	11	12	53
24/04/2025	22	2	3	0,1	1	8	3	9	44
24/04/2025	23	3	2	0,1	1	6	3	7	40
25/04/2025	00	3	2	0,1	1	7	3	8	26
25/04/2025	01	3	2	0,1	1	7	3	8	27
25/04/2025	02	3	2	0,1	1	6	3	7	25
25/04/2025	03	3	2	0,1	1	6	3	8	20
25/04/2025	04	3	2	0,1	1	7	3	8	12
25/04/2025	05	3	3	0,1	1	8	3	9	12
25/04/2025	06	3	3	0,1	1	9	3	11	15
25/04/2025	07	4	3	0,1	2	9	4	12	18
25/04/2025	08	6	3	0,1	4	11	8	17	37
25/04/2025	09	8	4	0,2	3	13	9	19	55
25/04/2025	10	6	3	0,1	3	11	6	15	69
25/04/2025	11	5	3	0,2	3	11	6	16	76
25/04/2025	12	4	4	0,2	3	16	5	21	94
25/04/2025	13	2	2	0,1	1	5	2	7	106
25/04/2025	14	1	2	0,1	2	4	1	6	101
25/04/2025	15	1	2	0,1	1	4	1	6	100
25/04/2025	16	1	2	0,1	1	5	1	7	98
25/04/2025	17	2	2	0,1	1	4	2	6	102
25/04/2025	18	2	2	0,1	1	4	2	6	100
25/04/2025	19	2	2	0,1	1	4	2	5	93
25/04/2025	20	4	2	0,1	1	4	4	5	79
25/04/2025	21	4	2	0,2	1	6	5	7	57
25/04/2025	22	4	2	0,1	1	7	4	8	42
25/04/2025	23	4	2	0,1	1	7	4	8	39
26/04/2025	00	4	2	0,1	1	5	4	7	32
26/04/2025	01	4	2	0,1	1	5	4	6	32
26/04/2025	02	4	2	0,1	1	5	4	6	20
26/04/2025	03	4	2	0,1	1	4	4	5	16
26/04/2025	04	4	2	0,1	1	4	4	6	10
26/04/2025	05	4	2	0,1	1	4	4	5	10
26/04/2025	06	5	2	0,1	1	4	6	5	8
26/04/2025	07	7	2	0,1	2	5	8	8	17
26/04/2025	08	4	2	0,1	1	5	4	7	57
26/04/2025	09	3	3	0,1	2	8	3	11	66
26/04/2025	10	3	4	0,2	5	14	4	21	66
26/04/2025	11	2	3	0,2	2	11	3	15	81
26/04/2025	12	1	3	0,2	3	11	3	15	77
26/04/2025	13	1	4	0,1	3	12	2	17	79
26/04/2025	14	1	4	0,2	4	14	2	19	79
26/04/2025	15	1	3	0,1	3	12	1	16	86
26/04/2025	16	1	3	0,1	2	8	1	11	85
26/04/2025	17	1	2	0,1	1	4	1	6	84
26/04/2025	18	1	2	0,1	1	3	2	4	86
26/04/2025	19	1	2	0,1	1	3	6	4	82
26/04/2025	20	1	2	0,1	1	5	2	6	67
26/04/2025	21	2	3	0,1	1	9	2	10	48
26/04/2025	22	2	2	0,1	1	7	2	8	46
26/04/2025	23	2	2	0,1	1	5	2	6	37
27/04/2025	00	1	2	0,1	1	4	1	5	59
27/04/2025	01	1	2	0,1	1	2	1	3	79
27/04/2025	02	1	2	0,1	1	2	1	3	79
27/04/2025	03	1	1	0,1	1	1	1	3	80
27/04/2025	04	1	1	0,1	1	1	1	2	80
27/04/2025	05	1	2	0,1	1	2	1	3	82
27/04/2025	06	1	2	0,1	1	2	1	3	78
27/04/2025	07	1	2	0,1	1	2	1	3	76
27/04/2025	08	1	2	0,1	1	2	1	3	82
27/04/2025	09	1	1	0,1	1	2	1	2	87
27/04/2025	10	1	2	0,1	1	2	1	3	90
27/04/2025	11	1	2	0,1	2	6	1	8	84
27/04/2025	12	1	2	0,1	1	5	1	7	92
27/04/2025	13	1	2	0,1	1	5	1	8	94
27/04/2025	14	1	2	0,1	1	5	1	7	97
27/04/2025	15	1	3	0,1	1	8	1	10	100
27/04/2025	16	1	3	0,1	2	9	1	13	95
27/04/2025	17	1	2	0,1	1	5	1	7	97
27/04/2025	18	1	2	0,1	1	4	1	5	95
27/04/2025	19	2	2	0,1	1	4	2	5	92
27/04/2025	20	2	3	0,2	1	8	4	9	66
27/04/2025	21	2	3	0,2	1	10	3	10	49
27/04/2025	22	1	2	0,2	1	6	2	7	34
27/04/2025	23	1	2	0,2	1	4	1	5	29
28/04/2025	00	1	2	0,1	1	4	1	5	29
28/04/2025	01	1	2	0,1	1	4	1	5	39
28/04/2025	02	1	2	0,1	1	4	1	4	35
28/04/2025	03	1	2	0,1	1	4	1	5	34
28/04/2025	04	1	2	0,1	1	3	1	4	40
28/04/2025	05	1	2	0,1	1	6	1	7	26
28/04/2025	06	1	2	0,1	1	6	1	8	29
28/04/2025	07	1	3	0,1	2	8	1	11	41
28/04/2025	08	1	2	0,1	2	6	1	8	61
28/04/2025	09	1	2	0,1	1	3	1	4	93
28/04/2025	10	1	2	0,1	1	3	1	4	98
28/04/2025	17	1	2	0,1	2	7	1	10	101
28/04/2025	18	1	2	0,1	1	5	2	6	98
28/04/2025	19	1	2	0,1	1	4	2	5	93
28/04/2025	20	2	2	0,2	1	7	2	8	70
28/04/2025	21	2	2	0,1	1	5	2	6	62
28/04/2025	22	2	2	0,1	1	4	2	5	52
28/04/2025	23	2	2	0,1	1	5	2	5	45
29/04/2025	00	2	2	0,1	1	5	2	6	38
29/04/2025	01	2	2	0,1	1	6	2	6	37
29/04/2025	02	2	2	0,1	1	5	2	6	35
29/04/2025	03	2	2	0,1	1	5	2	6	28
29/04/2025	04	2	2	0,1	1	5	2	6	33
29/04/2025	05	2	2	0,1	1	5	2	6	33
29/04/2025	06	2	2	0,1	1	7	2	8	34
29/04/2025	07	3	3	0,2	2	12	4	15	33
29/04/2025	08	2	3	0,2	2	10	3	13	53
29/04/2025	09	1	2	0,2	1	5	2	6	95
29/04/2025	10	2	2	0,2	1	5	5	6	98
29/04/2025	11	2	2	0,2	1	3	6	4	103
29/04/2025	12	1	2	0,1	1	3	3	4	103
29/04/2025	13	1	2	0,1	1	3	4	4	106
29/04/2025	14	1	2	0,1	1	2	4	4	107
29/04/2025	15	1	2	0,1	1	2	2	3	109
29/04/2025	16	1	2	0,1	1	2	1	3	108
29/04/2025	17	1	2	0,1	1	2	1	3	101
29/04/2025	18	1	2	0,1	1	2	1	3	101
29/04/2025	19	2	2	0,1	1	3	2	4	103
29/04/2025	20	2	2	0,1	1	4	2	5	99
29/04/2025	21	1	2	0,1	1	2	1	3	97
29/04/2025	22	1	2	0,1	1	2	1	3	99
29/04/2025	23	1	2	0,1	1	2	1	3	98
30/04/2025	00	1	2	0,1	1	3	1	3	93
30/04/2025	01	3	2	0,1	1	3	3	4	80
30/04/2025	02	3	2	0,1	1	5	4	6	59
30/04/2025	03	2	2	0,1	1	5	2	6	65
30/04/2025	04	2	2	0,1	1	5	2	6	64
30/04/2025	05	2	2	0,1	1	5	2	5	63
30/04/2025	06	2	2	0,1	1	5	2	6	64
30/04/2025	07	2	2	0,1	1	5	2	6	89
30/04/2025	08	11	3	0,3	2	11	11	14	89
30/04/2025	09	4	2	0,2	1	7	5	10	93
30/04/2025	10	3	2	0,2	1	6	7	7	96
30/04/2025	11	2	2	0,1	1	3	7	5	99
30/04/2025	12	1	2	0,1	1	2	2	3	102
30/04/2025	13	1	2	0,1	1	3	1	4	103
30/04/2025	14	1	2	0,1	1	2	4	3	105
30/04/2025	15	1	2	0,1	1	3	3	5	103
30/04/2025	16	1	2	0,1	1	3	2	5	98
30/04/2025	17	1	2	0,1	1	3	2	4	96
30/04/2025	18	1	2	0,1	1	2	1	4	94
30/04/2025	19	2	2	0,1	1	2	2	4	92
30/04/2025	20	2	2	0,1	1	3	2	4	91
30/04/2025	21	1	2	0,1	1	3	1	4	91
30/04/2025	22	1	2	0,1	1	4	1	5	80
30/04/2025	23	2	2	0,1	1	4	2	5	66
