Red: Red de Unidades Móviles de Control de la Contaminación Atmosférica
Estación: 12120001-Torre Endoménech (Mòbil) 
	
FECHA	HORA	SO2	CO	NO	NO2	NOx	O3	Veloc.	Direc.	Temp.	H.Rel.	Pres.	R.Sol.	Precip.
		µg/m³	mg/m³	µg/m³	µg/m³	µg/m³	µg/m³	m/s	grados	°C	% H.R.	mb	W/m²	l/m²
02/02/2004	18			2	7	6	28	0,7	202	11	92	1004	1	0
02/02/2004	19			2	7	6	25	0,6	216	10,5	93	1004	0	0
02/02/2004	20			2	5	6	22	0,6	247	9,4	93	1005	0	0
02/02/2004	21			2	4	6	18	0,6	327	7,5	95	1005	0	0
02/02/2004	22			2	11	10	17	0,6	343	7,7	97	1005	0	0
02/02/2004	23			2	15	13	15	1	216	7,3	98	1005	0	0
03/02/2004	00			2	15	14	16	0,8	245	7	97	1006	0	0
03/02/2004	01			2	4	6	16	0,6	345	5,2	97	1006	0	0
03/02/2004	02			2	4	6	15	0,5	342	4	97	1005	0	0
03/02/2004	03			2	4	6	16	0,5	191	3,7	97	1005	0	0
03/02/2004	04			2	4	6	17	0,5	291	3,7	97	1006	0	0,1
03/02/2004	05			2	4	6	17	0,5	1	3,6	98	1006	0	0
03/02/2004	06			2	4	6	17	0,5	322	3,1	97	1006	0	0
03/02/2004	07			2	4	6	17	0,5	347	2,4	97	1007	0	0
03/02/2004	08			2	4	6	15	0,5	308	2,4	98	1007	9	0
03/02/2004	09			7	4	14	15	0,5	172	5,6	95	1007	85	0
03/02/2004	10			7	5	16	17	0,5	180	9,3	90	1007	143	0
03/02/2004	11			5	6	12	20	0,6	127	14,2	78	1007	375	0
03/02/2004	12			2	5	8	25	0,7	109	19,2	61	1006	572	0
03/02/2004	13			2	5	7	27	0,8	145	21,4	53	1004	593	0
03/02/2004	14			2	6	8	32	1,1	121	21,9	50	1004	552	0
03/02/2004	15		0,5	2	8	11	34	1,3	128	19,8	55	1003	432	0
03/02/2004	16		0,5	2	7	8	35	1	105	16,4	67	1004	251	0
03/02/2004	17		0,5	2	9	9	31	0,6	191	14,5	74	1004	80	0
03/02/2004	18		0,5	2	11	12	20	0,5	201	9,5	91	1005	1	0
03/02/2004	19		0,5	2	6	7	17	0,6	294	7,1	95	1006	0	0
03/02/2004	20		0,5	2	12	11	18	0,6	248	7,9	97	1007	0	0
03/02/2004	21		0,5	2	14	14	17	0,9	338	7,8	97	1007	0	0
03/02/2004	22		0,5	2	18	17	17	0,9	330	7,7	97	1007	0	0
03/02/2004	23		0,6	3	32	37	14	0,6	292	8,3	97	1007	0	0
04/02/2004	00		0,5	2	34	37	14	0,7	292	7,9	97	1007	0	0
04/02/2004	01		0,5	3	31	36	14	0,7	290	7,2	97	1007	0	0
04/02/2004	02		0,5	3	27	32	14	0,6	227	6,6	97	1007	0	0
04/02/2004	03		0,5	2	20	22	14	0,5	348	5,5	97	1007	0	0
04/02/2004	04		0,5	2	17	17	14	0,5	4	4,4	97	1008	0	0
04/02/2004	05		0,4	2	14	13	14	0,5	357	3,7	97	1008	0	0
04/02/2004	06		0,4	2	14	14	14	0,5	173	3,8	97	1008	0	0
04/02/2004	07		0,4	3	11	13	14	0,5	202	4,5	97	1009	0	0
04/02/2004	08		0,5	2	15	17	16	0,6	315	5,1	97	1009	4	0
04/02/2004	09		0,5	6	14	23	19	0,5	215	5,6	94	1009	68	0
04/02/2004	10		0,6	14	11	32	19	0,7	34	8,5	87	1009	198	0
04/02/2004	11		0,7	13	13	32	18	0,5	141	10,1	87	1010	149	0
04/02/2004	12		0,6	8	17	29	21	0,6	139	12,3	82	1009	169	0
04/02/2004	13		0,6	5	17	24	24	0,7	193	13,2	77	1008	186	0
04/02/2004	14			2	17	20	27	0,6	133	14,5	72	1008	210	0
04/02/2004	15		0,5	2	17	19	28	1,3	144	13,8	76	1007	144	0
04/02/2004	16		0,5	2	17	18	29	1,2	147	12,5	81	1007	51	0
04/02/2004	17		0,5	2	16	15	29	0,9	162	12	84	1007	13	0
04/02/2004	18		0,5	2	14	13	29	0,7	194	11,3	87	1007	0	0
04/02/2004	19		0,6	2	32	32	18	1	212	9,9	91	1007	0	0
04/02/2004	20		0,6	2	19	18	16	0,6	299	8,2	94	1008	0	0
04/02/2004	21		0,6	2	29	27	17	0,9	303	9,8	93	1008	0	0
04/02/2004	22		0,6	2	35	33	16	1	289	10,1	93	1008	0	0
04/02/2004	23		0,6	2	25	23	17	0,7	349	9,5	92	1008	0	0
05/02/2004	00		0,6	2	33	32	15	0,7	317	9,4	94	1008	0	0
05/02/2004	01		0,6	2	32	31	15	0,8	293	8,7	96	1008	0	0
05/02/2004	02		0,6	2	28	27	15	0,6	327	8,2	96	1008	0	0
05/02/2004	03		0,6	2	27	25	15	0,6	324	7,9	96	1008	0	0
05/02/2004	04		0,6	2	24	23	15	0,8	341	7,6	97	1008	0	0
05/02/2004	05		0,5	2	22	21	15	0,6	354	7,5	97	1008	0	0
05/02/2004	06		0,5	2	20	18	15	0,5	15	7,5	97	1008	0	0
05/02/2004	07		0,5	2	21	19	15	0,7	26	7,5	97	1008	0	0
05/02/2004	08		0,6	2	20	21	16	0,6	169	7,3	97	1009	1	0
05/02/2004	09						24	0,6	315	7,8	96		29	0
05/02/2004	10		0,6	5	14	22	35	0,6	285	8,7	93	1009	77	0
05/02/2004	11		0,6	6	14	24	36	0,6	179	10,2	90	1009	106	0
05/02/2004	12		0,6	7	15	26	37	0,6	25	11,8	85	1009	150	0
05/02/2004	13		0,6	8	21	34	39	0,7	146	13,7	76	1008	214	0
05/02/2004	14		0,6	10	19	34	42	0,8	38	17,1	63	1007	436	0
05/02/2004	15		0,6	9	20	34	44	0,7	67	18,4	58	1006	409	0
05/02/2004	16		0,7	5	21	29	45	0,8	131	16,3	67	1005	232	0
05/02/2004	17		0,7	2	26	28	42	0,8	155	13,4	79	1005	67	0
05/02/2004	18		0,7	2	28	28	38	0,7	186	11,1	89	1006	0	0
05/02/2004	19		0,7	2	27	26	36	0,7	232	10,7	91	1006	0	0
05/02/2004	20		0,7	2	28	26	34	0,7	239	10,2	94	1007	0	0
05/02/2004	21		0,7	2	23	22	33	0,6	326	9,5	95	1007	0	0
05/02/2004	22		0,7	2	25	24	32	0,9	334	8,6	96	1007	0	0
05/02/2004	23		0,7	2	32	32	30	0,9	334	8,1	96	1007	0	0
06/02/2004	00		0,7	2	29	31	31	0,7	332	7,3	96	1007	0	0
06/02/2004	01		0,7	8	30	42	30	0,6	317	6,8	97	1007	0	0
06/02/2004	02		0,7	4	27	33	30	0,6	291	6,4	97	1007	0	0
06/02/2004	03		0,7	3	24	29	30	0,6	304	6,1	97	1006	0	0
06/02/2004	04		0,7	2	13	11	35	0,7	323	6,1	97	1006	0	0
06/02/2004	05		0,7	2	14	13	37	0,6	150	6,4	97	1005	0	0
06/02/2004	06		0,7	2	14	12	35	0,6	117	6,6	97	1006	0	0
06/02/2004	07		0,6	2	6	6	43	0,7	325	6,4	97	1006	0	0
06/02/2004	08		0,6	2	4	6	43	0,6	358	6,6	97	1006	1	0
06/02/2004	09			2	4	6	40	0,6	56	7,5	96	1006	29	0
06/02/2004	10		0,6	2	6	6	41	0,6	18	8,7	93	1006	83	0
06/02/2004	11		0,7	2	7	7	42	0,7	328	10,1	90	1006	140	0
06/02/2004	12		0,7	2	9	11	41	0,8	354	11,4	86	1005	149	0
06/02/2004	13		0,7	3	17	21	41	0,9	56	12,2	82	1004	178	0
06/02/2004	14		0,7	7	19	30	43	1	32	16,1	66	1003	417	0
06/02/2004	15		0,7	9	20	35	43	0,8	70	18,3	58	1002	438	0
06/02/2004	16		0,7	9	23	36	43	0,8	71	16,7	63	1001	277	0
06/02/2004	17		0,8	8	29	41	38	0,8	138	14,5	72	1001	97	0
06/02/2004	18		0,8	5	34	40	33	0,6	221	9,2	93	1002	2	0
06/02/2004	19		0,7	2	38	38	30	0,6	204	9	96	1002	0	0
06/02/2004	20		0,8	2	37	36	29	0,6	357	8,7	96	1002	0	0
06/02/2004	21		0,8	2	31	30	29	0,7	300	8,1	96	1003	0	0
06/02/2004	22		0,8	2	26	26	29	0,7	252	6,9	97	1003	0	0
06/02/2004	23		0,8	2	21	23	29	0,8	303	6,1	97	1003	0	0
07/02/2004	00		0,8	6	23	32	29	0,6	256	5,8	97	1003	0	0
07/02/2004	01		0,8	9	22	35	29	0,6	233	5,2	97	1002	0	0
07/02/2004	02		0,7	10	13	28	28	0,6	182	3,8	97	1002	0	0
07/02/2004	03		0,7	8	11	24	28	0,6	344	3	97	1002	0	0
07/02/2004	04		0,7	5	7	13	28	0,6	331	1,5	97	1002	0	0,2
07/02/2004	05		0,6	2	4	6	28	0,6	43	1	98	1002	0	0
07/02/2004	06		0,6	2	4	6	28	0,6	342	0,6	98	1002	0	0
07/02/2004	07		0,6	2	4	6	29	0,6	322	0,2	98	1002	0	0
07/02/2004	08		0,5	2	4	6	30	0,6	338	1,9	96	1003	26	0
07/02/2004	09			10	4	16	31	0,6	108	9,7	75	1003	201	0
07/02/2004	10		0,5	8	4	16	33	0,6	126	12,7	71	1003	361	0
07/02/2004	11		0,5	3	5	8	42	0,7	113	18,7	51	1002	524	0
07/02/2004	12		0,5	2	4	6	48	0,9	59	19,9	50	1001	543	0
07/02/2004	13		0,5	2	4	6	53	1	70	21,3	46	1000	590	0
07/02/2004	14		0,5	2	4	6	55	1,4	133	21,1	48	999	554	0
07/02/2004	15		0,5	2	4	6	59	0,9	139	20,4	50	999	444	0
07/02/2004	16		0,5	2	4	6	58	1,1	115	16,7	63	999	230	0
07/02/2004	17		0,5	2	4	6	55	0,7	131	12,4	80	1000	59	0
07/02/2004	18		0,5	2	4	6	47	0,6	176	9,6	91	1001	2	0
07/02/2004	19		0,5	2	4	6	43	0,6	188	8	95	1002	0	0
07/02/2004	20		0,5	2	4	6	35	0,5	358	7	96	1002	0	0
07/02/2004	21		0,5	2	4	6	32	0,5	326	6	96	1003	0	0
07/02/2004	22		0,5	2	4	6	32	0,5	355	5,7	96	1003	0	0
07/02/2004	23		0,5	2	4	6	31	0,5	330	5,2	96	1004	0	0,1
08/02/2004	00		0,5	2	4	6	31	0,6	328	4,7	97	1004	0	0
08/02/2004	01	7	0,5	2	4	6	29	0,6	215	3,9	97	1005	0	0
08/02/2004	02	7	0,5	2	4	6	29	0,6	1	4,5	97	1005	0	0
08/02/2004	03	6	0,5	2	4	6	30	0,7	212	4,3	97	1005	0	0
08/02/2004	04	7	0,5	2	4	6	30	0,7	23	5,6	97	1004	0	0
08/02/2004	05	7	0,5	2	4	6	30	0,6	345	6,5	97	1004	0	0
08/02/2004	06	6	0,6	2	4	6	29	0,6	55	7,1	96	1004	0	0
08/02/2004	07	7	0,6	3	4	6	29	0,6	20	7,4	96	1003	0	0
08/02/2004	08	8	0,6				26	0,7	184	7,8	96		1	0
08/02/2004	09						28	0,8	308	9,3	93	1004	37	0
08/02/2004	10	7	0,5	5	14	21	38	0,9	226	13,3	76	1004	228	0
08/02/2004	11	8	0,5	2	4	6	55	1,4	214	17,4	53	1003	379	0
08/02/2004	12	8	0,5	2	4	6	58	1,6	176	16,1	57	1003	251	0
08/02/2004	13	8	0,5	2	4	6	60	2,5	149	14,5	67	1002	149	0
08/02/2004	14	8	0,5	2	4	6	59	2,2	163	13,4	74	1001	96	0
08/02/2004	15	7	0,5	2	4	6	60	1,2	144	12,4	81	1001	46	0
08/02/2004	16	7	0,5	2	4	6	58	1,1	150	11,6	85	1001	13	0
08/02/2004	17	7	0,5	2	4	6	54	0,6	183	11,5	86	1001	2	0
08/02/2004	18	7	0,5	2	4	6	51	0,7	215	11,2	88	1001	0	0
08/02/2004	19	7	0,5	2	4	6	48	0,5	171	10,5	91	1001	0	0
08/02/2004	20	7	0,5	2	6	7	42	0,5	15	9,9	93	1002	0	0
08/02/2004	21	7	0,5	2	9	11	36	0,5	186	9,7	93	1001	0	0
08/02/2004	22	6	0,5	2	5	6	40	0,6	196	9,8	94	1002	0	0
08/02/2004	23	7	0,5	2	6	7	34	0,5	30	9,3	94	1002	0	0
09/02/2004	00	6	0,5	2	4	6	35	0,5	5	9,2	95	1002	0	0
09/02/2004	01	6	0,5	2	4	6	34	0,5	70	9,3	94	1002	0	0
09/02/2004	02	6	0,5	2	4	6	34	0,5	182	8	95	1002	0	0
09/02/2004	03	6	0,5	2	4	6	35	0,6	324	7	96	1002	0	0
09/02/2004	04	7	0,5	2	4	6	39	0,6	352	6,8	95	1002	0	0
09/02/2004	05	6	0,5	2	4	6	35	0,6	327	5,8	94	1002	0	0
09/02/2004	06	6	0,5	2	4	6	35	0,6	212	5,6	95	1002	0	0
09/02/2004	07	6	0,5	2	4	6	33	0,6	324	3,8	95	1002	0	0
09/02/2004	08	6	0,5	6	4	10	31	0,7	345	3	96	1003	16	0
09/02/2004	09	6		8	4	13	32	0,6	4	8,2	81	1003	149	0
09/02/2004	10	7	0,5	3	5	8	41	0,8	176	12,1	64	1003	337	0
09/02/2004	11	11	0,6	2	5	7	48	2,2	203	15,4	51	1003	483	0
09/02/2004	12	12	0,6	2	8	11	50	2,4	198	17,4	48	1002	581	0
09/02/2004	13	13	0,6	2	7	8	54	2,4	173	18,4	47	1001	566	0
09/02/2004	14	27	0,6	2	5	7	57	3,2	137	18,6	46	999	561	0
09/02/2004	17	16	0,6	2	4	6	56	1,4	161	13	68	1001	104	0
09/02/2004	18	12	0,6	2	5	8	57	0,7	199	9,8	82	1001	2	0
09/02/2004	19	10	0,6	2	4	6	50	0,5	238	8,2	87	1001	0	0
09/02/2004	20	9	0,6	2	4	6	41	0,5	356	5,2	94	1002	0	0
09/02/2004	21	8	0,6	2	4	6	37	0,5	0	3,2	96	1003	0	0
09/02/2004	22	7	0,5	2	4	6	36	0,5	0	2,2	96	1003	0	0
09/02/2004	23	6	0,5	2	4	6	33	0,5	333	1,3	97	1003	0	0
10/02/2004	00	6	0,5	2	4	6	33	0,5	351	0,6	97	1003	0	0
10/02/2004	01	6	0,5	2	4	6	34	0,5	308	0,5	98	1004	0	0
10/02/2004	02	6	0,4	2	4	6	35	0,5	337	0,1	98	1004	0	0
10/02/2004	03	6	0,4	2	4	6	34	0,5	156	-,9	98	1004	0	0
10/02/2004	04	6	0,4	2	4	6	34	0,5	358	-1	98	1004	0	0
10/02/2004	05	7	0,4	2	4	6	35	0,5	349	-1,4	98	1004	0	0
10/02/2004	06	7	0,4	2	4	6	36	0,5	322	-1,5	98	1004	0	0
10/02/2004	07	7	0,4	2	6	8	32	0,5	193	-2,5	97	1004	0	0
10/02/2004	08	7	0,4	2	4	6	33	0,5	358	-1	92	1005	32	0
10/02/2004	09	7		6	6	15	34	0,5	41	7,5	73	1005	227	0,2
10/02/2004	10	8	0,6	6	10	20	42	0,6	162	10,7	63	1005	403	0
10/02/2004	11	10	0,6	2	5	8	58	0,5	190	19,2	31	1004	535	0
10/02/2004	12	16	0,6	2	4	7	62	0,9	133	21,7	27	1003	626	0
10/02/2004	13	18	0,7	2	6	9	67	2,4	144	20,9	30	1001	640	0
10/02/2004	14	23	0,7	2	5	8	76	2,6	150	19,9	29	1001	602	0
10/02/2004	15	22	0,7	2	4	8	79	2,2	148	19,4	30	1000	496	0
10/02/2004	16	19	0,7	2	6	9	73	1,6	155	17,6	35	1000	341	0
10/02/2004	17	21	0,7	2	8	11	68	1,5	159	15,5	43	1001	146	0
10/02/2004	18	17	0,7	2	7	9	56	0,7	314	9	65	1001	6	0
10/02/2004	19	12	0,7	2	5	7	49	0,5	20	4,7	79	1002	0	0
10/02/2004	20	7	0,7	2	4	6	42	0,5	348	1,9	88	1003	0	0
10/02/2004	21	6	0,7	2	4	6	40	0,6	354	0,5	92	1003	0	0
10/02/2004	22	6	0,6	2	4	6	39	0,5	354	-,5	94	1004	0	0
10/02/2004	23	6	0,6	2	4	6	39	0,5	326	-1,1	96	1004	0	0
11/02/2004	00	6	0,6	2	4	6	40	0,5	3	-1,4	95	1004	0	0
11/02/2004	01	7	0,6	2	4	6	38	0,6	350	-2,1	96	1004	0	0
11/02/2004	02	7	0,5	2	4	6	37	0,5	212	-2,3	97	1004	0	0
11/02/2004	03	7	0,5	2	4	6	36	0,5	0	-2,8	97	1004	0	0
11/02/2004	04	7	0,5	2	4	6	37	0,5	342	-3,3	96	1003	0	0
11/02/2004	05	7	0,5	2	4	6	40	0,6	317	-3,2	97	1003	0	0
11/02/2004	06	7	0,5	2	4	6	40	0,6	226	-2,5	94	1003	0	0
11/02/2004	07	7	0,5	2	4	6	39	0,6	215	-3,5	93	1003	0	0
11/02/2004	08	7	0,4	2	5	6	39	0,7	316	-,8	85	1003	42	0
11/02/2004	09	8		4	10	16	40	1,1	248	6,2	57	1002	218	0
11/02/2004	10	8	0,5	4	11	16	48	1,4	237	9,5	41	1001	404	0
11/02/2004	11	8	0,7	3	11	16	53	1,2	152	17,6	26	1000	544	0
11/02/2004	12	7	0,8	2	8	11	73	1,2	155	21,7	17	998	645	0
11/02/2004	13	11	0,8	3	13	17	68	2,1	162	23	22	996	665	0
11/02/2004	14	14	0,8	5	19	26	56	2,2	149	23	29	995	614	0
11/02/2004	15	13	0,8	6	22	31	57	1,8	133	22,6	30	994	505	0
11/02/2004	16	13	0,8	5	27	35	51	1,1	159	19	41	994	274	0
11/02/2004	17	12	0,8	5	30	37	45	0,6	145	17	46	994	127	0
11/02/2004	18	9	0,8	2	23	26	36	0,5	336	10,5	68	994	6	0
11/02/2004	19	8	0,7	2	20	23	34	0,6	308	6	83	995	0	0
11/02/2004	20	7	0,8	2	22	24	40	0,7	220	6,5	68	995	0	0
11/02/2004	21	7	0,9	2	24	26	38	0,7	194	7	66	995	0	0
11/02/2004	22	7	0,8	2	22	23	36	0,7	357	4,8	77	995	0	0
11/02/2004	23	7	0,8	2	21	22	38	0,7	346	4	74	995	0	0
12/02/2004	00	7	0,7	2	8	9	53	1,2	306	6,9	48	995	0	0
12/02/2004	01	7	0,7	2	5	6	58	1	249	8,3	38	995	0	0
12/02/2004	02	7	0,7	2	5	6	66	0,8	18	8,6	32	995	0	0
12/02/2004	03	7	0,7	2	4	6	76	1,3	56	10,5	23	995	0	0
12/02/2004	04	7	0,7	2	4	6	79	1,1	40	10,3	23	995	0	0
12/02/2004	05	7	0,7	2	4	6	73	0,9	10	9	28	995	0	0
12/02/2004	06	7	0,7	2	4	6	67	1	327	6,9	33	996	0	0
12/02/2004	07	6	0,7	2	6	8	58	0,6	189	4,9	41	996	0	0
12/02/2004	08	6	0,6	2	4	6	52	0,6	295	4,9	46	997	40	0
12/02/2004	09	7		6	12	20	48	0,7	180	13,7	30	997	219	0
12/02/2004	10	12	0,5	2	6	8	62	1,3	193	16,8	28	997	403	0
12/02/2004	11	17	0,5	2	9	11	57	1,7	153	19,7	35	997	534	0
12/02/2004	12	13	0,5	2	5	8	61	2,4	153	20	43	997	619	0
12/02/2004	13	12	0,5	2	5	8	65	2,7	156	20	35	997	640	0
12/02/2004	14	13	0,5	2	7	10	67	2,6	159	19,8	35	996	596	0
12/02/2004	15	13	0,6	2	6	10	70	2	149	20	32	996	491	0
12/02/2004	18	10	0,4	2	12	14	39	0,6	219	11	52	997	8	0
12/02/2004	19	8	0,4	2	7	8	31	0,5	168	5,7	70	998	0	0
12/02/2004	20	6	0,4	2	5	7	28	0,5	338	3,9	78	998	0	0
12/02/2004	21	6	0,3	2	9	11	24	0,6	357	2,8	82	999	0	0
12/02/2004	22	6	0,4	2	5	7	25	0,6	317	1,8	86	999	0	0
12/02/2004	23	6	0,3	2	4	6	24	0,6	323	1,2	89	1000	0	0
13/02/2004	00	6	0,3	2	4	6	23	0,5	18	0,9	90	1000	0	0
13/02/2004	01	6	0,3	2	4	6	22	0,6	342	0,6	93	1000	0	0
13/02/2004	02	6	0,3	2	6	7	21	0,5	358	0,7	92	1000	0	0
13/02/2004	03	6	0,2	2	5	6	21	0,5	23	0,4	94	1000	0	0
13/02/2004	04	6	0,2	2	4	6	21	0,5	1	-,1	95	1000	0	0
13/02/2004	05	8	0,2	2	5	6	22	0,5	356	0,4	96	1000	0	0
13/02/2004	06	8	0,2	2	4	6	21	0,5	3	-,3	96	1000	0	0
13/02/2004	07	8	0,2	2	4	6	21	0,5	330	-,7	97	1001	0	0
13/02/2004	08	9	0,2	2	5	7	20	0,5	348	1,7	90	1002	40	0
13/02/2004	09	16	0,3	16	12	37	19	0,5	190	11,6	62	1002	209	0
13/02/2004	10	38		6	13	22	27	0,5	153	15	46	1001	387	0
13/02/2004	11	34	0,4	2	7	9	41	0,6	135	20,7	30	1000	533	0
13/02/2004	12	28	0,5	3	11	16	44	1,3	134	21,1	33	1000	612	0
13/02/2004	13	21	0,5	2	7	10	55	1,9	140	20,8	33	999	638	0
13/02/2004	14	19	0,5	2	5	8	62	1,9	148	20,4	32	998	603	0
13/02/2004	15	16	0,5	2	4	7	61	2,1	147	19,5	39	998	500	0
13/02/2004	16	13	0,5	2	4	7	58	1,8	167	17,2	49	998	346	0
13/02/2004	17	11	0,4	2	4	6	61	1	198	15,9	47	998	154	0
13/02/2004	18		0,4	2	5	8	50	0,7	233	10,4	65	998	9	0
13/02/2004	19	8	0,4	2	4	6	39	0,5	347	5,6	80	999	0	0
13/02/2004	20	6	0,4	2	5	7	32	0,5	341	3,4	87	1000	0	0
13/02/2004	21	6	0,5	2	6	8	28	0,5	20	2	91	1000	0	0
13/02/2004	22	6	0,4	2	4	6	29	0,6	317	1,2	93	1001	0	0
13/02/2004	23	5	0,4	2	4	6	26	0,5	348	0,3	94	1001	0	0
14/02/2004	00	6	0,3	2	4	6	27	0,5	331	-,2	96	1000	0	0
14/02/2004	01	6	0,3	2	4	6	25	0,5	19	-,3	96	1000	0	0
14/02/2004	02	6	0,3	2	4	6	26	0,5	347	-1	97	1000	0	0
14/02/2004	03	6	0,3	2	4	6	24	0,5	357	-1,1	97	1000	0	0
14/02/2004	04	6	0,3	2	4	6	24	0,5	358	-1	97	1000	0	0
14/02/2004	05	6	0,3	2	4	6	23	0,5	28	-1,6	97	999	0	0
14/02/2004	06	6	0,3	2	4	6	22	0,6	318	-2	98	999	0	0
14/02/2004	07	6	0,2	2	4	6	23	0,5	334	-1,8	98	999	0	0
14/02/2004	08	6	0,2	2	4	6	23	0,5	348	0,1	95	999	36	0
14/02/2004	09	7	0,3	4	7	11	21	0,5	181	6,2	79	999	161	0
14/02/2004	10	7		4	8	14	26	0,5	186	10,8	65	998	347	0
14/02/2004	11	9	0,5	2	6	7	37	0,7	176	17,4	46	997	509	0
14/02/2004	12	12	0,5	2	11	13	38	1,5	120	18,5	49	996	581	0
14/02/2004	13	13	0,5	3	8	12	44	2,2	123	18,7	49	994	584	0
14/02/2004	14	12	0,5	2	8	11	47	2,2	139	17,7	53	994	517	0
14/02/2004	15	12	0,5	3	8	12	53	1,5	141	18,7	49	993	492	0
14/02/2004	16	12	0,5	2	5	8	55	1,3	146	17,1	54	993	319	0
14/02/2004	17	10	0,5	2	5	8	53	1,3	151	14,7	63	993	132	0
14/02/2004	18	8	0,5	2	5	8	45	0,6	217	9,8	82	993	8	0
14/02/2004	19	7	0,4	2	5	7	34	0,6	305	6,2	93	994	0	0
14/02/2004	20	7	0,4	2	4	6	28	0,5	328	4,5	95	994	0	0
14/02/2004	21	6	0,4	2	4	6	24	0,6	324	3,3	96	995	0	0
14/02/2004	22	6	0,4	2	4	6	22	0,5	347	2,5	96	996	0	0
14/02/2004	23	6	0,5	2	4	6	21	0,5	205	2	97	996	0	0
15/02/2004	00	6	0,4	2	4	6	19	0,5	18	1,6	97	996	0	0
15/02/2004	01	5	0,4	2	4	6	19	0,5	214	1,8	97	996	0	0
15/02/2004	02	5	0,4	2	4	6	18	0,5	253	1	97	996	0	0,1
15/02/2004	03	5	0,4	2	4	6	19	0,5	210	0,7	97	996	0	0,1
15/02/2004	04	6	0,4	2	4	6	18	0,6	303	0,1	97	996	0	0
15/02/2004	05	6	0,4	2	4	6	17	0,5	5	-,4	98	996	0	0
15/02/2004	06	6	0,4	2	4	6	19	0,5	297	-,2	98	996	0	0
15/02/2004	07	6	0,4	2	4	6	18	0,5	187	-,2	98	996	0	0
15/02/2004	08	6	0,4	2	4	7	18	0,5	11	0,2	97	997	26	0
15/02/2004	09	7	0,5	6	8	18	17	0,5	71	5,9	84	997	172	0
15/02/2004	10	7		5	10	17	23	0,5	201	12,6	69	996	348	0
15/02/2004	11	13	0,6	2	5	7	38	0,6	168	19,2	42	995	504	0
15/02/2004	12	20	0,6	2	5	7	46	0,6	172	22,1	32	994	601	0
15/02/2004	13	22	0,6	3	6	10	51	1,5	171	22,4	33	992	627	0
15/02/2004	14	26	0,6	2	9	12	52	3,3	136	20,6	38	992	586	0
15/02/2004	15	30	0,6	2	7	10	59	2,4	142	19,4	38	992	475	0
15/02/2004	16	38	0,6	2	6	8	60	1,9	154	17,3	43	992	296	0
15/02/2004	17	40	0,6	2	5	7	60	1	167	15,8	50	992	128	0
15/02/2004	18	26	0,6	2	8	11	47	0,7	236	10,9	69	992	10	0
15/02/2004	19	15	0,6	2	5	7	36	0,6	191	7,1	83	993	0	0
15/02/2004	20	12	0,6	2	5	7	33	0,7	343	5,6	86	994	0	0
15/02/2004	21	9	0,6	2	4	6	28	0,5	320	3,6	92	994	0	0
15/02/2004	22	7	0,6	2	4	6	28	0,6	322	3,6	96	995	0	0
15/02/2004	23	9	0,6	2	8	9	26	0,6	221	4,1	95	995	0	0
16/02/2004	00	7	0,6	2	4	6	23	0,6	352	2,4	95	996	0	0
16/02/2004	01	7	0,6	2	4	6	21	0,6	232	1,5	96	996	0	0
16/02/2004	02	6	0,5	2	4	6	22	0,6	218	1,2	97	996	0	0
16/02/2004	03	6	0,4	2	4	6	22	0,7	3	1,2	97	996	0	0
16/02/2004	04	7	0,5	2	4	6	27	0,9	50	4	91	996	0	0
16/02/2004	05	7	0,5	2	4	6	25	0,6	229	3,8	89	996	0	0
16/02/2004	06	7	0,5	2	7	8	23	0,6	344	2,6	92	996	0	0
16/02/2004	07	7	0,6	2	9	11	23	0,8	216	3,2	89	996	0	0
16/02/2004	08	7	0,5	2	7	8	27	1,2	12	6	76	997	29	0
16/02/2004	09	8	0,6	2	5	7	36	2,8	30	13,2	48	997	202	0,2
16/02/2004	10	9	0,6	2	4	6	43	5,6	341	15,5	39	996	410	0
16/02/2004	11	9		2	4	6	47	6,2	339	16,5	36	995	444	0
16/02/2004	12	10	0,6	2	4	6	49	5,2	338	16,7	35	995	474	0
16/02/2004	13	10	0,6	2	4	6	53	3,6	334	17,8	33	994	409	0
16/02/2004	14	10	0,6	2	6	9	49	2,1	0	17	37	993	231	0
16/02/2004	15	13	0,6	2	8	11	44	2,5	167	14,3	52	994	106	0
16/02/2004	16	16	0,6	2	5	8	45	1,7	194	13,3	57	994	113	0
16/02/2004	17	15	0,6	2	6	8	42	0,8	227	12	63	994	52	0
16/02/2004	18	13	0,6	2	9	11	34	0,6	334	9,4	73	995	6	0
16/02/2004	19	10	0,6	2	9	12	26	0,6	355	5,5	85	996	0	0
16/02/2004	20	8	0,6	2	5	7	34	0,9	1	5	73	997	0	0
16/02/2004	21	7	0,6	2	4	6	44	1,7	342	7,2	57	997	0	0
16/02/2004	22	7	0,6	2	4	6	36	0,6	4	5,2	66	998	0	0
16/02/2004	23	7	0,6	2	4	6	34	0,6	353	3	73	998	0	0
17/02/2004	00	7	0,6	2	4	6	36	1,1	33	4,9	66	998	0	0
17/02/2004	01	7	0,5	2	4	6	41	1,6	345	8,2	53	998	0	0
17/02/2004	02	7	0,6	2	4	6	44	1,7	209	7,6	52	998	0	0
17/02/2004	03	6	0,6	2	4	6	45	1,3	159	6,9	52	998	0	0
17/02/2004	04	6	0,6	2	4	6	46	2	34	6,4	53	997	0	0
17/02/2004	05	7	0,6	2	4	6	42	1,8	28	5,1	59	998	0	0
17/02/2004	06	12	0,6	2	4	6	40	2,5	36	5,2	60	998	0	0
17/02/2004	07	17	0,6	2	4	6	39	2,1	51	5,3	59	999	0	0
17/02/2004	08	27	0,6	2	7	9	32	0,8	174	5,1	61	999	42	0
17/02/2004	09	38	0,6	2	7	10	33	0,8	159	10,6	45	999	214	0
17/02/2004	10	10	0,6	2	4	6	42	2,7	32	12,3	38	999	393	0
17/02/2004	11	8		2	4	6	44	4,8	47	14,1	34	999	550	0
17/02/2004	12	6	0,2	2	4	6	44	3,7	33	16,1	28	999	637	0
17/02/2004	13		0,3	2	4	6	47	4	33	16,7	26	998	635	0
17/02/2004	14	15	0,5	2	4	6	54	3,5	39	17,2	25	997	626	0
17/02/2004	15	21	0,5	2	4	6	59	3,6	56	17,4	27	996	533	0
17/02/2004	16	9	0,5	2	4	6	55	2,6	120	16	36	995	365	0
17/02/2004	17	7	0,5	2	4	8	53	2,2	193	14,2	41	996	166	0
17/02/2004	18	6	0,5	2	5	7	44	0,9	232	8,9	58	996	15	0
17/02/2004	19	6	0,5	2	4	6	35	0,5	282	4,3	76	997	0	0
17/02/2004	20	5	0,5	2	7	8	29	0,6	360	2,7	82	998	0	0
17/02/2004	21	4	0,5	2	4	6	27	0,6	312	0,9	88	998	0	0
17/02/2004	22	4	0,4	2	4	6	28	0,6	290	0,6	90	999	0	0
17/02/2004	23	5	0,4	2	7	9	25	0,6	188	0,9	90	999	0	0
18/02/2004	00	4	0,4	2	5	6	23	0,6	322	-1	93	999	0	0
18/02/2004	01	5	0,4	2	8	9	22	0,8	249	0,3	92	998	0	0
18/02/2004	02	5	0,4	2	4	6	23	0,5	352	-1,3	93	998	0	0
18/02/2004	03	5	0,4	2	5	6	22	0,5	9	-1,9	94	998	0	0
18/02/2004	04	5	0,3	2	4	6	23	0,6	346	-3	95	998	0	0
18/02/2004	05	5	0,3	2	4	6	23	0,6	349	-3,2	96	997	0	0
18/02/2004	06	5	0,3	2	4	6	24	0,6	302	-2,5	95	997	0	0
18/02/2004	07	4	0,2	2	4	6	24	0,5	8	-2,3	93	997	0	0
18/02/2004	08	4	0,2	2	4	6	23	0,5	14	-,5	87	997	41	0
18/02/2004	09	5	0,4	2	8	11	24	0,6	358	7,3	62	997	200	0
18/02/2004	10	6	0,6	2	10	13	33	0,5	211	11,8	43	996	348	0
18/02/2004	11	8		2	7	10	41	0,7	173	15,9	34	994	470	0
18/02/2004	12	14	0,5	2	4	7	47	1,2	213	16,9	30	993	547	0
18/02/2004	13	24	0,5	2	7	9	44	2,8	163	14,9	41	992	384	0
18/02/2004	14	25	0,5	2	5	8	42	3,6	164	13,2	51	991	281	0
18/02/2004	15	24	0,5	2	7	10	40	2,8	176	11,5	57	991	145	0
18/02/2004	16	25	0,5	2	7	9	40	2,3	175	10,6	64	991	99	0
18/02/2004	17	18	0,5	2	6	8	38	1,3	181	9,6	70	990	20	0
18/02/2004	18	14	0,5	2	8	10	34	0,5	190	8,7	76	990	2	0
18/02/2004	19	11	0,6	2	6	8	30	0,5	323	7,6	81	990	0	0
18/02/2004	20	8	0,6	2	10	12	24	0,6	16	7,1	83	990	0	0
18/02/2004	21	8	0,6	2	8	10	27	0,7	19	7	85	990	0	0
18/02/2004	22	7	0,5	2	4	6	32	1	172	7,1	75	990	0	0
18/02/2004	23	6	0,5	2	4	6	43	1,1	18	7,7	57	989	0	0
19/02/2004	00	6	0,5	2	4	6	43	1,7	354	8	50	989	0	0
19/02/2004	01	6	0,5	2	4	6	45	3,9	328	8	47	988	0	0
19/02/2004	02	6	0,5	2	4	6	45	1,9	48	7,4	48	988	0	0
19/02/2004	03	5	0,5	2	4	6	43	3,4	6	6,6	52	987	0	0
19/02/2004	04	5	0,5	2	4	6	41	2	3	6,3	54	986	0	0
19/02/2004	05	5	0,5	2	4	6	40	1,8	355	5,6	57	985	0	0
19/02/2004	06	5	0,5	2	4	6	40	3,8	333	5,8	56	985	0	0
19/02/2004	07	5	0,5	2	4	6	40	6,3	335	5,8	55	985	0	0
19/02/2004	08	4	0,5	2	4	6	41	6,7	333	6,6	50	985	45	0
19/02/2004	09	5	0,5	2	4	6	42	7,4	333	9,6	40	984	229	0,2
19/02/2004	10	5	0,6	2	4	6	44	6,6	334	10,9	35	983	421	0
19/02/2004	11	6		2	4	6	48	5,4	332	13,6	29	983	581	0
19/02/2004	12	6		2	4	6	53	3,5	335	15,8	24	982	672	0
19/02/2004	13	6	0,6	2	4	6	61	1,5	330	17,4	20	981	691	0
19/02/2004	14	5	0,6	2	4	6	60	3	28	14,7	28	980	323	0
19/02/2004	15	7	0,6	2	4	6	49	3,4	147	11,8	43	980	219	0
19/02/2004	16	10	0,6	2	4	6	46	2	153	11,1	48	980	146	0
19/02/2004	17	8	0,6	2	4	6	45	1,6	173	9,9	52	981	76	0
19/02/2004	18	8	0,6	2	6	8	41	0,8	185	8,2	58	981	4	0
19/02/2004	19	7	0,6	2	5	7	39	1,4	249	7,6	64	982	0	0
19/02/2004	20	6	0,6	2	5	7	34	0,9	321	6,8	68	982	0	0
19/02/2004	21	5	0,6	2	9	11	27	0,5	220	5,7	73	982	0	0
19/02/2004	22	5	0,5	2	4	6	25	0,6	198	5,2	75	983	0	0
19/02/2004	23	5	0,5	2	6	7	22	0,5	334	5,1	78	983	0	0
20/02/2004	00	5	0,6	2	4	6	26	0,7	13	5,1	82	983	0	0
20/02/2004	01	4	0,6	2	4	6	21	0,5	188	4,5	88	983	0	0
20/02/2004	02	4	0,6	2	4	6	21	0,6	168	3,3	92	983	0	0
20/02/2004	03	4	0,6	2	4	6	20	0,6	14	2,6	94	983	0	0,2
20/02/2004	04	4	0,6	2	4	6	28	1,3	29	4,2	89	983	0	0,6
20/02/2004	05	4	0,6	2	4	6	29	1,6	52	4,3	90	983	0	1,1
20/02/2004	06	5	0,5	2	4	6	30	1,7	20	4,1	93	983	0	1
20/02/2004	07	5	0,6	2	4	6	31	1,8	31	4,3	91	983	0	0,2
20/02/2004	08	5	0,6	2	4	6	31	1,8	33	4,6	92	983	0	0
20/02/2004	09	5	0,6	2	4	6	30	1,4	43	5,1	91	983	1	0
20/02/2004	10	5	0,6	2	6	7	26	0,9	72	5,5	93	983	10	0
20/02/2004	11	5	0,6	2	5	7	27	1,1	65	6,3	91	983	39	0,3
20/02/2004	12	6		2	4	6	30	1,7	34	7,3	90	982	65	1
20/02/2004	13	5	0,5	2	4	6	32	2,3	34	7,4	93	981	38	3,2
20/02/2004	14	6	0,5	2	4	6	32	2,4	41	7,7	93	979	25	4
20/02/2004	15	6	0,5	2	4	6	31	2,6	82	8,3	95	979	15	4,6
20/02/2004	16	6	0,5	2	4	6	31	3,2	63	9,3	94	978	31	3,1
20/02/2004	17	6	0,5	2	4	6	32	4,3	69	8,8	94	977	2	3,3
20/02/2004	18	6	0,5	2	4	6	33	4,3	58	8,8	95	976	0	3,2
20/02/2004	19	6	0,6	2	4	6	33	4,6	47	8,9	94	976	0	3
20/02/2004	20	6	0,6	2	4	6	33	5,3	39	8,6	94	975	0	1,8
20/02/2004	21	6	0,6	2	6	8	31	4,6	32	8	92	976	0	1,8
20/02/2004	22	6	0,6	2	4	6	30	4,2	40	8,8	92	975	0	0
20/02/2004	23	6	0,5	2	4	6	31	3	26	9,6	92	974	0	2,8
21/02/2004	00	6	0,5	2	4	6	28	0,6	167	9,1	95	974	0	0,2
21/02/2004	01	6	0,5	2	4	6	27	0,9	231	8,7	96	974	0	0
21/02/2004	02	6	0,5	2	4	6	26	0,7	242	8,5	95	974	0	0
21/02/2004	03	5	0,5	2	4	6	25	1,9	223	8,6	93	974	0	0
21/02/2004	04	6	0,5	2	4	6	23	0,6	219	8,1	95	974	0	0
21/02/2004	05	6	0,5	2	4	6	22	0,6	165	8,1	94	974	0	0
21/02/2004	06	6	0,5	2	4	6	20	0,6	0	7,3	96	973	0	0
21/02/2004	07	6	0,5	2	4	6	20	0,6	251	6,8	97	974	0	0
21/02/2004	08	6	0,5	2	6	8	18	0,5	357	7,3	97	975	0	0
21/02/2004	09	6	0,5	2	4	7	18	0,6	3	8,5	96	975	15	0
21/02/2004	16	7	0,5	2	4	6	32	0,9	180	13,1	84	974	41	0
21/02/2004	17	7	0,5	2	4	6	31	1,2	181	12,6	87	974	33	0
21/02/2004	18	7	0,6	2	5	7	29	1,1	220	11,7	90	975	4	0
21/02/2004	19	7	0,6	2	7	9	25	1	211	11	93	975	0	0
21/02/2004	20	6	0,7	2	6	8	25	1	220	10,4	95	976	0	0
21/02/2004	21	6	0,6	2	6	8	22	1,1	230	10,2	96	977	0	0
21/02/2004	22	6	0,6	2	8	10	22	1	226	10,5	95	978	0	0
21/02/2004	23	6	0,7	2	8	10	21	0,7	168	10,4	95	978	0	0
22/02/2004	00	6	0,6	2	5	7	21	0,7	344	9,2	96	979	0	0
22/02/2004	01	6	0,6	2	5	6	19	0,6	220	7,7	97	979	0	0
22/02/2004	02	6	0,6	2	4	6	20	0,7	300	8,3	97	980	0	0
22/02/2004	03	6	0,6	2	4	6	22	0,9	221	8,1	97	980	0	0
22/02/2004	04	6	0,6	2	4	6	22	0,7	231	6	97	980	0	0
22/02/2004	05	5	0,6	2	4	6	21	0,7	193	4,5	97	981	0	0
22/02/2004	06	5	0,6	2	4	6	21	0,7	318	3	97	982	0	0
22/02/2004	07	5	0,6	2	4	6	26	1	192	3,3	95	983	0	0
22/02/2004	08	5	0,5	2	4	6	26	0,8	338	4,6	87	983	75	0
22/02/2004	09	6	0,6	2	4	6	32	1,9	197	10,6	59	984	246	0
22/02/2004	10	6	0,6	2	4	6	46	1,1	181	14,8	40	984	448	0
22/02/2004	11	6	0,6	2	4	6	65	0,9	145	19,4	22	983	564	0
22/02/2004	12	6		2	4	6	70	1	119	21,2	20	983	666	0
22/02/2004	13	6	0,5	2	4	6	76	1,7	25	21,1	20	982	714	0
22/02/2004	14	6	0,5	2	4	6	71	2,3	152	20,9	25	982	675	0
22/02/2004	15	6	0,5	2	4	7	71	2,7	184	19,4	28	982	572	0
22/02/2004	16	7	0,5	2	5	7	68	4	172	18,2	31	982	408	0
22/02/2004	17	7	0,5	2	4	7	67	1,7	203	17,6	31	982	213	0
22/02/2004	18	6	0,4	2	4	6	56	1	223	13,1	48	982	29	0
22/02/2004	19	6	0,4	2	5	7	40	0,7	175	7,5	72	983	0	0
22/02/2004	20	6	0,4	2	4	6	31	0,6	227	5,1	84	984	0	0
22/02/2004	21	5	0,5	2	5	7	33	1,3	232	6,3	75	985	0	0
22/02/2004	22	6	0,5	2	4	6	30	0,7	335	5,4	81	985	0	0
22/02/2004	23	5	0,4	2	4	6	27	0,6	324	5,4	83	985	0	0
23/02/2004	00	5	0,4	2	4	6	27	0,8	209	4,4	85	985	0	0
23/02/2004	01	5		2	4	6	25	0,7	16	3,9	86	985	0	0
23/02/2004	02	5		2	4	6	22	0,5	299	3,2	90	986	0	0
23/02/2004	03	5		2	4	6	22	0,7	8	3,6	89	986	0	0
23/02/2004	04	5		2	5	6	20	0,7	2	3,1	92	985	0	0
23/02/2004	05	6		2	4	6	21	0,6	357	2,6	93	986	0	0
23/02/2004	06	6		2	4	6	22	1	200	1,9	94	986	0	0
23/02/2004	07	6		2	5	6	23	1,1	171	2,4	92	986	0	0
23/02/2004	08	6		2	4	6	28	1,2	338	6,3	72	986	89	0
23/02/2004	09	6		2	4	6	42	3	25	14,3	38	986	267	0
23/02/2004	11			2	4	6	53	2,5	339	18,5	27	986	619	0
23/02/2004	12	4		2	4	6	58	3,6	322	19,1	25	985	694	0
23/02/2004	13	5		2	4	6	62	2	212	19,9	26	985	734	0
23/02/2004	14	5	0,7	2	4	7	67	1,2	250	21,3	23	983	653	0
23/02/2004	15	5	0,7	2	4	6	68	1,5	211	20,3	24	983	353	0
23/02/2004	16	5	0,7	2	4	6	63	2,6	8	16,9	30	984	190	0
23/02/2004	17	8	0,7	2	4	6	59	2,5	351	16	32	984	116	0
23/02/2004	18	6	0,7	2	5	7	49	1,3	79	12,4	45	985	16	0
23/02/2004	19	5	0,7	2	4	6	42	0,7	16	9,3	58	986	0	0
23/02/2004	20	5	0,7	2	6	8	36	0,9	187	7,4	65	987	0	0
23/02/2004	21	6	0,7	2	4	6	40	1,4	48	8,4	59	987	0	0
23/02/2004	22	5	0,7	2	4	6	36	0,9	355	6,8	69	988	0	0
23/02/2004	23	5	0,7	2	4	6	31	0,7	248	4,2	81	988	0	0
24/02/2004	00	4	0,7	2	4	6	28	0,7	187	3,2	85	989	0	0
24/02/2004	01	4	0,6	2	4	6	27	0,7	243	2,5	89	989	0	0
24/02/2004	02	4	0,6	2	4	6	25	0,6	317	2	90	989	0	0
24/02/2004	03	4	0,6	2	4	6	23	0,5	325	1,6	93	989	0	0
24/02/2004	04	4	0,6	2	4	6	25	0,6	285	2,9	90	989	0	0
24/02/2004	05	4	0,6	2	4	6	26	0,5	210	4,5	84	989	0	0
24/02/2004	06	4	0,7	2	4	6	25	0,6	226	5,1	81	989	0	0
24/02/2004	07	5	0,7	2	9	10	21	0,5	339	5,1	84	989	0	0
24/02/2004	08	4	0,7	2	6	7	19	0,5	10	5,4	87	989	14	0
24/02/2004	09	4	0,8	6	12	21	20	0,5	61	7	80	989	49	0
24/02/2004	10	5	0,8	9	17	31	22	0,7	120	8	73	989	52	0
24/02/2004	11	6	0,9	2	5	7	29	1,4	48	7,5	78	989	87	0,3
24/02/2004	12	7	0,9	2	4	6	30	1,1	38	7,4	83	990	81	0,5
24/02/2004	13	6		2	4	6	32	1,4	29	7,4	85	989	112	0,9
24/02/2004	14	6	0,7	2	4	6	33	2,4	55	7,1	88	989	109	0,4
24/02/2004	15	5	0,7	2	4	6	32	1,7	59	6,9	91	988	62	0,6
24/02/2004	16	5	0,6	2	4	6	31	1,4	50	7	92	987	40	0,6
24/02/2004	17	5	0,6	2	4	6	33	1,7	52	6,4	94	987	2	1,9
24/02/2004	18	5	0,6	2	4	6	31	0,9	62	6,4	95	987	0	0,3
24/02/2004	19	5	0,6	2	4	6	32	0,7	65	6,4	95	987	0	0,5
24/02/2004	20	5	0,6	2	4	6	34	1,2	53	6,5	95	987	0	0,8
24/02/2004	21	5	0,6	2	4	6	31	1,4	60	6,6	95	987	0	0,3
24/02/2004	22	5	0,6	2	4	6	28	1,1	62	6,6	96	986	0	1
24/02/2004	23	5	0,6	2	4	6	28	0,9	66	6,7	96	986	0	0,8
25/02/2004	00	5	0,7	2	4	6	27	0,6	72	6,8	96	986	0	0,6
25/02/2004	01	5	0,7	2	4	6	28	0,5	80	6,8	96	986	0	0,9
25/02/2004	02	4	0,7	2	4	6	26	0,5	97	6,9	96	985	0	1,6
25/02/2004	03	4	0,7	2	4	6	27	0,5	65	7	96	985	0	1,1
25/02/2004	04	5	0,7	2	4	6	26	0,6	61	7	97	984	0	1
25/02/2004	05	5	0,7	2	4	6	25	0,6	51	7,2	96	983	0	2,1
25/02/2004	06	4	0,7	2	4	6	25	0,5	113	7,3	96	983	0	2,1
25/02/2004	07	5	0,7	2	4	6	27	0,7	116	7,4	97	983	0	0,5
25/02/2004	08	5	0,7	2	4	6	30	0,9	49	7,7	97	983	0	0,2
25/02/2004	09	5	0,7	2	4	6	31	1,3	59	8,2	96	984	15	0,6
25/02/2004	10	5	0,7	2	4	6	33	2	45	8,6	95	983	37	0,3
25/02/2004	11	5	0,7	2	4	6	34	1,9	44	8,7	94	983	39	0,2
25/02/2004	12	5	0,7	2	4	6	35	2,2	39	9,9	89	983	162	0
25/02/2004	13	5		2	4	6	37	2,1	37	11	85	982	147	0
25/02/2004	14	5	0,5	2	4	6	38	2,1	41	10,4	87	981	67	0
25/02/2004	15	5	0,4	2	4	6	37	1,4	52	10	89	981	39	0
25/02/2004	16	5	0,4	2	4	6	38	2,1	38	9,8	89	981	34	0
25/02/2004	17	5	0,7	2	10	12	34	2,3	32	9,8	88	981	24	0
25/02/2004	18	5	0,7	2	14	16	31	2	34	9,3	91	981	0	0
25/02/2004	19	5	0,6	2	17	19	26	2,1	36	8,7	95	981	0	0,3
25/02/2004	20	5	0,6	2	19	20	25	1,5	22	8,5	95	981	0	2,9
25/02/2004	21	5	0,6	2	16	18	24	1,5	39	8,4	94	981	0	2
25/02/2004	22	5	0,5	2	17	18	25	0,9	63	8,3	94	981	0	1,5
25/02/2004	23	5	0,5	2	12	14	28	1,5	36	8,4	93	980	0	0,2
26/02/2004	00	5	0,5	2	5	7	33	1,6	31	8,5	92	980	0	0,2
26/02/2004	01	5	0,5	2	4	6	35	1,3	28	8,5	92	979	0	0
26/02/2004	02	5	0,5	2	4	6	34	0,9	39	8,4	92	979	0	0
26/02/2004	03	5	0,5	2	4	6	29	0,6	354	7,5	94	978	0	0
26/02/2004	04	5	0,4	2	4	6	25	0,7	286	5,8	96	978	0	0
26/02/2004	05	5	0,5	2	4	6	23	0,8	232	4,8	97	978	0	0
26/02/2004	06	5	0,5	2	4	6	24	0,6	212	4,7	97	978	0	0
26/02/2004	07	5	0,5	2	8	10	20	0,6	41	5,3	97	978	0	0
26/02/2004	08	5	0,5	2	8	11	20	0,6	122	6,2	97	978	1	0,4
26/02/2004	09	5	0,5	4	13	18	18	0,6	145	6,6	96	979	10	1,1
26/02/2004	10	5	0,5	2	7	9	25	0,8	54	7,1	93	979	56	1,1
26/02/2004	11	5	0,5	2	4	6	31	0,7	20	7,5	89	979	59	0,5
26/02/2004	12	5	0,5	2	4	6	37	0,9	56	6,9	84	979	66	1,3
26/02/2004	13	5		2	4	6	38	1,2	31	7,2	82	979	90	0
26/02/2004	14	7		2	4	6	40	0,7	120	10	69	978	176	0
26/02/2004	15	7	0,5	2	4	6	36	1	184	10,6	72	978	179	0
26/02/2004	16	5	0,5	2	4	6	46	1,5	53	11,8	53	978	193	0
26/02/2004	17	5	0,5	2	4	6	47	1,1	59	11,5	53	978	85	0
26/02/2004	18	5	0,5	2	5	7	40	0,8	125	8,9	67	979	8	0
26/02/2004	19	5	0,5	2	5	7	42	1,2	40	6,9	69	979	0	0
26/02/2004	20	5	0,5	2	4	6	53	2,4	357	7,5	51	980	0	0
26/02/2004	21	5	0,5	2	4	6	47	2,2	2	6,2	56	981	0	0
26/02/2004	22	5	0,5	2	4	6	48	1,3	15	5	60	981	0	0
26/02/2004	23	5	0,5	2	4	6	42	0,9	25	3,4	67	981	0	0
27/02/2004	00	4	0,5	2	4	6	56	1,4	210	3,1	51	981	0	0
27/02/2004	01	4	0,5	2	4	6	61	3,7	227	4	39	981	0	0
27/02/2004	02	6	0,4	2	4	6	57	4,5	220	3,6	42	981	0	0
27/02/2004	03	5	0,4	2	4	6	50	1,9	205	2,2	52	981	0	0
27/02/2004	04	5	0,4	2	4	6	45	0,8	193	0,4	63	981	0	0
27/02/2004	05	4	0,4	2	4	6	38	0,7	180	-,9	73	981	0	0
27/02/2004	06	4	0,4	2	4	6	35	0,6	197	-1,1	74	981	0	0
27/02/2004	07	4	0,4	2	6	7	31	1,2	221	-1,2	75	981	1	0
27/02/2004	08	4	0,4	2	10	10	32	1,2	238	1,6	65	981	88	0
27/02/2004	09	5	0,4	2	11	13	35	2,3	233	6,8	47	980	231	0
27/02/2004	10	5	0,4	2	8	10	40	1,9	224	9,6	42	979	452	0
27/02/2004	11	5	0,5	2	7	9	43	3,4	233	12,5	38	978	599	0
27/02/2004	12	5	0,5	2	8	10	45	3,5	233	12,3	39	977	368	0
27/02/2004	13	5	0,5	2	7	9	52	2,2	184	12,8	34	976	219	0
27/02/2004	14	4		2	4	6	56	7	340	10,4	45	977	254	0,2
27/02/2004	16	5	0,5	2	4	6	64	6,1	328	10,7	33	975	216	0
27/02/2004	17		0,5	2	4	6	50	3,7	20	9	55	978	217	0
27/02/2004	18	5	0,5	2	4	6	51	3	194	5,9	61	978	47	0,2
27/02/2004	19	4	0,5	2	4	6	51	7,2	326	4,5	62	979	0	0
27/02/2004	20	5	0,5	2	4	6	53	6,8	318	5,1	51	979	0	0
27/02/2004	21	4	0,5	2	4	6	54	9,5	321	5,4	44	980	0	0
27/02/2004	22	4	0,5	2	4	6	56	11,1	318	5,2	42	980	0	0
27/02/2004	23	4	0,4	2	4	6	55	12,8	316	5,5	40	980	0	1,7
28/02/2004	00	4	0,5	2	4	6	55	13,8	320	5,6	40	980	0	5,8
28/02/2004	01	4	0,5	2	4	6	54	15,9	320	5,7	40	980	0	19,8
28/02/2004	02	4	0,5	2	4	6	53	13,2	320	5,6	41	980	0	5,7
28/02/2004	03	4	0,5	2	4	6	52	11,2	321	5,3	42	981	0	1,6
28/02/2004	04	4	0,5	2	4	6	52	10,4	325	5,2	42	981	0	0,5
28/02/2004	05	4	0,5	2	4	6	50	9,6	325	4,9	44	982	0	0
28/02/2004	06	4	0,5	2	4	6	51	10,8	318	5	43	983	0	0,4
28/02/2004	07	4	0,5	2	4	6	53	8,6	321	4,9	41	983	1	0
28/02/2004	08	4	0,5	2	4	6	55	7	319	6,5	36	984	142	0
28/02/2004	09	4	0,5	2	4	6	57	5,6	321	9,7	31	984	358	0,3
28/02/2004	10	4	0,5	2	4	6	60	6,9	324	10,4	30	984	534	0,4
28/02/2004	11	5	0,5	2	4	6	62	7,8	314	11,9	28	985	681	0
28/02/2004	12	5	0,5	2	4	6	65	8,2	316	12,6	26	985	716	0,2
28/02/2004	13	5	0,5	2	4	6	67	7,8	315	13,2	25	984	705	0,1
28/02/2004	14	6		2	4	6	65	7,4	312	13,9	27	984	709	0,1
28/02/2004	15	6	0,5	2	4	6	68	7,1	321	13,7	26	983	594	0
28/02/2004	16	5	0,6	2	4	6	72	7,9	314	12,7	25	984	361	0
28/02/2004	17	7	0,6	2	4	6	58	5,6	333	10	44	985	188	0
28/02/2004	18	6	0,5	2	4	6	52	1,9	350	7	56	986	21	0
28/02/2004	19	5	0,5	2	4	6	40	0,6	358	3,1	73	987	0	0
28/02/2004	20	4	0,5	2	4	6	32	0,7	200	0,6	86	988	0	0
28/02/2004	21	4	0,5	2	4	6	29	0,7	341	0	89	988	0	0
28/02/2004	22	4	0,5	2	4	6	27	0,8	195	0,5	88	989	0	0
28/02/2004	23	4	0,4	2	4	6	29	0,8	225	0,3	88	988	0	0
29/02/2004	00	4	0,5	2	4	6	25	0,7	242	-,1	91	988	0	0
29/02/2004	01	4	0,5	2	4	6	25	0,7	324	-1,2	93	988	0	0
29/02/2004	02	4	0,5	2	4	6	25	0,8	345	-1,7	95	988	0	0
29/02/2004	03	4	0,4	2	4	6	25	0,8	14	-1,6	95	988	0	0
29/02/2004	04	4	0,4	2	4	6	24	0,7	359	-2,2	96	988	0	0
29/02/2004	05	5	0,4	2	4	6	25	0,8	217	-2	97	988	0	0
29/02/2004	06	5	0,3	2	4	6	34	3,4	335	3,7	83	988	0	0,2
29/02/2004	07	5	0,3	2	4	6	39	2,8	339	4,3	73	988	0	0
29/02/2004	08	4	0,4	2	4	6	45	7,5	322	4,5	66	988	8	0
29/02/2004	09	4	0,4	2	4	6	45	6,6	326	6,9	56	988	221	0
29/02/2004	10	4	0,4	2	4	6	50	7,2	324	8,2	46	988	291	0,1
29/02/2004	11	6	0,5	2	4	6	54	8,4	324	11,7	34	988	691	0,1
29/02/2004	12	7	0,5	2	4	6	57	8,3	326	12,6	32	987	764	0
29/02/2004	13	5	0,6	2	4	6	64	7,1	329	13,6	27	987	778	0
29/02/2004	14	5		2	4	6	60	6,7	332	13,1	33	988	724	0
29/02/2004	15	5	0,5	2	4	6	66	8,4	323	11,6	30	987	493	0,4
29/02/2004	16	5	0,5	2	4	6	71	8,4	327	11,3	27	988	431	0
29/02/2004	17	4	0,5	2	4	6	67	6,5	332	10,3	31	989	207	0
29/02/2004	18	4	0,5	2	4	6	71	9,3	314	7,7	33	989	35	0
29/02/2004	19	4	0,6	2	4	6	69	8,1	330	5,8	35	991	0	0
29/02/2004	20	4	0,6	2	4	6	68	5,6	330	4,8	34	992	0	0
29/02/2004	21	4	0,6	2	4	6	65	6,2	335	4,1	37	993	0	0
29/02/2004	22	4	0,6	2	4	6	59	7,9	328	3,4	42	993	0	0
29/02/2004	23	4	0,6	2	4	6	57	8,7	329	3,2	44	993	0	0
01/03/2004	00	4	0,6	2	4	6	56	9,2	328	3,1	43	993	0	0
01/03/2004	01	6	0,5	2	4	6	53	4,2	348	2,5	45	993	0	0
01/03/2004	02	9	0,5	2	4	6	49	1,1	179	1,1	48	994	0	0
01/03/2004	03	10	0,5	2	4	6	49	1,7	50	1,1	44	994	0	0
01/03/2004	04	6	0,5	2	4	6	48	1,7	73	0,9	45	994	0	0
01/03/2004	05	6	0,4	2	4	6	46	2,1	2	0,7	49	994	0	0
01/03/2004	06	6	0,4	2	4	6	39	1	340	-1,7	60	995	0	0
01/03/2004	07	8	0,3	2	4	6	33	1	338	-2,6	67	995	3	0
01/03/2004	08	8	0,3	2	7	8	29	0,8	5	-1	64	996	41	0
01/03/2004	09	7	0,2	2	9	11	28	0,9	205	-,1	63	996	96	0
10/12/2004	14	3	0,5	12	4	20		3	44	19,8	35	994	220	0
10/12/2004	15	3	0,5	7	11	22		2	32	16,7	46	994	89	0
10/12/2004	16	3	0,5	6	10	20		1	15	15,5	53	994	29	0
10/12/2004	17	3	0,5	7	9	18		0,6	292	12	75	994	3	0
10/12/2004	18	3	0,5	6	6	14		0,5	0	9,5	85	995	0	0
10/12/2004	19	3	0,5	5	12	20		0,6	317	8,1	91	996	0	0
10/12/2004	20	3	0,5	6	9	17		0,6	329	7,8	92	996	0	0
10/12/2004	21	3	0,5	5	6	13		0,5	313	7,2	93	996	0	0
10/12/2004	22	3	0,5	5	5	12		0,5	320	6,8	93	996	0	0
10/12/2004	23	3	0,5	5	5	13		0,6	319	5,9	94	996	0	0
11/12/2004	00	3	0,5	6	4	12		0,6	321	5,8	94	996	0	0
11/12/2004	01	3	0,5	6	4	11		0,5	336	6,5	95	996	0	0
11/12/2004	02	3	0,5	7	4	11		0,5	323	5,9	95	996	0	0
11/12/2004	03	3	0,5	7	4	12		0,5	318	6,8	95	996	0	0
11/12/2004	04	3	0,5	5	4	10		0,5	242	6,8	95	996	0	0
11/12/2004	05	3	0,5	6	4	11		0,5	344	6	95	996	0	0
11/12/2004	06	3	0,5	5	5	12		0,5	210	5,6	95	996	0	0
11/12/2004	07	3	0,4	6	4	11		0,5	11	5,7	95	996	0	0
11/12/2004	08	3	0,5	5	5	13		0,6	343	5,7	95	996	15	0
11/12/2004	09	3	0,5	12	4	19		0,5	359	11,9	81	996	132	0
11/12/2004	10	3	0,6	30	4	45		0,5	141	16,8	61	996	240	0
11/12/2004	11	3	0,6	9	4	13		1,1	151	19,6	41	996	333	0
11/12/2004	12	3		9	4	14		3,3	60	19,6	36	995	383	0
11/12/2004	13	3		7	4	13		3,7	58	19,5	35	994	254	0
11/12/2004	14	3		6	6	15		3,1	65	19,7	31	994	321	0
11/12/2004	15	3		6	4	12		2,7	67	19	35	994	212	0
11/12/2004	16	3		5	4	10		2,2	53	17,5	38	994	33	0
11/12/2004	17	3		5	4	10		1	25	12,9	56	995	2	0
11/12/2004	18	3		5	4	9		0,7	32	8,9	71	995	0	0
11/12/2004	19	3		5	6	12		0,6	27	6,8	83	996	0	0
11/12/2004	20	3		5	4	10		0,7	25	6,1	89	997	0	0
11/12/2004	21	3		5	4	9		0,5	340	6,2	88	997	0	0
11/12/2004	22	3		6	4	10		0,5	326	6	91	997	0	0
11/12/2004	23	3		5	4	9		0,5	345	6,8	93	997	0	0
12/12/2004	00	3		6	4	10		0,6	44	8,6	91	997	0	0
12/12/2004	01	3		4	4	8		0,9	38	9,3	87	996	0	0
12/12/2004	02	3		5	4	9		0,8	53	9,5	84	995	0	0
12/12/2004	03	3		6	4	11		1,3	42	10,4	81	996	0	0
12/12/2004	04	3		6	4	10		1,8	42	11,1	81	995	0	0,1
12/12/2004	05	3		7	8	18		1,3	43	10,4	90	995	0	0,1
12/12/2004	06	3		6	5	13		2,3	37	10,6	90	995	0	0,4
12/12/2004	07	3		6	6	14		2,9	47	10,5	92	994	0	0,4
12/12/2004	08	3		5	7	14		2,4	29	10,3	93	995	0	1,1
12/12/2004	09	3		5	7	14		2,4	35	10,3	94	996	1	1,4
12/12/2004	10	3		5	4	9		2,2	36	10,4	93	996	2	0,2
12/12/2004	11	3		5	4	11		2,4	35	10,7	92	996	16	0,6
12/12/2004	12	3		5	4	10		1,7	24	10,9	93	996	50	0,7
12/12/2004	13	3		5	5	12		1,5	31	11,4	90	996	47	0
12/12/2004	14	3		5	5	11		1,9	36	12,1	87	995	66	0
12/12/2004	15	3		6	4	11		1,7	26	11,7	89	995	32	0
12/12/2004	16	3		6	11	20		1,2	21	11,8	89	995	28	0
12/12/2004	17	3		6	6	14		1,3	12	11,6	88	995	1	0
12/12/2004	18	3		5	12	20		1,2	8	11,2	90	996	0	0
12/12/2004	19	3		5	6	12		0,5	48	11	91	996	0	0
12/12/2004	20	3		6	4	10		0,5	357	10,4	92	996	0	0
12/12/2004	21	3		4	5	12		0,5	343	10,7	93	997	0	0
12/12/2004	22	3		6	4	13		0,5	326	10,5	94	997	0	0,5
12/12/2004	23	3		5	6	14		0,5	339	10,5	94	998	0	0
13/12/2004	00	3		5	4	10		0,5	184	10,6	95	997	0	0,2
13/12/2004	01	3		5	6	14	69	0,6	335	10,7	95	997	0	1,2
13/12/2004	02	3		6	5	13	73	0,5	349	10,9	95	997	0	0,1
13/12/2004	03	3		5	7	15	71	0,5	3	10,8	95	997	0	0,1
13/12/2004	04	3		5	9	17	67	0,5	191	10,3	96	997	0	0
13/12/2004	05	3		4	7	14	66	0,5	3	10,6	96	997	0	0
13/12/2004	06	3		5	6	12	63	0,5	46	10,7	96	998	0	0
13/12/2004	07	3		5	4	9	61	0,5	10	10,5	96	998	0	0
13/12/2004	08	3		6	4	11	61	0,7	28	10,7	96	998	2	0,5
13/12/2004	09	3		8	4	11	64	0,5	4	11,6	96	999	49	0
13/12/2004	10	3		5	4	9	79	0,9	18	13	92	999	86	0
13/12/2004	11	3		6	5	13	81	0,9	15	13,7	85	999	80	0
13/12/2004	12	3		6	8	16	87	1,4	31	13,4	85	999	55	0
13/12/2004	13	3		6	6	15	88	1	31	13,5	84	999	52	0
13/12/2004	14	3		4	11	18	91	0,9	36	13,9	81	998	62	0
13/12/2004	15	3		5	9	17	96	1,1	51	15	70	998	84	0
13/12/2004	16	3		5	8	15	87	0,6	11	12,5	81	998	13	0
13/12/2004	17	3		5	12	20	80	0,8	329	10,4	91	998	1	0
13/12/2004	18	3		5	10	18	73	0,6	319	8,9	93	999	0	0
13/12/2004	19	3		4	9	15	64	0,5	9	7,7	94	1000	0	0
13/12/2004	20	3		4	10	17	63	0,5	320	6,8	94	1001	0	0,2
13/12/2004	21	3		5	15	21	64	0,5	318	5,9	95	1001	0	0
13/12/2004	22	3		4	7	14	65	0,5	311	5,2	95	1001	0	0
13/12/2004	23	3		5	10	17	63	0,5	315	4,8	95	1001	0	0
14/12/2004	00	3		5	5	12	61	0,5	301	4,7	95	1001	0	0
14/12/2004	01	3		5	4	11	61	0,5	321	4,7	95	1002	0	0
14/12/2004	02	3		6	7	15	58	0,5	337	4,4	95	1002	0	0
14/12/2004	03	3		5	6	13	57	0,5	357	4,2	95	1002	0	0
14/12/2004	04	3		5	7	13	58	0,5	317	3,9	95	1002	0	0
14/12/2004	05	3		6	6	14	59	0,5	285	3,7	96	1002	0	0
14/12/2004	06	3		5	5	11	60	0,5	298	3,9	96	1002	0	0
14/12/2004	07	3		8	5	16	56	0,6	305	4,2	96	1002	0	0
14/12/2004	08	3		15	4	24	56	0,5	322	5,3	96	1002	1	0
14/12/2004	09	3		25	4	38	59	0,5	353	7,4	96	1002	37	0
14/12/2004	10	3		12	4	19	63	0,5	215	9,2	95	1002	77	0
14/12/2004	11	3		9	4	14	72	0,7	146	15,3	77	1002	286	0
14/12/2004	12	3		8	4	13	91	2	37	17,5	54	1000	336	0
14/12/2004	13	3		6	5	13	98	1,4	40	16,6	55	999	151	0
14/12/2004	14	3		6	5	12	93	1,1	56	13,8	70	999	54	0
14/12/2004	15	3		6	5	11	94	1,2	78	14,2	72	999	81	0
14/12/2004	16	3		6	4	11	92	1,1	60	13,4	77	998	51	0
14/12/2004	17	3		5	5	11	84	0,6	48	11,7	85	998	5	0
14/12/2004	18	3		5	4	9	81	0,6	33	11,2	87	998	0	0
14/12/2004	19	3		6	4	10	79	0,8	38	11,1	89	998	0	0
14/12/2004	20	3		6	6	14	84	0,8	35	11,1	88	999	0	0
14/12/2004	21	3		5	9	16	90	1,2	36	11,1	87	999	0	0
14/12/2004	22	3		6	7	15	81	0,9	53	11,1	87	999	0	0
14/12/2004	23	3		6	6	15	79	0,9	44	10,9	89	998	0	0,1
15/12/2004	00	3		6	11	19	84	0,9	35	10,6	92	998	0	0
15/12/2004	01	3		6	11	20	78	0,5	66	10,6	94	998	0	0
15/12/2004	02	3		6	4	11	78	1	34	10,7	94	997	0	0
15/12/2004	03	3		6	6	13	77	1	41	11	91	997	0	0
15/12/2004	04	3		5	5	12	72	0,5	46	10,8	91	997	0	0
15/12/2004	05	3		5	4	11	69	0,6	40	10,7	92	997	0	0
15/12/2004	06	3		4	5	11	74	0,8	49	10,7	92	996	0	0
15/12/2004	07	3		5	4	10	68	0,6	64	10,5	92	997	0	0
15/12/2004	08	3		5	4	11	75	0,8	46	10,6	92	997	1	0
15/12/2004	09	3		5	4	12	71	0,8	58	10,9	90	997	17	0
15/12/2004	10	3		6	5	13	82	1,1	42	12,2	83	997	56	0
15/12/2004	11	3		7	6	15	86	1,6	50	14,4	71	997	156	0
15/12/2004	15	3		9	4	14		1,6	35	15,5	62	995	144	0
15/12/2004	16	3		8	4	12		1,2	47	17	55	994	42	0
15/12/2004	17	3		5	11	17		0,6	11	11,7	79	994	2	0
15/12/2004	18	3		3	18	21		0,6	30	9,2	90	995	0	0
15/12/2004	19	3		2	9	11		0,7	16	8,4	93	995	0	0
15/12/2004	20	3		3	8	11		0,6	312	7,4	94	995	0	0
15/12/2004	21	3		3	6	11		0,5	299	6,6	95	996	0	0
15/12/2004	22	3		2	9	12		0,5	296	6	95	996	0	0
15/12/2004	23	3		2	8	12		0,5	285	5,7	95	996	0	0
16/12/2004	00	3		3	5	8		0,5	334	5,8	95	996	0	0
16/12/2004	01	3		3	6	11		0,5	308	5,3	95	996	0	0
16/12/2004	02	3		5	7	14		0,5	312	5,1	95	996	0	0
16/12/2004	03	3		3	12	16		0,5	241	4,9	96	995	0	0
16/12/2004	04	3		3	6	11		0,6	341	4,6	96	995	0	0
16/12/2004	05	3		3	7	11		0,5	304	4,5	96	994	0	0,1
16/12/2004	06	3		3	9	13		0,5	309	4,5	96	994	0	0
16/12/2004	07	3		2	13	15		0,5	304	4,2	96	994	0	0
16/12/2004	08	3		3	8	12		0,5	331	4,1	96	995	8	0
16/12/2004	09	3		6	6	13		0,5	354	8,8	89	996	108	0
16/12/2004	10	3		14	4	21		0,6	180	13,7	75	995	221	0
16/12/2004	11	3		8	4	13		0,9	197	15,9	62	994	303	0
16/12/2004	12	3		4	5	9		1,6	218	16,8	51	994	334	0
16/12/2004	13	3		5	5	11		0,9	219	19,6	37	992	227	0
16/12/2004	14	3		10	4	16		0,8	202	20,9	34	991	292	0
16/12/2004	15	3		7	4	13		0,9	141	15,8	59	990	117	0
16/12/2004	16	3		3	6	10		0,8	145	17,1	54	990	41	0
16/12/2004	17	3		3	10	14		0,6	188	11,9	76	992	3	0
16/12/2004	18	3		2	24	27		0,6	306	8,2	92	992	0	0
16/12/2004	19	3		2	10	13		0,5	192	6,9	94	992	0	0
16/12/2004	20	3		2	6	9		0,6	318	6,6	95	993	0	0
16/12/2004	21	3		3	4	6		0,6	179	6,9	95	993	0	0
16/12/2004	22	3		3	4	6		0,8	199	7,4	96	993	0	0
16/12/2004	23	3		3	4	6		0,8	283	7,4	96	993	0	0
17/12/2004	00	3		2	4	6		0,8	240	7,4	95	992	0	0
17/12/2004	01	3		3	6	9		1,7	222	8,6	84	992	0	0
17/12/2004	02	3		3	7	12		2,4	333	12,3	58	991	0	0
17/12/2004	03	3		4	6	12		3,3	327	12,4	57	992	0	0
17/12/2004	04	3		3	10	14		3,1	332	11,7	55	992	0	0
17/12/2004	05	3		4	17	22		2	338	11,1	57	991	0	0
17/12/2004	06	3		3	22	26		2	22	10,8	59	992	0	0
17/12/2004	07	3		4	12	18		3,5	6	11,2	56	992	0	0
17/12/2004	08	3		5	12	19		4,5	351	11,6	52	992	9	0
17/12/2004	09	3		5	7	15		3,8	353	14,4	42	992	136	0
17/12/2004	10	3		5	9	16		3	150	16,1	38	992	237	0
17/12/2004	11	3		4	9	15		2,6	342	18,2	32	992	370	0
17/12/2004	12	3						1,1	309	16,3	37	993	164	0
17/12/2004	13	3						1,7	216	17,2	32	992	208	0
17/12/2004	14	3						0,8	130	21,2	25	991	264	0
17/12/2004	15	3						1,4	177	19,1	32	990	146	0
17/12/2004	16	3						0,8	197	18,3	37	990	47	0
17/12/2004	17	3						1,3	159	15,2	46	990	5	0
17/12/2004	18	3						1,9	327	14	48	990	0	0
17/12/2004	19	3						2,1	310	14,1	50	990	0	0
17/12/2004	20	3						2,4	217	13,4	53	989	0	0
17/12/2004	21	3						0,9	169	12,5	59	990	0	0
17/12/2004	22	3						2,2	10	14	53	989	0	0
17/12/2004	23	3						3,1	237	15,3	49	988	0	0
18/12/2004	00	3						4,7	325	15,6	49	988	0	0
18/12/2004	01	3						3,6	329	15,5	50	988	0	0
18/12/2004	02	3						3,3	329	15,4	52	989	0	0
18/12/2004	03	3						4,8	341	15,1	52	989	0	0
18/12/2004	04	3						3,9	326	14,7	52	989	0	0
18/12/2004	05	3						3,8	331	14,5	54	989	0	0
18/12/2004	06	3						5,5	342	14,1	53	989	0	0
18/12/2004	07	3						4,2	330	13,5	53	990	0	0
18/12/2004	08	3						4,8	334	13,4	55	991	12	0
18/12/2004	09	3						3,3	359	16	46	992	136	0
18/12/2004	10	3						4,2	326	19,1	35	993	305	0
18/12/2004	11	3						7,9	317	18,3	38	993	333	0
18/12/2004	12	3						10,5	323	18,3	37	992	389	0
18/12/2004	13	3						12,5	328	18,4	37	991	235	0
18/12/2004	14	3						12,6	329	18,8	36	991	328	0
18/12/2004	15	3						12,8	331	18,9	36	991	250	0
18/12/2004	16	3						8,2	331	18,7	36	991	74	0
18/12/2004	17	3						7,2	336	16,5	43	992	6	0
18/12/2004	18	3						9,5	329	15,6	46	991	0	0
18/12/2004	19	3						11,4	329	15,6	45	991	0	0
18/12/2004	20	3						15,2	333	15,8	41	990	0	0
18/12/2004	21	3						6,9	326	15,4	42	991	0	0
18/12/2004	22	3						3,3	248	14,6	46	992	0	0
18/12/2004	23	3						2,4	251	12,7	55	992	0	0
19/12/2004	00	3						1,6	247	13,1	54	992	0	0
19/12/2004	01	3						1	327	12	59	991	0	0
19/12/2004	02	3						1,9	291	12,1	58	991	0	0
19/12/2004	03	3						1,2	178	12,5	55	990	0	0
19/12/2004	04	3						0,7	313	9,7	69	990	0	0
19/12/2004	05	3						0,8	338	8	78	990	0	0
19/12/2004	06	3						0,7	181	6,7	84	990	0	0
19/12/2004	07	3						0,8	342	5,8	87	990	0	0
19/12/2004	08	3						2,1	318	9	69	990	12	0
19/12/2004	09	3						0,6	190	14,6	48	989	138	0
19/12/2004	10	3						0,8	320	20,2	31	989	302	0
19/12/2004	11	3						1,3	184	20,2	28	988	312	0
19/12/2004	12	3						2	205	21,7	26	987	389	0
19/12/2004	13	3						1,5	241	21,9	26	986	196	0
19/12/2004	14	3						2,1	205	22,2	27	985	304	0
19/12/2004	15	3						3,1	321	22	27	984	205	0
19/12/2004	16	3						1,5	284	21	28	984	64	0
19/12/2004	17	3						2,1	321	17,2	37	984	6	0
19/12/2004	18	3						2,4	309	14,9	43	984	0	0
19/12/2004	19	3						3,5	311	14,7	42	984	0	0
19/12/2004	20	3						5,7	311	15	40	984	0	0
19/12/2004	21	3						2,5	318	14,4	42	984	0	0
19/12/2004	22	3						1,3	315	13,4	46	984	0	0
19/12/2004	23	3						1,4	14	13,5	49	984	0	0
20/12/2004	00	3						1,3	14	12,7	55	984	0	0
20/12/2004	01	3						1	227	11,5	56	984	0	0
20/12/2004	02	3						1,8	199	11,7	52	985	0	0
20/12/2004	03	3						1,2	20	12	49	985	0	0
20/12/2004	04	3						0,9	154	10,3	56	985	0	0
20/12/2004	05	3						2,3	313	10,9	52	985	0	0
20/12/2004	06	3						7,1	322	12,6	44	985	0	0
20/12/2004	07	3						11,1	329	12,7	44	984	0	0
20/12/2004	08	3						14,9	332	12,8	44	983	11	0
20/12/2004	09	3						17,1	331	14	41	982	138	2,1
20/12/2004	10	3						18,7	305	14,6	38	983	267	2,3
20/12/2004	11	3						19,1	297	15	35	983	351	1,8
20/12/2004	12	3						18	310	15,4	34	983	399	4
20/12/2004	13	3						16,8	25	15,7	32	983	263	1,2
20/12/2004	14	3						13,4	46	16,1	29	984	333	0
20/12/2004	15	3						6,9	47	16,9	27	986	230	0
20/12/2004	16	3						6,5	42	15,9	29	987	41	0
20/12/2004	17	3						5,1	50	12,7	37	988	1	0
20/12/2004	18	3						2,5	56	10,6	43	988	0	0
20/12/2004	19	3						3,4	42	9,9	47	989	0	0
20/12/2004	20	3						6,7	45	10	44	990	0	0
20/12/2004	21	3						6,2	40	9,9	40	991	0	0
20/12/2004	22	3						6,8	43	9,4	42	991	0	0
20/12/2004	23	3						5,6	40	9	43	992	0	0
21/12/2004	00	3						6,8	22	8,9	43	992	0	0
21/12/2004	01	3						5	42	8,4	47	992	0	0
21/12/2004	02	3						2,8	109	7,8	47	993	0	0
21/12/2004	03	3						2,1	58	7,7	45	993	0	0
21/12/2004	04	3						2,3	20	7,1	45	993	0	0
21/12/2004	05	3						6,4	25	8	41	993	0	0
21/12/2004	06	3						6,2	10	8	41	993	0	0
21/12/2004	07	3						3,7	350	7,8	41	993	0	0
21/12/2004	08	3						1	219	6,7	45	993	3	0
21/12/2004	09	3						1	175	8,4	41	994	65	0
21/12/2004	10	3						0,9	236	10,1	41	994	145	0
21/12/2004	11	3						0,6	205	15,6	26	994	330	0
21/12/2004	12	3						0,7	349	17,5	21	993	350	0
21/12/2004	13	3						1	197	15,3	25	993	187	0
21/12/2004	14	3						1,3	219	13,6	30	992	208	0
21/12/2004	15	3						0,9	188	14	31	992	125	0
21/12/2004	16	3						0,9	224	11	45	992	52	0
21/12/2004	17	3						0,6	5	8,4	61	993	8	0
21/12/2004	18	3						0,6	20	6,1	74	994	0	0
21/12/2004	19	3						0,5	343	4,9	79	994	0	0
21/12/2004	20	3						0,6	198	4,1	84	995	0	0
21/12/2004	21	3						0,5	345	3,5	85	995	0	0
21/12/2004	22	3						0,5	3	2,7	88	996	0	0
21/12/2004	23	3						0,6	30	2,4	89	996	0	0
22/12/2004	00	3						0,5	11	1,8	89	997	0	0
22/12/2004	01	3						0,6	359	1,8	90	997	0	0
22/12/2004	02	3						0,5	353	1,8	90	997	0	0
22/12/2004	03	3						0,5	346	1,4	90	997	0	0
22/12/2004	04	3						0,6	0	1,1	91	998	0	0
22/12/2004	05	12						1,7	125	3,6	84	999	0	0
22/12/2004	06	46						1,7	103	5,9	68	999	0	0
22/12/2004	07	26						1,6	108	5,6	66	999	0	0
22/12/2004	08	25						1,1	112	6,3	63	999	0	0
22/12/2004	09	11						0,9	75	7,3	59	1000	27	0
22/12/2004	10	7						1,1	120	12,4	44	1000	231	0
22/12/2004	11	4						1,2	58	15,1	35	1000	309	0
22/12/2004	12	3						1,4	117	16,6	32	999	386	0
22/12/2004	13	3						1,6	144	18,1	27	998	302	0
22/12/2004	14	3						1,2	146	17,9	26	997	321	0
22/12/2004	15	3						0,8	213	18,1	26	996	230	0
22/12/2004	16	3						1	187	16,3	34	996	47	0
22/12/2004	17	3						0,7	195	10,6	60	997	2	0
22/12/2004	18	3						0,6	12	5,4	81	998	0	0
22/12/2004	19	3						0,6	329	3,5	85	998	0	0
22/12/2004	20	3						0,6	353	2,2	89	999	0	0
22/12/2004	21	3						0,6	360	1,6	90	999	0	0
22/12/2004	22	3						0,7	5	2,7	85	1000	0	0
22/12/2004	23	3						0,6	329	2,4	81	1000	0	0
23/12/2004	00	3						0,8	320	2,3	81	1000	0	0
23/12/2004	01	3						1,2	237	3,7	73	1000	0	0
23/12/2004	02	3						0,6	338	2,4	77	999	0	0
23/12/2004	03	3						0,6	354	2,5	80	999	0	0
23/12/2004	04	3						0,6	341	3	77	999	0	0
23/12/2004	05	3						0,7	316	3,3	75	999	0	0
23/12/2004	06	3						0,8	318	4,7	71	999	0	0
23/12/2004	07	3						0,6	207	5,1	72	998	0	0
23/12/2004	08	3						0,7	333	4,6	76	999	7	0
23/12/2004	09	3						0,7	221	9,9	56	999	124	0
23/12/2004	10	3						1	258	14,3	44	999	247	0
23/12/2004	11	3						1,3	207	17,5	36	998	322	0
23/12/2004	12	3						2,1	4	18,6	33	997	374	0
23/12/2004	13	3						1,9	26	19,6	31	997	243	0
23/12/2004	14	3						2,3	14	19,8	31	996	313	0
23/12/2004	15	3						2,8	18	19,4	33	996	231	0
23/12/2004	16	3						1,3	343	19,1	33	996	40	0
23/12/2004	17	3						1	336	13,7	50	996	1	0
23/12/2004	18	3						0,6	191	8,7	71	995	0	0
23/12/2004	19	3						0,5	341	6,8	81	996	0	0
23/12/2004	20	3						0,6	343	5,8	86	996	0	0
23/12/2004	21	3						0,6	159	5,5	87	996	0	0
23/12/2004	22	3						0,7	336	6,2	87	997	0	0
23/12/2004	23	3						0,9	304	6,9	82	997	0	0
24/12/2004	00	3						0,6	4	4,9	87	997	0	0
24/12/2004	01	3		2	4	6		0,5	8	4,2	91	997	0	0
24/12/2004	02	3		2	4	6		0,5	351	4,3	93	996	0	0
24/12/2004	03	3		2	4	6		0,6	348	4,1	93	996	0	0
24/12/2004	04	3		2	4	6		0,5	2	3,7	94	996	0	0
24/12/2004	05	3		2	5	6		0,5	8	3,1	94	996	0	0
24/12/2004	06	3		2	4	6		0,5	22	3,1	94	996	0	0
24/12/2004	07	3		2	4	6		0,5	23	3,2	95	996	0	0
24/12/2004	08	3		2	4	6		0,5	349	3,1	94	996	8	0,2
24/12/2004	09	3		8	4	14		0,5	20	9,1	82	996	120	0
24/12/2004	10	3		11	4	18		0,6	237	15,1	57	996	244	0
24/12/2004	11	3		2	4	6		0,5	232	19,7	38	996	329	0
24/12/2004	12	3		2	4	6		1,1	238	19,9	36	994	391	0
24/12/2004	13							1,7	255	19,4	34		240	0
24/12/2004	14	3		2	4	6		1,4	221	19,9	36	991	334	0
24/12/2004	15	12		2	4	6		1,7	178	20,1	37	991	215	0
24/12/2004	16	15		2	4	6		1	176	18,8	38	990	46	0
24/12/2004	17	7		11	4	20		0,6	195	13,2	59	990	2	0
24/12/2004	18	3		2	4	6		0,5	5	7,1	82	990	0	0
24/12/2004	19	3		2	4	6		0,5	356	4,9	87	989	0	0
24/12/2004	20	3		2	4	6		0,5	15	3,9	91	990	0	0
24/12/2004	21	3		2	4	6		0,5	19	3,6	92	990	0	0
24/12/2004	22	3		2	4	6		0,5	167	3,1	93	989	0	0
24/12/2004	23	3		2	4	6		0,6	347	2,5	93	989	0	0
25/12/2004	00	3		2	4	6		0,5	352	2,3	93	988	0	0
25/12/2004	01	3		2	4	6		0,5	7	2,2	93	987	0	0
25/12/2004	02	3		2	4	6		0,5	346	2,1	93	986	0	0
25/12/2004	03	3		2	4	6		0,6	208	2	93	986	0	0
25/12/2004	04	3		2	4	6		0,5	332	1,6	93	985	0	0
25/12/2004	05	3		2	4	6		0,5	202	1,9	93	984	0	0
25/12/2004	06	3		2	4	6		0,6	9	2	93	983	0	0
25/12/2004	07	3		2	4	6		0,6	336	2,2	93	983	0	0
25/12/2004	08	3		2	4	6		0,6	337	2,5	93	982	1	0
25/12/2004	09	3		2	4	6		0,6	30	3,7	92	982	22	0,2
25/12/2004	10	3		2	4	6		0,6	215	6,8	87	982	138	0
25/12/2004	11	3		2	4	6		0,7	299	12,9	62	981	184	0
25/12/2004	12	3		2	4	6		0,9	18	15,6	47	980	285	0
25/12/2004	13	3		2	4	6		0,9	145	14,7	45	978	162	0
25/12/2004	14	3						1,9	59	13,3	46	977	82	0
25/12/2004	15	3						6,2	45	11,8	48	976	85	0
25/12/2004	16	3						11,2	49	10,6	48	975	43	0
25/12/2004	17	3						9,6	44	9,5	50	976	1	0
25/12/2004	18	3						9	43	9,3	47	975	0	0
25/12/2004	19	3						8,2	47	8,9	47	975	0	0
25/12/2004	20	3						11,6	48	9	44	975	0	0
25/12/2004	21	3						11,9	45	9	43	975	0	0
25/12/2004	22	3						11,5	46	8,8	43	974	0	0
25/12/2004	23	3						13,3	51	8,5	43	974	0	0,1
26/12/2004	00	3						14,8	7	8,6	40	973	0	1,9
26/12/2004	01	3						14,9	30	8,5	39	973	0	0
26/12/2004	02	3						14,6	54	8,4	40	973	0	0
26/12/2004	03	3						14,5	55	8,3	41	973	0	0
26/12/2004	04	3						14,6	30	7,8	41	973	0	0
26/12/2004	05	3						15,4	20	7,6	41	972	0	0
26/12/2004	06	3						14,9	44	7,6	41	972	0	0
26/12/2004	07	3						13,3	31	7,7	40	972	0	0
26/12/2004	08	3						11,3	45	7,8	39	972	3	0
26/12/2004	09							12,1	43	8	39		42	0
26/12/2004	10	3						11,3	38	8,5	38	974	116	0
26/12/2004	11	3						12,7	48	9,3	33	975	175	0
26/12/2004	12	3						11,4	42	9,5	28	975	170	0,2
26/12/2004	13	3						11,7	41	9,9	25	974	152	0
26/12/2004	14	3						10,4	40	10	26	974	178	0
26/12/2004	15	3						10,4	23	11	22	973	148	0
26/12/2004	16	3						13,5	360	9,6	22	974	39	0
26/12/2004	17	3						11	31	8,8	19	975	5	0
26/12/2004	18	3						6,6	52	7,1	29	977	0	0
26/12/2004	19	3						8	40	6,1	34	977	0	0
26/12/2004	20	3						8,5	42	5,5	39	978	0	0
26/12/2004	21	3						12,5	42	5,6	40	979	0	0
26/12/2004	22	3						11,1	49	5,3	42	979	0	0
26/12/2004	23	3						10,2	38	5,2	45	980	0	0
27/12/2004	00	3						9,4	35	5	46	980	0	0
27/12/2004	01	3						8,2	46	5,3	44	980	0	0
27/12/2004	02	4						9	50	5	45	981	0	0
27/12/2004	03	4						8,3	45	4,9	45	981	0	0
27/12/2004	04	7						8,4	45	5,5	43	982	0	0
27/12/2004	05	4						7,7	44	5,9	40	983	0	0
27/12/2004	06	4						7,5	44	5,8	39	983	0	0
27/12/2004	07	3						6,9	41	5,6	40	984	0	0
27/12/2004	08	3						6,3	31	5,4	43	986	6	0
27/12/2004	09	3						7,3	9	7,6	38	987	114	0
27/12/2004	10	3						6,1	4	10,3	31	988	248	0
27/12/2004	11	3						5,9	13	12,1	27	988	334	0
27/12/2004	12	3						6,1	11	13	25	988	385	0
27/12/2004	16	3						7,3	334	12,4	26	989	52	0
27/12/2004	17	3						8,7	334	9,3	31	990	2	0
27/12/2004	18	3						10,1	333	7,5	33	990	0	0
27/12/2004	19	3						10,5	331	7,2	35	991	0	0
27/12/2004	20	3						11,3	324	7	39	991	0	0
27/12/2004	21	3						11,1	321	7,2	39	991	0	0
27/12/2004	22	3						10,7	326	7,1	42	991	0	0
27/12/2004	23	3						10	325	7,3	43	992	0	0
28/12/2004	00	3						10,5	321	7,6	44	992	0	0
28/12/2004	01	3						10,6	10	7,7	46	992	0	0
28/12/2004	02	3						10,2	47	7,8	44	992	0	0
28/12/2004	03	3						10,7	338	8	43	992	0	0
28/12/2004	04	3						8,3	29	7,9	46	992	0	0
28/12/2004	05	3						8,9	33	7,6	49	992	0	0
28/12/2004	06	3						7,1	44	7,7	49	993	0	0
28/12/2004	07	3						4,6	68	7,8	51	993	0	0
28/12/2004	08	3						3,5	55	8,3	51	993	6	0
28/12/2004	09	3						1,8	50	11,9	41	993	147	0
28/12/2004	10	3						2,2	14	13,2	37	993	197	0
28/12/2004	11	3						4,4	248	12,7	35	993	277	0
28/12/2004	12	3						2,3	222	11,2	44	993	94	0
28/12/2004	13	3						3	226	13,1	47	993	115	0
28/12/2004	14	3						3,2	259	12,4	44	990	106	0
28/12/2004	15	3						1,8	237	12,5	45	989	61	0
28/12/2004	16	3						1,8	199	13	46	988	35	0
28/12/2004	17	3						4,3	19	14	47	988	3	0
28/12/2004	18	3						7,5	32	13	50	989	0	0
28/12/2004	19	3						9,4	50	12,5	52	989	0	0
28/12/2004	20	3						8,6	29	11,9	52	990	0	0
28/12/2004	21	3						11,3	19	11,8	48	991	0	0
28/12/2004	22	3						10,1	54	11,2	49	991	0	0
28/12/2004	23	3						10,5	44	10,9	44	992	0	0,2
29/12/2004	00	3						9,9	48	10,7	38	992	0	0
29/12/2004	01	3						8,4	47	10,2	41	992	0	0
29/12/2004	02	3						5,2	42	9,7	44	992	0	0
29/12/2004	03	3						6,3	42	10	43	993	0	0
29/12/2004	04	3						7,9	45	9,9	43	993	0	0
29/12/2004	05	3						6,9	46	9,7	46	994	0	0
29/12/2004	06	3						3,7	52	9,4	45	994	0	0
29/12/2004	07	3						3,3	65	9,2	48	995	0	0
29/12/2004	08	3						5,6	54	9,6	48	996	8	0
29/12/2004	09	3						3,4	50	12,6	39	996	128	0
29/12/2004	10	3						4,7	44	14,6	33	996	254	0
29/12/2004	11	3						5,8	22	16,7	33	996	333	0
29/12/2004	12	3						5,7	19	17	31	995	396	0
29/12/2004	13	3						5,9	18	17,9	30	995	263	0
29/12/2004	14	3						7,8	354	17,4	30	994	346	0
29/12/2004	15	3						8,1	354	16,8	32	994	234	0
29/12/2004	16	3						6,9	21	14,4	39	994	51	0
29/12/2004	17	3						5,1	40	13,1	42	994	12	0
29/12/2004	18	3						5,1	42	12	46	995	0	0
29/12/2004	19	3						6,6	38	11,6	49	996	0	0
29/12/2004	20	3						5,3	34	11,6	52	996	0	0
29/12/2004	21	3						9,6	317	11,3	52	996	0	0,2
29/12/2004	22	3						8,9	323	11	52	997	0	0
29/12/2004	23	3						8,8	326	11	51	996	0	0
30/12/2004	00	3						7,1	325	11,1	50	997	0	0
30/12/2004	01	3						5,7	37	11,2	48	996	0	0
30/12/2004	02	3						6,5	5	11,6	46	996	0	0
30/12/2004	03	3						6,1	18	11,5	47	996	0	0
30/12/2004	04	3						4,3	28	11,1	49	996	0	0
30/12/2004	05	3						6,9	339	11,3	49	997	0	0
30/12/2004	06	3						4,6	31	11,6	47	998	0	0
30/12/2004	07	3						2,6	44	11,7	46	998	0	0
30/12/2004	08	3						3,2	69	11,1	52	1000	0	0
30/12/2004	09	3						1,6	69	10,8	56	1001	16	0
30/12/2004	10	3						1,2	71	12,7	50	1002	147	0
30/12/2004	11	3						2	70	17,1	35	1002	335	0
30/12/2004	12	3						1,5	48	18,6	31	1002	381	0
30/12/2004	13	3						0,8	34	18,9	30	1001	250	0
30/12/2004	14	3						1,4	141	20,4	28	1000	347	0
30/12/2004	15	3						2,3	187	17,3	39	1000	178	0
30/12/2004	16	3						1,5	196	15,6	46	1000	49	0
30/12/2004	17	3						0,7	224	12,4	59	1000	5	0
30/12/2004	18	3					64	0,7	286	7,6	80	1001	0	0
30/12/2004	19	3					73	1,6	294	8,2	77	1001	0	0
30/12/2004	20	3					69	1	348	8	76	1001	0	0
30/12/2004	21	3					67	0,9	350	7,4	81	1001	0	0
30/12/2004	22	3					65	0,7	307	6,2	85	1001	0	0
30/12/2004	23	3					63	0,7	340	6,3	87	1001	0	0
31/12/2004	00	3					62	0,6	337	6	87	1002	0	0
31/12/2004	01	3		2	4	6	59	0,8	321	6	88	1002	0	0
31/12/2004	02	3		2	4	6	59	1,1	292	6,1	85	1001	0	0
31/12/2004	03	3		2	4	6	57	0,7	315	5,9	85	1001	0	0
31/12/2004	04	3		2	4	6	56	0,5	15	5,5	85	1001	0	0
31/12/2004	05	3		2	4	6	53	0,5	23	3,8	90	1001	0	0
31/12/2004	06	3		2	4	6	55	0,6	331	3,6	93	1001	0	0
31/12/2004	07	3		2	4	6	56	0,6	346	4,4	94	1001	0	0
31/12/2004	08	3		2	4	6	54	0,5	35	4	94	1002	6	0
31/12/2004	09	3		2	4	6	55	0,7	321	9,8	79	1003	114	0
31/12/2004	10	3		7	4	11	57	0,7	227	20,2	53	1003	243	0
31/12/2004	11	4		5	4	10	68	2,3	243	18,7	45	1002	327	0
31/12/2004	12	3		2	4	6	76	2,8	238	19,4	42	1001	390	0
31/12/2004	13	3		2	4	6	79	2,6	222	20,6	37	999	264	0
31/12/2004	14	3		2	5	6	82	1,7	238	22	34	998	341	0
31/12/2004	15	3		2	5	6	80	2,2	240	21,6	34	997	249	0
31/12/2004	16	3		2	4	6	74	2,3	243	20	40	997	59	0
31/12/2004	17	3		2	4	6	71	2,1	240	17,4	54	997	11	0
31/12/2004	18	3		2	4	6	64	0,8	220	13,3	71	998	0	0
31/12/2004	19	3		2	4	6	58	0,6	341	10	82	998	0	0
31/12/2004	20	3		2	4	6	55	0,5	333	7,9	87	999	0	0
31/12/2004	21	3		2	4	6	55	0,6	339	6,8	91	999	0	0
31/12/2004	22	3		2	4	6	54	0,6	1	6,5	93	1000	0	0
31/12/2004	23	3		2	4	6	54	0,7	6	6,1	94	1000	0	0
01/01/2005	00	3		2	4	6	53	0,7	7	5,7	94	1001	0	0
01/01/2005	01	3					54	0,7	337	5,6	95	1001	0	0
01/01/2005	02	3					55	0,6	346	5,3	95	1001	0	0
01/01/2005	03	3					54	0,6	351	4,7	95	1001	0	0
01/01/2005	04	3					56	0,6	345	4,6	96	1001	0	0
01/01/2005	05	3					56	0,6	339	4,3	95	1001	0	0
01/01/2005	06	3					57	0,6	348	4,1	95	1002	0	0
01/01/2005	07	3					56	0,6	2	3,6	95	1002	0	0
01/01/2005	08	3					57	0,6	332	3,4	95	1002	6	0
01/01/2005	09	3					59	0,7	323	8,9	83	1003	110	0
01/01/2005	10	3					64	0,7	215	15,6	53	1002	237	0
01/01/2005	11	3					76	0,7	148	19,9	34	1002	332	0
01/01/2005	12	3					84	1,7	204	20,2	31	1001	396	0
01/01/2005	13	3					85	2,1	234	19,5	32	1000	266	0
01/01/2005	14	3					86	1,7	236	20	31	999	344	0
01/01/2005	15	3					89	1,2	238	20,4	30	999	253	0
01/01/2005	16	3					86	1,1	246	19,7	32	999	60	0
01/01/2005	17	3					77	1,5	245	15,2	56	999	2	0
01/01/2005	18	3					66	0,6	349	9,6	79	1000	0	0
01/01/2005	19	3					61	0,6	321	7	88	1000	0	0
01/01/2005	20	3					60	0,5	331	6,2	90	1001	0	0
01/01/2005	21	3					58	0,6	334	5,3	92	1002	0	0
01/01/2005	22	3					58	0,6	347	4,9	93	1002	0	0
01/01/2005	23	3					56	0,6	16	4,8	94	1002	0	0
02/01/2005	00	3					55	0,6	321	5	95	1002	0	0
02/01/2005	01	3					54	0,6	313	4,7	95	1003	0	0
02/01/2005	02	3					53	0,6	349	4,3	96	1003	0	0,2
02/01/2005	03	3					54	0,6	340	4,4	96	1003	0	0
02/01/2005	04	3					55	0,8	344	4,3	96	1003	0	0
02/01/2005	05	3					56	0,7	342	4,1	97	1003	0	0
02/01/2005	06	3					59	0,8	343	4,9	96	1003	0	0
02/01/2005	07	3					56	0,7	342	4,3	96	1003	0	0
02/01/2005	08	3					57	0,7	356	4,6	95	1004	2	0
02/01/2005	09	3					57	0,6	343	6,2	93	1005	29	0
02/01/2005	10	3					59	0,6	317	13	70	1004	167	0
02/01/2005	11	3					67	0,8	224	18,2	45	1005	264	0
02/01/2005	12	3					78	1,4	151	21,1	34	1003	342	0
02/01/2005	13	3					83	1,7	323	21,8	31	1002	262	0
02/01/2005	14	3					85	3,1	25	22,6	29	1001	344	0
02/01/2005	15	3					84	2,6	44	21,9	30	1001	255	0
02/01/2005	16	3					88	1,9	32	21,1	29	1001	61	0
02/01/2005	17	3					92	2,2	12	17,2	38	1001	2	0
02/01/2005	18	3					89	1,9	28	13,5	52	1002	0	0
02/01/2005	19	3					86	1,5	7	12,6	57	1002	0	0
02/01/2005	20	3					86	2,7	15	12,1	58	1002	0	0
02/01/2005	21	3					89	6,2	326	12,5	52	1002	0	0
02/01/2005	22	3					91	4,2	20	12	51	1003	0	0
02/01/2005	23	3					90	3,4	22	11,5	53	1003	0	0
03/01/2005	00	3					90	2,9	107	11	53	1004	0	0
03/01/2005	01	3					89	3,1	63	10,6	55	1004	0	0
03/01/2005	02	3					87	2,2	55	10,3	55	1004	0	0
03/01/2005	03	3					88	2,6	65	10,1	54	1005	0	0
03/01/2005	04	3					87	2,6	72	9,8	55	1005	0	0
03/01/2005	05	3					85	2,7	14	9,5	58	1005	0	0
03/01/2005	06	3					84	2,4	1	9,4	60	1005	0	0
03/01/2005	07	3					81	1,7	25	8,9	63	1006	0	0
03/01/2005	08	3					78	1,1	38	8,4	66	1007	5	0
03/01/2005	09	3					79	1,3	117	12,5	50	1007	118	0
03/01/2005	10	3					79	1,3	10	16,3	38	1008	244	0
03/01/2005	11	4					85	0,8	187	18,5	32	1007	329	0
03/01/2005	12	5					91	1	184	20,1	27	1006	389	0
03/01/2005	13	5					90	1,5	199	19,7	29	1006	264	0
03/01/2005	14	6					85	1,9	154	19,6	31	1005	339	0
03/01/2005	15	3					82	1,4	166	19,5	33	1005	252	0
03/01/2005	16	5					79	1,3	176	17,7	39	1005	63	0
03/01/2005	17	5					75	0,6	231	13,3	56	1006	3	0
03/01/2005	18	3					65	0,6	339	7,3	81	1007	0	0
03/01/2005	19	3		2	5	6	56	0,5	336	5,6	87	1007	0	0
03/01/2005	20	3		2	4	6	54	0,6	335	4,4	91	1008	0	0
03/01/2005	21	3		2	6	6	55	0,6	310	3,6	92	1009	0	0
03/01/2005	22	3		2	4	6	55	0,6	176	4	94	1009	0	0
03/01/2005	23	3		2	4	6	53	0,7	327	4	94	1009	0	0
04/01/2005	00	3		2	4	6	54	0,6	321	3,4	95	1009	0	0
04/01/2005	01	3		2	4	6	52	0,6	354	2,9	95	1009	0	0
04/01/2005	02	3		2	4	6	50	0,6	359	2,2	95	1009	0	0
04/01/2005	03	3		2	4	6	49	0,6	340	1,6	95	1009	0	0
04/01/2005	04	3		2	4	6	50	0,5	326	1,6	94	1009	0	0
04/01/2005	05	3		2	4	6	49	0,5	2	1,3	94	1009	0	0
04/01/2005	06	3		2	4	6	48	0,5	327	0,7	93	1009	0	0
04/01/2005	07	3		2	4	6	50	0,5	334	0,9	92	1009	0	0
04/01/2005	08	3		2	4	6	49	0,5	358	1,2	92	1010	4	0
04/01/2005	09	3		40	4	62	47	0,5	45	6,2	80	1010	108	0
04/01/2005	10	3		32	4	48	50	0,5	191	13,2	58	1010	219	0
04/01/2005	11	3		5	4	8	59	1,1	188	17,1	46	1009	321	0
04/01/2005	12	3		2	4	6	69	2	239	17,1	41	1008	390	0
04/01/2005	13	8		12	4	19	65	1,6	139	19	39	1006	265	0
04/01/2005	14	14		9	4	16	73	2,3	184	19,8	34	1005	343	0
04/01/2005	15	4		2	4	6	79	2,4	231	19,1	35	1005	252	0
04/01/2005	16	9		2	4	6	78	2,3	242	17,8	42	1005	66	0
04/01/2005	17	7		2	4	6	71	1,6	257	14,1	58	1005	5	0
04/01/2005	18	3		2	4	6	61	0,6	8	9,5	78	1006	0	0
04/01/2005	19	3		2	4	6	57	0,6	320	6,8	88	1006	0	0
04/01/2005	20	3		2	4	6	54	0,6	345	5,7	92	1007	0	0
04/01/2005	21	3		2	4	6	52	0,5	339	4,8	93	1008	0	0
04/01/2005	22	3		2	4	6	51	0,6	343	4,1	94	1008	0	0
04/01/2005	23	3		2	4	6	51	0,6	338	3,7	95	1009	0	0
05/01/2005	00	3		2	4	6	50	0,5	329	4	95	1009	0	0
05/01/2005	01	3		2	4	6	49	0,5	323	3,4	96	1008	0	0
05/01/2005	02	3		2	4	6	49	0,6	302	3,9	96	1008	0	0,1
05/01/2005	03	3		2	4	6	48	0,5	335	2,8	96	1009	0	0,1
05/01/2005	04	3		2	4	6	49	0,5	351	2,6	96	1009	0	0
05/01/2005	05	3		2	4	6	49	0,5	354	1,9	96	1009	0	0
05/01/2005	06	3		2	4	6	48	0,5	336	1,7	96	1009	0	0
05/01/2005	07	3		2	4	6	50	0,6	295	2,8	96	1009	0	0
05/01/2005	08	3		3	4	7	48	0,5	5	2	95	1009	4	0
05/01/2005	09	3		30	4	45	46	0,5	232	6,9	84	1009	103	0
05/01/2005	10	3		20	4	31	52	0,6	308	14,2	64	1009	222	0
05/01/2005	11	3		3	4	6	59	0,6	218	16,8	49	1009	327	0
05/01/2005	12	3		2	4	6	69	0,8	212	19,3	36	1008	395	0
05/01/2005	13	4		2	4	6	68	1	154	20	38	1007	253	0
05/01/2005	14	6		2	4	6	67	1,4	146	20,5	39	1005	368	0
05/01/2005	15	5		2	4	6	67	1,4	155	18,4	47	1005	198	0
05/01/2005	16	3		2	4	6	66	0,9	167	15,9	58	1005	94	0
05/01/2005	17	3		2	4	6	64	0,6	206	11,8	77	1005	17	0
05/01/2005	18	3		2	4	6	57	0,6	328	8,7	89	1006	0	0
05/01/2005	19	3		2	4	6	50	0,5	345	6,4	92	1007	0	0
05/01/2005	20	3		2	4	6	49	0,5	343	5	94	1007	0	0
05/01/2005	21	3		2	4	6	48	0,5	321	4	95	1008	0	0
05/01/2005	22	3		2	4	6	48	0,5	346	3,4	95	1008	0	0
05/01/2005	23	3		2	4	6	46	0,5	340	2,9	96	1009	0	0
06/01/2005	00	3		2	4	6	47	0,5	336	2,3	96	1009	0	0
06/01/2005	01	3		2	4	6	46	0,6	318	2,3	96	1009	0	0
06/01/2005	02	3		2	4	6	49	0,5	306	2,3	97	1009	0	0
06/01/2005	03	3		2	4	6	48	0,7	256	3,8	96	1009	0	0
06/01/2005	04	3		2	4	6	51	0,9	250	4,2	95	1009	0	0
06/01/2005	05	3		2	4	6	49	0,6	352	2,7	95	1009	0	0
06/01/2005	06	3		2	4	6	48	0,5	4	0,9	95	1009	0	0
06/01/2005	07	3		2	4	6	49	0,5	344	0,7	95	1010	0	0
06/01/2005	08	3		2	4	6	49	0,6	352	1,1	94	1010	4	0
06/01/2005	09	3		4	4	8	55	0,6	334	7,4	80	1010	98	0
06/01/2005	10	3		2	4	6	51	0,5	178	13,9	55	1011	220	0
06/01/2005	11	3		2	4	6	59	1,4	216	17,4	40	1010	321	0
06/01/2005	12	4		2	4	6	72	1,3	257	19	33	1009	394	0
06/01/2005	13	5		2	4	6	74	1	222	21,5	29	1008	270	0
06/01/2005	14	14		2	4	6	66	1,7	173	21,2	34	1007	349	0
06/01/2005	15	14		2	4	6	65	1,4	165	20,1	41	1007	257	0
06/01/2005	16	10		2	4	6	64	0,9	162	18,8	46	1007	78	0
06/01/2005	17	17		2	4	6	58	0,6	190	14,1	64	1007	8	0
06/01/2005	18	6		2	4	6	51	0,6	340	8,2	87	1008	0	0
06/01/2005	19	3		2	4	6	49	0,5	344	6,3	92	1008	0	0
06/01/2005	20	3		2	4	6	47	0,5	338	5,1	94	1009	0	0
06/01/2005	21	3		2	4	6	47	0,5	322	4,4	95	1009	0	0
06/01/2005	22	3		2	4	6	47	0,5	332	4,1	95	1010	0	0
06/01/2005	23	3		2	4	6	47	0,5	358	3,9	96	1010	0	0
07/01/2005	00	3		2	4	6	50	0,6	307	4,6	96	1010	0	0
07/01/2005	01	3		2	4	6	50	0,5	323	3,8	96	1009	0	0
07/01/2005	02	3		2	4	6	50	0,6	299	4,3	96	1009	0	0
07/01/2005	03	3		2	4	6	50	0,5	330	3,6	96	1009	0	0
07/01/2005	04	3		2	4	6	48	0,6	320	3,3	97	1009	0	0
07/01/2005	05	3		2	4	6	48	0,5	341	3,2	96	1009	0	0
07/01/2005	06	3		2	4	6	50	0,8	250	4,4	96	1008	0	0
07/01/2005	07	3		2	4	6	48	0,5	349	3,2	96	1008	0	0
07/01/2005	08	3		2	4	6	49	0,6	311	3,5	96	1009	4	0
