Red: Red de Unidades Móviles de Control de la Contaminación Atmosférica
Estación: 03099002-Orihuela (Mòbil)
	
FECHA	HORA	SO2	CO	NO	NO2	NOx	O3	Veloc.	Direc.	Temp.	H.Rel.	Pres.	R.Sol.	Precip.
		µg/m³	mg/m³	µg/m³	µg/m³	µg/m³	µg/m³	m/s	grados	°C	% H.R.	mb	W/m²	l/m²
02/03/2004	18	3		4	15	20	69	1,2	84	13,3	35	1018	69	0
02/03/2004	19	3		4	21	27	32	0,4	133	5,6	70	1018	0	0
02/03/2004	20	3		4	23	29	10	0,6	212	2,5	84	1020	0	0
02/03/2004	21	3		4	25	31	10	0,5	231	1,5	90	1021	0	0
02/03/2004	22	3		5	21	28	8	0,6	244	0,7	91	1021	0	0
02/03/2004	23	3		4	25	31	11	1,4	228	0,4	93	1022	0	0
03/03/2004	00	3		4	24	29	12	1,7	244	0,7	94	1022	0	0
03/03/2004	01	3		7	42	52	6	1,7	250	1,1	89	1023	0	0
03/03/2004	02	3		4	35	41	9	1,7	237	0,7	89	1022	0	0
03/03/2004	03	3		4	21	27	18	1,1	236	0,2	89	1022	0	0
03/03/2004	04	3		4	18	24	16	1,5	249	-,2	90	1022	0	0
03/03/2004	05	3		3	18	23	18	1,6	242	-,5	90	1022	0	0
03/03/2004	06	3		3	16	21	19	1,6	247	-,9	91	1023	0	0
03/03/2004	07	3		3	16	22	18	1,6	240	-1	91	1023	0	0
03/03/2004	08	3		6	25	34	17	1,2	251	3,4	72	1023	71	0
03/03/2004	09	3		8	23	36	33	2,6	263	7,7	51	1023	285	0
03/03/2004	10	3		7	23	34	49	3,2	263	10,6	39	1021	498	0
03/03/2004	11	3		8	28	40	57	3,1	267	14,2	31	1018	670	0
03/03/2004	12	3		7	20	30	80	2,3	261	18,2	23	1016	788	0
03/03/2004	13	3		4	12	19	104	1,6	248	22,3	15	1014	830	0
03/03/2004	14	3		4	8	15		2,6	245	23,1	13		810	0
03/03/2004	15	3		4	7	13	128	2,3	248	24,3	12	1012	709	0
03/03/2004	16	3		4	7	13	128	1,6	239	25,4	11	1011	553	0
03/03/2004	17	3		4	7	13	117	2,8	226	23	15	1011	324	0
03/03/2004	18	3		4	9	14	103	4,2	214	17	27	1011	88	0
03/03/2004	19	3		4	10	15	86	1,1	212	11,1	41	1013	0	0
03/03/2004	20	3		5	15	23	52	0,9	195	7,6	59	1015	0	0
03/03/2004	21	3		3	16	21	45	1,4	216	5,6	72	1016	0	0
03/03/2004	22	3		4	19	24	46	1,3	228	5,6	72	1018	0	0
03/03/2004	23	3		4	24	29	41	1,9	250	6,4	72	1018	0	0
04/03/2004	00	3		4	27	33	31	2,3	261	5,9	75	1018	0	0
04/03/2004	01	3		3	27	32	32	2,1	244	5,6	73	1018	0	0
04/03/2004	02	3		4	21	26	35	1,8	247	5,7	71	1018	0	0
04/03/2004	03	3		3	21	26	35	3,1	251	6,4	65	1018	0	0
04/03/2004	04	3		3	18	23	37	2,1	280	5,9	66	1017	0	0
04/03/2004	05	3		4	11	17	43	1,7	238	4,9	67	1017	0	0
04/03/2004	06	3		3	10	15	55	3,4	278	6,7	56	1017	0	0
04/03/2004	07	3		4	12	18	55	2,7	285	6,9	55	1017	0	0
04/03/2004	08	3		4	24	30	48	3,1	286	11	43	1017	89	0
04/03/2004	09	3		6	27	37	51	2,6	284	15,3	33	1016	264	0
04/03/2004	10	3		7	25	35	67	3,6	277	18,3	27	1013	479	0
04/03/2004	11	3		4	11	17	98	5,3	294	21,7	19	1011	670	0
04/03/2004	12	3		4	8	14	111	4,1	293	24,9	15	1009	785	0
04/03/2004	13	3		4	7	12	118	3	262	26,8	14	1008	815	0
04/03/2004	14	3		4	7	14	121	2,2	294	30,6	12	1007	809	0
04/03/2004	15	3		4	7	13	121	2,4	290	30,8	12	1006	624	0
04/03/2004	16			6	7	17	124	1,7	257	32	11	1006	543	0
04/03/2004	17	3		4	7	13	119	1,2	262	32,3	11	1006	345	0
04/03/2004	18	3	0,4	4	9	16	96	1,5	215	26,8	18	1006	110	0
04/03/2004	19	3	0,4	4	16	22	79	2,3	234	18,8	33	1007	0	0
04/03/2004	20	3	0,4	3	24	29	70	2,6	260	17,6	39	1008	0	0
04/03/2004	21	3	0,4	3	25	30	52	1,4	220	15,4	52	1008	0	0
04/03/2004	22	3	0,5	4	21	27	50	2,3	250	14,7	56	1009	0	0
04/03/2004	23	3	0,4	3	18	23	50	3,3	303	16	52	1009	0	0
05/03/2004	00	3	0,4	3	11	16	62	2,6	311	17	47	1009	0	0
05/03/2004	01	3	0,4	4	12	18	54	2,9	260	16,2	51	1008	0	0
05/03/2004	02	3	0,4	3	10	15	57	1,4	277	15,6	50	1008	0	0
05/03/2004	03	3	0,4	4	8	14	64	2,9	271	16	49	1008	0	0
05/03/2004	04	3	0,4	4	9	14	60	3,8	283	16,1	48	1007	0	0
05/03/2004	05	3	0,4	3	10	15	56	2,9	277	14,8	53	1006	0	0
05/03/2004	06	3	0,3	4	8	13	48	1	250	12,4	64	1007	0	0
05/03/2004	07	3	0,4	4	12	18	44	2,6	285	12,5	63	1008	1	0
05/03/2004	08	4	0,4	4	18	25	42	3,3	281	16,8	49	1008	99	0
05/03/2004	09	7	0,5	5	22	30	48	3,4	280	20,8	38	1007	284	0
05/03/2004	10	8	0,5	6	25	33	56	3,3	277	22,8	33	1006	458	0
05/03/2004	11	7	0,5	6	25	34	63	2,8	264	25,1	29	1005	585	0
05/03/2004	12	4	0,5	4	19	26	75	1,5	244	28,6	24	1004	645	0
05/03/2004	13	3	0,4	4	11	17	88	1,1	215	32,2	18	1002	747	0
05/03/2004	14	4	0,4	4	9	15	94	2,6	184	29,5	23	1001	607	0
05/03/2004	15	3	0,4	4	8	14	95	2,6	172	28	25	1001	438	0
05/03/2004	16	3	0,4	4	9	14	95	2,6	182	27,5	28	1001	415	0
05/03/2004	17	6	0,4	4	11	17	82	1,7	201	26,8	32	1001	235	0
05/03/2004	18	5	0,5	4	20	27	56	1	157	22,5	47	1001	26	0
05/03/2004	19	3	0,5	4	38	45	28	1,2	30	18,2	71	1002	0	0
05/03/2004	20	3	0,6	5	37	44	26	0,8	32	16,1	81	1002	0	0
05/03/2004	21	3	0,6	4	30	36	13	0,6	174	13,8	89	1003	0	0
05/03/2004	22	3	0,7	4	25	31	12	0,8	207	12,6	93	1003	0	0
05/03/2004	23	3	0,7	5	39	46	6	2	248	11,8	90	1003	0	0
06/03/2004	00	3	0,6	5	36	44	32	3,3	284	13,5	63	1004	0	0
06/03/2004	01	3	0,4	4	8	14	92	4,9	307	15,7	35	1004	0	0
06/03/2004	02	3	0,4	4	6	12	88	3,6	306	16,5	44	1004	0	0
06/03/2004	03	3	0,4	4	7	13	86	4,9	289	15,8	49	1003	0	0
06/03/2004	04	3	0,4	4	7	13	84	5,1	274	16	48	1003	0	0
06/03/2004	05	3	0,4	4	7	13	75	3,3	262	14,7	54	1003	0	0
06/03/2004	06	3	0,4	3	6	12	68	2	283	13,8	59	1004	0	0
06/03/2004	07	3	0,4	3	8	13	59	2,6	282	13,5	61	1005	1	0
06/03/2004	08	3	0,4	4	9	15	58	2,3	285	16,2	54	1005	94	0
06/03/2004	09	5	0,4	5	12	18	63	2,2	281	20,7	42	1004	282	0
06/03/2004	10	4	0,4	4	8	14	74	2,7	276	23,1	37	1003	481	0
06/03/2004	11	3	0,4	4	7	13	81	4,4	252	25,4	32	1002	652	0
06/03/2004	12	3	0,4	4	6	12	88	7,5	295	26,5	28	1001	787	0
06/03/2004	13	3	0,4	4	6	12	87	8,6	308	27,5	26	1001	827	0
06/03/2004	14	3	0,4	4	5	11	89	7,8	308	28,8	22	1001	821	0
06/03/2004	15	3	0,4	4	6	11	88	6,8	311	29,8	21	1001	756	0
06/03/2004	16		0,4	4	6	11	84	7,8	298	24,8	30	1001	253	0
06/03/2004	17		0,4	4	6	12	81	5,6	301	23,2	33	1002	180	0
06/03/2004	18	3	0,4	4	6	12	75	2,9	306	21,9	37	1002	37	0
06/03/2004	19	3	0,4	4	9	14	67	2,1	297	19,5	44	1002	0	0
06/03/2004	20	3	0,4	4	10	15	55	0,6	299	17,4	52	1003	0	0
06/03/2004	21	3	0,4	4	11	16	36	0,8	225	14,5	66	1004	0	0
06/03/2004	22	3	0,4	4	10	15	52	0,8	324	16,1	59	1005	0	0
06/03/2004	23	3	0,4	3	8	13	56	1,2	210	16,7	57	1005	0	0
07/03/2004	00	3	0,3	4	7	13	53	0,7	262	15,6	61	1006	0	0
07/03/2004	01	3	0,3	4	7	13	57	2,1	306	15,2	62	1007	0	0
07/03/2004	02	3	0,3	4	7	12	53	1,4	312	14,9	62	1007	0	0
07/03/2004	03	3	0,3	4	6	12	58	1,7	107	13,4	74	1008	0	0
07/03/2004	04	3	0,3	4	7	12	73	1	54	12,7	74	1008	0	0
07/03/2004	05	3	0,4	4	6	12	45	0,2	359	10,5	82	1009	0	0
07/03/2004	06	3	0,3	4	6	12	26	0,3	199	8,3	90	1011	0	0
07/03/2004	07	3	0,3	3	6	11	21	0,4	224	7,4	92	1012	0	0
07/03/2004	08	3	0,4	4	9	15	24	0,3	254	13,1	82	1013	85	0
07/03/2004	09	3	0,4	4	8	14	59	0,3	188	20,9	49	1012	302	0
07/03/2004	10	3	0,4	4	6	12	85	0,6	162	20,6	44	1010	519	0
07/03/2004	11	3	0,4	4	6	11	90	0,7	207	23,5	35	1009	694	0
07/03/2004	12	3	0,4	3	6	11	97	1,1	199	25	30	1008	801	0
07/03/2004	13	3	0,4	4	6	12	101	3,4	147	21,7	35	1007	835	0
07/03/2004	14	3	0,4	4	6	11	100	4	151	22	37	1007	809	0
07/03/2004	15	3	0,4	4	6	11	98	3,8	151	22,5	41	1007	711	0
07/03/2004	16	3	0,4	4	7	11	95	3,3	160	23	42	1007	540	0
07/03/2004	17	3	0,4	4	6	11	92	3,3	129	21,9	48	1007	303	0
07/03/2004	18	3	0,4	4	7	13	85	2,6	74	17,9	65	1007	67	0
07/03/2004	19	3	0,5	4	13	19	63	1,8	35	13,8	84	1008	0	0
07/03/2004	20	3	0,5	4	16	22	58	1,1	30	12,4	89	1010	0	0
07/03/2004	21	3	0,5	4	16	21	52	0,8	43	11,4	88	1011	0	0
07/03/2004	22	3	0,5	4	15	21	23	0,3	68	9,3	92	1011	0	0
07/03/2004	23	3	0,4	4	11	16	18	0,5	180	8,4	93	1011	0	0
08/03/2004	00	3	0,4	3	10	15	19	0,5	219	8	94	1011	0	0
08/03/2004	01	3	0,4	3	7	12	24	1	221	7,5	95	1011	0	0
08/03/2004	02	3	0,4	3	6	11	28	0,8	227	7,7	95	1011	0	0
08/03/2004	03	3	0,4	3	6	11	23	0,7	234	7,4	96	1011	0	0
08/03/2004	04	3	0,5	4	10	16	16	0,9	242	7,3	96	1011	0	0,2
08/03/2004	05	3	0,5	4	11	17	19	1,3	240	7,7	97	1011	0	0
08/03/2004	06	3	0,4	3	9	14	18	1,5	246	7,5	97	1011	0	0
08/03/2004	07	3	0,4	3	11	16	17	1,2	253	7,4	97	1011	0	0
08/03/2004	08	3	0,5	4	16	22	21	1,8	260	10,9	91	1010	93	0
08/03/2004	09	3	0,5	8	20	31	29	2,3	273	15,6	68	1009	301	0
08/03/2004	10	3	0,5	9	27	40	37	3,4	277	18,7	53	1006	518	0
08/03/2004	11	3	0,5	6	20	28	61	3,2	264	22	40	1004	702	0
08/03/2004	12	3	0,5	4	12	18	85	1,9	253	26,2	29	1002	814	0
08/03/2004	13	3	0,5	4	8	13	99	1,4	324	30,6	21	1001	852	0
08/03/2004	14	3	0,5	4	8	14	111	0,6	13	33,5	17	1000	806	0
08/03/2004	15	3	0,5	4	7	13	116	1,8	143	31,4	20	999	711	0
08/03/2004	16	3	0,5	4	7	13	109	4,7	170	25,1	36	1000	384	0
08/03/2004	17		0,4	4	7	12	101	3,6	187	22,5	41	1001	201	0
08/03/2004	18	3	0,4	4	13	18	77	4,3	48	19,9	60	1003	89	0
08/03/2004	19	3	0,4	4	16	22	67	2,9	54	14,7	85	1005	0	0
08/03/2004	20	3	0,4	4	14	19	71	3	47	14	86	1006	0	0
08/03/2004	21	3	0,4	4	9	15	78	2,7	48	13,4	87	1008	0	0
08/03/2004	22	3	0,4	4	8	14	72	2	46	12,7	88	1009	0	0
08/03/2004	23	3	0,4	3	6	11	75	1,7	41	12,6	88	1010	0	0
09/03/2004	00	3	0,3	3	6	11	74	1,4	44	12,4	87	1010	0	0
09/03/2004	01	3	0,3	4	7	14	61	0,6	36	10,8	91	1011	0	0
09/03/2004	02	3	0,3	4	7	12	41	0,2	8	9,5	91	1011	0	0
09/03/2004	03	3	0,3	3	6	11	25	0,2	177	7,7	93	1011	0	0
09/03/2004	04	3	0,3	4	6	12	17	0,3	175	6,8	94	1011	0	0
09/03/2004	05	3	0,3	3	6	11	11	0,3	190	6,4	94	1011	0	0
09/03/2004	06	3	0,3	3	6	11	13	0,5	220	6	95	1012	0	0
09/03/2004	07	3	0,3	4	9	15	15	0,5	238	6,6	95	1012	0	0
09/03/2004	08	3	0,4	4	16	23	20	0,7	262	9,7	95	1013	67	0
09/03/2004	09	3	0,4	5	18	26	41	1,2	259	14,8	74	1012	262	0
09/03/2004	10	3	0,4	5	14	21	72	0,6	316	20,6	52	1010	484	0
09/03/2004	11	3	0,4	4	11	17	89	0,4	12	21,9	44	1007	426	0
09/03/2004	12	3	0,4	4	6	13	105	0,7	208	23,2	38	1006	693	0
09/03/2004	13	3	0,4	3	6	11	116	0,9	224	26,3	29	1005	865	0
09/03/2004	14	3	0,4	3	5	11	118	0,7	217	27,8	27	1004	734	0
09/03/2004	15	3	0,4	4	7	12	110	2,5	136	25	35	1003	718	0
09/03/2004	16	3	0,3	3	6	11	104	3,1	142	20,7	49	1003	457	0
09/03/2004	17	3	0,3	3	7	11	102	2,4	148	18,6	56	1004	212	0
09/03/2004	18	3	0,4	3	7	12	94	1,7	146	15,3	69	1004	27	0
09/03/2004	19	3	0,3	3	7	12	79	0,8	139	13,1	81	1006	0	0
09/03/2004	20	3	0,4	5	19	26	49	0,4	131	11,6	88	1007	0	0
09/03/2004	21	3	0,4	4	26	32	20	0,4	112	10,3	90	1007	0	0
09/03/2004	22	3	0,5	11	28	44	9	0,4	77	9,4	93	1008	0	0
09/03/2004	23	3	0,5	5	12	20	12	0,3	217	8,4	94	1009	0	0
10/03/2004	00	3	0,4	4	11	16	11	0,5	229	7,5	94	1009	0	0
10/03/2004	01	3	0,4	4	13	19	8	0,4	236	7,2	94	1009	0	0
10/03/2004	02	3	0,4	4	8	14	12	0,4	215	7,2	95	1009	0	0
10/03/2004	03	3	0,4	3	10	15	13	0,6	233	7,3	96	1008	0	0
10/03/2004	04	3	0,4	3	12	17	13	0,7	235	7,5	96	1008	0	0
10/03/2004	05	3	0,4	3	17	21	12	1	236	8,1	96	1007	0	0
10/03/2004	06	3	0,4	3	12	16	15	1,1	258	8,4	97	1007	0	0
10/03/2004	07	3	0,4	3	13	17	16	1,2	261	8,9	97	1007	0	0
10/03/2004	08	3	0,4	4	19	25	16	1,1	275	10,7	97	1006	44	0
10/03/2004	09	3	0,5	7	23	33	24	1,3	257	13,6	84	1006	122	0
10/03/2004	10	3	0,5	6	22	30	44	2,5	260	17,6	64	1004	369	0
10/03/2004	11	4	0,4	4	15	22	61	2,3	272	22,8	42	1001	694	0
10/03/2004	12	3	0,4	4	12	18	79	1,6	259	25,4	31	999	625	0
10/03/2004	13	3	0,4	3	8	13	86	2,1	253	25,2	30	998	372	0
10/03/2004	14	3	0,4	3	7	12	82	2,6	250	22,9	36	997	204	0
10/03/2004	15	3	0,4	4	6	11	84	3,1	287	24,1	32	997	312	0
10/03/2004	16	3	0,4	4	6	11	92	4,9	291	28	24	997	484	0
10/03/2004	17		0,4	4	7	13	92	5,3	302	26,5	24	997	280	0
10/03/2004	18	3	0,5	3	6	11	90	4,1	293	23,9	29	997	90	0
10/03/2004	19	3	0,3	3	8	13	77	2,5	287	18,6	42	998	0	0
10/03/2004	20	3	0,4	3	16	21	60	2,6	307	16,4	49	999	0	0
10/03/2004	21	3	0,3	3	14	19	65	1,9	317	16,6	49	1000	0	0
10/03/2004	22	3	0,3	3	10	14	67	1,5	303	16,2	53	1001	0	0
10/03/2004	23	3	0,3	3	8	13	58	1,6	288	15	60	1001	0	0
11/03/2004	00	3	0,3	3	9	14	49	1,3	236	12,5	71	1002	0	0
11/03/2004	01	3	0,4	3	12	17	32	1	241	11,1	78	1004	0	0
11/03/2004	02	3	0,5	3	25	29	12	1,2	239	10	82	1004	0	0
11/03/2004	03	3	0,5	4	19	25	23	2,3	258	10,9	78	1004	0	0
11/03/2004	04	3	0,4	3	15	19	32	2,3	277	11,3	74	1004	0	0
11/03/2004	05	3	0,4	3	15	20	20	1,2	289	9,9	82	1004	0	0
11/03/2004	06	3	0,4	3	14	19	17	0,6	6	8,5	86	1005	0	0
11/03/2004	07	3	0,4	3	11	17	14	1,2	230	8,4	89	1006	1	0
11/03/2004	08	3	0,4	7	19	29	24	1,3	242	13,8	68	1006	102	0
11/03/2004	09	4	0,5	5	17	25	43	0,9	259	19,1	50	1005	321	0
11/03/2004	10	5	0,5	4	12	17	73	1,3	264	23	37	1002	554	0
11/03/2004	11	3	0,4	4	9	15	85	1,8	307	26,2	28	1000	728	0
11/03/2004	12	3	0,4	4	6	12	100	2,5	288	26,8	25	999	796	0
11/03/2004	13	3	0,4	4	6	11	108	2,9	259	27,9	22	999	820	0
11/03/2004	14	3	0,4	3	6	11	110	2,6	210	28,9	23	997	814	0
11/03/2004	15	4	0,4	3	7	11	105	5,6	156	24,8	33	997	678	0
11/03/2004	16	3	0,4	4	6	11	101	5,6	175	25	34	997	550	0
11/03/2004	17	4	0,4	3	6	11	95	5,3	190	23,8	38	997	333	0
11/03/2004	18	3	0,4	3	6	11	87	3,1	195	21,7	46	998	94	0
11/03/2004	19	3	0,4	3	8	13	73	0,9	233	16,9	61	999	0	0
11/03/2004	20	3	0,5	5	19	27	43	0,8	135	14,7	74	1000	0	0
11/03/2004	21	3	0,5	3	23	28	37	1,1	37	14	90	1001	0	0
11/03/2004	22	3	0,5	13	22	42	23	0,4	41	12,5	94	1001	0	0
11/03/2004	23	3	0,5	3	17	22	17	0,3	39	12,2	95	1001	0	0
12/03/2004	00	3	0,4	3	16	21	15	0,4	129	11,5	95	1002	0	0
12/03/2004	01	3	0,4	3	8	13	39	0,4	55	13,1	96	1001	0	0
12/03/2004	02	3	0,3	3	6	11	46	0,5	25	13,4	97	1001	0	0
12/03/2004	03	3	0,4	3	6	11	47	0,2	35	13,5	97	1000	0	0
12/03/2004	04	3	0,4	3	7	11	49	0,4	42	13,5	97	998	0	0
12/03/2004	05	3	0,4	3	7	11	46	0,4	55	13,4	96	998	0	0
12/03/2004	06	3	0,4	3	7	11	42	0,2	29	13,5	96	998	0	0
12/03/2004	07	3	0,4	5	18	25	20	0,5	24	13,4	96	998	0	0
12/03/2004	08	3	0,5	11	27	44	9	0,3	184	14,1	95	997	14	0
12/03/2004	09	3	0,4	4	13	19	31	0,4	284	14,9	92	998	35	0
12/03/2004	10	3	0,4	3	11	16	44	0,4	247	16,8	80	998	153	0
12/03/2004	11	4	0,4	5	13	20	47	0,5	320	20,9	62	997	523	0
12/03/2004	12	6	0,5	4	10	16	69	0,4	188	25,3	43	995	795	0
12/03/2004	13	6	0,4	3	8	12	104	0,5	128	29,6	29	993	860	0
12/03/2004	14	5	0,5	4	9	14	86	2,6	132	26,6	41	992	815	0
12/03/2004	15	5	0,5	3	8	14	80	2,1	129	26,2	43	991	713	0
12/03/2004	16	6	0,4	4	7	13	85	1,9	100	27,9	38	991	549	0
12/03/2004	17		0,4	4	11	17	69	2,4	99	25,6	46	991	349	0
12/03/2004	18	6	0,4	3	18	22	52	2,6	68	21,8	60	992	120	0
12/03/2004	19	3	0,4	4	17	22	48	3,3	50	16,1	86	993	0	0
12/03/2004	20	3	0,4	3	17	21	47	2,1	51	14,6	92	994	0	0
12/03/2004	21	3	0,4	3	14	18	49	1,5	54	14,7	91	994	0	0
12/03/2004	22	3	0,4	5	15	23	46	0,9	39	14	91	995	0	0
12/03/2004	23	3	0,5	4	11	16	48	0,7	20	14,5	89	995	0	0
13/03/2004	00	3	0,4	3	14	19	39	0,3	47	14,1	88	995	0	0
13/03/2004	01	3	0,5	3	14	19	30	0,3	359	13,5	91	995	0	0
13/03/2004	02	3	0,6	3	15	19	25	1	303	13,2	91	996	0	0
13/03/2004	03	3	0,4	3	14	18	36	1,8	286	13,9	88	996	0	0
13/03/2004	04	3	0,3	3	5	10	67	2,3	265	14,7	66	996	0	0
13/03/2004	05	3	0,3	3	5	10	84	3,7	283	15,1	58	997	0	0
13/03/2004	06	3	0,3	3	5	9	86	2,1	283	15,6	56	997	0	0
13/03/2004	07	3	0,3	3	5	10	75	1,1	292	14,9	61	998	0	0
13/03/2004	08	3	0,3	3	9	14	57	1,5	235	14,1	70	999	9	0,2
13/03/2004	09	3	0,4	3	11	15	43	0,5	234	13,7	85	1000	23	0,2
13/03/2004	10	3	0,4	3	11	16	46	0,5	201	13,4	89	1001	39	1,1
13/03/2004	11	3	0,3	3	8	13	54	0,6	166	13,1	90	1003	18	1,9
13/03/2004	12	3	0,4	3	10	14	60	1,1	147	13,4	91	1003	72	0,3
13/03/2004	13	3	0,3	3	7	11	70	1	158	14,3	86	1003	120	0
13/03/2004	14	3	0,3	3	7	11	74	1,6	111	14,6	84	1002	117	0
13/03/2004	15	3	0,4	3	8	12	67	1,1	181	14,8	85	1002	92	0
13/03/2004	16	3	0,4	3	7	12	67	0,7	53	16,6	76	1002	138	0
13/03/2004	17	3	0,4	3	8	12	62	0,6	105	16,6	76	1002	104	0
13/03/2004	18	3	0,3	3	8	12	55	0,4	110	14,8	85	1003	9	0
13/03/2004	19	3	0,4	3	12	16	33	0,4	76	13,2	91	1003	0	0
13/03/2004	20	3	0,5	4	20	27	18	0,4	13	12,3	94	1004	0	0
13/03/2004	21	3	0,5	4	19	24	13	0,4	33	12,4	95	1006	0	0
13/03/2004	22	3	0,5	4	14	20	10	0,3	354	12,1	95	1007	0	0
13/03/2004	23	3	0,5	5	14	21	12	0,3	197	12	96	1008	0	0,3
14/03/2004	00	3	0,6	4	19	26	7	0,4	335	12,2	96	1008	0	0,3
14/03/2004	01	3	0,5	3	9	13	11	0,4	206	11,9	96	1008	0	0,2
14/03/2004	02	3	0,5	3	11	15	11	0,3	218	12	96	1008	0	1
14/03/2004	03	3	0,5	3	10	15	9	0,4	224	12,1	97	1008	0	1,4
14/03/2004	04	3	0,5	3	13	18	8	0,4	311	12	97	1008	0	0
14/03/2004	05	3	0,5	3	12	16	8	0,3	314	11,8	96	1009	0	0,2
14/03/2004	06	3	0,5	3	13	18	6	0,4	44	11,6	97	1009	0	0
14/03/2004	07	3	0,5	4	13	18	7	0,5	339	11,7	97	1009	0	0
14/03/2004	08	3	0,5	3	13	17	9	0,6	237	12	97	1010	0	0
14/03/2004	09	3	0,5	4	12	18	14	0,5	253	12,8	97	1011	40	0
14/03/2004	10	3	0,5	4	11	18	20	1,2	285	14,5	95	1011	128	0
14/03/2004	11	3	0,5	5	9	16	41	1,3	300	18,5	79	1011	336	0
14/03/2004	12	3	0,4	3	7	12	59	0,8	321	21,9	58	1009	492	0
14/03/2004	13	3	0,4	3	6	11	73	1,5	67	20,4	56	1008	315	0
14/03/2004	14	3	0,4	3	6	10	85	1,2	112	22,2	49	1007	498	0
14/03/2004	15	3	0,4	3	5	10	83	0,7	60	20,1	57	1006	206	0
14/03/2004	16	3	0,4	3	5	10	81	2,1	112	17,7	69	1007	136	0
14/03/2004	17	3	0,4	3	6	11	81	1,8	100	16,9	72	1007	105	0
14/03/2004	18		0,4	3	6	11	75	0,7	125	15,7	77	1007	20	0
14/03/2004	19	3	0,4	3	6	10	49	0,4	223	13,5	87	1008	0	0
14/03/2004	20	3	0,5	3	10	15	39	0,4	178	12,3	92	1010	0	0
14/03/2004	21	3	0,6	3	16	20	38	0,6	6	12,3	91	1010	0	0
14/03/2004	22	3	0,5	3	17	22	40	0,9	12	12,6	85	1009	0	0
14/03/2004	23	3	0,4	3	11	15	39	0,8	28	12,1	80	1009	0	0
15/03/2004	00	3	0,4	3	7	11	40	0,7	224	10,9	85	1010	0	0
15/03/2004	01	3	0,3	3	5	10	35	0,8	212	10,2	89	1010	0	0
15/03/2004	02	3	0,3	3	5	10	46	1	198	10,6	84	1011	0	0
15/03/2004	03	3	0,3	3	6	10	30	0,3	295	9,8	88	1011	0	0
15/03/2004	04	3	0,3	3	5	9	33	0,8	188	9,7	90	1011	0	0
15/03/2004	05	3	0,3	3	5	9	23	0,3	169	9,6	90	1011	0	0
15/03/2004	06	3	0,3	3	6	10	18	0,5	235	9,4	92	1011	0	0
15/03/2004	07	3	0,4	4	11	17	14	0,7	300	10	93	1011	0	0
15/03/2004	08	3	0,5	11	14	32	13	0,5	211	11,6	91	1012	45	0
15/03/2004	09	3	0,5	11	20	38	19	0,6	214	15,3	79	1011	187	0
15/03/2004	10	3	0,5	4	17	23	55	0,3	327	21,5	58	1010	305	0
15/03/2004	13	3	0,4	3	8	13	84	5,4	81	19,4	56	1009	564	0
15/03/2004	14	3	0,4	3	6	11	88	5,2	80	19,3	57	1008	474	0
15/03/2004	15	3	0,4	3	6	11	89	5,1	100	19,9	55	1008	573	0
15/03/2004	16	3	0,4	3	6	10	89	5,1	103	18,1	61	1008	270	0
15/03/2004	17	3	0,4	3	6	11	89	5,2	97	16	68	1008	126	0
15/03/2004	18	3	0,4	3	7	12	87	5,7	93	15,4	67	1009	37	0
15/03/2004	19	3	0,4	3	11	15	78	3,6	80	14,5	72	1009	0	0
15/03/2004	20	3	0,5	3	16	21	63	1,5	44	13,8	73	1010	0	0
15/03/2004	21	3	0,4	3	8	12	83	2,9	60	13,9	70	1010	0	0
15/03/2004	22	3	0,6	3	16	20	59	0,8	30	13,1	74	1011	0	0
15/03/2004	23	3	0,5	4	12	17	39	0,4	217	11,3	84	1012	0	0
16/03/2004	00	3	0,4	3	9	13	41	0,4	195	11,5	86	1012	0	0
16/03/2004	01	3	0,5	3	10	14	39	0,3	214	11,5	84	1012	0	0
16/03/2004	02	3	0,4	3	9	13	27	0,4	180	10,3	90	1012	0	0
16/03/2004	03	3	0,4	3	7	11	22	0,4	335	10,3	92	1012	0	0
16/03/2004	04	3	0,4	3	7	11	19	0,2	210	10,5	92	1012	0	0
16/03/2004	05	3	0,4	4	8	13	23	0,6	328	10,9	92	1011	0	0
16/03/2004	06	3	0,4	3	8	12	25	0,5	188	10,9	93	1012	0	0
16/03/2004	07	3	0,4	3	9	13	14	0,5	202	10,6	92	1012	0	0
16/03/2004	08	3	0,5	16	22	47	12	0,2	170	12,6	92	1012	36	0
16/03/2004	09	3	0,5	10	20	34	26	0,5	312	15,8	79	1012	177	0
16/03/2004	10	3	0,6	4	18	24	44	0,6	295	15,6	72	1011	105	0
16/03/2004	11	3	0,5	4	20	26	38	0,3	247	15,8	72	1011	82	0
16/03/2004	12	3	0,6	4	24	30	33	0,2	299	15,5	74	1011	68	0
16/03/2004	13	3	0,5	4	19	24	54	0,4	35	16,9	69	1010	121	0
16/03/2004	14	3	0,4	3	10	14	84	2,4	58	17,8	65	1010	176	0
16/03/2004	15	3	0,4	3	8	12	86	3,4	81	17,4	68	1010	208	0
16/03/2004	16	3	0,4	3	5	10	86	4,5	83	16,2	73	1010	134	0
16/03/2004	17	3	0,4	3	6	11	82	3,7	77	15,5	77	1010	63	0
16/03/2004	18		0,4	3	7	11	79	2,3	84	14,2	81	1010	12	0
16/03/2004	19	3	0,4	3	14	18	67	1,1	100	13,6	84	1010	0	0
16/03/2004	20	3	0,4	3	10	15	63	0,4	125	13,6	85	1012	0	0
16/03/2004	21	3	0,4	3	7	11	63	0,4	167	13,5	86	1012	0	0
16/03/2004	22	3	0,5	3	6	10	68	0,2	183	13,3	87	1013	0	0
16/03/2004	23	3	0,5	3	6	11	37	0,2	282	11,9	89	1012	0	0
17/03/2004	00	3	0,5	3	6	11	25	0,4	202	10,4	94	1013	0	0
17/03/2004	01	3	0,4	3	5	10	25	0,6	240	10,4	95	1014	0	0
17/03/2004	02	3	0,4	3	5	9	26	0,4	308	10,9	96	1013	0	0
17/03/2004	03	3	0,4	3	6	10	19	0,3	309	10,7	96	1013	0	0
17/03/2004	04	3	0,4	3	7	11	22	0,4	219	11,2	96	1014	0	0
17/03/2004	05	3	0,5	3	6	10	19	0,4	330	11,5	96	1013	0	0
17/03/2004	06	3	0,5	3	9	13	10	0,3	357	10,8	96	1013	0	0
17/03/2004	07	3	0,5	4	10	15	8	0,4	245	10,6	97	1014	0	0
17/03/2004	08	3	0,6	18	14	41	7	0,3	310	12,3	97	1014	28	0
17/03/2004	09	3	0,5	7	17	28	20	0,3	286	15,2	93	1014	164	0
17/03/2004	10	3	0,7	4	12	19	41	0,5	260	17,7	72	1014	247	0
17/03/2004	11	3	0,5	4	13	18	56	0,3	14	20,7	58	1013	358	0
17/03/2004	12	3	0,5	3	12	17	68	0,9	75	22,8	45	1012	620	0
17/03/2004	13	3	0,5	3	10	14	75	1,7	102	19	57	1012	246	0
17/03/2004	14	3	0,5	4	7	12	91	2,2	85	18,6	58	1011	273	0
17/03/2004	15	3	0,5	3	5	10	93	2,2	95	19,9	54	1011	419	0
17/03/2004	17	3	0,5	3	5	10	86	3,2	96	16,5	67	1011	101	0
17/03/2004	18	3	0,5	3	8	13	77	1,8	85	15,3	76	1012	17	0
17/03/2004	19	3	0,5	4	10	15	68	1,4	94	14,1	84	1012	0	0
17/03/2004	20	3	0,5	3	8	12	76	1,7	92	13,7	86	1013	0	0
17/03/2004	21	3	0,5	2	8	12	76	1,1	84	13,6	85	1013	0	0
17/03/2004	22	3	0,5	3	5	9	80	0,6	104	13,5	85	1014	0	0
17/03/2004	23	3	0,5	3	4	9	76	0,4	101	13,3	88	1014	0	0
18/03/2004	00	3	0,5	3	5	9	76	0,2	54	13,1	89	1013	0	0
18/03/2004	01	3	0,5	3	5	10	65	0,1	9	13,1	89	1013	0	0
18/03/2004	02	3	0,5	3	5	11	60	0,1	30	13	89	1013	0	0
18/03/2004	03	3	0,5	11	16	32	40	0,2	358	12,8	91	1012	0	0
18/03/2004	04	3	0,4	3	7	11	41	0,2	30	12,7	93	1012	0	0
18/03/2004	05	3	0,5	3	7	11	30	0,2	132	12,4	93	1012	0	0
18/03/2004	06	3	0,5	3	7	11	30	0,2	20	12,4	94	1012	0	0
18/03/2004	07	3	0,5	3	9	13	21	0,2	343	12,3	94	1013	1	0
18/03/2004	08	3	0,5	3	9	14	30	0,2	230	13,7	93	1013	38	0
18/03/2004	09	3	0,5	3	12	16	58	0,1	359	15,3	88	1013	41	0
18/03/2004	10	3	0,6	3	9	14	73	0,3	113	16,6	71	1013	143	0
18/03/2004	11	3	0,5	3	8	12	79	0,6	121	17,4	64	1013	192	0
18/03/2004	12	3	0,5	3	6	10	86	0,7	104	16,4	65	1012	113	0
18/03/2004	13	3	0,5	3	6	11	86	0,6	149	18,2	59	1012	222	0
18/03/2004	14	3	0,5	3	6	11	88	0,5	123	19,6	54	1011	340	0
18/03/2004	15	3	0,6	3	6	10	89	1,1	74	21,2	49	1010	340	0
18/03/2004	16	3	0,5	3	6	10	89	1,9	133	17,4	63	1010	219	0
18/03/2004	17	3	0,4	2	6	9	90	1,6	120	19	55	1010	267	0
18/03/2004	18		0,5	3	6	11	86	1,5	131	16	68	1010	31	0
18/03/2004	19	3	0,5	2	6	10	81	0,8	134	14,2	76	1011	0	0
18/03/2004	20	3	0,5	2	10	13	71	0,4	110	13,8	79	1011	0	0
18/03/2004	21	3	0,5	3	7	11	67	0,3	154	13,6	82	1012	0	0
18/03/2004	22	3	0,6	3	11	16	57	0,2	10	13,6	83	1012	0	0
18/03/2004	23	3	0,5	3	9	13	55	0,2	124	13,5	83	1012	0	0
19/03/2004	00	3	0,5	3	12	16	41	0,2	50	13,3	85	1012	0	0
19/03/2004	01	3	0,5	3	12	16	28	0,3	49	13	87	1012	0	0
19/03/2004	02	3	0,5	2	13	16	31	0,3	46	13	88	1012	0	0
19/03/2004	03	3	0,5	3	11	15	37	0,2	35	13	87	1012	0	0
19/03/2004	04	3	0,5	3	12	16	31	0,2	138	12,8	89	1012	0	0
19/03/2004	05	3	0,7	3	11	15	31	0,3	3	12,8	89	1013	0	0
19/03/2004	06	3	0,5	2	11	14	24	0,2	55	12,7	89	1013	0	0
19/03/2004	07	3	0,5	3	12	17	13	0,2	57	12,6	91	1014	0	0
19/03/2004	08	3	0,5	3	10	14	26	0,5	53	12,9	91	1015	6	0
19/03/2004	09	3	0,5	2	6	10	62	0,9	83	13,1	91	1015	24	0
19/03/2004	10	3	0,5	3	5	9	72	0,9	96	13,5	88	1015	70	0
19/03/2004	11	3	0,5	3	5	9	82	0,4	125	15,9	71	1015	172	0
19/03/2004	12	3	0,5	3	4	9	86	0,6	110	17,4	62	1015	208	0
19/03/2004	13	3	0,5	3	4	9	85	0,4	115	18	60	1015	202	0
19/03/2004	14	3	0,5	2	5	9	85	0,5	163	19,1	56	1013	307	0
19/03/2004	15	3	0,5	3	4	9	86	0,4	211	21,1	49	1013	374	0
19/03/2004	16	3	0,5	3	5	9	89	0,6	152	23,5	41	1012	444	0
19/03/2004	17	3	0,5	3	5	9	93	2,2	157	18,1	55	1012	137	0
19/03/2004	18	3	0,5	3	4	8	91	2,3	169	15,4	65	1013	16	0
19/03/2004	19	3	0,5	3	4	8	81	1	177	14,3	72	1013	0	0
19/03/2004	20	3	0,5	3	5	9	75	0,8	199	13,8	75	1014	0	0
19/03/2004	21	3	0,5	3	5	9	62	0,4	173	13,4	77	1015	0	0
19/03/2004	22	3	0,5	3	7	11	36	0,4	198	11,6	86	1015	0	0
19/03/2004	23	3	0,5	3	13	18	14	0,3	312	10	92	1016	0	0
20/03/2004	00	3	0,5	2	10	14	7	0,3	231	8,9	94	1017	0	0
20/03/2004	01	3	0,5	2	9	13	13	0,7	202	8,7	95	1017	0	0
20/03/2004	02	3	0,5	2	9	13	17	0,7	220	8,5	96	1017	0	0
20/03/2004	03	3	0,6	3	12	16	13	1,2	245	8,6	96	1017	0	0
20/03/2004	04	3	0,6	2	12	16	9	0,9	245	8,1	96	1017	0	0
20/03/2004	05	3	0,5	3	8	12	13	0,8	240	8	96	1017	0	0
20/03/2004	06	3	0,5	3	9	13	9	0,9	244	7,4	96	1018	0	0
20/03/2004	07	3	0,6	4	12	18	9	1,6	252	8,1	96	1018	6	0,1
20/03/2004	08	3	0,6	6	13	22	15	2,2	262	11,6	92	1018	122	0,1
20/03/2004	09	3	0,5	6	8	18	27	2,3	264	16,5	71	1017	323	0
20/03/2004	10	3	0,6	4	10	16	43	2,1	264	20,2	57	1015	526	0
20/03/2004	11	3	0,6	3	10	14	65	0,7	284	25,2	43	1013	690	0
20/03/2004	12	3	0,6	3	6	11	84	0,6	182	26,2	37	1012	795	0
20/03/2004	13	3	0,6	3	5	9	101	0,6	211	26,4	35	1011	838	0
20/03/2004	14	3	0,6	3	5	9	100	1,8	148	25,2	40	1010	802	0
20/03/2004	15	3	0,5	3	5	9	101	3	140	23,5	44	1010	687	0
20/03/2004	16	3	0,5	2	5	8	101	2,8	144	23,2	43	1010	522	0
20/03/2004	17	3	0,5	2	5	9	98	1,5	137	23,6	43	1010	330	0
20/03/2004	18		0,5	3	7	11	84	1,1	115	21,9	51	1010	103	0
20/03/2004	19	3	0,5	2	13	18	62	1,6	56	15,4	72	1010	0	0
20/03/2004	20	3	0,5	3	18	22	45	0,9	43	13,2	84	1011	0	0
20/03/2004	21	3	0,6	3	23	28	26	0,6	25	12,4	90	1011	0	0
20/03/2004	22	3	0,6	3	15	20	16	0,3	45	10,9	93	1012	0	0
20/03/2004	23	3	0,5	3	10	15	7	0,4	187	9,7	94	1012	0	0
21/03/2004	00	3	0,5	3	11	16	6	0,4	203	9	95	1012	0	0
21/03/2004	01	3	0,5	3	10	14	8	0,3	221	8,9	95	1012	0	0
21/03/2004	02	3	0,5	3	9	13	7	0,5	228	8,5	96	1012	0	0
21/03/2004	03	3	0,5	3	9	13	10	0,9	219	8,5	96	1012	0	0
21/03/2004	04	3	0,5	2	13	16	8	1	235	8,7	96	1012	0	0
21/03/2004	05	3	0,5	2	13	17	9	1	241	8,8	96	1011	0	0
21/03/2004	06	3	0,5	2	13	17	10	1,4	252	8,6	96	1011	0	0,2
21/03/2004	07	3	0,5	2	11	14	13	1,3	255	8,8	96	1011	7	0
21/03/2004	08	3	0,5	4	9	16	21	1,2	279	13,9	90	1010	147	0
21/03/2004	09	3	0,5	3	8	13	39	2,2	265	19,3	64	1008	340	0
21/03/2004	10	3	0,5	3	7	11	63	3,2	263	22,5	50	1007	542	0
21/03/2004	11	3	0,5	3	6	10	79	2,4	253	25,9	39	1005	706	0
21/03/2004	12	3	0,4	3	5	9	101	2	258	28,6	30	1004	818	0
21/03/2004	13	3	0,4	3	5	9	115	2,8	258	29,5	26	1002	858	0
21/03/2004	14	3	0,4	3	5	9	123	2,4	248	30,4	23	1001	828	0
21/03/2004	15	3	0,4	3	5	9	117	3,6	205	29,8	27	999	718	0
21/03/2004	16	3	0,4	2	5	9	113	5,3	205	28,9	26	999	561	0
21/03/2004	17	3	0,4	2	5	9	103	5	212	28,3	25	998	358	0
21/03/2004	18	6	0,4	3	5	9	84	2,6	198	26,7	28	999	135	0
21/03/2004	19	5	0,4	3	10	14	68	1,8	198	20,9	46	1000	2	0
21/03/2004	20	3	0,5	3	15	19	63	1,8	33	15,5	72	1001	0	0
21/03/2004	21	3	0,5	3	15	19	53	0,7	35	14,2	82	1002	0	0
21/03/2004	22	3	0,5	3	12	16	37	0,4	15	13,4	87	1002	0	0
21/03/2004	23	3	0,5	3	10	14	28	0,3	211	12,3	91	1002	0	0
22/03/2004	00	3	0,5	3	10	14	20	0,8	185	11,8	92	1002	0	0
22/03/2004	01	3	0,5	2	9	12	48	1,4	63	12,7	93	1003	0	0
22/03/2004	02	3	0,4	3	5	9	59	0,7	55	12,8	93	1004	0	0
22/03/2004	03	3	0,4	3	6	10	52	0,3	9	12,3	94	1004	0	0
22/03/2004	04	3	0,4	3	5	9	26	0,3	6	10,3	94	1004	0	0
22/03/2004	05	3	0,4	2	6	9	26	0,4	160	9,4	95	1004	0	0
22/03/2004	06	3	0,4	3	6	10	30	0,3	341	9,2	96	1005	0	0
22/03/2004	07	3	0,4	2	6	9	28	0,3	223	8,9	96	1005	9	0
22/03/2004	08	4	0,5	41	18	80	27	0,6	343	16,5	78	1005	146	0
22/03/2004	09	3	0,5	4	15	21	62	1,3	54	18,7	57	1006	220	0
22/03/2004	10	3	0,7	3	13	17	69	0,5	188	19,7	52	1005	258	0
22/03/2004	11	3	0,5	3	9	13	77	1,3	249	20,1	50	1004	399	0
22/03/2004	12	3	0,5	3	8	12	88	1,2	11	24,2	34	1003	708	0
22/03/2004	13	3	0,5	3	6	11	94	2,9	50	23,4	36	1001	637	0
22/03/2004	14	3	0,4	2	5	9	98	3,1	119	20,9	42	1001	854	0
22/03/2004	15	3	0,4	2	5	9	103	3,2	113	21,1	42	1001	720	0
22/03/2004	16	3	0,4	3	5	9	107	3,1	120	20,6	41	1001	569	0
22/03/2004	17	3	0,4	2	5	9	108	2,3	126	20,5	40	1002	366	0
22/03/2004	18	3	0,4	2	6	10	103	1,3	138	19,2	43	1003	144	0
22/03/2004	19		0,4	2	9	13	87	0,9	124	13,5	64	1005	3	0
22/03/2004	20	3	0,5	3	29	33	31	0,5	180	10	80	1006	0	0
22/03/2004	21	3	0,5	3	23	28	25	0,4	242	8,5	88	1007	0	0
22/03/2004	22	3	0,5	3	9	14	36	0,6	197	7,6	90	1008	0	0
22/03/2004	23	3	0,4	3	9	13	22	0,9	211	6,1	92	1009	0	0
23/03/2004	00	3	0,5	2	12	16	21	0,7	309	5,5	94	1009	0	0
23/03/2004	01	3	0,4	2	7	10	29	0,6	206	5,2	95	1010	0	0
23/03/2004	02	3	0,4	2	8	11	38	1,2	226	5,1	95	1011	0	0
23/03/2004	03	3	0,4	3	7	10	41	0,9	203	4,7	82	1011	0	0
23/03/2004	04	3	0,4	3	5	9	48	1,2	215	4,5	78	1011	0	0
23/03/2004	05	3	0,4	3	4	8	62	2,1	260	6,6	67	1012	0	0
23/03/2004	06	3	0,4	2	5	8	63	2,5	261	5,9	65	1012	0	0
23/03/2004	07	3	0,4	2	5	9	74	3,2	266	9,6	50	1012	17	0
23/03/2004	08	3	0,4	3	9	13	79	3,8	296	14,7	31	1011	196	0
23/03/2004	09	3	0,4	3	6	10	90	5,3	304	16,2	27	1008	415	0
23/03/2004	10	3	0,4	3	5	10	93	6	312	17,4	24	1006	615	0
23/03/2004	11	3	0,4	2	5	9	96	6,2	308	18,5	23	1005	774	0
23/03/2004	12	3	0,4	3	5	8	104	4,9	321	19,8	19	1004	871	0
23/03/2004	13	3	0,4	3	4	9	108	5,6	313	19,9	19	1003	902	0
23/03/2004	14	3	0,4	3	4	9	113	6	311	20,4	17	1001	879	0
23/03/2004	16	3		2	4	8		3,3	325	22,4	14	1000	595	0
23/03/2004	17	3		2	4	7	121	2,6	314	23,5	14	999	395	0
23/03/2004	18	3		2	7	10	112	1,3	321	22,9	15	999	163	0
23/03/2004	19	3		2	10	14	95	1,2	325	16,5	30	999	5	0
23/03/2004	20	3		2	11	14	74	1	186	11,1	53	1000	0	0
23/03/2004	21	3		2	9	13	62	0,9	237	9,1	65	1002	0	0
23/03/2004	22	3		2	10	13	65	1	215	8,8	65	1003	0	0
23/03/2004	23	3		2	13	16	58	0,9	221	8,2	71	1003	0	0
24/03/2004	00	3		2	15	18	51	2	259	7,7	73	1003	0	0
24/03/2004	01	3		2	14	17	47	1,4	236	7,5	79	1003	0	0
24/03/2004	02	3		2	12	15	41	1,4	246	6,4	83	1001	0	0
24/03/2004	03	3		2	9	12	42	1,5	250	6,1	85	1001	0	0
24/03/2004	04	3		2	10	13	36	1,1	230	5,5	88	1001	0	0
24/03/2004	05	3		2	9	13	29	1,2	241	5,7	88	1001	0	0
24/03/2004	06	3		2	16	19	20	1,9	258	6,1	85	1001	0	0
24/03/2004	07	3		2	20	23	21	1,9	254	7,5	78	1001	4	0
24/03/2004	08	3		4	21	27	26	1,3	249	10,1	68	1001	109	0
24/03/2004	09	3		5	22	30	36	0,5	280	13,8	53	1000	240	0
24/03/2004	10	4		5	20	27	58	0,5	5	21	30	998	481	0
24/03/2004	11	4		4	16	22	73	3,1	70	22,6	28	996	747	0
24/03/2004	12	3		2	7	11	96	5,8	81	21	39	995	822	0
24/03/2004	13	3		3	5	9	104	6	80	20,2	40	995	818	0
24/03/2004	14	3		3	5	10	110	6	94	19,5	39	995	755	0
24/03/2004	15	3		2	5	8	112	5,8	95	18,8	41	995	646	0
24/03/2004	16	3		2	6	9	109	5,6	86	18,3	42	995	498	0
24/03/2004	17	3		3	5	9	106	5	96	17,4	45	996	313	0
24/03/2004	18	3		2	5	9	103	4,2	83	15,4	53	997	124	0
24/03/2004	19			2	11	14	89	2,8	84	11,9	66	997	3	0
24/03/2004	20	3		2	30	34	50	1	48	9,9	70	999	0	0
24/03/2004	21	3		3	31	35	32	0,6	34	8,9	77	1000	0	0
24/03/2004	22	3		3	24	29	15	0,3	18	7,4	84	1001	0	0
24/03/2004	23	3		3	18	23	8	0,2	9	7,6	86	1001	0	0
25/03/2004	00	3		2	18	21	18	0,2	3	8,7	85	1001	0	0
25/03/2004	01	3		2	12	16	12	0,2	193	8	88	1001	0	0
25/03/2004	02	3		2	8	11	13	0,2	207	7,4	89	1001	0	0
25/03/2004	03	3		2	8	11	13	0,3	196	6,5	92	1001	0	0
25/03/2004	04	3		3	6	10	13	0,3	236	6,1	92	1001	0	0
25/03/2004	05	3		2	7	10	10	0,3	198	5,5	93	1001	0	0
25/03/2004	06	3		3	7	11	7	0,4	202	5,2	94	1001	0	0
25/03/2004	07	3		4	11	17	6	0,3	216	5,6	94	1002	8	0
25/03/2004	08	3		7	13	24	12	0,2	241	10,5	91	1001	121	0
25/03/2004	09	3		7	24	34	34	0,4	337	16,4	61	1000	284	0
25/03/2004	10	4		3	15	20	79	3,6	61	20,1	34	997	556	0
25/03/2004	11	4		2	6	10	104	4,9	72	20,6	30	996	709	0
25/03/2004	12	3		3	5	8	110	5,9	79	20,2	30	995	787	0
25/03/2004	13	3		2	5	9	107	6	86	20,1	31	995	729	0
25/03/2004	14	3		2	6	9	106	6,2	86	17,1	40	994	414	0
25/03/2004	15	3		2	4	8	109	5,9	94	17,4	38	994	558	0
25/03/2004	16	3		2	5	9	104	5,2	87	15,8	46	993	302	0
25/03/2004	17	3		2	5	9	103	5	81	17,4	42	993	356	0
25/03/2004	18	3		2	7	10	91	5,3	81	14,6	54	993	125	0
25/03/2004	19	3		2	9	12	85	4,2	76	11,3	69	994	0	0
25/03/2004	20	3		2	7	11	87	4,1	78	11	74	994	0	0
25/03/2004	21	3		2	6	10	90	2,9	77	10,8	80	994	0	0
25/03/2004	22	3		3	5	9	92	2	81	10,8	81	995	0	0,1
25/03/2004	23	3		2	5	8	84	2,4	57	9,5	87	995	0	4,8
26/03/2004	00	3		3	6	10	75	2,9	36	8,8	93	995	0	0,2
26/03/2004	01	3		2	6	9	71	3,4	46	8	92	995	0	0,2
26/03/2004	02	3		2	6	10	67	1,8	42	7,4	91	995	0	1
26/03/2004	03	3		2	5	9	78	1,7	36	7,1	92	995	0	0
26/03/2004	04	3		3	5	9	74	1,1	43	7,1	92	995	0	0,7
26/03/2004	05	3		2	6	9	69	1,5	43	7,1	91	994	0	0,6
26/03/2004	06	3		3	5	9	73	2	34	7,3	93	994	0	0,6
26/03/2004	07	3		3	13	16	68	2	36	7	92	995	0	0,4
26/03/2004	08	3		3	19	23	66	2,4	39	6,9	92	995	4	0,6
26/03/2004	09	3		4	21	27	62	2,4	38	7,6	91	995	51	1,1
26/03/2004	10	3		3	20	25	61	3,2	38	8,3	89	995	92	0,3
26/03/2004	11	3		3	20	24	66	3,8	39	9	85	995	52	0
26/03/2004	12	3		3	18	23	67	3,5	41	9	81	995	60	0,5
26/03/2004	13	3		3	14	18	71	3,1	46	8,8	85	995	71	0,6
26/03/2004	14	3		3	15	20	68	2,9	40	8,9	88	994	54	0,3
26/03/2004	15	3		3	17	22	68	3,8	42	9,2	88	994	128	0
26/03/2004	16	3		3	10	15	74	4,9	44	10,1	84	994	115	0
26/03/2004	17	3		2	13	16	67	3,9	41	9	88	994	11	0
26/03/2004	18	3		3	18	22	57	2,6	37	8,5	91	994	0	0,4
26/03/2004	19			2	16	20	55	2	36	8,4	92	995	0	0,5
26/03/2004	20	3		2	25	29	46	1,5	31	8,2	93	996	0	0,9
26/03/2004	21	3		2	24	28	48	1,7	33	8,2	94	997	0	0,7
26/03/2004	22	3		2	12	15	66	3,4	47	8	92	997	0	0,3
26/03/2004	23	3		2	9	12	68	3,1	45	7,9	92	996	0	0
27/03/2004	00	3		2	7	10	74	2,8	51	8,3	91	996	0	0
27/03/2004	01	3		2	5	9	75	1,7	40	8,3	92	996	0	0
27/03/2004	02	3		2	4	8	79	2,2	45	8,4	91	996	0	0,6
27/03/2004	03	3		2	6	10	75	0,9	23	8,3	93	995	0	0,2
27/03/2004	04	3		3	5	9	78	1,2	24	8,3	95	994	0	0
27/03/2004	05	3		2	6	10	75	1,8	7	8,2	93	994	0	0,2
27/03/2004	06	3		3	6	10	72	1,9	30	8,2	94	994	0	0,1
27/03/2004	07	3		3	7	11	72	1,9	29	8,6	92	994	0	0
27/03/2004	08	3		2	8	12	71	2,4	34	9,3	91	994	0	0
27/03/2004	09	3		3	6	10	82	4,4	47	9,4	91	994	0	1,1
27/03/2004	10	3		3	8	12	77	3,6	38	9,2	93	994	22	1,5
27/03/2004	11	3		3	8	13	74	1,8	35	9,4	93	994	11	0,2
27/03/2004	12	3		3	10	14	72	2,1	31	9,9	90	994	25	0
27/03/2004	13	3		2	9	12	75	2	42	10,6	87	993	16	0,2
27/03/2004	14	3		2	8	11	77	2,2	37	10,5	90	992	7	0
27/03/2004	15	3		2	6	9	80	3,3	47	10,9	88	991	12	0,2
27/03/2004	16	3		3	5	9	82	4,4	54	10,9	88	991	9	0
27/03/2004	17	3		3	5	9	81	4	54	11	86	991	2	0
27/03/2004	18	3		2	6	10	79	4,2	56	10,4	87	991	0	0,1
27/03/2004	19	3		2	6	10	74	4,4	53	10,4	88	991	0	0
27/03/2004	20	3		2	10	13	66	3,3	47	10,3	87	992	0	0
27/03/2004	21	3		2	8	11	66	2,5	62	10,5	86	992	0	0
27/03/2004	22	3		2	8	12	59	1,1	51	10,6	84	992	0	0
27/03/2004	23	3		2	13	16	45	1,1	51	10,3	84	992	0	0
28/03/2004	00	3		2	14	18	43	0,8	72	10	80	992	0	0
28/03/2004	01	3		3	12	16	41	0,5	70	9,8	81	991	0	0
28/03/2004	02	3		2	14	17	33	0,4	61	9,8	83	991	0	0
28/03/2004	03	3		3	10	14	38	0,2	64	9,8	84	991	0	0
28/03/2004	04	3		2	7	11	33	0,2	79	9,8	85	991	0	0
28/03/2004	05	3		2	7	10	30	0,2	119	9,6	89	990	0	0
28/03/2004	06	3		3	5	9	29	0,1	40	9,6	88	991	0	0
28/03/2004	07	3		2	6	9	30	0,2	141	9,9	89	991	0	0
28/03/2004	08	3		2	8	12	56	1	39	10,8	89	991	0	0
28/03/2004	09	3		2	5	8	74	3	66	11,7	87	991	17	0
28/03/2004	10	3		2	5	9	78	4	69	12,4	85	991	21	0
28/03/2004	11	3		2	5	9	78	3,9	68	12,6	84	991	46	0
28/03/2004	12	3		3	5	9	78	3,8	64	11,8	87	991	8	0
28/03/2004	13	3		3	4	9	79	5,4	64	12,8	86	991	98	0
28/03/2004	14	3		2	4	8	83	6,1	65	13,6	80	990	103	0
28/03/2004	15	3		3	4	8	86	6,8	62	13,9	78	990	120	0
28/03/2004	16	3		2	5	8	88	6,7	64	14,7	74	988	135	0
28/03/2004	17	3		2	5	9	88	6,1	70	13,5	79	988	13	0
28/03/2004	18	3		3	4	9	88	6,8	67	12,8	81	988	0	0
28/03/2004	19	3		4	5	10	86	7	59	12,5	85	988	0	0
28/03/2004	20			2	5	8	84	7,3	62	12,7	86	988	0	0
28/03/2004	21	3		3	5	9	85	7,1	69	12,9	84	989	0	0
28/03/2004	22	3		2	5	8	86	7,7	63	12,9	83	989	0	0
28/03/2004	23	3		3	4	8	86	9,2	65	12,9	82	987	0	0
29/03/2004	00	3		3	4	9	85	8,8	61	11,8	89	987	0	2,7
29/03/2004	01	3		3	4	9	79	7,3	58	11,7	93	986	0	0
29/03/2004	02	3		3	4	9	80	7,4	60	12,2	89	985	0	0,3
29/03/2004	03	3		3	4	8	82	8,2	64	12,5	88	984	0	0
29/03/2004	04	3		2	4	8	83	8,2	63	12,2	90	983	0	0
29/03/2004	05	3		2	4	8	87	8,5	69	12,7	87	983	0	0,1
29/03/2004	06	3		3	5	8	83	7,1	70	12,6	87	982	0	0,1
29/03/2004	07	3		3	6	10	79	7,4	70	12,4	91	982	0	0,2
29/03/2004	08	3		2	6	10	75	6,4	76	12,6	95	982	3	0,7
29/03/2004	09	3		3	6	10	71	3,7	129	14,2	91	981	173	0
29/03/2004	10	3		3	6	10	79	4	187	17,6	64	981	411	0
29/03/2004	11	3		3	6	9	77	5,9	212	18,3	58	981	713	0
29/03/2004	12	3		3	4	9	94	7,6	237	19,3	47	981	792	0
29/03/2004	13	3		2	5	9	98	6,2	256	17,9	51	982	287	0
29/03/2004	14	3		2	6	10	79	5,3	316	17,1	58	983	645	0
29/03/2004	15	3		3	5	10	85	4,6	319	17,1	57	984	581	0
29/03/2004	16	3		3	6	10	93	3,6	312	16,5	56	984	197	0
29/03/2004	17	3		3	5	9	95	2,5	307	14,8	60	985	95	0
29/03/2004	18	3		2	5	9	89	1,1	250	13,9	65	986	4	0
29/03/2004	19	3		2	7	10	64	0,6	234	11,4	83	986	0	0
29/03/2004	20	3		3	18	22	31	0,5	325	10,8	92	988	0	0
29/03/2004	21	3		3	14	19	25	0,5	16	10,1	94	989	0	0
29/03/2004	22	3		3	14	18	15	0,5	337	9,4	94	990	0	0
29/03/2004	23	3		3	9	13	10	0,7	225	8,7	95	990	0	0
30/03/2004	00	3		3	23	26	11	1	256	8,7	96	990	0	0
30/03/2004	01	3		6	36	46	5	0,9	241	9,2	96	991	0	0
30/03/2004	02	3		4	30	36	4	0,6	253	9,2	96	992	0	0
30/03/2004	03	3		2	22	25	10	0,9	250	8,9	96	992	0	0
30/03/2004	04	3		2	19	22	9	0,7	245	8,9	96	992	0	0,2
30/03/2004	05	3		2	14	17	9	0,4	249	8,8	96	992	0	0
30/03/2004	06	3		3	14	19	9	0,5	171	8,8	97	993	0	0
30/03/2004	07	3		25	24	62	6	0,4	184	10,7	97	993	30	0
30/03/2004	08	3		20	23	54	8	0,2	335	12,1	93	993	48	0
19/08/2004	13		0,6						29			986		0
19/08/2004	14	9	0,6	2	4	6		3,6	37		20	987		0
19/08/2004	15	9	0,6	2	4	6		2,6	59	38,7	17		754	0
19/08/2004	16	8	0,5	2	4	6		2,2	43	38,9	15		522	0
19/08/2004	17	8	0,8	2	4	6		1,7	171	39,1	18	988	23	0
19/08/2004	18	8	0,8	2	4	6		0,8	151	38,7	19	989	11	0
19/08/2004	19	8	0,8	2	7	9		1,1	57	34,3	30	992	6	0
19/08/2004	20	8	0,7	2	20	21		0,9	11	28,8	45	995	0	0
19/08/2004	21	8	0,7	2	22	25		0,7	18	26,3	58	997	0	0
19/08/2004	22	8	0,7	2	15	17		0,4	51	24,4	71	999	0	0
20/08/2004	00	8	0,8	2	11	13		0,5	219	21,9	77	1001	0	0
20/08/2004	01	7	0,8	2	5	7		0,7	198	22,6	65	1002	0	0
20/08/2004	02	7	0,8	2	4	6		1,4	246	22,2	58	1001	0	0
20/08/2004	03	7	0,8	2	4	6		1,3	250	23,1	45	1001	0	0
20/08/2004	04	7	0,8	2	4	6		1,8	255	23,5	41	1001	0	0
20/08/2004	05	7	0,7	2	4	6		0,7	201	21,3	50	1001	0	0
20/08/2004	06	8	0,7	2	6	8		1,5	246	20,4	54	1001	3	0
20/08/2004	07	8	0,7	2	6	8		1,3	239	25,8	43	1001	119	0
20/08/2004	08	8	0,7	2	7	9		1,3	239	31,9	29	1000	323	0
20/08/2004	09	8	0,7	2	6	8		1,6	232	35	23	998	518	0
20/08/2004	10	8	0,7	2	4	6		2,9	258	35,8	21	998	685	0
20/08/2004	11	8	0,7	2	4	6		1,4	283	37,8	18	997	803	0
20/08/2004	12	8	0,7	2	4	6		1,4	183	38,2	18	995	865	0
20/08/2004	13	8	0,7	2	4	6		1,3	201	38,7	18	994	876	0
20/08/2004	14	8	0,7	2	4	6		3,5	127	36,6	21	994	817	0
20/08/2004	15	8	0,7	2	4	6		4,7	130	34,7	25	994	564	0
20/08/2004	16	8	0,7	2	4	6		5,9	130	32,8	30	994	456	0
20/08/2004	17	8	0,8	2	4	6		4,3	130	31,9	34	995	29	0
20/08/2004	18	8	0,9	2	4	6		2,2	121	30,8	42	996	15	0
20/08/2004	19	8	1	2	4	6		1,5	110	27,9	52	998	7	0
20/08/2004	20	8	1,2	2	4	6		1,3	64	24,1	70	999	0	0
20/08/2004	21	8	1,3	2	7	8		1	45	23	79	1000	0	0
20/08/2004	22	8	1,4	2	7	8		0,4	56	22,6	86	1001	0	0
20/08/2004	23	8	1,4	2	5	7		0,3	105	22	88	1001	0	0
21/08/2004	00	8	1,4	2	5	7		0,3	202	21,2	90	1001	0	0
21/08/2004	01	8	1,5	2	9	10		0,4	291	20,6	92	1002	0	0
21/08/2004	02	8	1,4	2	7	8		0,5	235	20,1	92	1001	0	0
21/08/2004	03	8	1,4	2	4	6		0,6	226	19,6	93	1001	0	0
21/08/2004	04	8	1,4	2	4	6		0,6	195	19,5	94	1002	0	0
21/08/2004	05	8	1,4	2	4	6		0,3	213	19,1	94	1002	0	0,2
21/08/2004	06	8	1,4	2	5	7		0,3	215	18,6	95	1003	1	0
21/08/2004	07	8	1,5	2	9	11		0,6	227	23,2	86	1003	93	0
21/08/2004	08	8	1,3	2	9	11		1	245	28,9	49	1003	245	0
21/08/2004	09	8	1,1	2	5	8		0,9	344	32,7	37	1003	462	0
21/08/2004	10	8	0,9	2	4	6		4,7	51	33,4	36	1002	668	0
21/08/2004	11	8	0,9	2	4	6		6,3	58	32,7	37	1002	788	0
21/08/2004	12		0,9	2	4	6		6,6	59	32,6	36	1002	858	0
21/08/2004	13		0,7	2	4	6		6,5	54	32,5	36	1002	856	0
21/08/2004	14	8	0,7	2	4	6		5,4	57	33,2	35	1002	830	0
21/08/2004	15	8	0,7	2	4	6		5,3	55	32,5	38	1001	566	0
21/08/2004	16	8	0,7	2	4	6		5	58	31,9	41	1001	454	0
21/08/2004	17	8	0,7	2	4	6		4,6	60	31,2	44	1002	36	0
21/08/2004	18	8	0,7	2	4	6		4,6	53	29,7	51	1002	20	0
21/08/2004	19	8	0,7	2	4	6		3,1	58	26,4	64	1003	2	0
21/08/2004	20	8	0,8	2	4	6		1,9	42	24,8	73	1004	0	0
21/08/2004	21	8	0,8	2	4	6		1,6	27	24,4	77	1004	0	0
21/08/2004	22	8	0,9	2	4	6		0,6	13	24	79	1005	0	0
21/08/2004	23	8	0,9	2	5	6		0,6	13	23,5	81	1005	0	0
22/08/2004	00	7	0,9	2	5	7		0,5	17	22,6	85	1005	0	0
22/08/2004	01	7	0,9	2	8	9		0,4	22	21,9	87	1005	0	0
22/08/2004	02	7	0,9	2	7	9		0,4	23	21,4	88	1004	0	0
22/08/2004	03	8	0,9	2	6	7		0,3	59	20,7	89	1004	0	0
22/08/2004	04	7	0,9	2	4	6		0,3	47	20,2	89	1004	0	0
22/08/2004	05	7	0,9	2	4	6		0,3	168	19,4	91	1004	0	0
22/08/2004	06	8	0,9	3	6	9		0,2	140	19,7	92	1004	0	0
22/08/2004	07	7	1	3	9	14		0,3	35	23,2	85	1005	75	0
22/08/2004	08	7	0,9	2	6	8		1,3	27	29,2	57	1004	269	0
22/08/2004	09	8	0,7	2	4	6		2,1	40	31,2	49	1002	392	0
22/08/2004	10	8	0,7	2	4	6		2,1	50	33,1	41	1002	619	0
22/08/2004	11	8	0,7	2	4	6		3	66	34,3	36	1001	761	0
22/08/2004	12	8	0,7	2	4	6		3,7	54	33,7	38	1000	822	0
22/08/2004	13	8	0,7	2	4	6		4	65	33,7	39	1000	840	0
22/08/2004	14	8	0,7	2	4	6		3,8	63	34,1	38	999	789	0
22/08/2004	15	8	0,7	2	4	6		4	63	33,4	40	999	556	0
22/08/2004	16	8	0,7	2	4	6		3,7	59	32,6	42	999	433	0
22/08/2004	17	8	0,7	2	4	6		3,3	55	31,8	45	1000	83	0
22/08/2004	18	8	0,7	2	4	6		3,3	60	29	54	1001	42	0
22/08/2004	19	8	0,8	2	4	6		2,7	60	25,9	67	1002	7	0
22/08/2004	20	8	0,9	2	4	6		1,6	38	24,2	74	1002	0	0
22/08/2004	21	8	0,9	2	5	7		1,1	28	23,3	79	1003	0	0
22/08/2004	22	8	1	2	6	8		0,5	43	22,4	83	1004	0	0
22/08/2004	23	8	1	2	6	8		0,7	36	22	84	1004	0	0
23/08/2004	00	7	1	2	7	8		0,4	4	21,7	85	1004	0	0
23/08/2004	01	8		2	5	6		0,3	343	21,1	87	1003	0	0
23/08/2004	02	8		2	4	6		0,4	198	20,7	88	1002	0	0
23/08/2004	03	8		2	4	6		0,6	233	20,3	91	1003	0	0
23/08/2004	04	7		2	4	6		0,6	189	20	91	1002	0	0
23/08/2004	05	8		2	4	6		0,8	201	19,9	92	1002	0	0
23/08/2004	06	8		3	7	10		1,1	147	20,8	91	1002	0	0
23/08/2004	07	8		3	13	17		0,9	185	21,9	86	1001	17	0
23/08/2004	08	8		2	10	12		0,9	234	27,4	65	1002	250	0
23/08/2004	09	8		2	9	11		0,8	338	29,5	47	1000	264	0
23/08/2004	10	8		2	6	9		0,3	351	34,3	38	1000	572	0
23/08/2004	11	9		2	4	6		0,7	312	37,6	31	999	791	0
23/08/2004	12	9		2	4	6		1,4	65	37,6	31	997	813	0
23/08/2004	13			7	4	13		1,7	53	39	31	996	751	0
23/08/2004	14	8		2	4	6		2,9	62	34,6	40	996	519	0
23/08/2004	15	8		2	4	6		3,3	62	34,6	41	996	496	0
23/08/2004	16	8		2	4	6		3,3	54	34,4	42	996	423	0
23/08/2004	17	10		2	4	6		3,4	67	32,2	49	997	121	0
23/08/2004	18	8		2	4	6		2,2	68	30,4	56	998	74	0
23/08/2004	19	8		2	4	6		2,5	75	27,2	70	999	9	0
23/08/2004	20	8		2	4	6		2,1	63	25,2	82	1001	0	0
23/08/2004	21	8		2	4	6		1,8	39	25,4	84	1001	0	0
23/08/2004	22	8		2	4	6		0,9	42	25,5	83	1002	0	0
23/08/2004	23	8		2	4	6		0,7	1	25	85	1001	0	0
24/08/2004	00	8		2	4	6		0,6	335	24,1	87	1002	0	0
24/08/2004	01	8		2	4	6		1,2	194	24	88	1002	0	0
24/08/2004	02	8		2	4	6		1	149	23,7	89	1001	0	0
24/08/2004	03	8		2	4	6		0,6	333	22,8	91	1001	0	0
24/08/2004	04	8		2	5	7		0,4	15	22	92	1001	0	0
24/08/2004	05	8		2	4	6		0,3	173	21,2	93	1000	0	0
24/08/2004	06	7		2	5	6		0,4	190	21,1	93	1000	0	0
24/08/2004	07	7		4	8	13		0,3	214	23	94	1001	49	0
24/08/2004	08	7		3	15	20		0,3	204	27,5	81	1001	150	0
24/08/2004	09	8		2	8	10		0,3	196	33,3	57	999	393	0
24/08/2004	10	8		2	5	6		0,3	64	36,9	43	997	561	0
24/08/2004	11	10		2	4	6		0,4	13	40,1	35	995	703	0
24/08/2004	12	8		2	4	6		0,8	111	41,1	31	993	784	0
24/08/2004	13	8		2	5	7		2,1	106	39,5	35	992	807	0
24/08/2004	14	9		2	4	6		1,6	124	39,4	33	991	751	0
24/08/2004	15	9		2	4	6		1,4	107	39,7	34	990	550	0
24/08/2004	16	9		2	4	6		0,8	99	38,3	38	990	269	0
24/08/2004	17	9		2	4	6		4,4	201	34,6	40	991	33	0,2
24/08/2004	18	9		2	4	6		7,9	300	40,8	9	990	44	0,8
24/08/2004	19	9		2	6	8		3,8	20	33,4	48	991	8	0
24/08/2004	20	9		2	4	6		1,3	47	27,9	72	995	0	0
24/08/2004	21	9		2	4	6		1,1	166	26,6	81	998	0	0
24/08/2004	22	9		2	6	7		1,3	15	25,6	84	999	0	0
24/08/2004	23	9		2	4	6		2,3	29	25,4	87	1000	0	0
25/08/2004	00	9		2	4	6		2,2	21	25,4	89	1001	0	0
25/08/2004	01	9		2	4	6		1,7	29	25	89	1001	0	0
25/08/2004	02	9		2	4	6		0,6	20	24,6	89	1001	0	0
25/08/2004	03	9		2	4	6		0,4	345	24,1	90	1001	0	0
25/08/2004	04	9		2	4	6		0,7	304	23,6	91	1000	0	0
25/08/2004	05	10		2	4	6		0,9	225	23	93	1000	0	0
25/08/2004	06	9		2	4	6		0,9	239	23,1	93	1000	0	0
25/08/2004	07	10		3	9	14		0,3	14	24,5	92	1001	50	0
25/08/2004	08	9		2	4	7		0,3	128	29	76	1001	175	0
25/08/2004	09	9		2	4	6		0,9	114	31,9	57	1000	338	0
25/08/2004	10	9		2	4	6		1,5	77	34,2	49	999	555	0
25/08/2004	11	11		2	4	6		3	72	34,8	44	999	728	0
25/08/2004	12	9		2	4	6		2,2	63	36,3	40	997	799	0
25/08/2004	13			2	4	6		2,8	60	36,6	39	996	811	0
25/08/2004	14	9		2	4	6		2,8	79	36,2	41	996	763	0
25/08/2004	15	9		2	4	6		2,4	97	34,9	46	995	498	0
25/08/2004	16	8		2	4	6		2,1	69	32,7	52	995	248	0
25/08/2004	17	11		2	4	6		2,2	72	31,5	56	996	150	0
25/08/2004	18	9		2	4	6		1,6	63	30,3	58	997	63	0
25/08/2004	19	9		2	4	6		1,3	58	27,9	68	998	7	0
25/08/2004	20	9		2	4	6		0,6	138	25,8	77	999	0	0
25/08/2004	21	9		2	7	9		0,8	43	24,8	81	1001	0	0
25/08/2004	22	9		2	8	10		0,6	64	24,2	84	1001	0	0
25/08/2004	23	9		2	6	8		0,3	36	24	88	1001	0	0
26/08/2004	00	9		2	6	8		0,4	33	23,3	90	1002	0	0
26/08/2004	01	9		2	5	7		0,3	142	22,7	91	1001	0	0
26/08/2004	02	9		2	4	7		0,3	185	22,1	93	1001	0	0
26/08/2004	03	9		2	4	6		0,3	164	21,8	92	1001	0	0
26/08/2004	04	9		2	4	6		0,4	201	21,4	92	1001	0	0
26/08/2004	05	8		2	5	7		0,3	185	21,9	93	1001	0	0
26/08/2004	06	8		2	5	6		0,3	187	22,6	92	1002	0	0
26/08/2004	07	8		2	6	7		0,2	210	23,8	90	1002	27	0
26/08/2004	08	8		2	5	7		0,2	150	27,4	80	1003	148	0
26/08/2004	09	9		2	4	6		0,4	66	32,3	60	1002	317	0
26/08/2004	10	9		2	4	6		1,1	59	34,2	50	1001	513	0
26/08/2004	11	12		2	4	6		2,3	76	35,2	43	999	678	0
26/08/2004	12	9		2	4	6		2,8	80	34,9	41	999	627	0
26/08/2004	13	9		2	4	6		3,2	101	34,1	41	995	640	0
26/08/2004	14	9		2	4	6		2,6	73	34,5	42	997	549	0
26/08/2004	15	11		2	4	6		2,2	67	34,4	43	993	389	0
26/08/2004	16	9		2	4	6		2,5	69	33,1	46	996	314	0
26/08/2004	17	8		2	4	6		2,6	83	31,2	52	997	162	0
26/08/2004	18	11		2	4	6		2,1	80	28,6	62	998	64	0
26/08/2004	19	9		2	4	6		1,6	71	26,8	69	999	2	0
26/08/2004	20	9		2	4	6		0,7	61	25,1	76	1000	0	0
26/08/2004	21	9		2	9	10		0,5	42	24,4	83	1001	0	0
26/08/2004	22	8		2	8	10		0,4	53	23,8	85	1001	0	0
26/08/2004	23	8		2	6	8		0,4	31	23,6	88	1001	0	0
27/08/2004	00	9		2	6	8		0,2	37	23,4	88	1002	0	0
27/08/2004	01	8		2	5	7		0,2	33	23,4	88	1002	0	0
27/08/2004	02	9		2	5	6		0,3	15	23,3	89	1001	0	0
27/08/2004	03	9		2	5	7		0,2	26	23,1	89	1001	0	0
27/08/2004	04	9		2	4	6		0,2	62	22,4	90	1001	0	0
27/08/2004	05	9		2	6	7		0,3	61	22,2	91	1000	0	0
27/08/2004	06	9		2	6	8		0,3	124	22,5	92	1001	0	0
27/08/2004	07	9		5	10	17		0,2	197	24,4	90	1001	49	0
27/08/2004	08	9		2	7	10		0,9	45	26,7	78	1000	88	0
27/08/2004	09	9		2	4	6		2,2	136	27,3	70	1000	191	0
27/08/2004	10	9		2	4	6		2,5	146	29,5	59	999	342	0
27/08/2004	11	10		2	4	6		2,8	142	31,6	51	998	561	0
27/08/2004	12	10		2	4	6		2,8	131	33,1	45	995	545	0
27/08/2004	13			2	4	6		4,2	124	33,2	43	995	739	0
27/08/2004	14	9		2	4	6		3,6	125	34,2	39	993	726	0
27/08/2004	15	9		2	4	6		3,8	122	33,1	41	993	459	0
27/08/2004	16	9		2	4	6		3,3	128	32,6	41	993	392	0
27/08/2004	17	9		2	4	6		2,7	130	31,7	43	993	131	0
27/08/2004	18	10		2	4	6		2,3	130	29,9	50	993	42	0
27/08/2004	19	10		2	4	6		1,5	121	26,6	64	995	2	0
27/08/2004	20	9		2	4	6		0,7	110	24,5	73	996	0	0
27/08/2004	21	9		2	8	10		0,5	349	23,4	80	997	0	0
27/08/2004	22	9		2	9	11		0,6	17	22,6	84	997	0	0
27/08/2004	23	9		2	9	10		0,4	53	22,3	87	998	0	0
28/08/2004	00	9		2	8	10		0,2	9	21,8	87	998	0	0
28/08/2004	01	9		2	7	10		0,3	15	21,1	89	997	0	0
28/08/2004	02	9		3	6	11		0,2	53	20,3	90	997	0	0
28/08/2004	03	9		3	5	9		0,3	171	19,9	92	997	0	0
28/08/2004	04	9		3	7	11		0,3	158	20,1	92	996	0	0
28/08/2004	05	9		2	5	8		0,3	221	19,7	92	997	0	0
28/08/2004	06	9		2	6	8		0,2	187	19,5	93	997	0	0
28/08/2004	07	8		3	7	11		0,3	220	21,3	92	997	36	0
28/08/2004	08	8		3	9	13		0,3	211	25,7	81	997	145	0
28/08/2004	09	9		2	6	8		0,6	191	30,5	57	996	316	0
28/08/2004	10	9		2	4	6		0,8	14	32,3	47	995	415	0
28/08/2004	11	11		2	4	6		1,6	50	35,1	39	994	729	0
28/08/2004	12	9		2	4	6		1,9	60	35,8	35	992	772	0
28/08/2004	13	9		2	4	6		2,7	61	36,1	35	991	819	0
28/08/2004	14	9		2	4	6		3,1	59	35,5	35	991	765	0
28/08/2004	15	9		2	4	6		3,8	61	34,7	35	991	468	0
28/08/2004	16	9		2	4	6		3,5	57	33,3	40	991	375	0
28/08/2004	17	10		2	4	6		2,6	52	27,5	62	993	26	0
28/08/2004	18	8		2	4	6		2,3	53	26,3	69	994	29	0
28/08/2004	19	8		2	4	6		1,2	56	25,7	71	995	4	0
28/08/2004	20	8		2	5	7		1,7	49	24,4	76	996	0	0
28/08/2004	21	8		2	4	7		1,2	27	23,9	80	997	0	0
28/08/2004	22	8		2	4	6		0,5	2	23,5	81	997	0	0
28/08/2004	23	8		2	5	6		0,4	6	23,1	82	998	0	0
29/08/2004	00	8		2	4	6		0,3	360	22,2	85	998	0	0
29/08/2004	01	8		2	9	11		0,3	36	22,1	85	998	0	0
29/08/2004	02	8		2	7	9		0,2	46	21,4	87	998	0	0
29/08/2004	03	8		2	7	9		0,3	128	20,7	89	998	0	0
29/08/2004	04	8		2	6	8		0,3	184	20,3	91	997	0	0
29/08/2004	05	8		2	5	7		0,3	216	19,8	92	997	0	0
29/08/2004	06	8		2	6	8		0,3	202	20,2	93	998	0	0
29/08/2004	07	8		2	5	7		0,3	211	22,6	89	998	53	0
29/08/2004	08	8		2	4	6		0,3	227	28,1	69	998	204	0
29/08/2004	09	9		2	4	6		1,2	32	31,9	49	997	362	0
29/08/2004	10	9		2	4	6		1,7	51	33,2	45	997	571	0
29/08/2004	11	11		2	4	6		2,6	63	35,8	35	995	791	0
29/08/2004	12	9		2	4	6		2,8	64	36,1	34	994	893	0
29/08/2004	13	10		5	4	11		3,1	57	36,2	34	993	836	0
29/08/2004	14			10	5	19		2,9	58	35,8	32	993	778	0
29/08/2004	15	8		2	4	6		2,4	77	34,9	35	993	420	0
29/08/2004	16	8		2	4	6		2,8	100	32,9	40	993	401	0
29/08/2004	17	8		2	4	6		2,6	68	32,6	41	994	127	0
29/08/2004	18	10		2	4	6		2	76	30,1	51	995	28	0
29/08/2004	19	7		2	4	6		1,1	86	26,3	66	996	1	0
29/08/2004	20	7		2	5	7		0,6	56	24,1	75	998	0	0
29/08/2004	21	7		2	9	11		0,4	33	23,4	82	999	0	0
29/08/2004	22	7		2	10	12		0,3	15	22,8	85	999	0	0
29/08/2004	23	8		2	8	10		0,3	35	22,2	85	999	0	0
30/08/2004	00	8		2	9	12		0,2	25	21,5	87	999	0	0
30/08/2004	01	8		11	7	24		0,2	20	20,8	88	1000	0	0
30/08/2004	02	8		2	5	8		0,2	176	20,6	90	1000	0	0
30/08/2004	03	8		2	5	7		0,3	195	20,3	91	999	0	0
30/08/2004	04	8		3	6	10		0,3	195	20,1	92	999	0	0
30/08/2004	05	8		2	5	7		0,4	214	19,8	92	999	0	0
30/08/2004	06	8		2	7	9		0,4	184	19,7	93	999	0	0
30/08/2004	07	8		5	9	16		0,3	198	22,7	91	1000	62	0
30/08/2004	08	8		2	9	12		0,5	246	29,3	65	999	233	0
30/08/2004	09	8		2	7	9		0,5	1	31,3	54	998	344	0
30/08/2004	10	10		2	4	6		0,9	55	34,5	42	998	546	0
30/08/2004	11	8		2	4	6		1,2	61	35,3	38	996	635	0
30/08/2004	12	8		2	4	6		2,3	63	35,6	37	995	687	0
30/08/2004	13	8		2	4	6		2,9	70	35,1	38	995	826	0
30/08/2004	14	8		2	4	6		3	103	34,8	38	994	794	0
30/08/2004	15	8		2	4	6		2,4	98	33,9	38	994	411	0
30/08/2004	16	8		2	4	6		2,6	85	33,1	40	994	398	0
30/08/2004	17	8		2	4	6		2,7	78	31,9	45	995	129	0
30/08/2004	18	10		2	4	6		1,8	79	29,2	54	996	19	0
30/08/2004	19	8		2	4	6		1,1	70	25	69	997	0	0
30/08/2004	20	8		2	12	13		0,7	58	23,5	75	998	0	0
30/08/2004	21	8		2	20	21		0,5	47	23,5	81	999	0	0
30/08/2004	22	8		2	12	13		0,5	15	22,8	84	999	0	0
30/08/2004	23	8		2	7	8		0,3	6	22	86	999	0	0
31/08/2004	00	8		2	8	10		0,3	56	21,1	89	999	0	0
31/08/2004	01	8		2	6	9		0,3	8	20,5	90	999	0	0
31/08/2004	02	8		2	4	6		0,3	214	19,9	91	999	0	0
31/08/2004	03	8		2	4	6		0,3	146	20	92	999	0	0
31/08/2004	04	9		2	6	7		0,4	204	19,5	92	998	0	0
31/08/2004	05	8		2	5	7		0,7	231	19,8	93	998	0	0
31/08/2004	06	8		2	5	7		0,3	179	20,2	93	998	0	0
31/08/2004	07	8		3	9	13		0,3	195	23,1	89	998	63	0
31/08/2004	08	8		4	14	19		0,3	330	30,2	61	998	238	0
31/08/2004	09	8		2	4	6		0,3	327	34,4	44	996	430	0
31/08/2004	10	10		2	4	6		0,5	322	36,3	37	995	589	0
31/08/2004	11	8		2	4	6		0,6	164	36,3	36	994	669	0
31/08/2004	12	8		2	4	6		1,3	53	36,1	36	993	567	0
31/08/2004	13	8		2	4	6		3,4	95	34,3	41	992	770	0
31/08/2004	14			2	4	6		3,2	79	33,5	44	992	685	0
31/08/2004	15	8		2	4	6		2,8	100	33,1	44	992	399	0
31/08/2004	16	9		2	4	6		1,8	133	28,5	58	993	85	0
31/08/2004	17	9		2	4	6		1,5	58	26,7	61	994	1	0
31/08/2004	18	8		2	4	6		2,1	135	25,9	69	994	7	0
31/08/2004	19	8		2	4	6		0,6	138	25,6	71	995	3	0
31/08/2004	20	8		2	5	6		0,7	43	24	78	995	0	0
31/08/2004	21	8		2	5	7		0,3	124	22,7	83	996	0	0
31/08/2004	22	8		2	11	13		0,3	2	21,7	86	997	0	0
31/08/2004	23	8		2	12	14		0,4	358	21,1	86	998	0	0
01/09/2004	00	8		2	9	11		0,3	25	20,5	87	998	0	0
01/09/2004	01	8		2	6	8		0,3	182	19,9	90	998	0	0
01/09/2004	02	8		2	4	6		0,3	228	19,6	92	998	0	0
01/09/2004	03	8		2	7	9		0,5	222	19,3	92	997	0	0
01/09/2004	04	8		2	6	8		0,4	206	19	93	997	0	0
01/09/2004	05	8		2	6	7		0,7	203	19	94	997	0	0
01/09/2004	06	8		2	9	12		0,5	187	18,8	94	997	0	0
01/09/2004	07	8		4	12	17		0,4	213	21,9	93	997	59	0
01/09/2004	08	8		3	11	16		1	236	27,7	66	996	242	0
01/09/2004	09	8		2	5	8		1	248	31,9	50	994	422	0
01/09/2004	10	10		2	6	8		0,7	180	34,1	42	993	507	0
01/09/2004	11	8		2	4	7		0,7	130	33,2	43	993	342	0
01/09/2004	12	8		2	4	6		1	80	33,1	42	992	368	0
01/09/2004	13	8		2	4	6		2,8	113	33,3	42	992	644	0
01/09/2004	14	8		2	4	6		2,7	101	31,9	46	991	489	0
01/09/2004	15	8		2	4	6		2,5	113	33	44	990	425	0
01/09/2004	16	8		2	4	6		2,1	104	31,2	48	990	278	0
01/09/2004	17	12		2	4	6		2,3	112	29,8	54	991	188	0
01/09/2004	18	9		2	4	6		1,3	116	26,3	68	992	13	0
01/09/2004	19	8		2	4	6		1	117	25,3	73	992	0	0
01/09/2004	20	8		2	4	6		0,6	56	24,8	75	993	0	0
01/09/2004	21	8		2	6	7		0,8	35	24,8	75	994	0	0
01/09/2004	22	8		2	6	8		0,4	52	24,6	77	994	0	0
01/09/2004	23	8		2	5	7		0,3	25	23,4	81	994	0	0
02/09/2004	00	8		2	4	6		0,2	156	22,5	85	994	0	0
02/09/2004	01	9		2	4	6		0,3	144	22	86	995	0	0
02/09/2004	02	9		2	4	6		0,4	15	21,1	88	995	0	0
02/09/2004	03	9		2	4	6		0,4	156	20,3	91	994	0	0
02/09/2004	04	9		2	5	7		0,3	169	20,1	92	994	0	0
02/09/2004	05	9		2	5	7		0,3	26	19,7	92	994	0	0
02/09/2004	06	9		2	5	7		0,4	182	18,8	92	994	0	0
02/09/2004	07	9		7	8	19		0,4	183	21,3	92	995	54	0
02/09/2004	08	9		4	13	19		0,3	228	29,2	66	994	229	0
02/09/2004	09	9		2	6	8		0,4	126	34,1	45	993	425	0
02/09/2004	10	9		2	4	6		1,1	61	31,7	46		301	0
02/09/2004	11			2	4	6		2,2	82	32,8	43		585	0
02/09/2004	12	12		2	4	6		2,2	115	33,8	40		551	0
02/09/2004	13								81	33,5	41		612	0
02/09/2004	14								76	32,9	44		476	0
02/09/2004	15	8		2	4	6		3,8	87	31,4	47	990	310	0
02/09/2004	16	8		3	4	7		3,5	80	31,8	48	990	337	0
02/09/2004	17	11		2	4	7		2,6	105	30,4	51	990	171	0
02/09/2004	18	8		3	4	7		1,3	73	29,2	54	990	60	0
02/09/2004	19	8		2	9	12		1	64	26,1	64	992	1	0
02/09/2004	20	8		2	5	7		0,7	72	24,4	74	993	0	0
02/09/2004	21	8		2	9	12		0,4	46	24	80	994	0	0
02/09/2004	22	8		2	18	21		0,4	15	23,5	82	995	0	0
02/09/2004	23	8		2	18	20		0,4	27	23,4	82	996	0	0
03/09/2004	00	8		2	12	15		0,4	359	23,4	82	996	0	0
03/09/2004	01	8		2	13	16		0,3	25	22,8	83	995	0	0
03/09/2004	02	8		3	7	12		0,2	105	22	86	995	0	0
03/09/2004	03	8		2	11	13		0,3	178	21,6	88	995	0	0
03/09/2004	04	8		2	8	11		0,4	246	21,8	89	994	0	0
03/09/2004	05	8		2	11	13		0,6	167	21,1	90	994	0	0
03/09/2004	06	8		2	10	12		0,5	186	20,7	92	995	0	0
03/09/2004	07	8		3	17	22		0,8	231	22,7	90	996	43	0
03/09/2004	08	8		3	16	21		0,9	222	26,6	74	996	174	0
03/09/2004	09	8		4	19	25		0,6	235	32,7	51	995	383	0
03/09/2004	10	10		3	9	14		0,5	169	33,1	45	994	383	0
03/09/2004	11	9		3	8	11		2	41	34,7	38	993	508	0
03/09/2004	12	9		3	5	10		4,2	58	33,2	42	993	468	0
03/09/2004	13	9		2	4	7		4,8	59	30,3	52	995	295	0
03/09/2004	14	8		3	5	8		6,1	48	31,7	50	994	461	0
03/09/2004	15	8		2	6	9		5,8	53	32,3	49	993	434	0
03/09/2004	16	8		2	4	7		5,7	50	31,9	50	993	321	0
03/09/2004	17	9		3	6	10		4,7	60	28,4	64	993	31	0
03/09/2004	18	8		2	7	9		5,7	40	27	75	994	38	0
03/09/2004	19	8		2	5	9		4,7	35	26,3	79	993	1	0
03/09/2004	20	8		3	6	10		1,1	19	26	76	995	0	0
03/09/2004	21	8		2	20	22		0,5	347	25,8	75	997	0	0,2
03/09/2004	22	8		2	15	17		0,9	13	24,8	82	998	0	0
03/09/2004	23	8		2	5	8		2	25	25	87	998	0	0
04/09/2004	00	8		2	6	8		1,3	28	25	82	998	0	0
04/09/2004	01	8		2	5	8		0,8	30	24,4	83	998	0	0
04/09/2004	02	8		2	8	11		0,6	6	23,7	82	998	0	0
04/09/2004	03	8		3	8	13		1,4	332	23,5	80	998	0	0,4
04/09/2004	04	8		3	5	8		2	201	23,2	78	998	0	0
04/09/2004	05	8		2	4	7		0,9	345	24,3	74	997	0	0
04/09/2004	06	8		3	6	9		0,6	228	22,7	79	998	0	0
04/09/2004	07	8		3	9	12		0,7	20	23,7	80	998	4	0
04/09/2004	08	8		2	6	9		4,1	47	27,2	73	999	97	0
04/09/2004	09	8		2	5	8		5,5	47	28,7	70	999	189	0
04/09/2004	10	8		3	5	9		4,8	44	31,7	60	998	389	0
04/09/2004	11			3	4	8		5,1	49	32,2	56	997	391	0
04/09/2004	12	8		2	5	8		5,8	54	34,1	46	996	545	0
04/09/2004	13	8		12	5	23		5,5	53	33,9	43	995	439	0
04/09/2004	14	8		2	4	7		5	51	35	38	994	434	0
04/09/2004	15	8		2	4	7		4,6	46	33,3	41	994	269	0
04/09/2004	16	8		2	4	7		4,6	41	31,8	46	994	166	0
04/09/2004	17	8		2	4	6		4,3	38	30,9	49	994	113	0
04/09/2004	18	9		2	4	7		3,6	36	29,9	51	994	29	0
04/09/2004	19	8		2	4	7		2,6	37	29,2	52	995	0	0
04/09/2004	20	8		3	6	10		1,1	32	28,5	53	996	0	0
04/09/2004	21	8		2	7	10		1,3	52	28	56	996	0	0
04/09/2004	22	8		2	7	10		0,5	10	27,6	59	996	0	0
04/09/2004	23	8		2	8	10		0,3	24	26,1	66	997	0	0
05/09/2004	00	8		2	9	12		0,6	193	24,9	72	997	0	0
05/09/2004	01	8		2	12	15		1	3	25,6	67	998	0	0
05/09/2004	02	8		2	12	14		2,2	20	26,1	64	997	0	0
05/09/2004	03	8		2	5	8		1,9	23	27,6	59	997	0	0
05/09/2004	04	8		2	5	8		2,1	38	27,6	59	997	0	0
05/09/2004	05	8		3	5	8		1,9	53	27,6	60	997	0	0
05/09/2004	06	8		2	5	8		3	54	26,9	65	997	0	0
05/09/2004	07	8		3	4	8		2,1	52	26,5	74	997	9	0
05/09/2004	08	8		3	5	8		2,4	56	28	69	998	115	0
05/09/2004	09	8		2	4	6		3,7	51	29,6	66	998	177	0
05/09/2004	10	8		2	4	7		3,1	55	29,9	67	998	218	0
05/09/2004	11	8		2	5	7		3,4	62	31,5	60	997	338	0
05/09/2004	12	9		3	4	7		2,3	75	35,2	47	995	612	0
05/09/2004	13	8		3	4	7		2,5	48	36	44	993	504	0
05/09/2004	14	8		3	4	7		3,4	52	34,8	48	992	452	0
05/09/2004	15	8		3	4	7		3,8	66	34,1	51	992	362	0
05/09/2004	16	8		3	4	8		2,9	73	33,7	54	992	300	0
05/09/2004	17	8		3	4	8		3	62	31,9	59	992	151	0
05/09/2004	18	8		2	5	8		2,5	49	29,4	68	993	64	0
05/09/2004	19	8		2	5	7		1,7	46	26,9	77	994	2	0
05/09/2004	20	8		2	5	7		1,1	47	25,8	81	995	0	0
05/09/2004	21	8		2	6	8		0,6	56	25,7	82	996	0	0
05/09/2004	22	8		2	6	9		0,4	50	24,6	86	996	0	0
05/09/2004	23	8		3	6	11		0,5	315	24,5	88	997	0	0
06/09/2004	00	8		4	9	15		0,7	315	24,2	88	996	0	0
06/09/2004	01			3	9	14		0,4	353	23,9	89	995	0	0
06/09/2004	02			2	8	11		0,7	137	22,8	91	995	0	0
06/09/2004	03			3	5	8		0,7	145	22,9	92	995	0	0
06/09/2004	04			2	4	7		0,4	174	22,6	92	995	0	0
06/09/2004	05			2	8	11		0,6	224	22,3	92	996	0	0
06/09/2004	06			3	9	13		0,5	339	22,3	91	995	0	0
06/09/2004	07			9	16	29		0,3	338	23	90	995	28	0
06/09/2004	08			11	32	49		0,3	45	26,5	80	995	109	0
06/09/2004	09			4	19	25		0,4	29	29,9	66	995	241	0
06/09/2004	10			3	11	15		0,7	46	32,8	54	994	340	0
06/09/2004	11			3	5	9		1,5	69	36	42	991	582	0
06/09/2004	12			3	4	8		2,8	62	36,1	41	990	630	0
06/09/2004	13							3,5	56	35,7	41	989	645	0
06/09/2004	14			2	4	7		3	62	36,1	38	989	654	0
06/09/2004	15			3	4	7		2,8	84	34,5	42	988	381	0
06/09/2004	16			2	5	7		2,8	66	33	44	989	301	0
06/09/2004	17			2	4	7		2,7	59	29,8	52	990	94	0
06/09/2004	18			2	4	7		2,7	66	27,9	62	992	23	0
06/09/2004	19			3	5	8		2,4	62	25,3	73	993	1	0
06/09/2004	20			3	7	10		1,5	47	24,7	76	995	0	0
06/09/2004	21			2	10	13		0,8	34	23,4	79	995	0	0
06/09/2004	22			2	14	16		0,4	2	22,4	85	995	0	0
06/09/2004	23			2	11	14		0,4	329	22,4	86	995	0	0
07/09/2004	00			3	9	13		0,4	162	20,8	89	995	0	0
07/09/2004	01			2	6	9		0,3	168	19,9	91	995	0	0
07/09/2004	02			2	5	7		0,2	212	19,6	93	995	0	0
07/09/2004	03			3	5	9		0,4	196	19	93	995	0	0
07/09/2004	04			2	5	8		0,5	203	18,7	94	995	0	0
07/09/2004	05			2	6	9		0,5	209	19,2	95	995	0	0
07/09/2004	06			3	13	16		1	234	20	94	995	0	0
07/09/2004	07			3	13	17		0,5	209	21,4	94	996	31	0
07/09/2004	08			3	20	25		1,9	237	26,5	75	995	183	0
07/09/2004	09			5	28	35		2,9	245	29,5	55	994	349	0
07/09/2004	10			3	13	18		1,8	246	32,6	48	993	463	0
07/09/2004	11			3	7	12		0,6	200	35,4	40	992	500	0
07/09/2004	12			2	8	11		0,6	27	36	37	991	451	0
07/09/2004	13			3	6	10		2,4	53	36,4	37	990	618	0
07/09/2004	14			2	5	8		3,3	59	36,3	38	989	611	0
07/09/2004	15			3	4	9		2,9	75	35,5	40	989	377	0
07/09/2004	16			2	4	7		2,5	78	34	41	990	275	0
07/09/2004	17			2	5	9		2,8	56	32,4	50	991	156	0
07/09/2004	18			2	6	9		2,5	58	29,7	59	992	60	0
07/09/2004	19			2	7	10		2,4	64	26,3	75	994	0	0
07/09/2004	20			2	6	9		3	56	25,4	82	996	0	0
07/09/2004	21			2	6	8		2,1	40	25,2	81	997	0	0
07/09/2004	22			3	5	8		2,6	38	25,1	83	998	0	0
07/09/2004	23			2	4	7		2,6	40	24,9	83	998	0	0
08/09/2004	00			3	4	7		2,6	30	24,7	85	998	0	0
08/09/2004	01			2	4	7		1,5	30	24,3	85	998	0	0
08/09/2004	02			2	4	6		1,1	25	23,8	86	997	0	0
08/09/2004	03			2	4	7		0,6	29	23,3	87	998	0	0
08/09/2004	04			2	4	6		3	33	23,8	84	998	0	0
08/09/2004	05			3	4	8		3,9	35	24,5	78	998	0	0
08/09/2004	06			3	5	9		3,6	35	24,5	76	998	0	0
08/09/2004	07			2	9	11		3	30	25,1	74	998	3	0
08/09/2004	08			2	5	8		5,1	33	26,4	71	999	78	0
08/09/2004	09			2	4	7		7,5	39	27,3	70	998	139	0
08/09/2004	10			2	6	8		6,2	39	28,7	63	998	214	0
08/09/2004	11			3	4	8		5,3	48	29	61	999	226	0
08/09/2004	12			2	5	7		6,1	48	30,8	55	999	415	0
08/09/2004	13			2	4	8		6,6	51	32,6	50	998	564	0
08/09/2004	14			2	4	7		6,4	51	31,8	53	997	424	0
08/09/2004	15			2	4	7		6,4	53	31,7	53	997	334	0
08/09/2004	16			2	4	7		7	53	31,3	54	997	291	0
08/09/2004	17			2	4	7		6,5	48	29,7	59	997	149	0
08/09/2004	18			2	4	7		6,1	50	27,5	67	998	30	0
08/09/2004	19			2	6	9		5,1	50	25,4	76	999	0	0
08/09/2004	20			2	5	8		4,2	46	24,9	77	1000	0	0
08/09/2004	21			3	5	7		3,4	43	24,8	80	1001	0	0
08/09/2004	22			2	5	7		2,3	46	24,8	79	1002	0	0
08/09/2004	23			2	5	6		0,9	10	23,9	81	1002	0	0
09/09/2004	00			3	6	9		1,3	17	23,5	82	1002	0	0
09/09/2004	01			3	4	7		1,5	23	23,1	85	1002	0	0
09/09/2004	02			2	5	8		0,7	12	22,9	86	1002	0	0
09/09/2004	03			3	5	9		0,9	356	22,9	86	1002	0	0
09/09/2004	04			3	8	11		0,8	350	23,4	82	1002	0	0
09/09/2004	05			2	9	11		0,6	17	23,3	81	1001	0	0
09/09/2004	06			3	21	25		1	13	22,7	82	1001	0	0
09/09/2004	07			8	53	66		1,1	6	23,7	76	1002	7	0
09/09/2004	08			9	61	74		1,1	1	25,4	69	1002	82	0
09/09/2004	09			4	21	27		2,7	27	27,7	63	1002	178	0
09/09/2004	10			2	5	8		3,7	43	30,6	53	1001	366	0
09/09/2004	11			3	4	9		4,3	58	32,1	47	1000	466	0
09/09/2004	12			2	4	7		3	57	34,5	40	999	672	0
09/09/2004	13			3	4	8		2,5	51	35	39	998	529	0
09/09/2004	14							3,1	47	32,6	45	998	383	0
09/09/2004	15			14	4	26		4,5	60	29,9	53	997	252	0
09/09/2004	16			9	6	19		2,9	59	28,3	58	998	144	0
09/09/2004	17			11	7	23		2,4	57	27,7	61	999	86	0
09/09/2004	18			13	6	27		2,7	61	26,1	68	1000	13	0
09/09/2004	19			11	8	25		2,4	48	25	75	1000	0	0
09/09/2004	20			12	7	26		1	41	24,6	78	1001	0	0
09/09/2004	21			8	6	19		0,8	47	24,4	80	1001	0	0
09/09/2004	22			9	5	19		0,7	350	24	82	1002	0	0
09/09/2004	23			14	5	25		0,8	344	23,9	83	1001	0	0
10/09/2004	00			8	7	18		0,8	324	23,9	84	1001	0	0
10/09/2004	01			10	5	20		0,7	14	23,7	84	1000	0	0
10/09/2004	02			8	6	18		1	10	23,5	85	1000	0	0
10/09/2004	03			14	6	26		0,4	180	22,8	86	1000	0	0
10/09/2004	04			10	7	23		0,3	337	22,2	88	1000	0	0
10/09/2004	05			10	14	28		0,3	11	21,8	88	1000	0	0
10/09/2004	06			10	22	37		0,4	332	21,6	89	1000	0	0
10/09/2004	07			44	23	90		0,3	34	21,8	87	1001	7	0
10/09/2004	08			64	32	129		0,3	194	23,8	83	1001	52	0
10/09/2004	09			19	27	55		0,4	218	28,1	71	1001	198	0
10/09/2004	10			11	13	29		1,9	43	31,5	53	1000	428	0
10/09/2004	11			13	5	25		2,4	43	30,9	52	998	289	0
10/09/2004	12			12	5	23		2,6	61	32,2	50	998	387	0
10/09/2004	13			11	5	21		3	63	30,8	53	998	292	0
10/09/2004	14			10	4	18		3,7	64	31,4	51	998	435	0
10/09/2004	15			8	4	16		3	63	33,3	45	997	365	0
10/09/2004	16			10	4	19		2,9	61	33,4	45	997	279	0
10/09/2004	17			9	5	19		1,3	61	28,8	59	998	80	0
10/09/2004	18			8	7	19		0,8	74	26,4	69	998	6	0
10/09/2004	19			10	9	23		0,7	1	25,1	76	999	0	0
10/09/2004	20			8	8	21		0,9	149	24,4	80	1000	0	0
10/09/2004	21			12	13	31		0,6	16	24,2	82	1001	0	0
10/09/2004	22			9	13	28		1,1	8	24,3	83	1001	0	0
10/09/2004	23			10	6	21		2,2	43	23,6	88	1000	0	0
11/09/2004	00			13	4	23		1,2	163	23,6	87	1000	0	0
11/09/2004	01			11	5	21		0,6	230	23,3	90	1000	0	0
11/09/2004	02			8	4	16		0,8	162	22,4	92	1000	0	0
11/09/2004	03			11	5	22		0,3	194	21,7	92	1000	0	0
11/09/2004	04			10	6	20		0,4	36	21	93	1000	0	0
11/09/2004	05			10	8	23		0,3	329	20,3	93	1000	0	0
11/09/2004	06			14	8	29		0,6	214	19,6	94	1001	0	0
11/09/2004	07			22	12	46		0,5	180	21,1	95	1001	37	0
11/09/2004	08			18	10	38		0,3	210	28	77	1001	201	0
11/09/2004	09			18	11	38		0,3	244	31	55	1000	297	0
11/09/2004	10			13	6	25		0,4	241	33,9	45	999	434	0
11/09/2004	11			10	7	23		0,4	349	37,3	36	997	572	0
11/09/2004	12			14	5	27		0,6	160	39,3	30	994	701	0
11/09/2004	13			26	4	43		1,9	122	38,2	35	993	638	0
11/09/2004	14			14	4	25		2,3	119	38,6	31	992	639	0
11/09/2004	15			12	4	22		2,1	103	38,5	28	992	362	0
11/09/2004	16			11	5	21		1,4	69	33,7	36	994	154	0
11/09/2004	17			9	4	17		2,4	153	31,9	41	995	97	0
11/09/2004	18			12	5	23		2,8	332	27,7	44	996	2	0
11/09/2004	19			9	10	24		1,7	27	28	48	995	0	0
11/09/2004	20			10	10	26		1,1	37	25,8	69	997	0	0
11/09/2004	21			12	14	33		0,5	8	23,9	79	999	0	0
11/09/2004	22			14	17	39		0,4	1	22,7	84	999	0	0
11/09/2004	23			7	18	28		0,4	10	22,4	86	1000	0	0
12/09/2004	00			8	18	30		0,7	44	21,8	89	1000	0	0
12/09/2004	01			9	21	34		0,5	23	21,7	89	1000	0	0
12/09/2004	02			12	15	34		0,3	332	20,9	91	1000	0	0
12/09/2004	03			9	11	25		0,3	155	20,2	92	999	0	0
12/09/2004	04			15	10	32		0,4	216	19,5	92	999	0	0
12/09/2004	05							0,4	223	20,4	93		0	0
12/09/2004	06			12	18	37		0,6	232	20,8	91	999	0	0
12/09/2004	07			20	26	56		0,6	247	21,5	89	999	25	0
12/09/2004	08			19	24	52		0,7	224	24,2	76	999	99	0
12/09/2004	09			13	14	33		1	246	28,3	62	999	292	0
12/09/2004	10			13	7	27		0,6	2	34	47	997	479	0
12/09/2004	11			12	5	22		1,2	70	35,5	43	995	577	0
12/09/2004	12							1,9	69	36,1	40		671	0
12/09/2004	13			16	4	28		2,1	59	35,8	38	993	561	0
12/09/2004	14			16	4	29		2,6	54	34,9	40	992	507	0
12/09/2004	15			11	4	19		2,8	55	34,2	42	992	336	0
12/09/2004	16			10	4	18		2,6	53	33,7	43	993	231	0
12/09/2004	17			15	4	26		2,8	47	29,6	58	994	114	0
12/09/2004	18			12	4	22		2	62	27,2	69	996	12	0
12/09/2004	19			11	4	21		1,3	68	25,5	75	996	0	0
12/09/2004	20			6	7	17		0,4	22	24,7	84	997	0	0
12/09/2004	21			11	14	30		0,3	15	24,2	87	998	0	0
12/09/2004	22			8	10	22		0,4	211	23,3	90	998	0	0
12/09/2004	23			13	9	28		0,2	140	22,8	92	999	0	0
13/09/2004	00			17	12	38		0,3	48	22,7	92	998	0	0
13/09/2004	01			10	14	30		0,2	350	22,2	91	998	0	0
13/09/2004	02			14	10	30		0,3	189	21,6	92	998	0	0
13/09/2004	03			13	5	25		0,3	176	21,1	93	997	0	0
13/09/2004	04			11	7	23		0,2	207	21	93	997	0	0
13/09/2004	05			12	7	26		0,4	173	20,6	94	997	0	0
13/09/2004	06			14	8	30		0,4	149	20,7	94	997	0	0
13/09/2004	07			25	14	53		0,3	191	21,7	94	997	21	0
13/09/2004	08			32	21	70		0,3	224	27,6	84	997	170	0
13/09/2004	09			9	10	24		0,3	210	32,9	57	995	330	0
13/09/2004	10			15	4	26		0,3	206	35,8	43	994	400	0
13/09/2004	11			14	4	25		0,3	196	34,6	43	994	414	0
13/09/2004	12			18	4	31		0,8	191	37	36	992	549	0
13/09/2004	13			12	5	23		2,8	125	33,2	49	991	454	0
13/09/2004	14			14	6	26		4,1	129	34,3	46	990	511	0
13/09/2004	15			14	7	27		4,3	158	32,7	48	990	386	0
13/09/2004	16			13	5	26		2	153	32,3	43	990	183	0
13/09/2004	17			10	5	19		1,1	175	30,7	44	991	71	0,2
13/09/2004	18			10	6	20		2,5	243	24,9	64	993	2	0,2
13/09/2004	19			15	5	28		2,3	242	23	60	995	0	0
13/09/2004	20			8	10	22		1,5	339	23,3	54	995	0	0
13/09/2004	21			9	9	22		2,2	222	21,6	63	995	0	0
13/09/2004	22			11	12	29		1,9	222	20,8	68	995	0	0
13/09/2004	23			16	20	43		1,4	224	19,7	74	996	0	0
14/09/2004	00			14	16	38		0,7	196	19,1	77	996	0	0
14/09/2004	01			9	15	28		0,8	185	19,2	76	996	0	0
14/09/2004	02			11	16	32		0,5	198	18,6	80	995	0	0
14/09/2004	03			11	14	30		1	208	18,3	83	995	0	0
14/09/2004	04			9	11	24		0,9	219	18	83	994	0	0
14/09/2004	05			10	7	23		0,7	217	17,7	85	994	0	0
14/09/2004	06			10	10	26		1	222	17,7	86	994	0	0
14/09/2004	07			12	16	34		0,7	211	19,4	78	995	13	0
14/09/2004	08			19	21	51		1,9	223	23	65	995	213	0
14/09/2004	09			28	22	65		2,3	226	27,7	48	993	377	0
14/09/2004	10			24	15	51		2,7	235	28,5	44	992	440	0
14/09/2004	11			20	14	44		2,8	240	31,1	36	992	548	0
14/09/2004	12			12	11	30		2,7	230	33,2	28	990	593	0
14/09/2004	13			9	6	19		1,9	215	35,8	20	989	573	0
14/09/2004	14			15	6	28		1,2	197	34	24	988	276	0
14/09/2004	15			11	7	23		2,9	175	33,5	33	988	332	0
14/09/2004	16			12	5	24		2,9	159	32,5	38	988	228	0
14/09/2004	17			10	5	21		2,2	164	31,1	36	988	116	0
14/09/2004	18			12	6	25		1,5	170	28,3	44	989	16	0
14/09/2004	19			8	7	19		1	197	26	57	990	0	0
14/09/2004	20			12	8	26		1	191	23,9	65	991	0	0
14/09/2004	21			9	15	30		0,8	214	23,1	65	993	0	0
14/09/2004	22			8	13	26		0,6	188	22,1	68	993	0	0
14/09/2004	23			11	20	36		1,1	207	20,7	75	994	0	0
15/09/2004	00			9	21	36		0,7	224	19,8	78	994	0	0
15/09/2004	01			11	13	30		0,9	214	19	75	994	0	0
15/09/2004	02			13	8	27		2,4	232	19	58	994	0	0
15/09/2004	03			8	8	21		2,3	232	19,5	52	994	0	0
15/09/2004	04			7	7	18		1,5	235	18,7	55	994	0	0
15/09/2004	05			7	9	19		1,1	243	17,9	59	995	0	0
15/09/2004	06			10	8	22		1,7	244	18,6	53	995	0	0
15/09/2004	07			17	18	43		1,2	225	19,8	51	996	18	0
15/09/2004	08			32	36	86		1,7	225	24,8	40	996	199	0
15/09/2004	09			21	33	65		1,6	227	30,4	30	995	386	0
15/09/2004	10			21	14	45		1,2	225	33,3	26	994	541	0
15/09/2004	11			23	10	45		0,6	227	35,8	23	992	658	0
15/09/2004	12			10	6	20		0,8	184	34	28	992	358	0
15/09/2004	13			12	6	25		3	83	30,6	41	993	363	0
15/09/2004	14			12	5	24		3	100	33,2	36	994	644	0
15/09/2004	15			12	5	23		4,7	67	32,5	39	994	391	0
15/09/2004	16			7	6	17		4,6	46	30,3	44	995	212	0
15/09/2004	17			13	12	32		3,6	41	28,9	47	996	148	0
15/09/2004	18			12	17	36		3	33	25,8	54	996	33	0
15/09/2004	19			9	36	50		1,3	24	22,7	62	998	0	0
15/09/2004	20			8	32	44		0,4	13	21,1	71	999	0	0
15/09/2004	21			9	20	34		0,5	181	20,4	77	999	0	0
15/09/2004	22			11	17	34		0,3	152	19,4	83	1000	0	0
15/09/2004	23			15	17	39		0,4	194	18,8	87	1000	0	0
16/09/2004	00			17	13	39		0,4	7	18,3	89	1001	0	0
16/09/2004	01			12	13	32		0,3	132	17,8	91	1001	0	0
16/09/2004	02			14	17	38		0,3	152	17,4	91	1002	0	0
16/09/2004	03			21	14	46		0,3	38	17,2	91	1002	0	0
16/09/2004	04			15	8	31		0,3	172	17,2	92	1002	0	0
16/09/2004	05			13	7	28		0,3	204	17,1	91	1002	0	0
16/09/2004	06			18	12	40		0,5	16	17,1	92	1002	0	0
16/09/2004	07			68	16	120		0,3	172	18,7	91	1002	43	0
16/09/2004	08			44	25	92		0,4	228	24,8	71	1002	157	0
16/09/2004	09			16	14	38		0,4	194	29,8	47	1002	362	0
16/09/2004	10			10	9	23		0,6	43	32	33	1000	450	0
07/01/2005	14	6	0,6	3	11	16	78	0,3	210	24	26	1025	444	0
07/01/2005	15	7	0,5	4	13	18	89	0,4	211	23,3	27	1023	359	0
07/01/2005	16	7	0,5	3	10	14	95	0,2	313	21,9	29	1023	221	0
07/01/2005	17	8	0,5	2	11	15	89	0,3	51	17,5	43	1023	57	0
07/01/2005	18	8	0,5	6	27	37	54	0,5	135	8,1	78	1024	0	0
07/01/2005	19	8	0,5	3	17	22	47	0,5	163	5,2	88	1025	0	0
07/01/2005	20	8	0,5	21	35	66	30	0,4	360	3,4	91	1027	0	0
07/01/2005	21	8	0,5	29	31	76	24	0,4	34	1,9	92	1028	0	0
07/01/2005	22	7	0,5	18	29	57	24	0,4	171	1,3	92	1028	0	0
07/01/2005	23	7	0,5	6	21	31	27	0,5	213	1,3	93	1028	0	0
08/01/2005	00	7	0,7	16	30	55	23	0,9	220	1,8	93	1028	0	0
08/01/2005	01	7	0,7	16	32	56	24	0,9	206	1,3	93	1028	0	0
08/01/2005	02	7	0,5	19	32	61	20	0,9	215	1,2	94	1028	0	0
08/01/2005	03	7	0,6	22	37	71	22	1,5	232	1,5	94	1028	0	0
08/01/2005	04	7	0,5	13	28	48	22	0,5	189		94	1027	0	0
08/01/2005	05	7	0,5	4	21	28	24	1	214		94	1027	0	0
08/01/2005	06	6	0,5	2	17	21	26	1,3	227		94	1027	0	0,2
08/01/2005	07	6	0,5	3	21	26	26	0,9	212		94	1028	0	0
08/01/2005	08	6	0,6	3	21	26	27	1	222		94	1029	0	0
08/01/2005	09	6	0,6	6	25	33	30	1,2	230	3,7	92	1030	62	0
08/01/2005	10	6	0,6	7	26	36	35	1,5	233	11,3	58	1028	204	0
08/01/2005	11	6	0,5	4	28	33	48	1,9	243	14,9	40	1027	342	0
08/01/2005	12	6	0,5	7	26	37	59	2,4	232	16,9	35	1024	436	0
08/01/2005	13	7	0,5	4	26	31	72	1,5	228	18,7	31	1022	471	0
08/01/2005	14	7	0,5	3	17	21	94	0,5	202	21,6	26	1021	445	0
08/01/2005	15	8	0,5	3	11	15	106	0,2	188	23,4	23	1019	363	0
08/01/2005	16	7	0,5	3	12	15	105	0,5	18	20,1	29	1020	221	0
08/01/2005	17	7	0,6	2	26	30	75	0,5	12	14,9	42	1020	56	0
08/01/2005	18	7	0,6	3	23	27	44	0,4	30	6,1	76	1021	0	0
08/01/2005	19	8	0,6	2	14	18	39	0,4	188	3	87	1023	0	0
08/01/2005	20	8	0,6	2	16	20	40	0,5	225	2,2	89	1024	0	0
08/01/2005	21	8	0,6	3	9	14	35	0,4	210	1,2	90	1025	0	0
08/01/2005	22	7	0,5	3	10	14	31	0,4	192	0,3	92	1026	0	0
08/01/2005	23	7	0,5	3	11	14	31	0,7	204		93	1027	0	0
09/01/2005	00	7	0,5	4	21	28	28	1	210		94	1027	0	0
09/01/2005	01	8	0,8	5	35	43	25	1,6	219	0,2	93	1027	0	0
09/01/2005	02	8	0,8	5	33	41	24	1,3	216	0,1	93	1027	0	0,2
09/01/2005	03	7	0,7	3	29	34	25	0,7	224		93	1027	0	0
09/01/2005	04	7	0,7	3	27	31	26	1,2	224		94	1027	0	0
09/01/2005	05	7	0,8	3	30	34	26	1,3	220	1,1	94	1027	0	0
09/01/2005	06	7	0,7	2	23	27	33	1,3	228	1,9	94	1026	0	0
09/01/2005	07	7	0,6	2	21	25	36	1,8	234	2,3	92	1027	0	0
09/01/2005	08	7	0,6	3	17	21	39	2,3	231	2,9	80	1027	0	0
09/01/2005	09	7	0,5	3	18	22	43	2,1	233	4,2	73	1027	38	0
09/01/2005	10	7	0,6	4	16	22	49	3	232	7,5	60	1027	146	0
09/01/2005	11	7	0,5	3	15	20	56	3,1	236	8,7	56	1027	213	0
09/01/2005	12		0,5	3	13	18	60	3,3	237	12,7	46	1025	339	0
09/01/2005	13	10	0,5	4	14	19	75	2,5	242	15,2	44	1022	349	0
09/01/2005	14	10	0,4	2	16	19	86	1,3	241	17,2	42	1021	338	0
09/01/2005	15	10	0,5	3	11	15	100	0,4	1	18,7	41	1020	234	0
09/01/2005	16	9	0,5	3	7	11	101	0,4	56	15,1	55	1020	71	0
09/01/2005	17	9	0,4	3	11	16	81	0,3	43	11,8	68	1020	10	0
09/01/2005	18	9	0,4	3	30	34	43	0,3	22	9,1	79	1021	0	0
09/01/2005	19	9	0,6	7	28	39	28	0,2	27	7,1	86	1021	0	0
09/01/2005	20	8	0,5	4	18	25	29	0,3	156	7,5	90	1022	0	0
09/01/2005	21	8	0,5	3	14	20	31	0,3	208	7,8	89	1022	0	0
09/01/2005	22	8	0,7	4	17	23	30	0,5	217	6,9	90	1022	0	0
09/01/2005	23	8	0,9	3	20	24	27	0,5	213	6,2	91	1023	0	0
10/01/2005	00	8	0,9	2	25	27	26	0,5	204	5,6	92	1023	0	0
10/01/2005	01	8	0,8	2	27	31	28	0,7	210	5,7	93	1023	0	0
10/01/2005	02	8	0,7	3	19	23	35	0,7	212	6,1	93	1023	0	0
10/01/2005	03	8	0,6	2	14	17	43	1	230	6,3	93	1023	0	0
10/01/2005	04	8	0,5	2	10	13	52	1,8	239	6,4	90	1023	0	0
10/01/2005	05	8	0,5	2	10	13	58	1,9	231	5,9	86	1023	0	0
10/01/2005	06	8	0,5	2	7	10	61	1,9	234	5,6	87	1023	0	0
10/01/2005	07	8	0,5	2	10	13	58	1,7	230	5,6	85	1024	0	0
10/01/2005	08	8	0,5	2	15	18	53	1,7	233	5,7	85	1024	0	0
10/01/2005	10		0,4				33	2,8	236	10,5	63		153	0
10/01/2005	14		0,8					0,7	339	23,4	31	1019	449	0
10/01/2005	17	3	0,4	2	4	7		0,6	108	14,8	60	1019	64	0
10/01/2005	18	3	0,5	2	8	11		0,4	68	9,7	79	1020	0	0
10/01/2005	19	3	0,5	2	7	10		0,4	326	7,4	88	1020	0	0
10/01/2005	20	3	0,5	15	17	39		0,3	319	5,7	91	1021	0	0
10/01/2005	21	3	0,5	6	9	17		0,3	184	5,2	92	1021	0	0
10/01/2005	22	3	0,5	4	7	12		0,4	221	5,7	92	1022	0	0
10/01/2005	23	3	0,5	10	14	30		0,7	231	6,6	92	1022	0	0
11/01/2005	00	3	0,7	24	33	69		0,7	220	7,3	92	1022	0	0
11/01/2005	01	3	0,6	21	31	63		0,6	224	7,5	89	1021	0	0
11/01/2005	02	3	0,5	2	17	20		1,5	211	6,8	85	1021	0	0
11/01/2005	03	3	0,5	2	6	9		2	218	5,4	87	1021	0	0
11/01/2005	04	3	0,5	2	4	6		1,6	224	4,4	89	1022	0	0
11/01/2005	05	3	0,5	2	4	6		1	226	3,2	90	1023	0	0
11/01/2005	06	3	0,5	2	4	6		1,3	226	2,9	90	1024	0	0
11/01/2005	07	3	0,5	2	4	6		1,6	223	2,7	91	1024	0	0
11/01/2005	08	3	0,5	2	4	7		1,3	232	2,9	91	1025	1	0
11/01/2005	09	3	0,5	2	11	15		2,8	230	9	68	1025	105	0
11/01/2005	10	3	0,5	6	24	34		2,3	246	13,8	47	1024	211	0
11/01/2005	11	3	0,5	12	28	47		2,5	233	16,2	40	1022	332	0
11/01/2005	14	5	0,5	2	4	7	76	0,8	238	22,1	30	1019	424	0
11/01/2005	15	4	0,5	2	4	6	92	0,7	220	21,7	31	1018	342	0
11/01/2005	16	5	0,5	2	4	6	92	0,4	198	20,4	34	1018	203	0
11/01/2005	17	4	0,5	2	4	6	87	0,5	187	16	48	1018	47	0
11/01/2005	18	4	0,5	2	4	6	69	0,7	154	8,8	81	1019	0	0
11/01/2005	19	4	0,5	2	6	8	44	0,7	177	6,5	90	1020	0	0
11/01/2005	20	4	0,5	2	5	8	39	0,8	206	4,9	91	1021	0	0
11/01/2005	21	4	0,4	2	4	7	26	0,5	175	3,8	92	1021	0	0
11/01/2005	22	4	0,4	2	4	6	25	0,6	212	2,6	92	1023	0	0
11/01/2005	23	4	0,4	2	4	6	25	0,7	209	2,4	93	1023	0	0
12/01/2005	00	4	0,5	8	13	25	22	0,9	201	2,2	94	1023	0	0
12/01/2005	01	4	0,5	17	17	43	21	0,9	210	2,2	94	1023	0	0
12/01/2005	02	4	0,4	2	15	18	22	1,3	220	2,3	94	1023	0	0
12/01/2005	03	4	0,4	2	5	7	24	0,8	201	1,7	94	1023	0	0
12/01/2005	04	4	0,4	2	4	7	26	1,4	194	1,2	95	1023	0	0
12/01/2005	05	4	0,4	2	4	6	25	1,5	232	0,9	95	1023	0	0
12/01/2005	06	4	0,4	2	5	7	24	2,4	222	0,7	95	1023	0	0
12/01/2005	07	4	0,5	2	4	7	24	2,2	229		94	1023	0	0
12/01/2005	08	4	0,5	3	8	12	23	1,8	227		95	1024	0	0
12/01/2005	09	4	0,5	14	18	38	23	1	223	6,8	81	1024	73	0
12/01/2005	10	4	0,5	13	23	43	26	1,5	243	13,5	46	1024	219	0
12/01/2005	11	4	0,4	3	18	23	39	2,6	247	16,3	33	1022	349	0
12/01/2005	12	4	0,5	4	26	32	40	2,2	236	18,4	28	1019	433	0
12/01/2005	13	4	0,5	3	32	36	44	2,2	236	20,1	24	1017	464	0
12/01/2005	14	4	0,5	2	8	10	80	1,7	236	21,9	21	1016	442	0
12/01/2005	15	4	0,4	2	4	6	88	1,2	246	22,8	23	1015	355	0
12/01/2005	16	4	0,4	2	4	6	86	0,6	242	21,9	28	1015	210	0
12/01/2005	17	4	0,4	2	4	6	72	0,9	209	16,4	47	1016	41	0
12/01/2005	18	4	0,4	2	4	6	56	1,1	179	9,8	79	1016	0	0
12/01/2005	19	4	0,4	2	6	8	38	0,9	202	7,4	88	1017	0	0
12/01/2005	20	4	0,4	2	13	16	33	1,8	220	7,4	90	1017	0	0
12/01/2005	21	4	0,4	2	20	23	29	1,1	207	8,1	89	1018	0	0
12/01/2005	22	4	0,4	2	19	22	28	1,8	221	7,6	90	1018	1	0
12/01/2005	23	4	0,4	2	15	18	27	1,7	218	6,9	90	1019	1	0
13/01/2005	00	4	0,4	2	10	13	27	2	216	5,6	91	1019	1	0
13/01/2005	01	4	0,4	2	10	13	31	2,7	241	6,1	91	1019	1	0
13/01/2005	02	4	0,4	2	5	8	33	1,9	224	5,5	84	1019	0	0
13/01/2005	03	4	0,4	2	4	7	42	1,2	218	4,9	83	1019	0	0
13/01/2005	04	4	0,4	2	4	6	47	1,3	225	4,7	82	1019	0	0
13/01/2005	05	4	0,4	2	4	6	48	1	205	4,2	82	1019	0	0
13/01/2005	06	4	0,4	2	4	6	59	2,4	247	5,6	78	1019	0	0
13/01/2005	07	4	0,4	2	4	6	58	1	215	5,4	77	1020	0	0
13/01/2005	08	4	0,4	2	4	6	45	1	218	5	81	1021	1	0
13/01/2005	09	4	0,4	14	26	48	25	0,2	157	12,7	56	1021	65	0
13/01/2005	10	4	0,4	6	25	33	33	0,9	247	19,9	33	1019	208	0
13/01/2005	11	4	0,4	6	24	32	40	0,5	300	24,2	25	1018	332	0
13/01/2005	12	4	0,4	2	10	13	59	0,6	356	25,4	24	1017	421	0
13/01/2005	13		0,4	2	4	7	74	1	45	23,3	33	1016	434	0
13/01/2005	14	4	0,4	2	4	6	83	1,2	61	21,1	38	1016	366	0
13/01/2005	15	4	0,4	2	4	6	91	1,7	86	17,7	49	1016	265	0
13/01/2005	16	4	0,4	2	4	6	90	1,2	93	15,4	61	1016	116	0
13/01/2005	17	4	0,4	2	4	6	85	0,7	66	13,3	73	1017	24	0
13/01/2005	18	4	0,4	6	23	33	37	0,3	29	10,9	80	1017	0	0
13/01/2005	19	4		56	28	114	18	0,3	10	8,8	87	1018	1	0
13/01/2005	20	4	0,4	55	10	96	17	0,3	23	7,2	90	1018	1	0
13/01/2005	21	4	0,4	26	6	46	18	0,3	196	6,7	91	1019	1	0
13/01/2005	22	4	0,4	6	7	17	19	0,5	188	6,5	93	1019	1	0
13/01/2005	23	4	0,4	3	5	10	21	0,7	175	6,3	94	1019	1	0
14/01/2005	00	4	0,4	2	4	8	22	0,5	193	5,4	94	1019	1	0
14/01/2005	01	4	0,4	3	5	9	24	0,7	184	5,1	95	1019	1	0
14/01/2005	02	4	0,4	2	6	10	21	0,7	202	4,8	95	1019	1	0
14/01/2005	03	4	0,4	2	7	10	21	0,9	199	5,1	95	1019	1	0
14/01/2005	04	4	0,4	2	5	8	21	0,7	208	4,7	95	1019	1	0
14/01/2005	05	4	0,4	2	4	7	22	0,5	230	3,6	95	1019	1	0
14/01/2005	06	4	0,4	2	4	6	23	0,3	163	2,6	95	1020	0	0
14/01/2005	07	4	0,4	2	4	6	26	0,3	175	2,3	95	1020	0	0
14/01/2005	08	4	0,4	3	5	9	24	0,5	215	2	95	1021	1	0
14/01/2005	09	4	0,4	23	5	41	24	0,3	188	6	94	1021	50	0
14/01/2005	14	4	0,5					0,4	165	24,7	29	1013	405	0
14/01/2005	15	4	0,5	2	4	6		1	111	20,9	45	1012	308	0
14/01/2005	16	4	0,5	2	4	6	75	1,4	105	17,2	62	1013	182	0
14/01/2005	17	4	0,5	2	4	6	74	0,7	103	14,6	72	1013	39	0
14/01/2005	18	4	0,5	2	4	7	63	0,2	129	11,1	83	1013	0	0
14/01/2005	19	4	0,7	26	27	67	22	0,3	4	8,6	89	1014	0	0
14/01/2005	20	4	1	40	29	90	18	0,6	17	8	89	1014	0	0
14/01/2005	21	4	1,1	43	19	85	19	0,3	14	6,5	90	1015	0	0
14/01/2005	22	4	0,7	26	7	47	19	0,3	159	4,6	92	1015	1	0
14/01/2005	23	4	0,5	12	5	23	20	0,3	186	4,4	94	1016	1	0
15/01/2005	00	4	0,6	3	7	12	21	0,3	202	4,9	96	1016	1	0
15/01/2005	01	4	0,8	3	7	12	22	0,3	206	6,2	96	1015	0	0
15/01/2005	02	4	0,7	3	5	8	25	0,3	193	7	96	1015	1	0
15/01/2005	03	4	0,6	2	4	6	25	0,3	203	7,5	96	1015	1	0,2
15/01/2005	04	4	0,7	2	5	8	20	0,4	206	7,7	96	1014	1	0
15/01/2005	05	4	0,7	2	7	9	25	1	219	8	96	1013	1	0
15/01/2005	06	4	0,6	2	5	8	29	1,4	225	8,1	96	1014	0	0
15/01/2005	07	4	0,6	2	4	6	31	0,5	232	8,1	96	1014	0	0
15/01/2005	08	4	0,5	2	4	6	44	0,6	234	7,9	96	1014	0	0
15/01/2005	09	4	0,5	2	4	6	48	1,2	244	7,7	95	1014	6	0
15/01/2005	10	4	0,5	2	4	6	43	1,5	245	8,3	95	1015	57	0
15/01/2005	11	4	0,5	2	4	6	40	1,9	238	9,3	93	1015	130	0
15/01/2005	12	4	0,5	2	5	7	45	1,7	228	14	69	1013	342	0
15/01/2005	13	4	0,5	2	4	7	59	0,8	233	20,9	42	1012	432	0
15/01/2005	14	4	0,5	2	4	6	79	0,3	161	22,8	37	1011	403	0
15/01/2005	15	4	0,5	2	4	6	84	0,5	58	22,1	41	1010	305	0
15/01/2005	16	4	0,5	2	4	6	89	0,8	67	18,7	49	1010	191	0
15/01/2005	17	4	0,5	2	4	6	78	0,4	93	13,9	66	1010	28	0
15/01/2005	18	4	0,5	2	9	11	37	0,5	57	9,3	83	1011	0	0
15/01/2005	19	4	0,5	2	5	7	28	0,3	345	7,3	89	1011	0	0
15/01/2005	20	4	0,5	3	4	7	20	0,3	48	5,5	91	1012	0	0
15/01/2005	21	4	0,5	3	4	8	22	0,3	179	4,8	92	1013	0	0
15/01/2005	22	4	0,5	2	4	6	21	0,3	195	4,4	93	1013	1	0
15/01/2005	23	4	0,5	2	4	6	21	0,5	192	4,1	93	1014	1	0
16/01/2005	00	5	0,5	2	4	8	21	0,6	203	4	94	1014	1	0
16/01/2005	01	5	0,5	2	4	6	22	0,8	207	4,5	94	1014	0	0
16/01/2005	02	4	0,5	2	4	7	25	0,7	196	4,7	95	1014	1	0
16/01/2005	03	4	0,6	2	5	8	20	0,6	205	4,7	95	1015	0	0
16/01/2005	04	4	0,5	2	4	6	21	0,6	195	4,6	95	1015	1	0
16/01/2005	05	4	0,5	2	4	6	22	0,3	208	4,1	95	1015	0	0
16/01/2005	06	4	0,5	2	4	6	25	0,7	211	3,6	96	1015	0	0
16/01/2005	07	4	0,5	2	4	6	24	0,5	222	4,3	96	1016	0	0
16/01/2005	08	4	0,5	2	4	6	32	0,5	229	4,8	96	1016	0	0
16/01/2005	09	4	0,5	2	4	6	35	0,8	237	6,1	96	1017	29	0
16/01/2005	10	4	0,5	2	4	6	40	1,4	244	10,8	87	1017	174	0
16/01/2005	11	4	0,5	2	4	6	51	1,7	249	16,9	53	1016	314	0
16/01/2005	12	4	0,5	2	4	6	71	0,6	220	22,2	38	1014	425	0
16/01/2005	13		0,5	2	4	6	91	1,3	21	20	45	1013	296	0
16/01/2005	14	5	0,5	2	4	6	106	1,6	47	18,5	50	1013	330	0
16/01/2005	15	5	0,5	2	4	6	111	2,1	60	17,1	55	1012	260	0
16/01/2005	16	5	0,5	2	4	6	109	2	51	15,7	62	1013	165	0
16/01/2005	17	5	0,5	2	4	6	106	1,7	49	14,4	68	1013	55	0
16/01/2005	18	5	0,5	2	4	6	79	0,8	32	10,8	79	1014	0	0
16/01/2005	19	5	0,5	2	4	6	42	0,3	31	8,8	88	1015	0	0
16/01/2005	20	4	0,5	2	4	6	25	0,2	75	7,6	90	1015	0	0
16/01/2005	21	4	0,5	2	4	6	25	0,3	143	6,5	91	1015	0	0
16/01/2005	22	4	0,5	2	4	6	25	0,3	174	5,9	92	1016	0	0
16/01/2005	23	4	0,5	2	4	6	22	0,3	178	6	93	1016	0	0
17/01/2005	00	5	0,5	2	4	6	24	0,3	210	6,6	93	1016	0	0
17/01/2005	01	5		2	4	6	26	0,3	233	6,6	93	1016	1	0
17/01/2005	02	4		2	4	6	28	0,3	190	6,3	93	1016	0	0
17/01/2005	03	4		2	4	6	25	0,3	186	5,3	93	1016	0	0
17/01/2005	04	4		2	4	6	23	0,3	190	3,9	93	1017	0	0
17/01/2005	05	4		2	4	6	26	0,5	195	4,2	95	1017	0	0
17/01/2005	06	4		2	4	6	30	0,5	210	5,3	95	1017	0	0
17/01/2005	07	5		2	4	6	27	0,5	202	5,3	95	1017	0	0
17/01/2005	08	5		2	5	8	20	0,5	210	5,5	95	1017	1	0
17/01/2005	09	5		5	15	24	21	1	236	7,9	96	1017	35	0
17/01/2005	10	5		13	21	41	23	1,5	239	12	79	1017	163	0
17/01/2005	11	5		5	23	32	31	2	241	14,6	59	1016	246	0
17/01/2005	12	6		3	20	25	42	1,5	246	19,3	43	1015	372	0
17/01/2005	13	5		2	6	8	77	0,4	356	22,9	33	1013	385	0
17/01/2005	14	6		2	4	6	90	0,4	140	21,2	37	1012	337	0
17/01/2005	15	5		2	4	6	97	1	139	20,7	39	1012	412	0
17/01/2005	16	5		2	4	6	89	0,9	84	16,4	55	1012	128	0
17/01/2005	17	5		2	4	6	97	0,8	110	14,7	62	1012	59	0
17/01/2005	18	4		2	4	6	63	0,3	160	10,1	79	1012	0	0
17/01/2005	19	5		2	4	6	46	0,3	218	7,8	89	1012	0	0
17/01/2005	20	4		6	9	18	27	0,5	190	6,3	92	1013	0	0
17/01/2005	21	4		3	6	10	19	0,6	206	4,7	92	1014	0	0
17/01/2005	22	4		2	4	6	22	0,5	188	4,3	93	1015	0	0
17/01/2005	23	4		2	4	6	26	0,5	203	3,9	94	1015	0	0
18/01/2005	00	4		2	4	6	25	0,6	197	3,7	94	1015	0	0
18/01/2005	01	4		9	13	27	20	0,9	206	3,8	95	1015	0	0
18/01/2005	02	4		16	12	36	18	0,5	159	3,3	95	1015	0	0
18/01/2005	03	4		3	9	14	18	0,9	216	2,7	95	1015	0	0
18/01/2005	04	4		2	4	6	24	0,8	200	3,5	96	1015	0	0,2
18/01/2005	05	4		2	4	6	31	1,6	191	3,6	96	1014	0	0
18/01/2005	06	4		2	4	6	30	2,4	229	3,4	96	1014	0	0
18/01/2005	07	4		2	4	6	26	1,7	227	2,7	96	1014	0	0
18/01/2005	08	4		2	6	9	24	1,8	241	3,5	96	1015	1	0
18/01/2005	09	4		12	17	36	22	4,5	250	8	83	1014	78	0
18/01/2005	10	5		21	21	53	21	3,7	241	13,4	56	1013	218	0
18/01/2005	11	6		8	26	39	30	3,8	237	17,1	40	1011	345	0
18/01/2005	12	5		2	14	17	49	4,2	232	19,6	32	1009	439	0
18/01/2005	13			2	6	8	66	2,7	248	22,7	25	1006	478	0
18/01/2005	14	5		2	5	8	75	3	230	24,7	20	1005	438	0
18/01/2005	15	5		2	4	6	90	3,7	227	24,2	18	1003	375	0
18/01/2005	16	5		2	4	6	87	3,1	235	23,1	21	1002	244	0
18/01/2005	17	5		2	6	8	69	0,7	229	21,2	29	1001	69	0
18/01/2005	18	5		2	4	7	67	2,2	248	15,4	41	1002	0	0
18/01/2005	19	5		2	4	6	81	3,6	259	15,3	38	1003	0	0
18/01/2005	20	5		2	4	6	83	3,3	287	15,7	35	1004	0	0
18/01/2005	21	5		2	4	6	77	3,2	287	14,3	40	1005	0	0
18/01/2005	22	5		2	4	6	84	6,9	280	15,6	39	1007	0	0
18/01/2005	23	4		2	4	6	82	4,6	281	14,1	43	1007	0	0
19/01/2005	00	4		2	4	6	84	4,6	304	13,6	41	1008	0	0
19/01/2005	01	4		2	4	6	88	3,1	315	13,6	40	1008	0	0
19/01/2005	02	4		2	4	6	83	2,8	307	11,7	48	1008	0	0
19/01/2005	03	4		2	4	6	81	1,3	227	9,8	55	1009	0	0
19/01/2005	04	4		2	4	6	89	3,5	254	10,2	49	1010	0	0
19/01/2005	05	4		2	4	6	94	2,8	274	10	47	1010	0	0
19/01/2005	06	4		2	4	6	93	5,2	276	9,5	46	1010	0	0
19/01/2005	07	4		2	4	6	89	3,5	278	9,1	45	1011	0	0
19/01/2005	08	4		2	4	6	82	3,5	290	9,9	42	1012	1	0
19/01/2005	09	4		2	4	7	81	2,7	297	15,2	31	1012	89	0
19/01/2005	10	4		2	4	6	86	4,4	259	17,6	28	1011	230	0
19/01/2005	11	4		2	4	6	92	5,4	264	18,5	26	1011	352	0
19/01/2005	12	4		2	4	6	94	5,9	282	18,8	24	1010	439	0
19/01/2005	13	4		2	4	6	92	3,9	291	20,9	22	1009	471	0
19/01/2005	14	4		2	4	6	91	5,5	282	21,4	22	1008	459	0
19/01/2005	15	4		2	4	6	89	5,2	278	20,9	24	1008	375	0
19/01/2005	16	4		2	4	6	89	6,2	275	20,1	26	1007	246	0
19/01/2005	17	4		2	4	6	86	4,9	279	18,6	29	1008	99	0
19/01/2005	18	4		2	4	6	77	3,1	265	14,8	37	1008	1	0
19/01/2005	19	4		2	4	7	67	3	277	13,9	40	1009	0	0
19/01/2005	20	4		2	4	6	85	3,6	283	15,5	37	1009	0	0
19/01/2005	21	4		2	4	6	84	6,6	288	15,8	38	1010	0	0
19/01/2005	22	4		2	4	6	84	7,4	287	15,5	39	1009	0	0
19/01/2005	23	4		2	4	6	86	6,8	299	15,2	41	1010	0	0
20/01/2005	00	5		2	4	6	84	4,9	297	14,6	44	1010	0	0
20/01/2005	01	4		2	4	6	83	4,6	288	14,2	46	1010	0	0
20/01/2005	02	4		2	4	6	83	4,9	276	13,7	48	1010	0	0
20/01/2005	03	4		2	4	6	83	4,5	259	13,2	51	1010	0	0
20/01/2005	04	4		2	4	6	84	3,6	281	13	52	1011	0	0
20/01/2005	05	4		2	4	6	84	3,7	254	12,6	54	1011	0	0
20/01/2005	06	4		2	4	6	82	2,4	258	12	56	1012	0	0
20/01/2005	07	4		2	4	6	76	2,7	258	11,9	56	1012	0	0
20/01/2005	08	4		2	4	6	55	1,7	226	10,6	64	1012	0	0
20/01/2005	09	4		2	5	7	53	2,3	229	16,9	43	1013	81	0
20/01/2005	10	4		2	4	6	61	2,6	240	21,2	33	1013	235	0
20/01/2005	11	4		2	4	6	73	2,6	236	24,3	27	1013	365	0
20/01/2005	12	5		2	4	6	78	2,5	241	25,6	25	1013	436	0
20/01/2005	13			2	4	6	82	2,6	230	26,1	24	1012	492	0
20/01/2005	14	6		2	4	6	86	1,6	221	26,8	23	1011	468	0
20/01/2005	15	6		2	4	6	90	1,8	231	27	22	1011	388	0
20/01/2005	16	6		2	4	6	91	2,2	225	25,6	25	1011	255	0
20/01/2005	17	5		2	4	6	83	1,3	213	22,9	30	1011	94	0
20/01/2005	18	6		2	4	6	65	1,3	183	16	51	1012	1	0
20/01/2005	19	5		2	4	6	55	1,5	195	12,2	66	1013	0	0
20/01/2005	20	5		2	4	6	57	1,4	200	11,2	69	1013	0	0
20/01/2005	21	5		2	4	6	45	1,3	196	10,1	75	1013	0	0
20/01/2005	22	5		2	5	8	38	1,2	217	9,3	76	1013	0	0
20/01/2005	23	5		2	7	9	32	1,8	242	8,7	78	1014	0	0
21/01/2005	00	5		2	8	10	30	1	240	8,3	79	1014	0	0
21/01/2005	01	5		2	4	6	36	1,3	222	8	79	1013	0	0
21/01/2005	02	5		2	4	6	40	0,4	188	7,4	80	1013	0	0
21/01/2005	03	4		2	4	6	38	1	197	6,9	82	1013	0	0
21/01/2005	04	4		2	4	6	43	2,7	234	7,6	79	1012	0	0
21/01/2005	05	4		2	4	6	33	1	182	6,6	81	1012	0	0
21/01/2005	06	4		2	4	6	38	0,9	171	5,4	87	1012	0	0
21/01/2005	07	4		2	4	6	43	2	257	7,1	79	1012	0	0
21/01/2005	08	5		2	8	11	32	3,3	241	8,1	74	1012	0	0
21/01/2005	09	5		3	14	18	31	1,9	291	15,7	45	1012	86	0
21/01/2005	13							3,8	241	25,7	22	1008	510	0
21/01/2005	15						64	2,7	233	27,6	18	1004	402	0
21/01/2005	16	4	0,4	2	6	9	64	2,1	224	27,2	19	1004	267	0
21/01/2005	17	4	0,4	2	8	11	57	1	197	25	24	1005	100	0
21/01/2005	18	4	0,5	2	22	25	29	1,1	183	16,1	44	1006	1	0
21/01/2005	19	4	0,5	4	30	36	11	0,4	192	10,6	63	1007	0	0
21/01/2005	20	4	0,5	3	25	30	8	0,3	232	8,6	72	1007	1	0
21/01/2005	21	4	0,6	5	32	39	5	1	239	7,5	83	1008	1	0
21/01/2005	22	4	0,6	2	35	38	6	1,4	213	8,1	82	1008	1	0
21/01/2005	23	4	0,6	2	29	33	11	2	218	8,2	71	1008	0	0
22/01/2005	00	4	0,5	2	21	23	21	1	216	8,5	60	1008	0	0
22/01/2005	01	4	0,5	2	14	17	24	0,8	182	6,9	63	1008	0	0
22/01/2005	02	4	0,5	2	11	15	29	1,3	322	7,5	59	1008	0	0
22/01/2005	03	4	0,5	2	9	12	29	0,6	222	6,1	64	1008	0	0
22/01/2005	04	4	0,4	2	5	8	36	1,8	229	6,6	64	1009	0	0
22/01/2005	05	4	0,4	2	6	9	32	0,7	244	5,6	68	1009	0	0
22/01/2005	06	4	0,4	2	9	11	29	1,3	222	4,7	73	1009	0	0
22/01/2005	07	4	0,4	2	6	9	27	0,8	231	4,2	73	1010	0	0
22/01/2005	08	4	0,5	5	15	22	19	1	215	5,3	70	1011	1	0
22/01/2005	09	4	0,5	32	24	72	5	0,5	24	12,4	44	1011	91	0
22/01/2005	10	4	0,6	24	31	68	12	0,3	347	21,8	24	1009	246	0
22/01/2005	11	4	0,5	4	22	29	33	0,4	233	25,2	22	1008	375	0
22/01/2005	12	4	0,4	2	12	16	51	0,4	20	26,6	25	1008	466	0
22/01/2005	13		0,4	2	14	17	57	1	41	25,5	27	1006	500	0
22/01/2005	14		0,4	11	35	51	69	2	56	23,3	39	1005	468	0
22/01/2005	15	4	0,4	2	4	8	78	2,1	61	21,5	47	1005	387	0
22/01/2005	16	4	0,4	2	4	7	78	2,2	54	20,8	51	1006	244	0
22/01/2005	17	4	0,4	2	4	8	72	1,4	55	17,7	62	1006	74	0
22/01/2005	18	4	0,4	2	9	12	47	0,6	55	12,5	80	1007	0	0
22/01/2005	19	4	0,4	3	24	28	10	0,3	52	8,7	89	1007	0	0
22/01/2005	20	4	0,4	2	11	14	11	0,2	192	6,9	91	1008	1	0
22/01/2005	21	5	0,4	2	9	12	10	0,2	212	7,4	93	1008	1	0
22/01/2005	22	4	0,4	2	9	13	7	0,3	194	7,1	93	1008	1	0
22/01/2005	23	4	0,4	2	8	11	7	0,3	192	7,1	94	1009	1	0
23/01/2005	00	4	0,4	3	9	15	5	0,3	196	7,4	94	1009	1	0
23/01/2005	01	4	0,5	2	14	17	7	0,2	182	8,6	95	1009	1	0
23/01/2005	02	4	0,4	2	9	13	5	0,3	193	8,8	94	1008	1	0
23/01/2005	03	4	0,4	3	7	11	6	0,4	211	7,3	94	1008	1	0
23/01/2005	04	4	0,4	2	8	11	7	0,9	199	6,4	95	1009	1	0
23/01/2005	05	4	0,4	2	6	9	7	0,6	194	6	95	1009	1	0
23/01/2005	06	4	0,4	2	5	8	13	0,6	217	6,1	95	1009	1	0
23/01/2005	07	4	0,4	2	5	8	16	0,7	192	5,5	95	1009	1	0
23/01/2005	08	4	0,4	2	5	8	13	0,5	194	4,9	95	1010	2	0
23/01/2005	09	4	0,4	2	6	10	22	1,1	232	9,3	92	1010	70	0
23/01/2005	10	4	0,4	2	5	9	35	2,2	242	15,9	63	1008	213	0
23/01/2005	11	4	0,4	2	5	7	52	2,6	243	18,9	46	1008	362	0
23/01/2005	12	4	0,4	2	4	7	66	2,5	245	21	40	1006	458	0
23/01/2005	13	4	0,4	2	5	8	74	2	236	22,3	36	1005	485	0
23/01/2005	14	4	0,4	2	8	11	82	1,7	220	22,7	35	1003	467	0
23/01/2005	15	4	0,4	3	4	8	88	1,1	224	23,6	33	1002	388	0
23/01/2005	16	4	0,4	2	4	7	92	0,8	231	23,7	33	1001	259	0
23/01/2005	17	4	0,4	2	4	7	84	0,6	217	20,6	43	1001	92	0
23/01/2005	18	4	0,4	2	5	8	67	1	181	13,1	71	1001	1	0
23/01/2005	19	4	0,4	2	7	10	50	1,1	185	10	83	1001	0	0
23/01/2005	20	4	0,4	2	5	8	35	0,9	186	7,6	89	1002	0	0
23/01/2005	21	4	0,4	2	9	13	31	1	208	7,6	92	1003	1	0
23/01/2005	22	4	0,4	2	11	14	36	1,8	223	7,9	93	1003	1	0
23/01/2005	23	4	0,4	2	12	15	31	2,8	241	7,8	92	1002	1	0
24/01/2005	00	4	0,4	2	11	14	33	3,7	241	8,2	91	1002	1	0
24/01/2005	01	4	0,4	2	10	13	25	1,3	219	6,9	90	1002	0	0
24/01/2005	02	4	0,4	2	11	14	23	2,2	239	6,5	92	1002	1	0
24/01/2005	03	4	0,4	2	9	12	24	1,7	220	6,1	91	1002	1	0
24/01/2005	04	4	0,4	2	8	11	21	0,6	240	5	88	1002	0	0
24/01/2005	05	4	0,4	2	5	8	21	0,4	215	4	90	1003	0	0
24/01/2005	06	4	0,4	2	5	7	15	0,3	160	3,2	90	1003	0	0
24/01/2005	07	4	0,4	12	13	30	7	0,4	20	3,4	91	1004	1	0
24/01/2005	08	4	0,4	6	15	25	7	0,6	187	3,6	91	1004	1	0
24/01/2005	09	4	0,5	23	24	60	8	0,3	188	6,4	88	1004	36	0
24/01/2005	10	4	0,7	64	27	124	8	0,4	15	14,1	56	1004	225	0
24/01/2005	11	4	0,4	10	26	42	27	0,7	230	20	31	1001	317	0
24/01/2005	12	4	0,4	2	19	23	42	0,4	245	24	23	1001	420	0
24/01/2005	13	4	0,4	3	16	19	56	0,4	344	25,6	20	999	463	0
24/01/2005	14		0,4	2	6	9	72	0,9	148	23,2	25	998	451	0
24/01/2005	15	4	0,4	2	6	9	78	2,9	83	17,7	48	998	370	0
24/01/2005	16	4	0,4	2	4	7	77	2,3	84	16,7	51	998	257	0
24/01/2005	17	4	0,4	2	6	9	70	1,7	66	15,9	53	999	93	0
24/01/2005	18	4	0,4	2	12	15	39	0,4	75	10,4	73	1000	1	0
24/01/2005	19	4	0,4	2	8	12	20	0,3	188	6,5	88	1000	0	0
24/01/2005	20	4	0,4	4	17	22	8	0,2	200	4,8	91	1001	0	0
24/01/2005	21	4	0,4	6	18	27	6	0,3	201	4,2	92	1003	1	0
24/01/2005	22	4	0,4	5	17	25	28	1,8	201	5,9	74	1004	0	0
24/01/2005	23	4	0,4	2	5	8	76	3	333	8,2	33	1004	0	0
25/01/2005	00	4	0,4	2	5	8	79	1,6	325	6,5	36	1005	0	0
25/01/2005	01	4	0,4	2	4	7	81	2,7	318	6,3	38	1006	0	0
25/01/2005	02	4	0,4	5	7	14	74	5,8	305	6,5	37	1006	0	0
25/01/2005	03	4	0,4	3	8	12	81	7,3	315	6,2	30	1006	0	0
25/01/2005	04	4	0,4	2	4	7	90	7,9	313	6,1	24	1006	0	0
25/01/2005	05	4	0,4	2	4	7	91	7,6	307	6	24	1007	0	0
25/01/2005	06	4	0,4	2	4	6	88	6,7	306	5,2	27	1007	0	0
25/01/2005	07	4	0,4	2	4	7	87	7,8	304	5,5	24	1008	0	0
25/01/2005	08	4	0,4	2	5	8	77	5,3	290	5,4	29	1008	1	0
25/01/2005	09	4	0,4	3	6	10	78	5,3	302	8,8	23	1008	103	0
25/01/2005	10	4	0,4	3	5	9	81	5,9	317	10,4	19	1007	268	0
25/01/2005	11	4	0,4	2	4	8	82	8,1	315	10,2	16	1007	409	0
25/01/2005	12	4	0,4	3	4	8	84	6,8	311	11,1	13	1006	502	0
25/01/2005	13	4	0,4	2	4	7	83	7,2	313	12	12	1005	533	0
25/01/2005	14	4	0,4	2	4	7	87	8,5	312	11,7	12	1004	514	0
25/01/2005	15	4	0,4	2	4	7	86	8,8	315	11,8	11	1003	408	0
25/01/2005	16	4	0,4	2	5	8	82	7	328	11,9	9	1002	293	0
25/01/2005	17	4	0,4	2	4	8	81	5,3	330	10,7	10	1003	114	0
25/01/2005	18	3	0,4	2	7	11	72	2,7	328	7,2	13	1004	1	0
25/01/2005	19	4	0,4	2	26	29	46	1,5	325	4,5	18	1005	0	0
25/01/2005	20	4	0,4	2	7	10	78	5,2	313	6	15	1006	0	0
25/01/2005	21	4	0,4	2	4	7	86	4,5	307	5,9	21	1006	0	0
25/01/2005	22	4	0,4	2	4	7	85	4,6	302	5,2	26	1006	0	0
25/01/2005	23	4	0,4	2	4	7	86	5,1	296	4,9	29	1006	0	0
26/01/2005	00	3	0,4	2	4	7	87	6,3	320	4,9	27	1006	0	0
26/01/2005	01	4	0,4	5	14	21	69	4,9	325	4,4	31	1006	0	0
26/01/2005	02	4	0,4	2	4	7	86	4	321	4,3	32	1005	0	0
26/01/2005	03	4	0,4	2	4	6	84	2,1	38	3,3	35	1005	0	0
26/01/2005	04	4	0,4	2	4	6	83	6,4	236	3,4	33	1004	0	0
26/01/2005	05	3	0,4	2	4	6	82	6,9	293	3,6	32	1004	0	0
26/01/2005	06	3	0,4	2	4	6	82	6,2	300	3,9	31	1004	0	0
26/01/2005	07	4	0,4	2	4	7	79	5,2	301	4,1	28	1004	0	0
26/01/2005	08	3	0,4	2	5	8	76	5,6	296	4,5	31	1004	0	0
26/01/2005	09	3	0,4	2	4	7	79	5,5	296	5,2	27	1003	17	0
26/01/2005	10	4	0,4	2	4	7	78	5,7	265	5,4	35	1003	111	0
26/01/2005	11	4	0,4	2	5	7	75	5,5	283	8,6	36	1003	339	0
26/01/2005	12	4	0,4	2	5	7	76	5,1	309	10,2	23	1000	372	0
26/01/2005	13	4	0,4	2	5	8	77	4,1	329	12,5	12	998	540	0
26/01/2005	14		0,4	2	6	9	77	2,9	331	13,9	9	997	517	0
26/01/2005	15	3	0,4	2	4	8	81	3,4	322	13,4	9	997	436	0
26/01/2005	16	3	0,4	3	4	8	82	5	316	11,2	11	996	300	0
26/01/2005	17	3	0,4	9	25	37	57	6,3	318	8,8	11	997	116	0
26/01/2005	18	3	0,4	2	5	8	79	4,8	315	5,5	13	997	2	0
26/01/2005	19	4	0,4	2	19	22	54	1,7	324	3,3	18	999	0	0
26/01/2005	20	4	0,4	2	15	19	60	2,6	328	3,4	18	1001	0	0
26/01/2005	21	4	0,4	2	6	9	73	3,3	325	3,4	18	1001	0	0
26/01/2005	22	4	0,4	2	4	7	77	3,9	318	2,4	22	1002	0	0
26/01/2005	23	4	0,4	2	4	7	71	1,1	325		29	1004	0	0
27/01/2005	00	4	0,4	2	5	7	59	0,6	305		45	1004	0	0
27/01/2005	01	4	0,4	2	5	7	59	2,5	280		43	1004	0	0
27/01/2005	02	3	0,4	2	4	7	62	2,2	248		41	1004	0	0
27/01/2005	03	4	0,4	2	4	6	58	1,7	242		46	1004	0	0
27/01/2005	04	4	0,4	2	4	6	58	2,2	240		44	1004	0	0
27/01/2005	05	4	0,4	2	4	6	58	4	242		45	1004	0	0
27/01/2005	06	4	0,4	2	4	7	55	3,2	246		46	1004	0	0
27/01/2005	07	3	0,4	2	4	7	52	4,1	245		48	1005	0	0
27/01/2005	08	3	0,4	2	6	9	49	4,2	247		47	1005	4	0
27/01/2005	09	3	0,4	2	8	11	48	3,9	249	2,2	36	1005	81	0
27/01/2005	10	3	0,4	3	6	10	54	5,3	239	5,3	27	1005	221	0
27/01/2005	11	3	0,4	2	6	9	59	5,1	237	5,2	27	1004	256	0
27/01/2005	13	3	0,4	2	11	13	53	3,7	231	10,1	19	1002	381	0
27/01/2005	14	3	0,5	2	7	10	60	2,1	216	13,5	15	995	442	0
27/01/2005	15	3	0,5	2	7	10	63	1,5	196	10	18	992	164	0
27/01/2005	16	3	0,5	2	5	8	63	1,7	203	9,7	20	992	159	0
27/01/2005	17	3	0,5	2	8	10	59	1,6	166	9,7	20	992	101	0
27/01/2005	18	3	0,5	2	20	22	38	1,8	113	4,6	31	994	3	0
27/01/2005	19	3	0,5	2	17	20	34	0,9	160	1,3	47	996	1	0
27/01/2005	20	3	0,5	2	11	13	17	0,4	203		63	997	0	0
27/01/2005	21	4	0,5	2	4	6	6	0,6	183		73	999	0	0
27/01/2005	22	4	0,5	2	4	6	5	0,9	199		81	1000	0	0
27/01/2005	23	4	0,5	2	4	6	8	1	212		72	1001	0	0
28/01/2005	00	4	0,5	2	4	6	10	0,9	223		67	1001	0	0
28/01/2005	01	4	0,5	2	4	6	17	1,1	232		70	1001	0	0
28/01/2005	02	4	0,6	2	4	6	26	1,4	237		72	1001	0	0
28/01/2005	03	4	0,6	2	4	6	28	2,1	234		64	1002	0	0
28/01/2005	04	4	0,6	2	4	6	39	2	226		63	1002	0	0
28/01/2005	05	4	0,6	2	4	6	45	2,5	241		58	1002	0	0
28/01/2005	06	4	0,6	2	4	6	41	3	243		57	1002	0	0
28/01/2005	07	4	0,6	2	4	6	40	1,7	236		55	1002	0	0
28/01/2005	08	4	0,6	2	4	6	37	4,2	247		48	1002	1	0
28/01/2005	09	3	0,6	2	4	6	29	3,1	244	4,8	32	1002	101	0
28/01/2005	10	3	0,6	2	4	6	41	2,8	248	9,5	21	1001	263	0
28/01/2005	12	4	0,5	2	5	8	78	5,3	288	11	14	1004	500	0
28/01/2005	13	4	0,5	2	5	7	83	5,4	290	11,6	14	1003	535	0
28/01/2005	14		0,5	2	4	6	85	6,3	274	12,5	14	1002	513	0
28/01/2005	15	4	0,5	2	5	7	87	5,3	274	12,9	14	1002	428	0
28/01/2005	16	4	0,5	2	5	7	86	5,5	263	12,8	14	1002	293	0
28/01/2005	17	4	0,5	2	5	7	85	3,9	258	11,8	16	1003	123	0
28/01/2005	18	3	0,4	2	7	9	72	2,1	238	6,5	28	1005	4	0
28/01/2005	19	4	0,4	2	17	20	51	1,5	238	3	39	1005	0	0
28/01/2005	20	4	0,4	2	42	44	26	1,3	203	1,6	43	1006	0	0
28/01/2005	21	4	0,4	2	37	39	35	3,5	236	4	35	1006	0	0
28/01/2005	22	4	0,4	2	27	30	44	3,1	237	4,2	35	1006	0	0
28/01/2005	23	4	0,4	2	29	32	38	1,1	249	3,1	44	1006	0	0
29/01/2005	00	4	0,4	2	10	12	56	1,8	211	3,6	54	1006	0	0
29/01/2005	01	4	0,4	2	5	7	58	1,8	213	3,8	57	1005	0	0
29/01/2005	02	4	0,4	2	5	8	65	2,9	261	5,4	55	1005	0	0
29/01/2005	03	4	0,4	2	5	7	65	3,3	262	5,9	53	1004	0	0
29/01/2005	04	4	0,4	2	5	7	66	4,2	252	5,9	54	1003	0	0
29/01/2005	05	3	0,4	2	5	7	64	4	257	5,3	56	1003	0	0
29/01/2005	06	3	0,4	2	5	7	66	2,5	243	5,7	56	1003	0	0
29/01/2005	07	4	0,4	2	5	8	60	3	259	5,5	57	1003	0	0
29/01/2005	08	3	0,4	2	10	12	56	3,4	279	6,4	53	1004	1	0
29/01/2005	09	3	0,4	2	7	10	62	4,2	285	11,6	35	1003	101	0
29/01/2005	10	3	0,4	2	6	8	68	5,7	289	14,2	30	1001	262	0
29/01/2005	11	4	0,4	2	6	9	76	6,7	296	15,3	27	1000	363	0
29/01/2005	12	3	0,4	2	4	6	79	7,7	291	15,8	26	1000	454	0
29/01/2005	13	3	0,4	2	4	7	81	7,2	291	17,1	24	999	494	0
29/01/2005	14	3	0,4	2	4	7	83	8,1	284	17,2	24	998	471	0
29/01/2005	15	3	0,4	2	4	6	82	6,7	291	15,9	27	998	332	0
29/01/2005	16	3	0,4	2	4	6	78	5,7	294	14,3	29	999	103	0
29/01/2005	17	3	0,4	2	6	8	75	5,4	288	13	32	999	12	0
29/01/2005	18	3	0,4	2	5	7	73	5,1	288	12,5	33	1000	0	0
29/01/2005	19	3	0,4	2	7	9	69	3,7	287	11,7	35	1001	0	0
29/01/2005	20	3	0,4	2	5	7	74	4,4	284	11,4	34	1001	0	0
29/01/2005	21	3	0,4	2	5	7	75	3,4	304	11,7	32	1001	0	0
29/01/2005	22	3	0,4	2	10	12	61	1,3	2	10,8	34	1002	0	0
29/01/2005	23	3	0,4	2	10	13	56	1	329	8,5	40	1003	0	0
30/01/2005	00	3	0,4	2	12	15	58	0,8	305	8,1	40	1004	0	0
30/01/2005	01	3	0,4	2	5	8	73	1,5	9	8,8	39	1005	0	0
30/01/2005	02	3	0,4	2	4	7	74	2,3	15	8,1	58	1006	0	0
30/01/2005	03	3	0,4	2	5	7	78	3,6	32	6,7	77	1008	1	0
30/01/2005	04	3	0,4	2	4	7	61	0,5	335	5,6	85	1008	1	0
30/01/2005	05	3	0,4	2	5	7	39	0,4	301	5,2	88	1009	0	0
30/01/2005	06	3	0,4	2	4	6	38	0,6	316	5,4	87	1009	0	0
30/01/2005	07	3	0,4	2	4	6	34	0,8	261	3,5	87	1011	0	0
30/01/2005	08	3	0,4	2	4	6	40	0,7	222	2	89	1013	0	0
30/01/2005	09	4	0,4	2	4	6	36	0,4	213	5,4	81	1014	66	0
30/01/2005	10	3	0,4	2	4	6	49	0,5	231	16,8	35	1014	253	0
30/01/2005	11	4	0,4	2	4	6	67	0,7	316	19,9	22	1012	396	0
30/01/2005	12	3	0,4	2	4	6	76	1	309	20	19	1011	491	0
30/01/2005	13	3	0,4	2	4	6	82	1	16	19,6	19	1011	527	0
30/01/2005	14	3	0,4	2	4	6	88	1	21	18,9	19	1011	504	0
30/01/2005	15		0,4	2	4	6	90	1	43	18,7	20	1011	422	0
30/01/2005	16	3	0,4	2	4	6	91	1,8	130	14,1	31	1011	290	0
30/01/2005	17	3	0,4	2	4	6	92	1,2	130	12,6	33	1012	123	0
30/01/2005	18	3	0,4	2	4	6	73	0,5	109	8,4	48	1013	4	0
30/01/2005	19	3	0,4	2	4	6	41	0,4	190	3,1	74	1014	0	0
30/01/2005	20	3	0,4	2	4	6	22	0,5	182	1,1	84	1016	0	0
30/01/2005	21	4	0,4	2	4	6	18	0,7	169		87	1017	0	0
30/01/2005	22	4	0,4	2	4	6	19	0,8	192		90	1018	0	0
30/01/2005	23	4	0,4	2	4	6	20	0,9	193		91	1019	0	0
31/01/2005	00	3	0,4	2	4	6	13	0,8	206		91	1019	0	0
31/01/2005	01	3	0,4				12	1	212		92	1020	0	0
31/01/2005	02	3	0,4				3	1	203		93	1020	0	0
31/01/2005	03	4	0,4				7	1,3	233		93	1020	0	0
31/01/2005	04	4	0,4				7	1,2	217		93	1020	0	0
31/01/2005	05	3	0,4				14	1,3	227		93	1020	0	0
31/01/2005	06	4	0,4				16	1,1	205		92	1021	0	0
31/01/2005	07	4	0,4				17	0,9	214		89	1021	0	0
31/01/2005	08	4	0,4				9	1,5	229		88	1022	1	0
31/01/2005	09	4	0,4				11	1,6	234	6,4	48	1023	107	0
31/01/2005	10	4	0,4				22	3,1	244	10,9	31	1022	267	0
31/01/2005	11	4	0,4				24	3,5	247	13,5	24	1021	402	0
31/01/2005	12	4	0,4				40	1,8	247	16,9	20	1019	496	0
31/01/2005	13	4	0,4				68	0,6	229	20,6	16	1017	534	0
31/01/2005	14	4	0,4				84	0,6	186	20,2	14	1016	514	0
31/01/2005	15	4	0,4				90	0,4	131	20,8	13	1015	432	0
31/01/2005	16	4	0,4				94	0,4	41	20,7	13	1015	297	0
31/01/2005	17	4	0,4				93	2,1	122	12,9	33	1015	125	0
31/01/2005	18	4	0,4				85	0,8	141	8,5	52	1016	4	0
31/01/2005	19	4	0,4				44	0,5	215	3,7	72	1017	0	0
31/01/2005	20	4	0,4				33	0,7	218	2,5	78	1019	0	0
31/01/2005	21	4	0,4				14	0,4	175	0,5	84	1020	0	0
31/01/2005	22	4	0,4				6	0,5	192		88	1021	0	0
31/01/2005	23	4	0,4				3	0,6	190		90	1022	0	0
