Red: Red de Vigilancia y Control de la Contaminación Atmosférica
Estación: 12084003-Onda
	
FECHA	HORA	SO2	PST	NO	NO2	NOx	O3
		µg/m³	µg/m³	µg/m³	µg/m³	µg/m³	µg/m³
01/01/1995	01	5	35	6	4	12	56
01/01/1995	02	4	28	7	4	13	55
01/01/1995	03	4	19	9	4	15	60
01/01/1995	04	4	12	9	4	15	59
01/01/1995	05	4	17	9	4	15	59
01/01/1995	06	4	37	8	4	14	59
01/01/1995	07	4	10	9	4	15	59
01/01/1995	08	4	19	9	4	15	76
01/01/1995	09	5	5	10	4	17	76
01/01/1995	10	5	14	10	4	18	69
01/01/1995	11	5	5	11	5	20	64
01/01/1995	12	4	20	10	4	19	69
01/01/1995	13	5	18	10	5	19	67
01/01/1995	14	4	19	7	4	13	71
01/01/1995	15	4	14	6	4	12	72
01/01/1995	16	4	17	7	4	13	71
01/01/1995	17	4	10	8	4	14	71
01/01/1995	18	4	10	7	4	14	70
01/01/1995	19	4	5	5	4	9	70
01/01/1995	20	4	5	4	4	8	69
01/01/1995	21	5	5	4	4	9	70
01/01/1995	22	5	5	4	4	10	70
01/01/1995	23	5	5	4	4	10	70
02/01/1995	00	4	5	4	4	10	70
02/01/1995	01	5	5	4	4	10	70
02/01/1995	02	4	5	4	4	10	71
02/01/1995	03	4	5	4	4	10	71
02/01/1995	04	4	5	4	4	10	70
02/01/1995	05	4	5	4	4	10	70
02/01/1995	06	5	7	4	4	10	71
02/01/1995	07	5	5	4	4	10	72
02/01/1995	08	6	13	4	4	10	72
02/01/1995	09	6	11	4	4	10	71
02/01/1995	10	5	5	4	4	10	69
02/01/1995	11	4	27	4	4	10	67
02/01/1995	12	5	143	4	4	9	68
02/01/1995	13	5	91	4	4	8	67
02/01/1995	14	6	52	4	4	9	70
02/01/1995	15	5	32	6	4	11	70
02/01/1995	16	6	14	6	4	12	68
02/01/1995	17	5	11	7	4	13	70
02/01/1995	18	5	7	7	4	14	70
02/01/1995	19	4	5				65
02/01/1995	20	3	5	4	5	10	61
02/01/1995	21	3	5	4	4	10	49
02/01/1995	22	3	5	4	4	10	62
02/01/1995	23	3	5	4	4	10	62
03/01/1995	00	3	5	4	4	10	59
03/01/1995	01	3	5	4	4	10	59
03/01/1995	02	4	5	4	4	10	56
03/01/1995	03	4	5	4	5	10	53
03/01/1995	04	4	13	4	4	10	59
03/01/1995	05	3	19	4	4	10	60
03/01/1995	06	4	6	4	9	15	35
03/01/1995	07	3	56	4	7	13	24
03/01/1995	08	3	7	4	4	10	35
03/01/1995	09		5	3	4	7	22
03/01/1995	10		5	3	4	7	27
03/01/1995	11	5	31	4	7	13	46
03/01/1995	12	6	102	4	4	10	67
03/01/1995	13	8	86	4	5	11	67
03/01/1995	14	10	275	6	12	21	60
03/01/1995	15	12	117	10	16	31	61
03/01/1995	16	12	66	12	15	34	60
03/01/1995	17	7	73	12	14	33	62
03/01/1995	18	8	48	12	34	52	36
03/01/1995	19	4	28	6	37	46	10
03/01/1995	20	3	19	4	19	25	9
03/01/1995	21	3	5	4	4	10	22
03/01/1995	22	3	5	4	4	10	26
03/01/1995	23	3	5	4	4	10	34
04/01/1995	00		5	4	4	8	39
04/01/1995	01		10	2	4	6	41
04/01/1995	02		15	2	4	6	45
04/01/1995	03		13	3	4	7	43
04/01/1995	04		14	4	4	8	45
04/01/1995	05		5	3	4	7	48
04/01/1995	06	4	11	4	4	8	51
04/01/1995	07	3	14	4	4	8	52
04/01/1995	08	3	25	4	4	8	51
04/01/1995	09		17	3	4	7	47
04/01/1995	10		19	3	4	7	49
04/01/1995	11	3	30	4	4	10	59
04/01/1995	12	3	65	4	4	10	63
04/01/1995	13	6	52	4	6	11	61
04/01/1995	14	8	268	4	12	18	60
04/01/1995	15	7	140	7	14	25	63
04/01/1995	16	7	80	10	20	35	57
04/01/1995	17	6	83	12	34	52	42
04/01/1995	18	5	71	9	50	64	18
04/01/1995	19	3	28				5
04/01/1995	20	3	52	5	35	42	15
04/01/1995	21	3	7	4	14	20	22
04/01/1995	22	3	5	4	5	11	22
04/01/1995	23	3	5	4	4	9	28
05/01/1995	00		28	4	4	8	31
05/01/1995	01		19	3	4	7	28
05/01/1995	02		17	2	4	6	23
05/01/1995	03		5	2	4	6	19
05/01/1995	04		5	3	4	7	23
05/01/1995	05		5	3	4	7	31
05/01/1995	06		5	4	4	8	29
05/01/1995	07		8	2	4	6	11
05/01/1995	08		24	3	4	7	13
05/01/1995	09		13	3	5	8	9
05/01/1995	10		32	4	5	10	12
05/01/1995	11	3	45	4	6	11	30
05/01/1995	12	8	51	5	28	35	35
05/01/1995	13	5	183	6	22	30	27
05/01/1995	14	5	192	15	37	60	17
05/01/1995	15	8	111	24	48	84	11
05/01/1995	16	12	97	41	70	133	7
05/01/1995	17	11	135	34	64	116	4
05/01/1995	18	8	107	33	50	100	2
05/01/1995	19	7	105	41	42	105	2
05/01/1995	20	8	110	58	46	135	2
05/01/1995	21	8	111	55	48	133	2
05/01/1995	22	8	119	53	48	129	2
05/01/1995	23	9	139	50	53	130	2
06/01/1995	00	9	133	44	49	116	2
06/01/1995	01	8	132	37	42	99	2
06/01/1995	02	6	101	29	37	82	2
06/01/1995	03	4	7	9	34	47	2
06/01/1995	04	3	5	4	31	36	2
06/01/1995	05	4	37	9	32	46	2
06/01/1995	06	3	63	4	21	27	2
06/01/1995	07	3	59	5	16	23	2
06/01/1995	08	4	72	14	21	43	17
06/01/1995	09	5	61	4	8	14	34
06/01/1995	10	8	61	4	12	18	19
06/01/1995	11	14	71	8	34	47	28
06/01/1995	12	6	224	5	5	12	59
06/01/1995	13	4	75	12	6	24	69
06/01/1995	14	3	175	18	5	32	68
06/01/1995	15	3	42	20	5	35	71
06/01/1995	16	3	79	21	7	38	71
06/01/1995	17	3	148	22	7	40	72
06/01/1995	18	3	225	20	6	36	77
06/01/1995	19	3	246				78
06/01/1995	20	3	49	4	5	10	79
06/01/1995	21	3	27	4	4	10	77
06/01/1995	22	3	5	4	4	10	68
06/01/1995	23	3	5	4	4	10	77
07/01/1995	00	3	5	4	4	10	79
07/01/1995	01	3	5	4	4	10	79
07/01/1995	02	3	19	4	4	10	79
07/01/1995	03	3	5	4	4	10	77
07/01/1995	04	3	36	4	4	10	75
07/01/1995	05	3	5	4	4	10	73
07/01/1995	06	3	5	4	4	10	70
07/01/1995	07	3	5	4	4	10	71
07/01/1995	08	3	5	4	4	10	69
07/01/1995	09	3	5	4	4	10	66
07/01/1995	10		19	4	4	9	68
07/01/1995	11	3	20	4	4	10	70
07/01/1995	12	3	149	4	4	10	72
07/01/1995	13	3	127	5	5	11	74
07/01/1995	14	3	56	8	6	18	74
07/01/1995	15	3	24	9	5	19	75
07/01/1995	16	3	19	10	6	22	75
07/01/1995	17	3	5	11	6	23	74
07/01/1995	18	3	6	12	7	26	70
07/01/1995	19	3	8	8	11	23	32
07/01/1995	20	3	5	4	7	13	27
07/01/1995	21	3	5	4	4	10	65
07/01/1995	22	3	5	4	4	10	72
07/01/1995	23	3	5	4	4	10	71
08/01/1995	00	3	12	4	4	10	70
08/01/1995	01	3	12	4	4	10	69
08/01/1995	02	4	5	4	4	10	67
08/01/1995	03	4	5	4	4	10	67
08/01/1995	04	4	5	4	4	10	66
08/01/1995	05	3	6	4	4	10	64
08/01/1995	06	4	12	4	4	10	64
08/01/1995	07	4	26	4	4	10	63
08/01/1995	08	4	12	4	4	8	63
08/01/1995	09	4	19	4	4	8	63
08/01/1995	10	4	20	4	4	8	63
08/01/1995	11	4	25	4	4	10	65
08/01/1995	12	3	50	4	4	10	69
08/01/1995	13	3	74	4	4	10	73
08/01/1995	14	4	240	4	5	11	76
08/01/1995	15	4	66	8	11	23	74
08/01/1995	16	4	40	10	7	21	78
08/01/1995	17	10	23	18	28	56	56
08/01/1995	18	12	38	13	25	45	45
08/01/1995	19	4	28				35
08/01/1995	20	3	5	4	6	12	40
08/01/1995	21	4	5	4	4	10	53
08/01/1995	22	3	5	4	4	10	45
08/01/1995	23	3	5	4	4	10	47
09/01/1995	00	3	6	4	4	10	37
09/01/1995	01	3	21	4	4	10	45
09/01/1995	02	3	5	4	4	10	40
09/01/1995	03	3	14	4	4	10	44
09/01/1995	04	3	8	4	4	10	39
09/01/1995	05	3	5	4	4	10	38
09/01/1995	06	3	10	4	4	10	26
09/01/1995	07	3	36	4	5	10	15
09/01/1995	08	3	61	4	4	10	21
09/01/1995	09	3	35	4	7	12	11
09/01/1995	10		45	4	6	11	39
09/01/1995	11	9	35	7	14	25	54
09/01/1995	12	10	111	5	10	18	62
09/01/1995	13	5	253	7	4	14	77
09/01/1995	14	5	68	11	4	21	77
09/01/1995	15	7	18	12	4	23	75
09/01/1995	16	11	7	14	4	25	72
09/01/1995	17	13	16	14	4	25	72
09/01/1995	18	12	27	16	4	28	71
09/01/1995	19	6	17	15	4	27	70
09/01/1995	20	4	5	10	4	19	72
09/01/1995	21	5	5	5	4	11	71
09/01/1995	22	5	5	4	4	10	71
09/01/1995	23	7	5	4	4	10	70
10/01/1995	00	9	5	4	4	10	70
10/01/1995	01	11	5	4	4	10	72
10/01/1995	02	11	5	4	4	10	72
10/01/1995	03	9	5	4	4	10	69
10/01/1995	04	8	10	4	4	10	70
10/01/1995	05	7	15	4	4	10	70
10/01/1995	06	8	24	4	4	10	68
10/01/1995	07	7	8	4	4	10	70
10/01/1995	08	7	10	4	4	10	66
10/01/1995	09	7	5	4	4	10	63
10/01/1995	10	8	5	4	4	10	66
10/01/1995	11	8	35	4	4	10	69
10/01/1995	12	8	209	4	4	10	69
10/01/1995	13	9	94	9	4	17	70
10/01/1995	14	8	33	13	4	23	68
10/01/1995	15	9	19	15	4	26	68
10/01/1995	16	10	23	15	4	27	69
10/01/1995	17	9	14	15	4	26	71
10/01/1995	18	8	19	17	12	37	56
10/01/1995	19	7	20				57
10/01/1995	20	4	6	4	8	13	44
10/01/1995	21	4	5	4	4	10	30
10/01/1995	22	5	5	4	4	10	25
10/01/1995	23	5	5	4	4	10	45
11/01/1995	00	6	5	4	4	10	66
11/01/1995	01	6	5	4	4	10	69
11/01/1995	02	5	23	4	4	10	67
11/01/1995	03	4	9	4	4	10	68
11/01/1995	04	5	10	4	4	10	57
11/01/1995	05	5	5	4	4	10	59
11/01/1995	06	5	5	4	4	10	69
11/01/1995	07	5	23	4	4	10	66
11/01/1995	08	5	15	4	4	10	63
11/01/1995	09	6	17	4	7	13	50
11/01/1995	10		65	4	34	39	19
11/01/1995	11	18	235	5	38	45	37
11/01/1995	12	12	305	4	8	13	60
11/01/1995	13	6	126	4	4	9	69
11/01/1995	14	5	51	4	4	10	68
11/01/1995	15	4	27	4	5	10	65
11/01/1995	16	3	14	4	5	10	66
11/01/1995	17	4	18	5	6	12	65
11/01/1995	18	4	30	5	7	14	65
11/01/1995	19	4	17	7	6	17	64
11/01/1995	20	4	26	7	7	18	61
11/01/1995	21	4	9	6	7	16	59
11/01/1995	22	3	12	5	6	13	58
11/01/1995	23	3	16	4	5	10	58
12/01/1995	00	3	5	4	4	9	61
12/01/1995	01	3	8	4	4	10	62
12/01/1995	02	3	13	4	4	9	60
12/01/1995	03	4	5	4	4	10	59
12/01/1995	04	3	10	4	4	10	54
12/01/1995	05	3	5	4	4	10	48
12/01/1995	06	3	7	4	4	10	56
12/01/1995	07	3	11	4	4	10	57
12/01/1995	08	4	16	4	4	10	56
12/01/1995	09	4	5	4	4	10	67
12/01/1995	10	4	24	4	4	10	74
12/01/1995	11	3	65	4	4	9	75
12/01/1995	12	3	97	5	5	11	74
12/01/1995	13	5	69	6	6	15	75
12/01/1995	14	5	11	6	7	15	75
12/01/1995	15	5	34	6	6	15	73
12/01/1995	16	4	23	6	6	15	77
12/01/1995	17	4	28	7	7	18	78
12/01/1995	18	4	87	7	7	18	76
12/01/1995	19	4	7				63
12/01/1995	20	5	5	4	6	11	64
12/01/1995	21	5	5	4	4	10	70
12/01/1995	22	5	5	4	4	10	62
12/01/1995	23	5	5	4	4	10	69
13/01/1995	00	5	5	4	4	10	68
13/01/1995	01	4	5	4	4	10	70
13/01/1995	02	5	7	4	4	10	70
13/01/1995	03	8	5	4	4	10	68
13/01/1995	04	5	13	4	4	10	70
13/01/1995	05	5	10	4	4	10	68
13/01/1995	06	7	17	4	4	10	67
13/01/1995	07	8	16	4	4	10	67
13/01/1995	08	8	16	4	4	10	67
13/01/1995	09	7	5	4	4	10	64
13/01/1995	10		19	4	4	10	65
13/01/1995	11	8	29	4	4	10	67
13/01/1995	12	8	65	4	4	10	71
13/01/1995	13	8	206	4	4	10	73
13/01/1995	14	6	91	4	4	10	76
13/01/1995	15	10	42	5	5	11	68
13/01/1995	16	11	38	6	6	15	72
13/01/1995	17	9	22	9	14	27	62
13/01/1995	18	16	78	16	49	74	25
13/01/1995	19	8	109	10	41	57	9
13/01/1995	20	5	55	5	23	30	11
13/01/1995	21	6	6	4	4	10	25
13/01/1995	22	5	5	4	4	10	35
13/01/1995	23	5	5	4	4	10	40
14/01/1995	00	5	5	4	4	9	50
14/01/1995	01	5	8	4	4	8	54
14/01/1995	02		12	4	4	8	56
14/01/1995	03		18	4	4	8	55
14/01/1995	04	3	13	4	4	8	53
14/01/1995	05		11	4	4	8	53
14/01/1995	06	4	6	4	4	8	51
14/01/1995	07		12	4	4	8	51
14/01/1995	08		12	4	4	8	53
15/01/1995	01		19	4	4	8	36
15/01/1995	02		21	4	4	8	39
15/01/1995	03		23	4	4	8	34
15/01/1995	04	3	26	4	4	8	40
15/01/1995	05		13	4	4	8	44
15/01/1995	06	3	12	4	4	8	43
15/01/1995	07		18	4	4	8	42
15/01/1995	08		12	4	4	8	42
15/01/1995	09		10	4	4	8	49
15/01/1995	10		16	4	4	8	47
15/01/1995	11		39	4	7	12	41
15/01/1995	12		114	6	35	44	35
15/01/1995	13		346	10	38	53	42
15/01/1995	14		163	21	43	75	42
15/01/1995	15		118	16	28	52	55
15/01/1995	16		74	15	25	48	61
15/01/1995	17		50	15	31	54	55
15/01/1995	18		59	14	34	55	51
15/01/1995	19		54	12	35	53	17
15/01/1995	20		33	4	30	37	8
15/01/1995	21		5	4	6	10	22
15/01/1995	22		5	4	4	8	28
15/01/1995	23		5	4	4	8	19
16/01/1995	00		36	4	4	8	17
16/01/1995	01		32	4	4	8	23
16/01/1995	02		36	4	4	8	26
16/01/1995	03		30	4	4	8	26
16/01/1995	04		24	4	4	8	26
16/01/1995	05		17	4	4	8	27
16/01/1995	06		22	4	4	8	26
16/01/1995	07		5	4	4	8	30
16/01/1995	08		15	4	4	8	28
16/01/1995	09		16	4	4	8	24
16/01/1995	10		10	4	4	8	26
16/01/1995	11		40	4	4	8	45
16/01/1995	12		66	4	4	8	58
16/01/1995	13		91	4	8	14	70
16/01/1995	14		335	5	13	21	77
17/01/1995	01		20	4	4	8	49
17/01/1995	02		31	4	4	8	52
17/01/1995	03		39	3	4	7	56
17/01/1995	04		5	3	4	7	52
17/01/1995	05		15	3	4	7	47
17/01/1995	06		35	3	4	7	41
17/01/1995	07		47	3	4	7	37
17/01/1995	08		11	4	4	8	35
17/01/1995	09		25	4	4	8	32
17/01/1995	10		14	4	4	8	36
17/01/1995	11		36	4	4	8	41
17/01/1995	12		54	4	4	8	51
17/01/1995	13		223	4	26	32	45
17/01/1995	14		203	6	28	36	52
17/01/1995	15		165	11	33	50	54
17/01/1995	16		122	16	54	78	45
17/01/1995	17		146	14	36	57	58
17/01/1995	18		149	16	55	79	32
17/01/1995	19		150	10	57	72	11
17/01/1995	20		131	4	42	48	12
17/01/1995	21		56	4	13	19	17
17/01/1995	22		51	4	5	9	29
17/01/1995	23		65	4	4	8	31
18/01/1995	00		56	4	4	8	27
18/01/1995	01		66	4	4	8	24
18/01/1995	02		67	4	4	8	25
18/01/1995	03		57	4	4	8	15
18/01/1995	04		68	4	4	8	16
18/01/1995	05		57	4	4	8	12
18/01/1995	06		58	4	5	9	4
18/01/1995	07		95	4	16	22	2
18/01/1995	08		96	4	18	24	2
18/01/1995	09		86	4	23	29	2
18/01/1995	10		89	4	23	29	6
18/01/1995	11		107	4	22	28	10
18/01/1995	12		85	17	51	77	12
18/01/1995	13		321	6	27	36	32
18/01/1995	14		210	5	11	18	54
19/01/1995	01		5	4	4	8	46
19/01/1995	02		5	4	4	8	49
19/01/1995	03		5	4	4	8	64
19/01/1995	04		14	4	4	8	63
19/01/1995	05		24	4	4	8	68
19/01/1995	06		25	4	4	8	61
19/01/1995	07		13	4	4	8	54
19/01/1995	08		13	4	4	8	44
19/01/1995	09		5	4	4	8	42
19/01/1995	10		21	4	4	8	56
19/01/1995	11		29	4	4	8	59
19/01/1995	12		60	4	4	8	67
19/01/1995	13		227	4	4	8	69
19/01/1995	14		73	4	4	8	75
19/01/1995	15		16	4	4	9	76
19/01/1995	16		14	5	11	19	68
19/01/1995	17		68	6	16	25	65
19/01/1995	18		57	7	21	32	40
19/01/1995	19		46	5	26	34	16
19/01/1995	20		9	3	9	13	39
19/01/1995	21		5	4	4	8	50
19/01/1995	22		5	4	4	8	51
19/01/1995	23		5	4	4	8	63
20/01/1995	00		5	4	4	8	67
20/01/1995	01		5	4	4	8	61
20/01/1995	02		5	4	4	8	49
20/01/1995	03		5	4	4	8	42
20/01/1995	04		5	4	4	8	43
20/01/1995	05		5	4	4	8	45
20/01/1995	06		5	4	4	8	46
20/01/1995	07		13	4	4	8	41
20/01/1995	08		22	4	4	8	36
20/01/1995	09		14	4	4	8	30
20/01/1995	10		18	4	4	8	35
20/01/1995	11		35	4	4	9	43
20/01/1995	12		96	4	12	17	27
20/01/1995	13		277	4	4	8	31
20/01/1995	14		52	4	4	8	28
20/01/1995	15		54	4	15	19	24
20/01/1995	16		77	9	39	52	17
20/01/1995	17		119	16	50	74	12
20/01/1995	18		157	6	29	38	37
20/01/1995	19		92				13
20/01/1995	20		106	14	40	61	2
20/01/1995	21		17	4	14	19	22
20/01/1995	22		5	4	4	8	59
21/01/1995	00	7	159	4	4	8	69
21/01/1995	01	9	16	4	4	8	62
21/01/1995	02	9	5	4	4	8	60
21/01/1995	03	9	5	4	4	8	63
21/01/1995	04	9	5	4	4	8	68
21/01/1995	05	9	22	4	4	8	69
21/01/1995	06	9	24	4	4	8	67
21/01/1995	07	9	10	4	4	8	68
21/01/1995	08	10	17	4	4	8	70
21/01/1995	09	10	25	4	4	8	67
21/01/1995	10	10	13	4	4	8	70
21/01/1995	11	11	37	4	4	8	72
21/01/1995	12	11	208	4	4	9	74
22/01/1995	01	11	5	4	4	10	66
22/01/1995	02	10	5	4	4	10	63
22/01/1995	03	10	5	4	4	10	58
22/01/1995	04	11	5	4	4	10	43
22/01/1995	05	10	11	4	4	10	47
22/01/1995	06	11	5	4	4	10	40
22/01/1995	07	11	9	4	4	10	35
22/01/1995	08	10	5	4	4	10	29
22/01/1995	09	9	14	4	4	10	24
22/01/1995	10	11	30	4	4	10	39
22/01/1995	11	12	42	4	4	10	40
22/01/1995	12	16	73	4	11	17	24
22/01/1995	13	18	243	4	31	37	23
22/01/1995	14	19	143	5	23	31	50
23/01/1995	01	10	72	8	48	61	8
23/01/1995	02	10	139	21	54	85	2
23/01/1995	03	6	124	15	44	67	2
23/01/1995	04	4	82	7	34	45	3
23/01/1995	05	3	7	4	20	26	9
23/01/1995	06	5	5	26	38	78	2
24/01/1995	01	4	14	34	4	56	59
24/01/1995	02	3	11	34	4	56	55
24/01/1995	03	4	5	32	5	55	50
24/01/1995	04	4	5	30	15	61	38
24/01/1995	05	4	20	26	22	61	23
24/01/1995	06	3	32	21	11	43	25
24/01/1995	07	3	6	17	7	32	34
24/01/1995	08	4	5	14	7	29	43
24/01/1995	09	4	17	19	22	51	19
24/01/1995	10	6	32	19	23	52	24
24/01/1995	11	11	66	28	25	68	29
24/01/1995	12	20	131	34	21	72	40
24/01/1995	13	23	105	44	32	100	36
24/01/1995	14	18	141	44	36	104	37
24/01/1995	15	31	114	45	44	113	35
24/01/1995	16	33	120	39	35	95	37
24/01/1995	17	33	102	36	32	87	36
24/01/1995	18	33	93	45	48	116	12
24/01/1995	19	10	205	48	40	114	3
24/01/1995	20	5	90	39	34	94	4
24/01/1995	21	5	39	27	31	72	7
24/01/1995	22	5	30	22	18	52	18
24/01/1995	23	6	17				44
25/01/1995	00	7	23	5	7	13	40
25/01/1995	01	6	11	4	4	10	41
25/01/1995	02	5	19	4	4	10	32
25/01/1995	03	5	5	4	5	9	43
25/01/1995	04	6	10	4	6	11	39
25/01/1995	05	6	23	4	4	10	41
25/01/1995	06	5	17	4	4	10	39
25/01/1995	07	5	12	4	5	11	32
25/01/1995	08	4	13	4	6	11	21
25/01/1995	09	4	15	7	19	30	8
25/01/1995	10	5	20	4	4	8	35
25/01/1995	11	6	56	8	4	15	42
25/01/1995	12	5	76	14	4	26	50
25/01/1995	13	5	42	18	4	32	57
25/01/1995	14	5	16	18	5	32	61
25/01/1995	15	4	8	16	4	30	65
25/01/1995	16	4	15	16	4	28	66
25/01/1995	17	5	17	16	8	32	65
25/01/1995	18	10	25	19	32	61	38
25/01/1995	19	7	132	23	50	85	6
25/01/1995	20	5	101	21	31	63	11
25/01/1995	21	4	57	14	16	37	19
25/01/1995	22	5	7	8	5	17	54
25/01/1995	23	5	5	5	4	11	57
26/01/1995	00	5	24	4	4	10	56
26/01/1995	01	5	17	4	4	9	54
26/01/1995	02	5	13	4	4	9	38
26/01/1995	03	4	5	4	4	10	24
26/01/1995	04	4	5	4	4	10	21
26/01/1995	05	4	5	4	4	10	42
26/01/1995	06	5	9	4	4	10	60
26/01/1995	07	4	20	4	4	10	44
26/01/1995	08	4	12	4	4	10	46
26/01/1995	09	4	62	4	12	18	14
26/01/1995	10	4	38	5	24	31	9
26/01/1995	11		74	4	16	22	25
26/01/1995	12		191	4	11	16	45
26/01/1995	13	5	110	5	4	12	69
26/01/1995	14	5	85	14	5	26	65
26/01/1995	15	4	112	24	6	42	69
26/01/1995	16	3	72	32	6	55	74
26/01/1995	17	3	38	36	6	62	74
26/01/1995	18	3	25	39	7	66	65
26/01/1995	19	3	25	40	6	66	68
26/01/1995	20	5	5	35	11	65	63
26/01/1995	21	7	5	30	15	61	51
26/01/1995	22	7	5	23	8	43	59
26/01/1995	23	5	5				61
27/01/1995	00	6	5	5	4	10	64
27/01/1995	01	5	5	5	4	10	62
27/01/1995	02	5	6	4	5	10	45
27/01/1995	03	4	5	4	5	10	26
27/01/1995	04	4	20	4	4	10	18
27/01/1995	05	4	5	4	4	10	18
27/01/1995	06	4	5	4	5	11	9
27/01/1995	07	4	5	4	5	10	11
27/01/1995	08	6	53	4	12	18	19
27/01/1995	09	8	117	4	7	12	10
27/01/1995	10	9	66	5	30	38	15
27/01/1995	11	24	93	4	18	24	34
27/01/1995	12	26	213	7	17	27	47
27/01/1995	13	23	160	20	26	57	47
27/01/1995	14	26	201	35	41	95	43
27/01/1995	15	18	143	34	32	84	50
27/01/1995	16	16	96	34	32	83	52
27/01/1995	17	23	89	32	34	83	49
27/01/1995	18	10	92	30	26	70	53
27/01/1995	19	6	53	31	44	91	13
27/01/1995	20	6	86	32	35	85	4
27/01/1995	21	5	10	13	33	53	9
27/01/1995	22	5	19	5	22	29	16
27/01/1995	23	7	5	4	12	17	25
28/01/1995	00	7	19	4	5	10	25
28/01/1995	01	5	31	4	4	10	21
28/01/1995	02	5	30	4	4	10	15
28/01/1995	03	4	5	4	4	10	21
28/01/1995	04	4	5	4	4	10	14
28/01/1995	05	4	5	4	4	10	17
28/01/1995	06	4	24	4	4	9	24
28/01/1995	07	4	17	4	4	10	34
28/01/1995	08	7	26	5	17	24	40
28/01/1995	09	9	126	5	38	46	3
28/01/1995	10	11	196	24	51	87	5
28/01/1995	11	17	266	16	46	70	7
28/01/1995	12	18	196	19	50	80	7
28/01/1995	13	19	236	19	44	74	10
28/01/1995	14	20	213	13	26	45	44
28/01/1995	15	21	146	21	32	65	42
28/01/1995	16	27	222	36	55	111	29
28/01/1995	17	25	280	43	61	127	25
28/01/1995	18	21	257	33	59	110	24
28/01/1995	19	10	146	28	43	86	13
28/01/1995	20	5	62	29	54	98	6
28/01/1995	21	6	92	18	43	70	12
28/01/1995	22	6	29	4	11	17	42
28/01/1995	23	4	5				28
29/01/1995	00	6	15	4	7	13	60
29/01/1995	01	6	5	4	4	10	67
29/01/1995	02	5	12	4	4	10	66
29/01/1995	03	4	5	4	4	10	64
29/01/1995	04	4	41	4	5	10	61
29/01/1995	05	4	46	4	4	10	60
29/01/1995	06	6	18	4	4	10	65
29/01/1995	07	3	58	4	4	10	65
29/01/1995	08	3	14	4	4	10	64
29/01/1995	09	3	24	4	4	10	67
29/01/1995	10	4	62	4	4	10	70
29/01/1995	11	4	64	6	7	15	68
29/01/1995	12	3	164	14	5	27	73
29/01/1995	13	3	89	24	5	42	75
29/01/1995	14	13	105	45	39	108	41
29/01/1995	15	10	184	47	31	103	53
29/01/1995	16	14	96	46	27	97	55
29/01/1995	17	17	41	45	29	97	48
29/01/1995	18	26	39	40	32	93	36
29/01/1995	19	15	44	35	26	78	34
29/01/1995	20	8	36	30	6	51	69
29/01/1995	21	5	6	27	6	48	65
29/01/1995	22	5	7	27	7	49	58
29/01/1995	23	4	18	25	8	45	41
30/01/1995	00	4	5	21	9	40	39
30/01/1995	01	3	5	17	8	34	36
30/01/1995	02	3	6	15	7	30	47
30/01/1995	03	4	12	14	5	26	72
30/01/1995	04	4	23	13	5	25	73
30/01/1995	05	4	30	15	5	28	73
30/01/1995	06	3	31	17	5	31	71
30/01/1995	07	3	24	17	6	33	71
30/01/1995	08	3	19	18	5	33	71
30/01/1995	09	3	23	19	6	34	69
30/01/1995	10	3	15	21	5	37	68
30/01/1995	11	3	53	27	5	47	67
30/01/1995	12	3	68	33	5	56	68
30/01/1995	13	3	118	39	6	66	68
30/01/1995	14	3	65	42	7	72	67
30/01/1995	15	3	29	44	7	74	67
30/01/1995	16	3	23	43	6	73	69
30/01/1995	17	3	31	42	7	72	72
30/01/1995	18	3	16	43	7	73	74
30/01/1995	19	3	27	44	8	75	73
30/01/1995	20	3	21	43	7	72	72
30/01/1995	21	4	11	41	23	85	42
30/01/1995	22	4	84	35	14	67	49
30/01/1995	23	3	8				61
31/01/1995	00	3	5	4	4	10	63
31/01/1995	01	3	5	5	4	10	64
31/01/1995	02	3	20	4	4	10	65
31/01/1995	03	3	6	4	4	10	65
31/01/1995	04	3	5	4	4	10	64
31/01/1995	05	3	15	4	4	10	67
31/01/1995	06	3	7	4	4	10	68
31/01/1995	07	3	7	4	4	10	68
31/01/1995	08	3	18	4	4	10	69
31/01/1995	09	4	23	4	4	10	70
31/01/1995	10	3	30	4	4	10	67
31/01/1995	12		44				54
31/01/1995	13	38	253	4	8	13	49
31/01/1995	14	43	126	4	23	29	48
31/01/1995	15	31	120	5	20	26	54
31/01/1995	16	27	117	5	9	15	60
31/01/1995	17	30	99	5	19	25	51
31/01/1995	18	27	123	5	23	30	36
31/01/1995	19	25	130	8	49	61	5
31/01/1995	20	17	221	6	24	33	3
31/01/1995	21	17	67	5	4	11	3
31/01/1995	22	17	25	5	4	10	8
31/01/1995	23	16	32	5	4	10	16
01/02/1995	00	17	6	5	4	10	35
01/02/1995	01	18	5	5	4	10	49
01/02/1995	02	18	7	4	4	9	55
01/02/1995	03	17	8	4	4	8	60
01/02/1995	04	17	15	4	4	9	59
01/02/1995	05	17	19	4	4	9	56
01/02/1995	06	16	19	4	4	8	54
01/02/1995	07	16	18	4	4	8	50
01/02/1995	08	17	8	4	4	10	49
01/02/1995	09	17	10	4	4	10	40
01/02/1995	10	17	43	4	4	10	50
01/02/1995	11	17	47	5	4	10	60
01/02/1995	12	24	64	5	5	11	52
01/02/1995	13	35	355	5	23	30	37
01/02/1995	14	35	278	5	14	21	51
02/02/1995	01	5	95	11	30	48	2
02/02/1995	02	5	111	6	33	41	2
02/02/1995	03	4	80	4	16	22	3
02/02/1995	04	4	61	4	10	16	4
02/02/1995	05	4	48	4	6	11	7
02/02/1995	06	4	52	4	6	11	13
02/02/1995	07	3	7	6	19	27	12
02/02/1995	08	3	54	5	13	20	10
02/02/1995	17		48				56
02/02/1995	18	19	284	23	4	38	38
02/02/1995	19	20	174	30	4	48	41
02/02/1995	20	20	50	27	4	44	79
02/02/1995	21	20	6	24	4	38	81
02/02/1995	22	20	5	20	4	33	71
02/02/1995	23	19	5	17	4	28	50
03/02/1995	00	20	5	12	4	20	60
03/02/1995	01	20	5	8	4	15	67
03/02/1995	02	20	5	6	4	12	70
03/02/1995	03	20	12	5	4	10	70
03/02/1995	04	20	24	5	4	10	69
03/02/1995	05	20	33	6	4	11	69
03/02/1995	06	20	8	6	4	11	66
03/02/1995	07	20	8	5	4	10	60
03/02/1995	08	19	11	4	4	9	55
16/02/1995	15	22		27	4	45	73
16/02/1995	16	33		44	4	72	63
16/02/1995	17	34		48	4	77	73
16/02/1995	18	30		47	4	77	81
16/02/1995	19	31	119	47	4	76	63
16/02/1995	20	28	95	45	4	74	57
16/02/1995	21	26	37	38	4	63	29
16/02/1995	22	26	44	29	4	48	24
16/02/1995	23	26	47	19	4	34	38
17/02/1995	00	24	6	13	4	24	32
17/02/1995	01	24	18	11	4	22	44
17/02/1995	02	24	26	7	4	14	40
17/02/1995	03	23	18	4	4	10	50
17/02/1995	04	24	18	4	4	10	55
17/02/1995	05	24	33	4	4	10	50
17/02/1995	06	23	28	4	4	10	21
17/02/1995	07	23	26	4	4	10	16
17/02/1995	08	25	12	21	4	35	12
17/02/1995	09	30	148	39	4	64	21
17/02/1995	10	30	93	7	4	14	58
17/02/1995	11	38	118	27	4	45	46
17/02/1995	12	47	209	50	4	80	37
17/02/1995	13	40	368	52	4	83	50
17/02/1995	14	39	219	47	4	76	69
17/02/1995	15	36	144	46	4	74	69
17/02/1995	16	41	154	43	4	70	68
17/02/1995	17	45	170	46	4	74	58
17/02/1995	18	25	200	40	4	66	50
17/02/1995	19	20	87	38	4	62	50
17/02/1995	20	21	8	39	4	63	50
17/02/1995	21	21	21	37	4	61	46
17/02/1995	22	21	8	37	4	61	44
17/02/1995	23	21	5	35	4	57	41
18/02/1995	00	21	5	33	4	55	27
18/02/1995	01	23	5	30	4	50	44
18/02/1995	02	21	20	29	4	48	70
18/02/1995	03	21	25	30	4	50	79
18/02/1995	04	21	12	29	4	49	77
18/02/1995	05	21	5	28	4	47	80
18/02/1995	06	21	5	24	4	41	78
18/02/1995	07	22	5	19	4	33	76
18/02/1995	08	22	5	13	4	24	67
18/02/1995	09	23	5	10	4	19	79
18/02/1995	10	22	11	10	4	18	80
18/02/1995	11	22	53	17	4	31	78
18/02/1995	12	21	57	28	4	47	78
18/02/1995	13	20	110	37	4	60	78
18/02/1995	14		58				78
18/02/1995	15	5	45	8	8	20	78
18/02/1995	16	5	30	10	9	24	82
18/02/1995	17	9	77	12	26	44	74
18/02/1995	18	7	129	10	22	36	78
18/02/1995	19	6	87	6	12	22	75
18/02/1995	20	4	31	5	16	25	33
18/02/1995	21	4	5	5	5	12	35
18/02/1995	22	4	5	5	4	11	39
18/02/1995	23	3	5	5	4	11	47
19/02/1995	00	4	5	5	4	11	47
19/02/1995	01	3	12	5	4	11	38
19/02/1995	02	3	18	4	4	10	38
19/02/1995	03	3	6	4	4	10	43
19/02/1995	04	4	22	4	4	10	53
19/02/1995	05	3	20	4	4	10	56
19/02/1995	06	4	5	4	4	9	54
19/02/1995	07	3	22	4	4	9	54
19/02/1995	08	3	17	4	4	8	49
19/02/1995	09	4	17	4	4	8	53
19/02/1995	10	4	26	4	4	9	59
19/02/1995	11	5	68	4	4	10	69
19/02/1995	12	9	129	4	4	10	77
19/02/1995	13	8	311	5	5	11	85
19/02/1995	14	7	159	6	17	26	76
19/02/1995	15	5	87	8	13	26	86
19/02/1995	16	5	63	10	15	31	83
19/02/1995	17	6	54	10	17	33	81
19/02/1995	18	4	63	9	12	26	90
19/02/1995	19	4	50	8	15	28	81
19/02/1995	20	3	27	6	17	26	42
19/02/1995	21	3	5	5	11	19	16
19/02/1995	22	3	5	5	4	11	28
19/02/1995	23	3	5	5	4	11	35
20/02/1995	00	3	5	5	4	11	30
20/02/1995	01	3	5	5	4	11	29
20/02/1995	02	3	16	5	4	11	32
20/02/1995	03	3	14	5	4	11	35
20/02/1995	04	3	24	5	4	11	27
20/02/1995	05	3	9	5	4	11	30
20/02/1995	06	3	15	4	4	10	27
20/02/1995	07	3	26	4	4	9	33
20/02/1995	08	3	10	4	4	8	41
