Red: Red de Vigilancia y Control de la Contaminación Atmosférica
Estación: 46028001-Algar de Palància
	
FECHA	HORA	PM2.5	SO2	NO	NO2	PM10	NOx	O3
		µg/m³	µg/m³	µg/m³	µg/m³	µg/m³	µg/m³	µg/m³
01/01/2025	00	9	3	2	6	9	10	36
01/01/2025	01	10	3	2	6	12	10	33
01/01/2025	02	11	3	2	8	12	13	31
01/01/2025	03	10	3	2	6	10	10	34
01/01/2025	04	9	3	2	6	9	10	39
01/01/2025	05	9	3	2	5	9	9	41
01/01/2025	06	8	3	2	5	9	9	36
01/01/2025	07	8	3	2	5	8	9	32
01/01/2025	08	6	3	2	5	7	9	31
01/01/2025	09	6	3	2	5	6	9	32
01/01/2025	10	6	3	2	6	6	10	31
01/01/2025	11	6	3	2	7	6	11	32
01/01/2025	12	4	3	2	5	4	10	50
01/01/2025	13	5	3	2	8	5	13	52
01/01/2025	14	5	3	2	10	6	16	55
01/01/2025	15	5	3	2	7	5	12	62
01/01/2025	16	6	3	2	7	6	12	60
01/01/2025	17	7	3	2	8	7	13	36
01/01/2025	18	5	3	2	6	5	11	27
01/01/2025	19	5	3	2	6	5	10	20
01/01/2025	20	5	3	2	5	6	9	18
01/01/2025	21	6	3	2	6	7	10	16
01/01/2025	22	7	3	2	7	7	11	11
01/01/2025	23	6	3	2	5	7	9	11
02/01/2025	00	7	3	2	5	7	9	10
02/01/2025	01	6	3	2	5	7	9	12
02/01/2025	02	5	3	2	5	5	9	20
02/01/2025	03	4	3	2	5	4	9	25
02/01/2025	04	3	3	2	5	3	9	28
02/01/2025	05	3	3	2	5	3	8	31
02/01/2025	06	2	3	2	5	2	8	36
02/01/2025	07	2	3	2	5	2	9	39
02/01/2025	08	2	3	2	7	2	11	35
02/01/2025	09	3	3	2	6	4	11	40
02/01/2025	10	4	3	2	8	4	13	50
02/01/2025	11	4	3	2	5	5	9	66
02/01/2025	12	2	3	2	6	3	10	76
02/01/2025	13	3	3	2	7	5	11	78
02/01/2025	14	2	3	2	6	4	10	77
02/01/2025	15	2	3	2	6	3	10	80
02/01/2025	16	2	3	2	7	4	12	75
02/01/2025	17	4	3	2	9	7	15	62
02/01/2025	18	4	3	2	11	7	18	40
02/01/2025	19	4	3	2	10	6	17	29
02/01/2025	20	5	3	2	9	6	15	26
02/01/2025	21	6	3	2	9	7	15	32
02/01/2025	22	5	3	2	7	6	12	36
02/01/2025	23	4	3	2	7	5	12	37
03/01/2025	00	4	3	2	8	4	12	36
03/01/2025	01	3	3	2	9	3	15	50
03/01/2025	02	2	3	2	7	2	11	60
03/01/2025	03	2	3	2	7	2	11	50
03/01/2025	04	2	3	2	6	2	10	59
03/01/2025	05	2	3	2	6	2	9	62
03/01/2025	06	2	3	2	5	2	8	65
03/01/2025	07	2	3	2	6	3	11	64
03/01/2025	08	2	3	2	8	3	14	65
03/01/2025	09	3	3	2	8	3	13	65
03/01/2025	10	3	3	2	8	3	13	67
03/01/2025	11	3	3	2	7	3	12	73
03/01/2025	12	3	3	2	7	3	12	76
03/01/2025	13	2	3	2	8	3	13	77
03/01/2025	14	1	3	2	7	2	11	77
03/01/2025	15	1	3	2	7	2	12	73
03/01/2025	16	1	3	2	8	2	12	77
03/01/2025	17	3	3	2	10	4	16	67
03/01/2025	18	2	3	2	10	4	17	56
03/01/2025	19	3	3	2	10	5	17	64
03/01/2025	20	3	3	2	11	4	18	57
03/01/2025	21	3	3	2	9	4	15	59
03/01/2025	22	4	3	2	8	5	13	48
03/01/2025	23	3	3	2	7	4	12	44
04/01/2025	00	4	3	2	10	4	16	41
04/01/2025	01	2	3	2	10	2	15	69
04/01/2025	02	2	3	2	8	2	13	79
04/01/2025	03	1	3	2	6	2	11	72
04/01/2025	04	2	3	2	7	2	12	65
04/01/2025	05	2	3	2	7	2	11	66
04/01/2025	06	2	3	2	5	2	9	65
04/01/2025	07	2	3	2	5	2	9	61
04/01/2025	08	2	3	2	5	2	9	54
04/01/2025	09	2	3	2	5	2	9	49
04/01/2025	10	3	3	2	7	8	11	54
04/01/2025	11	5	3	2	8	5	14	63
04/01/2025	12	3	3	2	9	4	15	72
04/01/2025	13	2	3	2	7	6	12	80
04/01/2025	14	3	3	2	7	4	12	77
04/01/2025	15	8	3	2	14	14	22	65
04/01/2025	16	6	3	2	13	9	21	70
04/01/2025	17	6	3	2	11	9	19	62
04/01/2025	18	14	3	2	11	17	18	48
04/01/2025	19	6	3	2	10	8	16	42
04/01/2025	20	7	3	2	9	8	15	34
04/01/2025	21	9	3	2	10	10	16	31
04/01/2025	22	8	3	2	10	9	16	28
04/01/2025	23	8	3	2	9	8	15	26
05/01/2025	00	8	3	2	8	9	13	24
05/01/2025	01	8	3	2	7	8	12	25
05/01/2025	02	7	3	2	6	7	10	27
05/01/2025	03	6	3	2	6	6	10	33
05/01/2025	04	5	3	2	6	5	10	34
05/01/2025	05	4	3	2	5	4	9	42
05/01/2025	06	4	3	2	5	4	8	35
05/01/2025	07	3	3	2	5	3	8	37
05/01/2025	08	3	3	2	6	3	9	43
05/01/2025	09	3	3	2	6	3	11	47
05/01/2025	10	6	3	2	8	6	14	49
05/01/2025	11	6	3	2	8	7	13	62
05/01/2025	12	5	3	2	8	6	13	70
05/01/2025	13	6	3	2	7	7	12	78
05/01/2025	14	4	3	2	5	5	9	89
05/01/2025	15	4	3	2	5	6	9	87
05/01/2025	16	4	3	2	5	5	9	88
05/01/2025	17	5	3	2	6	7	10	79
05/01/2025	18	12	3	2	7	16	12	67
05/01/2025	19	8	3	2	6	16	11	72
05/01/2025	20	9	3	2	6	16	10	57
05/01/2025	21	9	3	2	5	17	9	48
05/01/2025	22	10	3	2	6	17	10	40
05/01/2025	23	12	3	2	9	18	15	33
06/01/2025	00	12	3	2	9	18	15	34
06/01/2025	01	13	3	2	10	18	16	36
06/01/2025	02	8	3	2	9	17	14	64
06/01/2025	03	6	3	2	6	14	11	74
06/01/2025	04	6	3	2	5	12	9	80
06/01/2025	05	5	3	2	5	11	9	76
06/01/2025	06	5	3	2	5	10	9	73
06/01/2025	07	5	3	2	5	10	9	70
06/01/2025	08	4	3	2	5	8	9	75
06/01/2025	09	2	3	2	5	4	9	78
06/01/2025	10	1	3	2	5	2	9	80
06/01/2025	11	1	3	2	5	1	9	88
06/01/2025	12	1	3	2	5	1	9	89
06/01/2025	13	1	3	2	5	1	9	87
06/01/2025	14	1	3	2	5	1	9	86
06/01/2025	15	1	3	2	5	1	9	81
06/01/2025	16	1	3	2	5	1	9	78
06/01/2025	17	1	3	2	5	1	9	75
06/01/2025	18	1	3	2	6	1	11	79
06/01/2025	19	1	3	2	8	1	13	77
06/01/2025	20	1	3	2	7	1	12	81
06/01/2025	21	1	3	2	7	1	12	78
06/01/2025	22	1	3	2	5	1	9	82
06/01/2025	23	1	3	2	5	1	9	82
07/01/2025	00	1	3	2	5	1	9	81
07/01/2025	01	1	3	2	5	1	9	80
07/01/2025	02	1	3	2	5	1	9	77
07/01/2025	03	1	3	2	5	1	9	81
07/01/2025	04	1	3	2	5	1	9	82
07/01/2025	05	1	3	2	6	1	10	78
07/01/2025	06	1	3	2	6	1	9	80
07/01/2025	07	1	3	2	6	2	10	72
07/01/2025	08	1	3	2	13	2	20	63
07/01/2025	09	1	3	2	11	5	17	61
07/01/2025	10	1	3	2	7	4	12	74
07/01/2025	11	1	3	2	6	1	10	81
07/01/2025	12	1	3	2	5	1	9	81
07/01/2025	13	1	3	2	5	1	9	82
07/01/2025	14	1	3	2	5	3	9	81
07/01/2025	15	1	3	2	5	2	9	82
07/01/2025	16	1	3	2	5	2	10	80
07/01/2025	17	2	3	2	7	4	12	68
07/01/2025	18	2	3	2	8	4	14	56
07/01/2025	19	2	3	2	7	2	11	57
07/01/2025	20	2	3	2	5	3	9	63
07/01/2025	21	2	3	2	6	3	10	59
07/01/2025	22	3	3	2	11	5	17	46
07/01/2025	23	3	3	2	8	4	14	53
08/01/2025	00	2	3	2	7	3	11	56
08/01/2025	01	2	3	2	8	3	13	54
08/01/2025	02	2	3	2	6	2	10	57
08/01/2025	03	1	3	2	5	1	9	58
08/01/2025	04	1	3	2	5	1	9	62
08/01/2025	05	1	3	2	5	1	9	63
08/01/2025	06	1	3	2	5	1	9	60
08/01/2025	07	1	3	2	5	1	9	59
08/01/2025	08	1	3	2	6	1	9	58
08/01/2025	09	1	3	2	7	1	11	56
08/01/2025	10	2	3	2	8	3	13	55
08/01/2025	11	2	3	2	6	2	11	69
08/01/2025	12	1	3	2	6	1	10	83
08/01/2025	13	1	3	2	5	2	9	84
08/01/2025	14	1	3	2	5	1	9	86
08/01/2025	15	1	3	2	5	1	9	84
08/01/2025	16	1	3	2	6	2	10	79
08/01/2025	17	2	3	2	11	6	18	67
08/01/2025	18	1	3	2	8	3	14	81
08/01/2025	19	1	3	2	6	2	10	86
08/01/2025	20	1	3	2	5	2	9	87
08/01/2025	21	2	3	2	6	3	10	81
08/01/2025	22	2	3	2	5	4	9	72
08/01/2025	23	2	3	2	5	3	9	82
09/01/2025	00	1	3	2	5	2	9	81
09/01/2025	01	1	3	2	5	1	9	80
09/01/2025	02	1	3	2	5	1	9	68
09/01/2025	03	1	3	2	5	1	9	65
09/01/2025	04	1	3	2	5	1	9	63
09/01/2025	05	1	3	2	5	1	9	55
09/01/2025	06	1	3	2	5	1	9	53
09/01/2025	07	1	3	2	5	2	9	55
09/01/2025	08	2	3	2	5	2	9	49
09/01/2025	09	3	3	2	6	3	10	41
09/01/2025	10	8	3	3	6	11	11	50
09/01/2025	11	4	3	2	7	8	12	67
09/01/2025	12	2	3	2	6	4	10	74
09/01/2025	13	1	3	2	5	1	9	77
09/01/2025	14	1	3	2	5	1	9	80
09/01/2025	15	1	3	2	5	1	9	80
09/01/2025	16	1	3	2	5	1	9	81
09/01/2025	17	1	3	2	5	1	9	79
09/01/2025	18	1	3	2	6	2	10	66
09/01/2025	19	1	3	2	5	2	9	69
09/01/2025	20	1	3	2	5	2	9	61
09/01/2025	21	2	3	2	5	2	9	50
09/01/2025	22	2	3	2	5	2	9	48
09/01/2025	23	2	3	2	6	3	11	41
10/01/2025	00	2	3	2	6	3	10	40
10/01/2025	01	2	3	2	6	3	11	47
10/01/2025	02	2	3	2	8	3	12	45
10/01/2025	03	2	3	2	6	2	9	46
10/01/2025	04	2	3	2	6	2	10	43
10/01/2025	05	1	3	2	6	2	10	42
10/01/2025	06	1	3	2	5	1	9	51
10/01/2025	07	1	3	2	5	3	9	59
10/01/2025	08	1	3	2	6	1	10	65
10/01/2025	09	1	3	2	8	2	13	62
10/01/2025	10	2	3	2	7	3	12	65
10/01/2025	11	2	3	2	6	2	10	68
10/01/2025	12	1	3	2	6	2	10	71
10/01/2025	13	1	3	2	6	2	10	72
10/01/2025	14	1	3	2	5	1	9	70
10/01/2025	15	1	3	2	6	1	10	67
10/01/2025	16	1	3	2	7	2	11	67
10/01/2025	17	1	3	2	9	3	16	58
10/01/2025	18	1	3	2	8	4	14	53
10/01/2025	19	2	3	2	11	3	18	55
10/01/2025	20	1	3	2	9	2	14	66
10/01/2025	21	1	3	2	5	1	9	79
10/01/2025	22	1	3	2	6	1	10	79
10/01/2025	23	1	3	2	7	1	11	77
11/01/2025	00	1	3	2	6	1	10	72
11/01/2025	01	1	3	2	5	1	9	76
11/01/2025	02	1	3	2	5	1	9	76
11/01/2025	03	1	3	2	5	1	9	70
11/01/2025	04	1	3	2	5	1	9	71
11/01/2025	05	1	3	2	5	1	9	75
11/01/2025	06	1	3	2	5	1	9	74
11/01/2025	07	1	3	2	5	1	10	65
11/01/2025	08	1	3	2	7	2	12	54
11/01/2025	09	1	3	2	7	2	12	52
11/01/2025	10	1	3	2	6	1	11	68
11/01/2025	11	1	3	2	5	2	10	80
11/01/2025	12	1	3	2	6	2	10	80
11/01/2025	13	1	3	2	6	2	10	81
11/01/2025	14	1	3	2	6	2	10	86
11/01/2025	15	1	3	2	6	1	10	87
11/01/2025	16	1	3	2	6	1	10	84
11/01/2025	17	1	3	2	6	1	10	88
11/01/2025	18	1	3	2	6	1	10	90
11/01/2025	19	1	3	2	5	1	10	85
11/01/2025	20	1	3	2	5	1	9	87
11/01/2025	21	1	3	2	5	1	9	87
11/01/2025	22	1	3	2	5	2	9	89
11/01/2025	23	1	3	2	5	2	9	88
12/01/2025	00	1	3	2	5	2	9	88
12/01/2025	01	1	3	2	5	2	9	85
12/01/2025	02	1	3	2	5	1	9	84
12/01/2025	03	1	3	2	5	1	9	83
12/01/2025	04	1	3	2	5	1	9	82
12/01/2025	05	1	3	2	5	1	9	83
12/01/2025	06	1	3	2	5	1	9	83
12/01/2025	07	1	3	2	5	1	9	83
12/01/2025	08	1	3	2	5	1	9	84
12/01/2025	09	1	3	2	5	1	9	86
12/01/2025	10	1	3	2	5	1	9	87
12/01/2025	11	1	3	2	5	1	9	86
12/01/2025	12	1	3	2	5	1	10	87
12/01/2025	13	1	3	2	6	1	10	87
12/01/2025	14	1	3	2	6	1	10	87
12/01/2025	15	1	3	2	6	2	11	86
12/01/2025	16	1	3	2	7	3	12	85
12/01/2025	17	1	3	2	6	4	11	83
12/01/2025	18	2	3	2	6	3	11	71
12/01/2025	19	3	3	2	7	7	11	66
12/01/2025	20	8	3	2	6	20	10	81
12/01/2025	21	7	3	2	5	17	9	67
12/01/2025	22	7	3	2	5	13	9	56
12/01/2025	23	7	3	2	5	9	9	48
13/01/2025	00	5	3	2	8	7	13	46
13/01/2025	01	5	3	2	9	9	15	48
13/01/2025	02	4	3	2	7	7	12	49
13/01/2025	03	3	3	2	6	5	9	50
13/01/2025	04	3	3	2	5	5	9	48
13/01/2025	05	3	3	2	5	5	9	55
13/01/2025	06	4	3	2	5	5	9	56
13/01/2025	07	3	3	2	5	4	9	55
13/01/2025	08	3	3	2	5	4	9	56
13/01/2025	09	4	3	2	6	6	10	59
13/01/2025	10	4	3	2	6	6	9	71
13/01/2025	11	4	3	2	7	6	12	81
13/01/2025	12	3	3	2	5	8	9	90
13/01/2025	13	4	3	2	5	6	9	93
13/01/2025	14	4	3	2	5	6	9	92
13/01/2025	15	6	3	2	8	12	13	88
13/01/2025	16	4	3	2	9	9	14	88
13/01/2025	17	3	3	2	9	7	16	85
13/01/2025	18	4	3	2	8	7	14	67
13/01/2025	19	3	3	2	7	6	11	64
13/01/2025	20	3	3	2	7	6	12	59
13/01/2025	21	4	3	2	8	5	13	53
13/01/2025	22	5	3	2	10	7	17	45
13/01/2025	23	5	3	2	11	8	18	52
14/01/2025	00	5	3	2	9	8	15	56
14/01/2025	01	5	3	2	8	7	13	56
14/01/2025	02	4	3	2	8	7	13	55
14/01/2025	03	4	3	2	7	7	12	58
14/01/2025	04	4	3	2	7	7	12	57
14/01/2025	05	4	3	2	6	6	11	58
14/01/2025	06	3	3	2	7	5	11	49
14/01/2025	07	3	3	2	8	4	12	46
14/01/2025	08	3	3	2	7	5	11	56
14/01/2025	09	3	3	2	7	5	11	58
14/01/2025	10	4	3	2	8	6	13	61
14/01/2025	11	4	3	2	8	6	13	72
14/01/2025	12	2	3	2	6	3	10	87
14/01/2025	13	3	3	2	6	5	10	85
14/01/2025	14	4	3	2	9	11	15	80
14/01/2025	15	7	3	2	11	20	18	79
14/01/2025	16	6	3	2	16	15	26	74
14/01/2025	17	4	3	2	12	8	19	78
14/01/2025	18	4	3	2	9	7	15	62
14/01/2025	19	4	3	2	8	7	13	61
14/01/2025	20	5	3	2	10	7	17	49
14/01/2025	21	6	3	2	12	9	19	42
14/01/2025	22	7	3	2	12	10	19	48
14/01/2025	23	7	3	2	10	11	17	50
15/01/2025	00	7	3	2	10	11	17	46
15/01/2025	01	8	3	2	12	12	19	46
15/01/2025	02	8	3	2	11	11	18	43
15/01/2025	03	7	3	2	12	11	18	41
15/01/2025	04	7	3	2	10	9	16	43
15/01/2025	05	6	3	2	9	8	14	42
15/01/2025	06	5	3	2	8	6	13	42
15/01/2025	07	4	3	2	9	5	14	42
15/01/2025	08	3	3	2	8	12	14	42
15/01/2025	09	3	3	2	9	4	15	51
15/01/2025	10	4	3	2	9	6	15	57
15/01/2025	11	4	3	2	9	6	15	70
15/01/2025	12	3	3	2	6	6	11	86
15/01/2025	13	4	3	2	7	8	12	86
15/01/2025	14	4	3	2	8	7	14	85
15/01/2025	15	7	3	2	15	20	24	76
15/01/2025	16	11	4	2	22	30	35	63
15/01/2025	17	13	6	2	31	42	49	49
15/01/2025	18	12	6	2	30	33	47	37
15/01/2025	19	12	5	2	28	29	44	32
15/01/2025	20	10	4	2	22	21	34	31
15/01/2025	21	9	4	2	19	16	31	30
15/01/2025	22	8	3	2	15	13	24	34
15/01/2025	23	8	3	2	14	11	22	34
16/01/2025	00	6	3	2	11	9	17	37
16/01/2025	01	6	3	2	10	8	16	37
16/01/2025	02	5	3	2	9	7	15	38
16/01/2025	03	4	3	2	8	6	14	37
16/01/2025	04	4	3	2	8	5	14	42
16/01/2025	05	4	3	2	7	5	12	47
16/01/2025	06	3	3	2	8	4	14	44
16/01/2025	07	3	3	2	10	3	16	43
16/01/2025	08	3	3	2	10	5	17	46
16/01/2025	09	4	3	2	10	6	17	46
16/01/2025	10	11	3	3	14	18	24	57
16/01/2025	11	8	3	2	7	16	12	77
16/01/2025	12	8	3	2	7	13	12	79
16/01/2025	13	7	3	2	8	11	12	81
16/01/2025	14	6	3	2	6	8	10	89
16/01/2025	15	6	3	2	7	10	11	90
16/01/2025	16	7	3	2	8	11	13	83
16/01/2025	17	6	8	26	41	6	89	38
17/01/2025	11	3	3	2	4	3	6	64
17/01/2025	12	5	3	2	5	6	7	61
17/01/2025	13	5	3	2	4	7	6	65
17/01/2025	14	5	3	2	4	7	6	67
17/01/2025	15	5	3	2	4	7	6	68
17/01/2025	16	5	3	2	4	7	6	70
17/01/2025	17	5	3	2	4	7	6	70
17/01/2025	18	4	3	2	4	6	6	66
17/01/2025	19	4	3	2	4	5	6	64
17/01/2025	20	4	3	2	4	5	6	54
17/01/2025	21	4	3	2	4	5	6	45
17/01/2025	22	5	3	2	4	6	6	44
17/01/2025	23	5	3	2	4	5	6	47
18/01/2025	00	4	3	2	4	5	6	43
18/01/2025	01	4	3	2	4	5	6	42
18/01/2025	02	3	3	2	4	3	6	49
18/01/2025	03	3	3	2	4	3	6	50
18/01/2025	04	2	3	2	4	2	6	50
18/01/2025	05	2	3	2	4	2	6	51
18/01/2025	06	2	3	2	4	2	6	55
18/01/2025	07	2	3	2	4	2	6	54
18/01/2025	08	2	3	2	4	2	6	53
18/01/2025	09	3	3	2	4	3	6	58
18/01/2025	10	5	3	2	4	5	6	65
18/01/2025	11	3	3	2	5	3	6	68
18/01/2025	12	2	3	2	4	2	6	78
18/01/2025	13	2	3	2	4	2	6	80
18/01/2025	14	3	3	2	4	4	6	83
18/01/2025	15	3	3	2	6	5	8	78
18/01/2025	16	3	3	2	7	5	10	75
18/01/2025	17	4	3	2	6	5	9	64
18/01/2025	18	3	3	2	6	4	8	46
18/01/2025	19	3	3	2	4	4	6	39
18/01/2025	20	4	3	2	4	4	6	33
18/01/2025	21	7	3	2	5	7	7	25
18/01/2025	22	8	3	2	6	8	8	27
18/01/2025	23	9	3	2	6	9	8	32
19/01/2025	00	7	3	2	9	7	13	24
19/01/2025	01	7	3	2	6	8	9	35
19/01/2025	02	6	3	2	4	7	6	43
19/01/2025	03	4	3	2	4	5	6	44
19/01/2025	04	3	4	2	10	3	16	31
19/01/2025	05	3	4	3	11	3	18	32
19/01/2025	06	2	3	2	4	2	6	41
19/01/2025	07	2	3	2	4	2	6	43
19/01/2025	08	2	3	2	4	2	6	46
19/01/2025	09	2	3	2	4	2	6	52
19/01/2025	10	4	3	2	4	4	6	55
19/01/2025	11	4	3	2	4	5	6	64
19/01/2025	12	2	3	2	4	2	6	81
19/01/2025	13	3	3	2	4	3	7	81
19/01/2025	14	3	3	2	5	3	7	80
19/01/2025	15	4	3	2	6	5	8	79
19/01/2025	16	5	3	2	6	8	9	80
19/01/2025	17	4	3	2	8	5	11	77
19/01/2025	18	5	3	2	7	7	9	74
19/01/2025	19	4	3	2	7	5	9	53
19/01/2025	20	5	3	2	6	6	8	43
19/01/2025	21	5	3	2	5	6	7	37
19/01/2025	22	7	3	2	5	7	7	35
19/01/2025	23	7	3	2	6	8	8	42
20/01/2025	00	7	3	2	5	7	7	46
20/01/2025	01	7	3	2	5	8	6	48
20/01/2025	02	6	3	2	4	6	6	49
20/01/2025	03	6	3	2	4	6	6	42
20/01/2025	04	6	3	2	4	6	6	43
20/01/2025	05	5	3	2	4	6	6	40
20/01/2025	06	5	3	2	4	5	6	38
20/01/2025	07	4	3	2	4	4	6	36
20/01/2025	08	4	3	2	4	4	6	34
20/01/2025	09	4	3	2	5	4	6	39
20/01/2025	10	10	3	2	8	11	11	38
20/01/2025	11	8	3	2	8	9	11	49
20/01/2025	12	8	3	2	9	11	12	57
20/01/2025	13	13	3	2	11	16	16	56
20/01/2025	14	11	3	2	10	13	14	58
20/01/2025	15	11	3	2	10	13	14	48
20/01/2025	16	11	3	2	11	13	15	48
20/01/2025	17	11	3	2	11	12	16	45
20/01/2025	18	9	3	2	10	10	13	27
20/01/2025	19	10	3	2	9	11	12	24
20/01/2025	20	10	3	2	8	12	11	21
20/01/2025	21	9	3	2	8	11	12	21
20/01/2025	22	9	3	2	7	10	10	26
20/01/2025	23	9	3	2	7	10	10	29
21/01/2025	00	9	3	2	7	10	10	31
21/01/2025	01	6	3	2	5	7	7	34
21/01/2025	02	6	3	2	4	7	6	28
21/01/2025	03	6	3	2	4	7	6	26
21/01/2025	04	7	3	2	4	8	6	19
21/01/2025	05	8	3	2	4	8	6	14
21/01/2025	06	6	3	2	4	6	6	11
21/01/2025	07	7	3	2	5	7	6	12
21/01/2025	08	8	3	2	7	8	9	10
21/01/2025	09	7	3	2	6	7	8	11
21/01/2025	10	6	3	2	7	6	9	17
21/01/2025	11	8	3	2	12	8	19	14
21/01/2025	12	9	3	2	13	10	20	15
21/01/2025	13	10	3	2	8	11	12	37
21/01/2025	14	18	3	2	11	20	17	36
21/01/2025	15	36	6	5	31	48	52	23
21/01/2025	16	27	6	3	30	38	49	23
21/01/2025	17	29	6	2	33	38	52	15
21/01/2025	18	27	6	2	31	32	46	9
21/01/2025	19	25	5	2	25	31	37	5
21/01/2025	20	24	4	2	20	28	30	5
21/01/2025	21	19	3	2	16	23	23	5
21/01/2025	22	18	3	2	13	19	19	6
21/01/2025	23	14	3	2	9	15	12	7
22/01/2025	00	14	3	2	10	16	14	8
22/01/2025	01	12	3	2	10	13	14	12
22/01/2025	02	9	3	2	8	10	10	13
22/01/2025	03	7	3	2	6	8	9	11
22/01/2025	04	5	3	2	4	7	6	15
22/01/2025	05	5	3	2	4	7	6	14
22/01/2025	06	5	3	2	4	7	6	14
22/01/2025	07	5	3	2	4	7	6	18
22/01/2025	08	4	3	2	4	6	6	19
22/01/2025	09	6	3	2	4	8	6	24
22/01/2025	10	8	3	2	7	11	10	26
22/01/2025	11	7	3	2	9	15	14	40
22/01/2025	12	5	3	2	5	19	6	70
22/01/2025	13	7	3	2	4	32	6	77
22/01/2025	14	13	3	2	4	60	6	78
22/01/2025	15	12	3	2	4	46	6	78
22/01/2025	16	11	3	2	4	44	6	78
22/01/2025	17	9	3	2	4	37	6	75
22/01/2025	18	7	3	2	4	27	6	77
22/01/2025	19	7	3	2	4	21	6	77
22/01/2025	20	5	3	2	4	14	6	78
22/01/2025	21	6	3	2	6	16	8	63
22/01/2025	22	3	3	2	4	7	6	65
22/01/2025	23	3	3	2	4	7	6	71
23/01/2025	00	4	3	2	4	9	6	75
23/01/2025	01	4	3	2	4	8	6	59
23/01/2025	02	4	3	2	4	8	6	52
23/01/2025	03	4	3	2	4	8	6	43
23/01/2025	04	4	3	2	4	7	6	66
23/01/2025	05	3	3	2	4	6	6	65
23/01/2025	06	3	3	2	4	5	6	59
23/01/2025	07	3	3	2	4	5	6	47
23/01/2025	08	3	3	2	5	5	7	52
23/01/2025	09	3	3	2	5	5	7	41
23/01/2025	10	4	3	2	5	6	6	50
23/01/2025	11	2	3	2	4	4	6	72
23/01/2025	12	2	3	2	4	2	6	78
23/01/2025	13	1	3	2	4	2	6	81
23/01/2025	14	1	3	2	4	1	6	84
23/01/2025	15	1	3	2	4	1	6	84
23/01/2025	16	1	3	2	4	1	6	83
23/01/2025	17	1	3	2	4	1	6	81
23/01/2025	18	1	3	2	4	1	6	74
23/01/2025	19	1	3	2	4	1	6	64
23/01/2025	20	1	3	2	4	2	6	50
23/01/2025	21	2	3	2	4	2	6	43
23/01/2025	22	2	3	2	4	3	6	47
23/01/2025	23	2	3	2	4	3	6	43
24/01/2025	00	2	3	2	4	3	6	34
24/01/2025	01	3	3	2	4	3	6	30
24/01/2025	02	2	3	2	4	3	6	34
24/01/2025	03	2	3	2	4	2	6	37
24/01/2025	04	2	3	2	4	2	6	35
24/01/2025	05	2	3	2	4	2	6	36
24/01/2025	06	2	3	2	4	2	6	40
24/01/2025	07	1	3	2	4	2	6	45
24/01/2025	08	1	3	2	4	2	6	41
24/01/2025	09	6	3	2	5	7	7	43
24/01/2025	10	7	3	2	7	8	10	51
24/01/2025	11	3	3	2	5	3	7	71
24/01/2025	12	1	3	2	4	2	6	83
24/01/2025	13	2	3	2	4	3	6	86
24/01/2025	14	2	3	2	4	3	6	84
24/01/2025	15	3	3	2	4	3	6	83
24/01/2025	16	2	3	2	4	2	6	83
24/01/2025	17	2	3	2	4	3	6	83
24/01/2025	18	3	3	2	4	3	6	75
24/01/2025	19	2	3	2	4	2	6	78
24/01/2025	20	2	3	2	4	2	6	82
24/01/2025	21	2	3	2	4	2	6	64
24/01/2025	22	2	3	2	4	2	6	50
24/01/2025	23	3	3	2	4	3	6	63
25/01/2025	00	5	3	2	6	6	8	45
25/01/2025	01	4	3	2	8	5	11	60
25/01/2025	02	4	3	2	6	5	9	56
25/01/2025	03	4	3	2	5	5	7	60
25/01/2025	04	4	3	2	4	5	6	74
25/01/2025	05	3	3	2	4	5	6	83
25/01/2025	06	3	3	2	4	4	6	82
25/01/2025	07	3	3	2	5	5	7	59
25/01/2025	08	4	3	2	4	5	6	48
25/01/2025	09	6	3	2	5	8	7	44
25/01/2025	10	7	3	2	5	8	7	40
25/01/2025	11	5	3	2	5	6	7	59
25/01/2025	12	3	3	2	4	4	6	78
25/01/2025	13	3	3	2	4	4	6	78
25/01/2025	14	2	3	2	4	3	6	82
25/01/2025	15	1	3	2	4	1	6	80
25/01/2025	16	1	3	2	4	1	6	80
25/01/2025	17	1	3	2	4	1	6	77
25/01/2025	18	2	3	2	4	2	6	73
25/01/2025	19	1	3	2	4	1	6	72
25/01/2025	20	1	3	2	4	1	6	69
25/01/2025	21	1	3	2	4	1	6	67
25/01/2025	22	1	3	2	4	1	6	52
25/01/2025	23	2	3	2	4	2	6	44
26/01/2025	00	1	3	2	4	1	6	52
26/01/2025	01	1	3	2	4	1	6	47
26/01/2025	02	1	3	2	4	1	6	46
26/01/2025	03	1	3	2	4	1	6	39
26/01/2025	04	1	3	2	4	1	6	40
26/01/2025	05	1	3	2	4	1	6	34
26/01/2025	06	1	3	2	4	1	6	33
26/01/2025	07	1	3	2	4	1	6	30
26/01/2025	08	1	3	2	4	1	6	31
26/01/2025	09	2	3	2	4	2	6	37
26/01/2025	10	2	3	2	4	2	6	49
26/01/2025	11	1	3	2	4	2	6	75
26/01/2025	12	1	3	2	4	2	6	81
26/01/2025	13	1	3	2	4	2	6	80
26/01/2025	14	1	3	2	4	2	6	80
26/01/2025	15	1	3	2	4	1	6	79
26/01/2025	16	1	3	2	4	1	6	74
26/01/2025	17	1	3	2	4	1	6	70
26/01/2025	18	1	3	2	4	2	6	69
26/01/2025	19	1	3	2	4	2	6	63
26/01/2025	20	1	3	2	4	1	6	75
26/01/2025	21	1	3	2	4	1	6	73
26/01/2025	22	1	3	2	4	1	6	72
26/01/2025	23	1	3	2	4	1	6	68
27/01/2025	00	2	3	2	4	2	6	63
27/01/2025	01	1	3	2	4	1	6	68
27/01/2025	02	1	3	2	4	1	6	65
27/01/2025	03	1	3	2	4	1	6	63
27/01/2025	04	1	3	2	4	2	6	61
27/01/2025	05	1	3	2	4	2	6	59
27/01/2025	06	1	3	2	4	2	6	59
27/01/2025	07	1	3	2	4	1	6	55
27/01/2025	08	1	3	2	4	1	6	62
27/01/2025	09	1	3	2	4	1	6	64
27/01/2025	10	1	3	2	4	1	6	64
27/01/2025	11	1	3	2	4	2	6	61
27/01/2025	12	1	3	2	4	4	6	61
27/01/2025	13	1	3	2	4	5	6	63
27/01/2025	14	1	3	2	4	4	6	64
27/01/2025	15	1	3	2	4	3	6	65
27/01/2025	16	1	3	2	4	1	6	66
27/01/2025	17	1	3	2	4	1	6	63
27/01/2025	18	1	3	2	4	1	6	64
27/01/2025	19	1	3	2	4	2	6	67
27/01/2025	20	1	3	2	4	4	6	77
27/01/2025	21	2	3	2	4	12	6	86
27/01/2025	22	2	3	2	4	13	6	90
27/01/2025	23	1	3	3	5	8	9	78
28/01/2025	00	1	3	2	4	5	6	82
28/01/2025	01	1	3	2	4	4	6	89
28/01/2025	02	1	3	2	4	3	6	89
28/01/2025	03	1	3	2	4	2	6	89
28/01/2025	04	1	3	2	4	3	6	90
28/01/2025	05	2	3	2	4	3	6	89
28/01/2025	06	1	3	2	4	3	6	86
28/01/2025	07	1	3	2	4	2	6	85
28/01/2025	08	1	3	2	4	1	6	85
28/01/2025	09	1	3	2	4	1	6	90
28/01/2025	10	1	3	2	4	2	6	93
28/01/2025	11	1	3	2	4	1	6	91
28/01/2025	12	1	3	2	4	1	6	89
28/01/2025	13	1	3	2	4	2	6	88
28/01/2025	14	1	3	2	4	2	6	87
28/01/2025	15	1	3	2	4	2	6	87
28/01/2025	16	1	3	2	4	1	6	86
28/01/2025	17	1	3	2	4	1	6	84
28/01/2025	18	1	3	2	4	1	6	82
28/01/2025	19	1	3	2	5	3	8	73
28/01/2025	20	1	3	2	4	1	6	71
28/01/2025	21	1	3	2	4	1	6	61
28/01/2025	22	1	3	2	4	2	6	57
28/01/2025	23	1	3	2	4	1	6	72
29/01/2025	00	1	3	2	4	1	6	76
29/01/2025	01	1	3	2	4	1	6	76
29/01/2025	02	1	3	2	4	1	6	65
29/01/2025	03	1	3	2	4	1	6	71
29/01/2025	04	1	3	2	4	1	6	66
29/01/2025	05	1	3	2	4	1	6	56
29/01/2025	06	1	3	2	4	1	6	51
29/01/2025	07	1	3	2	4	1	6	50
29/01/2025	08	1	3	2	4	2	6	48
29/01/2025	09	2	3	2	4	3	6	52
29/01/2025	10	3	3	2	5	5	7	57
29/01/2025	11	3	3	2	4	5	6	74
29/01/2025	12	3	3	2	4	4	6	77
29/01/2025	13	3	3	2	4	4	6	77
29/01/2025	14	2	3	2	4	4	6	81
29/01/2025	15	3	3	2	4	4	6	82
29/01/2025	16	4	3	2	4	6	6	79
29/01/2025	17	4	3	2	4	7	6	66
29/01/2025	18	4	3	2	4	6	6	59
29/01/2025	19	5	3	2	6	13	7	45
29/01/2025	20	4	3	2	7	5	9	60
29/01/2025	21	2	3	2	4	3	6	67
29/01/2025	22	2	3	2	4	3	6	72
29/01/2025	23	2	3	2	4	2	6	69
30/01/2025	00	1	3	2	4	1	6	54
30/01/2025	01	1	3	2	4	1	6	60
30/01/2025	02	1	3	2	4	1	6	70
30/01/2025	03	1	3	2	4	1	6	62
30/01/2025	04	1	3	2	4	1	6	53
30/01/2025	05	1	3	2	4	1	6	63
30/01/2025	06	1	3	2	4	1	6	65
30/01/2025	07	1	3	2	4	1	6	60
30/01/2025	08	2	3	2	4	3	6	68
30/01/2025	09	2	3	2	5	2	6	73
30/01/2025	10	1	3	2	4	1	6	79
30/01/2025	11	1	3	2	4	1	6	79
30/01/2025	12	1	3	2	4	1	6	76
30/01/2025	13	1	3	2	4	1	6	73
30/01/2025	14	1	3	2	4	1	6	75
30/01/2025	15	1	3	2	4	1	6	74
30/01/2025	16	1	3	2	4	1	6	76
30/01/2025	17	1	3	2	4	1	6	74
30/01/2025	18	1	3	2	4	1	6	76
30/01/2025	19	1	3	2	4	1	6	71
30/01/2025	20	1	3	2	4	1	6	70
30/01/2025	21	1	3	2	4	1	6	72
30/01/2025	22	1	3	2	4	1	6	72
30/01/2025	23	1	3	2	4	1	6	70
31/01/2025	00	1	3	2	4	1	6	70
31/01/2025	01	1	3	2	4	1	6	72
31/01/2025	02	1	3	2	4	1	6	74
31/01/2025	03	1	3	2	4	1	6	75
31/01/2025	04	1	3	2	4	1	6	75
31/01/2025	05	1	3	2	4	1	6	70
31/01/2025	06	1	3	2	4	1	6	68
31/01/2025	07	1	3	2	4	1	6	66
31/01/2025	08	1	3	2	6	2	8	62
31/01/2025	09	1	3	2	4	2	6	67
31/01/2025	10	1	3	2	4	2	6	70
31/01/2025	11	1	3	2	4	1	6	73
31/01/2025	12	1	3	2	4	1	6	78
31/01/2025	13	1	3	2	4	1	6	78
31/01/2025	14	1	3	2	4	3	6	80
31/01/2025	15	1	3	2	4	2	6	84
31/01/2025	16	3	3	2	6	7	8	76
31/01/2025	17	3	3	2	6	4	8	75
31/01/2025	18	2	3	2	4	3	6	72
31/01/2025	19	2	3	2	4	3	6	54
31/01/2025	20	2	3	2	4	2	6	47
31/01/2025	21	2	3	2	4	3	6	36
31/01/2025	22	3	3	2	4	3	6	32
31/01/2025	23	3	3	2	4	4	6	27
01/02/2025	00	3	3	2	4	4	6	25
01/02/2025	01	3	3	2	4	3	6	24
01/02/2025	02	2	3	2	4	3	6	28
01/02/2025	03	3	3	2	4	3	6	35
01/02/2025	04	2	3	2	4	3	6	41
01/02/2025	05	2	3	2	4	2	6	44
01/02/2025	06	2	3	2	4	2	6	55
01/02/2025	07	1	3	2	4	2	6	54
01/02/2025	08	2	3	2	5	2	6	49
01/02/2025	09	2	3	2	4	2	6	57
01/02/2025	10	3	3	2	4	4	6	54
01/02/2025	11	3	3	2	4	3	6	68
01/02/2025	12	2	3	2	4	3	6	72
01/02/2025	13	9	3	2	5	14	7	70
01/02/2025	14	6	3	2	5	15	7	73
01/02/2025	15	4	3	2	5	6	6	71
01/02/2025	16	3	3	2	5	5	7	74
01/02/2025	17	3	3	2	4	4	6	61
01/02/2025	18	4	3	2	6	5	7	49
01/02/2025	19	3	3	2	6	4	7	41
01/02/2025	20	3	3	2	5	3	7	32
01/02/2025	21	4	3	2	4	4	6	30
01/02/2025	22	5	3	2	5	5	7	25
01/02/2025	23	10	3	2	9	10	13	21
02/02/2025	00	9	3	2	8	9	10	34
02/02/2025	01	6	3	2	4	6	6	39
02/02/2025	02	4	3	2	4	5	6	35
02/02/2025	03	4	3	2	4	4	6	37
02/02/2025	04	3	3	2	4	3	6	46
02/02/2025	05	2	3	2	4	2	6	47
02/02/2025	06	2	3	2	4	2	6	44
02/02/2025	07	2	3	2	4	2	6	50
02/02/2025	08	2	3	2	4	2	6	54
02/02/2025	09	2	3	2	4	3	6	60
02/02/2025	10	2	3	2	4	2	6	72
02/02/2025	11	2	3	2	4	2	6	76
02/02/2025	12	3	3	2	4	4	6	77
02/02/2025	13	3	3	2	4	3	6	79
02/02/2025	14	14	3	2	4	15	6	78
02/02/2025	15	3	3	2	4	3	6	79
02/02/2025	16	4	3	2	4	4	6	80
02/02/2025	17	2	3	2	5	2	6	78
02/02/2025	18	4	3	2	4	5	6	66
02/02/2025	19	3	3	2	4	3	6	52
02/02/2025	20	2	3	2	4	3	6	44
02/02/2025	21	3	3	2	4	3	6	39
02/02/2025	22	4	3	2	4	4	6	37
02/02/2025	23	5	3	2	5	5	6	39
03/02/2025	00	4	3	2	4	5	6	38
03/02/2025	01	4	3	2	4	5	6	43
03/02/2025	02	3	3	2	4	4	6	46
03/02/2025	03	3	3	2	4	3	6	47
03/02/2025	04	2	3	2	4	2	6	43
03/02/2025	05	2	3	2	4	2	6	41
03/02/2025	06	2	3	2	4	2	6	46
03/02/2025	07	2	3	2	4	2	6	44
03/02/2025	08	2	3	2	4	2	6	46
03/02/2025	09	2	3	2	4	3	6	52
03/02/2025	10	4	3	2	4	4	6	63
03/02/2025	11	3	3	2	4	4	6	75
03/02/2025	12	2	3	2	4	3	6	80
03/02/2025	13	3	3	2	4	5	6	82
03/02/2025	14	4	3	2	4	8	6	84
03/02/2025	15	3	3	2	4	8	6	86
03/02/2025	16	2	3	2	4	5	6	85
03/02/2025	17	3	3	2	4	11	6	83
03/02/2025	18	3	3	2	5	9	6	71
03/02/2025	19	3	3	2	5	5	6	60
03/02/2025	20	3	3	2	4	4	6	50
03/02/2025	21	4	3	2	5	5	6	48
03/02/2025	22	5	3	2	5	7	7	45
03/02/2025	23	5	3	2	6	7	7	43
04/02/2025	00	4	3	2	4	5	6	42
04/02/2025	01	4	3	2	4	5	6	45
04/02/2025	02	4	3	2	4	5	6	44
04/02/2025	03	3	3	2	4	4	6	53
04/02/2025	04	2	3	2	4	3	6	56
04/02/2025	05	2	3	2	4	3	6	54
04/02/2025	06	2	3	2	4	3	6	56
04/02/2025	07	2	3	2	4	3	6	57
04/02/2025	08	2	3	2	4	3	6	53
04/02/2025	09	3	3	2	4	4	6	53
04/02/2025	10	5	3	2	4	6	6	57
04/02/2025	11	4	3	2	4	8	6	72
04/02/2025	12	3	3	2	4	5	6	84
04/02/2025	13	3	3	2	4	5	6	84
04/02/2025	14	2	3	2	4	4	6	87
04/02/2025	15	2	3	2	4	4	6	90
04/02/2025	16	2	3	2	4	7	6	91
04/02/2025	17	4	3	2	8	11	11	85
04/02/2025	18	9	4	2	16	25	24	74
04/02/2025	19	9	3	2	17	17	25	53
04/02/2025	20	10	3	2	17	19	24	39
04/02/2025	21	9	3	2	14	13	20	36
04/02/2025	22	8	3	2	9	11	13	33
04/02/2025	23	7	3	2	8	10	11	42
05/02/2025	00	6	3	2	7	10	9	48
05/02/2025	01	6	3	2	5	9	6	50
05/02/2025	02	4	3	2	4	7	6	51
05/02/2025	03	3	3	2	4	5	6	54
05/02/2025	04	3	3	2	4	4	6	53
05/02/2025	05	3	3	2	4	4	6	49
05/02/2025	06	2	3	2	4	3	6	43
05/02/2025	07	2	3	2	4	3	6	41
05/02/2025	08	2	3	2	4	3	6	41
05/02/2025	09	4	3	2	4	6	6	47
05/02/2025	10	6	3	2	6	8	8	52
05/02/2025	11	3				10		
05/02/2025	12	4				7		
05/02/2025	13	4	3	2	4	5	6	83
05/02/2025	14	5	3	2	4	7	6	84
05/02/2025	15	4	3	2	4	8	6	88
05/02/2025	16	3	3	2	4	5	6	90
05/02/2025	17	8	3	2	6	16	8	81
05/02/2025	18	13	3	2	13	24	19	60
05/02/2025	19	11	3	2	11	14	15	45
05/02/2025	20	10	3	2	10	13	13	36
05/02/2025	21	10	3	2	6	12	8	28
05/02/2025	22	8	3	2	5	9	6	30
05/02/2025	23	7	3	2	4	8	6	32
06/02/2025	00	7	3	2	4	8	6	36
06/02/2025	01	6	3	2	4	7	6	41
06/02/2025	02	6	3	2	4	8	6	41
06/02/2025	03	7	3	2	4	8	6	40
06/02/2025	04	8	3	2	4	10	6	45
06/02/2025	05	8	3	2	4	10	6	45
06/02/2025	06	7	3	2	4	8	6	42
06/02/2025	07	7	3	2	4	8	6	44
06/02/2025	08	7	3	2	4	9	6	42
06/02/2025	09	8	3	2	4	10	6	45
06/02/2025	10	7	3	2	4	9	6	54
06/02/2025	11	8	3	2	4	16	6	75
06/02/2025	12	8	3	2	4	12	6	82
06/02/2025	13	20	3	2	7	26	9	78
06/02/2025	14	14	3	2	8	18	12	76
06/02/2025	15	12	3	2	7	16	9	79
06/02/2025	16	11	3	2	7	15	9	85
06/02/2025	17	11	3	2	7	14	8	88
06/02/2025	18	12	3	2	6	17	8	77
06/02/2025	19	10	3	2	6	14	8	58
06/02/2025	20	10	3	2	4	11	6	47
06/02/2025	21	10	3	2	4	11	6	38
06/02/2025	22	13	3	2	4	15	6	32
06/02/2025	23	13	3	2	4	14	6	30
07/02/2025	00	15	3	2	4	17	6	31
07/02/2025	01	16	3	2	4	18	6	30
07/02/2025	02	16	3	2	4	17	6	34
07/02/2025	03	17	3	2	4	18	6	27
07/02/2025	04	17	3	2	4	19	6	29
07/02/2025	05	17	3	2	4	18	6	29
07/02/2025	06	16	3	2	4	18	6	30
07/02/2025	07	15	3	2	4	17	6	29
07/02/2025	08	14	3	2	4	16	6	26
07/02/2025	09	17	3	2	5	18	7	32
07/02/2025	10	18	3	2	8	22	11	42
07/02/2025	11	16	3	2	5	20	7	78
07/02/2025	12	17	3	2	4	20	6	81
07/02/2025	13	25	3	2	8	32	12	73
07/02/2025	14	21	3	2	12	29	17	74
07/02/2025	15	18	3	2	13	25	19	77
07/02/2025	16	15	3	2	10	19	14	87
07/02/2025	17	14	3	2	7	17	9	95
07/02/2025	18	12	3	2	5	15	6	89
07/02/2025	19	11	3	2	5	14	6	77
07/02/2025	20	13	3	2	10	17	13	70
07/02/2025	21	10	3	2	6	12	8	69
07/02/2025	22	8	3	2	6	10	7	49
07/02/2025	23	8	3	2	6	10	7	53
08/02/2025	00	8	3	2	5	10	6	46
08/02/2025	01	7	3	2	4	9	6	50
08/02/2025	02	6	3	2	4	7	6	66
08/02/2025	03	6	3	2	4	7	6	67
08/02/2025	04	5	3	2	4	5	6	62
08/02/2025	05	5	3	2	4	5	6	54
08/02/2025	06	5	3	2	4	5	6	46
08/02/2025	07	3	3	2	4	3	6	52
08/02/2025	08	2	3	2	4	2	6	52
08/02/2025	09	2	3	2	4	2	6	58
08/02/2025	10	1	3	2	4	1	6	67
08/02/2025	11	1	3	2	4	1	6	77
08/02/2025	12	1	3	2	4	1	6	82
08/02/2025	13	1	3	2	4	1	6	85
08/02/2025	14	1	3	2	4	1	6	88
08/02/2025	15	1	3	2	4	1	6	88
08/02/2025	16	1	3	2	4	2	6	87
08/02/2025	17	2	3	2	4	3	6	78
08/02/2025	18	3	3	2	4	5	6	74
08/02/2025	19	2	3	2	4	3	6	58
08/02/2025	20	2	3	2	4	3	6	54
08/02/2025	21	3	3	2	4	3	6	45
08/02/2025	22	4	3	2	4	4	6	40
08/02/2025	23	4	3	2	4	5	6	36
09/02/2025	00	4	3	2	4	4	6	36
09/02/2025	01	4	3	2	4	5	6	33
09/02/2025	02	4	3	2	4	4	6	37
09/02/2025	03	3	3	2	4	4	6	45
09/02/2025	04	3	3	2	4	3	6	41
09/02/2025	05	2	3	2	4	2	6	46
09/02/2025	06	2	3	2	4	2	6	45
09/02/2025	07	2	3	2	4	2	6	42
09/02/2025	08	2	3	2	4	2	6	43
09/02/2025	09	2	3	2	4	2	6	45
09/02/2025	10	2	3	2	4	2	6	57
09/02/2025	11	4	3	2	4	7	6	70
09/02/2025	12	7	3	2	5	11	6	73
09/02/2025	13	11	3	2	4	13	6	78
09/02/2025	14	5	3	2	4	7	6	81
09/02/2025	15	2	3	2	4	3	6	84
09/02/2025	16	3	3	2	4	4	6	82
09/02/2025	17	6	3	2	5	8	7	77
09/02/2025	18	5	3	2	5	8	6	70
09/02/2025	19	5	3	2	5	8	6	52
09/02/2025	20	5	3	2	4	7	6	49
09/02/2025	21	6	3	2	4	7	6	40
09/02/2025	22	6	3	2	4	7	6	33
09/02/2025	23	7	3	2	4	7	6	30
10/02/2025	00	6	3	2	4	7	6	32
10/02/2025	01	6	3	2	4	7	6	39
10/02/2025	02	5	3	2	4	5	6	47
10/02/2025	03	4	3	2	4	5	6	45
10/02/2025	04	4	3	2	4	5	6	46
10/02/2025	05	4	3	2	4	5	6	42
10/02/2025	06	4	3	2	4	4	6	39
10/02/2025	07	4	3	2	4	4	6	41
10/02/2025	08	3	3	2	4	4	6	45
10/02/2025	09	3	3	2	4	5	6	46
10/02/2025	10	6	3	2	6	7	8	47
10/02/2025	11	7	3	2	5	10	7	66
10/02/2025	12	9	3	2	5	12	6	73
10/02/2025	13	8	3	2	4	10	6	87
10/02/2025	14	10	3	2	5	13	6	83
10/02/2025	15	10	3	2	7	14	10	81
10/02/2025	16	7	3	2	5	10	6	88
10/02/2025	17	8	3	2	4	10	6	86
10/02/2025	18	10	3	2	6	13	7	80
10/02/2025	19	8	3	2	4	9	6	81
10/02/2025	20	8	3	2	4	10	6	70
10/02/2025	21	9	3	2	4	11	6	60
10/02/2025	22	8	3	2	4	10	6	45
10/02/2025	23	6	3	2	4	7	6	37
11/02/2025	00	4	3	2	4	5	6	38
11/02/2025	01	6	3	2	4	7	6	38
11/02/2025	02	4	3	2	4	5	6	35
11/02/2025	03	4	3	2	4	4	6	29
11/02/2025	04	4	3	2	4	4	6	28
11/02/2025	05	4	3	2	4	5	6	26
11/02/2025	06	3	3	2	4	3	6	21
11/02/2025	07	2	3	2	4	3	6	17
11/02/2025	08	3	3	2	4	3	6	17
11/02/2025	09	4	3	2	4	5	6	28
11/02/2025	10	6	3	2	4	8	6	55
11/02/2025	11	5	3	2	4	7	6	75
11/02/2025	12	5	3	2	4	7	6	82
11/02/2025	13	5	3	2	4	14	6	87
11/02/2025	14	6	3	2	5	10	7	88
11/02/2025	15	7	3	2	9	11	12	83
11/02/2025	16	10	3	2	14	18	20	77
11/02/2025	17	9	3	2	13	13	18	83
11/02/2025	18	11	3	2	12	15	17	80
11/02/2025	19	10	3	2	8	12	12	67
11/02/2025	20	10	3	2	6	13	8	47
11/02/2025	21	10	3	2	5	12	6	33
11/02/2025	22	11	3	2	4	13	6	25
11/02/2025	23	12	3	2	4	14	6	22
12/02/2025	00	14	3	2	5	16	6	21
12/02/2025	01	17	3	2	8	20	11	18
12/02/2025	02	18	3	2	5	21	7	20
12/02/2025	03	18	3	2	4	20	6	20
12/02/2025	04	20	3	2	4	22	6	25
12/02/2025	05	22	3	2	5	25	7	23
12/02/2025	06	22	3	2	8	25	10	18
12/02/2025	07	22	3	2	7	23	9	13
12/02/2025	08	21	3	2	5	23	7	12
12/02/2025	09	22	3	2	4	24	6	25
12/02/2025	10	19	3	2	4	21	6	57
12/02/2025	11	14	3	2	4	16	6	70
12/02/2025	12	11	3	2	4	13	6	70
12/02/2025	13	8	3	2	4	9	6	70
12/02/2025	14	16	3	2	10	21	14	63
12/02/2025	15	22	4	2	21	28	32	58
12/02/2025	16	21	3	2	17	27	24	64
12/02/2025	17	23	3	2	14	29	20	64
12/02/2025	18	37	4	2	18	44	26	47
12/02/2025	19	35	3	2	17	42	24	44
12/02/2025	20	30	3	2	13	34	18	32
12/02/2025	21	13	3	2	7	14	9	32
12/02/2025	22	1	3	2	4	2	6	62
12/02/2025	23	1	3	2	4	2	6	55
13/02/2025	00	2	3	2	4	2	6	48
13/02/2025	01	1	3	2	4	2	6	44
13/02/2025	02	1	3	2	4	1	6	46
13/02/2025	03	1	3	2	4	1	6	62
13/02/2025	04	1	3	2	4	1	6	57
13/02/2025	05	1	3	2	4	1	6	54
13/02/2025	06	1	3	2	4	1	6	55
13/02/2025	07	1	3	2	4	1	6	58
13/02/2025	08	1	3	2	4	2	6	60
13/02/2025	09	2	3	2	4	2	6	65
13/02/2025	10	2	3	2	4	2	6	71
13/02/2025	11	1	3	2	4	1	6	76
13/02/2025	12	1	3	2	4	2	6	79
13/02/2025	13	3	3	2	8	8	11	69
13/02/2025	14	3	3	2	9	9	13	69
13/02/2025	15	3	3	2	10	7	14	71
13/02/2025	16	3	3	2	10	9	13	73
13/02/2025	17	3	3	2	12	8	16	69
13/02/2025	18	4	3	2	11	8	14	63
13/02/2025	19	3	3	2	7	5	10	59
13/02/2025	20	3	3	2	6	4	7	51
13/02/2025	21	3	3	2	5	4	6	45
13/02/2025	22	3	3	2	4	4	6	42
13/02/2025	23	4	3	2	7	7	9	43
14/02/2025	00	4	3	2	6	6	8	47
14/02/2025	01	4	3	2	6	5	8	44
14/02/2025	02	3	3	2	4	4	6	45
14/02/2025	03	3	3	2	4	3	6	44
14/02/2025	04	1	3	2	4	1	6	49
14/02/2025	05	1	3	2	4	1	6	50
14/02/2025	06	1	3	2	4	1	6	54
14/02/2025	07	2	3	2	4	2	6	53
14/02/2025	08	3	3	2	4	4	6	51
14/02/2025	09	4	3	2	6	8	7	49
14/02/2025	10	2	3	2	4	3	6	62
14/02/2025	11	1	3	2	4	1	6	72
14/02/2025	12	3	3	2	5	7	7	70
14/02/2025	13	4	3	2	10	9	14	64
14/02/2025	14	4	3	2	10	10	15	65
14/02/2025	15	5	3	2	16	12	24	65
14/02/2025	16	5	3	2	12	10	17	80
14/02/2025	17	4	3	2	9	9	13	87
14/02/2025	18	5	3	2	10	7	14	80
14/02/2025	19	4	3	2	8	6	10	60
14/02/2025	20	4	3	2	5	6	7	54
14/02/2025	21	5	3	2	5	6	6	44
14/02/2025	22	6	3	2	6	7	8	40
14/02/2025	23	6	3	2	6	8	8	38
15/02/2025	00	7	3	2	6	8	8	40
15/02/2025	01	6	3	2	5	7	7	39
15/02/2025	02	5	3	2	4	5	6	40
15/02/2025	03	4	3	2	4	5	6	31
15/02/2025	04	4	3	2	4	4	6	23
15/02/2025	05	4	3	2	4	4	6	20
15/02/2025	06	4	3	2	4	4	6	17
15/02/2025	07	4	3	2	4	4	6	19
15/02/2025	08	4	3	2	4	5	6	20
15/02/2025	09	6	3	2	4	8	6	27
15/02/2025	10	10	3	2	7	12	10	47
15/02/2025	11	9	3	2	5	10	7	76
15/02/2025	12	9	3	2	4	11	6	82
15/02/2025	13	10	3	2	4	13	6	86
15/02/2025	14	12	3	2	4	14	6	84
15/02/2025	15	10	3	2	4	12	6	88
15/02/2025	16	9	3	2	4	11	6	84
15/02/2025	17	8	3	2	4	11	6	83
15/02/2025	18	16	3	2	4	20	6	83
15/02/2025	19	16	3	2	4	22	6	74
15/02/2025	20	12	3	2	4	17	6	66
15/02/2025	21	13	3	2	4	18	6	56
15/02/2025	22	16	3	2	4	20	6	38
15/02/2025	23	18	3	2	4	23	6	32
16/02/2025	00	17	3	2	4	21	6	24
16/02/2025	01	17	3	2	4	20	6	18
16/02/2025	02	17	3	2	4	20	6	14
16/02/2025	03	16	3	2	4	18	6	12
16/02/2025	04	16	3	2	4	17	6	14
16/02/2025	05	16	3	2	4	17	6	18
16/02/2025	06	14	3	2	4	15	6	21
16/02/2025	07	13	3	2	4	13	6	20
16/02/2025	08	10	3	2	4	10	6	24
16/02/2025	09	9	3	2	4	11	6	29
16/02/2025	10	9	3	2	4	11	6	38
16/02/2025	11	8	3	2	4	12	6	53
16/02/2025	12	5	3	2	4	9	6	69
16/02/2025	13	7	3	2	4	12	6	75
16/02/2025	14	14	3	2	8	21	11	74
16/02/2025	15	10	3	2	10	13	14	77
16/02/2025	16	10	3	2	6	16	7	86
16/02/2025	17	12	3	2	5	16	7	83
16/02/2025	18	11	3	2	5	15	6	77
16/02/2025	19	12	3	2	6	14	8	44
16/02/2025	20	13	3	2	5	15	6	38
16/02/2025	21	13	3	2	4	14	6	30
16/02/2025	22	14	3	2	4	16	6	28
16/02/2025	23	14	3	2	4	16	6	29
17/02/2025	00	12	3	2	4	13	6	41
17/02/2025	01	10	3	2	4	12	6	39
17/02/2025	02	9	3	2	4	10	6	45
17/02/2025	03	8	3	2	4	10	6	40
17/02/2025	04	8	3	2	4	10	6	37
17/02/2025	05	7	3	2	4	9	6	38
17/02/2025	06	7	3	2	4	9	6	34
17/02/2025	07	7	3	2	4	9	6	30
17/02/2025	08	6	3	2	4	8	6	32
17/02/2025	09	6	3	2	4	10	6	29
17/02/2025	10	22	3	2	10	39	15	42
17/02/2025	11	24	3	2	12	31	18	50
17/02/2025	12	26	4	2	19	37	30	53
17/02/2025	13	25	3	2	16	35	25	63
17/02/2025	14	21	3	2	8	28	13	82
17/02/2025	15	12	3	2	4	18	7	89
17/02/2025	16	12	3	2	4	17	7	91
17/02/2025	17	11	3	2	4	16	7	91
17/02/2025	18	11	3	2	4	15	7	86
17/02/2025	19	11	3	2	5	14	8	58
17/02/2025	20	11	3	2	4	14	7	57
17/02/2025	21	11	3	2	4	13	6	47
17/02/2025	22	12	3	2	4	14	6	42
17/02/2025	23	11	3	2	4	13	6	38
18/02/2025	00	11	3	2	4	13	6	33
18/02/2025	01	11	3	2	4	12	6	27
18/02/2025	02	10	3	2	4	12	6	24
18/02/2025	03	11	3	2	4	12	6	25
18/02/2025	04	11	3	2	4	13	6	33
18/02/2025	05	13	3	2	4	14	6	22
18/02/2025	06	13	3	2	4	15	6	22
18/02/2025	07	13	3	2	4	15	6	32
18/02/2025	08	13	3	2	6	15	9	29
18/02/2025	09	15	3	2	10	18	16	35
18/02/2025	10	18	3	2	8	23	12	46
18/02/2025	11	16	3	2	5	20	7	67
18/02/2025	12	10	3	2	4	14	6	92
18/02/2025	13	10	3	2	4	14	6	94
18/02/2025	14	11	3	2	4	16	6	96
18/02/2025	15	13	3	2	4	20	7	98
18/02/2025	16	13	3	2	4	23	6	98
18/02/2025	17	11	3	2	4	16	6	99
18/02/2025	18	12	3	2	4	16	6	97
18/02/2025	19	13	3	2	4	17	6	96
18/02/2025	20	15	3	2	4	20	6	91
18/02/2025	21	16	3	2	4	22	6	72
18/02/2025	22	15	3	2	4	18	6	47
18/02/2025	23	16	3	2	4	19	6	38
19/02/2025	00	16	3	2	4	19	6	27
19/02/2025	01	16	3	2	4	19	6	24
19/02/2025	02	16	3	2	4	18	6	21
19/02/2025	03	15	3	2	4	18	6	18
19/02/2025	04	16	3	2	4	18	6	23
19/02/2025	05	17	3	2	4	19	6	20
19/02/2025	06	17	3	2	4	19	6	15
19/02/2025	07	16	3	2	4	18	6	15
19/02/2025	08	16	3	2	4	18	6	14
19/02/2025	09	18	3	2	4	21	7	21
19/02/2025	10	18	3	2	5	24	8	62
19/02/2025	11	17	3	2	4	24	6	83
19/02/2025	12	20	3	2	4	27	7	84
19/02/2025	13	18	3	2	6	25	9	91
19/02/2025	14	17	3	2	5	25	9	94
19/02/2025	15	18	3	2	6	25	9	94
19/02/2025	16	15	3	2	6	21	9	97
19/02/2025	17	14	3	2	5	20	8	98
19/02/2025	18	15	3	2	5	24	8	93
19/02/2025	19	15	3	2	6	20	9	69
19/02/2025	20	15	3	2	4	20	7	53
19/02/2025	21	15	3	2	4	20	6	53
19/02/2025	22	18	3	2	4	22	6	70
19/02/2025	23	19	3	2	4	24	6	62
20/02/2025	00	22	3	2	4	29	6	62
20/02/2025	01	21	3	2	4	25	6	44
20/02/2025	02	19	3	2	4	23	6	33
20/02/2025	03	19	3	2	4	22	6	30
20/02/2025	04	19	3	2	4	22	6	35
20/02/2025	05	19	3	2	4	22	6	45
20/02/2025	06	20	3	2	4	23	6	46
20/02/2025	07	20	3	2	4	23	6	40
20/02/2025	08	21	3	2	10	28	15	36
20/02/2025	09	21	3	2	12	26	18	38
20/02/2025	10	19	3	2	8	23	12	64
20/02/2025	11	19	3	2	4	24	6	81
20/02/2025	12	16	3	2	4	21	6	80
20/02/2025	13	14	3	2	4	21	6	85
20/02/2025	14	16	3	2	5	23	7	93
20/02/2025	15	17	3	2	5	22	8	97
20/02/2025	16	18	3	2	4	25	7	98
20/02/2025	17	17	3	2	4	23	7	96
20/02/2025	18	14	3	2	4	20	6	95
20/02/2025	19	15	3	2	4	21	7	91
20/02/2025	20	15	3	2	4	21	6	89
20/02/2025	21	18	3	2	8	25	12	80
20/02/2025	22	14	3	2	5	19	8	83
20/02/2025	23	14	3	2	4	19	6	76
21/02/2025	00	15	3	2	4	19	6	68
21/02/2025	01	14	3	2	4	18	6	71
21/02/2025	02	14	3	2	4	18	6	63
21/02/2025	03	14	3	2	4	18	6	59
21/02/2025	04	15	3	2	4	20	6	71
21/02/2025	05	17	3	2	4	22	7	65
21/02/2025	06	15	3	2	4	19	6	47
21/02/2025	07	14	3	2	4	19	6	44
21/02/2025	08	15	3	2	4	20	7	39
21/02/2025	09	19	3	2	5	24	9	48
21/02/2025	10	13	3	2	5	19	7	66
21/02/2025	11	15	3	2	4	21	6	79
21/02/2025	12	18	3	2	5	25	7	84
21/02/2025	13	16	3	2	6	25	9	87
21/02/2025	14	16	3	2	7	23	11	87
21/02/2025	15	15	3	2	7	21	12	88
21/02/2025	16	14	3	2	4	18	7	93
21/02/2025	17	14	3	2	5	19	8	96
21/02/2025	18	13	3	2	5	18	9	95
21/02/2025	19	12	3	2	4	17	7	97
21/02/2025	20	13	3	2	5	18	8	93
21/02/2025	21	13	3	2	4	18	6	96
21/02/2025	22	13	3	2	4	18	6	96
21/02/2025	23	12	3	2	4	17	6	82
22/02/2025	00	14	3	2	4	18	6	63
22/02/2025	01	14	3	2	4	17	6	52
22/02/2025	02	14	3	2	4	18	6	43
22/02/2025	03	15	3	2	4	18	6	31
22/02/2025	04	15	3	2	4	18	6	29
22/02/2025	05	16	3	2	4	18	6	30
22/02/2025	06	16	3	2	4	19	6	35
22/02/2025	07	16	3	2	4	18	6	30
22/02/2025	08	16	3	2	4	19	6	30
22/02/2025	09	18	3	2	4	21	6	32
22/02/2025	10	20	3	2	5	25	8	38
22/02/2025	11	17	3	2	5	23	8	53
22/02/2025	12	13	3	2	4	18	6	63
22/02/2025	13	13	3	2	4	18	7	69
22/02/2025	14	33	4	2	16	46	26	63
22/02/2025	15	30	4	2	18	39	27	70
22/02/2025	16	22	3	2	12	31	18	74
22/02/2025	17	18	3	2	8	27	13	75
22/02/2025	18	15	3	2	7	23	11	73
22/02/2025	19	4	3	2	4	5	6	82
22/02/2025	20	4	3	2	4	5	6	65
22/02/2025	21	4	3	2	4	5	6	44
22/02/2025	22	5	3	2	4	6	6	35
22/02/2025	23	8	3	2	4	9	6	30
23/02/2025	00	8	3	2	4	9	6	27
23/02/2025	01	9	3	2	4	9	6	20
23/02/2025	02	7	3	2	4	8	6	23
23/02/2025	03	5	3	2	4	6	6	27
23/02/2025	04	5	3	2	4	5	6	21
23/02/2025	05	5	3	2	4	5	6	15
23/02/2025	06	4	3	2	4	5	6	14
23/02/2025	07	4	3	2	4	5	6	11
23/02/2025	08	4	3	2	4	5	6	13
23/02/2025	09	3	3	2	4	4	6	32
23/02/2025	10	4	3	2	4	4	6	49
23/02/2025	11	3	3	2	4	4	6	66
23/02/2025	12	3	3	2	4	4	6	72
23/02/2025	13	3	3	2	4	4	6	84
23/02/2025	14	14	3	2	5	15	8	80
23/02/2025	15	16	3	2	5	18	8	83
23/02/2025	16	2	3	2	4	3	6	86
23/02/2025	17	2	3	2	4	3	6	88
23/02/2025	18	2	3	2	4	4	6	81
23/02/2025	19	2	3	2	4	4	6	56
23/02/2025	20	2	3	2	4	3	6	52
23/02/2025	21	2	3	2	4	3	6	42
23/02/2025	22	3	3	2	4	4	6	44
23/02/2025	23	4	3	2	4	4	6	40
24/02/2025	00	4	3	2	4	4	6	38
24/02/2025	01	4	3	2	4	4	6	45
24/02/2025	02	4	3	2	4	4	6	43
24/02/2025	03	3	3	2	4	4	6	42
24/02/2025	04	3	3	2	4	4	6	43
24/02/2025	05	4	3	2	4	4	6	42
24/02/2025	06	4	3	2	4	4	6	42
24/02/2025	07	4	3	2	4	4	6	41
24/02/2025	08	4	3	2	4	4	6	38
24/02/2025	09	4	3	2	4	5	6	45
24/02/2025	10	4	3	2	4	5	6	55
24/02/2025	11	2	3	2	4	3	6	66
24/02/2025	12	4	3	2	5	6	7	65
24/02/2025	13	5	3	2	9	11	14	64
24/02/2025	14	8	4	2	16	18	26	58
24/02/2025	15	7	3	2	12	12	20	69
24/02/2025	16	5	3	2	9	10	15	72
24/02/2025	17	4	3	2	11	10	17	66
24/02/2025	18	6	3	2	10	13	16	62
24/02/2025	19	10	3	2	12	15	19	45
24/02/2025	20	10	3	2	9	13	15	36
24/02/2025	21	7	3	2	6	9	11	30
24/02/2025	22	7	3	2	6	8	10	36
24/02/2025	23	3	3	2	4	4	6	46
25/02/2025	00	3	3	2	4	3	6	50
25/02/2025	01	2	3	2	4	2	6	58
25/02/2025	02	2	3	2	4	2	6	59
25/02/2025	03	2	3	2	4	4	6	62
25/02/2025	04	2	3	2	4	3	6	65
25/02/2025	05	2	3	2	4	2	6	56
25/02/2025	06	2	3	2	4	2	6	54
25/02/2025	07	2	3	2	4	2	6	46
25/02/2025	08	2	3	2	4	4	6	40
25/02/2025	09	3	3	2	4	4	6	37
25/02/2025	10	4	3	2	6	8	11	28
25/02/2025	11	5	3	2	6	8	9	55
25/02/2025	12	4	3	2	4	9	6	59
25/02/2025	13	4	3	2	4	7	6	62
25/02/2025	14	2	3	2	4	6	6	66
25/02/2025	15	2	3	2	4	4	6	65
25/02/2025	16	2	3	2	4	5	6	65
25/02/2025	17	5	3	2	7	29	11	61
25/02/2025	18	2	3	2	6	5	10	69
25/02/2025	19	1	3	2	4	1	6	78
25/02/2025	20	1	3	2	4	2	6	81
25/02/2025	21	2	3	2	4	3	6	82
25/02/2025	22	2	3	2	4	2	6	81
25/02/2025	23	1	3	2	4	1	6	85
26/02/2025	00	1	3	2	4	2	6	86
26/02/2025	01	1	3	2	4	2	6	84
26/02/2025	02	1	3	2	4	3	6	84
26/02/2025	03	1	3	2	4	3	6	80
26/02/2025	04	1	3	2	4	2	6	83
26/02/2025	05	1	3	2	4	1	6	87
26/02/2025	06	1	3	2	4	1	6	86
26/02/2025	07	1	3	2	4	1	6	84
26/02/2025	08	1	3	2	4	1	6	83
26/02/2025	09	1	3	2	4	1	6	84
26/02/2025	10	1	3	2	4	1	6	84
26/02/2025	11	1	3	2	4	1	6	87
26/02/2025	12	1	3	2	4	2	6	88
26/02/2025	13	2	3	2	5	6	8	85
26/02/2025	14	2	3	2	4	4	7	88
26/02/2025	15	1	3	2	4	2	6	92
26/02/2025	16	2	3	2	4	4	6	93
26/02/2025	17	2	3	2	4	4	7	90
26/02/2025	18	2	3	2	5	3	7	87
26/02/2025	19	2	3	2	4	4	6	85
26/02/2025	20	2	3	2	4	5	6	67
26/02/2025	21	3	3	2	4	5	6	59
26/02/2025	22	3	3	2	4	5	6	60
26/02/2025	23	4	3	2	4	6	6	52
27/02/2025	00	4	3	2	4	5	6	52
27/02/2025	01	4	3	2	4	6	6	50
27/02/2025	02	3	3	2	4	5	6	50
27/02/2025	03	3	3	2	4	4	6	49
27/02/2025	04	3	3	2	4	3	6	47
27/02/2025	05	2	3	2	4	3	6	47
27/02/2025	06	2	3	2	4	2	6	49
27/02/2025	07	2	3	2	4	2	6	50
27/02/2025	08	2	3	2	4	3	6	51
27/02/2025	09	3	3	2	4	5	6	53
27/02/2025	10	4	3	2	6	9	10	53
27/02/2025	11	6	3	2	6	11	10	66
27/02/2025	12	16	4	2	15	28	25	66
27/02/2025	13	10	3	2	14	18	23	72
27/02/2025	14	10	3	2	15	20	24	70
27/02/2025	15	5	3	2	7	8	12	79
27/02/2025	16	5	3	2	7	7	11	77
27/02/2025	17	5	3	2	7	8	10	78
27/02/2025	18	7	3	2	8	14	13	72
27/02/2025	19	7	3	2	10	13	16	47
27/02/2025	20	6	3	2	9	11	14	45
27/02/2025	21	6	3	2	7	10	12	46
27/02/2025	22	6	3	2	7	10	11	41
27/02/2025	23	6	3	2	6	8	9	41
28/02/2025	00	6	3	2	5	8	7	36
28/02/2025	01	7	3	2	5	9	7	33
28/02/2025	02	7	3	2	4	8	7	32
28/02/2025	03	7	3	2	4	8	6	34
28/02/2025	04	6	3	2	4	7	6	30
28/02/2025	05	5	3	2	4	6	6	30
28/02/2025	06	5	3	2	4	6	6	28
28/02/2025	07	6	3	2	4	7	6	29
28/02/2025	08	6	3	2	4	8	6	37
28/02/2025	09	10	3	2	5	13	8	46
28/02/2025	10	10	3	2	8	15	12	63
28/02/2025	11	10	3	2	4	14	7	90
28/02/2025	12	12	3	2	5	16	8	91
28/02/2025	13	11	3	2	5	15	7	95
28/02/2025	14	9	3	2	4	13	6	99
28/02/2025	15	10	3	2	4	15	6	101
28/02/2025	16	11	3	2	4	15	6	104
28/02/2025	17	12	3	2	4	16	6	105
28/02/2025	18	13	3	2	4	16	6	103
28/02/2025	19	15	3	2	4	18	7	94
28/02/2025	20	12	3	2	4	15	6	68
28/02/2025	21	10	3	2	4	12	6	56
28/02/2025	22	13	3	2	4	15	6	52
28/02/2025	23	13	3	2	4	15	6	45
01/03/2025	00	14	3	2	4	16	6	42
01/03/2025	01	13	3	2	4	16	6	40
01/03/2025	02	14	3	2	4	17	7	31
01/03/2025	03	8	3	2	4	10	6	61
01/03/2025	04	7	3	2	4	9	6	67
01/03/2025	05	11	3	2	5	13	8	60
01/03/2025	06	4	3	2	4	5	7	81
01/03/2025	07	3	3	2	4	3	6	82
01/03/2025	08	5	3	2	4	6	6	78
01/03/2025	09	6	3	2	4	8	6	74
01/03/2025	10	5	3	2	4	7	6	76
01/03/2025	11	5	3	2	5	8	7	79
01/03/2025	12	5	3	2	4	8	6	82
01/03/2025	13	5	3	2	4	8	6	83
01/03/2025	14	5	3	2	4	7	6	89
01/03/2025	15	5	3	2	4	7	6	90
01/03/2025	16	5	3	2	4	8	6	90
01/03/2025	17	5	3	2	4	8	6	91
01/03/2025	18	5	3	2	4	10	6	88
01/03/2025	19	6	3	2	4	10	6	82
01/03/2025	20	5	3	2	4	8	6	65
01/03/2025	21	5	3	2	4	6	6	49
01/03/2025	22	5	3	2	4	6	6	54
01/03/2025	23	6	3	2	4	7	6	51
02/03/2025	00	6	3	2	4	7	6	54
02/03/2025	01	6	3	2	4	7	6	53
02/03/2025	02	4	3	2	4	5	6	65
02/03/2025	03	4	3	2	4	5	6	67
02/03/2025	04	4	3	2	4	5	6	61
02/03/2025	05	4	3	2	4	5	6	65
02/03/2025	06	4	3	2	4	5	6	62
02/03/2025	07	4	3	2	4	5	6	65
02/03/2025	08	5	3	2	4	5	6	59
02/03/2025	09	5	3	2	4	7	6	71
02/03/2025	10	5	3	2	4	7	6	72
02/03/2025	11	5	3	2	4	10	6	73
02/03/2025	12	5	3	2	4	7	6	73
02/03/2025	13	5	3	2	4	7	6	74
02/03/2025	14	8	3	2	5	9	7	73
02/03/2025	15	6	3	2	4	8	7	75
02/03/2025	16	9	3	2	4	12	6	74
02/03/2025	17	7	3	2	4	11	7	75
02/03/2025	18	8	3	2	4	12	6	76
02/03/2025	19	8	3	2	4	11	6	75
02/03/2025	20	8	3	2	4	12	6	75
02/03/2025	21	9	3	2	4	12	6	76
02/03/2025	22	8	3	2	4	10	6	74
02/03/2025	23	8	3	2	4	11	6	85
03/03/2025	00	10	3	2	4	13	6	88
03/03/2025	01	11	3	2	4	15	6	88
03/03/2025	02	9	3	2	4	12	6	87
03/03/2025	03	3	3	2	4	4	6	81
03/03/2025	04	4	3	2	4	5	6	76
03/03/2025	05	3	3	2	4	4	6	73
03/03/2025	06	3	3	2	4	4	6	72
03/03/2025	07	7	3	2	4	10	6	85
03/03/2025	08	11	3	2	4	15	6	84
03/03/2025	09	10	3	2	4	12	6	83
03/03/2025	10	9	3	2	4	11	6	82
04/03/2025	08	15	3	2	4	22	6	68
04/03/2025	09	14	3	2	4	20	6	73
04/03/2025	10	12	3	2	4	18	6	75
04/03/2025	11	19	3	2	4	24	6	75
04/03/2025	12	21	3	2	4	26	6	71
04/03/2025	13	4	3	2	4	4	6	72
04/03/2025	14	9	3	2	4	13	6	74
04/03/2025	15	13	3	2	4	19	6	76
04/03/2025	16	11	3	2	4	15	6	78
04/03/2025	17	12	3	2	4	16	6	82
04/03/2025	18	12	3	2	4	18	6	80
04/03/2025	19	9	3	2	4	13	6	79
04/03/2025	20	7	3	2	4	9	6	77
04/03/2025	21	11	3	2	4	15	6	80
04/03/2025	22	10	3	2	4	14	6	78
04/03/2025	23	11	3	2	4	15	6	76
05/03/2025	00	10	3	2	4	14	6	77
05/03/2025	01	11	3	2	4	15	6	84
05/03/2025	02	10	3	2	4	12	6	85
05/03/2025	03	12	3	2	4	17	6	86
05/03/2025	04	9	3	2	4	12	6	84
05/03/2025	05	5	3	2	4	6	6	81
05/03/2025	06	6	3	2	4	7	6	82
05/03/2025	07	7	3	2	4	9	6	83
05/03/2025	08	8	3	2	4	11	6	87
05/03/2025	09	10	3	2	4	13	6	88
05/03/2025	10	8	3	2	4	10	6	86
05/03/2025	11	6	3	2	4	7	6	86
05/03/2025	12	7	3	2	4	8	6	86
05/03/2025	13	5	3	2	4	6	6	83
05/03/2025	14	4	3	2	4	5	6	85
05/03/2025	15	4	3	2	4	4	6	85
05/03/2025	16	7	3	2	4	9	6	89
05/03/2025	17	9	3	2	4	12	6	90
05/03/2025	18	9	3	2	4	13	6	92
05/03/2025	19	11	3	2	4	15	6	93
05/03/2025	20	10	3	2	4	13	6	92
05/03/2025	21	12	3	2	4	16	6	94
05/03/2025	22	11	3	2	4	15	6	93
05/03/2025	23	12	3	2	4	17	6	92
06/03/2025	00	14	3	2	4	19	6	92
06/03/2025	01	14	3	2	4	20	6	92
06/03/2025	02	13	3	2	4	19	6	91
06/03/2025	03	13	3	2	4	19	6	89
06/03/2025	04	12	3	2	4	18	6	89
06/03/2025	05	13	3	2	4	19	6	88
06/03/2025	06	14	3	2	4	20	6	88
06/03/2025	07	14	3	2	4	20	6	90
06/03/2025	08	16	3	2	4	22	6	92
06/03/2025	09	15	3	2	4	21	6	91
06/03/2025	10	14	3	2	4	20	6	88
06/03/2025	11	14	3	2	4	20	6	87
06/03/2025	12	13	3	2	4	19	6	85
06/03/2025	13	13	3	2	4	18	6	85
06/03/2025	14	12	3	2	4	17	6	85
06/03/2025	15	13	3	2	4	20	6	85
06/03/2025	16	14	3	2	4	21	6	83
06/03/2025	17	12	3	2	4	18	6	84
06/03/2025	18	12	3	2	4	17	6	86
06/03/2025	19	12	3	2	4	18	6	87
06/03/2025	20	12	3	2	4	17	6	88
06/03/2025	21	12	3	2	4	18	6	85
06/03/2025	22	11	3	2	4	16	6	67
06/03/2025	23	13	3	2	4	18	6	59
07/03/2025	00	12	3	2	4	17	6	46
07/03/2025	01	10	3	2	4	13	6	50
07/03/2025	02	6	3	2	4	8	6	73
07/03/2025	03	6	3	2	4	8	6	58
07/03/2025	04	6	3	2	4	8	6	37
07/03/2025	05	7	3	2	4	9	6	24
07/03/2025	06	8	3	2	4	10	6	26
07/03/2025	07	7	3	2	4	8	6	32
07/03/2025	08	6	3	2	5	8	7	40
07/03/2025	09	4	3	2	6	5	8	53
07/03/2025	10	3	3	2	4	3	6	76
07/03/2025	11	4	3	2	7	5	11	47
07/03/2025	12	3	3	2	6	3	8	64
07/03/2025	13	3	3	2	5	4	7	65
07/03/2025	14	4	3	2	5	4	8	65
07/03/2025	15	4	3	2	5	5	8	74
07/03/2025	16	7	3	2	6	9	9	73
07/03/2025	17	10	3	2	6	13	9	66
07/03/2025	18	2	3	2	7	3	10	59
07/03/2025	19	5	3	2	8	5	12	49
07/03/2025	20	6	3	2	6	7	9	37
07/03/2025	21	7	3	2	4	7	7	27
07/03/2025	22	6	3	2	4	7	6	27
07/03/2025	23	10	3	2	5	13	7	28
08/03/2025	00	13	3	2	4	17	6	22
08/03/2025	01	13	3	2	4	17	6	23
08/03/2025	02	10	3	2	4	12	6	40
08/03/2025	03	9	3	2	4	11	6	34
08/03/2025	04	10	3	2	4	13	6	32
08/03/2025	05	13	3	2	4	17	6	48
08/03/2025	06	11	3	2	4	15	6	48
08/03/2025	07	11	3	2	4	14	6	61
08/03/2025	08	14	3	2	4	18	6	74
08/03/2025	09	14	3	2	4	19	6	77
08/03/2025	10	13	3	2	4	20	6	77
08/03/2025	11	14	3	2	4	21	6	78
08/03/2025	12	13	3	2	4	19	6	79
08/03/2025	13	14	3	2	4	20	6	79
08/03/2025	14	14	3	2	4	21	6	83
08/03/2025	15	15	3	2	4	23	6	84
08/03/2025	16	15	3	2	4	22	6	85
08/03/2025	17	23	3	2	4	33	6	80
08/03/2025	18	27	3	2	4	38	6	80
08/03/2025	19	25	3	2	4	35	6	86
08/03/2025	20	20	3	2	4	27	6	90
08/03/2025	21	14	3	2	4	19	6	97
08/03/2025	22	11	3	2	4	16	6	90
08/03/2025	23	1	3	2	4	1	6	77
09/03/2025	00	1	3	2	4	2	6	69
09/03/2025	01	1	3	2	4	2	6	70
09/03/2025	02	1	3	2	4	1	6	84
09/03/2025	03	1	3	2	4	3	6	95
09/03/2025	04	1	3	2	4	2	6	91
09/03/2025	05	1	3	2	4	2	6	89
09/03/2025	06	1	3	2	4	1	6	86
09/03/2025	07	1	3	2	4	1	6	74
09/03/2025	08	1	3	2	4	1	6	71
09/03/2025	09	1	3	2	4	1	6	80
09/03/2025	10	1	3	2	4	2	6	86
09/03/2025	11	1	3	2	4	2	6	85
09/03/2025	12	1	3	2	4	2	6	86
09/03/2025	13	1	3	2	4	1	6	88
09/03/2025	14	1	3	2	4	1	6	89
09/03/2025	15	1	3	2	4	1	6	90
09/03/2025	16	1	3	2	4	1	6	89
09/03/2025	17	1	3	2	4	1	6	88
09/03/2025	18	5	3	2	4	6	6	79
09/03/2025	19	3	3	2	4	4	6	67
09/03/2025	20	2	3	2	4	3	6	45
09/03/2025	21	2	3	2	4	2	6	35
09/03/2025	22	2	3	2	4	2	6	45
09/03/2025	23	1	3	2	4	2	6	55
10/03/2025	00	1	3	2	4	1	6	65
10/03/2025	01	1	3	2	4	1	6	57
10/03/2025	02	1	3	2	4	1	6	51
10/03/2025	03	1	3	2	4	1	6	53
10/03/2025	04	2	3	2	4	2	6	43
10/03/2025	05	2	3	2	4	2	6	42
10/03/2025	06	1	3	2	4	1	6	43
10/03/2025	07	1	3	2	4	1	6	46
10/03/2025	08	1	3	2	4	1	6	47
10/03/2025	09	2	3	2	5	2	7	45
10/03/2025	10	1	3	2	4	1	6	75
10/03/2025	11	1	3	2	4	1	6	85
10/03/2025	12	1	3	2	4	1	6	81
10/03/2025	13	1	3	2	4	1	6	81
10/03/2025	14	1	3	2	4	1	6	80
10/03/2025	15	1	3	2	4	1	6	80
10/03/2025	16	1	3	2	4	1	6	82
10/03/2025	17	1	3	2	4	1	6	84
10/03/2025	18	2	3	2	5	3	9	83
10/03/2025	19	2	3	2	6	4	11	80
10/03/2025	20	4	3	2	7	5	12	73
10/03/2025	21	3	3	2	7	4	11	49
10/03/2025	22	3	3	2	5	4	9	38
10/03/2025	23	4	3	2	6	4	10	42
11/03/2025	00	5	3	2	7	6	12	38
11/03/2025	01	2	3	2	5	3	9	58
11/03/2025	02	1	3	2	4	1	6	69
11/03/2025	03	1	3	2	4	1	6	66
11/03/2025	04	1	3	2	4	1	7	73
11/03/2025	05	1	3	2	4	1	6	87
11/03/2025	06	1	3	2	4	1	6	83
11/03/2025	07	1	3	2	5	1	8	72
11/03/2025	08	1	3	2	5	1	8	75
11/03/2025	09	1	3	2	4	1	7	80
11/03/2025	10	1	3	2	4	2	6	86
11/03/2025	11	1	3	2	4	2	6	87
11/03/2025	12	1	3	2	4	2	6	88
11/03/2025	13	1	3	2	4	2	6	89
11/03/2025	14	1	3	2	4	2	6	90
11/03/2025	15	2	3	2	4	5	6	82
11/03/2025	16	1	3	2	4	2	7	91
11/03/2025	17	1	3	2	4	1	6	85
11/03/2025	18	1	3	2	7	1	12	67
11/03/2025	19	1	3	2	4	1	7	84
11/03/2025	20	1	3	2	4	2	6	61
11/03/2025	21	1	3	2	4	1	6	70
11/03/2025	22	1	3	2	4	1	6	58
11/03/2025	23	1	3	2	4	1	6	48
12/03/2025	00	1	3	2	4	1	6	41
12/03/2025	01	1	3	2	4	2	6	41
12/03/2025	02	1	3	2	4	1	6	37
12/03/2025	03	1	3	2	4	1	6	33
12/03/2025	04	1	3	2	4	1	6	40
12/03/2025	05	1	3	2	4	1	6	46
12/03/2025	06	1	3	2	4	1	6	37
12/03/2025	07	1	3	2	4	1	6	33
12/03/2025	08	2	3	2	8	2	13	49
12/03/2025	09	1	3	2	5	5	8	69
12/03/2025	10	1	3	2	4	5	6	78
12/03/2025	11	1	3	2	4	1	6	80
12/03/2025	12	1	3	2	4	1	6	82
12/03/2025	13	1	3	2	4	1	6	84
12/03/2025	14	1	3	2	4	1	6	84
12/03/2025	15	1	3	2	4	1	7	84
12/03/2025	16	1	3	2	4	1	7	87
12/03/2025	17	1	3	2	4	1	8	85
12/03/2025	18	1	3	2	5	2	8	81
12/03/2025	19	1	3	2	4	2	6	79
12/03/2025	20	1	3	2	4	2	6	77
12/03/2025	21	2	3	2	4	3	6	77
12/03/2025	22	2	3	2	4	3	6	72
12/03/2025	23	2	3	2	4	3	6	66
13/03/2025	00	3	3	2	4	4	6	60
13/03/2025	01	3	3	2	4	4	7	55
13/03/2025	02	3	3	2	4	4	7	46
13/03/2025	03	3	3	2	4	4	7	50
13/03/2025	04	3	3	2	4	4	6	61
13/03/2025	05	2	3	2	4	3	6	64
13/03/2025	06	2	3	2	4	3	6	57
13/03/2025	07	3	3	2	5	4	9	43
13/03/2025	08	3	3	2	5	3	9	50
13/03/2025	09	4	3	2	4	5	7	56
13/03/2025	10	4	3	2	6	5	11	53
13/03/2025	11	5	3	2	8	7	14	59
13/03/2025	12	4	3	2	6	5	10	69
13/03/2025	13	5	3	2	6	7	10	62
13/03/2025	14	5	3	2	7	8	12	54
13/03/2025	15	6	3	2	8	8	13	66
13/03/2025	16	7	3	2	10	9	16	54
13/03/2025	17	6	3	2	10	7	16	54
13/03/2025	18	5	3	2	8	6	13	49
13/03/2025	19	5	3	2	10	6	16	35
13/03/2025	20	6	3	2	9	7	15	29
13/03/2025	21	7	3	2	7	8	12	23
13/03/2025	22	6	3	2	5	7	9	22
13/03/2025	23	5	3	2	4	5	7	27
14/03/2025	00	5	3	2	4	6	6	27
14/03/2025	01	6	3	2	4	7	6	27
14/03/2025	02	4	3	2	4	6	7	51
14/03/2025	03	4	3	2	5	5	8	41
14/03/2025	04	5	3	2	5	6	8	35
14/03/2025	05	5	3	2	5	6	8	32
14/03/2025	06	6	3	2	5	7	9	30
14/03/2025	07	3	3	2	7	3	11	38
14/03/2025	08	2	3	2	7	3	12	41
14/03/2025	09	2	3	2	9	3	15	45
14/03/2025	10	2	3	2	8	3	13	51
14/03/2025	11	2	3	2	8	2	13	53
14/03/2025	12	1	3	2	6	1	11	57
14/03/2025	13	1	3	2	4	1	7	66
14/03/2025	14	1	3	2	4	1	7	66
14/03/2025	15	1	3	2	5	1	8	68
14/03/2025	16	1	3	2	5	1	9	69
14/03/2025	17	1	3	2	6	2	10	65
14/03/2025	18	1	3	2	5	1	9	55
14/03/2025	19	1	3	2	4	1	8	48
14/03/2025	20	2	3	2	4	2	8	40
14/03/2025	21	2	3	2	4	2	7	34
14/03/2025	22	2	3	2	4	3	7	29
14/03/2025	23	3	3	2	6	3	10	36
15/03/2025	00	3	3	2	5	4	9	39
15/03/2025	01	3	3	2	4	3	7	60
15/03/2025	02	3	3	2	4	3	6	73
15/03/2025	03	4	3	2	4	5	6	79
15/03/2025	04	4	3	2	4	5	6	80
15/03/2025	05	3	3	2	4	4	6	74
15/03/2025	06	4	3	2	4	6	6	80
15/03/2025	07	4	3	2	4	6	6	80
15/03/2025	08	4	3	2	4	5	6	79
15/03/2025	09	4	3	2	4	6	6	80
15/03/2025	10	2	3	2	4	5	6	84
15/03/2025	11	2	3	2	4	5	6	86
15/03/2025	12	2	3	2	4	2	6	88
15/03/2025	13	1	3	2	4	2	6	92
15/03/2025	14	1	3	2	4	2	6	94
15/03/2025	15	1	3	2	4	2	6	93
15/03/2025	16	1	3	2	4	1	6	92
15/03/2025	17	1	3	2	4	1	6	88
15/03/2025	18	1	3	2	4	1	6	82
15/03/2025	19	1	3	2	4	2	7	57
15/03/2025	20	1	3	2	4	2	8	49
15/03/2025	21	2	3	2	4	2	6	41
15/03/2025	22	3	3	2	4	3	6	37
15/03/2025	23	3	3	2	4	4	7	39
16/03/2025	00	3	3	2	4	3	6	39
16/03/2025	01	3	3	2	4	3	6	44
16/03/2025	02	2	3	2	4	2	6	43
16/03/2025	03	2	3	2	4	2	6	46
16/03/2025	04	2	3	2	4	2	6	41
16/03/2025	05	2	3	2	4	2	6	44
16/03/2025	06	2	3	2	4	2	6	45
16/03/2025	07	2	3	2	4	2	6	39
16/03/2025	08	2	3	2	4	2	6	43
16/03/2025	09	3	3	2	4	3	6	40
16/03/2025	10	4	3	2	4	5	8	44
16/03/2025	11	9	3	2	7	14	11	59
16/03/2025	12	10	3	2	8	12	12	54
16/03/2025	13	3	3	2	5	3	8	74
16/03/2025	14	17	3	2	4	19	7	79
16/03/2025	15	1	3	2	4	2	6	80
16/03/2025	16	2	3	2	4	3	6	80
16/03/2025	17	1	3	2	4	1	6	78
16/03/2025	18	6	3	2	6	6	11	65
16/03/2025	19	7	3	2	8	8	12	35
16/03/2025	20	5	3	2	5	6	9	28
16/03/2025	21	3	3	2	4	3	8	28
16/03/2025	22	2	3	2	6	2	10	34
16/03/2025	23	2	3	2	4	2	7	53
17/03/2025	00	1	3	2	4	1	6	59
17/03/2025	01	1	3	2	4	1	6	57
17/03/2025	02	1	3	2	4	1	6	56
17/03/2025	03	1	3	2	4	1	6	50
17/03/2025	04	1	3	2	4	1	6	48
17/03/2025	05	1	3	2	4	1	6	41
17/03/2025	06	1	3	2	4	1	6	29
17/03/2025	07	1	3	2	4	1	6	23
17/03/2025	08	2	3	2	4	2	6	21
17/03/2025	09	4	3	2	5	4	9	29
17/03/2025	10	3	3	2	6	4	11	58
17/03/2025	11	3	3	2	4	3	8	72
17/03/2025	12	5	3	2	7	6	12	69
17/03/2025	13	4	3	2	6	6	10	77
17/03/2025	14	5	3	2	5	5	8	81
17/03/2025	15	6	3	2	6	7	10	83
17/03/2025	16	6	3	2	6	8	11	80
17/03/2025	17	7	3	2	8	10	13	81
17/03/2025	18	8	3	2	9	11	15	77
17/03/2025	19	12	3	2	9	14	15	62
17/03/2025	20	7	3	2	8	9	14	52
17/03/2025	21	8	3	2	8	10	14	56
17/03/2025	22	8	3	2	8	10	13	40
17/03/2025	23	8	3	2	8	10	13	35
18/03/2025	00	6	3	2	7	8	12	35
18/03/2025	01	7	3	2	6	8	11	43
18/03/2025	02	6	3	2	5	7	9	48
18/03/2025	03	5	3	2	4	6	7	55
18/03/2025	04	5	3	2	4	6	6	52
18/03/2025	05	5	3	2	4	6	7	44
18/03/2025	06	4	3	2	4	5	6	40
18/03/2025	07	5	3	2	4	5	7	36
18/03/2025	08	4	3	2	4	4	8	47
18/03/2025	09	3	3	2	4	3	8	67
18/03/2025	10	3	3	2	5	4	9	74
18/03/2025	11	3	3	2	4	4	6	81
18/03/2025	12	3	3	2	4	4	6	85
18/03/2025	13	3	3	2	4	4	6	87
18/03/2025	14	3	3	2	4	4	6	87
18/03/2025	15	3	3	2	4	3	7	86
18/03/2025	16	3	3	2	4	4	6	88
18/03/2025	17	3	3	2	4	4	6	87
18/03/2025	18	4	3	2	4	5	7	84
18/03/2025	19	5	3	2	4	6	7	71
18/03/2025	20	7	3	2	4	8	8	58
18/03/2025	21	6	3	2	6	7	10	57
18/03/2025	22	6	3	2	5	6	9	62
18/03/2025	23	4	3	2	5	4	9	64
19/03/2025	00	3	3	2	4	3	8	59
19/03/2025	01	2	3	2	4	2	7	59
19/03/2025	02	3	3	2	4	4	6	54
19/03/2025	03	3	3	2	6	4	9	52
19/03/2025	04	4	3	2	7	4	11	48
19/03/2025	05	3	3	2	7	4	11	49
19/03/2025	06	3	3	2	5	3	9	52
19/03/2025	07	3	3	2	5	3	9	50
19/03/2025	08	3	3	2	5	4	9	47
19/03/2025	09	4	3	2	6	5	10	66
19/03/2025	10	5	3	2	4	6	8	73
19/03/2025	11	4	3	2	5	5	9	76
19/03/2025	12	4	3	2	4	5	7	82
19/03/2025	13	5	3	2	4	6	7	79
19/03/2025	14	5	3	2	5	7	9	78
19/03/2025	15	9	3	2	4	11	7	93
19/03/2025	16	13	3	2	4	16	8	87
19/03/2025	17	10	3	2	4	15	7	87
19/03/2025	18	8	3	2	4	11	6	86
19/03/2025	19	8	3	2	4	11	6	64
19/03/2025	20	9	3	2	4	13	6	33
19/03/2025	21	12	3	2	5	15	8	25
19/03/2025	22	12	3	2	5	16	8	59
19/03/2025	23	10	3	2	4	14	6	92
20/03/2025	00	11	3	2	4	15	6	92
20/03/2025	01	12	3	2	4	16	6	
20/03/2025	02	12	3	2	4	17	6	98
20/03/2025	03	12	3	2	4	18	6	87
20/03/2025	04	10	3	2	4	14	6	46
20/03/2025	05	10	3	2	4	13	6	30
20/03/2025	06	10	3	2	4	14	6	27
20/03/2025	07	11	3	2	4	15	7	73
20/03/2025	08	10	3	2	4	14	7	88
20/03/2025	09	9	3	2	5	12	9	81
20/03/2025	10	13	3	2	4	19	8	86
20/03/2025	11	14	3	2	4	26	7	89
20/03/2025	12	14	3	2	4	25	7	83
20/03/2025	13	18	3	2	6	36	10	78
20/03/2025	14	25	3	2	7	65	11	75
20/03/2025	15	27	3	2	6	78	11	77
20/03/2025	16	33	3	2	6	111	11	75
20/03/2025	17	48	3	2	6	174	10	76
20/03/2025	18	45	3	2	6	120	10	75
20/03/2025	19	35	3	2	6	53	10	72
20/03/2025	20	37	3	2	5	56	8	77
20/03/2025	21	38	3	2	5	56	8	67
20/03/2025	22	33	3	2	5	50	9	62
20/03/2025	23	33	3	2	5	50	8	62
21/03/2025	00	29	3	2	4	43	8	46
21/03/2025	01	24	3	2	5	36	8	53
21/03/2025	02	21	3	2	4	32	7	65
21/03/2025	03	22	3	2	4	33	7	51
21/03/2025	04	22	3	2	4	33	8	56
21/03/2025	05	21	3	2	4	32	8	43
21/03/2025	06	18	3	2	4	26	7	32
21/03/2025	07	16	3	2	6	24	10	24
21/03/2025	08	13	3	2	7	20	13	45
21/03/2025	09	13	3	2	5	20	9	54
21/03/2025	10	12	3	2	6	18	10	66
21/03/2025	11	10	3	2	7	24	12	75
21/03/2025	12	3	3	2	4	15	6	90
21/03/2025	13	1	3	2	4	6	6	93
21/03/2025	14	1	3	2	4	5	6	91
21/03/2025	15	1	3	2	4	4	6	93
21/03/2025	16	1	3	2	4	2	6	93
21/03/2025	17	1	3	2	4	2	6	90
21/03/2025	18	1	3	2	4	3	7	86
21/03/2025	19	3	3	2	4	4	8	77
21/03/2025	20	3	3	2	4	5	7	63
21/03/2025	21	3	3	2	4	4	7	54
21/03/2025	22	2	3	2	4	4	7	50
21/03/2025	23	2	3	2	4	3	7	61
22/03/2025	00	2	3	2	4	4	7	51
22/03/2025	01	2	3	2	4	3	8	50
22/03/2025	02	1	3	2	4	2	6	61
22/03/2025	03	1	3	2	4	1	6	78
22/03/2025	04	1	3	2	4	1	6	72
22/03/2025	05	1	3	2	4	2	6	80
22/03/2025	06	1	3	2	4	2	6	90
22/03/2025	07	1	3	2	4	2	6	92
22/03/2025	08	1	3	2	4	3	6	89
22/03/2025	09	2	3	2	4	4	6	89
22/03/2025	10	2	3	2	4	5	6	92
22/03/2025	11	2	3	2	4	4	6	90
22/03/2025	12	1	3	2	4	3	6	89
22/03/2025	13	1	3	2	4	3	6	87
22/03/2025	14	1	3	2	4	2	6	85
22/03/2025	15	1	3	2	4	2	6	84
22/03/2025	16	1	3	2	4	2	6	81
22/03/2025	17	1	3	2	4	1	6	78
22/03/2025	18	1	3	2	4	1	6	78
22/03/2025	19	1	3	2	4	1	6	77
22/03/2025	20	1	3	2	4	2	6	80
22/03/2025	21	1	3	2	4	2	6	79
22/03/2025	22	1	3	2	4	1	6	81
22/03/2025	23	1	3	2	4	1	6	84
23/03/2025	00	1	3	2	4	1	6	84
23/03/2025	01	1	3	2	4	1	6	82
23/03/2025	02	1	3	2	4	1	6	84
23/03/2025	03	1	3	2	4	1	6	82
23/03/2025	04	1	3	2	4	1	6	83
23/03/2025	05	1	3	2	4	1	6	82
23/03/2025	06	1	3	2	4	1	6	82
23/03/2025	07	1	3	2	4	1	6	81
23/03/2025	08	1	3	2	4	1	6	77
23/03/2025	09	1	3	2	4	2	6	78
23/03/2025	10	1	3	2	4	1	6	78
23/03/2025	11	1	3	2	4	1	6	78
23/03/2025	12	1	3	2	4	1	6	79
23/03/2025	13	1	3	2	4	1	6	80
23/03/2025	14	5	3	2	5	5	8	77
23/03/2025	15	1	3	2	5	1	9	79
23/03/2025	16	2	3	2	5	5	8	79
23/03/2025	17	1	3	2	4	2	8	79
23/03/2025	18	1	3	2	5	1	9	72
23/03/2025	19	1	3	2	5	1	8	57
23/03/2025	20	2	3	2	4	2	7	47
23/03/2025	21	1	3	2	5	2	8	35
23/03/2025	22	2	3	2	5	2	8	36
23/03/2025	23	2	3	2	4	2	7	34
24/03/2025	00	2	3	2	4	2	7	32
24/03/2025	01	2	3	2	4	2	6	36
24/03/2025	02	2	3	2	4	2	6	39
24/03/2025	03	2	3	2	5	2	9	36
24/03/2025	04	1	3	2	4	2	6	49
24/03/2025	05	1	3	2	4	1	6	57
24/03/2025	06	1	3	2	4	2	7	55
24/03/2025	07	1	3	2	4	2	7	66
24/03/2025	08	1	3	2	4	3	7	70
24/03/2025	09	1	3	2	4	1	6	74
24/03/2025	10	1	3	2	4	1	6	78
24/03/2025	11	1	3	2	4	1	6	80
24/03/2025	12	1	3	2	4	2	6	83
24/03/2025	13	2	3	2	5	3	8	80
24/03/2025	14	2	3	2	7	3	12	81
24/03/2025	15	2	3	2	6	3	11	82
24/03/2025	16	2	3	2	6	4	11	81
24/03/2025	17	6	3	2	9	12	15	75
24/03/2025	18	7	3	2	11	16	18	76
24/03/2025	19	5	3	2	10	9	16	66
24/03/2025	20	5	3	2	8	9	14	49
24/03/2025	21	4	3	2	7	6	12	38
24/03/2025	22	6	3	2	7	8	12	33
24/03/2025	23	6	3	2	7	8	12	29
25/03/2025	00	6	3	2	7	8	12	29
25/03/2025	01	6	3	2	7	8	12	31
25/03/2025	02	4	3	2	5	5	9	34
25/03/2025	03	2	3	2	4	3	8	37
25/03/2025	04	2	3	2	4	2	6	37
25/03/2025	05	1	3	2	4	1	6	43
25/03/2025	06	1	3	2	4	1	6	29
25/03/2025	07	1	3	2	4	1	6	26
25/03/2025	08	1	3	2	4	1	7	45
25/03/2025	09	1	3	2	5	1	9	60
25/03/2025	10	1	3	2	5	1	9	75
25/03/2025	11	2	3	2	6	3	10	75
25/03/2025	12	3	3	2	7	6	12	75
25/03/2025	13	3	3	2	8	8	13	80
25/03/2025	14	4	3	2	12	11	20	77
25/03/2025	15	5	3	2	10	10	17	78
25/03/2025	16	4	3	2	7	5	12	73
25/03/2025	17	4	3	2	10	5	17	61
25/03/2025	18	4	3	2	9	5	15	55
25/03/2025	19	5	3	2	9	6	15	38
25/03/2025	20	5	3	2	10	6	16	31
25/03/2025	21	6	3	2	8	6	13	33
25/03/2025	22	2	3	2	6	3	11	59
25/03/2025	23	2	3	2	4	3	8	46
26/03/2025	00	1	3	2	4	1	7	70
26/03/2025	01	1	3	2	4	1	6	58
26/03/2025	02	2	3	2	4	2	6	49
26/03/2025	03	2	3	2	4	2	6	63
26/03/2025	04	3	3	2	4	3	6	71
26/03/2025	05	3	3	2	4	3	6	76
26/03/2025	06	2	3	2	4	2	6	71
26/03/2025	07	2	3	2	4	2	6	60
26/03/2025	08	2	3	2	4	2	6	70
26/03/2025	09	2	3	2	4	2	6	78
26/03/2025	10	1	3	2	4	1	6	82
26/03/2025	11	1	3	2	4	1	6	82
26/03/2025	12	2	3	2	5	3	8	82
26/03/2025	13	3	3	2	8	6	13	84
26/03/2025	14	2	3	2	7	4	12	88
26/03/2025	15	2	3	2	6	3	11	98
26/03/2025	16	2	3	2	6	3	10	101
26/03/2025	17	3	3	2	9	11	15	93
26/03/2025	18	2	3	2	9	4	15	93
26/03/2025	19	2	3	2	7	3	12	84
26/03/2025	20	3	3	2	6	4	11	60
26/03/2025	21	3	3	2	6	5	10	44
26/03/2025	22	3	3	2	6	4	10	42
26/03/2025	23	3	3	2	5	3	9	46
27/03/2025	00	3	3	2	4	3	7	45
27/03/2025	01	3	3	2	4	3	6	50
27/03/2025	02	3	3	2	4	4	6	55
27/03/2025	03	4	3	2	4	4	6	54
27/03/2025	04	4	3	2	4	4	6	52
27/03/2025	05	4	3	2	4	5	6	57
27/03/2025	06	4	3	2	4	4	6	56
27/03/2025	07	4	3	2	4	5	6	60
27/03/2025	08	7	3	2	4	9	7	69
27/03/2025	09	7	3	2	5	8	8	82
27/03/2025	10	4	3	2	4	5	7	89
27/03/2025	11	5	3	2	5	8	8	88
27/03/2025	12	7	3	2	12	17	20	78
27/03/2025	13	8	3	2	12	15	20	81
27/03/2025	14	7	3	2	10	11	17	90
27/03/2025	15	7	3	2	7	10	13	100
27/03/2025	16	6	3	2	8	10	13	96
27/03/2025	17	7	3	2	12	15	20	87
27/03/2025	18	7	3	2	12	12	20	83
27/03/2025	19	7	3	2	14	13	23	72
27/03/2025	20	7	3	2	15	10	25	53
27/03/2025	21	6	3	2	12	9	19	44
27/03/2025	22	7	3	2	9	8	16	40
27/03/2025	23	7	3	2	8	8	14	38
28/03/2025	00	7	3	2	6	8	11	31
28/03/2025	01	8	3	2	6	9	10	29
28/03/2025	02	8	3	2	5	10	9	26
28/03/2025	03	8	3	2	5	9	9	23
28/03/2025	04	6	3	2	6	7	10	22
28/03/2025	05	3	3	2	4	4	7	37
28/03/2025	06	3	3	2	4	3	6	61
28/03/2025	07	3	3	2	4	5	6	68
28/03/2025	08	4	3	2	4	6	6	76
28/03/2025	09	3	3	2	4	4	6	79
28/03/2025	10	2	3	2	4	2	6	81
28/03/2025	11	2	3	2	4	2	6	82
28/03/2025	12	2	3	2	4	4	6	89
28/03/2025	13	3	3	2	7	6	12	84
28/03/2025	14	3	3	2	8	6	13	87
28/03/2025	15	4	3	4	11	7	20	85
28/03/2025	16	4	3	2	8	10	14	73
28/03/2025	17	3	3	2	5	9	8	101
28/03/2025	18	4	3	2	11	11	18	93
28/03/2025	19	5	3	2	15	13	24	83
28/03/2025	20	4	3	2	9	7	16	65
28/03/2025	21	3	3	2	5	5	8	96
28/03/2025	22	2	3	2	4	4	6	100
28/03/2025	23	3	3	2	4	4	6	98
29/03/2025	00	3	3	2	4	4	6	98
29/03/2025	01	2	3	2	4	4	6	95
29/03/2025	02	2	3	2	4	4	6	93
29/03/2025	03	2	3	2	4	3	6	92
29/03/2025	04	2	3	2	4	2	6	89
29/03/2025	05	1	3	2	4	2	6	86
29/03/2025	06	2	3	2	4	2	6	88
29/03/2025	07	1	3	2	4	1	6	91
29/03/2025	08	1	3	2	4	2	6	89
29/03/2025	09	1	3	2	4	2	6	89
29/03/2025	10	1	3	2	4	2	6	96
29/03/2025	11	1	3	2	4	3	6	97
29/03/2025	12	1	3	2	4	3	6	100
29/03/2025	13	2	3	2	4	4	6	98
29/03/2025	14	1	3	2	4	5	6	101
29/03/2025	15	1	3	2	4	5	6	104
29/03/2025	16	1	3	2	4	5	6	103
29/03/2025	17	1	3	2	4	3	6	103
29/03/2025	18	1	3	2	4	2	6	101
29/03/2025	19	1	3	2	4	3	6	99
29/03/2025	20	1	3	2	4	3	6	96
29/03/2025	21	1	3	2	4	3	6	94
29/03/2025	22	2	3	2	4	3	6	92
29/03/2025	23	2	3	2	4	3	6	91
30/03/2025	00	2	3	2	4	3	6	89
30/03/2025	01	2	3	2	4	3	6	88
30/03/2025	02	2	3	2	4	3	6	87
30/03/2025	03	2	3	2	4	2	6	86
30/03/2025	04	2	3	2	4	3	6	85
30/03/2025	05	2	3	2	4	3	6	86
30/03/2025	06	2	3	2	4	3	6	84
30/03/2025	07	2	3	2	5	3	8	81
30/03/2025	08	2	3	2	4	3	7	82
30/03/2025	09	2	3	2	4	3	6	83
30/03/2025	10	1	3	2	4	2	6	89
30/03/2025	11	1	3	2	4	2	6	93
30/03/2025	12	1	3	2	4	2	6	92
30/03/2025	13	3	3	2	5	5	10	95
30/03/2025	14	3	3	2	8	6	14	96
30/03/2025	15	2	3	2	11	6	18	99
30/03/2025	16	2	3	2	11	5	18	98
30/03/2025	17	2	3	2	10	4	16	99
30/03/2025	18	2	3	2	8	6	13	99
30/03/2025	19	2	3	2	11	5	18	69
30/03/2025	20	3	3	2	9	5	15	61
30/03/2025	21	3	3	2	6	4	10	52
30/03/2025	22	3	3	2	6	4	10	57
30/03/2025	23	3	3	2	5	4	8	51
31/03/2025	00	3	3	2	4	4	7	43
31/03/2025	01	3	3	2	4	4	7	48
31/03/2025	02	3	3	2	4	4	7	46
31/03/2025	03	2	3	2	4	4	6	52
31/03/2025	04	2	3	2	4	4	6	52
31/03/2025	05	2	3	2	4	3	6	56
31/03/2025	06	2	3	2	4	3	6	60
31/03/2025	07	2	3	2	4	3	6	59
31/03/2025	08	3	3	2	4	4	7	64
31/03/2025	09	3	3	2	5	5	9	71
31/03/2025	10	2	3	2	4	3	8	87
31/03/2025	11	2	3	2	5	3	8	93
31/03/2025	12	5	3	2	12	21	20	93
31/03/2025	13	5	5	3	27	18	44	78
31/03/2025	14	3	4	2	19	13	31	90
31/03/2025	15	4	3	2	15	13	25	102
31/03/2025	16	3	3	2	15	12	24	104
31/03/2025	17	3	3	2	18	13	30	94
31/03/2025	18	3	4	2	24	13	38	83
31/03/2025	19	4	4	2	23	12	37	60
31/03/2025	20	4	3	2	18	10	30	53
31/03/2025	21	5	3	2	14	9	22	47
31/03/2025	22	4	3	2	10	7	16	40
31/03/2025	23	4	3	2	7	6	12	35
01/04/2025	00	3	3	2	6	5	10	32
01/04/2025	01	3	3	2	5	4	8	30
01/04/2025	02	4	3	2	4	4	7	25
01/04/2025	03	4	3	2	4	5	7	26
01/04/2025	04	4	3	2	4	5	7	29
01/04/2025	05	4	3	2	4	5	6	39
01/04/2025	06	4	3	2	4	5	6	45
01/04/2025	07	4	3	2	4	6	7	46
01/04/2025	08	8	3	2	5	11	8	54
01/04/2025	09	5	3	2	6	10	9	75
01/04/2025	10	4	3	2	4	9	7	102
01/04/2025	11	5	3	2	5	14	9	108
01/04/2025	12	8	3	2	9	14	14	105
01/04/2025	13	9	3	2	11	17	18	112
01/04/2025	14	6	3	2	8	13	13	119
01/04/2025	15	7	3	2	6	11	10	123
01/04/2025	16	6	3	2	6	10	10	128
01/04/2025	17	5	3	2	5	9	9	126
01/04/2025	18	6	3	2	6	11	9	122
01/04/2025	19	5	3	2	5	8	9	113
01/04/2025	20	4	3	2	4	7	7	108
01/04/2025	21	4	3	2	4	6	6	84
01/04/2025	22	4	3	2	4	5	6	61
01/04/2025	23	4	3	2	4	5	6	44
02/04/2025	00	5	3	2	4	6	6	52
02/04/2025	01	6	3	2	4	7	6	44
02/04/2025	02	7	3	2	4	8	6	43
02/04/2025	03	8	3	2	4	9	6	55
02/04/2025	04	7	3	2	4	10	6	65
02/04/2025	05	7	3	2	4	9	6	62
02/04/2025	06	7	3	2	4	9	6	66
02/04/2025	07	7	3	2	4	10	8	63
02/04/2025	08	7	3	2	5	10	8	63
02/04/2025	09	7	3	2	5	11	8	81
02/04/2025	10	5	3	2	4	8	7	93
02/04/2025	11	6	3	2	4	9	6	97
02/04/2025	12	8	3	2	5	14	7	96
02/04/2025	13	14	3	2	10	22	16	95
02/04/2025	14	12	3	2	6	17	10	107
02/04/2025	15	9	3	2	4	12	7	111
02/04/2025	16	8	3	2	4	11	6	109
02/04/2025	17	6	3	2	4	9	6	106
02/04/2025	18	7	3	2	4	9	6	108
02/04/2025	19	9	3	2	5	13	7	105
02/04/2025	20	8	3	2	4	11	7	105
02/04/2025	21	10	3	2	4	14	6	100
02/04/2025	22	13	3	2	4	18	7	94
02/04/2025	23	8	3	2	4	12	6	102
03/04/2025	00	6	3	2	4	9	6	106
03/04/2025	01	6	3	2	4	8	6	105
03/04/2025	02	7	3	2	4	10	6	103
03/04/2025	03	7	3	2	4	11	6	102
03/04/2025	04	8	3	2	4	11	6	102
03/04/2025	05	7	3	2	4	11	6	100
03/04/2025	06	8	3	2	4	11	6	97
03/04/2025	07	8	3	2	4	12	7	94
03/04/2025	08	7	3	2	4	10	6	97
03/04/2025	09	6	3	2	4	11	6	99
03/04/2025	10	8	3	2	4	13	6	100
03/04/2025	11	7	3	2	4	11	6	103
03/04/2025	12	7	3	2	4	13	7	103
03/04/2025	13	5	3	2	4	10	6	101
03/04/2025	14	6	3	2	4	10	6	102
03/04/2025	15	8	3	2	4	12	7	100
03/04/2025	16	7	3	2	4	11	6	101
03/04/2025	17	7	3	2	4	11	6	103
03/04/2025	18	7	3	2	4	11	6	104
03/04/2025	19	9	3	2	4	14	6	101
03/04/2025	20	13	3	2	5	19	8	93
03/04/2025	21	14	3	2	5	19	8	93
03/04/2025	22	12	3	2	4	16	7	94
03/04/2025	23	9	3	2	5	11	8	88
04/04/2025	00	7	3	2	5	9	8	88
04/04/2025	01	5	3	2	5	6	8	90
04/04/2025	02	7	3	2	4	8	7	90
04/04/2025	03	7	3	2	4	9	6	91
04/04/2025	04	7	3	2	4	10	7	89
04/04/2025	05	9	3	2	4	11	6	82
04/04/2025	06	8	3	2	4	9	6	58
04/04/2025	07	6	3	2	4	7	7	71
04/04/2025	08	5	3	2	4	6	6	82
04/04/2025	09	5	3	2	4	6	6	94
04/04/2025	10	8	3	2	4	12	6	92
04/04/2025	11	7	3	2	4	13	6	98
04/04/2025	12	7	3	2	4	15	6	98
04/04/2025	13	7	3	2	4	15	7	98
04/04/2025	14	7	3	2	4	15	7	98
04/04/2025	15	8	3	2	5	16	8	101
04/04/2025	16	10	3	2	6	17	10	102
04/04/2025	17	9	3	2	5	15	9	99
04/04/2025	18	11	3	2	6	18	10	93
04/04/2025	19	12	3	2	5	18	9	93
04/04/2025	20	14	3	2	5	19	9	76
04/04/2025	21	12	3	2	4	16	7	75
04/04/2025	22	12	3	2	4	14	7	64
04/04/2025	23	13	3	2	4	15	6	56
05/04/2025	00	11	3	2	5	14	8	43
05/04/2025	01	10	3	2	4	11	8	33
05/04/2025	02	7	3	2	4	8	6	26
05/04/2025	03	4	3	2	4	5	6	29
05/04/2025	04	3	3	2	4	3	6	31
05/04/2025	05	2	3	2	4	2	6	36
05/04/2025	06	2	3	2	4	2	6	26
05/04/2025	07	2	3	2	4	2	6	24
05/04/2025	08	2	3	2	4	3	6	35
05/04/2025	09	2	3	2	4	3	6	58
05/04/2025	10	1	3	2	4	2	6	81
05/04/2025	11	1	3	2	4	2	6	90
05/04/2025	12	1	3	2	4	1	6	89
05/04/2025	13	1	3	2	4	2	6	93
05/04/2025	14	1	3	2	4	2	6	100
05/04/2025	15	1	3	2	4	2	6	100
05/04/2025	16	1	3	2	4	2	6	103
05/04/2025	17	1	3	2	4	3	6	103
05/04/2025	18	2	3	2	4	4	7	99
05/04/2025	19	3	3	2	7	6	11	78
05/04/2025	20	3	3	2	8	5	13	56
05/04/2025	21	3	3	2	6	4	10	48
05/04/2025	22	3	3	2	5	4	8	43
05/04/2025	23	2	3	2	4	3	6	55
06/04/2025	00	1	3	2	4	2	6	60
06/04/2025	01	1	3	2	4	2	6	59
06/04/2025	02	1	3	2	4	2	6	59
06/04/2025	03	1	3	2	4	2	6	60
06/04/2025	04	1	3	2	4	2	6	61
06/04/2025	05	1	3	2	4	2	6	62
06/04/2025	06	1	3	2	4	1	6	60
06/04/2025	07	1	3	2	4	1	6	62
06/04/2025	08	1	3	2	4	1	6	69
06/04/2025	09	1	3	2	4	1	6	75
06/04/2025	10	1	3	2	4	1	6	90
06/04/2025	11	1	3	2	4	2	6	96
06/04/2025	12	1	3	2	4	1	6	95
06/04/2025	13	1	3	2	4	1	6	95
06/04/2025	14	1	3	2	5	3	9	98
06/04/2025	15	1	3	2	6	2	10	99
06/04/2025	16	1	3	2	8	2	12	98
06/04/2025	17	1	3	2	7	2	13	93
06/04/2025	18	1	3	2	7	2	13	91
06/04/2025	19	2	3	2	8	3	14	72
06/04/2025	20	2	3	2	6	3	11	57
06/04/2025	21	2	3	2	6	3	10	52
06/04/2025	22	2	3	2	6	3	10	50
06/04/2025	23	2	3	2	5	3	9	55
07/04/2025	00	2	3	2	5	3	8	55
07/04/2025	01	2	3	2	4	3	6	56
07/04/2025	02	2	3	2	4	3	6	55
07/04/2025	03	2	3	2	4	3	6	58
07/04/2025	04	2	3	2	4	3	6	56
07/04/2025	05	2	3	2	4	3	6	60
07/04/2025	06	2	3	2	4	4	6	60
07/04/2025	07	3	3	2	4	4	6	61
07/04/2025	08	3	3	2	4	5	6	66
07/04/2025	09	3	3	2	4	5	6	76
07/04/2025	10	3	3	2	4	7	6	91
07/04/2025	11	5	3	2	5	9	9	100
07/04/2025	12	4	3	2	7	9	11	98
07/04/2025	13	4	3	2	5	8	9	101
07/04/2025	14	4	3	2	5	8	9	104
07/04/2025	15	4	3	2	5	8	9	105
07/04/2025	16	4	3	2	5	8	9	106
07/04/2025	17	4	3	2	5	9	9	102
07/04/2025	18	5	3	2	6	13	10	105
07/04/2025	19	5	3	2	6	15	10	91
07/04/2025	20	5	3	2	6	12	10	71
07/04/2025	21	6	3	2	4	12	8	61
07/04/2025	22	6	3	2	4	10	8	49
07/04/2025	23	6	3	2	5	8	9	45
08/04/2025	00	6	3	2	5	9	8	46
08/04/2025	01	6	3	2	4	9	7	51
08/04/2025	02	6	3	2	4	8	6	38
08/04/2025	03	5	3	2	4	7	6	29
08/04/2025	04	5	3	2	4	7	6	23
08/04/2025	05	5	3	2	4	7	6	19
08/04/2025	06	7	3	2	4	10	6	13
08/04/2025	07	7	3	2	4	10	7	18
08/04/2025	08	7	3	2	4	11	7	39
08/04/2025	09	13	3	2	8	23	13	62
08/04/2025	10	14	3	2	9	23	14	77
08/04/2025	11	15	3	2	9	23	15	87
08/04/2025	12	15	3	2	9	23	15	96
08/04/2025	13	13	3	2	7	23	13	110
08/04/2025	14	9	3	2	6	15	10	113
08/04/2025	15	9	3	2	6	19	11	114
08/04/2025	16	8	3	2	6	17	11	114
08/04/2025	17	10	3	2	7	20	11	110
08/04/2025	18	12	3	2	7	23	12	104
08/04/2025	19	15	3	2	8	24	13	93
08/04/2025	20	17	3	2	7	23	12	71
08/04/2025	21	16	3	2	6	22	10	40
08/04/2025	22	16	3	2	4	21	8	26
08/04/2025	23	15	3	2	4	19	7	20
09/04/2025	00	14	3	2	4	17	6	15
09/04/2025	01	13	3	2	4	16	6	12
09/04/2025	02	11	3	2	4	13	6	11
09/04/2025	03	10	3	2	4	12	6	10
09/04/2025	04	8	3	2	4	10	6	17
09/04/2025	05	8	3	2	4	9	6	19
09/04/2025	06	7	3	2	4	9	7	26
09/04/2025	07	7	3	2	4	10	7	29
09/04/2025	08	8	3	2	4	10	8	48
09/04/2025	09	25	3	2	8	30	14	56
09/04/2025	10	35	3	2	11	47	20	69
09/04/2025	11	28	3	2	9	39	15	88
09/04/2025	12	20	3	2	7	29	12	101
09/04/2025	13	17	3	2	12	29	21	102
09/04/2025	14	9	3	2	8	18	14	112
09/04/2025	15	8	3	2	8	18	13	109
09/04/2025	16	6	3	2	4	17	8	116
09/04/2025	17	8	3	2	8	15	12	113
09/04/2025	18	8	3	2	6	11	10	113
09/04/2025	19	11	3	2	4	18	7	99
09/04/2025	20	10	3	2	5	18	8	74
09/04/2025	21	8	3	2	4	12	7	57
09/04/2025	22	7	3	2	4	9	6	58
09/04/2025	23	7	3	2	4	9	6	58
10/04/2025	00	7	3	2	4	8	6	50
10/04/2025	01	6	3	2	4	7	6	43
10/04/2025	02	5	3	2	4	7	6	40
10/04/2025	03	7	3	2	4	8	6	38
10/04/2025	04	6	3	2	4	8	6	42
10/04/2025	05	7	3	2	4	9	6	49
10/04/2025	06	7	3	2	4	9	6	47
10/04/2025	07	8	3	2	4	11	6	48
10/04/2025	08	9	3	2	4	13	7	52
10/04/2025	09	11	3	2	5	16	8	76
10/04/2025	10	9	3	2	4	15	6	102
10/04/2025	11	11	3	2	4	16	6	106
10/04/2025	12	14	3	2	5	22	8	106
10/04/2025	13	10	3	2	5	16	8	108
10/04/2025	14	8	3	2	4	14	6	108
10/04/2025	15	8	3	2	4	12	6	110
10/04/2025	16	9	3	2	4	13	6	107
10/04/2025	17	9	3	2	4	13	6	103
10/04/2025	18	8	3	2	4	11	6	101
10/04/2025	19	8	3	2	4	11	6	99
10/04/2025	20	8	3	2	4	11	6	92
10/04/2025	21	8	3	2	4	10	6	67
10/04/2025	22	7	3	2	4	9	6	42
10/04/2025	23	9	3	2	4	10	6	34
11/04/2025	00	9	3	2	4	11	6	28
11/04/2025	01	10	3	2	4	12	6	23
11/04/2025	02	11	3	2	4	13	6	29
11/04/2025	03	11	3	2	4	13	6	20
11/04/2025	04	13	3	2	4	15	6	16
11/04/2025	05	13	3	2	4	14	6	15
11/04/2025	06	14	3	2	4	17	6	22
11/04/2025	07	14	3	2	4	18	6	23
11/04/2025	08	16	3	2	5	20	9	34
11/04/2025	09	16	3	2	5	20	8	46
11/04/2025	10	10	3	2	4	15	7	88
11/04/2025	11	9	3	2	4	13	6	101
11/04/2025	12	12	3	2	5	18	8	101
11/04/2025	13	10	3	2	4	15	6	102
11/04/2025	14	9	3	2	4	14	6	99
11/04/2025	15	9	3	2	4	13	6	102
11/04/2025	16	9	3	2	4	14	6	99
11/04/2025	17	9	3	2	4	15	8	99
11/04/2025	18	9	3	2	5	16	8	95
11/04/2025	19	12	3	2	5	18	9	74
11/04/2025	20	18	3	2	7	24	12	77
11/04/2025	21	18	3	2	6	22	10	50
11/04/2025	22	17	3	2	5	19	9	31
11/04/2025	23	18	3	2	5	21	9	23
12/04/2025	00	14	3	2	4	16	7	25
12/04/2025	01	13	3	2	4	14	7	24
12/04/2025	02	11	3	3	7	12	12	31
12/04/2025	03	10	3	2	4	11	6	35
12/04/2025	04	9	3	2	4	11	6	33
12/04/2025	05	9	3	2	4	10	6	33
12/04/2025	06	8	3	2	4	9	6	30
12/04/2025	07	9	3	2	4	10	6	21
12/04/2025	08	9	3	2	4	10	6	27
12/04/2025	09	10	3	2	5	12	8	37
12/04/2025	10	9	3	2	6	12	9	65
12/04/2025	11	11	3	3	5	18	10	79
12/04/2025	12	8	3	2	4	12	6	81
12/04/2025	13	6	3	2	4	11	6	92
12/04/2025	14	8	3	2	4	13	6	91
12/04/2025	15	22	3	2	12	32	19	79
12/04/2025	16	23	3	2	15	33	24	74
12/04/2025	17	24	3	2	12	34	19	78
12/04/2025	18	27	3	2	11	34	17	78
12/04/2025	19	23	3	2	8	31	13	76
12/04/2025	20	22	3	2	8	29	13	63
12/04/2025	21	23	3	2	7	28	11	45
12/04/2025	22	25	3	2	5	29	8	30
12/04/2025	23	27	3	2	4	31	7	26
13/04/2025	00	30	3	2	4	35	7	31
13/04/2025	01	29	3	2	5	33	8	28
13/04/2025	02	25	3	2	4	28	7	23
13/04/2025	03	20	3	2	4	22	7	17
13/04/2025	04	18	3	2	4	20	6	8
13/04/2025	05	15	3	2	4	16	6	11
13/04/2025	06	10	3	2	4	11	6	18
13/04/2025	07	5	3	2	4	6	6	34
13/04/2025	08	4	3	2	4	4	6	45
13/04/2025	09	4	3	2	4	7	6	50
13/04/2025	10	22	3	2	9	33	14	62
13/04/2025	11	26	3	3	12	35	20	77
13/04/2025	12	20	3	2	5	27	8	96
13/04/2025	13	14	3	2	4	19	6	97
13/04/2025	14	7	3	2	4	10	6	96
13/04/2025	15	7	3	2	4	9	6	94
13/04/2025	16	9	3	2	4	12	6	94
13/04/2025	17	10	3	2	4	13	6	92
13/04/2025	18	10	3	2	4	18	6	91
13/04/2025	19	14	3	2	4	26	7	73
13/04/2025	20	12	3	2	4	15	6	49
13/04/2025	21	10	3	2	4	12	6	62
13/04/2025	22	7	3	2	5	9	8	68
13/04/2025	23	5	3	2	4	6	6	62
14/04/2025	00	4	3	2	4	5	6	55
14/04/2025	01	5	3	2	4	6	6	35
14/04/2025	02	6	3	2	4	7	6	19
14/04/2025	03	6	3	2	4	6	6	12
14/04/2025	04	5	3	2	4	6	6	19
14/04/2025	05	5	3	2	4	5	6	13
14/04/2025	06	4	3	2	4	5	6	11
14/04/2025	07	4	3	2	4	5	6	15
14/04/2025	08	5	3	2	4	6	7	19
14/04/2025	09	11	3	2	4	14	6	57
14/04/2025	10	14	3	2	4	17	6	76
14/04/2025	11	14	3	2	4	18	7	78
14/04/2025	12	16	3	2	6	20	10	88
14/04/2025	13	15	3	2	5	21	9	94
14/04/2025	14	21	3	2	8	28	12	95
14/04/2025	15	21	3	2	5	24	9	95
14/04/2025	16	21	3	2	4	25	7	92
14/04/2025	17	19	3	2	7	23	11	88
14/04/2025	18	15	3	2	7	18	11	83
14/04/2025	19	16	3	2	6	19	10	51
14/04/2025	20	15	3	2	5	17	8	29
14/04/2025	21	17	3	2	4	19	7	28
14/04/2025	22	16	3	2	4	17	7	35
14/04/2025	23	6	3	2	4	8	6	68
15/04/2025	00	5	3	2	4	8	6	81
15/04/2025	01	5	3	2	4	8	6	79
15/04/2025	02	5	3	2	4	8	6	75
15/04/2025	03	5	3	2	4	7	6	67
15/04/2025	04	2	3	2	4	3	6	76
15/04/2025	05	1	3	2	4	1	6	85
15/04/2025	06	1	3	2	4	2	6	84
15/04/2025	07	1	3	2	4	3	6	80
15/04/2025	08	1	3	2	4	2	6	78
15/04/2025	09	1	3	2	4	2	6	83
15/04/2025	10	1	3	2	4	1	6	88
15/04/2025	11	1	3	2	4	2	6	87
15/04/2025	12	1	3	2	4	2	6	91
15/04/2025	13	1	3	2	4	2	6	89
15/04/2025	14	1	3	2	4	2	6	96
15/04/2025	15	1	3	2	4	2	6	95
15/04/2025	16	1	3	2	4	3	6	93
15/04/2025	17	2	3	2	4	5	6	90
15/04/2025	18	1	3	2	4	1	6	91
15/04/2025	19	1	3	2	4	1	6	94
15/04/2025	20	1	3	2	4	1	6	86
15/04/2025	21	1	3	2	5	1	8	74
15/04/2025	22	1	3	2	5	2	8	67
15/04/2025	23	1	3	2	4	1	6	77
16/04/2025	00	1	3	2	4	1	6	84
16/04/2025	01	1	3	2	4	1	6	80
16/04/2025	02	1	3	2	4	2	7	80
16/04/2025	03	1	3	2	4	1	6	79
16/04/2025	04	1	3	2	4	1	6	79
16/04/2025	05	1	3	2	4	1	6	82
16/04/2025	06	1	3	2	4	1	6	86
16/04/2025	07	1	3	2	4	1	6	85
16/04/2025	08	1	3	2	4	1	6	88
16/04/2025	09	1	3	2	4	1	6	86
16/04/2025	10	1	3	2	4	1	6	91
16/04/2025	11	1	3	2	4	1	6	92
16/04/2025	12	1	3	2	4	1	6	91
16/04/2025	13	1	3	2	4	1	6	93
16/04/2025	14	1	3	2	4	1	6	97
16/04/2025	15	1	3	2	4	1	6	95
16/04/2025	16	1	3	2	4	1	6	94
16/04/2025	17	1	3	2	4	2	6	94
16/04/2025	18	1	3	2	4	2	6	96
16/04/2025	19	1	3	2	4	1	6	92
16/04/2025	20	1	3	2	4	1	6	86
16/04/2025	21	1	3	2	4	1	6	83
16/04/2025	22	1	3	2	4	1	6	77
16/04/2025	23	1	3	2	4	2	6	65
17/04/2025	00	1	3	2	4	1	6	65
17/04/2025	01	1	3	2	4	1	6	58
17/04/2025	02	1	3	2	4	2	6	54
17/04/2025	03	2	3	2	4	2	6	46
17/04/2025	04	1	3	2	4	2	6	50
17/04/2025	05	1	3	2	4	2	6	58
17/04/2025	06	2	3	2	4	2	6	43
17/04/2025	07	2	3	2	5	4	8	48
17/04/2025	08	2	3	2	4	3	7	79
17/04/2025	09	1	3	2	4	2	6	95
17/04/2025	10	1	3	2	4	2	6	98
17/04/2025	11	1	3	2	4	2	6	100
17/04/2025	12	1	3	2	4	2	6	102
17/04/2025	13	1	3	2	4	3	6	104
17/04/2025	14	2	3	2	4	5	7	104
17/04/2025	15	3	3	2	5	8	9	105
17/04/2025	16	3	3	2	4	7	7	105
17/04/2025	17	3	3	2	4	9	6	107
17/04/2025	18	3	3	2	4	7	7	103
17/04/2025	19	4	3	2	4	7	7	96
17/04/2025	20	4	3	2	5	8	8	73
17/04/2025	21	4	3	2	4	6	7	63
17/04/2025	22	5	3	2	6	7	9	66
17/04/2025	23	4	3	2	5	7	9	60
18/04/2025	00	4	3	2	5	6	8	56
18/04/2025	01	3	3	2	4	5	6	57
18/04/2025	02	3	3	2	4	4	6	51
18/04/2025	03	3	3	2	4	4	6	54
18/04/2025	04	2	3	2	4	3	6	53
18/04/2025	05	2	3	2	4	3	6	51
18/04/2025	06	2	3	2	4	3	6	54
18/04/2025	07	2	3	2	4	4	6	53
18/04/2025	08	2	3	2	4	3	6	58
18/04/2025	09	2	3	2	4	3	6	72
18/04/2025	10	3	3	2	4	5	6	81
18/04/2025	11	2	3	2	4	3	6	83
18/04/2025	12	2	3	2	4	11	6	83
18/04/2025	13	5	3	2	7	10	12	91
18/04/2025	14	5	3	2	8	8	13	95
18/04/2025	15	5	3	2	7	8	12	94
18/04/2025	16	3	3	2	7	5	12	88
18/04/2025	17	2	3	2	7	5	11	85
18/04/2025	18	2	3	2	5	4	8	85
18/04/2025	19	3	3	2	4	5	6	80
18/04/2025	20	3	3	2	4	6	6	62
18/04/2025	21	3	3	2	4	5	6	52
18/04/2025	22	3	3	2	4	5	6	42
18/04/2025	23	3	3	2	4	5	7	46
19/04/2025	00	4	3	2	4	5	6	42
19/04/2025	01	3	3	2	4	4	6	36
19/04/2025	02	3	3	2	4	4	6	39
19/04/2025	03	3	3	2	4	3	6	36
19/04/2025	04	2	3	2	4	3	6	40
19/04/2025	05	1	3	2	4	1	6	48
19/04/2025	06	1	3	2	4	1	6	54
19/04/2025	07	1	3	2	4	1	6	75
19/04/2025	08	1	3	2	4	2	6	77
19/04/2025	09	1	3	2	4	2	6	79
19/04/2025	10	1	3	2	4	3	6	79
19/04/2025	11	1	3	2	4	1	6	89
19/04/2025	12	1	3	2	4	3	6	93
19/04/2025	13	1	3	2	4	3	6	100
19/04/2025	14	2	3	2	4	3	6	100
19/04/2025	15	1	3	2	4	2	6	99
19/04/2025	16	1	3	2	4	2	6	95
19/04/2025	17	1	3	2	4	1	6	93
19/04/2025	18	1	3	2	4	1	6	92
19/04/2025	19	1	3	2	4	2	6	90
19/04/2025	20	1	3	2	4	2	6	91
19/04/2025	21	1	3	2	4	2	6	91
19/04/2025	22	1	3	2	4	3	6	85
19/04/2025	23	2	3	2	4	3	6	80
20/04/2025	00	1	3	2	4	2	6	72
20/04/2025	01	1	3	2	4	2	6	71
20/04/2025	02	1	3	2	4	3	6	66
20/04/2025	03	1	3	2	4	2	6	72
20/04/2025	04	1	3	2	4	2	6	57
20/04/2025	05	1	3	2	4	2	6	56
20/04/2025	06	1	3	2	4	2	6	64
20/04/2025	07	1	3	2	4	2	6	78
20/04/2025	08	1	3	2	4	2	6	78
20/04/2025	09	1	3	2	4	1	6	77
20/04/2025	10	1	3	2	4	1	6	76
20/04/2025	11	1	3	2	4	1	6	76
20/04/2025	12	1	3	2	4	1	6	78
20/04/2025	13	1	3	2	4	1	6	81
20/04/2025	14	1	3	2	4	1	6	84
20/04/2025	15	1	3	2	4	1	6	72
20/04/2025	16	1	3	2	4	1	6	82
20/04/2025	17	1	3	2	4	1	6	89
20/04/2025	18	1	3	2	4	2	6	91
20/04/2025	19	2	3	2	4	3	6	83
20/04/2025	20	3	3	4	5	8	11	61
20/04/2025	21	2	3	2	4	3	7	49
20/04/2025	22	2	3	2	4	3	6	43
20/04/2025	23	2	3	2	4	2	6	37
21/04/2025	00	2	3	2	4	2	6	43
21/04/2025	01	1	3	2	4	2	6	43
21/04/2025	02	1	3	2	4	1	6	37
21/04/2025	03	1	3	2	4	1	6	36
21/04/2025	04	1	3	2	4	1	6	36
21/04/2025	05	1	3	2	4	1	6	36
21/04/2025	06	1	3	2	4	1	6	33
21/04/2025	07	1	3	2	4	1	6	39
21/04/2025	08	1	3	2	4	1	6	49
21/04/2025	09	2	3	2	4	2	6	76
21/04/2025	10	1	3	2	4	1	6	82
21/04/2025	11	1	3	2	4	2	6	84
21/04/2025	12	2	3	2	4	3	6	89
21/04/2025	13	2	3	2	4	3	6	94
21/04/2025	14	2	3	2	4	3	6	92
21/04/2025	15	3	3	2	4	4	6	93
21/04/2025	16	2	3	2	4	3	6	100
21/04/2025	17	2	3	2	4	3	6	96
21/04/2025	18	2	3	2	4	2	6	92
21/04/2025	19	2	3	2	4	3	6	77
21/04/2025	20	3	3	2	4	7	7	58
21/04/2025	21	2	3	2	4	4	7	52
21/04/2025	22	2	3	2	5	4	9	55
21/04/2025	23	2	3	2	4	4	8	51
22/04/2025	00	3	3	2	5	3	8	52
22/04/2025	01	2	3	2	4	3	6	52
22/04/2025	02	2	3	2	4	3	6	55
22/04/2025	03	2	3	2	4	2	6	52
22/04/2025	04	2	3	2	4	3	6	49
22/04/2025	05	2	3	2	4	3	6	41
22/04/2025	06	2	3	2	4	3	6	30
22/04/2025	07	2	3	2	4	2	6	34
22/04/2025	08	3	3	2	4	3	6	32
22/04/2025	09	3	3	2	4	3	6	40
22/04/2025	10	3	3	2	4	5	6	63
22/04/2025	11	4	3	2	6	7	9	76
22/04/2025	12	8	3	2	11	14	18	75
22/04/2025	13	10	3	2	10	14	16	79
22/04/2025	14	7	3	2	4	9	7	87
22/04/2025	15	9	3	2	5	11	8	79
22/04/2025	16	5	3	2	5	5	8	83
22/04/2025	17	2	3	2	4	3	7	76
22/04/2025	18	5	3	2	5	7	9	66
22/04/2025	19	7	3	2	6	8	9	49
22/04/2025	20	8	3	2	5	10	9	30
22/04/2025	21	5	3	2	5	6	8	27
22/04/2025	22	2	3	2	4	3	6	25
22/04/2025	23	2	3	2	4	2	6	27
23/04/2025	00	2	3	2	4	3	6	27
23/04/2025	01	2	3	2	4	2	6	39
23/04/2025	02	2	3	2	4	3	6	38
23/04/2025	03	3	3	2	4	4	6	54
23/04/2025	04	3	3	2	4	3	6	71
23/04/2025	05	3	3	2	4	3	6	58
23/04/2025	06	3	3	2	4	4	6	53
23/04/2025	07	3	3	2	4	5	7	52
23/04/2025	08	3	3	2	4	4	6	64
23/04/2025	09	2	3	2	4	3	6	84
23/04/2025	10	2	3	2	4	2	6	93
23/04/2025	11	2	3	2	4	3	6	93
23/04/2025	12	3	3	2	4	8	7	95
23/04/2025	13	4	3	2	7	7	12	96
23/04/2025	14	3	3	2	6	6	10	104
23/04/2025	15	3	3	2	6	6	10	106
23/04/2025	16	3	3	2	6	7	10	108
23/04/2025	17	3	3	2	6	9	10	104
23/04/2025	18	3	3	2	10	6	17	95
23/04/2025	19	3	3	2	9	7	15	84
23/04/2025	20	3	3	2	8	5	13	64
23/04/2025	21	3	3	2	6	5	10	58
23/04/2025	22	4	3	2	7	6	11	51
23/04/2025	23	4	3	2	6	5	10	45
24/04/2025	00	4	3	2	6	6	10	42
24/04/2025	01	4	3	2	5	5	9	45
24/04/2025	02	4	3	2	4	5	7	42
24/04/2025	03	4	3	2	4	5	6	38
24/04/2025	04	4	3	2	4	5	6	34
24/04/2025	05	4	3	2	4	5	6	36
24/04/2025	06	4	3	2	4	4	6	35
24/04/2025	07	3	3	2	4	4	6	43
24/04/2025	08	3	3	2	4	4	6	53
24/04/2025	09	3	3	2	4	9	6	72
24/04/2025	10	5	3	2	6	15	11	75
24/04/2025	11	4	3	2	6	7	10	86
24/04/2025	12	4	3	2	4	8	7	95
24/04/2025	13	6	3	2	9	11	14	93
24/04/2025	14	5	3	2	9	9	15	100
24/04/2025	15	4	3	2	5	7	8	104
24/04/2025	16	3	3	2	4	6	6	100
24/04/2025	17	5	3	2	6	8	10	96
24/04/2025	18	5	3	2	10	10	17	88
24/04/2025	19	7	3	2	10	11	16	86
24/04/2025	20	7	3	2	7	10	12	68
24/04/2025	21	6	3	2	6	8	10	50
24/04/2025	22	6	3	2	6	8	9	32
24/04/2025	23	7	3	2	7	9	12	32
25/04/2025	00	7	3	2	8	9	13	28
25/04/2025	01	7	3	2	6	8	9	24
25/04/2025	02	7	3	2	5	8	8	27
25/04/2025	03	6	3	2	4	8	6	30
25/04/2025	04	6	3	2	4	7	6	26
25/04/2025	05	6	3	2	4	7	6	23
25/04/2025	06	6	3	2	4	6	6	14
25/04/2025	07	7	3	2	4	8	6	17
25/04/2025	08	10	3	2	6	14	10	33
25/04/2025	09	18	3	2	10	26	18	56
25/04/2025	10	21	3	2	10	31	17	70
25/04/2025	11	14	3	2	7	20	12	88
25/04/2025	12	11	3	2	4	15	7	102
25/04/2025	13	7	3	2	4	10	6	107
25/04/2025	14	6	3	2	4	8	6	104
25/04/2025	15	7	3	2	4	11	6	106
25/04/2025	16	11	3	2	4	15	6	102
25/04/2025	17	10	3	2	4	14	6	100
25/04/2025	18	9	3	2	5	16	8	95
25/04/2025	19	11	3	2	5	17	8	90
25/04/2025	20	10	3	2	6	16	9	59
25/04/2025	21	9	3	2	4	11	7	46
25/04/2025	22	10	3	2	4	13	7	50
25/04/2025	23	11	3	2	6	14	9	35
26/04/2025	00	11	3	2	5	13	8	28
26/04/2025	01	12	3	2	4	15	7	34
26/04/2025	02	12	3	2	5	13	8	22
26/04/2025	03	11	3	2	6	13	9	18
26/04/2025	04	15	3	2	4	18	6	25
26/04/2025	05	16	3	2	4	20	6	15
26/04/2025	06	18	3	2	4	21	6	16
26/04/2025	07	18	3	2	4	22	6	16
26/04/2025	08	14	3	2	5	19	8	49
26/04/2025	09	10	3	2	4	13	7	68
26/04/2025	10	8	3	2	4	14	7	79
26/04/2025	11	8	3	2	5	17	9	80
26/04/2025	12	6	3	2	6	13	9	83
26/04/2025	13	5	3	2	4	7	7	91
26/04/2025	14	4	3	2	4	9	6	94
26/04/2025	15	5	3	2	4	7	6	94
26/04/2025	16	5	3	2	4	9	6	95
26/04/2025	17	3	3	2	4	7	6	88
26/04/2025	18	2	3	2	4	6	6	86
26/04/2025	19	5	3	2	4	22	6	81
26/04/2025	20	5	3	2	5	13	8	57
26/04/2025	21	4	3	2	5	10	8	42
26/04/2025	22	4	3	2	4	8	7	37
26/04/2025	23	4	3	2	4	6	6	33
27/04/2025	00	2	3	2	4	3	6	58
27/04/2025	01	1	3	2	4	1	6	74
27/04/2025	02	1	3	2	4	1	6	75
27/04/2025	03	1	3	2	4	1	6	67
27/04/2025	04	1	3	2	4	1	6	78
27/04/2025	05	1	3	2	4	1	6	79
27/04/2025	06	1	3	2	4	1	6	70
27/04/2025	07	1	3	2	4	1	6	63
27/04/2025	08	1	3	2	4	1	6	77
27/04/2025	09	1	3	2	4	1	6	83
27/04/2025	10	1	3	2	4	1	6	87
27/04/2025	11	1	3	2	4	1	6	86
27/04/2025	12	1	3	2	4	2	6	89
27/04/2025	13	1	3	2	4	1	6	93
27/04/2025	14	1	3	2	4	2	6	96
27/04/2025	15	1	3	2	4	2	6	103
27/04/2025	16	1	3	2	4	1	6	106
27/04/2025	17	1	3	2	4	4	6	99
27/04/2025	18	1	3	2	4	2	6	96
27/04/2025	19	1	3	2	4	2	6	93
27/04/2025	20	1	3	2	4	2	6	63
27/04/2025	21	1	3	2	4	3	6	60
27/04/2025	22	2	3	2	4	3	6	50
27/04/2025	23	2	3	2	4	3	6	43
28/04/2025	00	2	3	2	4	2	6	35
28/04/2025	01	2	3	2	4	2	6	34
28/04/2025	02	2	3	2	4	2	6	37
28/04/2025	03	2	3	2	4	2	6	43
28/04/2025	04	2	3	2	4	3	6	42
28/04/2025	05	2	3	2	4	3	6	38
28/04/2025	06	2	3	2	4	3	7	41
28/04/2025	07	2	3	2	4	3	6	49
28/04/2025	08	2	3	2	4	3	7	58
28/04/2025	09	1	3	2	4	2	6	87
28/04/2025	10	2	3	2	4	2	6	99
28/04/2025	11	2	5			3		
28/04/2025	17	2	3	3	5	2	9	98
28/04/2025	18	2	3	2	4	3	6	97
28/04/2025	19	3	3	2	4	5	6	93
28/04/2025	20	4	3	2	4	5	6	73
28/04/2025	21	4	3	2	4	5	6	61
28/04/2025	22	3	3	2	4	4	6	54
28/04/2025	23	3	3	2	4	5	6	49
29/04/2025	00	3	3	2	4	4	6	43
29/04/2025	01	4	3	2	4	4	6	41
29/04/2025	02	3	3	2	4	4	6	39
29/04/2025	03	4	3	2	4	4	6	38
29/04/2025	04	4	3	2	4	4	6	38
29/04/2025	05	4	3	2	4	4	6	30
29/04/2025	06	4	3	2	4	4	6	33
29/04/2025	07	5	3	2	4	5	6	39
29/04/2025	08	6	3	2	7	8	11	47
29/04/2025	09	5	3	2	7	7	12	82
29/04/2025	10	6	3	2	4	8	6	99
29/04/2025	11	6	3	2	5	9	7	102
29/04/2025	12	5	3	2	4	11	6	105
29/04/2025	13	4	3	2	4	6	6	106
29/04/2025	14	3	3	2	4	5	6	108
29/04/2025	15	3	3	2	4	5	6	108
29/04/2025	16	4	3	2	4	5	6	109
29/04/2025	17	4	3	2	4	5	6	106
29/04/2025	18	4	3	2	4	5	6	102
29/04/2025	19	5	3	2	4	6	6	100
29/04/2025	20	7	3	2	4	9	7	92
29/04/2025	21	10	3	2	5	12	8	74
29/04/2025	22	13	3	2	4	15	8	66
29/04/2025	23	14	3	2	4	15	7	64
30/04/2025	00	12	3	2	4	13	7	62
30/04/2025	01	10	3	2	4	11	8	54
30/04/2025	02	8	3	2	4	9	8	52
30/04/2025	03	8	3	2	4	9	7	47
30/04/2025	04	7	3	2	5	8	8	53
30/04/2025	05	6	3	2	5	7	9	49
30/04/2025	06	6	3	2	4	7	8	42
30/04/2025	07	6	3	2	9	8	14	55
30/04/2025	08	9	3	2	8	12	13	86
30/04/2025	09	6	3	2	6	9	10	92
30/04/2025	10	6	3	2	4	8	6	97
30/04/2025	11	6	3	2	4	9	6	101
30/04/2025	12	5	3	2	4	8	7	105
30/04/2025	13	4	3	2	4	6	6	106
30/04/2025	14	3	3	2	4	6	6	106
30/04/2025	15	4	3	2	4	8	6	105
30/04/2025	16	5	3	2	4	12	8	101
30/04/2025	17	6	3	2	4	10	8	98
30/04/2025	18	7	3	2	5	11	8	92
30/04/2025	19	8	3	2	4	11	7	89
30/04/2025	20	8	3	2	4	11	6	82
30/04/2025	21	8	3	2	4	10	6	61
30/04/2025	22	7	3	2	4	10	7	56
30/04/2025	23	8	3	2	4	10	8	51
