Red: Estaciones dadas de baja
Estación: 46116001-L´Eliana
	
FECHA	HORA	O3	Temp.	H.Rel.
		µg/m³	°C	% H.R.
01/01/2012	00	2	9,3	81
01/01/2012	01	2	8,8	81
01/01/2012	02	2	8,3	82
01/01/2012	03	2	8	81
01/01/2012	04	2	7,8	81
01/01/2012	05	1	7,3	82
01/01/2012	06	1	6,4	85
01/01/2012	07	1	5,9	86
01/01/2012	08	2	6,1	86
01/01/2012	09	8	10,3	69
01/01/2012	10	31	17,7	46
01/01/2012	11	43	19,5	40
01/01/2012	12	47	20,6	38
01/01/2012	13	58	22,5	31
01/01/2012	14	60	22,5	31
01/01/2012	15	56	22,2	33
01/01/2012	16	42	19,8	46
01/01/2012	17	33	16	67
01/01/2012	18	25	14	78
01/01/2012	19	10	12,3	81
01/01/2012	20	10	10,7	85
01/01/2012	21	2	9,7	87
01/01/2012	22	2	9	88
01/01/2012	23	9	9	83
02/01/2012	00	34	11,5	65
02/01/2012	01	36	10,9	67
02/01/2012	02	27	10,3	70
02/01/2012	03	49	14	56
02/01/2012	04	49	13,6	56
02/01/2012	05	48	13,6	56
02/01/2012	06	50	13,6	57
02/01/2012	07	50	13,4	59
02/01/2012	08	46	13,1	61
02/01/2012	09	41	14,4	58
02/01/2012	10	51	16,9	50
02/01/2012	11	54	17,6	46
02/01/2012	12	56	18,6	40
02/01/2012	13	62	19,7	34
02/01/2012	14	69	19,8	29
02/01/2012	15	67	19	28
02/01/2012	16	66	19,1	28
02/01/2012	17	57	17	33
02/01/2012	18	35	14,5	40
02/01/2012	19	8	13,5	43
02/01/2012	20	2	11,5	51
02/01/2012	21	2	10,7	54
02/01/2012	22	6	10,5	53
02/01/2012	23	30	10,5	53
03/01/2012	00	29	9,2	59
03/01/2012	01	7	7,5	67
03/01/2012	02	22	7,7	63
03/01/2012	03	19	6,6	68
03/01/2012	04	17	5,6	72
03/01/2012	05	5	5,2	74
03/01/2012	06	8	5,9	69
03/01/2012	07	3	6,6	67
03/01/2012	08	5	7,8	62
03/01/2012	09	15	11,2	53
03/01/2012	10	26	15,4	44
03/01/2012	11	53	18	33
03/01/2012	12	63	20	27
03/01/2012	13	66	20,7	26
03/01/2012	14	55	20,5	28
03/01/2012	15	55	20,5	29
03/01/2012	16	49	19,6	31
03/01/2012	17	10	16,9	40
03/01/2012	18	6	13,9	65
03/01/2012	19	17	12,8	71
03/01/2012	20	9	11,4	76
03/01/2012	21	5	9,4	78
03/01/2012	22	2	8,2	79
03/01/2012	23	2	7,5	81
04/01/2012	00	4	6,5	83
04/01/2012	01	9	6	83
04/01/2012	02	7	5,4	84
04/01/2012	03	4	4,9	84
04/01/2012	04	3	4,4	85
04/01/2012	05	4	4,2	84
04/01/2012	06	2	4	84
04/01/2012	07	2	4,7	78
04/01/2012	08	3	6,2	71
04/01/2012	09	8	9,9	61
04/01/2012	10	29	15,3	45
04/01/2012	11	46	17,8	37
04/01/2012	12	53	20,1	34
04/01/2012	13	51	21,7	32
04/01/2012	14	58	22,8	31
04/01/2012	15	60	23,3	29
04/01/2012	16	58	22	32
04/01/2012	17	24	18,7	42
04/01/2012	18	43	18,4	40
04/01/2012	19	43	17,4	42
04/01/2012	20	45	16,5	45
04/01/2012	21	30	13,4	56
04/01/2012	22	8	12	61
04/01/2012	23	11	11,3	65
05/01/2012	00	2	9,4	72
05/01/2012	01	2	8,7	75
05/01/2012	02	9	8,3	75
05/01/2012	03	15	7,9	76
05/01/2012	04	12	7,1	79
05/01/2012	05	9	6,7	80
05/01/2012	06	2	6,2	82
05/01/2012	07	1	5,6	83
05/01/2012	08	2	6	78
05/01/2012	09	6	10	64
05/01/2012	10	26	16,9	41
05/01/2012	11	55	20,9	27
05/01/2012	12	61	23,3	20
05/01/2012	13	64	24,9	17
05/01/2012	14	65	25,9	15
05/01/2012	15	62	25,7	18
05/01/2012	16	52	24,1	23
05/01/2012	17	32	21,8	28
05/01/2012	18	44	20,9	22
05/01/2012	19	45	20,7	20
05/01/2012	20	39	20,1	18
05/01/2012	21	47	19,3	17
05/01/2012	22	62	19,8	14
05/01/2012	23	66	19,4	14
06/01/2012	00	64	19,2	16
06/01/2012	01	62	19,2	22
06/01/2012	02	56	18,9	31
06/01/2012	03	51	18,5	35
06/01/2012	04	46	17,2	41
06/01/2012	05	46	17,3	44
06/01/2012	06	54	19,6	39
06/01/2012	07	56	19,5	39
06/01/2012	08	56	19,1	40
06/01/2012	09	58	19,3	39
06/01/2012	10	58	20,9	35
06/01/2012	11	59	21,8	33
06/01/2012	12	60	22,3	31
06/01/2012	13	61	23,1	28
06/01/2012	14	66	23,4	27
06/01/2012	15	67	23,2	28
06/01/2012	16	66	21,9	30
06/01/2012	17	58	19,9	33
06/01/2012	18	59	18,2	44
06/01/2012	19	42	16,1	58
06/01/2012	20	5	13,9	67
06/01/2012	21	2	12,9	72
06/01/2012	22	2	11,6	77
07/01/2012	00	16	10,5	80
07/01/2012	01	9	9,5	81
07/01/2012	02	22	8,5	81
07/01/2012	03	21	7,6	84
07/01/2012	04	18	7,1	84
07/01/2012	05	19	6,6	82
07/01/2012	06	11	5,9	83
07/01/2012	07	4	5,5	84
07/01/2012	08	8	5,4	81
07/01/2012	09	14	9,1	66
07/01/2012	10	21	13,6	50
07/01/2012	11	44	17,7	36
07/01/2012	12	58	19	32
07/01/2012	13	61	19,6	30
07/01/2012	14	58	19	32
07/01/2012	15	56	18,3	33
07/01/2012	16	58	17,4	34
07/01/2012	17	39	14,6	47
07/01/2012	18	3	11,7	60
07/01/2012	19	2	10	67
07/01/2012	20	5	9	68
07/01/2012	21	8	7,9	72
07/01/2012	22	12	6,7	76
07/01/2012	23	13	6,3	76
08/01/2012	00	14	5,6	79
08/01/2012	01	18	5,4	79
08/01/2012	02	8	4,9	82
08/01/2012	03	4	4,3	84
08/01/2012	04	6	4,3	83
08/01/2012	05	6	3,9	83
08/01/2012	06	2	3,5	83
08/01/2012	07	2	3,3	84
08/01/2012	08	8	4,2	81
08/01/2012	09	9	8,5	64
08/01/2012	10	23	13,3	48
08/01/2012	11	43	16,8	39
08/01/2012	12	50	17,9	34
08/01/2012	13	51	18	33
08/01/2012	14	51	18,1	36
08/01/2012	15	49	17	39
08/01/2012	16	56	15,6	49
08/01/2012	17	42	13,4	64
08/01/2012	18	17	10,8	76
08/01/2012	19	10	9,9	76
08/01/2012	20	2	8,3	81
08/01/2012	21	2	7,2	83
08/01/2012	22	6	6	83
08/01/2012	23	9	5,3	83
09/01/2012	00	9	4,9	84
09/01/2012	01	11	4,3	85
09/01/2012	02	9	4	85
09/01/2012	03	5	3,7	85
09/01/2012	04	8	3,2	85
09/01/2012	05	10	2,8	86
09/01/2012	06	7	2,6	86
09/01/2012	07	1	2,4	87
09/01/2012	08	2	3,3	82
09/01/2012	09	11	7,4	65
09/01/2012	10	22	12,7	49
09/01/2012	11	37	16,5	40
09/01/2012	12	54	18,4	34
09/01/2012	13	58	19,1	32
09/01/2012	14	57	19,1	32
09/01/2012	15	53	18,7	33
09/01/2012	16	44	17,4	40
09/01/2012	17	27	14,2	56
09/01/2012	18	3	11,2	69
09/01/2012	19		9,2	78
09/01/2012	20	1	8,2	82
09/01/2012	21	2	7,1	82
09/01/2012	22	2	5,9	84
09/01/2012	23	5	5,5	84
10/01/2012	00	4	4,9	86
10/01/2012	01	8	4,5	86
10/01/2012	02	14	3,9	86
10/01/2012	03	17	3,8	86
10/01/2012	04	14	3,4	86
10/01/2012	05	2	2,8	88
10/01/2012	06	11	2,8	88
10/01/2012	07	5	2,9	86
10/01/2012	08	5	3	83
10/01/2012	09	12	6,1	70
10/01/2012	10	24	10,9	55
10/01/2012	11	40	14,5	47
10/01/2012	12	53	17,1	43
10/01/2012	13	57	18,3	39
10/01/2012	14	65	18,6	38
10/01/2012	15	65	19	38
10/01/2012	16	46	17,5	47
10/01/2012	17	31	14,3	64
10/01/2012	18	12	11,8	76
10/01/2012	19	2	10	83
10/01/2012	20	2	8,7	87
10/01/2012	21	3	7,6	87
10/01/2012	22	3	6,4	89
10/01/2012	23	4	5,7	90
11/01/2012	00	7	5,1	90
11/01/2012	01	10	4,5	89
11/01/2012	02	10	4,1	89
11/01/2012	03	5	3,4	89
11/01/2012	04	12	3,1	88
11/01/2012	05	14	2,7	86
11/01/2012	06	15	3,1	82
11/01/2012	07	8		90
11/01/2012	08	5		91
11/01/2012	16		14,5	70
11/01/2012	17	14	13,2	78
11/01/2012	18	6	12	85
11/01/2012	19	5	11,4	87
11/01/2012	20	5	11,1	87
11/01/2012	21	4	10,9	86
11/01/2012	22	5	10,4	85
11/01/2012	23	5	10,5	84
12/01/2012	00	6	10,7	82
12/01/2012	01	6	10,4	83
12/01/2012	02	18	10,6	79
12/01/2012	03	22	10,7	76
12/01/2012	04	33	10,9	69
12/01/2012	05	32	10,7	69
12/01/2012	06	26	10,5	69
12/01/2012	07	20	10,5	68
12/01/2012	08	15	10,6	67
12/01/2012	09	18	11,2	65
12/01/2012	10	32	12,4	61
12/01/2012	11	39	14,1	54
12/01/2012	12	59	15,9	46
12/01/2012	13	70	16,7	43
12/01/2012	14	72	17,4	40
12/01/2012	15	70	18,1	39
12/01/2012	16	65	16,4	43
12/01/2012	17	23	14	54
12/01/2012	18	4	12	64
12/01/2012	19	4	10,3	74
12/01/2012	20	7	9,6	75
12/01/2012	21	4	8,4	78
12/01/2012	22	7	7,7	79
12/01/2012	23	15	7,4	80
13/01/2012	00	13	7,7	79
13/01/2012	01	22	8,2	77
13/01/2012	02	24	7,7	78
13/01/2012	03	23	6,9	81
13/01/2012	04	21	6,2	82
13/01/2012	05	19	6,3	82
13/01/2012	06	18	6,4	81
13/01/2012	07	8	6,5	81
13/01/2012	08	3	6	83
13/01/2012	09	5	8	74
13/01/2012	10	15	9,7	67
13/01/2012	11	18	11,7	59
13/01/2012	12	38	14	50
13/01/2012	13	54	14,7	56
13/01/2012	14	47	15	55
13/01/2012	15	44	15,8	52
13/01/2012	16	38	14,3	56
13/01/2012	17	8	12,8	66
13/01/2012	18	3	11,4	76
13/01/2012	19	4	10,8	79
13/01/2012	20	5	10,6	81
13/01/2012	21	5	10,2	82
13/01/2012	22	5	9,8	81
13/01/2012	23	5	9,2	82
14/01/2012	00	6	8,3	83
14/01/2012	01	4	7	87
14/01/2012	02	3	6	89
14/01/2012	03	3	5,2	90
14/01/2012	04	4	4,7	90
14/01/2012	05	8	3,8	89
14/01/2012	06		3,3	90
14/01/2012	07		3	90
14/01/2012	08		3	85
14/01/2012	09		7	67
14/01/2012	10		12,5	50
14/01/2012	11		15,6	47
14/01/2012	12		16,1	45
14/01/2012	13		16,4	48
14/01/2012	14	49	16,4	59
14/01/2012	15	40	15,6	66
14/01/2012	16	43	14,5	73
14/01/2012	17	37	13	79
14/01/2012	18	18	11,6	84
14/01/2012	19	5	10,7	86
14/01/2012	20	5	10,7	86
14/01/2012	21	5	9,8	88
14/01/2012	22	4	9	90
14/01/2012	23	3	8,5	90
15/01/2012	00	4	7,7	91
15/01/2012	01	7	7	91
15/01/2012	02	6	6,1	92
15/01/2012	03	8	5,1	92
15/01/2012	04	6	4,3	92
15/01/2012	05	6	3,8	92
15/01/2012	06	7	3,3	92
15/01/2012	07	5	2,8	91
15/01/2012	08	5	2,8	91
15/01/2012	09	15	7,1	73
15/01/2012	10	34	11,6	55
15/01/2012	11	54	14,9	43
15/01/2012	12	65	16,9	34
15/01/2012	13	65	18,6	32
15/01/2012	14	73	19,4	29
15/01/2012	15	69	17,7	33
15/01/2012	16	67	17,8	35
15/01/2012	17	57	15,2	44
15/01/2012	18	48	12,9	50
15/01/2012	19	16	11,1	60
15/01/2012	20	15	10,6	69
15/01/2012	21	9	9,7	74
15/01/2012	22	5	9,5	75
15/01/2012	23	5	9,7	76
16/01/2012	00	7	9,7	75
16/01/2012	01	6	9,3	76
16/01/2012	02	14	9,3	79
16/01/2012	03	32	9,1	86
16/01/2012	04	28	8,9	88
16/01/2012	05	15	8,7	90
16/01/2012	06	17	8,6	90
16/01/2012	07	7	8,7	90
16/01/2012	08	4	8,7	90
16/01/2012	09	11	8,8	90
16/01/2012	10	28	9,4	85
16/01/2012	11	34	11,1	78
16/01/2012	12	44	12,7	70
16/01/2012	13	34	10,4	83
16/01/2012	14	28	9,9	87
16/01/2012	15	35	9,6	87
16/01/2012	16	20	9,5	91
16/01/2012	17	14	9,8	93
16/01/2012	18	29	10,1	91
16/01/2012	19	44	10,5	85
16/01/2012	20	43	10,3	87
16/01/2012	21	45	10,9	84
16/01/2012	22	50	11,1	81
16/01/2012	23	51	10,4	83
17/01/2012	00	46	10	87
17/01/2012	01	49	10,6	78
17/01/2012	02	51	10,4	73
17/01/2012	03	53	10,5	68
17/01/2012	04	54	10,7	66
17/01/2012	05	53	11	66
17/01/2012	06	48	11,1	71
17/01/2012	07	33	11	74
17/01/2012	08	26	11	74
17/01/2012	09	42	12,3	65
17/01/2012	10	47	13,3	61
17/01/2012	11	50	13,9	60
17/01/2012	12	57	15,1	56
17/01/2012	13	57	15,4	56
17/01/2012	14	44	13,7	67
17/01/2012	15	44	13,5	68
17/01/2012	16	43	13,3	70
17/01/2012	17	35	13,1	69
17/01/2012	18	15	11,7	76
17/01/2012	19	4	11,2	81
17/01/2012	20	4	11,5	81
17/01/2012	21	5	11,1	81
17/01/2012	22	9	10,4	84
17/01/2012	23	3	9,5	88
18/01/2012	00	3	8,8	89
18/01/2012	01	11	8,2	86
18/01/2012	02	7	7,6	88
18/01/2012	03	3	6,5	90
18/01/2012	04	6	5,8	91
18/01/2012	05	6	5,3	91
18/01/2012	06	6	5,6	88
18/01/2012	07	3	6,1	81
18/01/2012	08	4	6,2	81
18/01/2012	09	11	9,3	68
18/01/2012	10	27	12,3	58
18/01/2012	11	40	15,5	50
18/01/2012	12	46	17,8	44
18/01/2012	13	56	18,1	42
18/01/2012	14	69	18,5	38
18/01/2012	15	60	17,9	40
18/01/2012	16	37	16,4	51
18/01/2012	17	17	13,5	66
18/01/2012	18	7	11,5	75
18/01/2012	19	4	9,9	81
18/01/2012	20	4	9	85
18/01/2012	21	3	8	86
18/01/2012	22	5	7,8	86
18/01/2012	23	10	7,4	85
19/01/2012	00	9	6,7	87
19/01/2012	01	9	6,1	88
19/01/2012	02	6	5,3	89
19/01/2012	03	7	4,6	89
19/01/2012	04	12	4,1	88
19/01/2012	05	11	3,6	89
19/01/2012	06	5	3,2	89
19/01/2012	07	2	3,1	89
19/01/2012	08	3	3,7	87
19/01/2012	09	10	9	64
19/01/2012	10	32	13,1	50
19/01/2012	11	51	15,9	42
19/01/2012	12	57	17,6	38
19/01/2012	13	53	18,3	40
19/01/2012	14	60	19,5	34
19/01/2012	15	64	19,4	31
19/01/2012	16	64	19	30
19/01/2012	17	39	15,6	56
19/01/2012	18		13,1	71
19/01/2012	19		11	81
19/01/2012	20		9,7	85
19/01/2012	21		8,3	84
19/01/2012	22		7,4	85
19/01/2012	23		6,9	85
20/01/2012	00		6,6	85
20/01/2012	01		6,1	87
20/01/2012	02		5,7	88
20/01/2012	03		5,8	88
20/01/2012	04		5,2	89
20/01/2012	05		5	90
20/01/2012	06		5,3	90
20/01/2012	07		6	88
20/01/2012	08		6,7	85
20/01/2012	09		8,6	79
20/01/2012	10		12,9	65
20/01/2012	11		17,2	52
20/01/2012	12		20,2	43
20/01/2012	13		22,5	30
20/01/2012	14		22,5	30
20/01/2012	15		21,4	35
20/01/2012	16		20,1	40
20/01/2012	17		17,6	50
20/01/2012	18		15,2	57
20/01/2012	19		13,7	63
20/01/2012	20		11,7	73
20/01/2012	21		10,4	78
20/01/2012	22		9,6	80
20/01/2012	23		8,8	81
21/01/2012	00		7,9	85
21/01/2012	01		7,1	87
21/01/2012	02		6,9	85
21/01/2012	03		6,6	84
21/01/2012	04		6	86
21/01/2012	05		6	83
21/01/2012	06		5,1	87
21/01/2012	07		4,8	88
21/01/2012	08		5	86
21/01/2012	09		10,7	64
21/01/2012	10		17	48
21/01/2012	11		19,1	39
21/01/2012	12		21	31
21/01/2012	13		21,7	28
21/01/2012	14		21,9	27
21/01/2012	15		21,9	27
21/01/2012	16		20,8	34
21/01/2012	17		17,8	45
21/01/2012	18		14,3	59
21/01/2012	19		13,4	62
21/01/2012	20		11,7	70
21/01/2012	21		10,1	77
21/01/2012	22		8,5	83
21/01/2012	23		8,1	82
22/01/2012	00		7,5	83
22/01/2012	01		7	83
22/01/2012	02		6,7	83
22/01/2012	03		5,8	86
22/01/2012	04		5,4	87
22/01/2012	05		5,6	85
22/01/2012	06		5,1	87
22/01/2012	07		4,8	88
22/01/2012	08		5,4	86
22/01/2012	09		11,5	65
22/01/2012	10		16,4	52
22/01/2012	11		19,1	45
22/01/2012	12		19,3	40
22/01/2012	13		20,4	36
22/01/2012	14		20,2	37
22/01/2012	15		20,2	36
22/01/2012	16		19,3	38
22/01/2012	17		16,5	51
22/01/2012	18		13,9	62
22/01/2012	19		11,4	73
22/01/2012	20		10,1	79
22/01/2012	21		9,4	81
22/01/2012	22		8,5	84
22/01/2012	23		7,6	85
23/01/2012	00		7	86
23/01/2012	01		6,4	88
23/01/2012	02		6,2	88
23/01/2012	03		5,7	89
23/01/2012	04		5,7	89
23/01/2012	05		5,5	88
23/01/2012	06		5,4	88
23/01/2012	07		6	84
23/01/2012	08		5,8	86
23/01/2012	09		12,7	60
23/01/2012	10		15,6	52
23/01/2012	11		17,8	45
23/01/2012	12		18,8	41
23/01/2012	13		19,6	39
23/01/2012	14		19,8	40
23/01/2012	15		20,6	38
23/01/2012	16		19,4	41
23/01/2012	17		16	55
23/01/2012	18		13,2	67
23/01/2012	19		11,2	75
23/01/2012	20		9,9	80
23/01/2012	21		9,1	83
23/01/2012	22		8,3	84
23/01/2012	23		7,6	86
24/01/2012	00		7,3	86
24/01/2012	01		6,6	87
24/01/2012	02		6,2	89
24/01/2012	03		6,3	87
24/01/2012	04		5,8	88
24/01/2012	05		6,1	87
24/01/2012	06		5,7	88
24/01/2012	07		5,6	87
24/01/2012	08		6	86
24/01/2012	09		12,3	63
24/01/2012	10		15,9	50
24/01/2012	11		17,5	44
24/01/2012	12		18,6	40
24/01/2012	13		19,6	40
24/01/2012	14		20,3	39
24/01/2012	15		19	43
24/01/2012	16		17,3	50
24/01/2012	17		15	61
24/01/2012	18		12,6	74
24/01/2012	19		11	82
24/01/2012	20		9,8	85
24/01/2012	21		8,9	85
24/01/2012	22		7,8	87
24/01/2012	23		7,1	88
25/01/2012	00		6,6	88
25/01/2012	01		5,9	89
25/01/2012	02		5,5	89
25/01/2012	03		5,1	90
25/01/2012	04		4,9	90
25/01/2012	05		4,7	90
25/01/2012	06		4,2	89
25/01/2012	07		4,6	87
25/01/2012	08		4,7	85
25/01/2012	09		8,1	74
25/01/2012	11		15,3	65
25/01/2012	12	47	16,8	58
25/01/2012	13	51	16,4	60
25/01/2012	14	50	16,7	58
25/01/2012	15	46	16,8	57
25/01/2012	16	42	15,8	63
25/01/2012	17	34	13,8	72
25/01/2012	18	7	11,9	81
25/01/2012	19	3	10,6	86
25/01/2012	20	4	9,3	89
25/01/2012	21	4	8,4	91
25/01/2012	22	3	7,6	92
25/01/2012	23	3	6,7	91
26/01/2012	00	4	6,3	92
26/01/2012	01	3	5,6	92
26/01/2012	02	7	5,2	93
26/01/2012	03	7	5	93
26/01/2012	04	6	4,5	93
26/01/2012	05	4	4,3	93
26/01/2012	06	5	3,9	93
26/01/2012	07	4	4,2	93
26/01/2012	08	4	5,3	89
26/01/2012	09	4	6,5	85
26/01/2012	10	5	8,6	80
26/01/2012	11	13	11,7	72
26/01/2012	12	36	14,4	66
26/01/2012	13	60	16,6	60
26/01/2012	14	59	16,9	59
26/01/2012	15	54	15,7	65
26/01/2012	16	55	14,6	70
26/01/2012	17	43	13,3	77
26/01/2012	18	22	12,8	80
26/01/2012	19	5	12,7	81
26/01/2012	20	3	11,8	85
26/01/2012	21	4	11,1	87
26/01/2012	22	8	10,6	86
26/01/2012	23	6	10,7	86
27/01/2012	00	4	10,8	86
27/01/2012	01	13	10,5	86
27/01/2012	02	14	10,3	86
27/01/2012	03	11	9,9	90
27/01/2012	04	34	10,1	91
27/01/2012	05	41	10,1	90
27/01/2012	06	24	9,9	91
27/01/2012	07	16	9,8	90
27/01/2012	08	3	9,9	91
27/01/2012	09	3	10,3	90
27/01/2012	10	4	10,8	88
27/01/2012	11	6	11,2	87
27/01/2012	12	12	11,4	87
27/01/2012	13	26	12,4	81
27/01/2012	14	40	13,4	75
27/01/2012	15	47	14,8	67
27/01/2012	16	45	13,8	69
27/01/2012	17	30	13,3	71
27/01/2012	18	26	12,2	77
27/01/2012	19	31	11,7	71
27/01/2012	20	25	11,7	70
27/01/2012	21	34	11,9	67
27/01/2012	22	40	11,9	68
27/01/2012	23	48	11,8	68
28/01/2012	00	46	11,5	71
28/01/2012	01	47	11,5	72
28/01/2012	02	42	11,3	74
28/01/2012	03	29	10,7	81
28/01/2012	04	21	10,1	85
28/01/2012	05	19	10,1	85
28/01/2012	06	24	10,2	82
28/01/2012	07	17	10,1	83
28/01/2012	08	14	10	83
28/01/2012	09	13	10,5	81
28/01/2012	10	14	11,2	76
28/01/2012	11	29	12,5	66
28/01/2012	12	39	14,5	56
28/01/2012	13	48	15,8	48
28/01/2012	14	57	15,4	48
28/01/2012	15	49	15	52
28/01/2012	16	55	14,9	52
28/01/2012	17	52	13,1	59
28/01/2012	18	24	11,1	70
28/01/2012	19	8	9,5	78
28/01/2012	20	5	8,2	83
28/01/2012	21	6	7,4	83
28/01/2012	22	8	6,5	84
28/01/2012	23	7	6,6	84
29/01/2012	00	38	9	60
29/01/2012	01	65	10,6	45
29/01/2012	02	63	10	48
29/01/2012	03	63	9,6	50
29/01/2012	04	64	9,3	48
29/01/2012	05	60	8,6	51
29/01/2012	06	69	9,2	43
29/01/2012	07	62	8,3	48
29/01/2012	08	59	8,1	49
29/01/2012	09	65	10,7	37
29/01/2012	10	66	12	32
29/01/2012	11	66	13,3	29
29/01/2012	12	67	14,1	26
29/01/2012	13	69	14,5	25
29/01/2012	14	70	14,5	24
29/01/2012	15	71	14	23
29/01/2012	16	70	13,8	25
29/01/2012	17	67	12,2	28
29/01/2012	18	65	10,9	30
29/01/2012	19	62	10	33
29/01/2012	20	65	9,5	36
29/01/2012	21	67	9,1	37
29/01/2012	22	68	8,7	37
29/01/2012	23	68	8,4	37
30/01/2012	00	68	8,2	37
30/01/2012	01	68	8,1	37
30/01/2012	02	68	7,8	38
30/01/2012	03	67	7,5	39
30/01/2012	04	64	6,7	40
30/01/2012	05	61	6,3	42
30/01/2012	06	54	5,3	46
30/01/2012	07	38	5	48
30/01/2012	08	14	4	56
30/01/2012	09	29	7,9	43
30/01/2012	10	51	11	34
30/01/2012	11	65	13,9	24
30/01/2012	12	70	15,6	19
30/01/2012	13	74	16,3	15
30/01/2012	14	74	16,7	16
30/01/2012	15	76	16,6	16
30/01/2012	16	73	15,9	18
30/01/2012	17	53	13,5	27
30/01/2012	18	32	11,2	34
30/01/2012	19	4	8,9	46
30/01/2012	20	5	6,8	55
30/01/2012	21	6	5,7	62
30/01/2012	22	8	4,5	66
30/01/2012	23	22	4,1	65
31/01/2012	00	24	3,7	67
31/01/2012	01	21	3,3	68
31/01/2012	02	28	2,6	69
31/01/2012	03	33	2,4	68
31/01/2012	04	32	2,7	65
31/01/2012	05	28	2,3	69
31/01/2012	06	14	2,2	70
31/01/2012	07	3	2	73
31/01/2012	08	4	2,5	73
31/01/2012	09	8	8,2	52
31/01/2012	10	23	13,6	38
31/01/2012	11	52	16,5	30
31/01/2012	12	58	18,6	27
31/01/2012	13	60	19,4	25
31/01/2012	14	60	18,3	27
31/01/2012	15	65	18	27
31/01/2012	16	60	17,9	28
31/01/2012	17	64	17,8	26
31/01/2012	18	30	15,4	34
31/01/2012	19	5	13,7	37
31/01/2012	20	15	13,5	36
31/01/2012	21	12	11,1	46
31/01/2012	22	5	8,5	58
31/01/2012	23	6	7,4	62
01/02/2012	00	36	8,6	53
01/02/2012	01	47	8,3	54
01/02/2012	02	46	7,7	57
01/02/2012	03	51	9,1	51
01/02/2012	04	45	7,9	55
01/02/2012	05	25	5,7	66
01/02/2012	06	12	5,9	64
01/02/2012	07	13	5,5	66
01/02/2012	08	4	4,9	71
01/02/2012	09	15	11	46
01/02/2012	10	34	14,1	39
01/02/2012	11	50	17	34
01/02/2012	12	64	18,9	29
01/02/2012	13	73	20,3	27
01/02/2012	14	73	20,5	27
01/02/2012	15	76	20,8	27
01/02/2012	16	74	19,7	29
01/02/2012	17	69	18,4	32
01/02/2012	18	64	16,2	36
01/02/2012	19	51	14,9	41
01/02/2012	20	30	14,4	43
01/02/2012	21	14	13,4	49
01/02/2012	22	38	12,7	65
01/02/2012	23	30	11	78
02/02/2012	00	38	11,3	72
02/02/2012	01	48	11,3	68
02/02/2012	02	48	10,8	62
02/02/2012	03	60	10,5	54
02/02/2012	04	56	9,8	57
02/02/2012	05	51	8,8	55
02/02/2012	06	57	8,3	44
02/02/2012	07	53	7,5	39
02/02/2012	08	53	6,7	39
02/02/2012	09	61	6,6	38
02/02/2012	10	61	7,3	35
02/02/2012	11	63	8,9	31
02/02/2012	12	69	11,2	25
02/02/2012	13	72	11,5	23
02/02/2012	14	75	11,3	23
02/02/2012	15	76	11	23
02/02/2012	16	75	10,1	24
02/02/2012	17	71	8,3	27
02/02/2012	18	59	6,6	30
02/02/2012	19	56	5,9	31
02/02/2012	20	51	5,1	34
02/02/2012	21	57	4,3	38
02/02/2012	22	66	4,3	36
02/02/2012	23	69	4	36
03/02/2012	00	69	3,5	40
03/02/2012	01	69	3,4	41
03/02/2012	02	69	3,1	44
03/02/2012	03	69	2,9	43
03/02/2012	04	69	2,8	42
03/02/2012	05	66	2,5	41
03/02/2012	06	66	2,3	41
03/02/2012	07	64	2,1	41
03/02/2012	08	55	2,5	39
03/02/2012	09	58	4,4	36
03/02/2012	10	67	7,1	29
03/02/2012	11	69	8,6	26
03/02/2012	12	72	9,5	24
03/02/2012	13	72	10,4	22
03/02/2012	14	74	11	19
03/02/2012	15	76	10,9	16
03/02/2012	16	75	10,1	15
03/02/2012	17	71	8,4	16
03/02/2012	18	67	6,2	16
03/02/2012	19	70	5,1	15
03/02/2012	20	73	4,1	15
03/02/2012	21	73	3,2	16
03/02/2012	22	75	2,7	18
03/02/2012	23	76	2,7	23
04/02/2012	00	76	2,5	27
04/02/2012	01	76	2,5	27
04/02/2012	02	76	2,6	24
04/02/2012	03	71	1,5	23
04/02/2012	04	72	1,8	20
04/02/2012	05	72	1,9	21
04/02/2012	06	73	2,1	23
04/02/2012	07	71	2,2	26
04/02/2012	08	67	2,7	27
04/02/2012	09	69	5,2	24
04/02/2012	10	68	7,4	21
04/02/2012	11	69	9	21
04/02/2012	12	71	10	21
04/02/2012	13	71	10,7	19
04/02/2012	14	73	10,6	20
04/02/2012	15	74	10,5	20
04/02/2012	16	75	10,1	20
04/02/2012	17	72	8,7	23
04/02/2012	18	72	7,4	26
04/02/2012	19	71	6,9	29
04/02/2012	20	70	6,6	29
04/02/2012	21	71	6,2	28
04/02/2012	22	69	5,5	30
04/02/2012	23	67	4,9	33
05/02/2012	00	68	5,1	33
05/02/2012	01	73	5,4	31
05/02/2012	02	74	5,3	36
05/02/2012	03	73	5,5	37
05/02/2012	04	74	5,6	36
05/02/2012	05	76	6,1	33
05/02/2012	06	70	5,2	36
05/02/2012	07	51	2,1	50
05/02/2012	08	18	2,2	54
05/02/2012	09	44	8,1	35
05/02/2012	10	52	8,1	40
05/02/2012	11	74	9,5	39
05/02/2012	12	75	10,3	37
05/02/2012	13	71	9,4	48
05/02/2012	14	70	9,2	51
05/02/2012	15	72	10,1	49
05/02/2012	16	71	11,7	43
05/02/2012	17	71	13,3	35
05/02/2012	18	68	12,4	37
05/02/2012	19	67	11,8	41
05/02/2012	20	67	11,6	41
05/02/2012	21	71	11,4	39
05/02/2012	22	74	11,2	38
05/02/2012	23	73	10,7	39
06/02/2012	00	72	10,4	39
06/02/2012	01	73	10,3	37
06/02/2012	02	75	10,3	35
06/02/2012	03	75	10,2	34
06/02/2012	04	74	10	36
06/02/2012	05	72	9,9	36
06/02/2012	06	68	9,8	36
06/02/2012	07	61	10	34
06/02/2012	08	56	10,7	32
06/02/2012	09	63	12,6	29
06/02/2012	10	63	13,9	27
06/02/2012	11	67	15	27
06/02/2012	12	69	14,8	25
06/02/2012	13	73	15,4	27
06/02/2012	14	75	16,8	28
06/02/2012	15	67	14,6	33
06/02/2012	16	60	14	38
06/02/2012	17	45	13,2	41
06/02/2012	18	50	12,4	43
06/02/2012	19	51	11,9	44
06/02/2012	20	44	11,4	46
06/02/2012	21	63	11,8	41
06/02/2012	22	60	11,3	44
06/02/2012	23	63	10,6	44
07/02/2012	00	68	10,1	40
07/02/2012	01	69	10,3	37
07/02/2012	02	72	10,3	32
07/02/2012	03	72	9,8	31
07/02/2012	04	75	9,5	26
07/02/2012	05	75	9,3	25
07/02/2012	06	69	9,4	24
07/02/2012	07	59	9,2	25
07/02/2012	08	63	9,4	26
07/02/2012	09	59	10,4	26
07/02/2012	10	66	12,1	24
07/02/2012	11	67	13,2	23
07/02/2012	12	69	14,1	21
07/02/2012	13	69	15,2	17
07/02/2012	14	72	15,2	16
07/02/2012	15	73	14,5	17
07/02/2012	16	73	13,5	18
07/02/2012	17	71	11,9	19
07/02/2012	18	70	10,3	21
07/02/2012	19	69	9,3	22
07/02/2012	20	72	8,2	20
07/02/2012	21	75	7,4	20
07/02/2012	22	77	6,7	19
07/02/2012	23	77	6,2	18
08/02/2012	00	78	5,8	17
08/02/2012	01	80	5,6	17
08/02/2012	02	80	5,1	19
08/02/2012	03	73	3,3	24
08/02/2012	04	57	1,1	32
08/02/2012	05	35	-,3	42
08/02/2012	06	28	-,9	46
08/02/2012	07	7	-1,2	47
08/02/2012	08	13	1,8	32
08/02/2012	09	61	6,8	19
08/02/2012	10	71	9,7	17
08/02/2012	11	80	10,3	15
08/02/2012	12	82	12,1	14
08/02/2012	13	87	12,1	13
08/02/2012	14	67	11,6	15
08/02/2012	15	60	11,3	19
08/02/2012	16	68	10,3	22
08/02/2012	17	71	8,9	25
08/02/2012	18	47	7	34
08/02/2012	19	10	4,9	44
08/02/2012	20	6	3,6	50
08/02/2012	21	8	2,4	55
08/02/2012	22	28	1,3	57
08/02/2012	23	29	0,6	58
09/02/2012	00	34	0,3	58
09/02/2012	01	36	0	58
09/02/2012	02	43	0,5	54
09/02/2012	03	48	1,3	55
09/02/2012	04	53	1,4	56
09/02/2012	05	45	0,8	59
09/02/2012	06	21	-,2	62
09/02/2012	07	8	-,6	62
09/02/2012	08	8	0,8	56
