Red: Red de Vigilancia y Control de la Contaminación Atmosférica
Estación: 03065003-Elx
	
FECHA	HORA	SO2	PST	CO	NO	NO2	NOx	O3
		µg/m³	µg/m³	mg/m³	µg/m³	µg/m³	µg/m³	µg/m³
01/01/2001	01	3	57	1,9				4
01/01/2001	02	4	76	2,7	55	27	112	5
01/01/2001	03	4	103	2,5	61	22	115	4
01/01/2001	04	3	76	1,7	29	21	66	5
01/01/2001	05	3	55	0,8	4	17	23	10
01/01/2001	06	3	33	0,8	3	13	17	14
01/01/2001	07	3	46	0,8	7	14	25	12
01/01/2001	08	3	47	0,8	4	13	18	15
01/01/2001	09	3	36	0,6	3	10	13	21
01/01/2001	10	3	31	0,6	4	9	16	30
01/01/2001	11	3	31	1	10	22	37	32
01/01/2001	12	3	34	1	8	15	28	39
01/01/2001	13	3	48	1	9	16	29	46
01/01/2001	14	3	49	1	7	19	30	51
01/01/2001	15	3	48	1	5	14	22	52
01/01/2001	16	3	28	0,7	4	15	20	50
01/01/2001	17	3	49	0,7	2	14	15	43
01/01/2001	18	3	74	1	8	29	40	14
01/01/2001	19	3	92	1,7	43	36	102	5
01/01/2001	20	3	93	1,2	13	28	47	8
01/01/2001	21	3	79	1,2	11	27	44	7
01/01/2001	22	3	90	1,2	8	23	35	9
01/01/2001	23	3	75	1,2	9	22	36	6
02/01/2001	00	3	67	1	10	20	35	11
02/01/2001	01	3	64	0,8	3	17	21	8
02/01/2001	02	3	49	0,7	2	14	16	17
02/01/2001	03	3	62	0,6	3	14	19	18
02/01/2001	04	3	45	0,6	2	12	13	16
02/01/2001	05	3	47	0,7	7	15	25	12
02/01/2001	06	3	19	1,2	17	23	49	7
02/01/2001	07	4	34	3,1	58	31	118	5
02/01/2001	08	9	56	5,3	127	40	234	6
02/01/2001	09	10	111	3,6	135	58	265	5
02/01/2001	10	7	127	1,7	53	43	124	13
02/01/2001	11	7	70	0,5	11	19	35	55
02/01/2001	12	5	112	0,5	11	17	35	61
02/01/2001	13	4	182	0,6	4	14	20	61
02/01/2001	14	4	125	0,7	3	9	13	63
02/01/2001	15	3	100		3	9	13	64
02/01/2001	16	3	52	0,4	9	8	20	65
02/01/2001	17	3	57	0,5	7	19	29	51
02/01/2001	18	3	30	0,8	8	39	51	17
02/01/2001	19	3	16	1,1	17	36	63	20
02/01/2001	20	4	34	1,3	19	38	67	21
02/01/2001	21	4	27	1,7	33	44	94	14
02/01/2001	22	5	60	1,8	36	39	95	9
02/01/2001	23	3	61	1,3	23	35	70	8
03/01/2001	00	3	54	0,6	5	17	25	31
03/01/2001	01	3	23	0,4				41
03/01/2001	02	3	20	0,3	2	4	6	52
03/01/2001	03	3	28	0,4	3	8	11	43
03/01/2001	04	3	20	0,3	3	15	19	30
03/01/2001	05	3	13	0,4	6	19	29	17
03/01/2001	06	3	35	0,7	10	26	41	9
03/01/2001	07	5	48	1,6	62	48	143	5
03/01/2001	08	6	69	1,9	75	50	166	6
03/01/2001	09	5	109	1,5	42	46	111	14
03/01/2001	10	4	165	0,4	7	21	32	40
03/01/2001	11	9	77	1,3	36	40	95	23
03/01/2001	12	10	97	1,2	27	40	81	27
03/01/2001	13	9	109	0,8	14	25	47	50
03/01/2001	14	4	120	0,5	3	8	12	64
03/01/2001	15	4	52	0,8	10	17	32	57
03/01/2001	16	4	52	1,1	13	27	48	44
03/01/2001	17	4	56	1,3	18	42	70	22
03/01/2001	18	3	65	1,2	12	40	59	9
03/01/2001	19	4	91	2	52	50	130	6
03/01/2001	20	7	92	3,3	122	49	235	6
03/01/2001	21	7	97	3	109	42	209	5
03/01/2001	22	4	81	0,9	14	32	52	7
03/01/2001	23	3	57	0,7	5	27	34	9
04/01/2001	00	3	58	0,9	6	27	36	9
04/01/2001	01	3	71	0,6	4	21	26	13
04/01/2001	02	3	50	0,7	2	19	21	10
04/01/2001	03	3	43	0,5	4	15	19	14
04/01/2001	04	3	32	0,5	2	15	16	13
04/01/2001	05	3	34	0,6	3	19	24	7
04/01/2001	06	3	46	1	9	20	33	7
04/01/2001	07	4	32	2	46	32	101	6
04/01/2001	08	7	51	4,1	106	40	201	5
04/01/2001	09	6	116	2,5	73	39	151	7
04/01/2001	10	7	100	1,7	40	39	101	16
04/01/2001	11	8	113	1,7	31	34	82	20
04/01/2001	12	8	82	1,6	26	32	72	26
04/01/2001	13	9	71	2	45	50	119	19
04/01/2001	14	11	98	2,7	42	45	109	18
04/01/2001	15	8	99		37	39	95	22
04/01/2001	16	8	93	2	41	50	113	13
04/01/2001	17	5	110	1,9	42	42	105	6
04/01/2001	18	6	112	2,2	84	41	171	6
04/01/2001	19	7	144	2,3	108	42	208	6
04/01/2001	20	4	137	0,9	10	32	47	12
04/01/2001	21	3	50	0,4	2	18	21	27
04/01/2001	22	3	44	0,4	2	10	10	40
04/01/2001	23	3	24	0,3	2	5	6	49
05/01/2001	00	3	19	0,4	3	7	10	51
05/01/2001	01		16	0,3				42
05/01/2001	02	3	15	0,6	7	22	32	16
05/01/2001	03	3	22	0,4	8	22	35	15
05/01/2001	04	3	27	0,2	2	13	15	32
05/01/2001	05	3	21	0,3	4	16	21	21
05/01/2001	06	3	22	0,6	8	19	31	22
05/01/2001	07	3	17	1,9	46	37	109	5
05/01/2001	08	9	77	3,7	185	96	379	7
05/01/2001	09	7	134	2,4	98	43	193	6
05/01/2001	10	10	125	2,5	94	49	194	7
05/01/2001	11	11	189	2,5	96	54	201	6
05/01/2001	12	9	168	2	52	42	122	9
05/01/2001	13	11	110	2,7	81	52	175	6
05/01/2001	14	10	145	2,7	64	49	147	10
05/01/2001	15	7	164	1,7	32	49	98	9
05/01/2001	16	4	128	1,1	16	36	60	9
05/01/2001	17	3	114	1,2	30	37	83	5
05/01/2001	18	5	154	2,7	83	41	168	5
05/01/2001	19	9	144	4,5	153	50	284	6
05/01/2001	20	9	154	4,4	145	45	267	6
05/01/2001	21	11	175	6,1	183	44	324	7
05/01/2001	22	11	196	5,1	168	39	297	5
05/01/2001	23	10	177	4,6	168	35	292	6
06/01/2001	00	8	165	4,2	139	31	244	5
06/01/2001	01	7	151	3,8	115	30	206	5
06/01/2001	02	6	130	3,5	103	28	186	4
06/01/2001	03	4	109	2,8	71	25	134	4
06/01/2001	04	3	78	2,1	52	23	102	4
06/01/2001	05	4	75	2,3	54	20	102	4
06/01/2001	06	3	83	1,8	42	17	82	4
06/01/2001	07	3	70	1,6	44	19	86	4
06/01/2001	08	3	58	1	32	20	68	5
06/01/2001	09	3	57	1,1	28	21	64	7
06/01/2001	10	3	61	1,1	19	22	51	6
06/01/2001	11	4	62	2,4	36	33	88	10
06/01/2001	12	5	84	2,6	40	38	100	11
06/01/2001	13	5	104	2,6	38	40	98	11
06/01/2001	14	3	101	1,5	14	32	53	12
06/01/2001	15	3	101		17	36	63	10
06/01/2001	16	3	85	1,7	18	38	65	8
06/01/2001	17	3	77	0,3	2	6	8	47
06/01/2001	18	3	53	0,2	2	4	6	55
06/01/2001	19	3	99	0,1	2	4	6	59
06/01/2001	20	3	132	0,2	2	4	6	61
06/01/2001	21	3	72	0,1	2	4	6	58
06/01/2001	22	3	23	0,2	2	6	8	57
06/01/2001	23	3	16	0,3	3	8	11	52
07/01/2001	00	3	16	0,6	5	15	23	41
07/01/2001	01		18	0,7				34
07/01/2001	02	3	20	0,3	3	5	8	50
07/01/2001	03	3	15	0,2	2	4	6	53
07/01/2001	04	3	27	0,6	2	10	14	35
07/01/2001	05	3	25	0,8	10	17	32	21
07/01/2001	06	3	26	0,7	9	14	27	24
07/01/2001	07	3	28	0,7	7	12	23	33
07/01/2001	08	3	17	0,3	4	7	13	44
07/01/2001	09	3	6	0,3	4	5	12	49
07/01/2001	10	3	9	0,3	4	4	9	54
07/01/2001	11	3	23	0,2	2	4	7	59
07/01/2001	12	3	40	0,1	2	4	6	57
07/01/2001	13	3	23	0,3	3	5	8	59
07/01/2001	14	3	49	0,2	2	4	6	61
07/01/2001	15	3	52	0,2	2	4	6	64
07/01/2001	16	3	34	0,2	2	4	6	62
07/01/2001	17	3	34	0,1	2	4	6	62
07/01/2001	18	3	26	0,2	3	5	7	57
07/01/2001	19	3	16	0,2	3	5	9	55
07/01/2001	20	3	33	0,1	2	4	6	59
07/01/2001	21	3	54	0,1	2	4	6	61
07/01/2001	22	3	58	0,1	2	4	6	61
07/01/2001	23	3	36	0,1	2	4	6	62
08/01/2001	00	3	34	0,5	8	14	26	44
08/01/2001	01	3	15	0,2	3	5	8	58
08/01/2001	02	3	21	0,1	3	5	8	55
08/01/2001	03	3	29	0,1	2	4	6	61
08/01/2001	04	3	15	0,2	3	4	7	56
08/01/2001	05	3	12	0,2	2	4	6	53
08/01/2001	06	3	23	0,4	6	10	19	42
08/01/2001	07	3	26	0,9	14	18	40	35
08/01/2001	08	8	126	3,3	152	59	292	9
08/01/2001	09	7	284	2,4	96	52	199	14
08/01/2001	10	3	189	0,5	13	15	35	44
08/01/2001	11	4	90	0,4	15	18	41	50
08/01/2001	12	4	113	0,4	13	16	35	53
08/01/2001	13	3	140	0,4	6	10	19	58
08/01/2001	14	3	125	0,5	3	5	9	61
08/01/2001	15	4	92		12	17	35	50
08/01/2001	16	3	136	0,8	14	25	45	44
08/01/2001	17	5	144	1,2	31	43	91	24
08/01/2001	18	7	71	1,6	41	47	109	10
08/01/2001	19	6	89	2,2	65	47	147	7
08/01/2001	20	6	77	2,3	66	43	143	7
08/01/2001	21	6	96	3,2	126	43	237	6
08/01/2001	22	3	98	0,9	23	30	64	7
08/01/2001	23	3	72	0,5	4	19	26	16
09/01/2001	00	3	36	0,4	3	13	18	25
09/01/2001	01		21	0,3				30
09/01/2001	02	3	23	0,3	2	11	11	29
09/01/2001	03	3	36	0,2	2	11	11	27
09/01/2001	04	3	24	0,2	2	9	9	29
09/01/2001	05	3	21	0,3	2	11	11	24
09/01/2001	06	3	30	0,3	2	16	17	16
09/01/2001	07	3	30	0,7	14	26	47	7
09/01/2001	08	5	44	1	50	49	125	7
09/01/2001	09	5	117	0,7	25	35	74	12
09/01/2001	10	6	134	0,4	19	31	59	24
09/01/2001	11	13	92	1,2	33	41	91	29
09/01/2001	12	13	84	1,2	28	39	82	32
09/01/2001	13	8	78	1,4	16	30	54	45
09/01/2001	14	8	73	1,2	14	25	47	45
09/01/2001	15	7	53	1,3	15	30	53	42
09/01/2001	16	5	46	1,3	18	32	59	37
09/01/2001	17	5	61	1,4	23	41	76	23
09/01/2001	18	3	67	0,9	4	29	34	18
09/01/2001	19	3	78	1,3	8	35	47	8
09/01/2001	20	6	83	3,1	86	44	176	6
09/01/2001	21	6	110	2,3	78	43	163	4
09/01/2001	22	4	120	1,1	19	34	62	4
09/01/2001	23	3	76	0,8	6	31	40	4
10/01/2001	00	3	72	0,7	5	27	34	6
10/01/2001	01	3	68	0,6	2	16	18	11
10/01/2001	02	3	51	0,4	2	14	15	14
10/01/2001	03	4	65	0,4	2	11	13	22
10/01/2001	04	3	55	0,5	3	11	13	19
10/01/2001	05	3	47	0,6	3	15	17	11
10/01/2001	06	3	55	1	14	21	42	4
10/01/2001	07	7	53	2,9	106	33	195	5
10/01/2001	08	15	118	6,8	188	53	340	7
10/01/2001	09	15	247	6	175	51	319	5
10/01/2001	10	8	230	1,5	51	34	112	6
10/01/2001	11	17	123	2,2	78	60	180	10
10/01/2001	12	15	160	1,6	36	33	89	19
10/01/2001	13	13	122	2,3	33	46	96	24
10/01/2001	14	12	127	1,8	26	37	75	28
10/01/2001	15	10	98		26	41	81	23
10/01/2001	16	7	97	1,6	23	42	78	19
10/01/2001	17	5	110	0,8	4	29	34	16
10/01/2001	18	3	118	1	9	31	44	7
10/01/2001	19	6	138	2,5	84	38	167	5
10/01/2001	20	6	122	2,3	70	35	141	5
10/01/2001	21	7	109	3	81	33	157	5
10/01/2001	22	5	99	2	45	33	103	4
10/01/2001	23	4	101	1,1	17	31	56	4
11/01/2001	00	4	82	1,3	26	25	66	4
11/01/2001	01		79	0,9				3
11/01/2001	02	3	71	0,7	7	16	27	8
11/01/2001	03	3	63	0,5	3	15	18	13
11/01/2001	04	3	61	0,6	10	18	33	7
11/01/2001	05	3	55	0,7	13	17	38	3
11/01/2001	06	3	66	0,8	14	19	40	3
11/01/2001	07	3	72	1,2	36	23	77	4
11/01/2001	08	6	97	2,7	72	34	144	4
11/01/2001	09	8	160	2,6	104	40	200	5
11/01/2001	10	5	168	1,6	36	29	83	7
11/01/2001	11	7	125	0,9	16	25	49	15
11/01/2001	12	8	111	1,2	18	31	57	15
11/01/2001	13	7	106	1,4	16	30	54	14
11/01/2001	14	5	100	1,4	15	30	52	16
11/01/2001	15	5	92	1,1	9	25	39	17
11/01/2001	16	4	77	1,1	11	22	40	11
11/01/2001	17	3	78	1	12	26	45	6
11/01/2001	18	3	73	1,1	21	30	62	4
11/01/2001	19	4	89	1,7	43	32	97	4
11/01/2001	20	4	117	1,9	48	32	105	4
11/01/2001	21	4	112	1,4	27	29	70	4
11/01/2001	22	3	86	1,6	26	27	66	6
11/01/2001	23	3	80	1,2	10	28	43	16
12/01/2001	00	3	40	0,9	6	21	30	21
12/01/2001	01	3	30	0,5	2	8	9	40
12/01/2001	02	3	25	0,5	2	8	10	37
12/01/2001	03	3	29	0,5	2	11	13	32
12/01/2001	04	3	32	0,5	2	9	10	32
12/01/2001	05	3	28	0,5	2	13	14	18
12/01/2001	06	3	26	0,6	4	16	22	11
12/01/2001	07	4	51	1,7	37	26	82	5
12/01/2001	08	4	82	1,5	36	30	84	5
12/01/2001	09	3	100	1,4	25	36	73	7
12/01/2001	10	3	80	1,3	27	31	72	7
12/01/2001	11	3	57	1,1	13	25	45	15
12/01/2001	12	3	47	1	9	21	35	21
12/01/2001	13	3	40	1,4	12	24	43	23
12/01/2001	14	3	42	1	5	20	29	34
12/01/2001	15	3	42		4	16	21	37
12/01/2001	16	3	25	0,6	6	25	34	20
12/01/2001	17	3	35	0,6	11	30	48	8
12/01/2001	18	3	39	0,7	20	35	66	4
12/01/2001	19	3	33	1	31	34	81	4
12/01/2001	20	3	44	1,2	39	33	92	4
12/01/2001	21	3	44	1,1	22	28	61	4
12/01/2001	22	3	37	0,7	12	28	46	5
12/01/2001	23	3	32	0,5	5	25	33	10
13/01/2001	00	3	25	0,6	5	20	28	8
13/01/2001	01		33	0,5				11
13/01/2001	02	3	32	0,3	2	10	14	22
13/01/2001	03	3	36	0,3	3	10	14	22
13/01/2001	04	3	34	0,1	2	5	7	37
13/01/2001	05	3	23	0,1	2	4	6	45
13/01/2001	06	3	23	0,2	2	4	7	44
13/01/2001	07	3	25	0,3	2	4	9	48
13/01/2001	08	3	17	0,3	3	5	9	49
13/01/2001	09	3	25	0,3	4	5	10	49
13/01/2001	10	3	25	0,3	4	6	11	46
13/01/2001	11	3	39	0,3	3	6	11	49
13/01/2001	12	3	32	0,4	3	6	10	53
13/01/2001	13	3	33	0,4	2	4	7	54
13/01/2001	14	3	26	0,4	2	4	7	56
13/01/2001	15	3	28	0,4	3	4	7	59
13/01/2001	16	3	31	0,4	2	5	7	56
13/01/2001	17	3	34	0,7	3	14	18	40
13/01/2001	18	3	41	0,9	4	25	31	18
13/01/2001	19	3	40	0,7	4	16	22	27
13/01/2001	20	3	40	0,7	5	16	23	23
13/01/2001	21	3	58	0,8	8	23	36	12
13/01/2001	22	3	71	0,9	11	25	42	7
13/01/2001	23	3	52	1,5	32	28	75	5
14/01/2001	00	3	72	1,4	18	24	51	9
14/01/2001	01	3	81	0,9	9	20	34	10
14/01/2001	02	3	50	0,6	5	15	23	18
14/01/2001	03	3	29	0,5	4	8	13	25
14/01/2001	04	3	31	0,4	4	7	12	27
14/01/2001	05	3	31	0,4	4	5	10	30
14/01/2001	06	3	34	0,4	4	4	9	32
14/01/2001	07	3	35	0,3	4	5	10	30
14/01/2001	08	3	29	0,4	4	7	13	28
14/01/2001	09	3	21	0,4	5	5	12	34
14/01/2001	10	3	25	0,3	6	5	12	40
14/01/2001	11	3	26	0,4	4	5	11	42
14/01/2001	12	3	20	0,5	7	11	22	44
14/01/2001	13	3	28	1,1	13	16	36	45
14/01/2001	14	3	46	1,4	13	19	38	47
14/01/2001	15	3	50		8	12	24	53
14/01/2001	16	3	45	0,8	8	16	30	54
14/01/2001	17	3	36	0,6	4	13	17	56
14/01/2001	18	3	38	0,5	3	16	21	54
14/01/2001	19	3	37	0,8	13	21	41	50
14/01/2001	20	3	29	0,7	10	21	36	42
14/01/2001	21	3	30	0,7	8	27	40	21
14/01/2001	22	3	27	0,6	9	18	33	37
14/01/2001	23	3	30	0,9	9	22	36	21
15/01/2001	00	3	35	0,8	6	19	28	24
15/01/2001	01		23	0,5				43
15/01/2001	02	3	23	0,4	3	17	22	28
15/01/2001	03	3	26	0,2	3	14	18	31
15/01/2001	04	3	34	0,1	2	8	11	42
15/01/2001	05	3	31	0,1	2	6	7	50
15/01/2001	06	3	24	0,3	3	13	16	28
15/01/2001	07	3	33	0,8	19	27	56	22
15/01/2001	08	5	44	2,5	64	30	128	30
15/01/2001	09	3	48	0,9	23	26	61	25
15/01/2001	10	3	45	0,4	12	22	40	27
15/01/2001	11	4	45	0,4	11	21	39	41
15/01/2001	12	4	45	0,4	8	16	28	51
15/01/2001	13	7	59	0,9	15	25	49	47
15/01/2001	14	5	71	1,1	17	29	55	35
15/01/2001	15	5	88	1,1	14	27	48	38
15/01/2001	16	3	81	0,6	5	23	31	49
15/01/2001	17	3	62	0,6	8	28	40	35
15/01/2001	18	3	55	0,8	12	35	53	28
15/01/2001	19	3	76	0,9	27	41	82	19
15/01/2001	20	3	87	0,8	21	39	72	7
15/01/2001	21	3	57	0,6	8	26	38	39
15/01/2001	22	3	30	0,5	4	26	32	24
15/01/2001	23	3	21	0,2	2	13	16	42
16/01/2001	00	3	19	0,2	2	12	15	43
16/01/2001	01	3	12	0,1	2	8	10	51
16/01/2001	02	3	16	0,1	2	4	6	62
16/01/2001	03	3	12	0,1	2	6	8	57
16/01/2001	04	3	22	0,1	2	4	6	51
16/01/2001	05	3	17	0,1	2	6	9	58
16/01/2001	06	3	23	0,2	3	9	12	50
16/01/2001	07	3	29	0,8	16	21	45	42
16/01/2001	08	3	42	1,1	22	30	63	33
16/01/2001	09	3	57	0,8	13	29	49	28
16/01/2001	10	3	37	0,3	7	16	27	46
16/01/2001	11	3	31	0,4	11	19	36	47
16/01/2001	12	4	51	0,7	19	23	52	50
16/01/2001	13	4	47	0,3	4	11	16	55
16/01/2001	14	4	36	0,4	4	12	18	55
16/01/2001	15	3	36		4	15	21	59
16/01/2001	16	4	28	0,4	7	15	25	55
16/01/2001	17	3	33	0,4	3	20	24	55
16/01/2001	18	3	43	0,6	10	31	47	36
16/01/2001	19	5	84	2,6	60	47	140	18
16/01/2001	20	6	104	2,5	71	46	156	22
16/01/2001	21	8	128	2,9	101	43	198	23
16/01/2001	22	9	131	3,1	115	41	218	24
16/01/2001	23	5	125	0,9	26	30	70	25
17/01/2001	00	3	92	0,3	3	17	22	43
17/01/2001	01		39	0,3				47
17/01/2001	02	3	27	0,2	2	6	7	50
17/01/2001	03	3	31	0,3	3	9	12	39
17/01/2001	04	3	25	0,2	2	5	6	52
17/01/2001	05	3	24	0,2	2	6	8	51
17/01/2001	06	3	27	0,4	3	17	21	31
17/01/2001	07	4	45	1,6	40	39	100	12
17/01/2001	08	9	77	4,3	122	58	244	10
17/01/2001	09	8	132	2,8	75	52	168	12
17/01/2001	10	5	106	1	23	33	69	27
17/01/2001	11	7	58	1,1	28	33	75	30
17/01/2001	12	5	36	0,3	2	10	12	55
17/01/2001	13	3	33	0,6	3	13	17	52
17/01/2001	14	4	32	0,3	2	7	8	56
17/01/2001	15	3	28	0,3	2	8	8	59
17/01/2001	16	3	30	0,2	2	8	9	61
17/01/2001	17	3	34	0,3	2	12	13	63
17/01/2001	18	3	45	0,3	2	14	15	64
17/01/2001	19	3	36	0,4	3	18	21	50
17/01/2001	20	5	40	1,7	29	38	83	21
17/01/2001	21	4	64	0,9	6	33	43	23
17/01/2001	22	4	64	0,8	10	32	47	26
17/01/2001	23	3	67	0,3	2	16	17	42
18/01/2001	00	3	30	0,2	2	7	9	56
18/01/2001	01	3	29	0,1	2	6	7	57
18/01/2001	02	3	23	0,2	2	4	6	57
18/01/2001	03	3	19	0,2	2	8	9	50
18/01/2001	04	3	21	0,2	2	6	7	49
18/01/2001	05	3	20	0,3	2	4	6	55
18/01/2001	06	3	12	0,3	2	10	11	41
18/01/2001	07	3	12	0,5	6	23	31	21
18/01/2001	08	4	33	0,6	14	31	53	11
18/01/2001	09	3	48	0,9	17	32	58	12
18/01/2001	10	3	42	0,6	12	29	47	15
18/01/2001	11	4	50	0,9	23	34	69	18
18/01/2001	12	7	70	1,7	55	41	125	10
18/01/2001	13	9	111	2	48	50	123	16
18/01/2001	14	6	120	2,1	35	43	97	18
18/01/2001	15	6	99		41	43	106	19
18/01/2001	16	5	87	1,5	30	40	85	20
18/01/2001	17	4	64	1,3	30	40	85	13
18/01/2001	18	5	73	1,6	50	40	117	7
18/01/2001	19	7	99	3,1	98	42	193	7
18/01/2001	20	8	132	3,2	141	43	260	7
18/01/2001	21	4	151	1,2	34	36	89	6
18/01/2001	22	5	109	1,7	44	38	105	9
18/01/2001	23	4	86	1,6	42	32	96	10
19/01/2001	00	3	75	1,5	31	28	75	12
19/01/2001	01		70	1,3				18
19/01/2001	02	3	43	0,2	3	9	12	60
19/01/2001	03	3	27	0,2	2	5	7	67
19/01/2001	04	3	29	0,1	2	4	6	71
19/01/2001	05	3	25	0,1	2	4	6	75
19/01/2001	06	3	11	0,2	2	4	6	69
19/01/2001	07	3	9	0,3	2	8	10	59
19/01/2001	08	3	18	0,5	4	10	15	58
19/01/2001	09	3	31	0,4	5	14	21	53
19/01/2001	10	3	29	0,4	7	12	23	50
19/01/2001	11	4	27	0,4	4	9	15	55
19/01/2001	12	4	33	0,3	4	7	12	62
19/01/2001	13	3	35	0,4	2	8	10	58
19/01/2001	14	3	27	0,5	3	6	9	61
19/01/2001	15	3	33	0,2	2	4	6	67
19/01/2001	16	3	39	0,2	2	5	7	63
19/01/2001	17	3	33	0,3	2	10	13	58
19/01/2001	18	3	36	0,8	11	22	38	50
19/01/2001	19	4	34	1,9	32	38	87	25
19/01/2001	20	3	41	1	9	26	40	37
19/01/2001	21	3	29	0,5	3	20	24	45
19/01/2001	22	4	33	1,8	35	38	92	25
19/01/2001	23	4	65	1,8	32	38	87	16
20/01/2001	00	3	54	0,4	3	14	18	42
20/01/2001	01	3	23	0,3	2	6	9	51
20/01/2001	02	3	20	0,2	2	4	7	53
20/01/2001	03	3	31	0,2	2	5	8	49
20/01/2001	04	3	34	0,3	2	4	6	49
20/01/2001	05	3	16	0,2	2	4	6	50
20/01/2001	06	3	17	0,3	2	5	8	48
20/01/2001	07	3	27	0,3	2	7	10	42
20/01/2001	08	3	31	0,3	3	8	12	40
20/01/2001	09	3	27	0,4	4	9	15	39
20/01/2001	10	3	24	0,7	11	16	33	39
20/01/2001	11	3	31	0,6	11	14	31	42
20/01/2001	12	3	28	0,4	3	6	11	56
20/01/2001	13	3	25	0,4	2	5	8	64
20/01/2001	14	3	20	0,4	3	5	8	66
20/01/2001	15	3	20		3	4	7	69
20/01/2001	16	3	18	0,3	2	4	6	69
20/01/2001	17	3	21	0,4	2	12	15	53
20/01/2001	18	4	28	0,8	3	27	32	26
20/01/2001	19	3	38	0,6	4	25	31	30
20/01/2001	20	3	38	0,5	3	14	19	46
20/01/2001	21	3	33	0,4	3	9	13	52
20/01/2001	22	3	25	0,5	4	11	16	47
20/01/2001	23	3	24	0,5	4	11	17	44
21/01/2001	00	3	23	0,5	4	10	16	48
21/01/2001	01		20	0,4				38
21/01/2001	02	3	25	0,5	3	8	10	46
21/01/2001	03	4	22	0,3	2	5	6	47
21/01/2001	04	4	21	0,4	2	6	7	44
21/01/2001	05	3	23	0,3	2	4	6	51
21/01/2001	06	3	18	0,3	2	4	6	48
21/01/2001	07	3	17	0,3	3	8	11	37
21/01/2001	08	4	25	0,3	2	9	10	31
21/01/2001	09	3	21	0,3	2	4	6	45
21/01/2001	10	4	24	0,8	13	14	33	32
21/01/2001	11	8	36	1,5	25	33	71	33
21/01/2001	12	8	38	1,2	13	25	45	45
21/01/2001	13	8	48	1,3	13	28	47	50
21/01/2001	14	7	39	1,3	9	19	33	57
21/01/2001	15	6	40	1,1	7	18	28	51
21/01/2001	16	5	54	1,4	11	23	40	46
21/01/2001	17	4	57	1,6	10	31	46	32
21/01/2001	18	4	46	1,7	15	36	60	13
21/01/2001	19	5	54	2,6	46	47	117	8
21/01/2001	20	6	68	2,7	82	40	165	7
21/01/2001	21	5	71	1,8	49	31	106	6
21/01/2001	22	3	75	1,2	15	26	49	6
21/01/2001	23	3	67	0,8	2	19	22	14
22/01/2001	00	3	61	0,6	2	13	13	21
22/01/2001	01	3	55	0,4	2	6	6	32
22/01/2001	02	3	45	0,4	2	5	6	32
22/01/2001	03	3	48	0,4	3	13	18	19
22/01/2001	04	3	46	0,4	2	5	6	39
22/01/2001	05	3	34	0,4	2	4	6	37
22/01/2001	06	3	26	0,4	2	8	9	32
22/01/2001	07	4	27	1,9	33	30	82	7
22/01/2001	08	7	68	3,3	58	37	126	6
22/01/2001	09	4	84	1,3	27	30	71	10
22/01/2001	10	12	90	2,9	116	51	228	8
22/01/2001	11	10	138	1,7	53	38	120	15
22/01/2001	12	12	111	1,6	40	41	102	21
22/01/2001	13	9	96	1,7	26	34	73	26
22/01/2001	14	8	103	1,6	24	32	69	30
22/01/2001	15	9	90		26	39	79	29
22/01/2001	16	8	101	1,4	24	41	78	22
22/01/2001	17	8	127	2,3	63	56	153	9
22/01/2001	18	9	144	2,2	74	53	167	7
22/01/2001	19	13	189	4,5	197	63	365	8
22/01/2001	20	10	237	2,7	116	48	227	4
22/01/2001	21	5	189	1,3	30	39	85	4
22/01/2001	22	5	115	0,8	9	33	47	6
22/01/2001	23	4	67	0,4	2	13	13	22
23/01/2001	00	3	45	0,3	2	10	10	33
23/01/2001	01		35	0,5				12
23/01/2001	02	3	35	0,5	2	16	17	28
23/01/2001	03	3	40	0,4	4	20	26	17
23/01/2001	04	3	38	0,3	2	18	19	24
23/01/2001	05	3	38	0,2	2	5	6	56
23/01/2001	06	3	33	0,8	7	15	25	31
23/01/2001	07	5	37	2,5	53	36	117	8
23/01/2001	08	11	104	5,6	123	54	241	8
23/01/2001	09	11	178	5,1	116	54	233	7
23/01/2001	10	10	166	2,5	85	55	186	11
23/01/2001	11	9	153	1,3	38	32	91	19
23/01/2001	12	9	109	1,4	33	30	80	25
23/01/2001	13	10	86	1,9	39	40	100	30
23/01/2001	14	9	90	1	7	20	30	52
23/01/2001	15	8	79	1,4	16	31	55	36
23/01/2001	16	6	91	0,9	10	26	41	37
23/01/2001	17	7	88	2,1	48	41	114	20
23/01/2001	18	7	123	2,9	77	47	164	7
23/01/2001	19	10	181	4,1	140	53	267	7
23/01/2001	20	15	217	6,8	272	63	479	9
23/01/2001	21	11	231	4	160	38	283	7
23/01/2001	22	10	184	3,5	151	35	267	6
23/01/2001	23	5	120	1,6	50	28	104	4
24/01/2001	00	3	90	1,4	43	23	88	3
24/01/2001	01	4	72	1,2	48	20	94	6
24/01/2001	02	3	47	0,5	4	15	22	19
24/01/2001	03	3	16	0,4	2	9	10	20
24/01/2001	04	3	18	0,4	3	12	15	12
24/01/2001	05	3	34	0,5	8	15	27	16
24/01/2001	06	3	36	0,9	15	20	43	10
24/01/2001	07	4	32	2,5	75	25	140	12
24/01/2001	08		5	0,4				10
05/03/2001	12	3			4	13	20	
05/03/2001	13	3	53		7	15	25	
05/03/2001	14	3	50		9	15	29	
05/03/2001	15	3	36		9	14	28	
05/03/2001	16	3	30		5	12	19	
05/03/2001	17	3	29		23	31	67	
05/03/2001	18	3	54		18	39	67	
05/03/2001	19	3	96		9	37	50	
05/03/2001	20	3	90		24	43	80	
05/03/2001	21	3	95		25	46	84	
05/03/2001	22	3	86		36	43	98	
05/03/2001	23	3	74		42	39	103	
06/03/2001	00	3	64		28	38	81	
06/03/2001	01	3	46		6	14	22	
06/03/2001	02	3	45		4	20	27	
06/03/2001	03	3	44		4	20	27	
06/03/2001	04	3	40		5	15	22	
06/03/2001	05	3	48		5	20	28	
06/03/2001	06	3	46		5	16	25	
06/03/2001	07	3	39		31	29	76	
06/03/2001	08	3	84		28	33	76	
06/03/2001	09	3	117		27	31	72	
06/03/2001	10	3	89		14	23	44	
06/03/2001	11	4	117		34	45	96	
06/03/2001	12	3	180		18	42	69	
06/03/2001	13	3	107		22	42	75	
06/03/2001	14	3	91		6	18	28	
06/03/2001	15	3	70		10	22	36	
06/03/2001	16	3	69		14	33	54	
06/03/2001	17	3	86		11	26	43	
06/03/2001	18	3	70		3	18	23	
06/03/2001	19	3	72		23	41	77	
06/03/2001	20	3	125		43	42	107	
06/03/2001	21	3	145		95	42	187	
06/03/2001	22	3	133		30	35	81	
06/03/2001	23	3	106		24	39	76	
07/03/2001	00	3	87		13	31	50	
07/03/2001	01	3	72		13	34	54	
07/03/2001	02	3	69		7	33	44	
07/03/2001	03	3	58		7	29	39	
07/03/2001	04	3	63		10	29	43	
07/03/2001	05	3	67		6	23	33	
07/03/2001	06	3	57		4	13	19	
07/03/2001	07	3	40		8	22	34	
07/03/2001	08	3	75		41	32	94	
07/03/2001	09	3	107		33	32	82	
07/03/2001	10	3	121		64	36	135	
07/03/2001	11		164		128	50	246	
07/03/2001	12	11	197	2,7				
07/03/2001	13	9	228	1,5	74	49	162	
07/03/2001	14	11	197	0,6	28	40	83	
07/03/2001	15	17	138	0,2	8	27	39	
07/03/2001	16	10	97	0,2	4	23	30	
07/03/2001	17	7	92	0,5	11	33	50	
07/03/2001	18	3	84	0,4	10	27	42	
07/03/2001	19	3	73	0,7	15	33	56	
07/03/2001	20	4	81	0,5	14	30	51	
07/03/2001	21	3	80	0,1	3	12	17	
07/03/2001	22	3	58	0,4	7	16	26	
07/03/2001	23	3	30	0,2	3	15	19	
08/03/2001	00	3	20	0,2	3	11	16	
08/03/2001	01	3	19	0,1	3	8	12	
08/03/2001	02	3	14	0,1	4	8	13	
08/03/2001	03	3	13	0,1	3	5	9	
08/03/2001	04	3	16	0,1	2	4	7	
08/03/2001	05	3	16	0,1	4	6	10	
08/03/2001	06	3	20	0,2	4	9	15	
08/03/2001	07	3	32	1	14	27	49	
08/03/2001	08	4	54	1,4	13	32	52	
08/03/2001	09	3	70	1,5	14	30	51	
08/03/2001	10	3	61	0,6	17	28	54	
08/03/2001	11	3	52	0,7	15	24	46	
08/03/2001	12	3	55	0,6	11	18	35	
08/03/2001	13	3	51	0,6	10	21	36	
08/03/2001	14	3	49	0,4	11	18	35	
08/03/2001	15	3	44	0,3	9	20	33	
08/03/2001	16	3	34	0,1	5	14	22	
08/03/2001	17	3	38	0,2	5	18	25	
08/03/2001	18	3	36	0,2	5	20	28	
08/03/2001	19	3	38	0,2	5	19	27	
08/03/2001	20	3	31	0,4	5	29	37	
08/03/2001	21	3	29	0,6	9	30	43	
08/03/2001	22	3	31	0,1	4	10	15	
08/03/2001	23	3	26	0,4	7	22	33	
09/03/2001	00	3	28	0,3	8	21	33	
09/03/2001	01	3	32	0,1	4	14	21	
09/03/2001	02	3	33	0,1	4	11	15	
09/03/2001	03	3	20	0,1	4	13	19	
09/03/2001	04	3	20	0,1	3	14	19	
09/03/2001	05	3	20	0,1	5	12	19	
09/03/2001	06	3	17	0,3	11	19	35	
09/03/2001	07	3	28	1,3	20	31	63	
09/03/2001	08	3	69	3,2	35	45	99	
09/03/2001	09	3	88	1,7	28	38	81	
09/03/2001	10	3	57	0,8	23	33	69	
09/03/2001	11		65		7	17	27	
09/03/2001	12	3	117	0,5				
09/03/2001	13	3	144	0,3	10	15	31	
09/03/2001	14	3	105	0,3	4	10	17	
09/03/2001	15	3	60	0,4	7	22	34	
09/03/2001	16	3	51	0,5	14	81	102	
09/03/2001	17		64	0,8				
09/03/2001	18	5	49	0,9	3	15	20	53
09/03/2001	19	8	53	1,4	7	33	45	23
09/03/2001	20	7	66	1,4	5	30	37	26
09/03/2001	21	6	54	1,2	4	21	26	37
09/03/2001	22	7	45	0,9	3	11	15	48
09/03/2001	23	5	30	0,9	3	9	13	51
10/03/2001	00	4	31	1,3	9	13	27	43
10/03/2001	01	4	44	1,3	6	17	27	31
10/03/2001	02	4	34	1	4	10	15	46
10/03/2001	03	3	18	1,1	6	9	18	45
10/03/2001	04	3	21	0,9	4	5	11	52
10/03/2001	05	3	35	0,8	4	4	9	55
10/03/2001	06	3	64	0,7	4	4	9	56
10/03/2001	07	3	77	0,8	4	4	10	52
10/03/2001	08	3	43	0,8	4	5	11	46
10/03/2001	09	3	18	0,9	4	8	14	42
10/03/2001	10	3	16	1	6	10	19	41
10/03/2001	11	4	18	1,3	10	13	28	36
10/03/2001	12	4	32	1,2	5	9	17	39
10/03/2001	13	4	31	1,6	10	16	31	33
10/03/2001	14	6	33	1,9	17	23	48	34
10/03/2001	15	4	45	1,1	3	6	10	44
10/03/2001	16	4	30	1	3	6	10	46
10/03/2001	17	4	32	1,1	2	7	11	43
10/03/2001	18	3	24	1,2	4	10	15	34
10/03/2001	19	3	29	1,3	4	12	19	30
10/03/2001	20	3	31	1,5	5	19	28	19
10/03/2001	21	5	33	2,7	31	30	78	8
10/03/2001	22	4	44	1,5	10	17	33	15
10/03/2001	23	3	27	1,1	4	9	15	25
11/03/2001	00	4	16	1,3	5	10	17	25
11/03/2001	01	3	25	1,4	9	12	25	20
11/03/2001	02	4	28	1,7	13	16	35	16
11/03/2001	03	3	29	1,3	9	12	25	22
11/03/2001	04	3	29	1	4	5	10	33
11/03/2001	05	3	18	0,9	3	4	7	36
11/03/2001	06	3	12	0,9	4	4	8	39
11/03/2001	07	3	12	0,9	4	4	8	39
11/03/2001	08	3	13	0,9	4	4	10	38
11/03/2001	09	3	14	1	4	4	9	40
11/03/2001	10	3	12	1,3	8	8	19	37
11/03/2001	11	4	29		9	13	28	40
11/03/2001	12	4	40	0,4				46
11/03/2001	13	4	26	0,8	10	15	32	48
11/03/2001	14	4	27	0,5	7	13	25	49
11/03/2001	15	4	28	0,5	6	12	22	49
11/03/2001	16	4	36	0,6	9	12	25	45
11/03/2001	17		31	0,5	5	12	19	45
11/03/2001	18	3	18	0,6	5	13	21	37
11/03/2001	19	3	20	0,9	6	24	34	19
11/03/2001	20	3	35	0,7	10	26	41	13
11/03/2001	21	3	48	1,1	36	28	83	4
11/03/2001	22	3	58	0,6	11	22	39	9
11/03/2001	23	3	41	0,3	4	14	20	21
12/03/2001	00	3	30	0,3	3	13	17	23
12/03/2001	01	3	23	0,3	2	8	12	30
12/03/2001	02	3	20	0,2	2	7	11	30
12/03/2001	03	3	29	0,3	3	9	14	25
12/03/2001	04	3	30	0,3	3	9	14	23
12/03/2001	05	3	23	0,2	3	7	12	26
12/03/2001	06	3	20	0,2	4	7	12	26
12/03/2001	07	3	31	0,8	10	18	33	13
12/03/2001	08	4	93	1,3	37	29	85	6
12/03/2001	09	5	141	1,6	46	37	108	10
12/03/2001	10	6	120	1,6	37	39	95	21
12/03/2001	11	6	106	0,9	16	21	46	32
12/03/2001	12	6	62	0,9	14	23	44	44
12/03/2001	13	7	63	1,3	22	25	58	43
12/03/2001	14	7	72	0,9	11	21	38	41
12/03/2001	15	7	74	1	13	23	43	45
12/03/2001	16	5	78	0,8	12	22	40	33
12/03/2001	17	4	91	1	17	31	56	27
12/03/2001	18	4	117	0,3	3	11	14	45
12/03/2001	19	3	133	0,5	3	16	21	40
12/03/2001	20	3	79	0,7	5	20	27	29
12/03/2001	21	3	39	0,6	4	14	21	32
12/03/2001	22	3	37	0,3	2	6	9	46
12/03/2001	23	3	40	0,3	2	4	6	60
13/03/2001	00	3	65	0,2	2	4	7	75
13/03/2001	01	3	73	0,2	2	4	7	74
13/03/2001	02	3	39	0,2	3	4	7	69
13/03/2001	03	3	28	0,3	3	5	9	61
13/03/2001	04	3	9	0,3	3	5	10	57
13/03/2001	05	3	10	0,3	5	7	14	52
13/03/2001	06	3	16	0,3	4	10	16	49
13/03/2001	07	3	32	0,6	11	29	45	16
13/03/2001	08	3	77	0,8	10	19	33	30
13/03/2001	09	3	158	1,2	13	19	39	39
13/03/2001	10	3	151	0,4	9	12	26	58
13/03/2001	11	4	104		12	18	35	66
13/03/2001	12	3	234	0,8				69
13/03/2001	13	3	226	0,4	10	24	39	75
13/03/2001	14	3	67	0,4	6	12	21	78
13/03/2001	15	4	58	0,5	5	14	22	79
13/03/2001	16	3	49	0,6	9	19	32	81
13/03/2001	17		42	0,8	13	26	46	73
13/03/2001	18	3	38	0,4	3	9	13	80
13/03/2001	19	3	42	0,4	3	17	21	63
13/03/2001	20	3	42	0,6	6	27	36	42
13/03/2001	21	5	67	1,6	48	48	121	6
13/03/2001	22	4	88	0,8	18	36	63	6
13/03/2001	23	3	64	0,6	6	28	37	13
14/03/2001	00	3	54	0,7	11	30	46	7
14/03/2001	01	3	53	0,6	17	30	54	3
14/03/2001	02	3	58	0,3	5	19	26	13
14/03/2001	03	3	48	0,2	4	11	17	36
14/03/2001	04	3	33	0,2	4	7	13	48
14/03/2001	05	3	24	0,2	4	7	13	46
14/03/2001	06	3	21	0,3	5	10	16	41
14/03/2001	07	4	32	0,6	21	29	61	12
14/03/2001	08	5	67	1,1	28	32	74	14
14/03/2001	09	6	96	0,9	20	26	57	24
14/03/2001	10	5	84	0,5	8	14	27	59
14/03/2001	11	7	55	0,7	11	15	31	65
14/03/2001	12	8	57	0,6	10	17	33	72
14/03/2001	13	7	65	1	14	20	40	80
14/03/2001	14	6	58	0,8	8	18	30	88
14/03/2001	15	5	52	0,8	8	17	29	87
14/03/2001	16	4	47	0,9	11	25	41	80
14/03/2001	17	4	47	0,7	9	19	33	76
14/03/2001	18	3	39	0,6	5	17	25	72
14/03/2001	19	3	34	0,5	2	18	21	69
14/03/2001	20	3	49	0,9	4	39	46	31
14/03/2001	21	4	70	1,6	38	54	112	3
14/03/2001	22	3	76	0,8	10	33	48	22
14/03/2001	23	3	63	0,7	4	23	29	31
15/03/2001	00	3	58	0,6	4	16	22	40
15/03/2001	01	3	52	0,5	4	11	16	49
15/03/2001	02	3	40	0,5	4	10	15	51
15/03/2001	03	3	40	0,5	4	7	12	54
15/03/2001	04	3	38	0,5	3	7	12	50
15/03/2001	05	3	32	0,5	4	12	18	37
15/03/2001	06	3	30	0,5	6	14	22	34
15/03/2001	07	3	39	1	15	26	49	18
15/03/2001	08	4	78	1,6	18	27	54	19
15/03/2001	09	7	93	1,1	18	29	56	32
15/03/2001	10	7	69	0,6	7	16	27	69
15/03/2001	11	5	75		5	12	19	83
15/03/2001	12	5	82	0,4				88
15/03/2001	13	5	97	0,5	5	14	21	85
15/03/2001	14	4	102	0,4	2	12	15	89
15/03/2001	15	4	65	0,4	2	10	12	93
15/03/2001	16	3	67	0,4	2	11	12	93
15/03/2001	17		67	0,4	3	15	20	86
15/03/2001	18	3	63	0,4	2	13	15	86
15/03/2001	19	3	50	0,5	2	17	20	77
15/03/2001	20	3	45	0,7	3	18	22	71
15/03/2001	21	3	52	0,9	5	34	41	37
15/03/2001	22	3	62	0,9	6	45	54	13
15/03/2001	23	3	60	0,7	3	38	43	19
16/03/2001	00	3	44	0,5	2	21	24	33
16/03/2001	01	3	47	0,4	2	13	16	43
16/03/2001	02	3	39	0,4	2	12	13	52
16/03/2001	03	4	33	0,4	2	11	12	54
16/03/2001	04	4	48	0,3	2	9	11	56
16/03/2001	05	3	50	0,3	2	9	11	52
16/03/2001	06	4	50	0,4	2	14	16	40
16/03/2001	07	4	71	1,5	26	38	78	8
16/03/2001	08	4	128	1,9	24	35	72	16
16/03/2001	09	5	171	1,8	16	31	56	31
16/03/2001	10	6	144	1,2	25	38	77	28
16/03/2001	11	4	109	0,7	11	29	46	57
16/03/2001	12	5	89	0,6	15	29	52	57
16/03/2001	13	5	87	0,5	10	27	41	65
16/03/2001	14	6	85	0,6	10	25	40	72
16/03/2001	15	6	77	0,6	8	23	35	78
16/03/2001	16	4	88	0,6	13	25	45	67
16/03/2001	17	4	92	1,1	15	37	59	60
16/03/2001	18	4	90	0,8	10	30	45	58
16/03/2001	19	3	100	0,3	2	28	30	47
16/03/2001	20	3	109	0,3	5	41	48	21
16/03/2001	21	3	119	0,8	21	50	82	5
16/03/2001	22	3	123	0,6	9	39	53	10
16/03/2001	23	3	113	0,5	4	33	39	16
17/03/2001	00	3	98	0,3	2	25	29	31
17/03/2001	01	3	69	0,1	2	9	11	65
17/03/2001	02	3	40	0,1	2	7	10	73
17/03/2001	03	3	24	0,1	2	6	10	79
17/03/2001	04	3	22	0,2	2	12	15	61
17/03/2001	05	3	26	0,2	3	12	18	67
17/03/2001	06	3	24	0,1	3	12	16	58
17/03/2001	07	3	21	0,2	9	23	38	35
17/03/2001	08	3	44	0,6	16	33	58	33
17/03/2001	09	3	56	0,4	10	21	37	49
17/03/2001	10	3	40	0,1	3	10	14	73
17/03/2001	11	3	42		3	8	12	80
17/03/2001	12	3	43	0,3				80
17/03/2001	13	3	40	0,5	4	6	12	80
17/03/2001	14	3	39	0,4	5	8	15	83
17/03/2001	15	3	29	0,3	3	6	10	86
17/03/2001	16	3	25	0,5	5	8	15	81
17/03/2001	17		29	1	11	22	38	61
17/03/2001	18	4	41	1,1	12	20	38	57
17/03/2001	19	4	58	1,4	11	28	45	41
17/03/2001	20	4	68	1,4	12	29	47	25
17/03/2001	21	5	80	1,7	35	39	93	7
17/03/2001	22	4	74	1,3	25	32	71	6
17/03/2001	23	4	59	0,7	6	23	31	17
18/03/2001	00	4	56	1	10	20	36	33
18/03/2001	01	3	40	0,9	7	22	32	30
18/03/2001	02	4	28	0,7	6	10	18	61
18/03/2001	03	4	32	0,6	5	7	14	65
18/03/2001	04	4	29	0,7	6	10	20	54
18/03/2001	05	4	24	0,5	5	10	16	48
18/03/2001	06	4	23	0,8	7	21	32	26
18/03/2001	07	4	23	0,5	8	16	29	25
18/03/2001	08	4	26	1,1	24	30	66	17
18/03/2001	09	4	34	0,8	9	13	28	59
18/03/2001	10	7	28	0,9	12	17	35	62
18/03/2001	11	4	32	0,5	5	6	12	79
18/03/2001	12	4	44	0,5	5	6	12	79
18/03/2001	13	4	49	0,6	4	5	11	78
18/03/2001	14	4	33	0,6	3	6	11	80
18/03/2001	15	4	25	0,4	3	4	8	83
18/03/2001	16	4	31	0,4	2	4	6	81
18/03/2001	17	4	31	0,4	2	4	6	80
18/03/2001	18	4	35	0,5	3	6	10	72
18/03/2001	19	3	32	0,8	6	15	24	55
18/03/2001	20	4	36	1,3	8	24	35	39
18/03/2001	21	5	65	2,3	43	39	105	8
18/03/2001	22	5	78	1,8	28	37	81	5
18/03/2001	23	5	67	1,7	33	35	85	4
19/03/2001	00	6	63	1,9	39	31	91	3
19/03/2001	01	5	70	2,2	37	36	93	5
19/03/2001	02	4	63	1,7	21	34	66	4
19/03/2001	03	4	48	1,3	12	29	47	7
19/03/2001	04	3	30	0,6	4	9	15	38
19/03/2001	05	3	20	0,7	6	6	15	47
19/03/2001	06	4	18	0,5	5	4	11	46
19/03/2001	07	4	24	0,6	7	8	19	44
19/03/2001	08	4	28	0,6	7	5	16	59
19/03/2001	09	4	32	0,7	9	8	20	61
19/03/2001	10	5	46	1	12	13	32	53
19/03/2001	11	5	45		10	13	28	64
19/03/2001	12	4	39	0,5				77
19/03/2001	13	4	31	0,6	6	17	26	77
19/03/2001	14	5	35	0,6	6	15	25	76
19/03/2001	15	5	43	0,4	3	9	14	82
19/03/2001	16	5	39	0,8	7	17	27	73
19/03/2001	17		37	1,2	10	23	38	65
19/03/2001	18	3	47	1,5	11	28	44	57
19/03/2001	19	3	51	0,9	5	27	35	43
19/03/2001	20	3	68	0,7	4	29	34	31
19/03/2001	21	3	72	0,6	2	25	29	36
19/03/2001	22	3	58	0,9	26	39	79	3
19/03/2001	23	3	60	0,9	13	31	51	5
20/03/2001	00	3	53	1	19	32	61	5
20/03/2001	01	3	40	0,5	6	26	35	8
20/03/2001	02	3	28	0,4	3	16	21	29
20/03/2001	03	3	31	0,3	4	9	13	47
20/03/2001	04	3	25	0,3	3	6	10	53
20/03/2001	05	3	27	0,3	3	4	8	57
20/03/2001	06	3	36	0,4	5	13	20	43
20/03/2001	07	3	47	1,3	14	27	48	21
20/03/2001	08	4	87	2	34	33	85	20
20/03/2001	09	8	145	2,2	57	49	135	15
20/03/2001	10	9	137	1,3	37	43	99	25
20/03/2001	11	9	95	0,8	19	26	56	47
20/03/2001	12	8	95	1,1	22	35	69	52
20/03/2001	13	5	84	1,3	15	33	56	66
20/03/2001	14	5	80	1,2	13	32	53	61
20/03/2001	15	7	79	1,3	12	32	50	69
20/03/2001	16	4	72	0,7	5	19	26	63
20/03/2001	17	3	72	0,8	6	27	36	48
20/03/2001	18	3	73	0,7	4	30	36	35
20/03/2001	19	3	85	0,9	11	42	58	6
20/03/2001	20	4	117	1,3	30	43	88	3
20/03/2001	21	6	157	2,4	82	43	169	4
20/03/2001	22	5	179	2,3	71	44	153	3
20/03/2001	23	5	148	2,1	51	46	124	4
21/03/2001	00	4	95	0,8	5	23	31	48
21/03/2001	01	4	65	0,5	5	20	26	53
21/03/2001	02	3	60	0,7	6	32	40	4
21/03/2001	03	3	69	0,8	7	31	40	3
21/03/2001	04	3	60	0,8	7	28	38	10
21/03/2001	05	3	52	0,5	13	29	49	26
21/03/2001	06	4	58	1	16	28	52	22
21/03/2001	07	6	79	3	54	48	132	12
21/03/2001	08	15	192	5,9	137	72	283	8
21/03/2001	09	18	276	4,1	88	75	209	13
21/03/2001	10	12	184	1,4	27	47	89	31
21/03/2001	11	9	93		21	38	69	42
21/03/2001	12	6	88	0,8				58
21/03/2001	13	6	88	1,2	20	42	73	59
21/03/2001	14	6	82	1	15	37	60	78
21/03/2001	15	7	73	1	7	29	40	64
21/03/2001	16	5	98	1,2	14	34	56	35
21/03/2001	17		159	1,6	25	49	87	25
21/03/2001	18	8	182	1,5	25	58	95	14
21/03/2001	19	5	208	1,6	37	54	110	3
21/03/2001	20	8	248	2,6	88	55	191	4
21/03/2001	21	11	253	3,3	108	56	221	4
21/03/2001	22	6	165	0,9	5	32	40	28
21/03/2001	23	5	62	1	13	33	53	21
22/03/2001	00	4	36	0,6	7	17	27	45
22/03/2001	01	4	34	0,6	4	27	33	24
22/03/2001	02	3	37	0,2	2	6	8	69
22/03/2001	03	4	35	0,4	5	14	22	46
22/03/2001	04	3	43	0,4	4	15	22	34
22/03/2001	05	3	33	0,4	5	16	23	28
22/03/2001	06	3	31	0,7	12	27	45	16
22/03/2001	07	7	89	3	102	51	206	5
22/03/2001	08	14		3,4	111	59	228	8
22/03/2001	09	10		1,2	16	26	50	29
22/03/2001	10	12	145	2	39	61	120	28
22/03/2001	11	9	125	1,2	22	39	72	53
22/03/2001	12	7	106	1,1	23	36	72	55
22/03/2001	13		46	1				44
22/03/2001	14		45					74
22/03/2001	15	6	29	0,9	11	26	42	69
22/03/2001	16	4	38	0,6	5	16	22	74
22/03/2001	17	4	67	0,6	7	29	40	55
22/03/2001	18	3	76	0,4	3	21	25	46
22/03/2001	19	3	72	0,6	2	32	34	20
22/03/2001	20	4	128	1,2	29	46	89	3
22/03/2001	21	4	170	1,6	47	44	115	4
22/03/2001	22	4	136	0,8	16	40	64	7
22/03/2001	23	4	91	0,6	7	27	37	24
23/03/2001	00	3	72	0,8	6	37	45	8
23/03/2001	01	3	80	0,6	4	37	43	5
23/03/2001	02	3	85	0,7	16	35	60	3
23/03/2001	03	3	76	0,6	14	32	53	4
23/03/2001	04	5	89	0,3	5	24	30	17
23/03/2001	05	4	89	0,1	2	11	12	37
23/03/2001	06	4	62	0,1	2	12	14	35
23/03/2001	07	4	69	0,4	6	24	33	22
23/03/2001	08	4	110	0,7	10	28	43	22
23/03/2001	09	6	149	0,9	11	29	45	29
23/03/2001	10	10	139	1	26	45	84	35
23/03/2001	11	18	132	1,4	32	55	103	50
23/03/2001	12	12	132	1,4	20	56	86	61
23/03/2001	13	14	123	1,4	17	42	67	68
23/03/2001	14	15	132	1,3	12	38	56	82
23/03/2001	15	10	107	0,7	4	21	27	110
23/03/2001	16	8	72	0,7	5	19	26	105
23/03/2001	17	11	87	1,2	16	31	54	69
23/03/2001	18	6	89	0,5	3	16	20	66
23/03/2001	19	5	85	0,7	6	28	37	32
23/03/2001	20	9	146	2,9	66	55	155	6
23/03/2001	21	10	204	2,9	109	52	218	6
23/03/2001	22	8	190	1,9	74	46	159	5
23/03/2001	23	9	145	2,5	104	47	206	6
24/03/2001	00	8	126	2	72	43	153	5
24/03/2001	01	6	111	1	16	35	59	9
24/03/2001	02	4	88	0,9	10	38	53	6
24/03/2001	03	3	81	0,7	4	31	37	12
24/03/2001	04	4	80	0,5	2	29	33	12
24/03/2001	05	4	75	0,4	3	20	24	22
24/03/2001	06	4	70	0,9	9	30	44	11
24/03/2001	07	4	74	0,9	19	33	62	11
24/03/2001	08	9	83	0,8	15	22	46	28
24/03/2001	09	11	96	1,4	21	36	68	23
24/03/2001	10	11	100	1,3	17	37	62	37
24/03/2001	11	11	108	1,7	14	39	60	50
24/03/2001	12	12	119	1,8	15	42	64	60
24/03/2001	13	12	115	1,5	8	31	44	68
24/03/2001	14		114					86
24/03/2001	15	8	119	0,9	6	21	31	97
24/03/2001	16	6	104	0,5	5	15	22	82
24/03/2001	17	8	127	0,9	7	23	34	64
24/03/2001	18	5	162	0,5	4	14	20	67
24/03/2001	19	4		0,4	5	8	14	79
24/03/2001	20	4		0,3	6	6	14	85
24/03/2001	21	3		0,4	6	8	17	80
24/03/2001	22	3	110	0,4	6	8	16	84
24/03/2001	23	3	50	0,4	6	6	14	86
25/03/2001	00	4	41	0,4	6	6	14	84
25/03/2001	01	5	33	0,3	6	5	12	90
25/03/2001	02	6	34	0,3	6	4	12	93
25/03/2001	03	5	33	0,3	6	4	12	96
25/03/2001	04	4	30	0,3	6	4	13	92
25/03/2001	05	3	23	0,3	6	4	13	85
25/03/2001	06	4	21	0,4	6	6	16	76
25/03/2001	07	4	23	0,3	6	7	17	74
25/03/2001	08	6	29	0,3	7	6	16	79
25/03/2001	09	5	23	0,4	7	8	18	84
25/03/2001	10	5	17	0,6	9	12	27	78
25/03/2001	11	5	26	0,7	10	12	28	81
25/03/2001	12	5	26	0,5	7	9	20	88
25/03/2001	13	4	30	0,5	8	8	19	90
25/03/2001	14	4	28	0,5	6	6	15	94
25/03/2001	15	3	25	0,4	5	6	13	98
25/03/2001	16	3	27	0,4	6	6	14	99
25/03/2001	17	3	28	0,5	6	8	17	96
25/03/2001	18	3	36	0,5	5	8	16	96
25/03/2001	19	3	34	0,6	7	13	25	84
25/03/2001	20	4	25	1	12	25	43	63
25/03/2001	21	4	20	0,6	8	15	27	69
25/03/2001	22	4	19	0,4	6	9	17	79
25/03/2001	23	4	14	0,4	6	11	20	73
26/03/2001	00	3	14	0,4	6	7	16	82
26/03/2001	01	3	16	0,3	7	5	14	91
26/03/2001	02	3	18	0,4	7	4	13	93
26/03/2001	03	3	13	0,3	6	4	13	90
26/03/2001	04	3	12	0,4	7	6	16	75
26/03/2001	05	3	14	0,4	7	7	17	76
26/03/2001	06	3	27	0,7	11	24	40	52
26/03/2001	07	4	99	1,2	26	37	77	37
26/03/2001	08	5	143	1,1	18	31	59	45
26/03/2001	09	6	209	0,9	15	19	41	67
26/03/2001	10	6	219	1,1	18	30	57	67
26/03/2001	11	5	170	0,8	12	16	35	80
26/03/2001	12	5	179	1,2	16	22	46	77
26/03/2001	13	4	159	0,8	11	15	32	85
26/03/2001	14		91					81
26/03/2001	15	7	68	0,9	12	24	42	74
26/03/2001	16	8	77	1	15	33	55	68
26/03/2001	17	8	57	1	13	29	48	67
26/03/2001	18	8	53	1,2	14	35	56	58
26/03/2001	19	8	73	1,9	22	48	82	35
26/03/2001	20	6	84	1,4	12	39	57	23
26/03/2001	21	5	65	1,2	13	36	55	24
26/03/2001	22	5	57	0,6	7	16	26	70
26/03/2001	23	4	47	0,4	4	10	15	79
27/03/2001	00	4	24	0,4	4	10	15	72
27/03/2001	01	4	13	0,4	4	8	13	72
27/03/2001	02	5	13	0,3	5	12	19	63
27/03/2001	03	4	16	0,4	5	10	18	48
27/03/2001	04	3	15	0,4	5	11	18	53
27/03/2001	05	4	19	0,7	7	22	33	35
27/03/2001	06	6	32	1,7	25	37	75	24
27/03/2001	07	9	70	2,1	52	46	126	7
27/03/2001	08	8	106	2	44	46	113	20
27/03/2001	09	7	82	0,6	13	18	38	60
27/03/2001	10	7	81	0,8	24	30	67	59
27/03/2001	11	7	93	0,9	13	18	38	70
27/03/2001	12	6	106	1,2	10	17	33	77
27/03/2001	13	6	103	0,8	10	16	32	79
27/03/2001	14	8	69	1,3	14	30	51	75
27/03/2001	15	8	63	0,9	11	23	39	84
27/03/2001	16	9	63	0,9	11	26	42	84
27/03/2001	17	7	63	0,9	11	23	40	75
27/03/2001	18	7	65	1,3	18	30	57	62
27/03/2001	19	9	60	2,1	29	44	89	36
27/03/2001	20	6	63	1,4	10	40	55	22
27/03/2001	21	5	69	1,4	21	46	77	11
27/03/2001	22	5	63	0,9	15	38	61	15
27/03/2001	23	5	56	0,6	5	21	29	40
28/03/2001	00	5	46	0,5	5	12	19	54
28/03/2001	01	5	32	0,5	5	10	16	61
28/03/2001	02	5	32	0,6	6	19	27	37
28/03/2001	03	4	46	0,6	12	31	49	16
28/03/2001	04	5	57	0,5	6	14	22	55
28/03/2001	05	5	48	0,5	5	11	19	61
28/03/2001	06	5	50	0,6	6	19	29	48
28/03/2001	07	5	112	0,8	9	19	32	50
28/03/2001	08	5	128	0,8	9	18	32	57
28/03/2001	09	5	108	0,6	8	11	22	69
28/03/2001	10	8	116	0,8	13	23	43	71
28/03/2001	11	6	132	0,7	7	13	25	80
28/03/2001	12	5	144	0,7	8	12	26	82
28/03/2001	13	5	161	0,6	4	8	13	89
28/03/2001	14		111					85
28/03/2001	15	3	42	0,3	3	12	17	84
28/03/2001	16	3	35	0,4	5	13	20	84
28/03/2001	17	4	42	0,6	9	21	34	77
28/03/2001	18	5	66	1,2	13	33	53	61
28/03/2001	19	5	84	1,3	15	37	60	49
28/03/2001	20	6	78	1,6	17	38	64	53
28/03/2001	21	5	66	1	10	34	49	50
28/03/2001	22	4	54	1	13	44	65	13
28/03/2001	23	4	57	1,4	24	45	81	7
29/03/2001	00	4	52	0,6	6	18	27	53
29/03/2001	01	4	42	0,3	4	9	15	70
29/03/2001	02	4	29	0,3	4	5	12	81
29/03/2001	03	3	17	0,3	4	7	13	80
29/03/2001	04	3	14	0,3	6	9	17	75
29/03/2001	05	4	19	0,5	5	10	17	70
29/03/2001	06	4	40	0,7	9	19	34	58
29/03/2001	07	5	108	0,7	7	19	31	54
29/03/2001	08	5	119	0,7	9	23	37	50
29/03/2001	09	5	91	0,6	9	14	29	65
29/03/2001	10	5	87	0,6	11	20	37	64
29/03/2001	11	6		1,1	20	27	58	55
29/03/2001	12	4		0,9	13	22	42	62
29/03/2001	13	4		0,7	9	18	32	62
29/03/2001	14	3		0,5	5	11	18	70
29/03/2001	15	3		0,4	5	11	18	73
29/03/2001	16	3		0,6	6	14	23	69
29/03/2001	17	3	88	0,5	7	12	23	69
29/03/2001	18	3	79	0,6	5	14	22	64
29/03/2001	19	3	70	0,7	5	15	23	59
29/03/2001	20	3	46	0,8	7	19	30	53
29/03/2001	21	3	36	0,6	5	13	20	67
29/03/2001	22	3	28	0,5	4	9	15	72
29/03/2001	23	3	21	0,5	4	7	13	77
30/03/2001	00	3	34	0,4	4	5	11	83
30/03/2001	01	3	37	0,4	4	4	11	85
30/03/2001	02	3	28	0,4	4	4	10	85
30/03/2001	03	3	28	0,4	4	4	11	86
30/03/2001	04	3	26	0,4	5	5	11	86
30/03/2001	05	3	18	0,4	5	8	15	77
30/03/2001	06	3	27	0,7	6	16	25	60
30/03/2001	07	3	93	0,9	16	33	57	38
30/03/2001	08	3	167	0,8	12	25	43	49
30/03/2001	09	3	136	0,7	9	13	26	64
30/03/2001	10	4	92	0,7	10	14	29	63
30/03/2001	11	3	91	0,7	10	14	30	61
30/03/2001	12	3	117	0,7	8	14	26	62
30/03/2001	13	3	132	0,6	5	8	14	63
30/03/2001	14		110					63
30/03/2001	15	3	76	0,3	3	8	13	57
30/03/2001	16	3	70	0,4	5	10	18	56
30/03/2001	17	3	60	0,4	2	8	11	57
30/03/2001	18	3	50	0,3	2	8	11	54
30/03/2001	19	3	45	0,4	4	11	16	47
30/03/2001	20	3	29	0,4	2	9	12	46
30/03/2001	21	3	22	0,4	2	7	11	44
30/03/2001	22	3	30	0,3	3	4	7	49
30/03/2001	23	3	43	0,7	9	12	25	34
31/03/2001	00	3	43	0,6	7	13	24	35
31/03/2001	01	3	32	0,4	2	6	10	42
31/03/2001	02	3	25	0,3	3	5	10	42
31/03/2001	03	3	21	0,4	4	6	11	38
31/03/2001	04	3	17	0,3	2	4	7	38
31/03/2001	05	3	18	0,3	3	4	8	38
31/03/2001	06	3	22	0,3	4	9	14	29
31/03/2001	07	3	27	0,4	6	11	19	26
31/03/2001	08	3	42	0,5	10	11	25	28
31/03/2001	09	3	42	0,8	12	16	34	39
31/03/2001	10	3	29	0,7	6	11	21	57
31/03/2001	11	3	33	0,5	6	7	16	66
31/03/2001	12	3	35	0,6	5	8	15	78
31/03/2001	13	3	36	0,6	6	9	19	79
31/03/2001	14	3	41	0,5	4	5	11	84
31/03/2001	15	3	34	0,7	6	11	19	80
31/03/2001	16	3	39	1,1	10	15	30	74
31/03/2001	17	3	51	1,2	10	21	36	71
31/03/2001	18	3	53	1,2	12	19	38	69
31/03/2001	19	3	48	1,5	12	25	44	56
31/03/2001	20	3	57	1,3	9	26	39	53
31/03/2001	21	3	57	0,7	4	14	20	64
31/03/2001	22	3	54	0,8	5	23	31	37
31/03/2001	23	3	62	1	11	37	54	5
01/04/2001	00	3	64	0,9	8	33	44	7
01/04/2001	01	3	65	1	11	32	49	5
01/04/2001	02	3	62	0,9	7	21	32	20
01/04/2001	03	3	50	0,5	5	8	15	44
01/04/2001	04	3	40	0,5	5	6	13	44
01/04/2001	05	3	38	0,4	5	4	11	49
01/04/2001	06	3	35	0,4	5	5	12	49
01/04/2001	07	3	29	0,5	6	8	17	47
01/04/2001	08	3	31	0,4	5	5	12	54
01/04/2001	09	3	28	0,5	9	7	20	65
01/04/2001	10	3	27	0,8	8	14	26	76
01/04/2001	11	3	40	0,8	6	13	22	93
01/04/2001	12	3	38	0,7	6	11	20	99
01/04/2001	13	3	31	0,7	7	13	25	94
01/04/2001	14		31					98
01/04/2001	15	3	28	0,6	5	14	22	98
01/04/2001	16	3	23	0,7	7	15	26	96
01/04/2001	17	3	26	0,6	5	14	21	105
01/04/2001	18	3	37	1	6	19	29	91
01/04/2001	19	3	34	1	6	22	30	74
01/04/2001	20	3	29	0,8	4	16	22	71
01/04/2001	21	3	40	0,8	8	40	52	19
01/04/2001	22	3	55	0,6	8	30	44	26
01/04/2001	23	3	51	0,5	4	14	20	51
02/04/2001	00	3	40	0,4	4	10	15	63
02/04/2001	01	3	35	0,4	4	6	12	68
02/04/2001	02	3	23	0,3	4	7	12	67
02/04/2001	03	3	18	0,3	4	5	11	66
02/04/2001	04	3	14	0,3	4	7	12	60
02/04/2001	05	3	18	0,3	5	9	15	53
02/04/2001	06	3		0,7	8	25	38	24
02/04/2001	07	4		0,7	17	31	57	21
02/04/2001	08	4		0,6	18	32	60	27
02/04/2001	09	6		0,4	9	20	34	66
02/04/2001	10	13		0,5	10	23	39	80
02/04/2001	11	17	79	0,6	11	26	43	86
02/04/2001	12	8	108	0,7	7	20	31	96
02/04/2001	13	5	80	0,9	11	24	41	93
02/04/2001	14	4	55	0,8	6	19	28	96
02/04/2001	15	4	56	0,7	9	20	33	94
02/04/2001	16	3	44	0,8	9	23	38	96
02/04/2001	17	3	46	0,8	10	26	40	88
02/04/2001	18	3	50	1	9	26	40	85
02/04/2001	19	3	41	1,2	9	23	36	76
02/04/2001	20	3	45	0,7	3	20	25	71
02/04/2001	21	3	68	0,8	4	37	43	29
02/04/2001	22	3	70	0,9	9	39	52	13
02/04/2001	23	3	54	0,6	4	32	38	9
03/04/2001	00	3	48	0,6	6	30	39	10
03/04/2001	01	3	49	0,5	3	16	21	34
03/04/2001	02	3	61	0,4	3	14	19	32
03/04/2001	03	3	55	0,4	4	12	18	31
03/04/2001	04	3	54	0,4	4	20	26	23
03/04/2001	05	3	44	0,5	7	23	34	23
03/04/2001	06	3	47	1	32	40	89	5
03/04/2001	07	6	124	2,3	64	44	141	6
03/04/2001	08	7	180	2,1	51	51	129	16
03/04/2001	09	6	128	1,2	24	35	70	50
03/04/2001	10	7	94	1	16	29	53	64
03/04/2001	11	5	84	0,8	8	17	29	83
03/04/2001	12	7	62	1,1	12	27	45	86
03/04/2001	13	8	66	1	9	18	32	92
03/04/2001	14		53					87
03/04/2001	15	8	45	0,7	6	21	30	80
03/04/2001	16	7	60	0,7	6	20	29	88
03/04/2001	17	4	71	1	10	29	44	90
03/04/2001	18	3	63	1	8	26	38	88
03/04/2001	19	3	61	0,7	2	18	21	90
03/04/2001	20	3	57	0,6	2	19	21	82
03/04/2001	21	3	51	0,5	2	11	13	92
03/04/2001	22	3	45	0,4	2	10	11	93
03/04/2001	23	3	35	0,5	3	15	20	82
04/04/2001	00	3	32	0,4	2	9	12	85
04/04/2001	01	3	38	0,4	2	8	11	81
04/04/2001	02	3	51	0,4	2	11	14	63
04/04/2001	03	3	62	0,3	2	10	12	62
04/04/2001	04	3	56	0,4	2	9	11	62
04/04/2001	05	3	52	0,4	2	17	20	49
04/04/2001	06	3	61	1,7	48	62	136	11
04/04/2001	07	4	109	2,3	33	71	121	18
04/04/2001	08	6	128	2,3	45	72	140	16
04/04/2001	09	6	120	1,2	19	38	66	39
04/04/2001	10	7	95	1	15	30	52	53
04/04/2001	11	7	107	0,9	14	32	53	63
04/04/2001	12	3	104	0,5	4	15	22	84
04/04/2001	13	3	97	0,3	6	11	19	90
04/04/2001	14	3	68	0,4	4	13	18	91
04/04/2001	15	4	61	0,6	5	18	26	86
04/04/2001	16	6	115	0,9	9	32	45	74
04/04/2001	17	4	129	0,7	5	23	31	81
04/04/2001	18	3	117	1,3	10	34	49	66
04/04/2001	19	3	110	1,7	14	37	58	44
04/04/2001	20	4	99	1,7	19	46	75	30
04/04/2001	21	3	89	1,2	10	40	54	23
04/04/2001	22	3	87	1,5	22	48	83	11
04/04/2001	23	3	79	0,9	5	37	45	15
05/04/2001	00	3	75	0,6	3	20	24	37
05/04/2001	01	3	79	0,3	2	4	6	62
05/04/2001	02	3	60	0,3	2	5	7	60
05/04/2001	03	3	39	0,3	2	4	6	62
05/04/2001	04	3	27	0,4	2	5	7	62
05/04/2001	05	3	22	0,4	2	7	9	61
05/04/2001	06	3	19	0,8	5	24	32	34
05/04/2001	07	3	48	0,7	5	19	27	41
05/04/2001	08	3	78	0,6	5	14	22	49
05/04/2001	09	3	100	0,5	4	10	14	56
05/04/2001	10	3	106	0,6	4	10	15	59
05/04/2001	11	3	91	0,6	2	10	13	64
05/04/2001	12	3	63	0,5	4	11	16	73
05/04/2001	13	3	56	0,5	3	12	16	77
05/04/2001	14		57					86
05/04/2001	15	4	50	0,5	6	15	24	90
05/04/2001	16	5	48	0,8	15	30	53	78
05/04/2001	17	4	44	0,4	4	15	22	84
05/04/2001	18	3	48	0,4	3	16	21	76
05/04/2001	19	4	43	0,5	3	26	30	60
05/04/2001	20	4	58	0,6	4	28	33	47
05/04/2001	21	3	72	0,6	5	36	43	30
05/04/2001	22	4	74	0,7	13	44	64	12
05/04/2001	23	3	70	0,6	5	27	33	33
06/04/2001	00	3	60	0,5	5	24	32	35
06/04/2001	01	3	54	0,4	4	15	21	48
06/04/2001	02	3	42	0,3	5	10	17	47
06/04/2001	03	3	45	0,2	3	7	11	46
06/04/2001	04	3	30	0,3	4	8	13	43
06/04/2001	05	3	26	0,3	4	8	12	42
06/04/2001	06	3	37	0,4	6	19	28	30
06/04/2001	07	3	63	0,5	9	19	33	29
06/04/2001	08	5	73	0,5	9	17	31	32
06/04/2001	09	8	79	1	25	28	66	28
06/04/2001	10	10	84	1,3	30	37	83	31
06/04/2001	11	8	72	0,9	14	26	48	57
06/04/2001	12	7	56	1	12	27	46	66
06/04/2001	13	7	56	1	13	24	43	75
06/04/2001	14	8	66	1	10	23	39	73
06/04/2001	15	7	81	0,9	9	20	33	73
06/04/2001	16	6	75	1	8	26	38	74
06/04/2001	17	5	68	1,1	7	22	32	72
06/04/2001	18	3	71	0,7	2	23	26	75
06/04/2001	19	4	92	0,9	3	29	33	65
06/04/2001	20	4	92	0,8	3	36	40	42
06/04/2001	21	4	85	1	14	49	70	8
06/04/2001	22	5	94	1,7	37	50	107	4
06/04/2001	23	4	103	1,5	13	46	65	10
07/04/2001	00	5	93	1,9	25	41	80	5
07/04/2001	01	6	70	0,6	3	9	13	42
07/04/2001	02	4	42	0,4	2	5	7	46
07/04/2001	03	3	29	0,4	3	6	10	44
07/04/2001	04	3	39	0,4	3	5	10	47
07/04/2001	05	3	34	0,4	2	4	6	53
07/04/2001	06	3	31	0,4	2	5	9	52
07/04/2001	07	3	56	0,4	3	5	10	53
07/04/2001	08	4	73	0,4	5	7	14	57
07/04/2001	09	4	60	0,4	4	6	12	64
07/04/2001	10	3	56	0,5	4	7	12	65
07/04/2001	11	3		0,4	5	6	13	68
07/04/2001	12	3		0,4	4	6	12	71
07/04/2001	13	3		0,4	3	5	10	77
07/04/2001	14							84
07/04/2001	15	3		0,1	2	5	6	89
07/04/2001	16	3		0,1	2	8	9	94
07/04/2001	17	3		0,1	2	7	9	96
07/04/2001	18	3		0,2	2	8	10	93
07/04/2001	19	3		0,2	2	9	11	90
07/04/2001	20	3		0,3	2	11	14	86
07/04/2001	21	3	48	0,2	2	11	13	83
07/04/2001	22	3	39	0,3	3	11	13	81
07/04/2001	23	3	25	0,3	2	10	13	79
08/04/2001	00	3	18	0,2	2	8	9	81
08/04/2001	01	3	25	0,2	2	7	10	84
08/04/2001	02	3	36	0,1	2	5	9	81
08/04/2001	03	3	45	0,1	2	5	8	82
08/04/2001	04	3	34	0,1	2	5	8	81
08/04/2001	05	3	36	0,1	3	5	9	80
08/04/2001	06	3	40	0,1	4	5	10	79
08/04/2001	07	3	132	0,1	4	6	12	81
08/04/2001	08	3	126	0,2	4	5	11	79
08/04/2001	09	3	113	0,1	4	6	12	80
08/04/2001	10	3	112	0,2	3	6	11	81
08/04/2001	11	3	70	0,2	3	7	11	83
08/04/2001	12	3	103	0,3	2	8	11	83
08/04/2001	13	3	85	0,3	2	9	11	83
08/04/2001	14	3	131	0,3	3	6	10	84
08/04/2001	15	3	142	0,2	2	5	7	89
08/04/2001	16	3	84	0,3	2	6	8	88
08/04/2001	17	3	46	0,4	2	8	10	85
08/04/2001	18	3	25	0,3	2	8	9	84
08/04/2001	19	6	16	0,4	2	14	15	71
08/04/2001	20	12	41	0,6	2	22	24	61
08/04/2001	21	12	44	0,6	2	30	33	42
08/04/2001	22	6	43	0,8	3	33	38	33
08/04/2001	23	3	48	0,5	2	22	25	45
09/04/2001	00	3	33	0,3	2	13	16	50
09/04/2001	01	3		0,3	2	11	14	61
09/04/2001	02	3		0,3	3	7	11	71
09/04/2001	03	3		0,3	2	9	12	69
09/04/2001	04	3		0,3	2	10	12	65
09/04/2001	05	3		0,3	3	18	22	53
09/04/2001	06	7		0,6	15	47	70	13
09/04/2001	07	8		0,7	8	28	41	35
09/04/2001	08	8		0,6	15	32	55	37
09/04/2001	09	8		0,7	15	26	49	63
09/04/2001	10	8		0,8	14	22	44	78
09/04/2001	11	6		0,7	14	22	42	87
09/04/2001	12	4		0,8	11	17	34	92
09/04/2001	13	5		0,8	14	24	45	87
09/04/2001	14	6						83
09/04/2001	15	6		0,6	9	24	38	84
09/04/2001	16	6		0,8	14	23	44	81
09/04/2001	17	5		0,7	10	20	35	85
09/04/2001	18	4		0,6	6	20	29	85
09/04/2001	19	3		0,6	6	18	27	80
09/04/2001	20	3		0,6	4	17	24	75
09/04/2001	21	3		0,6	5	30	37	42
09/04/2001	22	3		0,8	10	43	57	14
09/04/2001	23	3		0,5	5	32	39	20
10/04/2001	00	3		0,4	5	22	30	31
10/04/2001	01	3		0,3	5	17	25	34
10/04/2001	02	3		0,3	4	13	20	43
10/04/2001	03	3		0,3	5	13	20	42
10/04/2001	04	3		0,3	5	15	23	39
10/04/2001	05	3		0,4	6	21	30	35
10/04/2001	06	4		1	18	45	72	10
10/04/2001	07	5		1,3	38	46	104	14
10/04/2001	08	8		1,3	33	44	95	22
10/04/2001	09	7		0,6	12	23	41	45
10/04/2001	10	9		1	24	40	77	48
10/04/2001	11	8		0,8	16	35	60	63
10/04/2001	12	9		1,3	17	36	62	76
10/04/2001	13	7		0,6	4	18	24	103
10/04/2001	14	7		0,5	2	14	17	115
10/04/2001	15	6		0,4	2	10	12	122
10/04/2001	16	5		0,4	3	12	15	125
10/04/2001	17	5		0,4	2	12	14	125
10/04/2001	18	4		0,5	3	21	25	106
10/04/2001	19	4		0,6	2	27	31	101
10/04/2001	20	4		0,6	3	31	35	84
10/04/2001	21	3		0,7	5	41	47	57
10/04/2001	22	3		0,7	4	45	51	36
10/04/2001	23	3		1,2	11	55	73	16
11/04/2001	00	4		0,6	4	28	35	65
11/04/2001	01	4		0,5	4	20	26	65
11/04/2001	02	5		0,3	4	10	16	70
11/04/2001	03	8		0,3	4	12	18	67
11/04/2001	04	5		0,3	4	8	14	69
11/04/2001	05	4		0,3	4	18	25	52
11/04/2001	06	4		0,3	6	17	26	56
11/04/2001	07	4		0,3	5	12	19	63
11/04/2001	08	4		0,3	5	10	17	71
11/04/2001	09	4		0,3	4	9	14	79
11/04/2001	10	3		0,3	4	9	15	83
11/04/2001	11			0,3				81
11/04/2001	12	7		1,2	11	31	47	68
11/04/2001	13	6	89	0,9	7	20	31	82
11/04/2001	14	5	76					84
11/04/2001	15	4	65	0,5	8	17	30	88
11/04/2001	16	4	80	0,8	13	22	42	82
11/04/2001	17	3	75	0,7	11	17	33	84
11/04/2001	18	3	55	0,6	8	16	28	82
11/04/2001	19	3	39	1,1	12	25	43	69
11/04/2001	20	3	55	1,3	13	32	53	58
11/04/2001	21	3	65	0,7	5	14	21	84
11/04/2001	22	3	54	0,5	4	14	20	70
11/04/2001	23	3	57	0,6	5	39	48	12
12/04/2001	00	3	67	0,4	4	19	26	40
12/04/2001	01	3	55	0,3	4	11	16	52
12/04/2001	02	3	49	0,3	4	5	12	59
12/04/2001	03	3	36	0,2	4	4	10	65
12/04/2001	04	3	32	0,1	5	4	9	75
12/04/2001	05	3	22	0,2	5	6	12	67
12/04/2001	06	3	29	0,3	6	15	24	48
12/04/2001	07	3	34	0,3	7	13	25	51
12/04/2001	08	5	66	0,3	8	11	23	60
12/04/2001	09	4	82	0,6	18	21	48	49
12/04/2001	10	4	71	0,7	16	22	46	66
12/04/2001	11	4	53	0,7	11	18	35	78
12/04/2001	12	4	48	0,9	13	20	40	81
12/04/2001	13	3	47	0,8	7	20	31	90
12/04/2001	14	4	33	0,7	10	22	38	83
12/04/2001	15	4	29	0,7	8	20	33	90
12/04/2001	16	4	43	0,8	11	24	40	84
12/04/2001	17	4	40	0,9	11	21	39	84
12/04/2001	18	3	15	1	10	24	40	78
12/04/2001	19	3	10	1	10	24	39	76
12/04/2001	20	3	35	0,7	6	20	29	69
12/04/2001	21	3	49	0,9	4	22	29	59
12/04/2001	22	3	68	0,8	4	24	31	52
12/04/2001	23	3	45	0,7	5	36	43	25
13/04/2001	00	3	46	1,2	10	42	57	7
13/04/2001	01	3	49	0,7	4	23	30	33
13/04/2001	02	3	49	0,5	4	11	16	52
13/04/2001	03	3	43	0,5	4	11	17	50
13/04/2001	04	3	36	0,4	4	7	12	58
13/04/2001	05	3	20	0,4	4	5	11	60
13/04/2001	06	3	20	0,4	4	7	13	55
13/04/2001	07	3	29	0,4	5	6	12	59
13/04/2001	08	3	32	0,5	7	13	23	58
13/04/2001	09	4	38	0,7	7	14	25	76
13/04/2001	10	3	46	0,6	6	9	18	92
13/04/2001	11	4	26	0,7	6	9	18	100
13/04/2001	12	4	17	0,6	5	9	17	102
13/04/2001	13	3	18	0,6	7	13	24	98
13/04/2001	14	3	39					101
13/04/2001	15	3	20	0,5	6	13	21	107
13/04/2001	16	3	23	0,5	3	11	16	109
13/04/2001	17	3	21	0,7	4	14	21	110
13/04/2001	18	3	32	0,5	2	10	13	117
13/04/2001	19	3	32	0,5	3	13	17	109
13/04/2001	20	3	22	0,7	4	19	24	96
13/04/2001	21	3	53	0,8	4	35	41	58
13/04/2001	22	3	72	1,1	5	46	55	35
13/04/2001	23	3	39	1	4	32	38	52
14/04/2001	00	3	35	0,7	4	25	30	58
14/04/2001	01	3	40	0,6	3	18	23	61
14/04/2001	02	3	28	0,5	3	23	29	41
14/04/2001	03	3	30	0,5	4	20	26	53
14/04/2001	04	3	53	0,5	4	13	19	64
14/04/2001	05	3	72	0,4	4	12	19	56
14/04/2001	06	3	37	0,4	5	14	21	52
14/04/2001	07	3	41	0,3	5	13	21	63
14/04/2001	08	3	62	0,4	6	12	21	78
14/04/2001	09	4	46	0,5	6	13	22	89
14/04/2001	10	4	33	0,5	6	12	22	101
14/04/2001	11	4	29	0,9	10	22	36	93
14/04/2001	12	4	32	0,7	6	13	23	101
14/04/2001	13	3	51	0,6	5	11	18	102
14/04/2001	14	3	43	0,4	3	8	12	107
14/04/2001	15	3	44	0,4	2	8	10	110
14/04/2001	16	3	19	0,5	3	10	14	104
14/04/2001	17	3	33	0,5	4	11	17	100
14/04/2001	18	3	43	0,5	4	13	18	97
14/04/2001	19	3	39	0,4	4	10	15	98
14/04/2001	20	3	49	0,5	3	11	16	94
14/04/2001	21	3	57	0,6	4	30	37	45
14/04/2001	22	3	70	1,2	14	48	70	5
14/04/2001	23	3	59	0,8	6	31	39	22
15/04/2001	00	3	34	0,6	5	21	28	38
15/04/2001	01	3	33	0,6	5	19	27	39
15/04/2001	02	3	43	0,5	5	15	23	44
15/04/2001	03	3	45	0,5	5	11	18	50
15/04/2001	04	3	53	0,5	6	11	19	51
15/04/2001	05	3	32	0,4	6	11	19	48
15/04/2001	06	3	21	0,4	6	11	21	49
15/04/2001	07	3	34	0,4	6	9	18	55
15/04/2001	08	3	43	0,4	6	8	17	72
15/04/2001	09	3	32	0,7	8	12	24	90
15/04/2001	10	3	35	0,6	4	8	13	102
15/04/2001	11	3	51	0,6	6	11	19	98
15/04/2001	12	3	33	0,8	6	13	23	98
15/04/2001	13	3	33	0,7	6	14	23	99
15/04/2001	15	3	42	0,4	4	16	22	104
15/04/2001	16	3	32	0,5	6	12	21	98
15/04/2001	17	3	62	0,5	5	13	20	96
15/04/2001	18	3	46	0,7	8	19	31	91
15/04/2001	19	3	48	0,9	9	23	37	74
15/04/2001	20	3	47	0,4	3	13	17	73
15/04/2001	21	3	52	0,5	4	25	30	46
15/04/2001	22	3	67	0,6	2	26	30	36
15/04/2001	23	3	73	0,7	3	20	25	41
16/04/2001	00	3	112	0,7	4	26	31	23
16/04/2001	01	3	85	0,7	4	25	31	26
16/04/2001	02	3	57	0,6	6	17	26	45
16/04/2001	03	3	37	0,3	4	14	20	48
16/04/2001	04	3	32	0,4	4	12	18	58
16/04/2001	05	3	41	0,3	5	11	19	58
16/04/2001	06	3	33	0,2	5	11	18	65
16/04/2001	07	3	30	0,5	12	24	42	45
16/04/2001	08	3	45	0,4	7	13	24	64
16/04/2001	09	3	73	1	13	27	48	49
16/04/2001	10	3	65	0,9	9	24	37	70
16/04/2001	11	3	44	0,7	5	18	26	87
16/04/2001	12	3	42	0,6	5	16	24	94
16/04/2001	13	4	46	0,5	3	13	17	108
16/04/2001	14	3	63	0,4	2	5	7	121
16/04/2001	15	3	60	0,4	2	4	6	121
16/04/2001	16	4	73	0,6	3	13	17	100
16/04/2001	17	3	73	0,8	5	19	27	91
16/04/2001	18	4	67	1	6	26	35	80
16/04/2001	19	3	59	0,7	3	20	23	75
16/04/2001	20	3	88	0,7	2	32	34	50
16/04/2001	21	3	94	0,7	3	46	51	16
16/04/2001	22	3	89	0,7	3	30	35	34
16/04/2001	23	3	66	0,5	2	18	20	55
17/04/2001	00	3	93	0,4	2	16	18	58
17/04/2001	01	3	96	0,4	2	6	9	87
17/04/2001	02	3	58	0,4	2	7	10	89
17/04/2001	03	3	54	0,4	2	5	9	87
17/04/2001	04	3	53	0,4	2	10	12	63
17/04/2001	05	3	51	0,4	2	11	14	67
17/04/2001	06	3	47	1	6	29	38	45
17/04/2001	07	3	177	1,8	14	47	68	19
17/04/2001	08	3	211	0,6	6	19	28	60
17/04/2001	09	4	113	0,5	5	14	22	81
17/04/2001	10	3	63	0,4	3	12	18	92
17/04/2001	11	3	74	0,5	6	15	24	86
17/04/2001	12	3	76	0,5	4	13	19	91
17/04/2001	13	3	69	0,5	4	11	16	94
17/04/2001	14	3	113					96
17/04/2001	15	3	84	0,3	3	14	17	92
17/04/2001	16	3	67	0,3	2	12	14	91
17/04/2001	17	3	58	0,4	2	16	19	83
17/04/2001	18	3	62	0,5	3	18	23	79
17/04/2001	19	3	59	0,5	2	18	22	86
17/04/2001	20	3	55	0,5	2	16	18	87
17/04/2001	21	3	59	0,4	2	11	13	92
17/04/2001	22	3	63	0,4	2	9	11	96
17/04/2001	23	3	58	0,4	2	9	10	107
18/04/2001	00	3	65	0,4	2	6	8	107
18/04/2001	01	3	66	0,3	2	5	7	93
18/04/2001	02	3	62	0,3	2	6	7	93
18/04/2001	03	3	47	0,3	2	5	7	97
18/04/2001	04	3	34	0,3	2	6	8	98
18/04/2001	05	3	49	0,3	2	7	9	93
18/04/2001	06	3	64	0,6	2	18	21	63
18/04/2001	07	3	40	0,5	5	18	25	56
18/04/2001	08	3	31	0,8	10	32	46	23
18/04/2001	09	3	34	0,5	5	21	28	48
18/04/2001	10	3	33	0,4	5	24	31	58
18/04/2001	11	3	17	0,5	4	20	27	61
18/04/2001	12	3	18	0,5	6	18	26	66
18/04/2001	13	3	19	0,4	2	11	14	93
18/04/2001	14	3	24	0,3	3	10	13	92
18/04/2001	15	3	31	0,3	2	11	13	82
18/04/2001	16	3	41	0,4	2	14	17	79
18/04/2001	17	3	48	0,5	4	15	20	79
18/04/2001	18	3	36	0,5	2	18	20	74
18/04/2001	19	3	22	0,6	2	24	26	58
18/04/2001	20	3	25	1,1	9	32	46	38
18/04/2001	21	3	51	0,5	2	24	27	47
18/04/2001	22	3	51	0,6	3	32	36	24
18/04/2001	23	3	48	0,5	2	34	38	17
19/04/2001	00	3	41	0,4	2	24	27	24
19/04/2001	01	3	41	0,5	2	21	24	21
19/04/2001	02	3	46	0,4	2	17	20	24
19/04/2001	03	3	32	0,4	2	14	17	28
19/04/2001	04	3	34	0,3	2	13	17	28
19/04/2001	05	3	29	0,4	4	18	23	18
19/04/2001	06	3	34	0,6	11	26	42	7
19/04/2001	07	3	49	0,7	15	30	52	14
19/04/2001	08	3	63	0,6	12	28	47	30
19/04/2001	09	3	66	0,6	6	18	27	62
19/04/2001	10	3	49	0,7	10	23	38	68
19/04/2001	11	3	36	0,6	8	19	31	83
19/04/2001	12	3	32	0,5	3	12	17	97
19/04/2001	13	3	14	0,5	3	14	18	100
19/04/2001	14	3	42					101
19/04/2001	15	3	42	0,4	3	9	13	95
19/04/2001	16	3	34	0,4	3	10	14	97
19/04/2001	17	3	40	0,6	4	12	17	94
19/04/2001	18	3	31	0,5	2	9	13	95
19/04/2001	19	3	35	0,5	3	13	18	86
19/04/2001	20	3	41	0,5	2	13	17	81
19/04/2001	21	3	35	0,5	2	20	24	59
19/04/2001	22	3	41	0,7	4	28	35	35
19/04/2001	23	3	55	0,5	6	30	39	17
20/04/2001	00	3	56	0,4	2	13	17	40
20/04/2001	01	3	40	0,4	2	15	19	47
20/04/2001	02	3	29	0,4	3	13	17	44
20/04/2001	03	3	14	0,4	2	11	14	49
20/04/2001	04	3	27	0,4	2	12	15	40
20/04/2001	05	3	40	0,4	3	16	21	34
20/04/2001	06	3	46	0,8	10	32	48	14
20/04/2001	07	3	53	0,8	8	28	41	30
20/04/2001	08	3	49	0,6	6	20	29	54
20/04/2001	09	3	42	0,4	8	19	30	64
20/04/2001	10	3	62	0,5	8	23	35	58
20/04/2001	11	3	73	0,6	9	21	34	59
20/04/2001	12	3	48	0,7	7	19	30	67
20/04/2001	13	3	36	0,7	6	16	25	73
20/04/2001	14	3	30	0,7	9	16	31	77
20/04/2001	15	3	31	0,5	6	12	20	89
20/04/2001	16	3	34	0,8	8	20	32	78
20/04/2001	17	3	53	1,4	11	36	53	64
20/04/2001	18	3	55	1,7	19	33	62	55
20/04/2001	19	3	55	1	8	28	40	66
20/04/2001	20	3	57	0,8	6	22	32	71
20/04/2001	21	3	43	0,6	3	18	23	70
20/04/2001	22	3	44	0,8	7	40	51	14
20/04/2001	23	3	48	0,9	10	44	59	5
21/04/2001	00	3	43	0,7	5	25	33	26
21/04/2001	01	3	26	0,6	4	18	25	39
21/04/2001	02	3	32	0,5	4	12	18	45
21/04/2001	03	3	41	0,4	5	8	15	60
21/04/2001	04	3	30	0,3	5	7	13	70
21/04/2001	05	3	30	0,3	5	7	13	73
21/04/2001	06	3	23	0,3	6	18	27	56
21/04/2001	07	3	21	0,4	6	11	20	69
21/04/2001	08	3	22	0,3	6	6	13	84
21/04/2001	09	3	18	0,3	6	7	15	87
21/04/2001	10	3	13	0,3	5	6	13	93
21/04/2001	11	3	22	0,4	5	6	13	94
21/04/2001	12	3	23	0,4	4	6	12	97
21/04/2001	13	3	29	0,3	3	5	10	99
21/04/2001	14		28					103
21/04/2001	15	3	38	0,1	2	4	6	107
21/04/2001	16	3	26	0,2	2	4	6	106
21/04/2001	17	3	24	0,1	3	6	9	103
21/04/2001	18	3	28	0,2	3	5	9	101
21/04/2001	19	3	11	0,2	2	7	10	93
21/04/2001	20	3	27	0,3	3	13	18	78
21/04/2001	21	3	28	0,4	4	12	18	79
21/04/2001	22	3	46	0,6	5	17	25	64
21/04/2001	23	3	48	1	7	37	47	22
22/04/2001	00	3	40	1,3	13	38	58	16
22/04/2001	01	3	23	0,9	9	33	47	19
22/04/2001	02	3	33	0,3	3	13	18	56
22/04/2001	03	3	48	0,3	5	9	16	56
22/04/2001	04	3	22	0,3	4	8	14	56
22/04/2001	05	3	23	0,3	4	6	13	55
22/04/2001	06		10					49
22/04/2001	07	3	24	0,3	2	4	6	55
22/04/2001	08	3	20	0,3	2	4	6	66
22/04/2001	09	3	22	0,4	2	4	6	74
22/04/2001	10	3	28	0,4	2	4	6	89
22/04/2001	11	3	34	0,5	2	5	8	95
22/04/2001	12	3	36	0,6	2	7	8	96
22/04/2001	13		84		3	11	15	97
22/04/2001	14	4	62	0,5	2	12	14	103
22/04/2001	15	4	45	0,6	2	9	12	102
22/04/2001	16	4	40	0,6	2	11	13	104
22/04/2001	17	4	39	0,9	3	19	24	91
22/04/2001	18	4	41	1	4	18	24	82
22/04/2001	19	3	38	0,8	3	16	19	75
22/04/2001	20	3	58	0,8	2	28	30	39
22/04/2001	21	4	65	0,9	2	31	32	31
22/04/2001	22	4	74	0,8	3	21	24	43
22/04/2001	23	4	55	0,7	3	11	15	63
23/04/2001	00	3	43	0,5	2	5	7	65
23/04/2001	01	4	35	0,4	2	4	6	58
23/04/2001	02	3	32	0,7	2	11	13	37
23/04/2001	03	3	32	0,5	3	6	10	48
23/04/2001	04	3	23	0,4	2	4	6	56
23/04/2001	05	3	22	0,4	2	4	6	52
23/04/2001	06	3	10	0,4	2	4	6	47
23/04/2001	07	3	17	0,4	2	4	6	45
23/04/2001	08	4	34	0,5	4	5	11	40
23/04/2001	09	3	48	0,5	2	4	6	42
23/04/2001	10	3	33	0,4	2	5	7	44
23/04/2001	11	3	28	0,4	2	4	7	49
23/04/2001	12	3	36	0,4	2	4	6	54
23/04/2001	13	3	56	0,4	2	4	7	55
23/04/2001	14	3	35	0,3	2	4	6	54
23/04/2001	15	3	19	0,4	2	4	6	59
23/04/2001	16	3	17	0,5	2	6	8	63
23/04/2001	17	3	8	0,6	2	5	8	61
23/04/2001	18	4	23	1,3	5	21	27	57
23/04/2001	19	5	47	1,7	9	27	40	39
23/04/2001	20	4	67	1,3	6	27	35	19
23/04/2001	21	4	56	1,4	20	36	65	6
23/04/2001	22	4	69	1,2	15	31	54	7
23/04/2001	23	3	54	0,7	2	23	24	11
24/04/2001	00	3	43	0,7	2	18	20	16
24/04/2001	01	3	52	0,5	2	7	8	35
24/04/2001	02	3	26	0,4	2	5	7	34
24/04/2001	03	4	38	0,5	2	5	6	36
24/04/2001	04	3	38	0,5	2	4	6	37
24/04/2001	05	3	28	0,5	2	7	8	36
24/04/2001	06	4	35	0,6	4	14	20	31
24/04/2001	07	5	58	0,9	3	14	18	36
24/04/2001	08	5	89	1,2	5	14	22	38
24/04/2001	09	7	85	1,2	14	22	44	34
24/04/2001	10	7	82	1,2	12	23	42	48
24/04/2001	11	6	85	1	6	19	29	63
24/04/2001	12	7	74	1,4	11	22	39	61
24/04/2001	13	4	60					58
24/04/2001	14	4	34	0,9	10	21	37	60
24/04/2001	15	4	48	0,5	4	12	17	77
24/04/2001	16	4	43	0,8	11	21	37	66
24/04/2001	17	3	50	0,5	3	13	17	58
24/04/2001	18	3	67	0,5	2	16	20	50
24/04/2001	19	3	54	0,7	4	23	30	35
24/04/2001	20	3	78	0,6	3	22	27	32
24/04/2001	21	3	84	0,6	3	23	28	29
24/04/2001	22	3	72	0,5	3	19	23	32
24/04/2001	23	3	68	0,4	3	12	16	36
25/04/2001	00	3	65	0,4	3	11	15	31
25/04/2001	01	3	74	0,4	3	13	17	24
25/04/2001	02	3	71	0,4	4	20	27	11
25/04/2001	03	3	67	0,4	4	16	22	15
25/04/2001	04	3	63	0,3	4	11	16	24
25/04/2001	05	3	34	0,4	4	8	14	37
25/04/2001	06	3	38	0,4	4	10	15	52
25/04/2001	07	3	50	0,4	5	11	18	52
25/04/2001	08	3	67	0,5	5	10	17	57
25/04/2001	09	3	80	0,4	5	8	15	60
25/04/2001	10	3	78	0,6	7	9	19	57
25/04/2001	11	3	72	0,4	5	8	15	65
25/04/2001	12	3	93	0,5	6	13	22	69
25/04/2001	13	3	67	0,3	4	10	16	79
25/04/2001	14	3	51	0,3	3	10	13	85
25/04/2001	15	3	54	0,3	3	12	16	92
25/04/2001	16	3	36	0,4	5	13	20	88
25/04/2001	17	3	35	0,5	4	14	20	81
25/04/2001	18	3	38	0,5	3	13	18	80
25/04/2001	19	3	41	0,5	3	16	21	70
25/04/2001	20	3	45	0,8	4	29	35	41
25/04/2001	21	3	53	0,6	4	20	26	52
25/04/2001	22	3	61	0,5	4	16	22	55
25/04/2001	23	4	54	0,5	4	23	30	42
26/04/2001	00	5	56	0,5	4	18	24	41
26/04/2001	01	3	55	0,4	4	16	23	35
26/04/2001	02	3	50	0,4	4	17	23	29
26/04/2001	03	3	64	0,4	4	16	23	24
26/04/2001	04	3	44	0,4	5	14	21	25
26/04/2001	05	3	41	0,5	7	23	33	15
26/04/2001	06	4	44	0,8	14	33	53	12
26/04/2001	07	5	64	1,2	16	31	55	24
26/04/2001	08	5	70	0,7	10	23	38	57
26/04/2001	09	4	69	0,5	7	14	25	71
26/04/2001	10	4	59	0,6	6	15	25	78
26/04/2001	11	4	70	0,6	6	12	22	85
26/04/2001	12	4	67	0,8	8	15	28	88
26/04/2001	13	3	73					95
26/04/2001	14	3	44	0,4	2	11	14	93
26/04/2001	15	3	46	0,4	2	9	12	97
26/04/2001	16	3	42	0,4	3	10	13	95
26/04/2001	17	3	56	0,3	2	10	11	95
26/04/2001	18	3	54	0,5	2	15	18	81
26/04/2001	19	3	54	0,6	2	15	17	80
26/04/2001	20	3	45	0,6	2	15	17	76
26/04/2001	21	3	45	0,4	2	11	13	81
26/04/2001	22	3	40	0,4	2	15	17	65
26/04/2001	23	3	26	0,4	2	18	20	52
27/04/2001	00	4	43	0,3	2	16	17	56
27/04/2001	01	3	39	0,3	2	13	14	56
27/04/2001	02	3	41	0,3	2	10	11	54
27/04/2001	03	3	42	0,3	2	10	11	48
27/04/2001	04	3	40	0,4	2	11	13	56
27/04/2001	05	3	41	0,4	2	21	23	35
27/04/2001	06	4	53	0,9	27	38	79	6
27/04/2001	07	7	77	1	28	40	84	7
27/04/2001	08	4	95	1,4	13	32	52	48
27/04/2001	09	3	76	0,8	8	25	37	63
27/04/2001	10	4	58	0,9	10	24	39	66
27/04/2001	11	5	75	0,8	8	19	32	75
27/04/2001	12	5	74	1,1	7	19	29	80
27/04/2001	13	5	69	1,1	7	23	33	80
27/04/2001	14	5	61	1	6	19	28	85
27/04/2001	15	4	54	0,7	4	13	20	91
27/04/2001	16	3	57	1	6	24	32	69
27/04/2001	17	3	57	1,1	5	19	27	64
27/04/2001	18	3	45	0,9	2	21	23	59
27/04/2001	19	3	40	0,8	3	23	27	54
27/04/2001	20	3	41	0,5	3	11	15	94
27/04/2001	21	3	39	0,9	5	27	35	65
27/04/2001	22	3	16	1,1	5	34	41	47
27/04/2001	23	3	22	1	3	28	33	43
28/04/2001	00	3	34	0,9	3	34	39	17
28/04/2001	01	3	35	0,9	4	29	36	19
28/04/2001	02	3	24	0,6	2	16	19	41
28/04/2001	03	3	53	0,4	2	14	17	46
28/04/2001	04	3	31	0,4	4	11	16	50
28/04/2001	05	3	10	0,4	2	9	11	56
28/04/2001	06	3	31	0,5	2	14	17	57
28/04/2001	07	3	36	0,5	3	15	20	56
28/04/2001	08	3	31	0,7	6	18	28	62
28/04/2001	09	3	48	1	10	23	39	66
28/04/2001	10	3	54	0,9	6	16	26	86
28/04/2001	11	3	49	1	6	16	25	85
28/04/2001	12	3	45	1,1	8	20	32	83
28/04/2001	13		54					87
28/04/2001	14	3	62	0,5	4	13	18	96
28/04/2001	15	3	51	0,7	5	12	19	92
28/04/2001	16	3	43	0,8	4	16	23	89
28/04/2001	17	3	32	0,8	5	12	21	87
28/04/2001	18	3	31	0,9	6	16	25	81
28/04/2001	19	3	35	1,1	5	18	26	71
28/04/2001	20	3	21	0,9	4	20	26	60
28/04/2001	21	3	29	0,7	3	23	26	50
28/04/2001	22	3	54	1	5	23	31	53
28/04/2001	23	3	52	0,8	2	21	24	42
29/04/2001	00	3	55	0,9	3	31	36	14
29/04/2001	01	3	51	0,7	3	21	25	19
29/04/2001	02	3	60	0,7	2	15	19	23
29/04/2001	03	3	60	0,5	3	10	14	37
29/04/2001	04	3	45	0,4	2	9	12	37
29/04/2001	05	3	33	0,4	2	10	13	37
29/04/2001	06	3	36	0,3	3	9	14	32
29/04/2001	07	3	28	0,4	4	9	14	36
29/04/2001	08	3	22	0,6	4	11	17	55
29/04/2001	09	3	42	0,6	7	12	23	53
29/04/2001	10	3	57	0,7	5	13	20	78
29/04/2001	11	3	55	0,7	4	12	19	85
29/04/2001	12	4	42	0,6	3	10	15	91
29/04/2001	13	4	41	0,6	4	11	17	90
29/04/2001	14	3	35	0,5	2	9	12	94
29/04/2001	15	3	28	0,6	3	11	16	91
29/04/2001	16	3	45	0,7	4	10	15	92
29/04/2001	17	3	27	0,8	3	12	18	99
29/04/2001	18	3	32	1	5	15	22	95
29/04/2001	19	3	43	1,1	5	20	27	87
29/04/2001	20	3	43	0,6	2	9	10	103
29/04/2001	21	3	38	0,6	2	11	12	94
29/04/2001	22	3	40	0,6	2	10	11	91
29/04/2001	23	3	42	0,6	2	9	10	90
30/04/2001	00	3	45	0,5	2	4	6	95
30/04/2001	01	3	35	0,4	2	5	6	85
30/04/2001	02	3	36	0,4	2	4	6	86
30/04/2001	03	3	36	0,4	2	4	6	76
30/04/2001	04	3	30	0,5	2	4	6	69
30/04/2001	05	3	30	0,5	2	6	8	65
30/04/2001	06	3	37	0,5	2	8	11	64
30/04/2001	07	3	34	0,5	5	13	20	58
30/04/2001	08	3	24	0,8	6	12	21	60
30/04/2001	09	3	52	0,4	3	8	12	67
30/04/2001	10	3	55	0,5	4	8	14	74
30/04/2001	11	3	74	0,4	3	8	12	85
30/04/2001	12	3	77	0,5	3	8	12	89
30/04/2001	13		93					92
30/04/2001	14	3	62	0,2	2	6	8	96
30/04/2001	15	3	52	0,1	2	5	7	96
30/04/2001	16	3	40	0,2	2	8	11	95
30/04/2001	17	3	24	0,2	2	5	7	96
30/04/2001	18	3	25	0,2	2	9	10	89
30/04/2001	19	4	10	0,3	3	15	19	74
30/04/2001	20	5	29	0,7	4	39	45	26
30/04/2001	21	4	35	1,6	55	49	133	5
30/04/2001	22	3	63	0,5	6	35	44	15
30/04/2001	23	3	47	0,3	2	20	24	33
01/05/2001	00	3	33	0,3	3	17	22	34
01/05/2001	01	3	29	0,3	2	14	17	43
01/05/2001	02	3	26	0,2	3	9	12	71
01/05/2001	03	3	23	0,2	2	6	10	84
01/05/2001	04	3	29	0,3	2	5	9	84
01/05/2001	05	3	38	0,3	3	5	9	83
01/05/2001	06	3	41	0,3	5	10	17	76
01/05/2001	07	3	48	0,4	4	10	17	82
01/05/2001	08	3	40	0,3	5	9	16	89
01/05/2001	09	3	38	0,3	6	9	16	90
01/05/2001	10	3	36	0,6	6	12	20	87
01/05/2001	11	3	21	0,4	5	11	18	86
01/05/2001	12	3	22	0,5	5	11	19	86
01/05/2001	13	3	27	0,4	3	12	17	92
01/05/2001	14	3	19	0,3	2	8	11	100
01/05/2001	15	3	13	0,3	2	6	9	98
01/05/2001	16	3	15	0,4	3	8	12	93
01/05/2001	17	3	20	0,6	3	12	16	88
01/05/2001	18	3	24	0,9	6	17	27	75
01/05/2001	19	3	24	1,1	9	23	37	66
01/05/2001	20	3	36	0,9	6	19	28	64
01/05/2001	21	3	41	0,4	3	7	11	83
01/05/2001	22	3	18	0,4	3	8	13	76
01/05/2001	23	3	7	0,4	3	12	16	62
02/05/2001	00	3	8	0,4	2	6	10	68
02/05/2001	01	3	8	0,4	3	7	11	65
02/05/2001	02	3	22	0,3	2	4	9	71
02/05/2001	03	3	15	0,3	3	5	10	62
02/05/2001	04	3	23	0,4	3	6	10	59
02/05/2001	05	3	25	0,4	4	13	18	43
02/05/2001	06	3	11	0,7	7	24	35	30
02/05/2001	07	3	58	0,9	9	22	35	34
02/05/2001	08	4	70	1	18	36	62	30
02/05/2001	09	4	103	0,5	7	13	25	75
02/05/2001	10	3	78	0,7	6	17	27	85
02/05/2001	11	3	80	0,7	8	16	28	91
02/05/2001	12	3	57	0,7	5	14	22	88
02/05/2001	13		21					65
02/05/2001	14	3	29	0,4	3	18	23	72
02/05/2001	15	3	30	0,4	2	16	19	80
02/05/2001	16	3	27	0,5	4	19	26	81
02/05/2001	17	3	45	0,9	10	30	46	74
02/05/2001	18	3	82	0,7	4	17	23	88
02/05/2001	19	3	47	0,6	3	14	16	87
02/05/2001	20	3	38	0,5	2	16	17	70
02/05/2001	21	3	53	0,4	2	15	16	63
02/05/2001	22	3	31	0,3	2	8	10	77
02/05/2001	23	3	23	0,2	2	5	6	85
03/05/2001	00	3	25	0,2	2	4	6	85
03/05/2001	01	3	15	0,1	2	4	6	82
03/05/2001	02	3	11	0,2	2	4	6	78
03/05/2001	03	3	22	0,1	2	4	6	77
03/05/2001	04	3	13	0,1	2	4	6	80
03/05/2001	05	3	12	0,4	3	9	12	63
03/05/2001	06	3	40	2	28	36	79	19
03/05/2001	07	5	73	2	42	62	126	11
03/05/2001	08	3	81	0,7	8	28	41	44
03/05/2001	09	3	49	0,5	4	13	19	74
03/05/2001	10	4	39	0,7	10	23	39	79
03/05/2001	11	3	36	0,5	9	26	39	86
03/05/2001	12	3	58	0,6	8	18	30	89
03/05/2001	13	3	52	0,7	6	21	30	86
03/05/2001	14	3	43	0,9	14	31	53	72
03/05/2001	15	3	201	0,7	6	23	31	83
03/05/2001	16	3	92	0,5	5	24	31	92
03/05/2001	17	3	51	0,5	3	10	15	101
03/05/2001	18	3	44	0,9	9	25	38	83
03/05/2001	19	3	57	0,7	4	25	31	73
03/05/2001	20	3	46	1,4	13	33	53	45
03/05/2001	21	3	32	0,9	5	22	29	55
03/05/2001	22	3	37	0,5	2	9	11	65
03/05/2001	23	3	29	0,3	2	11	13	58
04/05/2001	00	3	26	0,3	2	8	9	66
04/05/2001	01	3	17	0,2	2	4	6	69
04/05/2001	02	3	15	0,3	2	6	7	62
04/05/2001	03	3	31	0,4	2	5	6	57
04/05/2001	04	3	17	0,4	2	7	8	42
04/05/2001	05	3	7	0,4	2	15	16	33
04/05/2001	06	3	19	0,7	6	27	35	25
04/05/2001	07	3	29	0,9	9	31	45	29
04/05/2001	08	3	28	0,9	9	30	43	28
04/05/2001	09	3	30	0,5	3	17	21	79
04/05/2001	10	3	18	0,4	2	11	14	93
04/05/2001	11	3	40	0,8	3	11	15	100
04/05/2001	12	3	41	0,6	6	15	23	100
04/05/2001	13		24					105
04/05/2001	14	3	23	0,5	10	16	31	94
04/05/2001	15	3	51	1,1	12	32	50	69
04/05/2001	16	3	33	1,2	15	36	59	71
04/05/2001	17	3	48	1,1	10	32	47	63
04/05/2001	18	3	55	1,3	11	30	47	60
04/05/2001	19	3	64	1,4	13	35	54	52
04/05/2001	20	3	58	1,3	11	31	48	48
04/05/2001	21	3	54	0,9	7	28	40	52
04/05/2001	22	3	27	1,4	9	41	54	24
04/05/2001	23	3	25	1	7	23	34	58
05/05/2001	00	3	45	1	9	28	41	34
05/05/2001	01	3	61	1,3	14	29	51	35
05/05/2001	02	3	64	0,5	3	10	15	71
05/05/2001	03	3	31	0,5	2	12	16	64
05/05/2001	04	3	31	0,4	3	8	13	75
05/05/2001	05	3	19	0,4	3	8	12	71
05/05/2001	06	3	42	0,5	7	13	23	59
05/05/2001	07	3	37	0,6	10	20	36	51
05/05/2001	08	3	50	0,4	5	10	17	68
05/05/2001	09	3	27	0,3	4	10	16	83
05/05/2001	10	3	19	0,4	6	10	18	80
05/05/2001	11	3	29	0,5	11	15	33	77
05/05/2001	12	3	73	0,4	4	10	16	90
05/05/2001	13	3	56	0,3	2	5	8	98
05/05/2001	14	3	41	0,3	2	5	7	103
05/05/2001	15	3	15	0,3	2	4	6	105
05/05/2001	16	3	6	0,4	2	6	8	106
05/05/2001	17	3	31	0,4	2	7	9	103
05/05/2001	18	3	25	0,4	2	7	8	102
05/05/2001	19	3	13	0,5	2	10	12	93
05/05/2001	20	3	22	0,6	2	19	22	81
05/05/2001	21	3	38	0,7	3	30	35	57
05/05/2001	22	3	41	1	5	32	40	39
05/05/2001	23	3	37	1,4	15	45	67	14
06/05/2001	00	3	48	1,3	9	41	55	16
06/05/2001	01	3	49	0,7	3	22	27	48
06/05/2001	02	3	30	0,4	4	9	14	66
06/05/2001	03	3	17	0,5	4	8	13	66
06/05/2001	04	3	26	0,4	4	6	12	69
06/05/2001	05	3	15	0,4	4	6	11	68
06/05/2001	06	3	24	0,4	4	6	12	69
06/05/2001	07	3	16	0,5	4	10	15	57
06/05/2001	08	3	24	0,6	5	13	20	52
06/05/2001	09	3	23	0,6	4	10	17	62
06/05/2001	10	3	32	0,9	5	13	21	82
06/05/2001	11	4	18	0,9	7	13	24	88
06/05/2001	12	4	22	0,8	4	13	19	97
06/05/2001	13		11					102
06/05/2001	14	4	24	0,5	3	11	15	102
06/05/2001	15	3	37	0,5	5	10	17	94
06/05/2001	16	3	42	0,7	6	14	23	93
06/05/2001	17	3	47	0,5	2	9	11	98
06/05/2001	18	3	32	0,7	4	14	19	96
06/05/2001	19	3	47	0,5	2	8	10	104
06/05/2001	20	3	47	0,6	2	14	17	78
06/05/2001	21	3	47	0,6	3	23	27	45
06/05/2001	22	3	72	0,8	3	28	34	37
06/05/2001	23	3	63	0,4	3	10	14	79
07/05/2001	00	3	46	0,3	2	7	10	81
07/05/2001	01	3	31	0,3	2	5	8	80
07/05/2001	02	3	29	0,3	3	5	8	79
07/05/2001	03	3	12	0,3	3	5	8	73
07/05/2001	04	3	27	0,3	3	5	9	69
07/05/2001	05	3	39	0,4	4	8	13	57
07/05/2001	06	3	42	0,5	5	14	22	55
07/05/2001	07	3	42	0,6	8	17	30	55
07/05/2001	08	3	56	0,9	7	16	26	61
07/05/2001	09	4	41	0,6	8	16	29	83
07/05/2001	10	4	106	0,9	10	22	38	78
07/05/2001	11	4	118	0,9	11	19	36	82
07/05/2001	12	4	112	1,2	14	28	49	75
07/05/2001	13	5	110	0,9	12	21	39	79
07/05/2001	14	4	70	1	10	23	38	79
07/05/2001	15	4	132	0,8	12	22	41	78
07/05/2001	16	4	97	0,7	6	17	26	87
07/05/2001	17	3	62	0,5	4	12	19	94
07/05/2001	18	3	34	0,7	4	13	20	90
07/05/2001	19	3	48	0,6	3	14	18	85
07/05/2001	20	3	32	0,7	3	16	21	77
07/05/2001	21	3	37	0,6	3	13	18	73
07/05/2001	22	3	27	0,6	6	36	45	21
07/05/2001	23	3	49	0,6	4	24	30	33
08/05/2001	00	3	29	0,4	3	12	17	47
08/05/2001	01	3	47	0,4	3	7	11	55
08/05/2001	02	3	39	0,4	3	7	12	54
08/05/2001	03	3	34	0,4	4	6	11	52
08/05/2001	04	3	45	0,4	4	6	12	49
08/05/2001	05	3	41	0,4	4	8	14	42
08/05/2001	06	3	42	0,7	10	20	35	19
08/05/2001	07	4	52	1,4	22	36	69	22
08/05/2001	08	4	73	1	12	20	39	56
08/05/2001	09	3	74	0,6	6	14	23	82
08/05/2001	10	4	54	0,6	7	11	22	91
08/05/2001	11	4	54	0,6	5	11	18	96
08/05/2001	12	4	81	0,9	9	19	33	88
08/05/2001	13		93					98
08/05/2001	14	3	61	0,5	5	11	19	99
08/05/2001	15	3	49	0,3	3	8	11	107
08/05/2001	16	3	41	0,3	3	9	13	106
08/05/2001	17	3	33	0,3	2	6	9	111
08/05/2001	18	3	21	0,4	2	8	10	105
08/05/2001	19	3	31	0,5	2	13	16	91
08/05/2001	20	3	42	0,5	3	16	21	78
08/05/2001	21	3	38	0,3	3	8	13	82
08/05/2001	22	3	33	0,3	3	5	9	79
08/05/2001	23	3	54	0,2	2	4	7	76
09/05/2001	00	3	28	0,1	2	5	8	74
09/05/2001	01	3	21	0,1	3	7	11	65
09/05/2001	02	3	41	0,2	2	4	7	75
09/05/2001	03	3	39	0,2	2	5	9	66
09/05/2001	04	3	33	0,2	2	7	9	61
09/05/2001	05	3	28	0,2	3	14	18	64
09/05/2001	06	3	35	1,5	34	50	103	31
09/05/2001	07	3		1	11	27	43	37
09/05/2001	08	3		0,7	9	20	33	62
09/05/2001	09	3	83	0,4	5	12	20	85
09/05/2001	10	3	136	0,4	3	9	14	91
09/05/2001	11	3	115	0,4	5	12	19	88
09/05/2001	12	3	100	0,6	6	17	27	81
09/05/2001	13	3	101	0,6	4	13	19	84
09/05/2001	14	3	82	0,5	4	12	18	84
09/05/2001	15	3	84	0,5	4	10	16	91
09/05/2001	16	3	77	0,5	4	11	18	91
09/05/2001	17	3	57	0,5	2	14	18	76
09/05/2001	18	3	63	0,6	3	17	22	55
09/05/2001	19	3	63	0,7	4	21	28	56
09/05/2001	20	3	53	0,9	6	23	32	53
09/05/2001	21	3	42	0,6	4	16	22	59
09/05/2001	22	3	26	0,4	2	7	10	76
09/05/2001	23	3	27	0,4	2	5	8	83
10/05/2001	00	3	22	0,4	2	4	6	85
10/05/2001	01	3	24	0,4	2	4	7	81
10/05/2001	02	3	25	0,3	2	4	6	85
10/05/2001	03	3	30	0,3	2	4	7	86
10/05/2001	04	3	29	0,3	2	4	6	94
10/05/2001	05	3	33	0,3	4	5	9	94
10/05/2001	06	3	20	0,7	5	20	27	61
10/05/2001	07	3	106	1	9	24	37	50
10/05/2001	08	3	55	0,9	7	19	30	57
10/05/2001	09	3	71	0,5	7	12	23	74
10/05/2001	10	3	98	0,4	4	6	12	83
10/05/2001	11	3	112	0,5	3	6	11	90
10/05/2001	12	3	143	0,7	4	8	14	96
10/05/2001	13		120					104
10/05/2001	14	4	47	0,3	2	9	12	104
10/05/2001	15	3	41	0,2	2	8	10	105
10/05/2001	16	3	46	0,5	5	19	27	89
10/05/2001	17	3	48	0,5	4	16	21	93
10/05/2001	18	3	44	0,4	3	16	20	95
10/05/2001	19	3	46	0,6	3	21	25	85
10/05/2001	20	3	55	0,7	3	27	31	60
10/05/2001	21	3	56	1	5	39	46	26
10/05/2001	22	3	54	0,8	5	44	52	11
10/05/2001	23	3	65	0,7	5	34	40	35
11/05/2001	00	3	59	0,5	4	26	33	41
11/05/2001	01	3	36	0,4	3	12	16	67
11/05/2001	02	3	19	0,3	3	7	11	79
11/05/2001	03	3	21	0,3	3	5	10	78
11/05/2001	04	3	13	0,3	2	5	9	76
11/05/2001	05	3	30	0,5	5	14	21	59
11/05/2001	06	3	37	0,8	9	28	41	36
11/05/2001	07	4	72	2,3	44	48	114	21
11/05/2001	08	5	146	2	39	37	97	36
11/05/2001	09	3	88	0,6	6	18	28	76
11/05/2001	10	3	82	0,5	5	14	22	89
11/05/2001	11	5	97	0,5	4	13	18	93
11/05/2001	12	5	48	1	10	22	37	91
11/05/2001	13	4	47	0,8	7	22	33	95
11/05/2001	14	5	47	1,1	10	22	38	93
11/05/2001	15	5	50	0,9	7	25	36	95
11/05/2001	16	5	53	1,1	11	30	48	89
11/05/2001	17	4	56	1,1	9	26	38	92
11/05/2001	18	4	57	1,4	8	29	41	91
11/05/2001	19	3	53	1,5	9	30	44	84
11/05/2001	20	3	42	1,5	10	34	50	73
11/05/2001	21	3	45	1,2	8	29	41	81
11/05/2001	22	3	53	1	5	26	33	80
11/05/2001	23	3	35	1,1	8	40	52	38
12/05/2001	00	3	42	0,6	4	20	25	57
12/05/2001	01	3	44	0,5	3	15	20	59
12/05/2001	02	3	53	0,5	3	11	15	70
12/05/2001	03	3	57	0,4	3	11	15	73
12/05/2001	04	3	39	0,4	3	11	15	75
12/05/2001	05	3	39	0,5	3	11	16	74
12/05/2001	06	3	58	0,5	4	19	25	57
12/05/2001	07	3	50	0,7	8	18	31	57
12/05/2001	08	5	69	1,6	19	40	68	43
12/05/2001	09	4	82	1,1	9	26	39	79
12/05/2001	10	5	64	0,9	7	18	29	96
12/05/2001	11	7	43	1,2	8	25	37	97
12/05/2001	12	11	43	1,1	8	27	38	101
12/05/2001	13		60					106
12/05/2001	14	6	44	0,6	3	14	18	112
12/05/2001	15	5	41	0,5	3	13	17	110
12/05/2001	16	4	33	0,7	3	14	19	109
12/05/2001	17	4	36	0,8	4	15	20	105
12/05/2001	18	3	41	0,7	5	17	25	102
12/05/2001	19	3	46	0,5	2	12	14	101
12/05/2001	20	3	44	0,6	2	14	18	96
12/05/2001	21	3	56	0,6	3	14	19	92
12/05/2001	22	3	49	0,6	4	15	20	89
12/05/2001	23	3	66	0,6	4	17	22	76
13/05/2001	00	3	44	0,8	5	35	42	29
13/05/2001	01	3	55	0,8	9	35	49	8
13/05/2001	02	3	62	0,8	7	26	37	11
13/05/2001	03	3	48	0,6	5	20	28	16
13/05/2001	04	3	53	0,4	5	14	21	28
13/05/2001	05	3	45	0,3	4	11	18	43
13/05/2001	06	3	49	0,3	4	10	16	51
13/05/2001	07	3	14	0,5	6	13	22	52
13/05/2001	08	3	36	0,6	8	13	24	61
13/05/2001	09	3	43	0,8	8	16	28	77
13/05/2001	10	4	38	0,7	6	12	21	94
13/05/2001	11	4	50	0,7	4	14	21	108
13/05/2001	12	5	63	0,7	5	13	20	108
13/05/2001	13	7	59	0,7	4	13	19	103
13/05/2001	14	7	45	0,6	3	10	15	104
13/05/2001	15	4	56	0,5	3	8	12	112
13/05/2001	16	4	48	0,6	2	9	13	110
13/05/2001	17	4	41	0,6	2	10	12	107
13/05/2001	18	4	40	0,7	4	12	17	97
13/05/2001	19	3	46	0,8	5	14	22	86
13/05/2001	20	3	55	0,7	3	13	18	76
13/05/2001	21	3	56	0,6	3	11	16	70
13/05/2001	22	3	50	0,5	3	13	18	56
13/05/2001	23	3	66	0,5	3	14	19	49
14/05/2001	00	3	66	0,5	3	9	13	56
14/05/2001	01	3		0,4	3	10	14	48
14/05/2001	02	3		0,4	4	8	13	44
14/05/2001	03	3		0,5	3	10	14	41
14/05/2001	04	3		0,4	3	8	13	60
14/05/2001	05	3		0,3	3	4	9	77
14/05/2001	06	3		0,7	4	10	16	66
14/05/2001	07	3		0,7	14	19	41	53
14/05/2001	08	3		0,5	8	14	26	69
14/05/2001	09	3		0,4	5	9	16	80
14/05/2001	10	4		0,6	8	13	24	79
14/05/2001	11	4		0,5	8	15	27	83
14/05/2001	12	7		0,8	12	26	45	82
14/05/2001	13							89
14/05/2001	14	5		0,7	7	22	33	89
14/05/2001	15	4		0,7	7	24	35	90
14/05/2001	16	4		0,9	12	25	43	78
14/05/2001	17	4		0,9	7	25	35	81
14/05/2001	18	3		0,9	3	18	22	74
14/05/2001	19	3		0,7	2	17	19	72
14/05/2001	20	3		0,7	2	25	27	54
14/05/2001	21	3		0,7	3	34	38	28
14/05/2001	22	3		0,8	4	37	43	14
14/05/2001	23	3		0,7	4	35	42	14
15/05/2001	00	3		0,5	3	16	20	42
15/05/2001	01	3		0,6	2	8	11	62
15/05/2001	02	3		0,4	2	11	15	53
15/05/2001	03	3		0,4	3	13	18	43
15/05/2001	04	3		0,3	3	9	13	53
15/05/2001	05	3		0,4	4	13	19	48
15/05/2001	06	3		1,1	20	37	68	8
15/05/2001	07	3		1,5	46	57	127	13
15/05/2001	08	6		1,8	31	45	92	20
15/05/2001	09	7		1,1	17	33	59	52
