Red: Red de Vigilancia y Control de la Contaminación Atmosférica
Estación: 12040306-Castelló AP Mestral
	
FECHA	HORA	PM2.5	Veloc.	Direc.	Temp.	H.Rel.	PM10
		µg/m³	m/s	grados	°C	% H.R.	µg/m³
01/01/2025	00	18	0,8	271	11	98	20
01/01/2025	01	15	1,4	301	11,7	99	18
01/01/2025	02	8	3,3	1	12,6	98	10
01/01/2025	03	12	1,3	199	10,9	100	15
01/01/2025	04	9	1,3	254	10,2	100	10
01/01/2025	05	6	1,7	267	9,9	100	7
01/01/2025	06	8	1,4	259	10	100	8
01/01/2025	07	9	1,1	252	10,1	100	10
01/01/2025	08	14	0,8	263	10,5	100	15
01/01/2025	09	16	1,5	303	11,1	100	19
01/01/2025	10	12	2,9	360	12,6	100	15
01/01/2025	11	10	3,1	23	13,4	100	15
01/01/2025	12	7	3,5	37	13,8	100	9
01/01/2025	13	7	3,8	38	13,9	99	9
01/01/2025	14	6	3,6	37	13,9	100	9
01/01/2025	15	6	3,1	35	13,8	100	9
01/01/2025	16	7	3	41	13,8	100	9
01/01/2025	17	7	2,9	44	13,6	100	9
01/01/2025	18	8	3	40	13,6	100	11
01/01/2025	19	11	2,8	31	13,4	100	15
01/01/2025	20	10	2,7	38	13,1	100	14
01/01/2025	21	11	2,4	34	12,9	100	16
01/01/2025	22	27	0,9	264	11,1	100	29
01/01/2025	23	38	1,1	254	9,7	100	40
02/01/2025	00	25	1,2	253	9,4	100	26
02/01/2025	01	27	1,4	244	9	100	28
02/01/2025	02	21	1,3	239	8,9	100	22
02/01/2025	03	12	1,6	243	8,7	100	12
02/01/2025	04	11	1,6	247	8,7	100	11
02/01/2025	05	12	1,3	245	7,7	100	12
02/01/2025	06	11	1,4	243	8,3	100	12
02/01/2025	07	9	1,3	243	8,4	99	10
02/01/2025	08	12	0,6	238	7,8	100	16
02/01/2025	09	13	0,7	243	9,4	93	18
02/01/2025	10	11	0,5	235	12,8	82	34
02/01/2025	11	10	0,8	124	13,8	81	31
02/01/2025	12	6	0,9	83	13,8	85	14
02/01/2025	13	6	1,2	91	14,4	81	13
02/01/2025	14	5	1,6	117	13,8	82	8
02/01/2025	15	5	1,3	61	13,8	87	9
02/01/2025	16	5	2,1	29	13,5	91	6
02/01/2025	17	5	0,8	57	13,7	86	6
02/01/2025	18	5	1,3	48	13,5	91	8
02/01/2025	19	25	1	300	11	99	28
02/01/2025	20	22	1,2	266	10,3	100	26
02/01/2025	21	29	1,1	265	9,8	100	32
02/01/2025	22	25	1,2	256	8,9	100	28
02/01/2025	23	20	0,8	237	8,9	100	23
03/01/2025	00	19	1,3	231	8	100	21
03/01/2025	01	15	0,6	229	8,1	100	16
03/01/2025	02	14	1,3	235	7,1	100	15
03/01/2025	03	11	1,6	235	8,5	100	11
03/01/2025	04	11	1,3	238	7,9	100	11
03/01/2025	05	9	1,9	250	7,3	100	9
03/01/2025	06	9	1,9	246	7,8	100	9
03/01/2025	07	10	1,8	245	7,8	100	11
03/01/2025	08	11	1,3	254	7,7	100	16
03/01/2025	09	26	0,6	206	9,8	91	54
03/01/2025	10	27	1	221	12,3	83	99
03/01/2025	11	16	1	217	14,9	71	62
03/01/2025	12	23	2,8	147	14,4	77	93
03/01/2025	13	22	2,5	155	14,8	72	100
03/01/2025	14	5	1,1	102	16,2	69	19
03/01/2025	15	5	1,2	107	15,6	81	16
03/01/2025	16	4	0,8	53	15,7	91	9
03/01/2025	17	4	1	35	15	99	5
03/01/2025	18	15	0,5	29	13,8	98	17
03/01/2025	19	17	0,3	29	14	92	25
03/01/2025	20	7	2,7	40	14,7	87	9
03/01/2025	21	14	1,5	354	14,3	86	24
03/01/2025	22	24	0,5	218	13	86	31
03/01/2025	23	23	0,7	220	12,6	92	27
04/01/2025	00	20	1,1	239	11,8	93	23
04/01/2025	01	17	0,8	240	12	93	19
04/01/2025	02	15	0,9	236	12,1	93	16
04/01/2025	03	14	0,6	236	11,7	94	16
04/01/2025	04	14	0,4	235	11,4	95	18
04/01/2025	05	13	0,8	234	10,3	97	14
04/01/2025	06	12	0,4	248	9,8	99	13
04/01/2025	07	10	0,5	248	10,1	100	11
04/01/2025	08	8	1,6	245	10	100	9
04/01/2025	09	13	1,3	240	10,4	100	16
04/01/2025	10	17	0,5	233	13,1	92	22
04/01/2025	11	17	0,9	154	14,5	85	28
04/01/2025	12	18	0,7	153	16,2	76	26
04/01/2025	13	18	1	146	15,5	88	25
04/01/2025	14	8	1,9	132	15,1	91	9
04/01/2025	15	5	1,5	114	15,2	86	6
04/01/2025	16	5	0,9	78	15	91	6
04/01/2025	17	6	1,8	35	14,5	99	7
04/01/2025	18	16	1,1	7	13,4	100	18
04/01/2025	19	30	1,3	282	11,6	100	32
04/01/2025	20	22	0,6	267	11	100	25
04/01/2025	21	33	0,8	266	10,9	99	35
04/01/2025	22	28	1	262	10,3	99	30
04/01/2025	23	23	0,8	237	10,2	97	25
05/01/2025	00	21	0,7	237	8,9	100	23
05/01/2025	01	19	0,7	241	8,7	100	20
05/01/2025	02	17	1,1	237	8,4	100	18
05/01/2025	03	15	0,9	234	8,8	99	16
05/01/2025	04	14	1,1	236	8,4	100	14
05/01/2025	05	12	1	238	7,6	100	12
05/01/2025	06	10	0,9	237	8	98	11
05/01/2025	07	11	0,6	236	7,7	99	12
05/01/2025	08	11	0,7	235	7,6	98	12
05/01/2025	09	13	0,5	238	9	96	14
05/01/2025	10	18	0,7	243	10,5	93	20
05/01/2025	11	16	0,5	244	13,4	94	19
05/01/2025	12	15	0,7	139	13,1	91	17
05/01/2025	13	16	0,8	109	13,8	89	18
05/01/2025	14	16	1,2	48	14,3	89	17
05/01/2025	15	16	1,3	35	14,2	92	17
05/01/2025	16	12	1,4	23	14,2	91	21
05/01/2025	17	14	0,6	281	13,6	92	27
05/01/2025	18	18	0,7	276	13	99	24
05/01/2025	19	27	0,9	256	11,9	96	31
05/01/2025	20	26	0,5	242	11,8	95	30
05/01/2025	21	26	0,6	232	11,7	97	31
05/01/2025	22	22	2,1	165	13,3	86	30
05/01/2025	23	21	2,8	181	13,2	80	47
06/01/2025	00	12	4,5	154	14,4	65	22
06/01/2025	01	13	4,6	154	14,8	68	25
06/01/2025	02	14	3,6	153	14,6	84	23
06/01/2025	03	12	2,5	164	14,6	77	20
06/01/2025	04	13	1,5	187	13,9	85	22
06/01/2025	05	12	1	258	11,6	79	21
06/01/2025	06	10	1,1	205	11,9	76	16
06/01/2025	07	10	1,1	180	10,7	85	15
06/01/2025	08	9	1,1	164	12,2	82	13
06/01/2025	09	10	0,7	227	13,1	79	13
06/01/2025	10	6	2,1	197	15,4	76	9
06/01/2025	11	3	3,3	157	16,5	77	8
06/01/2025	12	3	3,9	155	16	81	8
06/01/2025	13	3	1,5	156	18	64	4
06/01/2025	14	2	2	156	17,8	67	3
06/01/2025	15	2	1,4	158	17,7	63	4
06/01/2025	16	4	0,7	158	17,1	65	5
06/01/2025	17	5	1,1	216	16,5	67	6
06/01/2025	18	2	2	282	16,5	59	2
06/01/2025	19	1	1,8	281	16,1	57	2
06/01/2025	20	3	1,4	292	14,9	65	7
06/01/2025	21	3	1,3	282	14,1	65	11
06/01/2025	22	2	0,9	260	13,4	64	4
06/01/2025	23	4	1	255	12,3	70	7
07/01/2025	00	2	2,1	259	12,9	58	2
07/01/2025	01	2	1,1	240	11,7	63	2
07/01/2025	02	2	0,8	214	11	67	2
07/01/2025	03	1	1,1	230	11	64	2
07/01/2025	04	1	1,2	230	11,1	61	2
07/01/2025	05	3	1,4	188	9,7	69	4
07/01/2025	06	4	0,5	182	9,2	74	9
07/01/2025	07	4	1,8	246	8,3	76	11
07/01/2025	08	7	1,4	246	9,6	68	29
07/01/2025	09	16	1,2	221	12	59	102
07/01/2025	10	18	1,2	182	13,9	56	86
07/01/2025	11	21	1,4	178	15,2	54	117
07/01/2025	12	10	1	221	17,6	37	62
07/01/2025	13	11	2,8	163	16,4	52	65
07/01/2025	14	9	3,9	153	15,3	65	42
07/01/2025	15	13	4	153	15,6	68	67
07/01/2025	16	16	2,6	149	15,8	76	90
07/01/2025	17	25	0,4	281	14,9	87	101
07/01/2025	18	12	1,1	289	14,4	94	26
07/01/2025	19	14	0,8	224	13,3	77	30
07/01/2025	20	16	1	232	12,4	79	31
07/01/2025	21	16	1	199	11,4	79	32
07/01/2025	22	15	0,7	191	10,7	80	31
07/01/2025	23	14	1,1	163	9,9	85	23
08/01/2025	00	11	1	191	10,2	81	17
08/01/2025	01	12	0,8	228	10,6	80	26
08/01/2025	02	11	0,6	238	9,8	85	15
08/01/2025	03	8	0,6	214	9,8	87	18
08/01/2025	04	5	0,9	216	9,5	88	7
08/01/2025	05	6	0,4	226	9	91	13
08/01/2025	06	6	0,9	235	8,3	94	12
08/01/2025	07	8	1	209	9,8	87	14
08/01/2025	08	12	0,6	256	10,2	87	33
08/01/2025	09	22	0,8	252	12,6	78	70
08/01/2025	10	41	0,9	220	15,3	70	109
08/01/2025	11	19	1,6	163	16,2	72	76
08/01/2025	12	21	2,6	157	15,5	83	62
08/01/2025	13	11	3,4	157	17,2	78	58
08/01/2025	14	14	3,5	160	18,4	70	94
08/01/2025	15	14	4,9	157	18,1	69	94
08/01/2025	16	12	3,1	158	19,2	54	71
08/01/2025	17	15	4,1	156	18,4	47	120
08/01/2025	18	9	4,3	158	18,3	40	55
08/01/2025	19	8	3,2	157	18,4	35	46
08/01/2025	20	4	1,5	211	17,7	31	17
08/01/2025	21	4	2,1	183	17,6	34	9
08/01/2025	22	4	2,9	156	17,5	41	13
08/01/2025	23	4	2,6	157	16,6	51	13
09/01/2025	00	4	2	166	15,6	62	13
09/01/2025	01	4	2,5	163	15,7	66	13
09/01/2025	02	5	2	158	14,9	74	8
09/01/2025	03	5	1,8	178	14,2	78	9
09/01/2025	04	5	1,6	164	13,6	82	7
09/01/2025	05	7	2,1	208	12,9	81	12
09/01/2025	06	5	1,4	205	13,7	82	8
09/01/2025	07	5	1,2	197	13,6	81	10
09/01/2025	08	9	1	244	13,2	85	23
09/01/2025	09	12	1,8	251	13,1	82	30
09/01/2025	10	15	1,4	211	16,3	70	59
09/01/2025	11	21	3,8	155	17	75	172
09/01/2025	12	21	3,9	153	18,6	67	189
09/01/2025	13	10	4	155	18,6	73	57
09/01/2025	14	11	3	159	19,3	70	49
09/01/2025	15	12	0,8	120	19,2	75	80
09/01/2025	16	3	1,9	293	21,1	46	19
09/01/2025	17	2	1,8	271	20,5	46	5
09/01/2025	18	6	1,3	250	18,7	52	22
09/01/2025	19	12	0,9	216	17,4	60	66
09/01/2025	20	9	1,5	249	16,6	64	19
09/01/2025	21	9	1,7	265	15,5	70	15
09/01/2025	22	8	1	205	14,9	75	15
09/01/2025	23	8	1,1	213	14,7	78	12
10/01/2025	00	11	1	228	13,5	84	17
10/01/2025	01	11	0,6	245	12	93	17
10/01/2025	02	11	0,6	227	11,3	96	13
10/01/2025	03	8	0,6	200	11,3	95	9
10/01/2025	04	8	0,3	192	10,4	98	11
10/01/2025	05	7	1,1	210	10,1	99	8
10/01/2025	06	10	0,9	192	10,4	99	13
10/01/2025	07	12	1,5	230	11,9	89	22
10/01/2025	08	13	1,1	214	13,2	84	38
10/01/2025	09	10	1,9	257	15,3	75	36
10/01/2025	10	8	2	247	18,3	64	40
10/01/2025	11	11	1,1	116	18,5	73	62
10/01/2025	12	6	2	119	16,5	94	12
10/01/2025	13	6	1,1	91	17,4	95	13
10/01/2025	14	4	0,6	38	18,4	88	8
10/01/2025	15	5	0,5	46	17,5	88	11
10/01/2025	16	5	1,3	114	16,5	96	11
10/01/2025	17	10	0,4	66	15,8	98	15
10/01/2025	18	6	0,5	51	15	100	9
10/01/2025	19	6	0,6	114	15	100	7
10/01/2025	20	18	1	240	13,9	99	20
10/01/2025	21	16	0,8	228	13,3	96	21
10/01/2025	22	23	0,3	267	12,7	98	35
10/01/2025	23	14	1,3	237	13,5	90	17
11/01/2025	00	7	1,1	223	15,7	72	10
11/01/2025	01	6	1,1	191	14,7	78	8
11/01/2025	02	6	1,1	190	14,2	83	9
11/01/2025	03	5	1,3	178	14,1	84	8
11/01/2025	04	4	1,3	250	15	78	7
11/01/2025	05	4	1,1	195	14,8	81	6
11/01/2025	06	5	0,9	233	15,2	79	7
11/01/2025	07	4	1,8	188	16,2	76	9
11/01/2025	08	5	0,7	200	16,5	74	9
11/01/2025	09	6	1,2	206	17,6	70	14
11/01/2025	10	3	1,9	240	19,4	66	7
11/01/2025	11	2	1,7	255	21,3	54	6
11/01/2025	12	2	3,2	284	23	45	11
11/01/2025	13	5	3,8	293	23,5	41	23
11/01/2025	14	12	3,6	304	22,9	40	48
11/01/2025	15	13	2,8	323	22,4	42	49
11/01/2025	16	11	3,5	327	20,4	51	41
11/01/2025	17	9	4,5	282	19,2	54	49
11/01/2025	18	12	6,1	278	19,1	46	43
11/01/2025	19	2	1,7	271	17,9	46	4
11/01/2025	20	2	3,2	276	17,9	38	5
11/01/2025	21	18	5,9	280	17,3	38	60
11/01/2025	22	8	4,1	255	16,7	43	26
11/01/2025	23	3	2,6	163	16,4	47	6
12/01/2025	00	2	2,4	294	15,9	48	4
12/01/2025	01	2	1,8	172	15,7	48	4
12/01/2025	02	1	0,9	198	15,5	46	3
12/01/2025	03	2	1,7	155	15,7	46	4
12/01/2025	04	6	3,5	266	15,4	49	23
12/01/2025	05	5	4,8	273	15,4	48	16
12/01/2025	06	2	4	269	15,3	47	6
12/01/2025	07	5	5,9	277	14,9	48	17
12/01/2025	08	12	8,1	276	14,6	51	38
12/01/2025	09	20	5,5	289	15,2	49	62
12/01/2025	10	36	5,3	296	15,9	46	100
12/01/2025	11	32	4,8	303	16,3	44	85
12/01/2025	12	19	4	303	17,3	39	51
12/01/2025	13	21	2,6	326	18,1	39	69
12/01/2025	14	10	1,6	58	18,1	38	36
12/01/2025	15	19	1,9	330	18	34	75
12/01/2025	16	37	3,2	349	16,5	40	125
12/01/2025	17	44	2,7	346	15,6	44	159
12/01/2025	18	52	2	347	14,3	56	206
12/01/2025	19	13	4	96	13	73	42
12/01/2025	20	9	4,1	121	12,2	84	13
12/01/2025	21	13	1,9	120	12,2	80	30
12/01/2025	22	13	1	252	9,6	90	24
12/01/2025	23	15	0,9	252	8,8	95	23
13/01/2025	00	20	0,6	248	8	99	27
13/01/2025	01	16	2,1	249	8,3	90	24
13/01/2025	02	5	2,4	250	8,3	58	8
13/01/2025	03	2	2	251	7,9	44	3
13/01/2025	04	3	2	251	7,8	45	4
13/01/2025	05	4	1,6	247	7,3	55	6
13/01/2025	06	9	1,3	231	6,5	68	17
13/01/2025	07	12	1,9	240	6	74	23
13/01/2025	08	12	1,7	236	5,9	75	26
13/01/2025	09	23	1,7	243	7	76	57
13/01/2025	10	20	1,5	244	9,9	58	42
13/01/2025	11	9	0,7	208	13,1	40	40
13/01/2025	12	7	2,3	118	12	49	22
13/01/2025	13	7	2,6	112	12,2	52	18
13/01/2025	14	6	2,7	112	12,2	53	13
13/01/2025	15	5	3,4	110	12	59	10
13/01/2025	16	7	2,2	95	11,8	64	22
13/01/2025	17	10	2,2	67	11,4	67	42
13/01/2025	18	12	2,8	45	11,2	67	54
13/01/2025	19	16	0,8	282	8,4	73	28
13/01/2025	20	19	0,7	273	7,6	75	26
13/01/2025	21	22	1,2	267	6,6	78	25
13/01/2025	22	9	1,6	257	6,1	78	11
13/01/2025	23	10	1,7	254	5,9	78	13
14/01/2025	00	10	2,2	249	5,6	80	13
14/01/2025	01	7	2,4	247	5,6	71	8
14/01/2025	02	5	1,7	245	5,4	61	7
14/01/2025	03	5	1,5	238	5,4	58	7
14/01/2025	04	6	1,4	220	4,6	61	10
14/01/2025	05	7	1,2	234	3,9	60	11
14/01/2025	06	6	1,7	234	4,6	51	12
14/01/2025	07	7	1,6	239	4,3	52	17
14/01/2025	08	12	1,6	236	4,8	50	49
14/01/2025	09	20	1,2	240	6	48	86
14/01/2025	10	15	0,7	194	9,9	42	66
14/01/2025	11	9	0,7	209	12,4	36	44
14/01/2025	12	6	1,5	127	11,8	33	20
14/01/2025	13	5	2,4	127	11,4	38	13
14/01/2025	14	5	2,8	133	11,4	45	14
14/01/2025	15	6	2,4	121	11,3	50	14
14/01/2025	16	8	2	112	11,1	57	29
14/01/2025	17	15	0,8	81	10,8	59	65
14/01/2025	18	19	0,2	180	9	67	80
14/01/2025	19	40	0,9	253	7,4	74	53
14/01/2025	20	14	1,3	258	6,6	74	18
14/01/2025	21	15	1,3	251	5,9	76	17
14/01/2025	22	21	1,7	248	6	73	23
14/01/2025	23	21	1	234	5,2	76	25
15/01/2025	00	13	1,6	241	5,4	70	17
15/01/2025	01	14	1,6	241	6,1	62	20
15/01/2025	02	18	0,3	220	4,8	69	26
15/01/2025	03	18	0,4	227	3,2	80	26
15/01/2025	04	15	0,5	234	2,7	79	20
15/01/2025	05	11	1,1	243	3,3	71	14
15/01/2025	06	10	1,4	244	3,5	68	14
15/01/2025	07	19	0,8	221	3,4	71	47
15/01/2025	08	31	0,7	228	3,3	71	93
15/01/2025	09	38	0,6	232	6,3	59	199
15/01/2025	10	30	0,3	224	10,3	53	117
15/01/2025	11	21	0,5	149	11,7	47	79
15/01/2025	12	17	1,9	149	11,7	48	53
15/01/2025	13	13	3,6	154	11,7	66	43
15/01/2025	14	9	3,2	152	12	55	20
15/01/2025	15	9	3,1	151	12,2	52	32
15/01/2025	16	15	2,2	152	12	55	88
15/01/2025	17	14	0,8	173	11,5	60	72
15/01/2025	18	25	0,5	242	10,2	65	110
15/01/2025	19	19	1,1	252	8,6	71	31
15/01/2025	20	26	0,8	251	7,8	76	38
15/01/2025	21	31	0,5	212	7	83	46
15/01/2025	22	32	0,9	244	6,2	86	42
15/01/2025	23	29	1	248	6,5	82	37
16/01/2025	00	28	1,5	250	6,3	82	35
16/01/2025	01	22	1,3	250	6,9	76	28
16/01/2025	02	20	1,1	253	6,6	77	26
16/01/2025	03	13	2,9	353	9,3	81	21
16/01/2025	04	12	1,2	258	8,5	74	21
16/01/2025	05	12	1	208	6	74	17
16/01/2025	06	15	1	225	5,2	76	25
16/01/2025	07	13	1,8	245	5,4	70	18
16/01/2025	08	11	2,8	306	8,5	75	19
16/01/2025	09	15	5,2	8	11,5	87	31
16/01/2025	10	17	5,8	17	12,3	85	32
16/01/2025	11	14	6,3	30	12,6	86	24
16/01/2025	12	18	6,7	28	12,6	86	28
16/01/2025	13	17	8	39	12,6	84	28
16/01/2025	14	17	7,6	36	12,5	83	29
16/01/2025	15	21	6,3	26	12,1	87	38
16/01/2025	16	25	6,8	6	11,2	95	39
16/01/2025	17	21	5,5	37	10,2	100	29
16/01/2025	18	11	4,5	151	9	100	14
16/01/2025	19		3,2	289	8,6	99	
16/01/2025	20		9,2	35	11,8	88	
16/01/2025	21		5,4	354	10,7	94	
16/01/2025	22		6,6	11	10	97	
16/01/2025	23		6,9	12	9,9	94	
17/01/2025	00		5,9	351	9,3	100	
17/01/2025	01		7	3	9,1	100	
17/01/2025	02		7	359	9	100	
17/01/2025	03		6,5	348	9,4	96	
17/01/2025	04		7,6	359	9,9	94	
17/01/2025	05		9	5	9,8	98	
17/01/2025	06		6,2	353	9,6	99	
17/01/2025	07		6,4	355	9,6	100	
17/01/2025	08		8,6	12	10,1	99	
17/01/2025	09		7,5	9	10,2	99	
17/01/2025	10		7	29	9,6	100	
17/01/2025	11		3,4	353	9,4	100	
17/01/2025	12		8,5	11	11,2	99	
17/01/2025	13		8,7	13	11,5	95	
17/01/2025	14		8	9	11,8	91	
17/01/2025	15		7,3	12	12,1	88	
17/01/2025	16		6,4	16	12,3	86	
17/01/2025	17		4,1	14	12,2	88	
17/01/2025	18		3,1	10	11,9	92	
17/01/2025	19		1	304	10,8	88	
17/01/2025	20		0,4	282	9,6	89	
17/01/2025	21		0,6	280	8,9	90	
17/01/2025	22	12	1,6	265	8,1	91	13
17/01/2025	23	11	2,2	262	7,9	90	12
18/01/2025	00	9	2,4	258	7,7	89	10
18/01/2025	01	11	2,5	243	7,7	88	12
18/01/2025	02	10	2,1	238	7,6	84	11
18/01/2025	03	7	1,1	230	7,4	82	9
18/01/2025	04	6	1,9	241	7,3	80	7
18/01/2025	05	5	2,7	239	7,6	76	6
18/01/2025	06	4	2,5	243	7,5	75	5
18/01/2025	07	4	2,3	237	7,6	73	6
18/01/2025	08	5	2,6	240	7,5	73	6
18/01/2025	09	4	3	243	8,9	68	6
18/01/2025	10	5	2,7	246	11,4	61	8
18/01/2025	11	5	1,7	247	14,3	53	7
18/01/2025	12	15	1	142	15,4	55	28
18/01/2025	13	10	2,4	118	14	68	16
18/01/2025	14	13	2,3	111	13,7	80	20
18/01/2025	15	14	2	115	13,6	81	25
18/01/2025	16	9	1,1	131	13,1	80	17
18/01/2025	17	27	0,1	133	12,5	82	84
18/01/2025	18	77	0,3	220	11,3	95	185
18/01/2025	19	59	0,8	230	9,6	100	82
18/01/2025	20	16	1,1	237	8,6	100	18
18/01/2025	21	22	1,2	241	8,3	100	23
18/01/2025	22	27	1,3	243	8	100	30
18/01/2025	23	28	1,7	243	7,4	100	31
19/01/2025	00	24	1,8	241	7,8	100	26
19/01/2025	01	19	1,3	231	6,9	100	21
19/01/2025	02	16	1,4	236	6,6	99	18
19/01/2025	03	16	0,8	232	6	98	19
19/01/2025	04	14	0,9	224	5,7	93	17
19/01/2025	05	10	0,9	231	5,3	91	12
19/01/2025	06	11	1,2	236	5,5	82	14
19/01/2025	07	12	0,6	232	4,9	84	19
19/01/2025	08	10	1,2	237	4,7	86	13
19/01/2025	09	11	1,4	236	6,4	76	14
19/01/2025	10	11	0,7	238	10,3	66	16
19/01/2025	11	31	0,3	243	13,8	63	111
19/01/2025	12	25	1	106	13,1	70	61
19/01/2025	13	11	1,3	106	13,2	62	23
19/01/2025	14	7	2,2	122	13,1	69	10
19/01/2025	15	7	2,7	139	13	69	8
19/01/2025	16	7	2,5	141	12,6	77	11
19/01/2025	17	9	2,2	149	12,5	86	17
19/01/2025	18	9	1,9	160	12,2	89	13
19/01/2025	19	35	0,8	242	9,7	96	50
19/01/2025	20	19	1	245	8,4	100	21
19/01/2025	21	17	1	245	8,2	100	19
19/01/2025	22	38	0,8	245	7,8	100	42
19/01/2025	23	30	1	245	7,4	100	34
20/01/2025	00	26	0,5	245	6,6	100	29
20/01/2025	01	23	0,7	245	6,7	100	26
20/01/2025	02	21	1,2	245	6,6	100	24
20/01/2025	03	19	1	245	6,8	100	22
20/01/2025	04	19	1	245	6,7	100	22
20/01/2025	05	18	0,6	245	6,6	100	22
20/01/2025	06	16	0,4	245	6,5	97	20
20/01/2025	07	17	0,4	244	5,8	100	23
20/01/2025	08	27	0,4	244	6,7	100	41
20/01/2025	09	32	0,5	246	8,9	99	48
20/01/2025	10	25	0,7	214	10	95	38
20/01/2025	11	41	0,3	229	12,2	95	83
20/01/2025	12	20	0,5	227	12	88	51
20/01/2025	13	20	1	156	11,7	89	35
20/01/2025	14	24	0,4	82	12,1	89	58
20/01/2025	15	34	0,8	31	11,3	96	82
20/01/2025	16	24	0,2	22	10,9	100	34
20/01/2025	17	43	1	18	11,2	100	66
20/01/2025	18	36	0,5	11	10,3	100	50
20/01/2025	19	52	0,5	358	9,5	100	63
20/01/2025	20	36	0,8	262	8,8	100	39
20/01/2025	21	42	0,8	259	8,6	100	45
20/01/2025	22	34	1	256	8,8	100	36
20/01/2025	23	30	0,5	251	9,4	100	32
21/01/2025	00	51	0,3	252	9,6	100	74
21/01/2025	01	22	1,6	41	10,8	100	30
21/01/2025	02	28	1,7	29	11	100	42
21/01/2025	03	19	0,7	22	9,6	100	22
21/01/2025	04	18	0,6	293	9,5	100	19
21/01/2025	05	20	0,5	275	9,8	100	21
21/01/2025	06	22	0,8	267	9,6	100	24
21/01/2025	07	23	0,9	267	9,4	100	24
21/01/2025	08	28	0,4	267	9,7	100	35
21/01/2025	09	39	0,2	267	10,5	100	53
21/01/2025	10	34	0,6	298	13,5	99	50
21/01/2025	11	11	1,6	54	13,1	95	16
21/01/2025	12	13	1,3	62	12,9	99	18
21/01/2025	13	12	1,5	82	13	100	14
21/01/2025	14	12	1,4	58	13,1	100	15
21/01/2025	15	11	1,2	38	13,1	100	15
21/01/2025	16	12	1,4	30	13	100	16
21/01/2025	17	14	1	50	12,9	100	17
21/01/2025	18	17	1,2	28	12,6	100	22
21/01/2025	19	26	0,9	16	12	100	32
21/01/2025	20	52	0,8	342	11,3	100	60
21/01/2025	21	37	0,5	243	10,8	100	41
21/01/2025	22	37	0,9	243	10,7	100	40
21/01/2025	23	39	0,3	243	10,7	100	42
22/01/2025	00	46	0,5	243	10,1	100	50
22/01/2025	01	45	0,6	243	10	100	50
22/01/2025	02	46	0,2	243	9,5	100	52
22/01/2025	03	45	0,2	243	9,8	100	51
22/01/2025	04	39	1,3	243	9,4	100	43
22/01/2025	05	42	0,4	243	9,8	100	47
22/01/2025	06	43	0,5	243	10	100	48
22/01/2025	07	45	1	238	9,3	100	50
22/01/2025	08	45	1,2	172	10,2	100	52
22/01/2025	09	55	0,9	198	12,7	97	68
22/01/2025	10	32	1,9	167	13,9	95	51
22/01/2025	11	18	3,1	161	14,8	92	38
22/01/2025	12	17	3,3	153	15,5	91	32
22/01/2025	13	12	3,9	148	15,8	92	22
22/01/2025	14	15	4,1	156	18,1	63	69
22/01/2025	15	16	4,2	155	17,9	61	60
22/01/2025	16	21	3	154	17,9	62	79
22/01/2025	17	24	1,5	170	17,6	65	91
22/01/2025	18	26	0,7	232	16,3	73	65
22/01/2025	19	21	0,8	156	16,6	72	45
22/01/2025	20	15	1,3	156	17,4	69	33
22/01/2025	21	19	1,4	146	16,8	72	40
22/01/2025	22	20	0,4	72	15	82	37
22/01/2025	23	21	0,5	194	14,2	84	32
23/01/2025	00	13	0,8	231	14	85	22
23/01/2025	01	13	1,6	173	13,9	90	19
23/01/2025	02	10	1,7	162	15,6	80	16
23/01/2025	03	8	2	158	15,5	82	14
23/01/2025	04	9	1,7	166	14,8	93	17
23/01/2025	05	8	0,7	218	13,3	99	12
23/01/2025	06	8	1,2	247	13,5	96	12
23/01/2025	07	15	1,3	196	13,7	93	25
23/01/2025	08	20	1,6	158	13,4	96	37
23/01/2025	09	24	1	179	15,2	89	51
23/01/2025	10	17	1	256	17,5	79	43
23/01/2025	11	23	0,8	204	19,6	69	94
23/01/2025	12	26	1,9	111	15,9	97	32
23/01/2025	13	16	2,2	131	17,2	92	39
23/01/2025	14	12	0,8	98	19	85	33
23/01/2025	15	10	0,5	40	18,4	91	26
23/01/2025	16	8	0,9	40	16,4	97	10
23/01/2025	17	18	4,4	45	15	100	20
23/01/2025	18	17	4,8	41	15	100	20
23/01/2025	19	9	3,3	24	15	100	11
23/01/2025	20	7	2,5	21	14,8	100	9
23/01/2025	21	12	1	308	14	98	14
23/01/2025	22	17	0,6	222	13,7	94	20
23/01/2025	23	18	0,7	199	12,4	99	23
24/01/2025	00	18	1	236	11,4	100	23
24/01/2025	01	16	0,8	236	11,9	100	19
24/01/2025	02	16	0,5	201	10,9	100	20
24/01/2025	03	15	0,9	230	10,1	100	17
24/01/2025	04	14	0,4	237	10	100	15
24/01/2025	05	14	0,5	237	9,7	100	16
24/01/2025	06	10	1,2	237	9,3	100	11
24/01/2025	07	17	1,1	213	9,9	100	22
24/01/2025	08	20	1	235	10,4	100	29
24/01/2025	09	37	0,6	241	13,1	95	57
24/01/2025	10	34	0,6	241	16	86	112
24/01/2025	11	27	2,2	131	14,6	96	65
24/01/2025	12	22	2,9	157	14,9	98	34
24/01/2025	13	16	1,3	113	16,3	92	35
24/01/2025	14	13	2,3	116	17,1	92	30
24/01/2025	15	17	4,3	153	18,1	82	65
24/01/2025	16	16	5	151	19,3	67	71
24/01/2025	17	11	5,1	154	19,5	63	39
24/01/2025	18	8	4,9	156	19,1	62	21
24/01/2025	19	8	4,5	154	16,1	94	12
24/01/2025	20	8	1,6	157	16,1	81	12
24/01/2025	21	6	1,6	199	16,5	67	8
24/01/2025	22	11	1,3	171	14,8	75	17
24/01/2025	23	13	1,3	171	14,2	77	18
25/01/2025	00	9	1,2	181	13,9	78	12
25/01/2025	01	10	0,9	176	13,1	81	13
25/01/2025	02	11	1,3	154	12,6	86	14
25/01/2025	03	13	1,2	172	12,5	87	16
25/01/2025	04	12	0,8	171	11,7	90	16
25/01/2025	05	11	1,1	166	12,5	88	13
25/01/2025	06	15	0,9	186	12	93	18
25/01/2025	07	16	1,6	163	11,2	94	19
25/01/2025	08	14	1,5	164	12,1	88	19
25/01/2025	09	21	1,3	167	14,5	80	30
25/01/2025	10	16	1,7	160	15	87	22
25/01/2025	11	15	3,3	158	15,1	90	21
25/01/2025	12	12	4,7	154	16	88	21
25/01/2025	13	9	4,1	153	17,1	83	15
25/01/2025	14	8	3	157	17,8	74	11
25/01/2025	15	5	2,2	193	18,1	68	11
25/01/2025	16	2	4	252	18,3	59	5
25/01/2025	17	2	2,2	235	17,9	61	3
25/01/2025	18	5	3,3	242	17,2	67	7
25/01/2025	19	6	2,3	220	16,7	70	9
25/01/2025	20	9	1,5	175	15,3	79	10
25/01/2025	21	7	1,6	199	15,2	76	9
25/01/2025	22	8	0,9	254	14,1	79	9
25/01/2025	23	14	1,2	285	13	89	15
26/01/2025	00	10	0,9	229	12,5	84	11
26/01/2025	01	7	2	156	12,6	82	8
26/01/2025	02	9	1,2	168	11,8	88	11
26/01/2025	03	9	0,9	240	10,2	89	11
26/01/2025	04	9	1,4	178	9,3	96	11
26/01/2025	05	3	3,2	252	11,2	78	4
26/01/2025	06	3	2,5	254	10,9	79	4
26/01/2025	07	4	1,8	263	10,5	87	5
26/01/2025	08	8	1,5	168	10,4	91	16
26/01/2025	09	8	1,2	212	12	78	10
26/01/2025	10	10	2	156	13,1	79	13
26/01/2025	11	5	1,8	174	16,1	66	10
26/01/2025	12	3	1,7	161	18,2	51	4
26/01/2025	13	3	3,8	153	17	67	9
26/01/2025	14	3	4,1	152	17,7	59	5
26/01/2025	15	2	3,9	155	17,3	62	3
26/01/2025	16	3	3,5	155	16,9	68	4
26/01/2025	17	3	4,2	155	17,2	70	4
26/01/2025	18	4	4,4	155	16,8	82	8
26/01/2025	19	4	5,5	155	15,5	97	7
26/01/2025	20	4	4	155	15,4	97	5
26/01/2025	21	5	3,9	154	15,2	100	7
26/01/2025	22	3	4,4	152	17,6	80	5
26/01/2025	23	5	5	154	17,3	80	9
27/01/2025	00	5	5,4	155	16,8	90	13
27/01/2025	01	6	6,6	155	16,9	81	21
27/01/2025	02	5	5,5	153	16,1	90	8
27/01/2025	03	5	5,2	153	16,3	90	8
27/01/2025	04	5	6,2	155	17,8	83	13
27/01/2025	05	4	6,2	154	18,3	82	9
27/01/2025	06	4	5,5	156	18,7	81	11
27/01/2025	07	7	6	154	18,4	85	25
27/01/2025	08	7	5,9	154	18,3	87	28
27/01/2025	09	14	6,9	153	18,7	85	78
27/01/2025	10	10	6,5	152	18,7	85	48
27/01/2025	11	9	6,6	149	19,1	84	36
27/01/2025	12	12	4,9	157	22,7	61	99
27/01/2025	13	10	4	159	24,9	46	77
27/01/2025	14	5	2,8	167	25,2	46	37
27/01/2025	15	7	5,1	243	23,6	52	52
27/01/2025	16	6	1,8	212	21,2	67	35
27/01/2025	17	6	2,7	167	21,3	63	36
27/01/2025	18	2	2,9	167	20,9	64	12
27/01/2025	19	2	3,3	160	20,4	67	11
27/01/2025	20	2	3,1	180	20,1	67	6
27/01/2025	21	2	3,5	197	20,8	52	11
27/01/2025	22	2	5,2	251	19,6	51	11
27/01/2025	23	3	7	255	18,2	51	15
28/01/2025	00	1	5,7	256	17,4	50	4
28/01/2025	01	2	7,1	256	16,7	49	7
28/01/2025	02	1	4,5	247	15,9	50	2
28/01/2025	03	1	7	252	15,4	47	3
28/01/2025	04	1	5,2	253	14,8	47	2
28/01/2025	05	2	4,9	253	14,2	51	2
28/01/2025	06	2	3,1	243	13,7	55	2
28/01/2025	07	2	3,5	252	13,5	57	3
28/01/2025	08	3	2,2	211	13,7	57	19
28/01/2025	09	4	2,7	159	14,5	60	25
28/01/2025	10	3	3,8	243	15,8	47	11
28/01/2025	11	2	6,9	258	16	40	10
28/01/2025	12	2	4,6	257	15,9	42	7
28/01/2025	13	2	5,7	257	17,2	37	7
28/01/2025	14	1	6,1	259	17,7	33	5
28/01/2025	15	2	5,5	264	17,5	33	4
28/01/2025	16	2	4,6	265	17	37	7
28/01/2025	17	2	3,8	260	16,5	39	4
28/01/2025	18	2	3,3	251	15,8	41	5
28/01/2025	19	3	1,7	214	14,9	46	5
28/01/2025	20	3	1,5	195	14,3	50	4
28/01/2025	21	3	1	207	13,9	51	7
28/01/2025	22	2	2	250	13,6	51	2
28/01/2025	23	2	1,4	178	13	55	3
29/01/2025	00	2	2,3	237	13	55	4
29/01/2025	01	2	1,7	159	12,7	58	3
29/01/2025	02	4	1,1	200	11,3	66	5
29/01/2025	03	3	1,5	168	11	69	3
29/01/2025	04	3	1,4	159	11,3	67	4
29/01/2025	05	4	1,6	164	11,6	71	7
29/01/2025	06	7	1,1	209	9,9	77	9
29/01/2025	07	6	2,8	249	10,2	70	11
29/01/2025	08	12	1,3	187	10	73	43
29/01/2025	09	15	1,1	179	12,1	66	62
29/01/2025	10	10	2,2	202	13,8	57	49
29/01/2025	11	11	1,8	161	14	57	61
29/01/2025	12	9	2	159	13,2	62	41
29/01/2025	13	8	2,1	162	12,9	65	31
29/01/2025	14	7	3,2	156	12,9	63	30
29/01/2025	15	11	4,3	153	13	68	57
29/01/2025	16	11	3,7	155	13,6	70	62
29/01/2025	17	6	2,1	177	13,8	70	16
29/01/2025	18	6	1,4	162	13,9	68	13
29/01/2025	19	9	3	161	13,5	74	19
29/01/2025	20	9	4,3	155	14	76	12
29/01/2025	21	4	4,3	153	13,8	77	6
29/01/2025	22	4	4,5	155	14,2	82	5
29/01/2025	23	5	3,9	155	14	78	7
30/01/2025	00	3	1,8	168	13,8	77	5
30/01/2025	01	3	1,3	248	12	84	3
30/01/2025	02	5	0,7	200	10,6	92	6
30/01/2025	03	8	1,5	211	9,8	95	10
30/01/2025	04	6	1,5	247	8,9	96	7
30/01/2025	05	7	1,6	219	9,1	92	8
30/01/2025	06	9	0,7	236	7,6	98	11
30/01/2025	07	6	1,2	240	8,2	87	9
30/01/2025	08	12	0,8	220	8,9	77	43
30/01/2025	09	22	0,9	237	10,5	72	76
30/01/2025	10	16	1,7	249	13,3	59	75
30/01/2025	11	9	1,2	213	16,7	47	65
30/01/2025	12	7	1,7	157	17,1	45	42
30/01/2025	13	5	1,9	111	15,8	58	28
30/01/2025	14	1	1,2	80	16,3	63	4
30/01/2025	15	7	1,4	147	15,6	64	41
30/01/2025	16	5	2,3	131	15,4	63	32
30/01/2025	17	3	2	53	14,3	83	14
30/01/2025	18	1	2,2	88	14,1	86	2
30/01/2025	19	5	2,9	303	14,3	63	21
30/01/2025	20	8	3,5	338	13,7	68	30
30/01/2025	21	7	1,7	311	13,1	67	31
30/01/2025	22	4	1,3	299	12,7	67	18
30/01/2025	23	4	2,4	293	12,6	66	10
31/01/2025	00	2	2,7	283	12,3	66	4
31/01/2025	01	2	3,1	287	11,8	67	3
31/01/2025	02	3	2,7	292	11,5	68	6
31/01/2025	03	2	3	287	11,3	67	4
31/01/2025	04	1	2,9	283	11,3	66	2
31/01/2025	05	2	2,5	286	11,3	66	3
31/01/2025	06	1	2,9	282	11,1	65	2
31/01/2025	07	2	3	282	10,9	64	2
31/01/2025	08	2	2,8	283	11,1	63	6
31/01/2025	09	3	2,7	253	12,3	58	16
31/01/2025	10	1	3	277	13,8	53	2
31/01/2025	11	2	2,4	281	15,3	48	5
31/01/2025	12	3	1,8	260	16,6	44	15
31/01/2025	13	2	3	176	15,7	56	7
31/01/2025	14	2	4,8	122	14	71	7
31/01/2025	15	2	4	118	14	70	6
31/01/2025	16	3	3,6	114	13,5	77	8
31/01/2025	17	4	3	117	13,2	79	8
31/01/2025	18	4	1,6	134	13	80	13
31/01/2025	19	8	0,7	203	11,7	87	16
31/01/2025	20	16	1	243	10,3	94	20
31/01/2025	21	8	1	245	9,9	96	10
31/01/2025	22	12	1,1	243	9,3	99	13
31/01/2025	23	12	1,2	248	8,9	100	13
01/02/2025	00	11	1,4	249	8,4	100	12
01/02/2025	01	15	1	224	7,9	100	17
01/02/2025	02	12	2,3	248	7,2	99	15
01/02/2025	03	14	3,1	249	7,6	92	17
01/02/2025	04	11	2,1	245	7,7	82	14
01/02/2025	05	10	1,9	257	7,7	88	14
01/02/2025	06	12	1,9	247	6,8	95	13
01/02/2025	07	10	1,4	251	7,3	89	15
01/02/2025	08	10	1,5	257	7,5	79	17
01/02/2025	09	11	1,6	241	9	67	15
01/02/2025	10	15	1,6	250	10,7	62	21
01/02/2025	11	7	0,8	300	13,4	53	17
01/02/2025	12	5	1,6	35	13,5	56	10
01/02/2025	13	1	1,8	70	12,5	69	2
01/02/2025	14	4	2,2	68	11,7	76	7
01/02/2025	15	2	3,3	42	11,4	81	3
01/02/2025	16	3	3,1	33	11,1	91	5
01/02/2025	17	5	2,8	52	10,9	97	6
01/02/2025	18	5	4,4	40	10,5	100	7
01/02/2025	19	12	2,2	330	10,1	100	17
01/02/2025	20	17	3	337	9,8	83	42
01/02/2025	21	12	2,4	331	10,2	82	39
01/02/2025	22	14	3,2	340	10,4	84	47
01/02/2025	23	20	1,3	314	10,3	87	74
02/02/2025	00	22	2,2	340	10,4	90	72
02/02/2025	01	6	3,8	20	10,9	91	13
02/02/2025	02	5	3	31	10,9	89	12
02/02/2025	03	5	2	315	9,7	92	9
02/02/2025	04	6	2,3	252	7,9	94	6
02/02/2025	05	4	2	251	8,2	88	5
02/02/2025	06	6	2,2	244	8	85	7
02/02/2025	07	9	2,8	245	7,5	83	11
02/02/2025	08	9	2,1	241	7,5	82	11
02/02/2025	09	8	2,2	244	9,3	77	11
02/02/2025	10	4	1,7	256	12,6	62	5
02/02/2025	11	5	2,3	80	13,2	64	13
02/02/2025	12	3	3,7	118	11,9	81	3
02/02/2025	13	2	2,9	126	12,4	76	3
02/02/2025	14	3	3,1	142	12,7	75	4
02/02/2025	15	3	3,1	151	12,8	72	4
02/02/2025	16	3	2,9	156	12,7	74	4
02/02/2025	17	4	2,3	152	12,5	74	5
02/02/2025	18	3	0,9	169	12,1	75	3
02/02/2025	19	20	0,5	253	10,6	85	48
02/02/2025	20	22	1,2	248	9	94	24
02/02/2025	21	9	1,4	251	8,4	95	9
02/02/2025	22	10	1,5	250	8,3	95	11
02/02/2025	23	17	1	204	7,8	96	18
03/02/2025	00	16	1	200	7	100	18
03/02/2025	01	15	1,2	218	6,6	99	17
03/02/2025	02	10	1,7	234	6,8	91	12
03/02/2025	03	7	1,7	222	7	86	9
03/02/2025	04	8	1	201	6,7	88	9
03/02/2025	05	6	0,9	213	6,9	84	8
03/02/2025	06	7	1,5	244	6,6	85	10
03/02/2025	07	14	1,1	221	6,8	86	35
03/02/2025	08	11	1,3	236	7,6	79	27
03/02/2025	09	18	1,1	236	9,5	73	75
03/02/2025	10	11	1,3	250	12,2	65	32
03/02/2025	11	7	1	73	14,8	59	24
03/02/2025	12	6	2,5	125	14	60	30
03/02/2025	13	7	2,8	138	14,5	53	37
03/02/2025	14	3	2,7	128	14,3	60	14
03/02/2025	15	8	2,3	137	14,3	62	52
03/02/2025	16	7	1,7	131	14,1	63	51
03/02/2025	17	10	1,6	144	13,5	70	78
03/02/2025	18	14	0,7	163	12,6	73	97
03/02/2025	19	24	0,9	230	11,1	83	45
03/02/2025	20	15	1,2	256	9,6	87	20
03/02/2025	21	16	1	257	8,9	88	21
03/02/2025	22	15	1,4	249	8,6	88	18
03/02/2025	23	17	1,4	250	8	91	19
04/02/2025	00	14	2	243	8	91	15
04/02/2025	01	11	2	236	8,3	88	13
04/02/2025	02	10	1,1	220	7,7	88	13
04/02/2025	03	12	1,3	224	7,6	88	16
04/02/2025	04	11	1	220	7,1	89	14
04/02/2025	05	10	1,8	239	6,9	91	14
04/02/2025	06	10	1,6	229	6,7	93	14
04/02/2025	07	11	1,5	230	6,8	92	17
04/02/2025	08	18	1	225	7,5	90	47
04/02/2025	09	33	0,8	212	10,4	78	157
04/02/2025	10	21	1	247	12,4	79	50
04/02/2025	11	19	1,2	115	13,8	81	62
04/02/2025	12	20	3,1	143	13,6	81	59
04/02/2025	13	16	3,3	147	13,8	79	52
04/02/2025	14	10	3,1	143	14	79	23
04/02/2025	15	10	2,2	121	14,2	80	22
04/02/2025	16	8	1,4	92	14,2	85	12
04/02/2025	17	9	1,2	75	13,5	93	13
04/02/2025	18	14	1,1	74	13,1	93	18
04/02/2025	19	11	1,2	22	12,7	98	15
04/02/2025	20	30	1	259	10,8	100	34
04/02/2025	21	34	1,4	250	9,6	100	38
04/02/2025	22	32	0,6	226	9,7	100	37
04/02/2025	23	30	1	179	7,9	100	36
05/02/2025	00	24	0,7	198	7,3	100	29
05/02/2025	01	21	0,9	228	7,7	95	26
05/02/2025	02	15	0,9	228	8,2	89	22
05/02/2025	03	17	0,6	263	7,2	97	24
05/02/2025	04	13	1,6	239	7,8	89	15
05/02/2025	05	11	1,1	227	8,3	83	14
05/02/2025	06	13	0,7	229	7	87	24
05/02/2025	07	19	0,7	232	6,5	87	42
05/02/2025	08	25	0,8	232	8,1	77	82
05/02/2025	09	28	0,9	197	11,3	65	129
05/02/2025	10	33	0,4	172	14,8	54	165
05/02/2025	11	16	0,4	105	16,2	58	63
05/02/2025	12	7	0,6	94	16,4	65	19
05/02/2025	13	7	1,8	106	14,7	84	13
05/02/2025	14	8	3	132	14,5	94	13
05/02/2025	15	11	3	132	14,4	96	24
05/02/2025	16	15	2,6	139	14,3	97	42
05/02/2025	17	16	1,9	157	13,8	96	33
05/02/2025	18	16	0,7	168	12,9	97	25
05/02/2025	19	23	0,5	221	11,9	100	30
05/02/2025	20	38	1,2	248	10,3	100	41
05/02/2025	21	24	1,4	252	9,4	100	26
05/02/2025	22	26	1,6	250	9,2	100	28
05/02/2025	23	29	1,5	250	8,7	100	31
06/02/2025	00	27	1,6	242	8,8	100	29
06/02/2025	01	26	1,3	233	8,4	100	29
06/02/2025	02	27	1,1	234	8,2	100	29
06/02/2025	03	27	1,2	209	7,8	100	30
06/02/2025	04	24	1	214	7	100	25
06/02/2025	05	19	0,8	230	6,9	100	22
06/02/2025	06	17	1,2	230	6,9	96	20
06/02/2025	07	19	1,2	227	6,9	95	25
06/02/2025	08	22	1,3	224	7,2	94	35
06/02/2025	10	21	0,5	158	14,4	73	76
06/02/2025	11	10	1	70	14,2	81	20
06/02/2025	12	12	1,7	97	13,4	88	32
06/02/2025	13	9	2,2	107	13,1	89	14
06/02/2025	14	10	2,8	114	13	91	15
06/02/2025	15	12	2,7	116	13,1	93	18
06/02/2025	16	13	2,2	118	13	95	25
06/02/2025	17	13	1,5	124	12,9	98	21
06/02/2025	18	15	0,4	168	12,1	99	20
06/02/2025	19	28	0,7	223	10,9	100	32
06/02/2025	20	31	1,2	248	9,5	100	34
06/02/2025	21	27	1,2	248	9,1	100	29
06/02/2025	22	32	1,2	247	8,8	100	34
06/02/2025	23	36	1,2	247	8,2	100	38
07/02/2025	00	34	1,3	247	7,8	100	36
07/02/2025	01	39	0,9	247	7,4	100	41
07/02/2025	02	35	0,8	242	6,9	100	38
07/02/2025	03	39	0,9	224	6,7	100	41
07/02/2025	04	41	0,5	230	6,4	100	43
07/02/2025	05	53	0,6	236	5,8	100	59
07/02/2025	06	34	1,5	234	6,4	100	37
07/02/2025	07	31	1,7	230	7	100	35
07/02/2025	08	37	0,8	207	8,2	100	47
07/02/2025	09	47	0,6	198	10,2	100	64
07/02/2025	10	31	0,7	222	12,8	90	46
07/02/2025	11	25	1,3	143	13,3	84	51
07/02/2025	12	21	2,9	128	12,2	82	38
07/02/2025	13	24	3	126	12,1	83	44
07/02/2025	14	24	2,7	142	12,5	81	48
07/02/2025	15	24	2,4	153	13,2	75	54
07/02/2025	16	18	1,3	70	13,1	84	24
07/02/2025	17	18	1,5	345	12,8	94	26
07/02/2025	18	22	0,5	291	12,7	96	27
07/02/2025	19	28	0,7	292	12,6	99	32
07/02/2025	20	23	0,5	85	13,1	100	28
07/02/2025	21	28	0,5	181	13	100	35
07/02/2025	22	44	0,3	215	12,1	100	58
07/02/2025	23	40	0,9	218	10,8	100	47
08/02/2025	00	31	1,2	247	9,9	100	35
08/02/2025	01	18	1,4	244	11,4	90	20
08/02/2025	02	15	1,6	221	11,9	85	18
08/02/2025	03	13	0,9	219	11,5	87	15
08/02/2025	04	13	1,1	187	11,2	87	15
08/02/2025	05	10	0,5	250	9,6	92	13
08/02/2025	06	10	1,8	297	9,9	95	11
08/02/2025	07	2	2,1	268	9,6	84	3
08/02/2025	08	2	2,6	281	10,4	71	3
08/02/2025	09	1	4	274	12,1	60	2
08/02/2025	10	1	3,6	264	14	53	2
08/02/2025	11	2	4	262	15,3	43	4
08/02/2025	12	2	1,7	281	17,4	35	3
08/02/2025	13	1	3,1	96	14,9	64	2
08/02/2025	14	1	5,3	120	14	70	2
08/02/2025	15	1	4,3	126	14,4	59	2
08/02/2025	16	3	3	140	14,5	63	14
08/02/2025	17	4	2,3	147	14,3	63	16
08/02/2025	18	3	1,9	144	13,9	65	12
08/02/2025	19	7	1,2	217	12,5	70	13
08/02/2025	20	13	1,9	252	11,6	77	17
08/02/2025	21	17	1,7	256	11	78	21
08/02/2025	22	12	0,9	229	11	75	16
08/02/2025	23	10	1,2	231	11,1	70	13
09/02/2025	00	13	0,4	191	10,1	77	18
09/02/2025	01	9	1	217	10,2	69	11
09/02/2025	02	7	0,7	240	9,8	67	9
09/02/2025	03	5	0,8	237	9,3	72	7
09/02/2025	04	5	1,2	233	9,2	70	6
09/02/2025	05	5	1,2	236	9,1	66	6
09/02/2025	06	6	1	244	7,6	76	8
09/02/2025	07	7	0,9	226	7,1	84	9
09/02/2025	08	6	1,3	229	7,8	80	8
09/02/2025	09	8	0,6	220	11,7	68	11
09/02/2025	10	10	0,6	101	14,4	76	23
09/02/2025	11	4	2,1	70	13,4	84	8
09/02/2025	12	4	1,7	90	13,8	83	7
09/02/2025	13	3	2,4	112	13,7	86	5
09/02/2025	14	3	2,4	116	13,9	87	5
09/02/2025	15	4	2,3	116	13,9	90	6
09/02/2025	16	5	1,7	111	14	93	9
09/02/2025	17	13	1,2	80	13,7	98	24
09/02/2025	18	20	1,1	36	13,2	100	31
09/02/2025	19	24	0,6	35	12,4	100	36
09/02/2025	20	41	0,7	34	10,8	100	47
09/02/2025	21	25	1	282	9,8	100	26
09/02/2025	22	16	1,3	269	9,8	100	17
09/02/2025	23	14	1,3	267	9,4	100	15
10/02/2025	00	12	0,9	261	9,3	100	12
10/02/2025	01	20	0,7	260	9,2	100	22
10/02/2025	02	15	1,4	254	8,5	100	16
10/02/2025	03	15	0,6	245	9,2	100	17
10/02/2025	04	17	0,8	247	9,2	100	18
10/02/2025	05	15	1,2	262	8,8	100	16
10/02/2025	06	13	1,2	259	9,1	100	15
10/02/2025	07	12	1,1	259	9,2	100	14
10/02/2025	08	16	0,8	327	10,4	100	22
10/02/2025	09	26	0,6	247	11,5	100	38
10/02/2025	10	19	1,4	20	13,4	100	29
10/02/2025	11	12	2,5	105	13,6	100	17
10/02/2025	12	21	3	152	13,9	100	30
10/02/2025	13	23	2,7	148	14,2	97	44
10/02/2025	14	19	2,3	142	14,7	92	40
10/02/2025	15	15	2,6	126	14,1	97	27
10/02/2025	16	11	2,3	130	13,9	99	22
10/02/2025	17	11	1,9	138	14	100	16
10/02/2025	18	9	1,9	144	14	100	12
10/02/2025	19	7	1,2	154	14,1	100	9
10/02/2025	20	4	1,5	165	14	100	6
10/02/2025	21	5	1,8	159	13,9	100	7
10/02/2025	22	5	1,5	153	13,9	99	6
10/02/2025	23	5	1,6	151	13,8	99	7
11/02/2025	00	4	1,6	159	13,7	100	6
11/02/2025	01	5	1	171	13,6	100	6
11/02/2025	02	6	0,4	242	13	100	8
11/02/2025	03	7	0,4	221	12,4	100	8
11/02/2025	04	10	0,8	243	11,1	100	12
11/02/2025	05	11	0,8	243	10,6	100	12
11/02/2025	06	12	0,7	234	10,6	100	15
11/02/2025	07	19	0,7	223	10,1	100	23
11/02/2025	08	30	0,2	202	10,8	100	41
11/02/2025	09	34	0,4	217	13,4	98	50
11/02/2025	10	22	0,7	173	15,6	86	49
11/02/2025	11	10	3	149	14,4	88	33
11/02/2025	12	11	3,5	148	14,5	88	34
11/02/2025	13	11	3,6	144	14,5	90	30
11/02/2025	14	7	3,7	141	14,4	95	12
11/02/2025	15	13	3,3	141	14,4	98	31
11/02/2025	16	19	2,9	146	14,2	100	29
11/02/2025	17	12	2	146	14,1	100	19
11/02/2025	18	12	1,3	140	13,8	100	16
11/02/2025	19	10	0,2	121	13,2	100	14
11/02/2025	20	19	0,3	184	12,2	100	21
11/02/2025	21	38	0,4	232	11,3	100	42
11/02/2025	22	36	0,6	233	10,4	100	39
11/02/2025	23	30	1	233	9,9	100	32
12/02/2025	00	23	0,9	233	9,9	100	24
12/02/2025	01	18	0,9	233	10,3	100	19
12/02/2025	02	19	0,7	262	10,8	100	22
12/02/2025	03	18	0,5	341	11,4	100	22
12/02/2025	04	15	1,2	253	11	100	16
12/02/2025	05	15	1	250	11,1	100	16
12/02/2025	06	17	1,3	247	11,1	100	19
12/02/2025	07	16	0,7	245	11,6	100	19
12/02/2025	08	22	0,6	244	11,7	100	26
12/02/2025	09	43	0	245	12,7	100	54
12/02/2025	10	26	0,5	224	13,5	100	32
12/02/2025	11	15	1,4	158	13,5	100	17
12/02/2025	12	27	1,7	149	13,9	100	30
12/02/2025	13	33	2,4	120	14,1	100	37
12/02/2025	14	25	3,3	135	14,2	100	29
12/02/2025	15	27	2,5	140	14,3	100	34
12/02/2025	16	26	1,6	135	14,2	100	32
12/02/2025	17	26	1	114	14,2	100	32
12/02/2025	18	28	1	108	13,7	100	32
12/02/2025	19	35	0,7	119	13,6	100	40
12/02/2025	20	41	1,2	183	13,2	100	46
12/02/2025	21	30	2	274	13,2	98	33
12/02/2025	22	4	1,9	292	14,4	79	9
12/02/2025	23	19	0,9	263	14,1	87	24
13/02/2025	00	48	0,7	220	13,5	100	53
13/02/2025	01	32	1,4	265	13,5	90	37
13/02/2025	02	6	1,4	301	14,4	68	17
13/02/2025	03	2	1	86	14,6	73	3
13/02/2025	04	4	0,5	46	14	72	9
13/02/2025	05	9	0,5	243	12,4	82	12
13/02/2025	06	8	0,9	248	11,5	81	13
13/02/2025	07	12	1,1	207	11,5	77	23
13/02/2025	08	18	1,4	234	11,4	79	43
13/02/2025	09	21	2,3	249	12,8	71	38
13/02/2025	10	8	1,5	252	15,6	59	27
13/02/2025	11	9	1,1	207	18	47	51
13/02/2025	12	17	4	154	15,4	77	65
13/02/2025	13	12	4,4	155	14,9	89	29
13/02/2025	14	12	3,8	152	15,2	86	31
13/02/2025	15	14	3,4	153	15,1	86	48
13/02/2025	16	11	2,6	149	14,9	86	34
13/02/2025	17	11	1,2	151	14,6	89	38
13/02/2025	18	20	0,1	157	14,1	90	55
13/02/2025	19	68	0	157	13,6	97	119
13/02/2025	20	53	0	157	13	100	83
13/02/2025	21	38	0,3	203	12,1	100	55
13/02/2025	22	30	0,3	252	12	100	44
13/02/2025	23	41	0,1	252	11,8	100	59
14/02/2025	00	47	0,1	252	11,3	100	69
14/02/2025	01	42	0,4	251	10,9	100	61
14/02/2025	02	21	0,6	243	10,6	99	24
14/02/2025	03	18	0,6	243	10,3	100	22
14/02/2025	04	15	0,9	243	10,1	99	17
14/02/2025	05	14	0,7	240	10,1	97	17
14/02/2025	06	16	0,3	229	9,5	100	23
14/02/2025	07	21	0,6	212	9,1	100	31
14/02/2025	08	39	0,4	207	11,3	95	61
14/02/2025	09	26	0,8	238	14,9	80	78
14/02/2025	10	12	1,4	249	18	65	35
14/02/2025	11	18	2,4	180	18	71	57
14/02/2025	12	21	3,4	162	16,1	88	49
14/02/2025	13	26	3,2	160	16	93	45
14/02/2025	14	18	2,7	156	16,7	85	41
14/02/2025	15	18	2,4	158	16,7	86	33
14/02/2025	16	14	1,5	118	16,3	98	25
14/02/2025	17	26	1,5	132	15,7	100	38
14/02/2025	18	11	0,7	147	15,3	100	14
14/02/2025	19	21	0,1	146	14,1	100	30
14/02/2025	20	18	0,2	146	14	100	23
14/02/2025	21	34	0,6	159	13,1	100	39
14/02/2025	22	24	0,6	184	12,8	98	30
14/02/2025	23	18	0,3	184	12,7	96	22
15/02/2025	00	17	0,3	184	11,9	100	20
15/02/2025	01	22	0,5	179	11,2	100	26
15/02/2025	02	21	6,7	38	13,4	100	25
15/02/2025	03	21	6,2	36	13,2	100	27
15/02/2025	04	24	3,3	23	12,8	100	32
15/02/2025	05	20	0,6	284	11	100	25
15/02/2025	06	22	0,8	258	10,1	100	29
15/02/2025	07	23	1,2	290	10,6	100	30
15/02/2025	08	22	1,5	256	9,9	100	25
15/02/2025	09	25	1	264	12,7	98	31
15/02/2025	10	15	2,4	353	14,6	100	19
15/02/2025	11	12	3	29	15	100	13
15/02/2025	12	16	4,1	43	15	100	18
15/02/2025	13	17	4,1	43	15	100	19
15/02/2025	14	20	4,7	40	14,9	100	21
15/02/2025	15	17	4,3	36	15,2	100	19
15/02/2025	16	12	3,6	35	14,7	100	14
15/02/2025	17	9	2,2	69	14,7	100	13
15/02/2025	18	20	0,7	48	14,9	100	30
15/02/2025	19	27	1,3	18	14,7	100	42
15/02/2025	20	30	0,5	84	14,9	100	46
15/02/2025	21	54	0	55	14,9	100	84
15/02/2025	22	48	0,5	348	14,1	100	71
15/02/2025	23	38	0,3	256	13,8	100	56
16/02/2025	00	56	0,2	254	13,1	100	85
16/02/2025	01	33	0,2	254	12,1	100	40
16/02/2025	02	51	0,2	270	11,9	100	78
16/02/2025	03	29	0,4	288	11,6	100	39
16/02/2025	04	39	0,1	287	11,5	100	54
16/02/2025	05	69	0	287	11,2	100	106
16/02/2025	06	37	0,3	269	10	100	45
16/02/2025	07	39	0,5	248	9,2	100	48
16/02/2025	08	66	0,4	247	10,5	100	86
16/02/2025	09	96	0,3	248	12,1	100	147
16/02/2025	10	56	1	262	12,4	100	63
16/02/2025	11	37	1,4	191	15	96	44
16/02/2025	12	30	2,7	136	14,8	97	34
16/02/2025	13	32	3	123	14,4	100	34
16/02/2025	14	24	2,6	112	14,6	100	26
16/02/2025	15	25	1,9	110	15,1	100	28
16/02/2025	16	19	1,5	105	15,2	100	21
16/02/2025	17	17	1,1	112	14,7	100	19
16/02/2025	18	19	0,6	103	14,3	100	22
16/02/2025	19	32	0,1	94	13,6	100	44
16/02/2025	20	46	0,3	93	12,7	100	54
16/02/2025	21	50	0,4	108	12,3	100	58
16/02/2025	22	55	0,5	199	12,1	100	68
16/02/2025	23	61	0,6	207	11,6	100	73
17/02/2025	00	69	0,7	194	11,9	100	81
17/02/2025	01	58	0,1	220	11,5	100	66
17/02/2025	02	47	0,1	235	10,7	100	54
17/02/2025	03	47	0,1	259	10,3	100	53
17/02/2025	04	51	1,8	33	12,9	100	59
17/02/2025	05	42	2,3	41	13,3	100	50
17/02/2025	06	45	0,8	302	12,1	100	53
17/02/2025	07	45	2,6	15	12,4	100	53
17/02/2025	08	46	2,8	7	13	100	57
17/02/2025	09	44	1,6	10	13,8	100	51
17/02/2025	10	33	1,3	90	14,9	100	38
17/02/2025	11	29	1,5	107	15	100	34
17/02/2025	12	27	1,5	108	15,3	100	34
17/02/2025	13	25	2,1	114	15,2	100	30
17/02/2025	14	25	2,6	115	14,9	100	27
17/02/2025	15	26	1,3	90	15,5	100	32
17/02/2025	16	25	0,7	39	16,7	100	28
17/02/2025	17	25	1,1	80	15	100	28
17/02/2025	18	27	1,8	124	14,4	100	32
17/02/2025	19	21	1,3	83	14,4	100	23
17/02/2025	20	20	2,5	27	14,1	100	23
17/02/2025	21	20	3,2	20	14	100	23
17/02/2025	22	20	3,3	28	14	100	24
17/02/2025	23	23	2,1	330	13,1	100	27
18/02/2025	00	25	0,9	259	11,9	100	27
18/02/2025	01	26	1,1	263	11,5	100	28
18/02/2025	02	27	1,3	255	11,6	100	29
18/02/2025	03	27	1,2	263	11,5	100	29
18/02/2025	04	29	1,1	264	11,9	100	32
18/02/2025	05	31	0,4	263	12	100	33
18/02/2025	06	30	0,7	256	12,4	100	34
18/02/2025	07	29	1	261	12,5	100	33
18/02/2025	08	27	1,2	254	12,8	100	34
18/02/2025	09	22	1,1	259	13,5	99	26
18/02/2025	10	19	1,1	262	14,5	93	23
18/02/2025	11	19	0,6	322	16,5	86	22
18/02/2025	12	14	0,3	47	17,1	83	19
18/02/2025	13	12	0,9	67	16,2	88	15
18/02/2025	14	11	2,4	106	15,6	95	17
18/02/2025	15	11	2,6	103	15,3	99	13
18/02/2025	16	12	2,9	113	15,1	100	14
18/02/2025	17	13	2,2	115	14,9	100	15
18/02/2025	18	15	1,1	109	14,9	100	19
18/02/2025	19	17	0,5	118	14,7	100	21
18/02/2025	20	24	0,4	49	13,6	100	29
18/02/2025	21	35	0,6	355	12,7	100	41
18/02/2025	22	28	0,7	267	12,7	100	33
18/02/2025	23	24	0,7	267	12,8	100	28
19/02/2025	00	26	0,9	267	12,1	100	30
19/02/2025	01	26	0,9	266	11,6	100	31
19/02/2025	02	25	1	258	11,3	100	29
19/02/2025	03	25	0,5	268	11	100	30
19/02/2025	04	25	0,8	265	10,7	100	29
19/02/2025	05	26	0,6	266	10,7	100	31
19/02/2025	06	32	1	262	10,7	100	37
19/02/2025	07	37	1	250	10,5	100	44
19/02/2025	08	45	0,9	241	11	100	57
19/02/2025	09	42	0,9	243	13,2	100	51
19/02/2025	10	26	0,3	246	16,3	94	37
19/02/2025	11	16	1,2	78	15,7	96	20
19/02/2025	12	13	2,2	96	15,2	100	15
19/02/2025	13	13	2,2	97	15,3	100	15
19/02/2025	14	12	2,3	103	15,5	100	14
19/02/2025	15	12	2,2	86	15,2	100	15
19/02/2025	16	13	1,9	69	15,3	100	17
19/02/2025	17	11	3,4	44	14,8	100	14
19/02/2025	18	14	3,4	40	14,6	100	17
19/02/2025	19	18	1,8	4	14,4	100	24
19/02/2025	20	25	0,5	285	13,8	100	34
19/02/2025	21	29	0,4	269	13,6	100	35
19/02/2025	22	35	0	261	14,2	100	46
19/02/2025	23	31	0,9	325	14,3	100	43
20/02/2025	00	18	1,7	3	14,8	100	26
20/02/2025	01	22	1,3	4	14,8	100	33
20/02/2025	02	21	0,8	2	14,6	100	31
20/02/2025	03	20	0,8	17	14,6	100	29
20/02/2025	04	24	0,5	36	14,5	100	36
20/02/2025	05	23	0,3	14	14,2	100	31
20/02/2025	06	17	1,3	58	14,4	100	23
20/02/2025	07	17	0,6	87	14,3	100	25
20/02/2025	08	22	0,1	87	14,4	100	33
20/02/2025	09	27	0,1	87	14,7	100	41
20/02/2025	10	19	0,3	87	15,2	100	28
20/02/2025	11	20	0,2	87	15,3	100	28
20/02/2025	12	20	1,2	94	14,8	100	28
20/02/2025	13	14	2,8	118	14,7	100	18
20/02/2025	14	16	2,8	121	14,9	100	21
20/02/2025	15	15	2,6	124	14,9	100	19
20/02/2025	16	15	2,2	129	14,9	100	21
20/02/2025	17	14	1,5	134	14,9	100	18
20/02/2025	18	14	0,6	131	14,9	100	18
20/02/2025	19	16	0,4	131	14,9	100	21
20/02/2025	20	24	0	131	14,9	100	33
20/02/2025	21	25	0,1	131	14,9	100	33
20/02/2025	22	22	0,1	131	14,9	100	27
20/02/2025	23	22	0,1	131	14,7	100	27
21/02/2025	00	22	0,8	139	14,8	100	27
21/02/2025	01	22	1,7	152	14,8	100	28
21/02/2025	02	21	1,6	144	14,7	100	26
21/02/2025	03	20	1,6	145	14,6	100	24
21/02/2025	04	24	2,3	145	14,6	100	29
21/02/2025	05	28	2,2	159	14,6	100	34
21/02/2025	06	22	1,5	161	14,6	100	28
21/02/2025	07	25	0,1	182	14,4	100	34
21/02/2025	08	31	0	190	14,5	100	46
21/02/2025	09	35	0	190	15	100	53
21/02/2025	10	30	0,3	236	15,2	100	40
21/02/2025	11	26	1,9	167	15	100	37
21/02/2025	12	24	2,4	152	15,3	100	34
21/02/2025	13	24	2,8	148	15,1	100	33
21/02/2025	14	21	2,8	148	15,2	100	29
21/02/2025	15	22	2,9	154	15,5	100	30
21/02/2025	16	20	3,6	147	15,5	100	30
21/02/2025	17	20	3	146	15,2	100	30
21/02/2025	18	19	2,5	147	15	100	28
21/02/2025	19	23	1,7	145	15	100	33
21/02/2025	20	19	2,1	144	14,9	100	28
21/02/2025	21	19	1,2	146	14,8	100	27
21/02/2025	22	17	1	137	14,6	100	23
21/02/2025	23	16	1,2	128	14,8	100	22
22/02/2025	00	15	1,9	127	14,8	100	21
22/02/2025	01	18	0,7	116	14,8	100	26
22/02/2025	02	30	0,2	116	14,2	100	44
22/02/2025	03	32	0,7	9	13,4	100	47
22/02/2025	04	21	1	306	12,4	100	25
22/02/2025	05	24	0,7	259	12,5	100	29
22/02/2025	06	31	1	258	12,1	100	36
22/02/2025	07	35	0,3	260	12,4	100	44
22/02/2025	08	38	0,3	257	12,5	100	52
22/02/2025	09	48	0,7	254	12,9	100	57
22/02/2025	10	38	0,2	245	14,2	100	47
22/02/2025	11	40	1	171	15	100	49
22/02/2025	12	34	1,1	93	15,5	100	44
22/02/2025	13	19	2,6	99	15,2	100	23
22/02/2025	14	16	3,4	116	15	100	18
22/02/2025	15	16	2,5	118	15,2	100	19
22/02/2025	16	18	1,5	128	15	100	21
22/02/2025	17	23	1,1	116	14,9	100	32
22/02/2025	18	54	1,1	5	14,8	100	84
22/02/2025	19	26	1,5	6	14,8	100	38
22/02/2025	20	14	1,5	198	13,2	100	15
22/02/2025	21	15	0,8	228	12,7	100	16
22/02/2025	22	21	1,5	260	12,5	100	22
22/02/2025	23	25	1,4	246	12,8	100	27
23/02/2025	00	28	0,7	262	12,9	100	31
23/02/2025	01	27	0,7	277	13,1	100	32
23/02/2025	02	20	2,9	36	14,2	100	27
23/02/2025	03	20	3,4	31	14,2	100	27
23/02/2025	04	19	3,5	20	14,1	100	26
23/02/2025	05	16	4	33	14,1	100	21
23/02/2025	06	10	3,6	50	13,8	100	15
23/02/2025	07	10	2,4	66	13,6	100	15
23/02/2025	08	22	0,8	316	13,1	100	33
23/02/2025	09	12	1,5	257	12,9	100	13
23/02/2025	10	16	0,3	243	13,6	93	19
23/02/2025	11	18	0,2	244	14,8	83	64
23/02/2025	12	19	0,5	218	15,5	76	101
23/02/2025	13	6	1,3	148	15,6	75	8
23/02/2025	14	5	1,8	132	16,1	74	7
23/02/2025	15	3	2,1	139	16,2	75	4
23/02/2025	16	4	2	142	16,3	77	4
23/02/2025	17	3	1,9	144	15,6	83	4
23/02/2025	18	5	0,8	148	14,9	87	6
23/02/2025	19	16	0,2	146	13,8	91	47
23/02/2025	20	21	0,8	155	12,8	100	25
23/02/2025	21	22	0,3	180	11,9	100	26
23/02/2025	22	26	0,4	179	11,5	100	31
23/02/2025	23	27	0,9	160	10,5	100	31
24/02/2025	00	20	1,3	183	10,5	100	23
24/02/2025	01	16	1,5	247	11,1	95	18
24/02/2025	02	17	0,6	208	11,1	96	20
24/02/2025	03	15	0,9	229	11	94	18
24/02/2025	04	19	0,7	196	10	99	22
24/02/2025	05	20	0,5	168	9,3	100	23
24/02/2025	06	23	0,7	232	9,6	100	29
24/02/2025	07	24	0,3	237	9,2	100	31
24/02/2025	08	32	0,4	229	10,5	98	46
24/02/2025	09	29	0,8	228	13,5	84	75
24/02/2025	10	18	1,6	219	14,6	74	53
24/02/2025	11	21	2,5	153	13,8	93	55
24/02/2025	12	22	3,1	150	14,3	92	53
24/02/2025	13	14	3,3	151	15	93	34
24/02/2025	14	12	3,1	152	15,7	93	28
24/02/2025	15	14	2,2	146	15,5	99	27
24/02/2025	16	7	1	114	15,6	100	9
24/02/2025	17	5	1,3	35	15,4	100	7
24/02/2025	18	5	1,2	93	14,9	100	6
24/02/2025	19	7	1,2	47	14,7	100	10
24/02/2025	20	19	0,8	316	13,2	100	23
24/02/2025	21	22	0,4	254	12,8	100	29
24/02/2025	22	28	0,6	254	12,2	100	35
24/02/2025	23	24	0,3	248	11,9	100	29
25/02/2025	00	30	0,6	243	11,4	100	36
25/02/2025	01	32	0,5	248	11,1	100	40
25/02/2025	02	33	0,4	255	10,4	100	42
25/02/2025	03	28	0,9	251	10,1	100	33
25/02/2025	04	19	1	261	10,2	100	22
25/02/2025	05	21	0,7	263	10,7	100	26
25/02/2025	06	23	0,7	259	10,8	100	28
25/02/2025	07	26	0,8	252	11	100	33
25/02/2025	08	35	0,6	227	13,1	100	50
25/02/2025	09	43	0,8	192	14,1	100	65
25/02/2025	10	36	0,6	169	15,2	92	67
25/02/2025	11	30	1,1	211	16,5	83	75
25/02/2025	12	22	0,8	285	16,6	90	37
25/02/2025	13	15	0,9	87	17,8	83	37
25/02/2025	14	18	2,5	132	17,1	89	50
25/02/2025	15	8	3,3	86	16,6	86	15
25/02/2025	16	3	2,5	302	17	64	10
25/02/2025	17	6	3,6	292	16,1	56	29
25/02/2025	18	3	3,3	284	15,8	55	10
25/02/2025	19	1	2,3	270	14,9	59	2
25/02/2025	20	3	0,9	266	15	54	4
25/02/2025	21	3	0,9	259	14,9	54	4
25/02/2025	22	2	1,7	276	14,1	52	2
25/02/2025	23	3	1,1	283	12,7	55	6
26/02/2025	00	2	1	265	12	55	3
26/02/2025	01	2	1,5	279	12,6	50	2
26/02/2025	02	2	0,8	294	12,2	52	4
26/02/2025	03	2	1,4	260	11,3	55	2
26/02/2025	04	3	1,1	239	10,3	61	4
26/02/2025	05	5	1,1	197	9,3	65	8
26/02/2025	06	4	2,3	247	9,4	62	8
26/02/2025	07	4	1,7	252	8,7	67	9
26/02/2025	08	7	1,7	246	10,9	59	35
26/02/2025	09	8	2,9	251	12,2	54	32
26/02/2025	10	8	1,1	248	15,6	44	36
26/02/2025	11	12	2,3	168	16,2	46	58
26/02/2025	12	16	5	156	14,6	65	64
26/02/2025	13	11	4,6	154	14,7	64	33
26/02/2025	14	11	4,2	152	15	65	33
26/02/2025	15	13	3,3	151	15,5	66	45
26/02/2025	16	12	3	153	15,2	73	41
26/02/2025	17	12	2,5	156	15	79	41
26/02/2025	18	10	2,7	153	14,3	77	37
26/02/2025	19	9	1,3	166	13,6	88	20
26/02/2025	20	12	0,4	193	11,9	95	17
26/02/2025	21	18	0,8	242	11,4	97	21
26/02/2025	22	12	1	258	10,7	100	15
26/02/2025	23	11	1,1	250	10,3	100	15
27/02/2025	00	17	1	240	10,1	100	21
27/02/2025	01	19	1,1	239	9,5	100	23
27/02/2025	02	13	1,1	253	9,2	100	16
27/02/2025	03	13	1,1	243	9,4	99	15
27/02/2025	04	12	1,2	243	9,2	94	14
27/02/2025	05	17	0,5	243	8,8	97	20
27/02/2025	06	14	0,9	238	8,7	92	21
27/02/2025	07	14	0,2	232	8,5	94	23
27/02/2025	08	21	0,4	236	9	91	57
27/02/2025	09	31	0	236	11,9	85	92
27/02/2025	10	13	0,7	7	14,4	81	28
27/02/2025	11	6	1,1	80	13,8	81	14
27/02/2025	12	5	1,3	71	13,8	82	13
27/02/2025	13	5	1,4	69	14,4	81	9
27/02/2025	14	6	2,4	111	14,1	90	11
27/02/2025	15	8	2,4	118	14	100	10
27/02/2025	16	8	1,5	115	14,2	100	12
27/02/2025	17	8	1,5	113	14,2	100	12
27/02/2025	18	8	0,9	112	13,7	100	12
27/02/2025	19	12	0,3	112	13,2	100	17
27/02/2025	20	32	0,5	112	12,2	100	39
27/02/2025	21	32	0,9	173	11,9	100	39
27/02/2025	22	23	0,8	204	11,5	100	29
27/02/2025	23	19	0,7	204	11,2	100	24
28/02/2025	00	24	1,1	203	10,6	100	28
28/02/2025	01	23	1,2	203	10,4	100	27
28/02/2025	02	24	0,9	203	10,3	100	29
28/02/2025	03	25	1,3	210	9,4	100	29
28/02/2025	04	21	1	259	9,3	100	25
28/02/2025	05	25	0,2	258	9,5	100	31
28/02/2025	06	26	1,2	239	9,2	100	32
28/02/2025	07	26	1,2	247	9,1	100	30
28/02/2025	08	24	1,5	257	9,8	100	29
28/02/2025	09	28	0,7	259	13	100	39
28/02/2025	10	13	2	53	14,6	99	17
28/02/2025	11	10	2,4	81	14,3	100	13
28/02/2025	12	10	3,8	54	14,2	100	13
28/02/2025	13	11	3	65	14,2	100	14
28/02/2025	14	11	2,3	70	14,5	100	14
28/02/2025	15	9	3,6	44	14,4	98	14
28/02/2025	16	10	2,5	100	14,4	99	12
28/02/2025	17	10	1,8	83	14,3	100	13
28/02/2025	18	10	1,8	72	13,9	100	12
28/02/2025	19	10	3	40	13,7	100	12
28/02/2025	20	8	3	30	13,8	100	10
28/02/2025	21	11	1,7	347	13,6	100	16
28/02/2025	22	11	0,8	307	13,3	100	16
28/02/2025	23	6	3,3	23	13,7	100	8
01/03/2025	00	6	4,2	15	13,4	100	8
01/03/2025	01	7	4,1	17	13,3	100	10
01/03/2025	02	9	4,7	18	13,1	100	13
01/03/2025	03	10	5,3	20	12,8	100	14
01/03/2025	04	13	3,5	355	12	100	19
01/03/2025	05	17	3,6	6	11,8	100	25
01/03/2025	06	19	5,4	8	11,7	100	27
01/03/2025	07	19	6,3	13	12	100	29
01/03/2025	08	16	6,1	18	12,3	100	24
01/03/2025	09	16	6,4	18	12,6	100	24
01/03/2025	10	15	6,7	27	13,1	100	21
01/03/2025	11	14	7,4	29	12,7	100	19
01/03/2025	12	17	7,2	34	13,4	95	27
01/03/2025	13	13	7,2	39	13,6	90	23
01/03/2025	14	13	6,5	40	13,4	91	27
01/03/2025	15	14	5,8	40	13,5	92	30
01/03/2025	16	13	3,8	46	13,2	92	30
01/03/2025	17	20	3,7	42	13	96	48
01/03/2025	18	23	3,7	41	12,9	96	54
01/03/2025	19	20	4,7	43	13,1	96	37
01/03/2025	20	23	5,5	41	13,2	97	40
01/03/2025	21	41	4,3	11	12,8	99	64
01/03/2025	22	51	4,7	18	12,8	98	81
01/03/2025	23	37	5,2	30	13,2	96	66
02/03/2025	00	36	5,3	29	13,1	95	69
02/03/2025	01	40	5	14	12,6	98	70
02/03/2025	02	47	5,2	8	12,4	93	88
02/03/2025	03	48	4,9	10	12,4	88	95
02/03/2025	04	60	4,6	11	12,4	88	123
02/03/2025	05	48	5	16	12,5	86	96
02/03/2025	06	45	5,1	16	12,4	85	91
02/03/2025	07	42	5,3	14	12,2	84	82
02/03/2025	08	30	6,6	20	12,3	82	53
02/03/2025	09	32	6,6	13	11,9	83	53
02/03/2025	10	27	6,7	21	12,3	84	45
02/03/2025	11	22	6,9	28	12,8	82	38
02/03/2025	12	16	7	30	13,1	86	29
02/03/2025	13	16	7	29	12,9	90	27
02/03/2025	14	15	7,5	28	12,9	92	23
02/03/2025	15	18	6,7	26	12,6	98	29
02/03/2025	16	27	7,4	24	12,6	100	36
02/03/2025	17	33	6,9	28	12,7	100	48
02/03/2025	18	34	7,6	28	12,6	100	47
02/03/2025	19	48	6,5	19	12,5	100	70
02/03/2025	20	57	6,3	21	12,5	100	83
02/03/2025	21	43	9,2	42	13,4	100	61
02/03/2025	22	40	9,2	42	13,4	100	55
02/03/2025	23	46	9,5	40	13,4	100	66
03/03/2025	00	44	9,1	40	13,5	100	64
03/03/2025	01	44	8,8	40	13,3	100	62
03/03/2025	02	46	7,6	36	12,4	100	62
03/03/2025	03	61	6,7	23	12	100	91
03/03/2025	04	56	6,1	42	12,9	100	85
03/03/2025	05	37	9,2	43	13,6	100	54
03/03/2025	06	46	7,6	45	13,6	100	68
03/03/2025	07	41	7,2	48	13,6	96	60
03/03/2025	08	38	7,3	47	13,4	90	52
03/03/2025	09	39	7,1	47	13,4	93	52
03/03/2025	10	45	5,7	68	13,8	94	65
03/03/2025	11	37	6	97	14,1	94	48
03/03/2025	12	40	5,1	91	14,3	95	53
03/03/2025	13	45	4,1	81	14,4	96	64
03/03/2025	14	48	3,2	71	14,4	97	71
03/03/2025	15	42	4	98	14,4	97	58
03/03/2025	16	31	4,9	112	14,5	97	40
03/03/2025	17	42	3,3	92	14,5	96	63
03/03/2025	18	50	2,3	70	14,6	95	77
03/03/2025	19	54	2,3	51	14,6	96	84
03/03/2025	20	60	3,3	54	14,5	96	93
03/03/2025	21	52	2,6	64	14,5	95	81
03/03/2025	22	56	4,8	35	14,2	97	87
03/03/2025	23	59	4,9	29	14	96	91
04/03/2025	00	59	5,3	29	14,1	97	91
04/03/2025	01	59	5,5	31	14,1	97	91
04/03/2025	02	59	5,5	28	14,1	96	92
04/03/2025	03	48	6,9	30	13,9	95	72
04/03/2025	04	47	7,2	23	13,7	95	67
04/03/2025	05	46	7,4	23	13,7	93	64
04/03/2025	06	43	7,5	23	13,7	91	58
04/03/2025	07	41	8,1	23	13,5	91	54
04/03/2025	08	46	7,9	25	13,5	92	63
04/03/2025	09	46	7,4	22	13,4	92	61
04/03/2025	10	41	7,9	20	13,5	91	55
04/03/2025	11	34	7,9	21	13,5	90	45
04/03/2025	12	31	7,5	23	13,5	91	42
04/03/2025	13	34	7,8	24	13,6	92	45
04/03/2025	14	35	8	27	13,9	91	48
04/03/2025	15	29	8	29	13,6	93	36
04/03/2025	16	34	7,9	27	13,6	91	45
04/03/2025	17	36	7,5	26	13,9	86	52
04/03/2025	18	38	6,7	21	13,8	87	53
04/03/2025	19	40	6,9	19	13,7	90	54
04/03/2025	20	45	6,7	18	13,8	90	64
04/03/2025	21	41	6,9	25	13,8	92	58
04/03/2025	22	41	6,9	27	13,9	92	58
04/03/2025	23	43	6,6	32	14,1	94	61
05/03/2025	00	43	7,3	35	14,1	94	60
05/03/2025	01	43	7,3	36	13,9	95	60
05/03/2025	02	46	7,1	34	13,9	94	66
05/03/2025	03	36	8,5	27	13,4	96	46
05/03/2025	04	44	8,6	27	13,2	96	63
05/03/2025	05	42	9,3	25	13,1	97	59
05/03/2025	06	47	8,4	26	13,2	96	68
05/03/2025	07	44	9,2	35	13,6	92	65
05/03/2025	08	45	9,1	31	13,5	91	62
05/03/2025	09	39	9,1	30	13,4	91	50
05/03/2025	10	36	9,5	27	13,1	93	44
05/03/2025	11	37	9,7	28	13,1	91	47
05/03/2025	12	34	9	27	13	91	45
05/03/2025	13	34	9,1	26	12,9	92	43
05/03/2025	14	34	8,7	25	12,9	93	43
05/03/2025	15	36	9,3	25	13	94	45
05/03/2025	16	39	9,5	27	13,3	94	50
05/03/2025	17	41	9,2	28	13,4	95	53
05/03/2025	18	47	8,7	32	13,6	96	62
05/03/2025	19	45	7,6	34	13,6	97	62
05/03/2025	20	52	7,3	37	13,7	98	78
05/03/2025	21	40	7,8	42	14,1	92	60
05/03/2025	22	45	7,9	43	14,2	90	65
05/03/2025	23	42	6,9	44	14,4	90	58
06/03/2025	00	43	7,2	43	14,3	91	59
06/03/2025	01	42	7,2	43	14,3	92	57
06/03/2025	02	43	7,5	43	14,3	92	59
06/03/2025	03	42	7,7	42	14,2	93	57
06/03/2025	04	45	7,3	42	14,2	94	62
06/03/2025	05	45	7,4	42	14,2	94	63
06/03/2025	06	47	7,3	41	14,2	94	67
06/03/2025	07	45	7,2	43	14,3	94	61
06/03/2025	08	47	7,2	40	14,3	93	66
06/03/2025	09	49	6,7	34	14,1	95	68
06/03/2025	10	53	6	36	14,5	95	78
06/03/2025	11	40	6,8	40	14,7	92	56
06/03/2025	12	40	6,4	37	15	91	55
06/03/2025	13	37	6,3	34	14,9	91	50
06/03/2025	14	35	6,6	35	14,9	91	46
06/03/2025	15	33	7	32	15	90	43
06/03/2025	16	30	6,7	33	14,8	91	39
06/03/2025	17	31	6,6	32	14,7	91	41
06/03/2025	18	39	5,8	33	14,5	93	53
06/03/2025	19	45	5,3	32	14,4	93	66
06/03/2025	20	52	5	32	14,4	94	77
06/03/2025	21	56	5	26	14,2	95	83
06/03/2025	22	51	6,2	28	14,1	95	73
06/03/2025	23	47	6,8	30	13,9	95	67
07/03/2025	00	45	6,5	21	13,6	89	67
07/03/2025	01	53	4,9	17	13,5	89	80
07/03/2025	02	68	3,3	12	13,4	87	105
07/03/2025	03	55	2,2	339	12,9	88	86
07/03/2025	04	27	0,8	300	12,3	88	41
07/03/2025	05	65	4,4	4	13,4	88	101
07/03/2025	06	46	5,5	11	13,1	92	69
07/03/2025	07	62	3,9	8	13,1	92	96
07/03/2025	08	30	3,4	9	13,1	93	46
07/03/2025	09		4,8	12	13	92	
07/03/2025	10	30	5,7	18	13,5	90	42
07/03/2025	11	24	5,1	21	13,9	87	34
07/03/2025	12	28	4,5	17	13,9	88	39
07/03/2025	13	37	3,8	18	14,5	86	55
07/03/2025	14	20	4,5	28	15	84	31
07/03/2025	15	15	3,9	33	14,5	88	22
07/03/2025	16	20	2,8	30	13,8	95	28
07/03/2025	17	24	3,6	22	13,8	95	36
07/03/2025	18	29	4,3	24	14,1	97	40
07/03/2025	19	27	3,8	32	14,2	98	39
07/03/2025	20	24	2,5	48	14,5	98	35
07/03/2025	21	19	1,9	93	14,4	98	27
07/03/2025	22	15	1,9	103	14,3	98	22
07/03/2025	23	12	1,6	117	14	97	17
08/03/2025	00	13	1,7	127	13,9	97	18
08/03/2025	01	13	1,5	129	13,9	95	18
08/03/2025	02	14	1,7	141	14	95	18
08/03/2025	03	13	2,2	139	13,9	96	16
08/03/2025	04	9	2	139	13,8	95	10
08/03/2025	05	11	1,5	130	13,9	94	14
08/03/2025	06	13	1,3	118	14	94	19
08/03/2025	07	13	1,7	99	13,9	95	18
08/03/2025	08	17	1,6	78	14,2	96	24
08/03/2025	09	19	3,1	115	14,3	97	25
08/03/2025	10	18	4,3	120	14,8	96	21
08/03/2025	11	18	3,8	123	15,1	95	21
08/03/2025	12	16	4,2	122	15,4	93	18
08/03/2025	13	15	3,6	117	15,4	91	18
08/03/2025	14	16	3,1	113	15,5	92	19
08/03/2025	15	15	4,5	115	15,1	94	17
08/03/2025	16	20	3,7	112	15	95	23
08/03/2025	17	24	2,5	98	15,1	95	30
08/03/2025	18	27	2,9	102	15	96	33
08/03/2025	19	30	1,9	90	15,2	96	40
08/03/2025	20	36	3,1	51	14,9	98	49
08/03/2025	21	48	2,9	41	14,9	99	71
08/03/2025	22	44	2,1	102	14,8	99	63
08/03/2025	23	69	0,8	57	14,9	99	103
09/03/2025	00	9	2,6	254	12,3	91	13
09/03/2025	01	3	0,8	170	12,1	90	5
09/03/2025	02	2	2,1	247	11,9	82	3
09/03/2025	03	8	1,4	176	12,2	77	9
09/03/2025	04	7	1,1	179	11,8	77	9
09/03/2025	05	4	1,8	156	12,3	66	5
09/03/2025	06	6	1,7	158	12,1	66	11
09/03/2025	07	7	1,9	202	10,2	74	9
09/03/2025	08	3	2,1	203	11,9	62	4
09/03/2025	09	2	1,9	204	14,1	52	3
09/03/2025	10	1	2,8	219	15,5	44	2
09/03/2025	11	1	3,1	238	16,3	39	1
09/03/2025	12	3	3,2	161	17	45	6
09/03/2025	13	2	2,3	163	17,7	43	4
09/03/2025	14	1	2,2	167	19,5	35	2
09/03/2025	15	1	3,5	155	18,8	37	2
09/03/2025	16	2	4	157	18,2	40	5
09/03/2025	17	4	6,1	150	15,2	66	7
09/03/2025	18	7	4,6	148	15	71	11
09/03/2025	19	6	1,4	174	14,7	71	12
09/03/2025	20	7	0,6	226	13,8	74	10
09/03/2025	21	17	0,7	215	12,9	75	22
09/03/2025	22	8	1,8	249	13,8	61	10
09/03/2025	23	5	1,7	246	13,5	57	6
10/03/2025	00	3	0,9	241	13,5	55	4
10/03/2025	01	4	0,9	205	12,8	59	5
10/03/2025	02	7	0,3	166	11,4	68	9
10/03/2025	03	6	0,5	190	10,9	70	7
10/03/2025	04	6	1	156	10,9	71	7
10/03/2025	05	4	0,8	165	11,1	67	5
10/03/2025	06	2	0,9	165	11,5	64	3
10/03/2025	07	6	1,2	248	11,4	66	10
10/03/2025	08	10	0,7	243	11,8	68	22
10/03/2025	09	7	1,1	246	14,3	54	22
10/03/2025	10	5	1,7	240	15,2	50	22
10/03/2025	11	18	2,4	149	15,2	54	87
10/03/2025	12	14	3,8	144	15,2	56	49
10/03/2025	13	8	4,5	142	15,4	61	36
10/03/2025	14	9	4,7	146	16	59	36
10/03/2025	15	8	4,7	145	16,1	60	39
10/03/2025	16	14	4,8	148	16,3	61	63
10/03/2025	17	18	4,2	147	16,1	65	77
10/03/2025	18	10	4,2	153	15,3	73	34
10/03/2025	19	6	2,9	167	14,8	77	10
10/03/2025	20	9	0,7	267	13,8	80	12
10/03/2025	21	13	1,2	258	13,9	81	17
10/03/2025	22	17	1	258	13,9	83	20
10/03/2025	23	21	0,1	249	14,2	83	30
11/03/2025	00	19	0,6	175	14,3	85	26
11/03/2025	01	13	1,7	250	13,5	85	15
11/03/2025	02	5	2,1	242	13	82	6
11/03/2025	03	6	0,9	205	13,2	80	7
11/03/2025	04	6	1,5	202	13,2	75	7
11/03/2025	05	4	0,7	247	12,2	79	5
11/03/2025	06	7	0,2	254	11,9	81	9
11/03/2025	07	9	0,3	206	12,7	74	13
11/03/2025	08	10	1,1	220	13,4	68	19
11/03/2025	09	12	1,2	246	14	68	31
11/03/2025	10	12	3	153	15	66	43
11/03/2025	11	16	4,4	154	16	64	60
11/03/2025	12	13	4,9	152	15,9	64	56
11/03/2025	13	17	6	155	15,9	67	78
11/03/2025	14	13	5,5	154	16,3	66	53
11/03/2025	15	9	3,8	156	15,7	74	27
11/03/2025	16	5	2,9	203	14,8	82	8
11/03/2025	17	3	1,7	213	13,8	77	6
11/03/2025	18	6	1,5	156	14,2	73	8
11/03/2025	19	7	0,9	182	13,9	79	9
11/03/2025	20	9	0,3	261	13,1	82	12
11/03/2025	21	11	0,6	249	12,6	84	13
11/03/2025	22	10	1	182	12,9	79	12
11/03/2025	23	20	1,9	250	11,7	85	23
12/03/2025	00	11	2	251	12	77	12
12/03/2025	01	4	1,3	305	12,4	72	6
12/03/2025	02	8	0,8	228	11,3	77	9
12/03/2025	03	4	0,9	240	11,8	71	4
12/03/2025	04	3	0,8	241	12,5	64	5
12/03/2025	05	5	1	238	11,5	71	7
12/03/2025	06	5	0,4	274	11,4	70	10
12/03/2025	07	6	1,3	242	10,8	73	12
12/03/2025	08	15	0,8	237	13,2	66	57
12/03/2025	09	22	1,2	202	14,5	64	76
12/03/2025	10	19	1,8	175	15,7	56	87
12/03/2025	11	11	2,6	144	16,9	50	51
12/03/2025	12	8	4	133	17	51	36
12/03/2025	13	4	4,4	120	17,2	55	25
12/03/2025	14	2	1,5	87	18,9	50	7
12/03/2025	15	5	2,1	105	20,2	40	31
12/03/2025	16	2	2,3	73	19,3	48	6
12/03/2025	17	3	2,3	121	18	56	18
12/03/2025	18	6	0,6	23	17,5	65	26
12/03/2025	19	2	2,3	40	15,9	80	2
12/03/2025	20	3	1,3	67	15,5	83	4
12/03/2025	21	5	0,8	94	15,3	79	8
12/03/2025	22	8	1,6	251	15,1	61	11
12/03/2025	23	6	2,1	250	15	54	9
13/03/2025	00	7	0,9	199	14,9	54	11
13/03/2025	01	8	0,8	180	14,1	60	11
13/03/2025	02	8	1,2	248	13,3	64	9
13/03/2025	03	5	1,6	236	14,2	53	6
13/03/2025	04	4	1,3	235	13,8	53	6
13/03/2025	05	7	1,1	218	12,6	59	10
13/03/2025	06	5	2,5	245	12,7	56	8
13/03/2025	07	9	1,7	230	13,1	54	33
13/03/2025	08	16	1,6	206	13,2	55	66
13/03/2025	09	11	1,9	256	14,2	53	32
13/03/2025	10	9	1,4	69	15,5	58	21
13/03/2025	11	8	1,7	99	15,2	64	29
13/03/2025	12	6	2,6	101	15,2	73	13
13/03/2025	13	8	2,1	90	15	81	11
13/03/2025	14	9	2,8	128	14,5	78	12
13/03/2025	15	12	1,7	156	13	81	15
13/03/2025	16	11	0,7	257	13,4	83	13
13/03/2025	17	11	0,3	265	13,8	83	12
13/03/2025	18	14	0,5	170	13,9	83	16
13/03/2025	19	14	0	147	13,3	84	18
13/03/2025	20	16	0,2	147	13,2	84	18
13/03/2025	21	18	0,1	163	12,8	90	19
13/03/2025	22	17	0,9	296	12,1	93	20
13/03/2025	23	6	1,9	356	11,8	87	8
14/03/2025	00	3	2,5	19	11,4	89	5
14/03/2025	01	3	1,6	356	11,2	92	4
14/03/2025	02	7	0,4	259	10,8	95	8
14/03/2025	03	7	0,3	256	10,8	94	7
14/03/2025	04	4	0,6	251	10,5	87	5
14/03/2025	05	5	1,5	329	10,7	83	7
14/03/2025	06	9	3,3	39	10,9	78	14
14/03/2025	07	13	2,2	15	10,3	83	20
14/03/2025	08	5	0,7	282	9,2	92	8
14/03/2025	09	4	1,3	272	8,6	92	7
14/03/2025	10	6	1	274	8,8	89	9
14/03/2025	11	10	0,7	278	9,2	87	15
14/03/2025	12	3	0,6	264	10	82	5
14/03/2025	13	4	0,9	267	10,4	79	6
14/03/2025	14	19	1,7	13	10,6	82	28
14/03/2025	15	8	1,2	270	10	87	12
14/03/2025	16	15	0,6	273	10,4	84	21
14/03/2025	17	46	1,2	325	10,5	80	70
14/03/2025	18	37	1,1	357	10,2	77	58
14/03/2025	19	36	2,3	37	10,5	76	82
14/03/2025	20	30	2,1	41	10,7	75	45
14/03/2025	21	17	1,4	321	10,6	73	31
14/03/2025	22	19	0,6	281	10,4	71	55
14/03/2025	23	11	1,1	253	9,9	73	12
15/03/2025	00	8	0,7	254	9,7	70	10
15/03/2025	01	7	1,3	260	9,8	62	7
15/03/2025	02	8	1,8	249	8,7	80	9
15/03/2025	03	7	1,6	250	7,3	75	8
15/03/2025	04	8	1,5	245	6,9	67	10
15/03/2025	05	7	1	242	6,1	65	10
15/03/2025	06	7	1	226	6,3	57	17
15/03/2025	07	7	1,2	263	6,6	54	22
15/03/2025	08	5	0,9	231	8,6	49	10
15/03/2025	09	4	1,1	230	10,6	45	10
15/03/2025	10	7	1,8	163	12,1	38	23
15/03/2025	11	11	4	153	12,1	42	26
15/03/2025	12	6	3,8	148	12,7	37	20
15/03/2025	13	4	4	147	13,1	39	13
15/03/2025	14	6	4	148	13,3	39	15
15/03/2025	15	5	3,7	145	13,8	41	10
15/03/2025	16	1	3,6	139	13,8	45	2
15/03/2025	17	1	2,1	124	14,3	42	2
15/03/2025	18	1	0,8	124	14,3	42	2
15/03/2025	19	3	0,6	152	13,9	41	5
15/03/2025	20	8	0,1	152	13,3	47	15
15/03/2025	21	19	0,4	151	12	51	38
15/03/2025	22	16	0,4	143	12,3	50	23
15/03/2025	23	15	0,6	279	11	55	33
16/03/2025	00	9	0,6	297	10,7	56	17
16/03/2025	01	12	1,4	262	9,4	64	16
16/03/2025	02	10	1,1	245	8,8	63	11
16/03/2025	03	10	1,4	244	8,1	66	11
16/03/2025	04	7	1,5	245	7,8	68	8
16/03/2025	05	4	1,4	254	7,9	68	5
16/03/2025	06	5	1,4	247	8,3	68	6
16/03/2025	07	6	1	241	8,9	70	9
16/03/2025	08	8	0,6	242	11,4	66	10
16/03/2025	09	4	1,1	286	12,9	62	7
16/03/2025	10	2	1,6	40	12,7	62	3
16/03/2025	11	2	3	41	12,4	68	3
16/03/2025	12	4	2,7	46	11,7	79	6
16/03/2025	13	6	0,7	112	12,7	79	7
16/03/2025	14	3	1,5	68	12,7	74	4
16/03/2025	15	2	2,4	118	12,5	68	3
16/03/2025	16	5	3,7	144	13	70	8
16/03/2025	17	4	1,9	154	13,1	77	5
16/03/2025	18	6	0,7	153	13,3	75	10
16/03/2025	19	3	2,8	60	12,4	78	4
16/03/2025	20	2	3,3	45	11,9	76	2
16/03/2025	21	1	3,5	33	11	78	2
16/03/2025	22	7	1,2	258	9,8	77	8
16/03/2025	23	4	0,7	245	8,7	74	5
17/03/2025	00	7	0,3	243	8,2	79	8
17/03/2025	01	9	0,6	241	7,2	82	10
17/03/2025	02	10	1,3	242	7	80	10
17/03/2025	03	8	1,2	236	7,4	76	8
17/03/2025	04	7	0,8	212	7,9	73	8
17/03/2025	05	10	0,8	155	8,5	72	14
17/03/2025	06	5	1,2	87	9,5	64	9
17/03/2025	07	6	1	10	8	75	9
17/03/2025	08	4	1,9	325	9,2	70	6
17/03/2025	09	2	3,6	24	10,7	64	3
17/03/2025	10	2	3,8	39	11	64	3
17/03/2025	11	2	4,5	42	10,9	62	5
17/03/2025	12	3	3,5	40	11,3	61	4
17/03/2025	13	3	3,6	42	11,3	67	5
17/03/2025	14	4	3,6	38	11,6	68	5
17/03/2025	15	4	3,5	43	11,4	69	5
17/03/2025	16	5	2,7	48	11,4	66	10
17/03/2025	17	3	2,6	42	11,7	63	6
17/03/2025	18	1	2	30	11,8	60	2
17/03/2025	19	6	0,6	4	11,6	60	22
17/03/2025	20	11	0,7	275	11,3	62	18
17/03/2025	21	11	0,9	258	11,3	62	16
17/03/2025	22	7	0,5	245	11,6	63	12
17/03/2025	23	7	1,2	25	11	79	10
18/03/2025	00	12	1,7	260	10,1	82	13
18/03/2025	01	13	1,9	255	9,5	84	15
18/03/2025	02	9	1,9	256	9	91	10
18/03/2025	03	7	0,7	245	9,8	86	8
18/03/2025	04	8	0,4	258	10	86	9
18/03/2025	05	7	3,8	8	11,4	82	8
18/03/2025	06	6	4,7	29	11,7	83	8
18/03/2025	07	5	5,3	18	11,4	88	7
18/03/2025	08	6	5,3	12	11,6	87	8
18/03/2025	09	5	5,1	20	11,9	86	7
18/03/2025	10	7	4,3	37	12,3	88	10
18/03/2025	11	8	3,8	52	12,9	85	12
18/03/2025	12	8	3,1	68	13,1	82	12
18/03/2025	13	8	3,4	96	13	85	11
18/03/2025	14	10	4	74	12,7	91	14
18/03/2025	15	12	5,7	43	12,4	90	17
18/03/2025	16	15	5,4	32	12,2	89	22
18/03/2025	17	16	5,9	26	12,3	94	23
18/03/2025	18	18	6,2	21	12,3	95	25
18/03/2025	19	20	5,4	30	12,7	94	30
18/03/2025	20	27	4,9	29	13,1	94	40
18/03/2025	21	27	4,6	31	13,2	94	40
18/03/2025	22	27	4,6	39	13,7	93	41
18/03/2025	23	22	4,1	42	13,8	91	34
19/03/2025	00	29	3,4	26	13,8	92	44
19/03/2025	01	22	3,6	30	13,7	93	34
19/03/2025	02	19	4,4	31	13,6	94	29
19/03/2025	03	14	4,6	31	13,2	96	20
19/03/2025	04	17	5	18	13,1	97	24
19/03/2025	05	30	4,6	9	13,1	95	44
19/03/2025	06	13	5,4	20	13	96	19
19/03/2025	07	15	5,4	20	13,2	95	22
19/03/2025	08	12	4,5	18	13,4	92	18
19/03/2025	09	11	4,1	26	13,8	92	17
19/03/2025	10	12	4,5	23	14	92	18
19/03/2025	11	11	4,6	26	14,1	90	16
19/03/2025	12	13	3,5	31	14,9	85	19
19/03/2025	13	17	3	24	15,8	84	26
19/03/2025	14	15	2,8	51	16,3	83	23
19/03/2025	15	11	2,5	85	15,9	86	15
19/03/2025	16	19	2,4	68	15,6	90	29
19/03/2025	17	22	4	40	15,2	92	33
19/03/2025	18	23	3,5	40	14,6	94	33
19/03/2025	19	36	3,3	34	14,4	96	53
19/03/2025	20	32	4,3	43	14,4	96	44
19/03/2025	21	43	3,7	36	14,4	98	63
19/03/2025	22	51	3	30	14,3	96	76
19/03/2025	23	47	3,4	28	14,5	95	71
20/03/2025	00	48	2,8	22	14,7	93	72
20/03/2025	01	46	2,3	33	14,8	92	69
20/03/2025	02	42	2,7	37	14,9	92	63
20/03/2025	03	46	5,2	31	14,4	96	64
20/03/2025	04	51	4,5	31	14,3	95	75
20/03/2025	05	43	6,3	30	14,4	94	60
20/03/2025	06	44	6,3	31	14,4	94	61
20/03/2025	07	40	7,2	29	14,5	93	53
20/03/2025	08	43	7	28	14,6	94	58
20/03/2025	09	48	6,3	29	14,9	94	65
20/03/2025	10	42	6,1	30	14,9	95	55
20/03/2025	11	41	6,6	28	14,9	96	52
20/03/2025	12	38	6,7	32	15,4	93	49
20/03/2025	13	33	6,2	30	15,5	92	42
20/03/2025	14	36	6,6	29	15,5	93	45
20/03/2025	15	40	6	34	15,5	93	51
20/03/2025	16	44	5,9	33	15,5	93	57
20/03/2025	17	47	6,5	34	15,3	93	64
20/03/2025	18	43	7,4	29	15,1	94	54
20/03/2025	19	46	6,9	27	15,1	94	60
20/03/2025	20	47	7,6	27	14,9	95	59
20/03/2025	21	53	6,4	26	14,8	96	68
20/03/2025	22	50	6,3	23	14,8	96	63
20/03/2025	23	48	5	33	14,9	95	65
21/03/2025	00	42	7,7	26	14,7	96	50
21/03/2025	01	43	6,4	21	14,8	96	54
21/03/2025	02	42	6,7	27	14,7	95	53
21/03/2025	03	42	6,4	24	14,6	95	54
21/03/2025	04	61	6,1	8	14,7	93	83
21/03/2025	05	94	2,1	354	15,1	91	141
21/03/2025	06	64	0,7	262	15,2	88	94
21/03/2025	07	43	1,2	264	15	89	60
21/03/2025	08	62	1,2	334	15,4	87	92
21/03/2025	09	25	1	185	15,5	87	35
21/03/2025	10	40	1,9	156	15	92	52
21/03/2025	11	27	3,5	153	14,9	87	35
21/03/2025	12	13	6,1	156	15,9	79	20
21/03/2025	13	11	7,4	157	16,7	73	33
21/03/2025	14	9	5,1	160	20,4	42	50
21/03/2025	15	5	2,7	163	21,5	32	33
21/03/2025	16	5	2,2	180	20,6	35	27
21/03/2025	17	3	2	169	20	36	9
21/03/2025	18	3	2,1	163	19,3	40	8
21/03/2025	19	10	2,3	156	18,4	46	34
21/03/2025	20	8	2,6	157	18,2	48	21
21/03/2025	21	5	1,7	169	16,9	54	11
21/03/2025	22	7	1	243	15,8	56	15
21/03/2025	23	7	1,8	180	15,8	61	13
22/03/2025	00	6	2,7	159	15,9	64	9
22/03/2025	01	5	3,2	155	16,1	64	7
22/03/2025	02	5	3,5	152	15,6	70	7
22/03/2025	03	7	3,5	156	15,4	74	9
22/03/2025	04	10	0,9	150	14,7	75	15
22/03/2025	05	5	1,8	159	15,2	71	8
22/03/2025	06	3	1,1	153	15,2	63	5
22/03/2025	07	2	2,9	155	15,6	48	7
22/03/2025	08	4	2,4	160	14,7	50	9
22/03/2025	09	3	2	193	15,1	42	8
22/03/2025	10	5	2,7	170	16,6	39	22
22/03/2025	11	3	2,7	168	17,8	32	14
22/03/2025	12	3	2,9	160	17,7	35	13
22/03/2025	13	4	3,8	212	19,1	34	22
22/03/2025	14	1	4,3	248	18,7	35	3
22/03/2025	15	1	3,1	218	19,6	34	2
22/03/2025	16	1	3,3	164	18,9	37	4
22/03/2025	17	2	3,7	159	17,9	42	7
22/03/2025	18	1	2,6	159	17,4	46	2
22/03/2025	19	1	2,1	163	16,5	51	2
22/03/2025	20	1	3,9	158	15,9	56	2
22/03/2025	21	2	3,3	156	15,6	55	3
22/03/2025	22	2	1,9	157	15,5	54	3
22/03/2025	23	3	1	163	14,5	57	4
23/03/2025	00	1	0,8	183	14,3	56	2
23/03/2025	01	1	1,1	163	13,9	57	2
23/03/2025	02	1	1,8	160	13,5	59	2
23/03/2025	03	1	1,2	163	12,5	62	2
23/03/2025	04	1	1,4	158	12,6	57	1
23/03/2025	05	1	1,4	198	12,9	52	1
23/03/2025	06	1	2	163	12,1	56	2
23/03/2025	07	1	2,2	214	12,2	53	2
23/03/2025	08	1	3,7	258	13,6	46	1
23/03/2025	09	2	1,7	326	15,1	47	6
23/03/2025	10	1	1,9	33	15,1	55	2
23/03/2025	11	1	1,6	101	14,6	58	1
23/03/2025	12	1	1,7	106	15,2	52	1
23/03/2025	13	1	1,6	76	15,1	56	1
23/03/2025	14	1	2,4	102	14,6	58	1
23/03/2025	15	1	1,9	99	14,9	61	2
23/03/2025	16	1	3,6	55	14,3	66	3
23/03/2025	17	2	2,4	50	13,9	70	3
23/03/2025	18	1	2,4	36	13,9	67	2
23/03/2025	19	9	2,2	353	13,4	71	31
23/03/2025	20	14	0,2	314	12,6	69	41
23/03/2025	21	3	2,1	34	13,1	70	5
23/03/2025	22	7	1,2	295	12,1	71	10
23/03/2025	23	11	0,5	239	11,2	71	12
24/03/2025	00	13	0,4	242	10,9	73	19
24/03/2025	01	11	0,5	248	10,8	73	13
24/03/2025	02	9	0,4	240	11,5	71	11
24/03/2025	03	12	0,4	271	11,4	73	20
24/03/2025	04	16	0,5	261	11,5	74	20
24/03/2025	05	18	0,8	242	11,9	68	22
24/03/2025	06	17	0,3	254	11,2	73	25
24/03/2025	07	16	0,1	258	12	74	28
24/03/2025	08	10	0,2	251	14,6	64	23
24/03/2025	09	6	1,9	147	14,4	58	20
24/03/2025	10	5	2,6	117	14,6	56	12
24/03/2025	11	4	3,7	118	14,7	59	10
24/03/2025	12	5	3,9	117	15	62	13
24/03/2025	13	1	3,4	113	15	62	2
24/03/2025	14	1	3,3	111	15,1	63	2
24/03/2025	15	3	3,3	110	14,7	71	8
24/03/2025	16	3	1,8	96	14,6	71	4
24/03/2025	17	3	1,6	105	14,1	76	4
24/03/2025	18	3	0,9	85	14,1	75	5
24/03/2025	19	3	1	72	13,9	75	4
24/03/2025	20	8	0,4	64	14	76	10
24/03/2025	21	11	1,2	299	13	82	12
24/03/2025	22	9	0,7	268	13	81	10
24/03/2025	23	12	0,4	262	13,3	80	14
25/03/2025	00	19	0,8	256	13	82	23
25/03/2025	01	6	1,3	279	12,6	80	7
25/03/2025	02	2	1,3	269	12,2	78	3
25/03/2025	03	4	1	257	11,9	74	5
25/03/2025	04	7	0,7	251	11,7	73	8
25/03/2025	05	12	0,6	251	10,4	81	13
25/03/2025	06	15	0,3	251	10,1	80	18
25/03/2025	07	19	0,7	245	10,7	79	27
25/03/2025	08	19	0,3	247	13,9	67	59
25/03/2025	09	8	0,9	249	14,8	59	28
25/03/2025	10	4	2,1	144	14,5	64	9
25/03/2025	11	4	3	123	14,6	70	14
25/03/2025	12	4	3,3	128	14,9	67	13
25/03/2025	13	3	3,6	128	15,2	65	10
25/03/2025	14	1	3,3	131	15,4	65	3
25/03/2025	15	7	2,4	139	15,1	66	29
25/03/2025	16	12	1,7	156	15	68	44
25/03/2025	17	10	1,8	154	15,1	67	36
25/03/2025	18	6	1,1	157	14,8	67	20
25/03/2025	19	9	0,7	156	14,5	69	35
25/03/2025	20	10	0,2	156	14,5	72	25
25/03/2025	21	9	1,5	261	12,9	85	12
25/03/2025	22	5	2,6	251	12,1	87	6
25/03/2025	23	15	2,3	249	12,1	85	16
26/03/2025	00	21	2,3	248	11,9	80	22
26/03/2025	01	6	2	239	11,9	75	7
26/03/2025	02	6	2,7	244	11,8	72	7
26/03/2025	03	4	2,8	252	13	58	5
26/03/2025	04	2	3,2	261	13,5	52	3
26/03/2025	05	3	2,4	259	12,6	57	4
26/03/2025	06	5	2,1	244	10,7	66	6
26/03/2025	07	5	1,6	241	11,7	60	7
26/03/2025	08	6	1,3	240	13,4	57	14
26/03/2025	09	5	1,4	264	16,5	47	15
26/03/2025	10	2	2,2	33	17,4	47	7
26/03/2025	11	18	3,7	142	16,1	60	57
26/03/2025	12	17	4,2	153	16	63	51
26/03/2025	13	13	3,8	155	16,2	57	46
26/03/2025	14	9	4,1	156	16,2	56	30
26/03/2025	15	19	3,6	155	16,3	58	74
26/03/2025	16	12	2,8	153	16,2	58	45
26/03/2025	17	9	2,3	156	16	62	31
26/03/2025	18	8	0,8	143	16,2	57	32
26/03/2025	19	8	1,3	152	15,5	66	22
26/03/2025	20	8	0,3	152	14,6	67	18
26/03/2025	21	12	0	152	13,5	71	16
26/03/2025	22	14	0,1	152	12,7	74	16
26/03/2025	23	13	0,9	207	12,1	70	14
27/03/2025	00	14	0,5	235	11,9	65	32
27/03/2025	01	14	0,9	220	11,5	66	32
27/03/2025	02	8	1,6	241	11,5	62	9
27/03/2025	03	7	1,5	246	11,1	61	8
27/03/2025	04	7	1,8	244	11,1	59	10
27/03/2025	05	9	1,6	236	10,7	61	10
27/03/2025	06	12	1,4	235	10,5	62	19
27/03/2025	07	16	0,8	228	10,8	63	41
27/03/2025	08	17	1,5	246	12,6	56	49
27/03/2025	09	19	0,6	221	15,4	50	59
27/03/2025	10	13	2	117	14,4	55	23
27/03/2025	11	13	3	123	14,6	54	29
27/03/2025	12	23	3,5	146	15,4	56	80
27/03/2025	13	17	3,9	144	15,9	54	57
27/03/2025	14	8	4,1	139	15,6	57	21
27/03/2025	15	13	3,6	142	15,7	59	37
27/03/2025	16	10	3,1	136	15,4	61	30
27/03/2025	17	9	2,8	137	15,3	64	30
27/03/2025	18	9	2,3	146	15	66	18
27/03/2025	19	10	1,8	156	15	69	21
27/03/2025	20	8	0,6	202	15,1	70	12
27/03/2025	21	10	0,5	240	14,7	73	11
27/03/2025	22	12	0,5	240	14,5	73	13
27/03/2025	23	14	0,3	240	14,4	73	15
28/03/2025	00	18	0	240	13,8	76	21
28/03/2025	01	18	0,2	240	13,3	78	21
28/03/2025	02	16	0,2	240	12,7	75	17
28/03/2025	03	8	0,4	244	13	67	9
28/03/2025	04	4	1,1	290	13,3	58	5
28/03/2025	05	3	1,8	258	12,8	55	4
28/03/2025	06	4	1,7	262	12,5	54	9
28/03/2025	07	4	1,6	258	12,9	51	5
28/03/2025	08	3	1,8	270	15	43	5
28/03/2025	09	3	2,5	278	16,5	41	5
28/03/2025	10	3	2,5	305	17,9	38	6
28/03/2025	11	3	4,1	66	16,7	47	6
28/03/2025	12	8	4,4	134	16,4	48	31
28/03/2025	13	9	4,3	151	16,6	50	26
28/03/2025	14	9	4,4	153	16,5	51	24
28/03/2025	15	11	4,7	155	16,3	56	32
28/03/2025	16	10	4,2	156	16,1	61	18
28/03/2025	17	9	3,5	156	16	63	18
28/03/2025	18	8	3	156	16	64	13
28/03/2025	19	9	1,7	169	15,8	60	21
28/03/2025	20	10	1	204	14,9	65	13
28/03/2025	21	13	1	231	14,9	65	15
28/03/2025	22	7	2,7	311	15,9	48	11
28/03/2025	23	3	3,4	342	16	40	4
29/03/2025	00	7	1,4	251	14,9	41	11
29/03/2025	01	9	1,3	187	15,2	43	13
29/03/2025	02	5	1,4	266	15,2	40	7
29/03/2025	03	3	1,2	274	15,4	40	5
29/03/2025	04	2	0,6	180	14,8	42	5
29/03/2025	05	1	1,7	272	15,4	41	4
29/03/2025	06	1	3,3	263	16	36	4
29/03/2025	07	1	2,7	265	16,6	35	3
29/03/2025	08	1	2,2	18	16,9	33	2
29/03/2025	09	1	2,1	343	17,4	27	4
29/03/2025	10	4	3,2	67	18,4	25	14
29/03/2025	11	13	3,5	298	19,9	21	42
29/03/2025	12	13	4	300	20,3	21	37
29/03/2025	13	15	4	300	20,9	19	45
29/03/2025	14	25	5,4	303	20,4	21	71
29/03/2025	15	19	6,2	292	19,9	21	53
29/03/2025	16	11	5,5	296	19,1	23	30
29/03/2025	17	9	4,2	293	18,4	24	25
29/03/2025	18	5	3,9	290	17,4	25	15
29/03/2025	19	9	4,7	287	15,8	30	24
29/03/2025	20	7	4,8	283	15	30	19
29/03/2025	21	9	4,5	286	14,2	33	22
29/03/2025	22	5	4,3	282	13,7	33	12
29/03/2025	23	1	3,7	261	13,2	32	3
30/03/2025	00	1	3,7	253	12,9	33	2
30/03/2025	01	1	3,7	266	12,5	34	2
30/03/2025	02	1	3,2	256	12,3	35	2
30/03/2025	03	1	3,4	259	12,2	34	1
30/03/2025	04	1	2,9	250	11,8	36	2
30/03/2025	05	2	2,7	248	11,2	37	3
30/03/2025	06	2	2,4	247	10,9	39	3
30/03/2025	07	3	2,8	246	10,9	40	5
30/03/2025	08	3	1,9	249	13,3	36	5
30/03/2025	09	2	1,2	33	15,4	35	6
30/03/2025	10	2	3	117	15,3	42	4
30/03/2025	11	1	4,4	127	15,5	42	2
30/03/2025	12	2	4,1	137	16,1	46	3
30/03/2025	13	3	4	154	16	49	4
30/03/2025	14	2	3,7	153	16,3	50	4
30/03/2025	15	3	3,4	152	16,6	50	5
30/03/2025	16	3	3,1	154	16,4	54	5
30/03/2025	17	3	2,8	156	16,2	55	5
30/03/2025	18	3	2,8	157	15,8	63	6
30/03/2025	19	3	1,5	153	15,3	68	4
30/03/2025	20	10	0,2	168	14,2	70	25
30/03/2025	21	19	0,2	172	13,4	74	34
30/03/2025	22	15	0,1	172	12,9	77	21
30/03/2025	23	10	0,9	228	11,9	68	14
31/03/2025	00	17	0,4	211	11,5	69	23
31/03/2025	01	16	0,7	206	10,5	70	21
31/03/2025	02	15	1,5	226	11,4	60	18
31/03/2025	03	6	3,3	248	13,3	46	7
31/03/2025	04	7	1,6	251	11,7	53	11
31/03/2025	05	8	0,6	240	11,1	54	16
31/03/2025	06	14	0,8	186	10,8	56	36
31/03/2025	07	12	1,4	227	11,3	55	32
31/03/2025	08	14	0,7	249	14,9	57	37
31/03/2025	09	16	0,9	228	16,5	59	42
31/03/2025	10	13	1,9	132	15,7	66	28
31/03/2025	11	7	2,2	116	16,2	62	17
31/03/2025	12	7	2,1	113	16,4	62	9
31/03/2025	13	5	1,9	114	17	57	11
31/03/2025	14	5	2,4	114	17,3	57	8
31/03/2025	15	6	2,7	120	17,7	60	14
31/03/2025	16	7	2,2	127	18	61	26
31/03/2025	17	8	2,3	145	17,8	63	24
31/03/2025	18	7	2	151	17,6	64	18
31/03/2025	19	4	1,1	132	16,9	81	5
31/03/2025	20	5	2,1	56	16	89	5
31/03/2025	21	7	3,5	40	15,5	91	8
31/03/2025	22	7	4,1	37	15,4	87	9
31/03/2025	23	7	3,3	26	15,1	89	10
01/04/2025	00	10	1,1	336	14	85	13
01/04/2025	01	14	0,5	292	13,3	82	16
01/04/2025	02	17	0,9	284	11,7	80	21
01/04/2025	03	8	1,2	266	11,3	73	9
01/04/2025	04	13	0,4	266	11,6	74	15
01/04/2025	05	16	0,9	266	10,8	78	21
01/04/2025	06	16	0,5	266	11,1	72	23
01/04/2025	07	17	0,7	266	11,4	72	29
01/04/2025	08	13	0,5	269	15,6	66	38
01/04/2025	09	8	1,3	29	15,9	73	14
01/04/2025	10	8	2,7	108	15,1	82	11
01/04/2025	11	7	2,8	107	15,3	79	10
01/04/2025	12	6	2,3	104	16,1	81	8
01/04/2025	13	4	3,5	107	16	83	5
01/04/2025	14	4	4,5	114	16,2	82	5
01/04/2025	15	5	4,3	113	16,2	81	6
01/04/2025	16	5	2,6	104	16,5	76	9
01/04/2025	17	5	1,3	69	17,3	75	8
01/04/2025	18	3	1,4	65	16,7	79	5
01/04/2025	19	4	2,7	48	15,7	86	5
01/04/2025	20	5	3,1	40	15,3	89	7
01/04/2025	21	7	2,6	35	15,3	85	9
01/04/2025	22	7	3	25	15,4	82	10
01/04/2025	23	7	3,5	24	15,3	82	10
02/04/2025	00	8	4,5	19	14,9	86	11
02/04/2025	01	10	4,7	19	14,7	88	14
02/04/2025	02	11	4,4	21	14,6	87	15
02/04/2025	03	11	5,6	29	14,4	87	15
02/04/2025	04	14	4,9	15	14	90	20
02/04/2025	05	17	3,9	355	13,7	93	25
02/04/2025	06	12	3,5	15	13,8	93	16
02/04/2025	07	10	4,6	22	13,6	95	12
02/04/2025	08	10	3,8	24	13,9	95	14
02/04/2025	09	16	2,8	77	14,4	93	21
02/04/2025	10	18	3,1	109	15,1	88	22
02/04/2025	11	16	4,6	112	15,5	89	18
02/04/2025	12	15	4	122	15,9	87	16
02/04/2025	13	17	4,4	138	15,7	83	21
02/04/2025	14	14	4,2	129	15,7	85	16
02/04/2025	15	13	3	121	15,9	84	17
02/04/2025	16	11	2,5	104	16,1	83	15
02/04/2025	17	10	2,3	46	16	85	14
02/04/2025	18	10	1,5	66	15,9	87	15
02/04/2025	19	12	2,8	44	15,6	90	16
02/04/2025	20	14	1,6	54	15,6	89	21
02/04/2025	21	13	2,1	48	15,5	90	19
02/04/2025	22	13	2,9	40	15,4	90	20
02/04/2025	23	12	3,8	41	15,5	88	18
03/04/2025	00	13	3,6	39	15,2	91	19
03/04/2025	01	14	2,8	66	15,2	91	21
03/04/2025	02	16	2,8	78	15,2	89	25
03/04/2025	03	17	3,5	69	15	90	25
03/04/2025	04	18	4,1	54	14,9	90	27
03/04/2025	05	23	3,8	37	14,5	92	35
03/04/2025	06	22	4,2	37	14,5	92	33
03/04/2025	07	23	4,2	36	14,6	92	35
03/04/2025	08	23	3,8	32	15,2	87	34
03/04/2025	09	17	3,4	34	16	82	26
03/04/2025	10	10	6,7	38	15,9	83	14
03/04/2025	11	9	8,3	39	15,5	86	11
03/04/2025	12	12	7,9	36	15,7	87	15
03/04/2025	13	13	8,2	37	15,6	88	16
03/04/2025	14	13	8,7	38	15,5	88	17
03/04/2025	15	15	8,5	37	15,4	89	18
03/04/2025	16	17	8,2	35	15,2	89	20
03/04/2025	17	22	7,6	33	15,3	88	28
03/04/2025	18	25	8,2	27	15,2	89	30
03/04/2025	19	28	8	27	15,1	91	35
03/04/2025	20	31	7,8	25	15,1	91	39
03/04/2025	21	33	7,3	24	15,1	92	43
03/04/2025	22	32	7,3	24	15	92	42
03/04/2025	23	30	7,2	25	14,9	92	39
04/04/2025	00	30	7,5	24	14,9	92	40
04/04/2025	01	28	8,6	26	14,9	91	35
04/04/2025	02	32	8,6	24	14,7	91	40
04/04/2025	03	34	8,3	19	14,8	88	42
04/04/2025	04	41	7,4	15	14,7	86	56
04/04/2025	05	67	2,9	328	14,8	84	100
04/04/2025	06	64	2,2	345	14,7	84	96
04/04/2025	07	71	4,8	349	14,8	84	104
04/04/2025	08	51	7,5	6	14,9	83	68
04/04/2025	09	46	5,8	13	15,5	78	67
04/04/2025	10	44	5,2	18	16	76	66
04/04/2025	11	40	5,2	22	16,4	76	67
04/04/2025	12	36	5,2	25	16,7	76	60
04/04/2025	13	28	4,1	36	17,5	74	55
04/04/2025	14	14	2,9	71	17,1	77	24
04/04/2025	15	11	5,3	60	16,3	82	15
04/04/2025	16	13	6	47	15,7	86	16
04/04/2025	17	16	6,1	45	15,4	88	20
04/04/2025	18	18	5,9	44	15,2	89	23
04/04/2025	19	23	4,9	42	15,1	91	32
04/04/2025	20	26	2	59	15,3	91	39
04/04/2025	21	24	1,3	149	15,3	92	34
04/04/2025	22	24	1,4	120	14,8	95	33
04/04/2025	23	32	1,2	233	14,3	96	43
05/04/2025	00	31	1,6	180	14,1	96	40
05/04/2025	01	29	1,8	146	14,4	96	41
05/04/2025	02	27	2,1	127	14,4	95	36
05/04/2025	03	28	1,5	131	14,5	92	33
05/04/2025	04	26	1	133	14,2	92	29
05/04/2025	05	35	0,5	222	13,8	95	44
05/04/2025	06	32	0,1	223	13,3	95	41
05/04/2025	07	29	1,2	222	13	95	35
05/04/2025	08	38	0,3	201	15,3	87	44
05/04/2025	09	30	1,6	130	15,3	84	33
05/04/2025	10	24	2,3	112	15,3	84	26
05/04/2025	11	25	3,1	122	16	78	27
05/04/2025	12	15	3,2	111	16,2	80	16
05/04/2025	13	14	1,9	72	17,8	76	16
05/04/2025	14	11	2	58	17,8	75	13
05/04/2025	15	12	3	46	17,7	79	13
05/04/2025	16	10	1,9	49	17,6	81	12
05/04/2025	17	7	1,6	42	18,1	80	9
05/04/2025	18	4	1,6	39	18,3	73	5
05/04/2025	19	4	1,2	73	17,6	78	5
05/04/2025	20	4	0,9	51	16,8	86	5
05/04/2025	21	8	0,2	67	16,3	85	12
05/04/2025	22	9	0,9	23	14,7	79	11
05/04/2025	23	7	0,7	330	15,2	68	9
06/04/2025	00	9	0,5	294	13,9	70	12
06/04/2025	01	7	2	256	14,4	67	9
06/04/2025	02	3	2,4	250	15,6	59	3
06/04/2025	03	5	1,9	246	15,9	57	6
06/04/2025	04	2	2,6	249	16,4	55	3
06/04/2025	05	2	2,2	247	16,1	56	3
06/04/2025	06	2	2,1	241	15,8	58	3
06/04/2025	07	2	1,6	241	16,5	57	3
06/04/2025	08	2	1,9	249	17,3	55	3
06/04/2025	09	2	1	250	20,3	49	3
06/04/2025	10	2	2,1	152	21	47	2
06/04/2025	11	4	3,8	153	19,5	57	6
06/04/2025	12	5	4,2	159	18,5	65	6
06/04/2025	13	4	4	158	19,8	56	5
06/04/2025	14	4	4	157	20,1	52	6
06/04/2025	15	4	3,4	157	19,8	55	6
06/04/2025	16	2	2,4	143	20,4	51	3
06/04/2025	17	3	2,1	155	19,3	57	4
06/04/2025	18	1	2	152	19,3	54	2
06/04/2025	19	2	0,4	222	19	55	3
06/04/2025	20	4	0,3	164	18,2	61	4
06/04/2025	21	6	0,2	169	17,8	64	8
06/04/2025	22	8	0,9	183	16,9	67	10
06/04/2025	23	10	0,4	195	15,9	68	15
07/04/2025	00	9	0,5	193	15,4	68	14
07/04/2025	01	9	0,4	232	14,7	74	15
07/04/2025	02	7	1,8	239	16,7	62	9
07/04/2025	03	6	1,3	237	17,3	59	7
07/04/2025	04	5	1,2	238	16,6	59	8
07/04/2025	05	7	1	233	16,2	59	14
07/04/2025	06	14	1,1	232	15,7	60	37
07/04/2025	07	23	0,8	233	17,4	54	88
07/04/2025	08	16	0,7	238	20,1	48	70
07/04/2025	09	16	1,7	179	18,8	60	44
07/04/2025	10	14	1,7	122	19,3	58	29
07/04/2025	11	11	1,6	110	19,3	65	34
07/04/2025	12	5	2,7	115	18,8	67	9
07/04/2025	13	5	2,3	109	19	70	7
07/04/2025	14	5	2,2	107	19,1	73	9
07/04/2025	15	6	2,2	110	18,9	69	15
07/04/2025	16	5	2,2	114	18,9	67	9
07/04/2025	17	4	1,8	115	18,9	70	7
07/04/2025	18	5	1,6	98	18,8	75	8
07/04/2025	19	7	2,4	76	17,4	86	9
07/04/2025	20	8	4,9	44	16,7	90	9
07/04/2025	21	9	4,7	42	16,6	89	11
07/04/2025	22	9	4,5	40	16,4	88	12
07/04/2025	23	9	4,1	41	16,4	86	12
08/04/2025	00	9	3,7	39	16,4	83	12
08/04/2025	01	9	3,8	39	16,3	82	12
08/04/2025	02	9	3,2	37	16,2	81	12
08/04/2025	03	11	3,8	36	15,7	83	14
08/04/2025	04	11	1,6	321	15,3	83	15
08/04/2025	05	19	0,3	282	14	85	25
08/04/2025	06	21	1,4	334	13,8	88	26
08/04/2025	07	15	3,3	43	15,1	87	19
08/04/2025	08	13	2,4	47	15,7	83	16
08/04/2025	09	12	1,9	56	16,1	82	15
08/04/2025	10	12	2	96	16,1	82	16
08/04/2025	11	10	2,5	108	16,1	83	12
08/04/2025	12	9	2,8	107	16,2	82	11
08/04/2025	13	11	2,9	102	16,4	82	14
08/04/2025	14	10	2,4	97	16,9	81	12
08/04/2025	15	9	1,9	80	17,5	80	11
08/04/2025	16	9	1,8	62	17,8	80	10
08/04/2025	17	8	2,5	47	17,3	84	9
08/04/2025	18	9	2,6	46	16,8	88	10
08/04/2025	19	9	1,8	64	16,4	91	10
08/04/2025	20	12	1,9	42	16	92	13
08/04/2025	21	14	2,8	43	16	92	15
08/04/2025	22	15	2,3	45	15,8	91	17
08/04/2025	23	16	1,9	48	15,7	91	18
09/04/2025	00	22	0,9	27	14,7	92	25
09/04/2025	01	23	0,7	26	14,9	93	25
09/04/2025	02	29	0,4	23	15,2	91	31
09/04/2025	03	43	1,1	258	15	90	46
09/04/2025	04	44	0,8	265	14,1	91	48
09/04/2025	05	48	1,1	256	14,1	91	51
09/04/2025	06	46	1	259	13,9	91	50
09/04/2025	07	41	1,1	274	13,2	92	45
09/04/2025	08	42	0,6	274	14,9	87	46
09/04/2025	09	27	0,9	356	16,1	80	29
09/04/2025	10	18	1	71	17,2	74	23
09/04/2025	11	17	2,7	120	16,5	77	26
09/04/2025	12	16	3,1	124	16,9	76	23
09/04/2025	13	15	2,5	113	16,9	79	17
09/04/2025	14	15	2,6	114	17,3	78	19
09/04/2025	15	13	2,1	109	17,4	78	17
09/04/2025	16	9	1,7	96	17,7	79	10
09/04/2025	17	6	2	93	17,6	80	7
09/04/2025	18	7	1,3	67	17,8	81	9
09/04/2025	19	8	1,2	98	17,4	83	9
09/04/2025	20	9	0,8	98	17,3	84	11
09/04/2025	21	10	1,3	63	17	86	12
09/04/2025	22	12	1,5	58	16,9	86	15
09/04/2025	23	13	2,8	28	16,6	89	16
10/04/2025	00	14	2,3	2	16,2	90	17
10/04/2025	01	14	1,2	272	14,5	87	16
10/04/2025	02	14	0,8	255	14,9	81	16
10/04/2025	03	14	1,2	264	14,4	84	16
10/04/2025	04	20	1,1	259	13,9	87	21
10/04/2025	05	23	1,1	261	13,7	88	26
10/04/2025	06	21	0,9	260	13,4	88	24
10/04/2025	07	28	0,8	270	14,8	85	35
10/04/2025	08	15	3,8	29	16,5	84	19
10/04/2025	09	10	4,3	44	16,7	84	12
10/04/2025	10	8	3,4	48	17,1	82	10
10/04/2025	11	7	2,9	64	17,6	80	9
10/04/2025	12	7	2,9	82	17,6	82	8
10/04/2025	13	7	3,1	55	17,6	81	9
10/04/2025	14	8	2,9	64	17,6	80	11
10/04/2025	15	8	4,3	47	17,3	83	10
10/04/2025	16	7	5,8	44	17	85	8
10/04/2025	17	7	4,5	45	17	85	9
10/04/2025	18	8	2,5	59	16,9	83	10
10/04/2025	19	8	2,2	59	16,6	83	11
10/04/2025	20	10	2,6	46	16,4	84	13
10/04/2025	21	10	2,6	33	16,3	85	14
10/04/2025	22	16	1,8	22	16	86	24
10/04/2025	23	14	1,8	22	15,7	88	19
11/04/2025	00	14	1	292	13,9	87	16
11/04/2025	01	15	0,7	292	13,9	86	18
11/04/2025	02	17	0,8	291	13,2	88	20
11/04/2025	03	16	1	291	13	89	18
11/04/2025	04	20	1	291	12,9	89	23
11/04/2025	05	20	1,2	291	12,9	89	23
11/04/2025	06	22	1,2	291	12,9	89	25
11/04/2025	07	25	0,8	291	14	86	30
11/04/2025	08	22	0,8	302	15,6	80	28
11/04/2025	09	18	3	27	16,4	79	26
11/04/2025	10	14	4,6	37	17	78	20
11/04/2025	11	10	4,7	46	16,7	83	13
11/04/2025	12	9	4,3	47	16,9	83	13
11/04/2025	13	9	4,5	48	17	82	12
11/04/2025	14	9	5,6	43	16,6	83	12
11/04/2025	15	10	5,4	43	16,6	84	14
11/04/2025	16	10	5,8	43	16,2	87	13
11/04/2025	17	11	5,5	44	16,1	86	13
11/04/2025	18	13	3,3	49	16,1	86	17
11/04/2025	19	13	3,1	63	16,1	86	18
11/04/2025	20	14	4,8	74	15,9	90	17
11/04/2025	21	19	4,5	24	15,7	89	28
11/04/2025	22	19	2,7	29	15,7	87	28
11/04/2025	23	20	0,4	239	15,1	86	27
12/04/2025	00	20	0,8	268	13,7	91	24
12/04/2025	01	26	0,5	244	14,2	90	33
12/04/2025	02	30	1	235	14,2	89	34
12/04/2025	03	28	1,3	261	13,2	90	29
12/04/2025	04	30	0,5	267	13,3	90	32
12/04/2025	05	31	1	244	12,6	89	33
12/04/2025	06	28	0,9	247	12,2	88	31
12/04/2025	07	29	0,5	248	13,4	86	32
12/04/2025	08	35	0,7	208	14,8	80	44
12/04/2025	09	23	0,5	246	16,4	70	32
12/04/2025	10	16	1,4	175	16,2	70	18
12/04/2025	11	18	1	136	16,4	73	21
12/04/2025	12	19	1,2	112	16,8	73	25
12/04/2025	13	17	3,1	120	16,5	75	18
12/04/2025	14	19	3,5	126	16,9	74	20
12/04/2025	15	20	3,1	148	17	76	22
12/04/2025	16	20	1,9	149	17	77	23
12/04/2025	17	23	1,9	142	16,9	80	26
12/04/2025	18	24	2,7	141	16,4	85	27
12/04/2025	19	24	2,3	145	16,3	83	28
12/04/2025	20	23	1,4	153	16,5	83	27
12/04/2025	21	20	0,5	170	16,6	82	24
12/04/2025	22	29	0,3	157	16,4	84	39
12/04/2025	23	30	0,1	135	16,5	84	39
13/04/2025	00	30	0,8	144	15,5	87	35
13/04/2025	01	36	0	158	15,3	87	43
13/04/2025	02	42	0,3	149	15,5	88	52
13/04/2025	03	39	0,6	143	15	89	44
13/04/2025	04	35	0,9	147	13,7	92	37
13/04/2025	05	39	0,9	192	13,6	92	42
13/04/2025	06	44	0,8	196	13,2	93	48
13/04/2025	07	47	0,2	196	14,6	91	62
13/04/2025	08	30	2,4	134	16,1	89	35
13/04/2025	09	23	2,3	106	16,1	87	25
13/04/2025	10	22	2,2	107	16,8	86	24
13/04/2025	11	22	2,8	113	16,8	85	23
13/04/2025	12	22	2,6	118	17,1	83	23
13/04/2025	13	22	1,5	108	17,6	81	24
13/04/2025	14	20	1,3	100	18,3	78	23
13/04/2025	15	20	1,4	109	17,5	82	21
13/04/2025	16	18	1,2	76	18,2	80	20
13/04/2025	17	16	0,8	73	18,1	79	17
13/04/2025	18	16	0,4	75	18,2	78	19
13/04/2025	19	16	1,8	110	17,7	81	17
13/04/2025	20	16	0,9	125	17,4	83	19
13/04/2025	21	22	0	125	17,4	83	29
13/04/2025	22	20	0,9	118	17,3	86	24
13/04/2025	23	17	1	95	17,2	88	19
14/04/2025	00	19	1,9	67	17	89	20
14/04/2025	01	17	3,6	40	16,9	90	18
14/04/2025	02	17	3,4	37	16,5	91	18
14/04/2025	03	20	1,1	323	16,2	91	22
14/04/2025	04	24	0,5	279	16,2	91	27
14/04/2025	05	25	0,7	316	16,2	89	29
14/04/2025	06	19	2,3	33	16,3	88	22
14/04/2025	07	25	0,9	349	16,7	84	30
14/04/2025	08	27	0,5	63	17,7	81	36
14/04/2025	09	25	1,2	106	17,5	79	34
14/04/2025	10	21	2,2	145	17,5	79	28
14/04/2025	11	20	3,2	150	18,2	76	30
14/04/2025	12	13	4,1	133	18	77	16
14/04/2025	13	13	4,2	121	17,5	83	14
14/04/2025	14	15	2,5	112	17,3	85	17
14/04/2025	15	16	2,2	108	17,5	85	19
14/04/2025	16	14	1,5	101	17,7	84	16
14/04/2025	17	14	1,6	110	17,4	86	16
14/04/2025	18	15	1,3	105	17,6	87	16
14/04/2025	19	14	1,2	79	17,5	87	15
14/04/2025	20	15	1,2	59	17,2	88	18
14/04/2025	21	18	0,7	57	17	88	21
14/04/2025	22	23	0,5	319	16,2	89	25
14/04/2025	23	28	0,8	308	16,3	89	32
15/04/2025	00	31	1,2	296	15,6	91	33
15/04/2025	01	36	1,9	257	16	87	38
15/04/2025	02	37	0,8	173	15,8	83	41
15/04/2025	03	16	1	197	15,6	73	18
15/04/2025	04	7	1,7	217	15,9	61	10
15/04/2025	05	6	1	158	16,1	59	9
15/04/2025	06	4	1,6	180	15,7	59	12
15/04/2025	07	10	1,1	187	15,7	58	28
15/04/2025	08	14	1,4	161	16,6	54	53
15/04/2025	09	8	1,3	198	18,6	46	31
15/04/2025	10	12	3,6	163	18,9	48	54
15/04/2025	11	8	3,5	167	18,9	49	27
15/04/2025	12	3	2,3	213	21	33	13
15/04/2025	13	12	4,3	164	20,4	38	72
15/04/2025	14	12	5,6	157	20,6	40	62
15/04/2025	15	23	6	154	21,1	36	122
15/04/2025	16	12	3,5	157	22,4	24	74
15/04/2025	17	3	4,3	254	21	28	15
15/04/2025	18	1	4,2	258	20,1	32	2
15/04/2025	19	1	3,3	267	18,4	37	3
15/04/2025	20	1	3,1	96	16,6	61	2
15/04/2025	21	2	2,8	102	15,9	68	4
15/04/2025	22	2	2,4	96	15,5	70	4
15/04/2025	23	3	2	38	15,5	67	7
16/04/2025	00	1	1,5	264	14,7	59	2
16/04/2025	01	2	1,1	258	13,8	66	5
16/04/2025	02	3	1,7	250	12,8	71	4
16/04/2025	03	3	1,5	254	12,2	63	4
16/04/2025	04	2	1,4	269	11,7	61	6
16/04/2025	05	1	1,2	258	11,7	56	2
16/04/2025	06	1	1,6	263	12,2	51	2
16/04/2025	07	3	0,9	263	13,5	46	14
16/04/2025	08	2	0,7	322	16,3	37	11
16/04/2025	09	5	2,1	129	15,6	38	25
16/04/2025	10	7	3,7	123	16,1	39	42
16/04/2025	11	12	4,4	133	17	37	77
16/04/2025	12	7	4,9	137	17,5	40	47
16/04/2025	13	5	5	139	17,8	43	28
16/04/2025	14	14	5,3	134	17,6	48	65
16/04/2025	15	19	5,4	129	16,9	56	81
16/04/2025	16	7	5	130	17,3	56	29
16/04/2025	17	1	3,8	127	17,2	60	3
16/04/2025	18	2	2	128	17,8	59	6
16/04/2025	19	1	0,5	123	18	54	4
16/04/2025	20	2	3,3	238	17,9	36	4
16/04/2025	21	1	3,6	253	17	36	2
16/04/2025	22	1	1,8	227	16,1	39	1
16/04/2025	23	2	1,9	246	15,3	42	3
17/04/2025	00	3	0,5	261	14,2	48	10
17/04/2025	01	2	1,3	301	13,9	50	6
17/04/2025	02	2	0,7	285	13	52	4
17/04/2025	03	1	2,3	261	13,1	51	2
17/04/2025	04	3	0,8	288	12,6	53	9
17/04/2025	05	6	1,7	257	12,4	53	21
17/04/2025	06	7	1,8	249	12,6	53	24
17/04/2025	07	5	0,8	254	14,4	49	15
17/04/2025	08	3	2,6	259	15,6	46	9
17/04/2025	09	4	1,2	207	17,8	37	15
17/04/2025	10	10	3,2	135	17,7	37	59
17/04/2025	11	12	5,4	130	17,1	51	62
17/04/2025	12	17	5,3	145	18	50	88
17/04/2025	13	8	5	143	18,7	41	40
17/04/2025	14	9	5,1	135	18,3	46	39
17/04/2025	15	5	4,4	129	18,4	47	27
17/04/2025	16	2	3,1	113	18,1	54	5
17/04/2025	17	2	2,4	105	17,9	61	3
17/04/2025	18	2	2,2	53	18	69	3
17/04/2025	19	2	3	31	17,1	75	3
17/04/2025	20	3	3,3	27	17	78	4
17/04/2025	21	4	3,1	34	16,7	80	6
17/04/2025	22	4	2,9	44	16,5	79	6
17/04/2025	23	6	1,2	283	15,9	76	8
18/04/2025	00	14	0,3	266	14,7	75	21
18/04/2025	01	12	0,3	251	14,2	77	16
18/04/2025	02	13	0,4	241	13,7	76	17
18/04/2025	03	10	1,2	245	13,1	77	12
18/04/2025	04	8	0,8	247	13	76	9
18/04/2025	05	8	0,7	247	12,8	79	10
18/04/2025	06	10	0,3	247	13,2	76	13
18/04/2025	07	11	0,2	248	15,6	70	26
18/04/2025	08	7	1	307	18	72	13
18/04/2025	09	4	1,3	63	18	74	5
18/04/2025	10	3	1,7	93	17,5	74	4
18/04/2025	11	3	1,9	95	18	71	5
18/04/2025	12	4	3,1	108	17,5	77	5
18/04/2025	13	6	3,4	111	17,1	78	7
18/04/2025	14	6	2,4	106	17,3	78	7
18/04/2025	15	5	1,7	52	18,1	77	7
18/04/2025	16	5	1,9	47	17,7	79	7
18/04/2025	17	6	1,3	64	17,7	80	8
18/04/2025	18	6	1,1	75	17,5	81	7
18/04/2025	19	6	0,9	80	17,5	80	7
18/04/2025	20	6	0,9	78	17,2	84	8
18/04/2025	21	7	1,2	79	16,9	87	9
18/04/2025	22	8	2,1	52	16,5	89	10
18/04/2025	23	10	2,5	41	16,2	91	12
19/04/2025	00	13	1,3	22	15	89	18
19/04/2025	01	9	0,7	16	13,9	86	11
19/04/2025	02	9	0,6	16	14	85	11
19/04/2025	03	13	0,4	16	13,9	87	15
19/04/2025	04	24	0,5	59	13,6	87	27
19/04/2025	05	19	0,9	287	12,6	87	22
19/04/2025	06	20	0,8	279	13,5	88	22
19/04/2025	07	19	0,7	270	15,3	84	25
19/04/2025	08	19	1,6	205	16,7	79	25
19/04/2025	09	11	3,3	156	19,2	57	31
19/04/2025	10	5	3,5	217	21,4	38	31
19/04/2025	11	3	2,8	216	22,2	35	23
19/04/2025	12	3	3,2	202	22	29	21
19/04/2025	13	4	3,7	222	22,4	24	25
19/04/2025	14	3	6	259	21,7	22	18
19/04/2025	15	1	6,3	258	22,1	20	5
19/04/2025	16	1	4,8	258	22,4	19	2
19/04/2025	17	1	3,4	238	22,1	22	3
19/04/2025	18	1	4,2	251	21	25	2
19/04/2025	19	1	5	255	19,4	27	2
19/04/2025	20	1	3,9	253	18,2	31	1
19/04/2025	21	1	1,5	235	17,3	35	3
19/04/2025	22	1	2,5	253	15,8	43	2
19/04/2025	23	2	1,5	242	14,4	47	2
20/04/2025	00	3	2,4	226	13,8	48	6
20/04/2025	01	3	0,4	168	13,2	51	6
20/04/2025	02	3	1	191	13,3	50	6
20/04/2025	03	2	1,3	217	13,1	48	4
20/04/2025	04	4	1,3	176	11,5	56	6
20/04/2025	05	2	0,8	193	11,1	57	3
20/04/2025	06	3	1,5	200	10,7	60	5
20/04/2025	07	4	1,1	213	13,3	52	7
20/04/2025	08	4	1,5	246	15,4	47	6
20/04/2025	09	2	2	209	17,7	39	4
20/04/2025	10	5	4,2	149	17,1	49	10
20/04/2025	11	3	3,6	150	17,9	48	6
20/04/2025	12	1	2,7	135	18,5	39	2
20/04/2025	13	3	4,2	151	18,1	50	6
20/04/2025	14	2	2,7	144	17,9	52	4
20/04/2025	15	1	1,5	96	18,5	46	2
20/04/2025	16	1	1,6	119	18,2	49	1
20/04/2025	17	1	2,9	112	17,7	54	1
20/04/2025	18	1	2,6	115	17,2	64	1
20/04/2025	19	1	2,2	135	16,6	69	2
20/04/2025	20	3	0,3	151	16,2	70	5
20/04/2025	21	5	0,6	151	15,5	68	6
20/04/2025	22	5	0,9	150	14,3	69	6
20/04/2025	23	7	0,9	150	14,4	66	14
21/04/2025	00	7	1	156	13,4	65	8
21/04/2025	01	5	1,4	228	13,7	61	8
21/04/2025	02	5	0,7	229	13,4	62	7
21/04/2025	03	4	1,2	233	13	63	6
21/04/2025	04	2	1,6	240	14	56	3
21/04/2025	05	3	0,9	239	14,1	54	4
21/04/2025	06	5	0,5	235	12,4	63	7
21/04/2025	07	16	0,9	240	13,4	63	18
21/04/2025	08	7	0,5	238	17,1	55	9
21/04/2025	09	3	1	199	17,4	58	5
21/04/2025	10	3	2,3	108	16,7	64	5
21/04/2025	11	1	2,8	107	17,3	68	1
21/04/2025	12	1	4,1	113	17,3	70	1
21/04/2025	13	2	4,7	115	17,7	67	2
21/04/2025	14	3	4,7	116	17,8	68	3
21/04/2025	15	1	4,3	113	17,6	73	2
21/04/2025	16	1	3,5	112	17,6	71	1
21/04/2025	17	1	2,2	110	17,6	74	2
21/04/2025	18	3	1,1	113	17,7	74	4
21/04/2025	19	2	1	86	17,3	75	3
21/04/2025	20	2	0,7	84	16,9	76	3
21/04/2025	21	4	0,2	84	17,1	74	6
21/04/2025	22	5	0,4	84	16,5	78	7
21/04/2025	23	7	0,2	84	16,2	77	11
22/04/2025	00	8	0,4	84	16	79	12
22/04/2025	01	6	0,5	84	15,2	77	8
22/04/2025	02	4	0	84	15,5	72	5
22/04/2025	03	4	0	84	15,5	71	6
22/04/2025	04	5	0	84	15,2	72	6
22/04/2025	05	5	0	84	15,1	73	7
22/04/2025	06	9	0,4	84	15,5	74	12
22/04/2025	07	12	1,1	84	15,1	81	15
22/04/2025	08	9	0,9	78	14,9	87	13
22/04/2025	09	3	1,5	50	15,4	84	4
22/04/2025	10	2	2,1	104	16,4	81	3
22/04/2025	11	3	1,9	57	17,7	76	4
22/04/2025	12	4	2,2	66	18	78	8
22/04/2025	13	5	3,2	73	17,6	82	6
22/04/2025	14	4	3,4	60	16,5	85	6
22/04/2025	15	3	1,7	81	16,3	83	4
22/04/2025	16	5	1,6	46	15,8	88	7
22/04/2025	17	6	0,1	47	15,9	89	8
22/04/2025	18	8	0,5	59	16,2	91	9
22/04/2025	19	19	0,7	195	16,1	92	21
22/04/2025	20	20	0,3	191	15,7	90	21
22/04/2025	21	13	0,8	198	15,5	89	14
22/04/2025	22	17	0,9	234	15	89	18
22/04/2025	23	20	1,5	249	14	91	21
23/04/2025	00	10	1,5	255	13,8	79	11
23/04/2025	01	11	2	243	13,9	77	12
23/04/2025	02	12	3	246	13,5	74	14
23/04/2025	03	8	0,8	240	12,3	79	10
23/04/2025	04	9	1,1	243	11,7	80	11
23/04/2025	05	9	0,7	247	11,5	74	12
23/04/2025	06	13	0,8	232	12,3	66	22
23/04/2025	07	21	0,7	187	14,4	60	63
23/04/2025	08	10	1,4	189	16,7	47	41
23/04/2025	09	20	1,2	168	19,6	38	96
23/04/2025	10	14	2,5	156	19,6	37	63
23/04/2025	11	16	4,5	154	18,2	57	52
23/04/2025	12	11	4,9	157	17,6	65	28
23/04/2025	13	13	4	155	18,3	59	30
23/04/2025	14	14	3,4	151	18,5	54	47
23/04/2025	15	11	2,8	141	18,7	55	47
23/04/2025	16	4	2,4	121	18,4	59	14
23/04/2025	17	3	1,8	127	18,5	61	8
23/04/2025	18	4	1	145	18,5	64	7
23/04/2025	19	5	0,9	144	18	64	11
23/04/2025	20	6	0,9	174	17,4	66	12
23/04/2025	21	9	0,5	250	16,9	63	12
23/04/2025	22	7	0,6	252	16,3	58	10
23/04/2025	23	8	0,8	200	16,1	55	11
24/04/2025	00	8	0,6	209	15,2	56	18
24/04/2025	01	9	0,7	210	14,6	64	14
24/04/2025	02	10	0,9	216	14,2	65	14
24/04/2025	03	7	1	219	14	68	9
24/04/2025	04	6	0,9	219	15	65	8
24/04/2025	05	11	0,5	219	15	70	20
24/04/2025	06	12	1	241	15	71	19
24/04/2025	07	16	0,5	289	17,2	65	45
24/04/2025	08	7	0,7	6	19,1	63	13
24/04/2025	09	14	1,9	115	18	70	27
24/04/2025	10	21	3,4	155	18,3	71	56
24/04/2025	11	19	3,5	155	18,6	73	38
24/04/2025	12	12	2,9	123	19	70	21
24/04/2025	13	11	2,9	120	19,3	68	17
24/04/2025	14	6	2,8	120	19,7	61	14
24/04/2025	15	8	3,2	121	19,4	64	19
24/04/2025	16	7	2,8	123	19,2	68	14
24/04/2025	17	6	2,6	137	19,1	73	11
24/04/2025	18	6	2,6	154	18,6	80	9
24/04/2025	19	5	1,9	156	18,3	79	7
24/04/2025	20	7	0,9	156	18,1	80	9
24/04/2025	21	8	0,7	183	17,6	82	10
24/04/2025	22	10	0,9	196	17,2	83	12
24/04/2025	23	14	0,5	196	16,6	84	17
25/04/2025	00	23	0,3	195	16,5	84	29
25/04/2025	01	24	0,1	195	16	85	30
25/04/2025	02	19	0,6	194	15,2	88	22
25/04/2025	03	16	1,9	58	16,4	89	18
25/04/2025	04	16	3,2	41	16,3	89	18
25/04/2025	05	16	2,8	48	16	92	18
25/04/2025	06	18	1,9	53	16,1	92	20
25/04/2025	07	22	1	21	16,3	88	27
25/04/2025	08	17	1,3	20	17,2	86	19
25/04/2025	09	13	1,1	62	18,3	77	15
25/04/2025	10	9	2,4	110	17,4	81	11
25/04/2025	11	9	2,1	102	17,9	80	12
25/04/2025	12	6	1,8	93	18,1	80	7
25/04/2025	13	6	1,6	68	19,2	76	9
25/04/2025	14	8	1,8	66	19,3	76	17
25/04/2025	15	7	1,5	80	19,4	76	18
25/04/2025	16	5	1,9	91	18,8	78	7
25/04/2025	17	3	2	100	18,5	78	4
25/04/2025	18	2	1,4	73	18,8	75	3
25/04/2025	19	2	1,1	80	18,3	77	3
25/04/2025	20	4	1,1	118	18	80	6
25/04/2025	21	7	0,8	131	17,9	83	8
25/04/2025	22	7	1,1	357	17,7	85	8
25/04/2025	23	5	1,2	80	17,7	87	6
26/04/2025	00	7	0,5	61	17,3	87	8
26/04/2025	01	9	0,5	57	16,9	84	10
26/04/2025	02	9	0,7	55	16,3	87	11
26/04/2025	03	12	0,9	47	16,5	87	13
26/04/2025	04	18	0,8	65	16,5	85	20
26/04/2025	05	22	1,2	17	15,7	88	23
26/04/2025	06	30	0,4	301	16,4	86	33
26/04/2025	07	35	0,8	298	17,9	79	40
26/04/2025	08	25	1,5	192	18,7	78	32
26/04/2025	09	16	2,1	147	18,9	77	21
26/04/2025	10	10	3,2	134	19,1	77	13
26/04/2025	11	10	4	151	19,3	79	16
26/04/2025	12	9	4	155	19,1	81	11
26/04/2025	13	3	4,1	125	19,3	77	4
26/04/2025	14	2	2,8	108	19,2	71	3
26/04/2025	15	2	2	112	19,4	66	3
26/04/2025	16	3	1,6	114	19,6	64	5
26/04/2025	17	4	1,4	101	20	63	7
26/04/2025	18	3	1,8	60	19,2	72	4
26/04/2025	19	9	2,6	50	18,6	79	10
26/04/2025	20	13	3,5	41	18,1	84	15
26/04/2025	21	13	3,4	32	18,1	80	21
26/04/2025	22	11	1,4	271	18,5	67	14
26/04/2025	23	18	1,7	260	16,9	86	20
27/04/2025	00	16	1,1	323	16,5	83	19
27/04/2025	01	8	1,1	304	16,3	65	10
27/04/2025	02	5	1,7	256	16,5	57	6
27/04/2025	03	3	1,4	221	15,5	58	5
27/04/2025	04	2	1,2	169	16,6	51	3
27/04/2025	05	2	1,2	227	16	51	3
27/04/2025	06	2	1,2	221	16	53	4
27/04/2025	07	2	0,9	140	18,1	48	4
27/04/2025	08	2	0,9	303	20,5	40	4
27/04/2025	09	1	3,1	160	19,3	44	4
27/04/2025	10	1	3,8	142	19,7	42	3
27/04/2025	11	1	3,9	134	19,8	44	3
27/04/2025	12	1	4,3	125	19,3	53	4
27/04/2025	13	1	4,4	124	19,2	57	3
27/04/2025	14	1	4,5	125	19,3	56	4
27/04/2025	15	1	4	127	19,3	54	3
27/04/2025	16	1	3,4	130	18,9	59	1
27/04/2025	17	1	2,8	115	18,5	63	1
27/04/2025	18	1	2	124	18,5	64	1
27/04/2025	19	1	1,2	134	18,1	66	3
27/04/2025	20	3	0,3	128	17,6	67	7
27/04/2025	21	4	0,5	126	17,1	72	10
27/04/2025	22	2	1,1	97	17,7	73	2
27/04/2025	23	2	1,4	62	17,4	76	3
28/04/2025	00	3	0,8	35	15,4	77	4
28/04/2025	01	5	1,3	313	15,3	75	6
28/04/2025	02	4	1	273	16	70	5
28/04/2025	03	7	0,5	273	14,9	73	9
28/04/2025	04	5	1,2	272	14	74	6
28/04/2025	05	7	1	263	14,4	69	10
28/04/2025	06	9	1	259	14,7	67	17
28/04/2025	07	12	2	255	15,8	63	24
28/04/2025	08	12	1,3	231	19,1	52	43
28/04/2025	09	12	1,9	128	19,6	54	43
28/04/2025	10	9	2,7	133	20,4	50	49
28/04/2025	17	4	2,5	133	20,2	51	9
28/04/2025	18	2	2	126	19,9	53	4
28/04/2025	19	2	1,3	119	19,5	56	3
28/04/2025	20	4	0,1	119	18,5	60	6
28/04/2025	21	5	0,3	123	17,7	64	7
28/04/2025	22	5	0,3	169	17,2	62	7
28/04/2025	23	7	0,1	171	16,6	67	12
29/04/2025	00	5	0,5	170	15,8	67	6
29/04/2025	01	5	0,5	170	15,4	69	6
29/04/2025	02	5	0,8	176	15,1	74	5
29/04/2025	03	5	1,1	215	14,6	78	5
29/04/2025	04	5	0,9	246	14,6	81	6
29/04/2025	05	5	1	247	14,2	84	6
29/04/2025	06	9	1,1	260	14,2	84	10
29/04/2025	07	7	3,7	6	16,3	83	8
29/04/2025	08	5	4,6	22	17	80	5
29/04/2025	09	4	3,9	22	16,9	82	5
29/04/2025	10	4	5,5	41	17,7	82	5
29/04/2025	11	4	3,9	49	18,3	80	5
29/04/2025	12	3	3,1	61	18,6	78	5
29/04/2025	13	3	3,7	48	18,6	78	4
29/04/2025	14	3	4,1	51	18,4	78	4
29/04/2025	15	3	4,1	47	18,4	78	4
29/04/2025	16	2	5,5	43	17,9	82	3
29/04/2025	17	3	5,1	43	17,7	83	3
29/04/2025	18	3	4,5	38	17,8	83	4
29/04/2025	19	3	4,7	39	17,4	85	4
29/04/2025	20	4	5,1	39	17,3	86	5
29/04/2025	21	4	5,4	39	17,3	85	5
29/04/2025	22	4	4,7	25	17,3	84	5
29/04/2025	23	5	3,7	7	17,1	84	6
30/04/2025	00	5	4,1	11	16,9	83	6
30/04/2025	01	10	2,4	332	16,9	81	15
30/04/2025	02	8	2,6	350	17,1	79	11
30/04/2025	03	8	3,5	358	17	80	10
30/04/2025	04	6	5,1	9	16,9	83	7
30/04/2025	05	7	4,7	15	16,8	84	9
30/04/2025	06	10	4,8	15	16,9	84	13
30/04/2025	07	12	4,6	22	16,9	81	17
30/04/2025	08	11	5,2	27	17,5	81	15
30/04/2025	09	9	5,7	33	17,8	82	11
30/04/2025	10	7	6,4	36	18	81	10
30/04/2025	11	6	7	37	18,3	80	8
30/04/2025	12	5	7	42	18,2	80	6
30/04/2025	13	4	7,7	41	18,2	80	5
30/04/2025	14	4	7,6	42	18,2	81	5
30/04/2025	15	6	8	38	18,2	83	7
30/04/2025	16	7	7,2	37	18,1	83	9
30/04/2025	17	7	6,5	36	18	82	10
30/04/2025	18	9	6,2	33	17,8	84	12
30/04/2025	19	11	5,9	32	17,7	85	14
30/04/2025	20	13	6,5	28	17,7	85	18
30/04/2025	21	15	5,5	27	17,7	84	21
30/04/2025	22	19	4,5	18	17,6	83	28
30/04/2025	23	27	4,4	12	17,5	82	40
