Red: Red de Vigilancia y Control de la Contaminación Atmosférica
Estación: 46095001-Caudete de las Fuentes
	
FECHA	HORA	PM2.5	PM1	SO2	NO	NO2	PM10	NOx	O3
		µg/m³	µg/m³	µg/m³	µg/m³	µg/m³	µg/m³	µg/m³	µg/m³
01/01/2025	00	4	4	3	2	3	4	6	45
01/01/2025	01	8	8	3	2	2	8	5	51
01/01/2025	02	8	8	3	2	2	8	5	50
01/01/2025	03	9	8	3	2	2	9	5	39
01/01/2025	04	6	6	3	2	2	6	5	44
01/01/2025	05	5	5	3	2	2	5	5	47
01/01/2025	06	4	4	3	2	2	4	5	50
01/01/2025	07	4	4	3	2	2	4	5	53
01/01/2025	08	4	4	3	2	2	4	5	47
01/01/2025	09	3	3	3	2	1	3	4	54
01/01/2025	10	3	3	3	2	2	3	5	61
01/01/2025	11	3	3	3	2	2	4	5	71
01/01/2025	12	4	3	3	2	2	4	6	72
01/01/2025	13	4	4	3	2	2	4	6	76
01/01/2025	14	3	3	3	2	3	4	6	72
01/01/2025	15	3	3	3	2	3	3	6	71
01/01/2025	16	3	3	3	2	3	3	7	70
01/01/2025	17	3	3	3	2	3	3	7	64
01/01/2025	18	3	3	3	2	3	3	6	46
01/01/2025	19	3	2	3	2	3	3	7	51
01/01/2025	20	4	4	3	2	3	4	6	48
01/01/2025	21	3	3	3	2	3	4	6	51
01/01/2025	22	3	3	3	2	3	3	6	59
01/01/2025	23	3	3	3	2	3	4	6	46
02/01/2025	00	4	3	3	2	2	4	6	37
02/01/2025	01	4	3	3	2	2	4	6	25
02/01/2025	02	4	3	3	2	2	4	5	14
02/01/2025	03	3	3	3	2	2	3	5	18
02/01/2025	04	3	3	3	2	2	4	4	14
02/01/2025	05	3	2	3	2	1	3	4	20
02/01/2025	06	3	2	3	2	1	3	4	21
02/01/2025	07	3	2	3	2	2	3	5	25
02/01/2025	08	3	2	3	2	5	3	7	21
02/01/2025	09	4	3	3	2	2	4	4	31
02/01/2025	10	7	6	3	2	4	9	6	27
02/01/2025	11	8	7	3	6	7	25	17	19
02/01/2025	15	5	4	3	2	3	7	6	68
02/01/2025	16	2	2	3	2	3	4	7	80
02/01/2025	17	2	1	3	2	3	4	7	78
02/01/2025	18	2	2	3	2	3	3	7	73
02/01/2025	19	2	2	3	2	3	3	6	69
02/01/2025	20	2	2	3	2	3	3	6	68
02/01/2025	21	3	3	3	2	2	4	6	61
02/01/2025	22	3	3	3	2	2	4	5	56
02/01/2025	23	3	3	3	2	2	3	5	63
03/01/2025	00	3	3	3	2	2	3	4	65
03/01/2025	01	3	3	3	2	2	3	5	72
03/01/2025	02	4	4	3	2	2	4	4	70
03/01/2025	03	4	4	3	2	2	4	4	60
03/01/2025	04	5	5	3	2	2	5	5	60
03/01/2025	05	5	4	3	2	1	5	4	70
03/01/2025	06	5	4	3	2	2	5	4	70
03/01/2025	07	5	4	3	2	2	5	4	63
03/01/2025	08	5	5	3	2	2	5	4	61
03/01/2025	09	7	6	3	2	2	7	5	55
03/01/2025	10	5	5	3	2	2	6	4	58
03/01/2025	11	4	4	3	2	2	5	5	69
03/01/2025	12	3	3	3	2	2	5	5	73
03/01/2025	13	2	2	3	2	3	3	6	78
03/01/2025	14	2	2	3	2	3	4	7	77
03/01/2025	15	2	2	3	2	3	3	7	81
03/01/2025	16	2	2	3	3	3	3	7	81
03/01/2025	17	3	3	3	2	3	3	7	77
03/01/2025	18	3	3	3	2	3	6	7	76
03/01/2025	19	4	3	3	2	3	5	7	74
03/01/2025	20	4	4	3	2	3	4	6	72
03/01/2025	21	6	5	3	2	3	6	7	68
03/01/2025	22	4	4	3	2	4	5	7	64
03/01/2025	23	5	4	3	2	2	5	6	69
04/01/2025	00	5	5	3	2	2	7	6	72
04/01/2025	01	5	5	3	2	2	5	6	71
04/01/2025	02	6	6	3	2	2	7	6	65
04/01/2025	03	7	7	3	2	2	8	6	63
04/01/2025	04	7	7	3	2	2	8	5	65
04/01/2025	05	7	7	3	2	2	8	5	63
04/01/2025	06	7	7	3	2	2	8	5	65
04/01/2025	07	7	7	3	2	2	7	5	64
04/01/2025	08	7	6	3	2	2	7	5	65
04/01/2025	09	7	7	3	2	2	8	5	60
04/01/2025	10	7	7	3	2	2	8	5	61
04/01/2025	11	6	6	3	2	2	6	5	67
04/01/2025	12	5	5	3	2	2	6	5	68
04/01/2025	13	4	4	3	2	3	4	6	72
04/01/2025	14	3	3	3	2	3	3	6	75
04/01/2025	15	3	3	3	2	3	3	7	79
04/01/2025	16	3	3	3	2	3	3	7	77
04/01/2025	17	3	2	3	3	3	3	7	76
04/01/2025	18	3	3	3	2	3	3	7	78
04/01/2025	19	3	3	3	2	3	4	7	71
04/01/2025	20	4	3	3	2	3	5	6	65
04/01/2025	21	5	5	3	2	3	6	6	63
04/01/2025	22	5	5	3	2	2	5	6	71
04/01/2025	23	6	5	3	2	2	7	5	74
05/01/2025	00	5	5	3	2	2	6	5	54
05/01/2025	01	5	5	3	2	2	6	5	50
05/01/2025	02	5	5	3	2	2	6	5	44
05/01/2025	03	5	5	3	2	2	6	4	41
05/01/2025	04	6	6	3	2	1	6	4	45
05/01/2025	05	7	7	3	2	1	7	4	47
05/01/2025	06	7	7	3	2	1	7	4	40
05/01/2025	07	7	7	3	2	1	7	4	35
05/01/2025	08	7	7	3	2	1	8	4	48
05/01/2025	09	9	8	3	2	1	10	4	43
05/01/2025	10	10	9	3	2	2	12	5	51
05/01/2025	11	10	10	3	2	2	12	5	74
05/01/2025	12	8	8	3	2	2	9	5	80
05/01/2025	13	6	6	3	2	3	6	6	81
05/01/2025	14	5	4	3	2	3	6	7	79
05/01/2025	15	4	3	3	2	3	5	7	79
05/01/2025	16	5	3	3	2	3	10	7	78
05/01/2025	17	6	5	3	2	3	15	7	75
05/01/2025	18	7	5	3	2	3	22	7	67
05/01/2025	19	8	6	3	2	3	18	7	60
05/01/2025	20	7	4	3	2	3	18	6	70
05/01/2025	21	6	4	3	2	3	16	6	71
05/01/2025	22	5	4	3	2	3	13	6	71
05/01/2025	23	5	4	3	2	3	13	6	70
06/01/2025	00	6	4	3	2	3	15	6	67
06/01/2025	01	6	4	3	2	2	13	6	64
06/01/2025	02	5	4	3	2	2	11	6	63
06/01/2025	03	5	4	3	2	3	10	6	67
06/01/2025	04	4	3	3	2	2	6	6	68
06/01/2025	05	3	2	3	2	2	4	6	75
06/01/2025	06	2	2	3	2	3	2	6	80
06/01/2025	07	1	1	3	2	3	1	6	80
06/01/2025	08	1	1	3	2	2	1	6	80
06/01/2025	09	1	1	3	2	3	1	6	81
06/01/2025	10	1	1	3	2	2	1	5	85
06/01/2025	11	1	1	3	2	2	1	6	83
06/01/2025	12	1	1	3	2	3	1	6	82
06/01/2025	13	1	1	3	2	3	1	6	77
06/01/2025	14	1	1	3	2	3	1	6	75
06/01/2025	15	1	1	3	2	3	1	6	74
06/01/2025	16	1	1	3	2	3	1	6	70
06/01/2025	17	1	1	3	2	3	1	6	67
06/01/2025	18	1	1	3	2	3	1	6	67
06/01/2025	19	1	1	3	2	3	1	6	77
06/01/2025	20	1	1	3	2	3	1	6	77
06/01/2025	21	1	1	3	2	2	1	6	73
06/01/2025	22	1	1	3	2	2	1	5	68
06/01/2025	23	1	1	3	2	2	1	5	65
07/01/2025	00	1	1	3	2	2	2	5	49
07/01/2025	01	1	1	3	2	2	1	5	69
07/01/2025	02	1	1	3	2	2	1	5	68
07/01/2025	03	1	1	3	2	2	1	5	68
07/01/2025	04	2	2	3	2	2	2	4	66
07/01/2025	05	2	2	3	2	2	2	4	57
07/01/2025	06	2	2	3	2	1	2	4	54
07/01/2025	07	2	2	3	2	1	2	4	52
07/01/2025	08	2	2	3	2	1	2	4	50
07/01/2025	09	3	3	3	2	1	3	3	60
07/01/2025	10	3	2	3	2	1	4	4	69
07/01/2025	11	2	2	3	2	2	2	5	70
07/01/2025	12	2	2	3	2	2	2	5	66
07/01/2025	13	2	2	3	2	2	2	6	72
07/01/2025	14	3	2	3	2	3	3	6	72
07/01/2025	15	2	2	3	2	3	2	7	67
07/01/2025	16	2	2	3	2	3	2	6	73
07/01/2025	17	2	2	3	2	3	2	6	72
07/01/2025	18	2	2	3	2	3	3	6	71
07/01/2025	19	2	2	3	2	2	3	5	67
07/01/2025	20	2	2	3	2	2	2	6	68
07/01/2025	21	2	2	3	2	2	2	5	70
07/01/2025	22	2	2	3	2	2	2	5	71
07/01/2025	23	2	2	3	2	2	2	6	73
08/01/2025	00	2	2	3	2	2	2	5	76
08/01/2025	01	2	2	3	2	2	2	5	74
08/01/2025	02	2	2	3	2	2	2	6	73
08/01/2025	03	2	2	3	2	2	2	6	73
08/01/2025	04	1	1	3	2	2	1	5	72
08/01/2025	05	1	1	3	2	2	1	5	72
08/01/2025	06	1	1	3	2	2	1	5	69
08/01/2025	07	2	1	3	2	2	2	5	61
08/01/2025	08	2	2	3	2	5	2	8	47
08/01/2025	09	2	2	3	2	6	3	9	46
08/01/2025	10	2	2	3	2	2	2	5	68
08/01/2025	11	2	2	3	2	3	2	6	69
08/01/2025	12	2	2	3	2	3	3	6	74
08/01/2025	13	2	2	3	2	3	2	6	76
08/01/2025	14	2	2	3	2	3	3	7	80
08/01/2025	15	2	1	3	2	3	3	7	82
08/01/2025	16	1	1	3	2	3	2	7	83
08/01/2025	17	2	1	3	2	3	2	7	80
08/01/2025	18	2	2	3	3	3	3	7	75
08/01/2025	19	2	2	3	2	3	3	7	75
08/01/2025	20	2	2	3	2	3	3	7	70
08/01/2025	21	3	2	3	2	3	4	6	71
08/01/2025	22	3	3	3	2	3	3	6	70
08/01/2025	23	3	3	3	2	3	3	6	71
09/01/2025	00	3	2	3	2	2	3	6	74
09/01/2025	01	2	2	3	2	2	2	6	73
09/01/2025	02	2	2	3	2	3	2	6	73
09/01/2025	03	2	2	3	2	3	2	6	71
09/01/2025	04	2	2	3	2	3	2	6	71
09/01/2025	05	2	2	3	2	3	2	6	71
09/01/2025	06	2	2	3	2	3	2	6	70
09/01/2025	07	2	2	3	2	3	2	6	70
09/01/2025	08	2	2	3	2	3	2	6	70
09/01/2025	09	3	2	3	2	3	3	6	72
09/01/2025	10	3	2	3	2	3	3	6	71
09/01/2025	11	3	2	3	2	3	6	6	70
09/01/2025	12	3	2	3	2	3	6	6	69
09/01/2025	13	3	2	3	2	3	3	7	69
09/01/2025	14	2	2	3	2	3	3	7	71
09/01/2025	15	2	2	3	2	3	2	7	71
09/01/2025	16	3	2	3	2	3	3	7	69
09/01/2025	17	3	2	3	2	3	3	7	68
09/01/2025	18	3	2	3	2	3	3	6	66
09/01/2025	19	3	3	3	2	3	3	7	58
09/01/2025	20	3	3	3	2	3	3	7	61
09/01/2025	21	4	3	3	2	4	4	7	57
09/01/2025	22	3	3	3	2	3	3	7	51
09/01/2025	23	3	3	3	2	3	3	6	51
10/01/2025	00	3	2	3	2	3	3	6	52
10/01/2025	01	3	2	3	2	3	3	6	53
10/01/2025	02	2	2	3	2	3	3	6	52
10/01/2025	03	3	2	3	2	3	3	6	56
10/01/2025	04	2	2	3	2	3	3	6	55
10/01/2025	05	2	2	3	2	2	2	6	51
10/01/2025	06	2	2	3	2	2	2	5	51
10/01/2025	07	2	2	3	2	2	2	6	49
10/01/2025	08	2	2	3	2	2	2	6	51
10/01/2025	09	2	2	3	2	2	2	6	56
10/01/2025	10	2	2	3	2	3	2	6	59
10/01/2025	11	1	1	3	2	3	2	6	63
10/01/2025	12	1	1	3	2	3	2	6	63
10/01/2025	13	1	1	3	2	3	1	7	63
10/01/2025	14	1	1	3	2	3	2	7	63
10/01/2025	15	2	2	3	2	3	2	7	61
10/01/2025	16	2	2	3	3	3	2	7	64
10/01/2025	17	2	2	3	3	4	3	7	65
10/01/2025	18	2	2	3	2	3	3	7	66
10/01/2025	19	3	3	3	2	3	3	7	64
10/01/2025	20	3	3	3	2	3	3	7	64
10/01/2025	21	3	3	3	2	3	3	7	69
10/01/2025	22	3	3	3	2	3	3	6	64
10/01/2025	23	4	4	3	2	3	4	6	58
11/01/2025	00	4	4	3	2	3	5	6	55
11/01/2025	01	5	5	3	2	3	5	6	56
11/01/2025	02	5	5	3	2	3	6	6	54
11/01/2025	03	3	3	3	2	3	3	6	57
11/01/2025	04	2	2	3	2	3	2	7	60
11/01/2025	05	2	2	3	2	3	2	6	59
11/01/2025	06	2	2	3	2	3	2	6	59
11/01/2025	07	1	1	3	2	3	2	6	58
11/01/2025	08	1	1	3	2	3	1	6	54
11/01/2025	09	2	2	3	2	3	2	7	52
11/01/2025	10	1	1	3	2	3	1	7	52
11/01/2025	11	1	1	3	2	3	1	7	48
11/01/2025	12	1	1	3	2	3	1	7	50
11/01/2025	13	1	1	3	2	3	1	7	56
11/01/2025	14	1	1	3	3	4	1	7	64
11/01/2025	15	1	1	3	2	3	1	7	75
11/01/2025	16	1	1	3	3	4	2	8	77
11/01/2025	17	1	1	3	3	3	1	7	77
11/01/2025	18	1	1	3	2	3	1	7	78
11/01/2025	19	1	1	3	3	3	1	8	74
11/01/2025	20	1	1	3	2	3	1	7	72
11/01/2025	21	1	1	3	2	3	1	7	67
11/01/2025	22	1	1	3	2	3	1	7	74
11/01/2025	23	1	1	3	2	3	1	6	76
12/01/2025	00	1	1	3	2	3	1	6	74
12/01/2025	01	1	1	3	2	3	2	6	71
12/01/2025	02	1	1	3	2	2	1	5	77
12/01/2025	03	1	1	3	2	2	1	5	77
12/01/2025	04	1	1	3	2	2	1	6	77
12/01/2025	05	1	1	3	2	2	1	5	75
12/01/2025	06	1	1	3	2	2	1	5	75
12/01/2025	07	1	1	3	2	2	1	5	76
12/01/2025	08	1	1	3	2	2	3	5	72
12/01/2025	09	1	1	3	2	2	2	5	64
12/01/2025	10	2	1	3	2	2	23	5	75
12/01/2025	11	3	1	3	2	2	37	5	78
12/01/2025	12	2	1	3	2	2	31	5	79
12/01/2025	13	2	1	3	2	3	6	6	78
12/01/2025	14	1	1	3	2	3	2	6	78
12/01/2025	15	1	1	3	2	3	2	6	79
12/01/2025	16	1	1	3	2	3	2	7	81
12/01/2025	17	1	1	3	2	3	1	7	78
12/01/2025	18	2	1	3	2	3	2	7	71
12/01/2025	19	1	1	3	2	3	3	6	71
12/01/2025	20	2	1	3	2	3	2	6	74
12/01/2025	21	3	3	3	2	2	4	5	74
12/01/2025	22	2	2	3	2	2	2	5	72
12/01/2025	23	2	2	3	2	2	3	5	73
13/01/2025	00	2	2	3	2	2	3	4	69
13/01/2025	01	1	1	3	2	1	2	4	69
13/01/2025	02	1	1	3	2	1	2	4	70
13/01/2025	03	1	1	3	2	1	2	4	69
13/01/2025	04	1	1	3	1	1	2	3	58
13/01/2025	05	1	1	3	1	1	3	3	50
13/01/2025	06	2	1	3	1	1	4	3	46
13/01/2025	07	2	1	3	1	3	4	5	37
13/01/2025	08	2	1	3	1	6	4	8	32
13/01/2025	09	6	4	3	2	9	16	12	26
13/01/2025	10	10	9	3	2	5	22	9	54
13/01/2025	11	7	6	3	3	2	29	6	65
13/01/2025	12	4	3	3	2	1	12	5	79
13/01/2025	13	3	2	3	2	2	10	5	83
13/01/2025	14	4	3	3	2	2	11	5	84
13/01/2025	15	3	3	3	2	3	9	6	83
13/01/2025	16	2	2	3	2	3	6	6	78
13/01/2025	17	2	2	3	2	3	8	6	72
13/01/2025	18	3	2	3	2	5	16	8	62
13/01/2025	19	6	5	3	2	12	16	15	35
13/01/2025	20	10	9	3	2	13	27	15	30
13/01/2025	21	3	3	3	2	4	9	7	62
13/01/2025	22	5	4	3	2	3	12	5	60
13/01/2025	23	4	3	3	1	1	11	3	61
14/01/2025	00	5	3	3	1	2	12	4	57
14/01/2025	01	6	4	3	1	3	13	6	52
14/01/2025	02	4	3	3	1	1	5	2	69
14/01/2025	03	4	3	3	1	1	5	2	64
14/01/2025	04	4	3	3	1	1	5	2	64
14/01/2025	05	3	3	3	1	1	3	2	61
14/01/2025	06	3	3	3	1	1	5	2	37
14/01/2025	07	3	3	3	1	1	4	2	48
14/01/2025	08	3	2	3	1	1	5	2	56
14/01/2025	09	3	3	3	1	1	8	2	67
14/01/2025	10	5	4	3	1	1	12	2	66
14/01/2025	11	7	6	3	1	2	22	4	63
14/01/2025	12	4	4	3	2	1	8	4	78
14/01/2025	13	3	3	3	2	2	10	5	80
14/01/2025	14	3	2	3	2	3	8	6	83
14/01/2025	15	3	2	3	2	3	7	6	85
14/01/2025	16	4	3	3	2	4	9	8	82
14/01/2025	17	6	5	3	2	5	14	8	72
14/01/2025	18	4	2	3	2	7	15	11	54
14/01/2025	19	4	2	3	2	9	18	12	37
14/01/2025	20	5	4	3	2	5	15	8	45
14/01/2025	21	5	4	3	2	5	18	8	39
14/01/2025	22	17	16	3	2	13	30	16	11
14/01/2025	23	7	5	3	1	19	24	21	7
15/01/2025	00	6	4	3	1	14	22	16	10
15/01/2025	01	6	4	3	1	6	12	7	23
15/01/2025	02	5	4	3	1	2	12	3	22
15/01/2025	03	6	5	3	1	1	18	2	28
15/01/2025	04	6	4	3	1	1	13	2	34
15/01/2025	05	4	4	3	1	1	9	3	26
15/01/2025	06	4	3	3	1	1	6	3	22
15/01/2025	07	3	3	3	1	2	3	3	24
15/01/2025	08	3	3	3	1	6	4	7	15
15/01/2025	09	5	3	3	2	6	29	9	22
15/01/2025	10	3	3	3	4	8	5	14	31
15/01/2025	11	10	8	3	5	9	27	17	33
15/01/2025	12	23	22	3	3	7	41	11	48
15/01/2025	13	20	19	3	2	2	31	4	59
15/01/2025	14	5	5	3	2	2	7	5	56
15/01/2025	15	4	4	3	2	3	9	6	66
15/01/2025	16	4	3	3	2	3	14	6	70
15/01/2025	17	3	2	3	2	3	11	7	66
15/01/2025	18	8	6	3	2	6	28	10	42
15/01/2025	19	8	7	3	2	6	23	9	42
15/01/2025	20	7	6	3	2	11	24	15	20
15/01/2025	21	6	5	3	2	8	20	10	37
15/01/2025	22	3	3	3	2	3	6	6	51
15/01/2025	23	5	3	3	2	5	13	8	39
16/01/2025	00	7	5	3	2	4	15	6	33
16/01/2025	01	10	9	3	2	4	22	6	30
16/01/2025	02	11	10	3	1	3	15	6	35
16/01/2025	03	11	10	3	1	3	20	5	31
16/01/2025	04	11	9	3	1	4	22	6	30
16/01/2025	05	9	8	3	1	2	13	4	25
16/01/2025	06	7	7	3	1	5	12	7	25
16/01/2025	07	5	5	3	1	3	9	5	23
16/01/2025	08	5	4	3	1	8	12	10	17
16/01/2025	09	22	19	3	14	22	62	44	12
16/01/2025	10	10	7	3	5	4	44	10	45
16/01/2025	11	9	8	3	2	4	32	7	64
16/01/2025	12	7	6	3	2	2	14	4	71
16/01/2025	13	8	6	3	2	2	15	5	75
16/01/2025	14	8	7	3	2	2	11	5	77
16/01/2025	15	7	6	3	2	2	9	5	80
16/01/2025	16	8	7	3	2	4	14	7	74
16/01/2025	17	9	8	3	2	7	23	10	66
16/01/2025	18	13	12	3	2	8	27	11	55
16/01/2025	19	8	8	3	2	6	11	9	66
16/01/2025	20	3	2	3	2	5	3	8	65
16/01/2025	21	3	3	3	2	2	3	5	72
16/01/2025	22	6	6	3	2	3	7	6	62
16/01/2025	23	2	2	3	2	1	2	4	57
17/01/2025	00	2	2	3	2	1	2	3	62
17/01/2025	01	3	2	3	2	1	3	3	60
17/01/2025	02	3	2	3	1	1	3	3	61
17/01/2025	03	2	2	3	1	1	3	3	55
17/01/2025	04	2	2	3	1	1	3	3	57
17/01/2025	05	1	1	3	1	1	1	3	59
17/01/2025	06	1	1	3	1	1	1	3	61
17/01/2025	07	2	2	3	1	1	2	3	55
17/01/2025	08	3	3	3	2	1	4	3	52
17/01/2025	09	3	3	3	1	1	4	3	56
17/01/2025	10	2	2	3	2	1	2	3	61
17/01/2025	11	2	1	3	2	1	2	3	67
17/01/2025	12	1	1	3	2	2	1	4	66
17/01/2025	13	1	1	3	2	1	1	4	67
17/01/2025	14	2	2	3	2	2	2	5	71
17/01/2025	15	4	3	3	2	2	6	5	71
17/01/2025	16	4	3	3	2	2	6	5	69
17/01/2025	17	4	4	3	2	3	7	6	63
17/01/2025	18	6	5	3	2	4	8	7	52
17/01/2025	19	4	3	3	2	2	6	5	53
17/01/2025	20	3	2	3	2	2	3	5	50
17/01/2025	21	3	3	3	2	1	4	4	51
17/01/2025	22	3	2	3	2	1	3	4	57
17/01/2025	23	2	2	3	2	1	3	3	59
18/01/2025	00	2	2	3	2	1	2	3	58
18/01/2025	01	3	2	3	2	1	3	3	48
18/01/2025	02	3	3	3	1	1	4	3	38
18/01/2025	03	3	3	3	1	1	3	3	40
18/01/2025	04	3	3	3	1	1	3	3	50
18/01/2025	05	3	3	3	1	1	4	2	39
18/01/2025	06	3	3	3	1	1	3	2	33
18/01/2025	07	3	3	3	1	1	3	2	35
18/01/2025	08	3	3	3	1	1	3	2	46
18/01/2025	09	3	3	3	1	2	4	4	37
18/01/2025	10	4	3	3	1	1	6	2	63
18/01/2025	11	5	3	3	3	2	30	5	66
18/01/2025	12	3	3	3	2	2	13	4	64
18/01/2025	13	3	2	3	2	2	6	5	57
18/01/2025	14	3	3	3	2	3	5	6	64
18/01/2025	15	2	2	3	2	3	2	6	67
18/01/2025	16	3	2	3	2	3	5	6	71
18/01/2025	17	4	4	3	2	3	15	6	71
18/01/2025	18	5	4	3	2	4	10	7	59
18/01/2025	19	6	6	3	2	3	12	6	54
18/01/2025	20	8	7	3	2	3	10	6	47
18/01/2025	21	8	7	3	2	3	10	6	37
18/01/2025	22	13	12	3	2	3	15	6	49
18/01/2025	23	12	11	3	2	4	14	6	41
19/01/2025	00	10	9	3	2	5	12	7	43
19/01/2025	01	4	4	3	2	1	5	3	34
19/01/2025	02	4	4	3	1	1	5	3	36
19/01/2025	03	4	4	3	1	1	5	3	32
19/01/2025	04	4	4	3	1	1	5	2	37
19/01/2025	05	3	3	3	1	1	3	2	32
19/01/2025	06	3	3	3	1	1	3	2	26
19/01/2025	07	3	2	3	1	1	3	2	30
19/01/2025	08	2	2	3	1	1	3	3	25
19/01/2025	09	3	2	3	1	1	4	3	22
19/01/2025	10	5	4	3	1	1	13	2	37
19/01/2025	11	2	2	3	1	1	2	3	60
19/01/2025	12	5	4	3	2	2	7	5	56
19/01/2025	13	3	3	3	2	2	3	4	68
19/01/2025	14	2	2	3	2	2	2	5	70
19/01/2025	15	2	2	3	2	3	2	6	76
19/01/2025	16	6	5	3	2	3	13	6	81
19/01/2025	17	4	3	3	2	3	5	6	82
19/01/2025	18	4	4	3	2	4	5	7	67
19/01/2025	19	4	4	3	2	2	6	6	70
19/01/2025	20	4	4	3	2	5	6	8	57
19/01/2025	21	4	4	3	2	4	6	7	57
19/01/2025	22	4	4	3	2	3	6	6	52
19/01/2025	23	4	4	3	2	1	6	4	56
20/01/2025	00	6	5	3	2	1	9	4	42
20/01/2025	01	6	5	3	2	1	9	3	35
20/01/2025	02	5	5	3	1	1	6	3	37
20/01/2025	03	4	4	3	2	1	5	3	43
20/01/2025	04	4	4	3	2	1	5	3	47
20/01/2025	05	5	4	3	1	2	6	4	36
20/01/2025	06	4	4	3	1	1	5	3	38
20/01/2025	07	5	4	3	1	1	5	3	39
20/01/2025	08	5	5	3	1	2	5	3	38
20/01/2025	09	5	5	3	1	4	7	6	28
20/01/2025	10	7	6	3	1	7	14	9	30
20/01/2025	13	8	7	3	2	2	9	5	73
20/01/2025	14	9	8	3	2	2	10	5	72
20/01/2025	15	9	9	3	2	2	11	5	67
20/01/2025	16	9	8	3	2	2	11	6	69
20/01/2025	17	13	12	3	2	3	19	6	58
20/01/2025	18	9	8	3	2	4	11	7	50
20/01/2025	19	8	8	3	2	3	10	6	36
20/01/2025	20	8	8	3	2	2	9	6	30
20/01/2025	21	4	3	3	2	2	4	5	57
20/01/2025	22	3	3	3	2	2	3	5	57
20/01/2025	23	3	3	3	2	2	3	5	55
21/01/2025	00	2	2	3	2	2	3	5	45
21/01/2025	01	4	3	3	2	3	4	6	36
21/01/2025	02	7	6	3	2	3	11	5	44
21/01/2025	03	8	7	3	2	2	11	5	41
21/01/2025	04	7	7	3	2	2	7	5	39
21/01/2025	05	7	7	3	2	2	8	5	39
21/01/2025	06	9	8	3	2	6	9	9	30
21/01/2025	07	10	10	3	2	11	11	14	22
21/01/2025	08	11	10	3	2	14	11	17	13
21/01/2025	09	15	15	3	5	18	16	25	9
21/01/2025	10	7	7	3	3	11	7	15	34
21/01/2025	11	8	8	3	2	7	9	11	32
21/01/2025	12	8	8	3	2	9	8	12	36
21/01/2025	13	4	4	3	2	3	4	7	53
21/01/2025	14	5	5	3	2	2	5	6	50
21/01/2025	15	4	4	3	2	3	5	6	48
21/01/2025	16	3	3	3	2	2	3	6	52
21/01/2025	17	3	2	3	2	3	3	6	52
21/01/2025	18	3	2	3	2	4	3	7	51
21/01/2025	19	3	2	3	2	3	4	6	56
21/01/2025	20	3	3	3	2	4	4	8	52
21/01/2025	21	3	3	3	2	2	4	6	46
21/01/2025	22	3	3	3	2	2	4	6	43
21/01/2025	23	4	3	3	2	2	5	5	44
22/01/2025	00	4	3	3	2	2	5	6	35
22/01/2025	01	4	3	3	2	2	5	5	55
22/01/2025	02	4	3	3	2	2	6	5	51
22/01/2025	03	4	3	3	2	2	6	5	41
22/01/2025	04	4	4	3	2	2	6	5	39
22/01/2025	05	5	4	3	2	2	6	5	37
22/01/2025	06	5	4	3	2	3	6	6	33
22/01/2025	07	5	4	3	2	5	7	8	40
22/01/2025	08	5	4	3	3	5	7	10	36
22/01/2025	09	7	6	3	5	11	9	18	25
22/01/2025	10	8	6	3	3	7	15	11	41
22/01/2025	11	6	4	3	2	5	19	9	59
22/01/2025	12	8	5	3	2	3	30	6	66
22/01/2025	13	10	6	3	2	3	38	6	72
22/01/2025	14	10	6	3	2	3	30	6	73
22/01/2025	15	9	6	3	2	3	27	6	74
22/01/2025	16	5	3	3	2	3	15	6	79
22/01/2025	17	4	2	3	2	3	8	6	79
22/01/2025	18	4	3	3	2	3	7	6	77
22/01/2025	19	3	2	3	2	3	4	6	73
22/01/2025	20	2	2	3	2	2	2	6	64
22/01/2025	21	2	2	3	2	2	3	6	72
22/01/2025	22	3	2	3	2	2	3	5	73
22/01/2025	23	3	3	3	2	2	4	5	69
23/01/2025	00	4	3	3	2	2	5	5	63
23/01/2025	01	4	3	3	2	2	5	5	50
23/01/2025	02	4	3	3	2	2	5	5	55
23/01/2025	03	4	3	3	2	2	6	5	57
23/01/2025	04	4	3	3	2	2	5	5	56
23/01/2025	05	4	3	3	2	2	5	5	50
23/01/2025	06	4	3	3	2	2	5	5	35
23/01/2025	07	4	3	3	2	2	4	5	35
23/01/2025	08	4	3	3	2	2	5	5	40
23/01/2025	09	11	11	3	3	5	13	9	34
23/01/2025	10	6	6	3	5	9	7	16	42
23/01/2025	11	2	2	3	2	2	2	5	72
23/01/2025	12	2	1	3	2	2	2	6	77
23/01/2025	13	1	1	3	2	3	1	6	83
23/01/2025	14	1	1	3	2	3	1	7	85
23/01/2025	15	1	1	3	2	3	1	7	84
23/01/2025	16	1	1	3	2	3	1	7	83
23/01/2025	17	1	1	3	2	3	1	7	79
23/01/2025	18	2	1	3	2	3	2	7	67
23/01/2025	19	2	1	3	2	3	2	7	63
23/01/2025	20	2	2	3	2	5	2	9	49
23/01/2025	21	2	2	3	2	3	2	7	61
23/01/2025	22	2	2	3	2	3	2	7	58
23/01/2025	23	3	2	3	2	3	3	6	56
24/01/2025	00	3	3	3	2	3	3	6	43
24/01/2025	01	3	3	3	2	2	3	5	36
24/01/2025	02	3	3	3	2	3	3	6	51
24/01/2025	03	4	3	3	2	2	4	6	55
24/01/2025	04	5	4	3	2	2	5	5	41
24/01/2025	05	7	7	3	2	2	7	6	67
24/01/2025	06	6	6	3	2	2	6	6	61
24/01/2025	07	7	6	3	2	3	7	6	59
24/01/2025	08	8	8	3	2	3	8	6	53
24/01/2025	09	18	18	3	3	8	18	12	45
24/01/2025	10	10	10	3	2	4	11	7	66
24/01/2025	11	9	9	3	2	3	10	7	72
24/01/2025	12	5	5	3	2	3	5	7	80
24/01/2025	13	4	4	3	2	3	4	7	83
24/01/2025	14	7	7	3	2	4	7	7	85
24/01/2025	15	7	7	3	3	4	7	7	84
24/01/2025	16	3	3	3	2	3	3	7	85
24/01/2025	17	2	2	3	2	3	2	7	84
24/01/2025	18	3	2	3	2	3	4	7	74
24/01/2025	19	2	2	3	2	3	3	7	75
24/01/2025	20	3	2	3	2	3	3	7	59
24/01/2025	21	3	3	3	2	3	3	6	54
24/01/2025	22	3	3	3	2	3	3	6	48
24/01/2025	23	3	3	3	2	3	3	6	42
25/01/2025	00	3	3	3	2	2	3	6	38
25/01/2025	01	3	3	3	2	2	3	5	41
25/01/2025	02	4	4	3	2	2	4	5	29
25/01/2025	03	4	4	3	2	2	4	5	29
25/01/2025	04	4	4	3	2	2	4	5	29
25/01/2025	05	4	3	3	2	2	4	5	28
25/01/2025	06	4	4	3	2	2	5	5	30
25/01/2025	07	9	8	3	2	2	9	5	37
25/01/2025	08	5	4	3	2	2	5	5	43
25/01/2025	09	5	5	3	2	2	5	5	55
25/01/2025	10	5	5	3	2	2	5	5	61
25/01/2025	11	5	4	3	2	2	5	6	67
25/01/2025	12	2	2	3	2	2	3	6	79
25/01/2025	13	2	2	3	2	3	2	6	81
25/01/2025	14	2	2	3	2	3	2	6	79
25/01/2025	15	3	2	3	2	3	3	6	75
25/01/2025	16	2	2	3	2	3	2	6	72
25/01/2025	17	2	1	3	2	3	2	6	73
25/01/2025	18	1	1	3	2	3	1	6	73
25/01/2025	19	1	1	3	2	3	1	6	71
25/01/2025	20	1	1	3	2	3	1	6	69
25/01/2025	21	1	1	3	2	2	1	5	65
25/01/2025	22	2	1	3	2	2	2	5	66
25/01/2025	23	2	2	3	2	2	2	6	57
26/01/2025	00	2	2	3	2	2	2	5	53
26/01/2025	01	2	2	3	2	2	2	5	45
26/01/2025	02	2	2	3	2	3	2	6	46
26/01/2025	03	2	2	3	2	2	2	5	36
26/01/2025	04	13	5	3	2	2	19	5	46
26/01/2025	05	2	2	3	2	2	2	5	56
26/01/2025	06	2	2	3	2	2	2	4	52
26/01/2025	07	2	2	3	2	2	2	4	45
26/01/2025	08	4	4	3	2	3	4	5	32
26/01/2025	09	6	6	3	2	5	6	8	37
26/01/2025	10	3	3	3	2	2	3	5	57
26/01/2025	11	3	3	3	2	2	3	5	70
26/01/2025	12	2	2	3	2	2	2	6	72
26/01/2025	13	1	1	3	2	3	1	6	76
26/01/2025	14	1	1	3	2	3	1	6	73
26/01/2025	15	2	2	3	2	3	2	7	72
26/01/2025	16	2	2	3	2	3	2	7	68
26/01/2025	17	1	1	3	2	3	2	7	68
26/01/2025	18	1	1	3	2	3	1	7	65
26/01/2025	19	1	1	3	2	3	1	7	67
26/01/2025	20	1	1	3	2	3	1	7	71
26/01/2025	21	1	1	3	2	3	1	6	68
26/01/2025	22	1	1	3	2	3	1	7	63
26/01/2025	23	1	1	3	2	3	1	7	62
27/01/2025	00	1	1	3	2	3	1	7	59
27/01/2025	01	1	1	3	2	3	1	7	55
27/01/2025	02	1	1	3	2	3	1	6	55
27/01/2025	03	1	1	3	2	3	1	6	55
27/01/2025	04	1	1	3	2	3	1	6	58
27/01/2025	05	1	1	3	2	3	1	7	58
27/01/2025	06	1	1	3	2	3	1	6	56
27/01/2025	07	1	1	3	2	3	1	7	58
27/01/2025	08	1	1	3	2	3	1	7	58
27/01/2025	09	1	1	3	2	3	1	6	57
27/01/2025	10	1	1	3	2	3	5	7	58
27/01/2025	11	2	1	3	2	3	6	7	59
27/01/2025	12	2	1	3	2	3	2	7	59
27/01/2025	13	2	1	3	2	3	10	7	60
27/01/2025	14	2	1	3	2	3	7	7	64
27/01/2025	15	1	1	3	2	3	1	7	68
27/01/2025	16	1	1	3	2	3	1	7	61
27/01/2025	17	1	1	3	2	3	1	7	58
27/01/2025	18	1	1	3	2	3	1	6	57
27/01/2025	19	1	1	3	2	3	1	7	65
27/01/2025	20	1	1	3	2	3	1	6	78
27/01/2025	21	1	1	3	2	3	1	6	80
27/01/2025	22	1	1	3	2	3	2	6	81
27/01/2025	23	1	1	3	2	2	1	6	83
28/01/2025	00	1	1	3	2	2	1	6	80
28/01/2025	01	1	1	3	2	2	1	6	79
28/01/2025	02	2	2	3	2	2	2	5	80
28/01/2025	03	2	2	3	2	2	2	5	80
28/01/2025	04	3	3	3	2	2	3	5	78
28/01/2025	05	3	3	3	2	2	3	4	82
28/01/2025	06	3	3	3	2	2	3	5	83
28/01/2025	07	3	2	3	2	2	3	5	83
28/01/2025	08	2	1	3	2	2	2	4	80
28/01/2025	09	1	1	3	2	2	1	4	85
28/01/2025	10	1	1	3	2	2	1	4	87
28/01/2025	11	1	1	3	2	1	1	4	85
28/01/2025	12	1	1	3	2	2	1	5	84
28/01/2025	13	1	1	3	2	2	1	5	85
28/01/2025	14	1	1	3	2	2	1	5	85
28/01/2025	15	1	1	3	2	2	1	5	84
28/01/2025	16	1	1	3	2	2	1	6	82
28/01/2025	17	1	1	3	2	2	1	5	80
28/01/2025	18	1	1	3	2	2	1	5	78
28/01/2025	19	1	1	3	2	2	1	5	77
28/01/2025	20	1	1	3	2	2	1	5	76
28/01/2025	21	2	1	3	2	2	2	5	73
28/01/2025	22	2	2	3	2	2	2	5	68
28/01/2025	23	2	2	3	2	2	2	4	69
29/01/2025	00	2	2	3	2	2	2	4	69
29/01/2025	01	3	2	3	2	2	3	4	67
29/01/2025	02	3	2	3	2	1	3	4	67
29/01/2025	03	3	2	3	2	2	3	4	68
29/01/2025	04	3	3	3	2	2	4	5	73
29/01/2025	05	3	3	3	2	2	4	4	71
29/01/2025	06	3	3	3	2	2	4	5	70
29/01/2025	07	4	4	3	2	2	5	5	66
29/01/2025	08	4	4	3	2	2	4	4	67
29/01/2025	09	5	4	3	2	2	7	5	63
29/01/2025	10	3	3	3	2	2	3	4	67
29/01/2025	11	4	3	3	2	2	4	4	75
29/01/2025	12	4	3	3	2	2	4	5	76
29/01/2025	13	4	3	3	2	2	4	5	75
29/01/2025	14	3	3	3	2	2	4	5	78
29/01/2025	15	3	2	3	2	2	3	5	79
29/01/2025	16	2	2	3	2	2	2	5	80
29/01/2025	17	2	2	3	2	2	2	5	78
29/01/2025	18	2	2	3	2	2	2	5	73
29/01/2025	19	3	2	3	2	2	3	5	65
29/01/2025	20	2	2	3	2	2	2	5	71
29/01/2025	21	2	2	3	2	2	2	5	76
29/01/2025	22	1	1	3	2	2	1	5	76
29/01/2025	23	1	1	3	2	2	1	5	74
30/01/2025	00	1	1	3	2	2	1	5	72
30/01/2025	01	2	2	3	2	2	2	5	82
30/01/2025	02	3	3	3	2	2	3	5	79
30/01/2025	03	4	3	3	2	2	4	4	76
30/01/2025	04	4	3	3	2	1	4	4	74
30/01/2025	05	3	3	3	2	1	4	4	73
30/01/2025	06	3	3	3	2	1	3	4	69
30/01/2025	07	2	2	3	2	1	2	4	73
30/01/2025	08	2	2	3	2	1	2	4	73
30/01/2025	09	2	2	3	2	1	2	4	74
30/01/2025	10	2	2	3	2	2	2	4	73
30/01/2025	11	1	1	3	2	2	1	5	74
30/01/2025	12	1	1	3	2	2	1	5	74
30/01/2025	13	1	1	3	2	2	1	6	74
30/01/2025	14	1	1	3	2	3	1	6	73
30/01/2025	15	1	1	3	2	3	1	6	72
30/01/2025	16	1	1	3	2	3	1	6	76
30/01/2025	17	1	1	3	2	3	1	6	74
30/01/2025	18	1	1	3	2	3	1	6	70
30/01/2025	19	1	1	3	2	3	1	6	70
30/01/2025	20	1	1	3	2	3	1	6	72
30/01/2025	21	1	1	3	2	2	1	6	72
30/01/2025	22	1	1	3	2	2	1	5	73
30/01/2025	23	1	1	3	2	2	1	5	71
31/01/2025	00	1	1	3	2	2	1	5	71
31/01/2025	01	1	1	3	2	2	1	4	70
31/01/2025	02	1	1	3	2	1	1	4	71
31/01/2025	03	1	1	3	2	1	1	4	72
31/01/2025	04	1	1	3	2	1	1	4	70
31/01/2025	05	1	1	3	2	1	1	4	69
31/01/2025	06	3	1	3	2	1	5	4	68
31/01/2025	07	1	1	3	2	1	1	3	65
31/01/2025	08	1	1	3	2	1	1	3	63
31/01/2025	09	1	1	3	2	1	1	3	66
31/01/2025	10	1	1	3	1	1	2	3	69
31/01/2025	11	1	1	3	2	2	1	4	71
31/01/2025	12	1	1	3	2	2	1	5	77
31/01/2025	13	2	1	3	2	3	4	6	80
31/01/2025	14	2	1	3	2	3	2	7	84
31/01/2025	15	1	1	3	2	3	1	7	83
31/01/2025	16	1	1	3	2	3	1	7	82
31/01/2025	17	1	1	3	2	3	1	7	78
31/01/2025	18	2	1	3	2	4	4	7	65
31/01/2025	19	2	1	3	2	3	2	7	60
31/01/2025	20	1	1	3	2	3	2	6	65
31/01/2025	21	2	1	3	2	2	2	5	65
31/01/2025	22	1	1	3	2	2	2	5	64
31/01/2025	23	2	1	3	2	2	2	5	67
01/02/2025	00	2	1	3	2	2	3	5	43
01/02/2025	01	2	2	3	2	1	2	4	37
01/02/2025	02	2	1	3	2	1	2	4	36
01/02/2025	03	2	2	3	2	1	2	3	51
01/02/2025	04	2	1	3	2	1	2	3	52
01/02/2025	05	2	2	3	2	1	2	3	46
01/02/2025	06	2	2	3	1	1	2	3	55
01/02/2025	07	2	1	3	1	1	2	3	57
01/02/2025	08	2	2	3	1	1	2	3	43
01/02/2025	09	1	1	3	2	1	2	3	57
01/02/2025	10	2	2	3	2	1	3	4	67
01/02/2025	11	3	2	3	2	2	3	5	66
01/02/2025	12	3	3	3	2	2	3	5	68
01/02/2025	13	3	2	3	2	3	4	6	70
01/02/2025	14	2	2	3	2	3	3	7	71
01/02/2025	15	2	2	3	2	3	4	7	75
01/02/2025	16	1	1	3	2	3	3	6	78
01/02/2025	17	1	1	3	2	3	2	7	79
01/02/2025	18	1	1	3	2	3	1	6	77
01/02/2025	19	4	3	3	2	3	4	6	68
01/02/2025	20	1	1	3	2	2	2	5	67
01/02/2025	21	1	1	3	2	2	1	5	70
01/02/2025	22	1	1	3	2	2	1	4	68
01/02/2025	23	3	3	3	2	2	3	5	52
02/02/2025	00	5	5	3	2	3	5	6	40
02/02/2025	01	3	3	3	2	1	3	4	44
02/02/2025	02	3	3	3	2	2	3	4	36
02/02/2025	03	2	1	3	2	1	2	4	40
02/02/2025	04	2	2	3	2	1	2	3	48
02/02/2025	05	2	2	3	2	1	2	3	46
02/02/2025	06	2	2	3	1	1	3	3	53
02/02/2025	07	2	2	3	1	1	3	3	37
02/02/2025	08	3	2	3	1	1	4	3	36
02/02/2025	09	2	2	3	1	1	2	3	49
02/02/2025	10	1	1	3	2	1	1	3	62
02/02/2025	11	1	1	3	2	1	1	4	70
02/02/2025	12	1	1	3	2	2	1	5	71
02/02/2025	13	1	1	3	2	2	1	6	73
02/02/2025	14	1	1	3	2	3	1	6	76
02/02/2025	15	1	1	3	2	3	2	7	77
02/02/2025	16	1	1	3	2	3	1	7	81
02/02/2025	17	1	1	3	2	3	1	7	79
02/02/2025	18	1	1	3	2	3	1	7	76
02/02/2025	19	4	4	3	2	3	4	7	60
02/02/2025	20	4	4	3	2	3	4	7	53
02/02/2025	21	2	2	3	2	3	3	6	57
02/02/2025	22	3	2	3	2	2	3	6	57
02/02/2025	23	3	3	3	2	2	4	5	57
03/02/2025	00	4	3	3	2	2	4	5	56
03/02/2025	01	4	4	3	2	1	4	4	54
03/02/2025	02	2	2	3	2	1	2	4	55
03/02/2025	03	2	2	3	2	1	2	4	58
03/02/2025	04	3	2	3	2	1	3	4	61
03/02/2025	05	2	2	3	2	1	3	4	63
03/02/2025	06	3	2	3	2	1	3	3	61
03/02/2025	07	2	2	3	2	1	2	4	62
03/02/2025	08	3	2	3	2	1	3	4	57
03/02/2025	09	3	3	3	2	1	4	4	55
03/02/2025	10	3	2	3	2	1	4	4	63
03/02/2025	11	2	2	3	2	2	7	5	76
03/02/2025	12	3	2	3	2	2	7	5	78
03/02/2025	13	3	2	3	2	3	4	6	84
03/02/2025	14	2	2	3	2	3	3	7	84
03/02/2025	15	2	2	3	2	3	3	7	83
03/02/2025	16	3	3	3	2	3	6	7	81
03/02/2025	17	4	4	3	2	4	6	8	80
03/02/2025	18	7	6	3	2	7	12	10	65
03/02/2025	19	6	5	3	2	11	12	14	50
03/02/2025	20	3	2	3	2	5	6	9	56
03/02/2025	21	4	3	3	2	3	7	6	59
03/02/2025	22	5	4	3	2	2	7	5	63
03/02/2025	23	6	5	3	2	2	7	5	61
04/02/2025	00	6	5	3	2	4	10	7	41
04/02/2025	01	7	6	3	2	6	8	9	33
04/02/2025	02	4	4	3	2	3	5	5	29
04/02/2025	03	5	4	3	2	1	6	4	27
04/02/2025	04	4	4	3	2	1	4	3	27
04/02/2025	05	4	4	3	1	1	4	3	29
04/02/2025	06	3	3	3	1	2	4	4	25
04/02/2025	07	3	3	3	1	4	3	6	16
04/02/2025	08	3	2	3	1	5	4	7	17
04/02/2025	09	3	3	3	2	6	5	9	21
04/02/2025	10	3	3	3	2	4	4	8	44
04/02/2025	11	4	3	3	2	2	10	4	74
04/02/2025	12	2	1	3	2	2	5	5	87
04/02/2025	13	3	2	3	2	3	5	6	87
04/02/2025	14	2	1	3	2	3	3	7	83
04/02/2025	15	2	1	3	2	3	2	7	82
04/02/2025	16	2	1	3	2	3	4	7	81
04/02/2025	17	2	2	3	2	3	4	6	79
04/02/2025	18	3	2	3	2	3	7	7	69
04/02/2025	19	3	3	3	2	3	7	7	59
04/02/2025	20	4	3	3	2	5	9	8	55
04/02/2025	21	16	15	3	2	5	22	8	40
04/02/2025	22	4	3	3	2	5	9	8	40
04/02/2025	23	3	2	3	2	3	9	6	52
05/02/2025	00	2	2	3	2	2	5	5	66
05/02/2025	01	2	2	3	2	2	4	5	50
05/02/2025	02	2	2	3	2	2	4	4	58
05/02/2025	03	2	2	3	2	1	4	4	63
05/02/2025	04	2	2	3	2	2	2	4	57
05/02/2025	05	2	2	3	2	1	4	4	61
05/02/2025	06	2	2	3	2	1	2	4	60
05/02/2025	07	2	2	3	2	1	3	4	64
05/02/2025	10	4	3	3	2	3	9	6	54
05/02/2025	11	3	2	3	2	3	6	6	69
05/02/2025	12	5	4	3	2	3	10	6	75
05/02/2025	13	5	5	3	2	3	11	7	82
05/02/2025	14	3	3	3	2	3	6	7	80
05/02/2025	15	2	2	3	2	3	6	7	80
05/02/2025	16	2	2	3	2	3	4	7	83
05/02/2025	17	3	2	3	2	3	9	7	83
05/02/2025	18	2	2	3	2	7	5	10	63
05/02/2025	19	3	2	3	2	7	11	11	55
05/02/2025	20	4	3	3	2	4	9	7	63
05/02/2025	21	5	4	3	2	3	8	7	72
05/02/2025	22	7	6	3	2	6	16	9	50
05/02/2025	23	6	5	3	2	6	12	9	49
06/02/2025	00	6	5	3	2	7	15	9	32
06/02/2025	01	7	6	3	2	6	11	9	23
06/02/2025	02	6	5	3	2	4	8	7	23
06/02/2025	03	7	5	3	2	3	9	6	23
06/02/2025	04	6	6	3	2	2	8	5	18
06/02/2025	05	6	5	3	1	1	8	4	22
06/02/2025	06	6	5	3	2	2	7	5	23
06/02/2025	07	5	5	3	1	2	6	5	20
06/02/2025	08	6	5	3	1	6	8	9	18
06/02/2025	09	7	6	3	4	8	10	15	15
06/02/2025	10	10	8	3	3	8	18	12	45
06/02/2025	11	6	5	3	2	3	14	6	84
06/02/2025	12	5	4	3	2	2	9	6	89
06/02/2025	13	4	3	3	2	3	6	6	92
06/02/2025	14	4	3	3	2	3	6	7	94
06/02/2025	15	4	3	3	2	3	5	7	94
06/02/2025	16	4	3	3	2	3	7	7	94
06/02/2025	17	4	4	3	2	3	9	7	94
06/02/2025	18	5	4	3	2	6	13	10	70
06/02/2025	19	4	3	3	2	12	13	15	50
06/02/2025	20	6	6	3	2	9	10	12	65
06/02/2025	21	6	5	3	2	4	11	7	66
06/02/2025	22	20	18	3	2	10	27	13	31
06/02/2025	23	7	6	3	2	6	10	9	28
07/02/2025	00	7	6	3	2	3	10	6	37
07/02/2025	01	7	6	3	2	2	10	4	30
07/02/2025	02	7	6	3	2	1	9	4	20
07/02/2025	03	7	6	3	2	1	8	4	21
07/02/2025	04	7	6	3	2	1	7	3	23
07/02/2025	05	7	6	3	1	1	7	3	25
07/02/2025	06	6	6	3	1	2	6	4	21
07/02/2025	07	6	5	3	1	2	6	4	27
07/02/2025	08	5	5	3	1	2	6	4	30
07/02/2025	09	8	7	3	1	2	13	4	35
07/02/2025	10	9	9	3	2	1	17	3	61
07/02/2025	11	13	13	3	2	1	15	4	73
07/02/2025	12	8	7	3	2	2	10	5	78
07/02/2025	13	7	6	3	2	3	9	6	85
07/02/2025	14	6	6	3	2	3	8	6	88
07/02/2025	15	5	5	3	2	3	10	7	87
07/02/2025	16	5	4	3	2	3	10	7	87
07/02/2025	17	4	3	3	2	3	9	7	85
07/02/2025	18	5	5	3	2	3	10	7	81
07/02/2025	19	5	4	3	2	3	5	7	69
07/02/2025	20	5	5	3	2	3	5	6	64
07/02/2025	21	5	5	3	2	3	6	6	58
07/02/2025	22	5	5	3	2	2	6	6	48
07/02/2025	23	6	6	3	2	2	7	5	57
08/02/2025	00	7	7	3	2	2	7	6	56
08/02/2025	01	6	6	3	2	2	6	5	60
08/02/2025	02	6	6	3	2	2	7	5	60
08/02/2025	03	6	5	3	2	2	6	5	59
08/02/2025	04	5	5	3	2	2	5	5	58
08/02/2025	05	5	5	3	2	2	5	5	53
08/02/2025	06	5	5	3	2	2	5	5	46
08/02/2025	07	4	4	3	2	2	4	5	36
08/02/2025	08	4	3	3	2	2	4	5	50
08/02/2025	09	3	3	3	2	2	3	5	62
08/02/2025	10	3	3	3	2	2	3	4	64
08/02/2025	11	2	2	3	2	2	2	5	69
08/02/2025	12	1	1	3	2	3	1	6	76
08/02/2025	13	1	1	3	2	3	1	6	78
08/02/2025	14	1	1	3	2	3	1	6	80
08/02/2025	15	2	2	3	2	3	2	7	78
08/02/2025	16	2	2	3	2	3	2	7	76
08/02/2025	17	2	2	3	2	3	2	7	77
08/02/2025	18	2	2	3	2	3	2	7	75
08/02/2025	19	2	2	3	2	3	2	7	71
08/02/2025	20	3	3	3	2	3	4	6	70
08/02/2025	21	4	3	3	2	3	4	6	73
08/02/2025	22	5	5	3	2	2	5	6	61
08/02/2025	23	4	3	3	2	2	4	5	61
09/02/2025	00	4	3	3	2	2	5	5	51
09/02/2025	01	4	4	3	2	2	4	5	55
09/02/2025	02	5	4	3	2	2	6	4	48
09/02/2025	03	4	4	3	2	2	4	4	48
09/02/2025	04	3	3	3	2	1	4	4	42
09/02/2025	05	4	4	3	2	1	4	4	31
09/02/2025	06	5	5	3	2	1	5	4	29
09/02/2025	07	5	5	3	2	1	5	3	37
09/02/2025	08	9	8	3	2	2	10	4	19
09/02/2025	09	9	8	3	2	3	11	5	25
09/02/2025	10	10	9	3	2	4	11	8	39
09/02/2025	11	5	5	3	2	3	5	6	58
09/02/2025	12	3	3	3	2	2	3	6	66
09/02/2025	13	2	2	3	2	3	2	7	66
09/02/2025	14	2	2	3	2	3	2	7	65
09/02/2025	15	2	1	3	2	3	2	7	66
09/02/2025	16	3	3	3	2	3	3	7	66
09/02/2025	17	3	3	3	2	3	4	7	65
09/02/2025	18	4	3	3	2	3	4	7	58
09/02/2025	19	6	5	3	2	3	7	7	55
09/02/2025	20	7	6	3	2	6	10	10	48
09/02/2025	21	8	8	3	2	7	10	10	46
09/02/2025	22	9	9	3	2	7	10	10	46
09/02/2025	23	10	9	3	2	6	11	9	50
10/02/2025	00	10	10	3	2	5	11	8	50
10/02/2025	01	9	9	3	2	4	10	7	54
10/02/2025	02	10	10	3	2	4	10	7	38
10/02/2025	03	9	9	3	2	5	9	7	35
10/02/2025	04	9	9	3	2	4	10	6	27
10/02/2025	05	6	6	3	2	2	6	5	67
10/02/2025	06	7	6	3	2	3	7	5	61
10/02/2025	07	7	6	3	3	10	7	13	33
10/02/2025	08	6	6	3	2	10	7	13	36
10/02/2025	09	7	6	3	4	9	14	15	20
10/02/2025	10	5	5	3	3	7	6	12	58
10/02/2025	11	5	5	3	2	3	6	6	78
10/02/2025	12	5	5	3	2	3	7	6	81
10/02/2025	13	5	5	3	2	3	7	7	79
10/02/2025	14	5	5	3	2	3	7	7	79
10/02/2025	15	5	4	3	2	3	6	7	79
10/02/2025	16	4	4	3	2	4	5	8	74
10/02/2025	17	5	4	3	2	4	6	8	75
10/02/2025	18	11	10	3	2	6	15	10	68
10/02/2025	19	18	16	3	2	8	23	12	59
10/02/2025	20	21	20	3	2	9	24	13	56
10/02/2025	21	19	19	3	2	6	21	10	62
10/02/2025	22	14	13	3	2	4	14	8	68
10/02/2025	23	9	8	3	2	3	10	6	70
11/02/2025	00	9	8	3	2	3	10	7	66
11/02/2025	01	8	8	3	2	3	8	6	69
11/02/2025	02	8	8	3	2	3	9	6	72
11/02/2025	03	7	6	3	2	2	8	6	71
11/02/2025	04	6	5	3	2	3	7	6	71
11/02/2025	05	6	5	3	2	2	7	6	70
11/02/2025	06	7	7	3	2	3	7	6	69
11/02/2025	07	8	7	3	2	2	8	6	67
11/02/2025	08	9	8	3	2	3	12	7	64
11/02/2025	09	10	9	3	2	3	11	6	68
11/02/2025	10	10	9	3	2	2	11	6	75
11/02/2025	11	9	9	3	2	3	10	6	74
11/02/2025	12	10	9	3	2	3	12	6	74
11/02/2025	13	8	7	3	2	3	11	7	77
11/02/2025	14	4	4	3	2	3	6	7	79
11/02/2025	15	3	2	3	2	3	7	6	79
11/02/2025	16	3	2	3	2	3	5	7	84
11/02/2025	17	3	2	3	2	3	6	7	85
11/02/2025	18	4	2	3	2	3	8	6	74
11/02/2025	19	9	8	3	2	6	16	10	58
11/02/2025	20	10	10	3	2	8	15	11	57
11/02/2025	21	16	15	3	2	6	21	10	48
11/02/2025	22	9	8	3	2	5	11	8	59
11/02/2025	23	12	11	3	2	3	14	6	63
12/02/2025	00	17	16	3	2	2	19	5	59
12/02/2025	01	20	19	3	2	2	23	6	50
12/02/2025	02	19	19	3	2	2	23	5	39
12/02/2025	03	17	16	3	2	4	19	7	34
12/02/2025	04	23	22	3	2	3	24	7	37
12/02/2025	05	14	14	3	2	2	16	6	56
12/02/2025	06	10	9	3	2	2	11	5	60
12/02/2025	07	7	7	3	2	3	8	6	56
12/02/2025	08	2	2	3	2	2	2	6	63
12/02/2025	09	2	2	3	2	2	2	5	60
12/02/2025	10	2	2	3	2	3	2	6	63
12/02/2025	11	2	2	3	2	3	2	6	65
12/02/2025	12	1	1	3	2	3	1	6	70
12/02/2025	13	1	1	3	2	3	1	6	71
12/02/2025	14	1	1	3	2	3	1	7	69
12/02/2025	15	1	1	3	2	3	1	7	71
12/02/2025	16	1	1	3	2	3	1	7	70
12/02/2025	17	1	1	3	2	3	1	7	66
12/02/2025	18	1	1	3	2	3	2	7	55
12/02/2025	19	1	1	3	2	3	1	7	53
12/02/2025	20	3	3	3	2	4	3	7	42
12/02/2025	21	9	9	3	2	3	10	6	43
12/02/2025	22	1	1	3	2	3	1	6	53
12/02/2025	23	1	1	3	2	2	1	5	57
13/02/2025	00	1	1	3	2	2	1	5	57
13/02/2025	01	1	1	3	2	2	1	5	55
13/02/2025	02	1	1	3	2	2	1	5	53
13/02/2025	03	1	1	3	2	2	1	5	60
13/02/2025	04	1	1	3	2	2	1	5	55
13/02/2025	05	1	1	3	2	2	1	4	52
13/02/2025	06	1	1	3	2	2	1	5	43
13/02/2025	07	2	1	3	2	2	2	5	33
13/02/2025	08	1	1	3	2	2	1	4	31
13/02/2025	09	2	1	3	3	7	2	11	25
13/02/2025	10	2	1	3	3	5	3	9	59
13/02/2025	11	1	1	3	2	2	4	5	69
13/02/2025	12	1	1	3	2	2	1	6	68
13/02/2025	13	1	1	3	2	3	1	7	74
13/02/2025	14	1	1	3	2	3	2	7	78
13/02/2025	15	1	1	3	2	3	1	7	77
13/02/2025	16	1	1	3	2	3	1	7	77
13/02/2025	17	1	1	3	2	3	1	7	77
13/02/2025	18	1	1	3	2	3	2	7	68
13/02/2025	19	1	1	3	2	3	2	7	63
13/02/2025	20	5	5	3	2	6	7	10	41
13/02/2025	21	2	2	3	2	6	3	9	37
13/02/2025	22	2	2	3	2	4	2	7	37
13/02/2025	23	2	2	3	2	4	2	7	33
14/02/2025	00	6	6	3	2	5	6	8	45
14/02/2025	01	4	4	3	2	2	4	6	69
14/02/2025	02	4	3	3	2	3	5	6	49
14/02/2025	03	8	7	3	2	4	12	7	34
14/02/2025	04	5	5	3	2	3	6	6	33
14/02/2025	05	3	3	3	2	2	3	5	32
14/02/2025	06	3	3	3	2	3	3	6	24
14/02/2025	07	3	2	3	2	2	3	5	20
14/02/2025	08	2	2	3	2	4	3	7	16
14/02/2025	09	4	3	3	4	5	4	10	21
14/02/2025	10	6	5	3	4	6	6	12	30
14/02/2025	11	7	7	3	2	4	8	7	52
14/02/2025	12	5	4	3	2	3	5	7	53
14/02/2025	13	2	2	3	2	3	3	7	65
14/02/2025	14	2	2	3	2	3	2	7	74
14/02/2025	15	2	2	3	2	3	2	7	78
14/02/2025	16	2	2	3	2	3	2	7	80
14/02/2025	17	2	2	3	2	3	2	7	80
14/02/2025	18	2	2	3	2	3	2	7	74
14/02/2025	19	2	2	3	2	3	4	7	67
14/02/2025	20	4	4	3	2	5	5	9	52
14/02/2025	21	2	2	3	2	4	3	8	58
14/02/2025	22	2	2	3	2	3	2	6	52
14/02/2025	23	2	2	3	2	3	3	6	47
15/02/2025	00	2	2	3	2	3	3	6	47
15/02/2025	01	2	2	3	2	2	3	5	38
15/02/2025	02	2	2	3	2	3	2	5	46
15/02/2025	03	2	2	3	2	2	2	5	41
15/02/2025	04	2	2	3	2	2	3	5	39
15/02/2025	05	2	2	3	2	2	2	5	22
15/02/2025	06	3	2	3	2	2	3	5	24
15/02/2025	07	2	2	3	2	5	2	7	18
15/02/2025	08	2	2	3	2	3	2	6	20
15/02/2025	09	2	2	3	2	3	3	6	24
15/02/2025	10	5	4	3	2	2	8	5	40
15/02/2025	11	5	4	3	2	3	10	7	51
15/02/2025	12	9	8	3	3	4	12	8	60
15/02/2025	13	2	2	3	2	3	3	7	82
15/02/2025	14	2	1	3	2	3	3	7	92
15/02/2025	15	2	1	3	2	3	5	7	88
15/02/2025	16	2	2	3	2	3	3	7	89
15/02/2025	17	7	6	3	2	3	9	7	82
15/02/2025	18	14	13	3	3	6	20	9	75
15/02/2025	19	18	17	3	2	6	21	10	70
15/02/2025	20	19	18	3	2	4	21	8	64
15/02/2025	21	22	21	3	2	4	23	8	58
15/02/2025	22	24	23	3	2	3	24	7	55
15/02/2025	23	25	24	3	2	3	26	6	48
16/02/2025	00	25	24	3	2	3	26	6	55
16/02/2025	01	25	24	3	2	3	26	6	44
16/02/2025	02	24	24	3	2	3	24	6	25
16/02/2025	03	24	24	3	2	2	25	6	15
16/02/2025	04	24	23	3	2	2	26	5	12
16/02/2025	05	21	21	3	2	2	24	5	14
16/02/2025	06	19	19	3	2	3	23	6	21
16/02/2025	07	14	13	3	2	2	15	4	14
16/02/2025	08	11	11	3	2	2	12	4	19
16/02/2025	09	9	9	3	2	2	11	5	16
16/02/2025	10	6	6	3	2	2	8	5	30
16/02/2025	11	5	4	3	2	3	8	6	56
16/02/2025	12	4	3	3	2	3	8	7	83
16/02/2025	13	3	2	3	2	3	6	7	88
16/02/2025	14	3	2	3	3	3	5	7	88
16/02/2025	15	3	2	3	2	3	7	7	88
16/02/2025	16	3	2	3	2	3	10	7	91
16/02/2025	17	4	2	3	2	3	11	7	90
16/02/2025	18	4	3	3	2	3	12	7	78
16/02/2025	19	4	3	3	2	3	11	7	73
16/02/2025	20	5	3	3	2	4	13	7	67
16/02/2025	21	5	3	3	2	4	15	8	61
16/02/2025	22	4	3	3	2	3	9	7	58
16/02/2025	23	4	3	3	2	3	13	7	49
17/02/2025	00	5	3	3	2	3	14	6	51
17/02/2025	01	4	3	3	2	3	12	6	46
17/02/2025	02	5	3	3	2	3	15	6	43
17/02/2025	03	5	3	3	2	3	11	6	43
17/02/2025	04	9	7	3	2	3	21	7	26
17/02/2025	05	11	9	3	2	4	23	8	24
17/02/2025	06	10	9	3	2	5	21	9	27
17/02/2025	07	5	4	3	2	3	11	6	51
17/02/2025	08	20	17	3	6	16	39	26	11
17/02/2025	09	10	8	3	8	17	27	30	10
17/02/2025	10	6	5	3	2	4	17	7	62
17/02/2025	11	5	3	3	2	2	10	6	82
17/02/2025	12	4	3	3	2	3	13	6	88
17/02/2025	13	4	3	3	2	3	9	6	88
17/02/2025	15	3	2	3	3	3	5	7	95
17/02/2025	16	3	2	3	2	3	13	7	96
17/02/2025	17	3	2	3	3	3	4	7	95
17/02/2025	18	3	2	3	2	3	5	7	89
17/02/2025	19	3	2	3	2	3	5	7	79
17/02/2025	20	5	3	3	2	3	10	7	67
17/02/2025	21	12	11	3	2	5	18	9	60
17/02/2025	22	15	15	3	2	3	17	7	76
17/02/2025	23	16	14	3	2	3	18	6	78
18/02/2025	00	17	14	3	2	2	23	6	73
18/02/2025	01	14	14	3	2	2	19	5	74
18/02/2025	02	12	11	3	2	2	14	5	69
18/02/2025	03	13	12	3	2	2	15	5	51
18/02/2025	04	16	14	3	2	3	20	5	57
18/02/2025	05	17	16	3	2	2	22	4	49
18/02/2025	06	15	14	3	2	2	19	4	37
18/02/2025	07	14	14	3	2	2	16	4	50
18/02/2025	08	17	17	3	2	1	22	4	52
18/02/2025	09	25	25	3	2	1	31	4	58
18/02/2025	10	29	28	3	2	1	35	4	69
18/02/2025	11	27	26	3	2	2	34	5	78
18/02/2025	12	23	21	3	2	2	34	5	82
18/02/2025	13	13	12	3	2	3	35	6	89
18/02/2025	14	9	8	3	2	3	15	6	93
18/02/2025	15	11	10	3	2	3	16	7	93
18/02/2025	16	12	11	3	2	3	21	7	93
18/02/2025	17	15	13	3	2	5	29	9	89
18/02/2025	18	23	21	3	2	8	31	11	82
18/02/2025	19	24	22	3	2	7	28	11	80
18/02/2025	20	29	27	3	2	7	34	10	73
18/02/2025	21	31	30	3	2	7	34	10	73
18/02/2025	22	25	24	3	2	6	27	9	65
18/02/2025	23	27	26	3	2	4	29	7	50
19/02/2025	00	30	29	3	2	5	37	8	30
19/02/2025	01	29	28	3	2	6	34	8	33
19/02/2025	02	29	27	3	2	3	32	6	25
19/02/2025	03	31	27	3	2	2	43	5	28
19/02/2025	04	24	24	3	2	2	29	4	27
19/02/2025	05	22	22	3	2	2	22	4	20
19/02/2025	06	23	23	3	2	1	26	4	21
19/02/2025	07	19	19	3	2	1	19	4	23
19/02/2025	08	20	19	3	2	3	22	5	18
19/02/2025	09	18	18	3	2	4	20	7	19
19/02/2025	10	18	18	3	2	2	19	5	42
19/02/2025	11	19	18	3	2	3	25	6	65
19/02/2025	12	11	10	3	2	4	25	7	76
19/02/2025	13	9	7	3	2	3	17	6	87
19/02/2025	14	5	4	3	2	3	10	7	83
19/02/2025	15	5	4	3	2	3	9	6	89
19/02/2025	16	4	3	3	2	3	9	7	92
19/02/2025	17	6	4	3	2	3	12	6	91
19/02/2025	18	6	4	3	2	3	12	6	84
19/02/2025	19	18	17	3	2	9	33	13	56
19/02/2025	20	46	44	3	2	12	55	16	51
19/02/2025	21	50	48	3	2	11	58	14	44
19/02/2025	22	50	49	3	2	7	57	10	49
19/02/2025	23	66	65	3	2	4	68	8	51
20/02/2025	00	57	57	3	2	4	57	7	51
20/02/2025	01	50	49	3	2	4	50	7	46
20/02/2025	02	38	37	3	2	3	39	6	36
20/02/2025	03	36	34	3	2	2	38	5	38
20/02/2025	04	36	34	3	2	3	38	6	45
20/02/2025	05	36	34	3	2	2	38	5	36
20/02/2025	06	51	26	3	2	2	77	5	19
20/02/2025	07	28	24	3	2	4	37	7	16
20/02/2025	08	18	17	3	4	5	22	11	6
20/02/2025	09	17	16	3	6	7	19	16	11
20/02/2025	10	19	19	3	6	4	21	13	17
20/02/2025	11	20	19	3	7	9	27	19	24
20/02/2025	12	24	23	3	5	7	44	14	45
20/02/2025	13	6	5	3	3	4	12	8	
20/02/2025	14	5	4	3	3	3	9	7	81
20/02/2025	15	5	4	3	3	3	11	7	89
20/02/2025	16	3	2	3	3	3	6	7	90
20/02/2025	17	4	3	3	3	3	9	7	91
20/02/2025	18	4	3	3	3	3	7	7	86
20/02/2025	19	19	17	3	3	6	27	10	73
20/02/2025	20	29	28	3	3	6	36	10	75
20/02/2025	21	33	33	3	3	4	38	8	73
20/02/2025	22	35	33	3	3	3	40	7	68
20/02/2025	23	36	35	3	3	4	39	8	69
21/02/2025	00	33	33	3	3	3	35	7	68
21/02/2025	01	39	38	3	2	3	44	7	60
21/02/2025	02	40	39	3	2	4	45	8	61
21/02/2025	03	37	35	3	2	3	44	7	61
21/02/2025	04	32	31	3	2	3	34	6	61
21/02/2025	05	29	28	3	3	3	34	7	65
21/02/2025	06	25	24	3	2	2	25	6	67
21/02/2025	07	23	22	3	2	3	25	7	67
21/02/2025	08	25	24	3	3	4	32	8	62
21/02/2025	09	20	20	3	2	3	25	7	56
21/02/2025	10	21	20	3	2	3	23	6	66
21/02/2025	11	19	18	3	2	4	23	7	68
21/02/2025	12	17	16	3	2	3	21	7	69
21/02/2025	13	12	11	3	3	3	44	7	75
21/02/2025	14	10	10	3	3	3	25	7	80
21/02/2025	15	12	10	3	3	3	31	7	80
21/02/2025	16	12	11	3	3	3	23	7	80
21/02/2025	17	13	13	3	3	4	29	8	72
21/02/2025	18	17	16	3	3	6	34	9	70
21/02/2025	19	21	20	3	3	6	27	10	69
21/02/2025	20	27	26	3	3	7	31	11	71
21/02/2025	21	30	29	3	3	7	36	11	68
21/02/2025	22	32	30	3	2	5	38	9	67
21/02/2025	23	33	33	3	2	4	36	8	59
22/02/2025	00	32	31	3	2	4	40	8	58
22/02/2025	01	32	31	3	2	4	35	7	34
22/02/2025	02	29	27	3	2	3	36	7	57
22/02/2025	03	27	26	3	2	3	40	6	50
22/02/2025	04	27	26	3	2	2	34	6	40
22/02/2025	05	27	26	3	2	3	34	6	53
22/02/2025	06	27	26	3	2	4	30	8	40
22/02/2025	07	17	16	3	2	3	19	7	57
22/02/2025	08	17	16	3	2	3	20	7	48
22/02/2025	09	16	15	3	2	4	22	7	54
22/02/2025	10	9	9	3	3	3	11	7	68
22/02/2025	11	6	6	3	2	3	6	7	70
22/02/2025	12	3	3	3	2	3	3	7	79
22/02/2025	13	2	2	3	2	3	2	7	81
22/02/2025	14	1	1	3	3	3	1	7	82
22/02/2025	15	2	2	3	3	3	2	7	79
22/02/2025	16	2	1	3	3	3	2	7	79
22/02/2025	17	2	2	3	3	3	3	7	78
22/02/2025	18	2	2	3	2	3	3	7	76
22/02/2025	19	1	1	3	3	3	3	7	75
22/02/2025	20	2	2	3	2	3	2	7	68
22/02/2025	21	2	2	3	2	3	3	6	60
22/02/2025	22	6	5	3	2	3	9	7	59
22/02/2025	23	10	9	3	2	3	13	7	47
23/02/2025	00	8	7	3	2	2	11	6	45
23/02/2025	01	10	10	3	2	2	10	6	49
23/02/2025	02	8	8	3	2	2	8	5	46
23/02/2025	03	3	3	3	2	2	3	5	65
23/02/2025	04	2	2	3	2	2	2	5	66
23/02/2025	05	2	2	3	2	2	2	5	68
23/02/2025	06	3	3	3	2	2	4	4	66
23/02/2025	07	2	1	3	2	2	3	5	65
23/02/2025	08	1	1	3	2	2	2	4	65
23/02/2025	09	1	1	3	2	2	4	4	69
23/02/2025	10	1	1	3	2	2	10	4	73
23/02/2025	11	1	1	3	2	2	2	5	82
23/02/2025	12	1	1	3	2	3	4	6	85
23/02/2025	13	2	2	3	2	3	2	7	85
23/02/2025	14	3	2	3	2	3	6	7	85
23/02/2025	15	3	2	3	2	3	3	7	88
23/02/2025	16	3	2	3	2	3	3	7	87
23/02/2025	17	3	3	3	2	3	5	7	83
23/02/2025	18	4	4	3	2	3	6	7	78
23/02/2025	19	6	6	3	2	5	8	8	73
23/02/2025	20	8	7	3	2	6	8	9	66
23/02/2025	21	6	6	3	2	7	7	11	53
23/02/2025	22	8	7	3	2	5	9	8	48
23/02/2025	23	8	7	3	2	4	9	8	36
24/02/2025	00	7	6	3	2	3	8	6	26
24/02/2025	01	7	7	3	2	2	8	5	25
24/02/2025	02	7	7	3	2	2	10	5	16
24/02/2025	03	8	7	3	2	2	11	5	22
24/02/2025	04	9	9	3	2	2	12	4	25
24/02/2025	05	9	9	3	2	1	9	4	23
24/02/2025	06	8	8	3	2	1	10	4	20
24/02/2025	07	8	8	3	2	1	9	4	24
24/02/2025	08	8	8	3	2	3	8	6	18
24/02/2025	09	8	8	3	2	1	8	4	27
24/02/2025	10	7	7	3	2	2	7	5	47
24/02/2025	11	6	6	3	2	2	6	5	57
24/02/2025	12	3	3	3	2	3	3	6	70
24/02/2025	13	4	4	3	2	3	4	7	74
24/02/2025	14	2	2	3	2	3	2	7	81
24/02/2025	15	2	2	3	2	3	2	7	83
24/02/2025	16	3	2	3	2	3	3	7	83
24/02/2025	17	3	2	3	2	3	3	7	81
24/02/2025	18	2	2	3	2	3	6	7	78
24/02/2025	19	3	3	3	2	3	10	7	70
24/02/2025	20	4	4	3	2	3	6	7	71
24/02/2025	21	4	4	3	2	4	5	7	70
24/02/2025	22	6	5	3	2	4	7	8	62
24/02/2025	23	6	5	3	2	5	8	8	57
25/02/2025	00	5	5	3	2	4	8	7	59
25/02/2025	01	5	4	3	2	5	5	8	52
25/02/2025	02	4	4	3	2	3	4	6	57
25/02/2025	03	4	4	3	2	2	4	6	55
25/02/2025	04	5	4	3	2	2	5	5	57
25/02/2025	05	4	4	3	2	2	5	5	49
25/02/2025	06	3	3	3	2	3	3	6	48
25/02/2025	07	5	5	3	2	8	7	11	32
25/02/2025	08	4	4	3	2	2	4	5	56
25/02/2025	09	5	5	3	2	2	7	5	55
25/02/2025	10	5	4	3	2	2	6	5	58
25/02/2025	11	4	3	3	2	2	4	5	66
25/02/2025	12	2	2	3	2	2	2	6	69
25/02/2025	13			3	2	3		6	66
25/02/2025	14			3	2	3		7	68
25/02/2025	15			3	2	3		6	72
25/02/2025	16			3	3	3		7	78
25/02/2025	17			3	2	2		5	83
25/02/2025	18			3	2	2		4	76
25/02/2025	19			3	2	2		5	65
25/02/2025	20			3	2	2		5	68
25/02/2025	21			3	2	2		6	72
25/02/2025	22			3	2	2		5	73
25/02/2025	23			3	2	2		5	71
26/02/2025	00			3	2	2		5	71
26/02/2025	01			3	2	2		5	75
26/02/2025	02			3	2	2		5	77
26/02/2025	03			3	2	2		4	73
26/02/2025	04			3	2	1		4	72
26/02/2025	05			3	2	1		3	73
26/02/2025	06			3	2	1		4	72
26/02/2025	07			3	1	1		3	70
26/02/2025	08			3	1	1		3	72
26/02/2025	09			3	2	1		3	78
26/02/2025	10			3	2	2		4	83
26/02/2025	11			3	2	2		4	86
26/02/2025	12			3	2	2		6	88
26/02/2025	13			3	2	3		6	92
26/02/2025	14			3	3	3		7	88
26/02/2025	15			3	3	3		7	89
26/02/2025	16			3	3	3		7	89
26/02/2025	17			3	3	3		7	89
26/02/2025	18			3	3	3		7	85
26/02/2025	19			3	3	3		6	78
26/02/2025	20			3	2	3		5	65
26/02/2025	21			3	2	5		8	60
26/02/2025	22			3	2	3		6	71
26/02/2025	23			3	2	2		5	68
27/02/2025	00			3	2	2		5	53
27/02/2025	01			3	2	2		5	56
27/02/2025	02			3	2	1		4	59
27/02/2025	03			3	2	2		4	43
27/02/2025	04			3	2	1		4	40
27/02/2025	05			3	1	2		4	35
27/02/2025	06			3	1	2		4	31
27/02/2025	07			3	2	3		6	17
27/02/2025	08			3	2	4		7	14
27/02/2025	09			3	4	9		16	17
27/02/2025	10			3	2	7		10	51
27/02/2025	11			3	2	3		5	65
27/02/2025	12			3	2	3		6	77
27/02/2025	13			3	2	2		5	91
27/02/2025	14			3	2	2		5	92
27/02/2025	15			3	2	3		6	93
27/02/2025	16			3	2	3		7	100
27/02/2025	17			3	2	3		7	99
27/02/2025	18			3	2	3		7	93
27/02/2025	19			3	2	5		8	76
27/02/2025	20			3	2	9		12	60
27/02/2025	21			3	2	8		11	55
27/02/2025	22			3	2	8		11	50
27/02/2025	23			3	2	8		11	49
28/02/2025	00			3	2	8		11	47
28/02/2025	01			3	2	7		10	49
28/02/2025	02			3	2	5		7	54
28/02/2025	03			3	2	3		6	61
28/02/2025	04			3	2	4		6	54
28/02/2025	05			3	2	3		6	40
28/02/2025	06			3	2	5		7	30
28/02/2025	07			3	2	5		8	42
28/02/2025	08			3	3	12		17	31
28/02/2025	09			3	4	11		18	50
28/02/2025	10			3	2	4		7	71
28/02/2025	11			3	2	4		6	81
28/02/2025	13			3	2	3		7	98
28/02/2025	14			3	2	3		7	97
28/02/2025	15			3	2	4		8	95
28/02/2025	16			3	2	4		7	97
28/02/2025	17			3	2	5		8	93
28/02/2025	18			3	2	5		9	92
28/02/2025	19			3	2	5		9	90
28/02/2025	20			3	2	5		8	92
28/02/2025	21			3	2	5		9	91
28/02/2025	22			3	2	5		8	91
28/02/2025	23			3	2	3		7	92
01/03/2025	00			3	2	3		6	95
01/03/2025	01			3	2	2		5	91
01/03/2025	02			3	2	2		6	89
01/03/2025	03			3	2	2		5	86
01/03/2025	04			3	2	2		5	90
01/03/2025	05			3	2	2		5	89
01/03/2025	06			3	2	2		5	87
01/03/2025	07			3	2	2		5	88
01/03/2025	08			3	2	3		6	84
01/03/2025	09			3	2	2		5	85
01/03/2025	10			3	2	2		5	86
01/03/2025	11			3	2	2		5	85
01/03/2025	12			3	2	2		5	82
01/03/2025	13			3	2	2		5	79
01/03/2025	14			3	2	3		5	79
01/03/2025	15			3	2	2		5	74
01/03/2025	16			3	2	2		5	79
01/03/2025	17			3	2	2		5	79
01/03/2025	18			3	2	2		5	80
01/03/2025	19			3	2	3		5	79
01/03/2025	20			3	2	3		6	78
01/03/2025	21			3	2	2		5	80
01/03/2025	22			3	2	2		5	81
01/03/2025	23			3	2	2		4	79
02/03/2025	00			3	2	2		4	78
02/03/2025	01			3	2	2		4	79
02/03/2025	02			3	2	2		4	81
02/03/2025	03			3	2	1		4	80
02/03/2025	04			3	1	1		4	82
02/03/2025	05			3	2	1		4	81
02/03/2025	06			3	2	1		4	78
02/03/2025	07			3	2	1		4	78
02/03/2025	08			3	2	1		4	77
02/03/2025	09			3	2	1		4	76
02/03/2025	10			3	1	1		4	75
02/03/2025	11			3	2	1		4	74
02/03/2025	12			3	2	2		5	74
02/03/2025	13			3	2	2		4	73
02/03/2025	14			3	2	2		4	76
02/03/2025	15			3	2	2		5	76
02/03/2025	16			3	2	3		5	75
02/03/2025	17			3	2	3		5	75
02/03/2025	18			3	2	2		4	74
02/03/2025	19			3	2	2		4	76
02/03/2025	20			3	2	2		5	75
02/03/2025	21			3	2	2		5	78
02/03/2025	22			3	2	2		4	79
02/03/2025	23			3	2	2		5	78
03/03/2025	00			3	2	2		5	77
03/03/2025	01			3	2	2		5	80
03/03/2025	02			3	2	2		4	81
03/03/2025	03			3	2	2		5	77
03/03/2025	04			3	2	2		4	80
03/03/2025	05			3	2	2		4	82
03/03/2025	06			3	2	2		4	80
03/03/2025	07			3	2	2		4	79
03/03/2025	08			3	2	4		6	72
03/03/2025	09			3	2	4		7	77
03/03/2025	10			3	2	4		7	75
03/03/2025	11			3	2	4		8	
03/03/2025	12			3	2	2		5	80
03/03/2025	13			3	2	3		6	82
03/03/2025	14			3	2	3		6	84
03/03/2025	15			3	2	2		5	83
03/03/2025	16			3	2	2		6	80
03/03/2025	17			3	2	3		6	79
03/03/2025	18			3	2	2		5	82
03/03/2025	19			3	2	2		5	81
03/03/2025	20	7		3	2	2	14	5	78
03/03/2025	21	9	4	3	2	2	21	5	77
03/03/2025	22	8	3	3	2	2	19	5	77
03/03/2025	23	9	3	3	2	2	20	5	77
04/03/2025	00	9		3	2	2	19	5	82
04/03/2025	01	10	2	3	2	2	23	5	84
04/03/2025	02	9	2	3	2	2	18	4	82
04/03/2025	03	9	3	3	2	2	24	5	82
04/03/2025	04	11	5	3	2	2	24	5	80
04/03/2025	05	12	4	3	2	2	23	5	81
04/03/2025	06	15	6	3	2	2	28	5	80
04/03/2025	07	14	7	3	2	2	29	5	76
04/03/2025	08	13	6	3	2	2	24	5	75
04/03/2025	09	12	4	3	2	2	21	4	78
04/03/2025	10	7	4	3	2	2	15	5	79
04/03/2025	11	46					54		
04/03/2025	12	13	8	3	2	2	26	6	76
04/03/2025	13	13	7	3	2	2	24	6	77
04/03/2025	14	12	7	3	2	2	23	5	80
04/03/2025	15	10	7	3	2	2	17	6	78
04/03/2025	16	8	5	3	2	2	13	6	78
04/03/2025	17	10	7	3	2	4	18	7	73
04/03/2025	18	14	8	3	2	4	26	7	74
04/03/2025	19	12	7	3	2	2	23	6	79
04/03/2025	20	11	6	3	2	2	20	5	81
04/03/2025	21	6	4	3	2	2	9	5	80
04/03/2025	22	4	2	3	2	2	7	5	82
04/03/2025	23	4	2	3	2	2	7	5	82
05/03/2025	00	5	2	3	2	2	9	5	82
05/03/2025	01	3	1	3	2	2	6	5	80
05/03/2025	02	3	2	3	2	2	5	4	77
05/03/2025	03	12	7	3	2	2	16	5	78
05/03/2025	04	10	4	3	2	2	20	5	85
05/03/2025	05	7	4	3	2	2	11	5	85
05/03/2025	06	6	4	3	2	2	10	5	84
05/03/2025	07	6	3	3	2	2	11	5	81
05/03/2025	08	5	3	3	2	2	10	5	82
05/03/2025	09	5	3	3	2	3	10	6	79
05/03/2025	10	3	2	3	2	2	5	5	83
05/03/2025	11	2	2	3	2	2	4	5	84
05/03/2025	12	3	2	3	2	2	3	5	81
05/03/2025	13	1	1	3	2	3	2	6	81
05/03/2025	14	2	2	3	2	2	3	5	83
05/03/2025	15	2	2	3	2	2	2	5	84
05/03/2025	16	1	1	3	2	2	2	5	83
05/03/2025	17	2	1	3	2	3	2	6	82
05/03/2025	18	2	2	3	2	2	3	5	82
05/03/2025	19	3	2	3	2	2	4	5	84
05/03/2025	20	4	3	3	2	2	5	5	86
05/03/2025	21	8	6	3	2	2	9	5	84
05/03/2025	22	6	5	3	2	2	8	5	84
05/03/2025	23	3	2	3	2	2	4	4	85
06/03/2025	00	4	2	3	2	2	7	5	85
06/03/2025	01	3	1	3	2	2	5	4	86
06/03/2025	02	3	2	3	2	2	5	4	86
06/03/2025	03	2	1	3	2	2	3	5	85
06/03/2025	04	1	1	3	2	2	2	5	84
06/03/2025	05	4	2	3	2	2	7	4	85
06/03/2025	06	5	3	3	2	2	10	5	83
06/03/2025	07	9	4	3	2	2	17	5	83
06/03/2025	08	9	5	3	2	2	18	5	80
06/03/2025	09	11	7	3	2	3	20	6	79
06/03/2025	10	13	7	3	2	2	25	5	80
06/03/2025	11	15	9	3	2	3	28	6	80
06/03/2025	12	15	8	3	2	2	33	6	82
06/03/2025	13	17	9	3	2	3	36	6	82
06/03/2025	14	18	9	3	2	2	37	6	79
06/03/2025	15	15	8	3	2	2	31	6	79
06/03/2025	16	15	8	3	2	3	28	6	79
06/03/2025	17	14	8	3	2	3	27	6	78
06/03/2025	18	17	9	3	2	4	33	7	77
06/03/2025	19	20	12	3	2	5	36	8	71
06/03/2025	20	16	8	3	2	3	30	6	77
06/03/2025	21	15	7	3	2	2	28	5	79
06/03/2025	22	21	12	3	2	3	36	6	76
06/03/2025	23	16	8	3	2	3	31	6	77
07/03/2025	00	16	8	3	2	2	31	5	74
07/03/2025	01	14	7	3	2	2	27	5	79
07/03/2025	02	15	7	3	2	2	27	5	71
07/03/2025	03	14	7	3	2	2	29	5	73
07/03/2025	04	15	7	3	2	2	27	5	67
07/03/2025	05	13	7	3	2	3	23	6	58
07/03/2025	06	9	5	3	2	3	17	6	69
07/03/2025	07	9	4	3	2	5	17	8	67
07/03/2025	08	14	9	3	2	4	24	7	62
07/03/2025	09	11	6	3	2	5	22	8	64
07/03/2025	10	8	4	3	2	2	16	5	79
07/03/2025	11	8	4	3	2	2	15	4	80
07/03/2025	12	6	3	3	2	3	14	6	78
07/03/2025	13	8	4	3	2	2	15	5	82
07/03/2025	14	6	4	3	2	2	13	5	82
07/03/2025	15	6	4	3	2	4	10	6	79
07/03/2025	16	5	4	3	2	3	8	6	79
07/03/2025	17	6	5	3	2	3	8	6	78
07/03/2025	18	6	5	3	2	4	8	7	74
07/03/2025	19	8	7	3	2	5	11	7	68
07/03/2025	20	9	8	3	2	4	11	7	74
07/03/2025	21	8	7	3	2	4	10	7	75
07/03/2025	22	7	6	3	2	3	8	6	75
07/03/2025	23	6	6	3	2	2	8	4	75
08/03/2025	00	7	6	3	2	2	11	4	73
08/03/2025	01	7	4	3	2	1	12	4	71
08/03/2025	02	8	5	3	1	1	17	4	67
08/03/2025	03	9	4	3	2	2	19	4	68
08/03/2025	04	8	4	3	2	1	18	4	66
08/03/2025	05	8	4	3	2	1	17	4	66
08/03/2025	06	8	4	3	1	1	17	4	68
08/03/2025	07	7	4	3	2	1	15	4	72
08/03/2025	08	10	5	3	2	1	17	4	70
08/03/2025	09	8	4	3	2	2	15	4	72
08/03/2025	10	7	3	3	2	1	15	4	74
08/03/2025	11	8	4	3	2	2	18	4	78
08/03/2025	12	8	3	3	2	2	18	4	80
08/03/2025	13	9	5	3	2	2	19	4	79
08/03/2025	14	11	5	3	2	2	20	4	82
08/03/2025	15	11	6	3	2	2	21	4	85
08/03/2025	16	11	6	3	2	2	22	4	86
08/03/2025	17	12	6	3	2	2	25	4	88
08/03/2025	18	13	6	3	2	2	25	4	86
08/03/2025	19	4	2	3	1	1	9	3	90
08/03/2025	20	2	2	3	1	1	4	4	92
08/03/2025	21	3	3	3	1	1	4	3	85
08/03/2025	22	5	5	3	1	1	6	3	80
08/03/2025	23	7	6	3	1	2	7	4	72
09/03/2025	00	1	1	3	1	1	2	3	79
09/03/2025	01	1	1	3	1	1	2	3	89
09/03/2025	02	1	1	3	1	1	2	3	89
09/03/2025	03	1	1	3	1	1	1	3	90
09/03/2025	04	1	1	3	1	1	1	3	91
09/03/2025	05	1	1	3	1	1	1	2	89
09/03/2025	06	1	1	3	1	1	1	2	83
09/03/2025	07	1	1	3	1	1	1	2	84
09/03/2025	08	1	1	3	1	1	2	2	80
09/03/2025	09	1	1	3	1	1	2	2	85
09/03/2025	10	1	1	3	1	1	1	2	89
09/03/2025	11	1	1	3	1	1	1	3	92
09/03/2025	12	1	1	3	1	1	1	3	91
09/03/2025	13	1	1	3	1	1	1	4	89
09/03/2025	14	1	1	3	2	1	1	4	90
09/03/2025	15	1	1	3	2	2	1	4	90
09/03/2025	16	1	1	3	2	2	1	4	90
09/03/2025	17	1	1	3	2	2	1	4	88
09/03/2025	18	1	1	3	2	2	1	4	81
09/03/2025	19	1	1	3	2	2	1	4	78
09/03/2025	20	1	1	3	1	1	1	4	82
09/03/2025	21	1	1	3	1	1	1	3	75
09/03/2025	22	1	1	3	1	1	1	3	66
09/03/2025	23	1	1	3	1	1	1	3	53
10/03/2025	00	1	1	3	1	1	1	2	65
10/03/2025	01	1	1	3	1	1	1	2	60
10/03/2025	02	1	1	3	1	1	3	2	43
10/03/2025	03	1	1	3	1	1	2	2	69
10/03/2025	04	2	1	3	1	1	3	2	59
10/03/2025	05	2	1	3	1	1	4	2	56
10/03/2025	06	1	1	3	1	1	3	2	55
10/03/2025	07	1	1	3	1	1	3	2	56
10/03/2025	08	2	1	3	1	1	3	2	51
10/03/2025	09	2	2	3	1	2	3	3	56
10/03/2025	10	1	1	3	1	1	1	2	79
10/03/2025	11	1	1	3	1	1	1	3	79
10/03/2025	12	1	1	3	1	1	1	3	80
10/03/2025	13	1	1	3	1	1	1	3	83
10/03/2025	14	1	1	3	1	1	1	3	84
10/03/2025	15	1	1	3	1	1	1	4	87
10/03/2025	16	1	1	3	2	2	1	4	89
10/03/2025	17	1	1	3	2	2	1	4	86
10/03/2025	18	1	1	3	2	2	1	4	82
10/03/2025	19	1	1	3	2	2	1	4	69
10/03/2025	20	1	1	3	1	4	2	6	51
10/03/2025	21	1	1	3	1	2	2	4	74
10/03/2025	22	1	1	3	1	1	2	3	67
10/03/2025	23	1	1	3	1	1	2	3	76
11/03/2025	00	1	1	3	1	1	2	3	87
11/03/2025	01	1	1	3	1	1	1	3	89
11/03/2025	02	1	1	3	1	1	1	3	86
11/03/2025	03	1	1	3	1	1	1	3	83
11/03/2025	04	1	1	3	1	1	1	3	85
11/03/2025	05	1	1	3	1	1	1	2	79
11/03/2025	06	1	1	3	1	1	1	2	76
11/03/2025	07	1	1	3	1	1	1	2	78
11/03/2025	08	1	1	3	1	1	1	2	81
11/03/2025	09	1	1	3	1	1	1	2	87
11/03/2025	10	1	1	3	1	1	1	2	88
11/03/2025	11	1	1	3	1	1	2	3	87
11/03/2025	12	1	1	3	1	1	1	3	88
11/03/2025	13	1	1	3	1	2	2	4	90
11/03/2025	14	1	1	3	1	2	2	4	88
11/03/2025	15	1	1	3	2	3	3	6	99
11/03/2025	16	1	1	3	2	3	2	6	106
11/03/2025	17	1	1	3	2	3	2	6	95
11/03/2025	18	1	1	3	2	2	2	5	98
11/03/2025	19	1	1	3	2	2	1	5	92
11/03/2025	20	1	1	3	2	2	1	5	88
11/03/2025	21	1	1	3	2	2	2	5	88
11/03/2025	22	1	1	3	2	2	1	5	85
11/03/2025	23	2	2	3	2	2	3	4	77
12/03/2025	00	3	3	3	2	3	4	5	68
12/03/2025	01	1	1	3	2	2	2	5	69
12/03/2025	02	1	1	3	2	2	2	5	69
12/03/2025	03	1	1	3	2	2	2	5	70
12/03/2025	04	2	2	3	2	2	3	5	72
12/03/2025	05	3	2	3	2	2	3	4	69
12/03/2025	06	3	3	3	2	2	4	5	69
12/03/2025	07	3	3	3	2	2	4	5	62
12/03/2025	08	4	4	3	2	1	4	4	63
12/03/2025	09	3	3	3	2	2	3	4	66
12/03/2025	10	2	2	3	2	2	2	4	71
12/03/2025	11	2	1	3	2	2	2	5	74
12/03/2025	12	1	1	3	2	2	2	5	78
12/03/2025	13	1	1	3	2	3	2	6	84
12/03/2025	14	1	1	3	2	3	1	6	86
12/03/2025	15	1	1	3	2	3	1	6	85
12/03/2025	16	1	1	3	2	3	1	6	86
12/03/2025	17	2	1	3	2	3	2	6	81
12/03/2025	18	3	2	3	2	3	4	6	78
12/03/2025	19	3	2	3	2	2	5	5	78
12/03/2025	20	4	3	3	2	2	5	5	78
12/03/2025	21	3	2	3	2	2	5	5	80
12/03/2025	22	3	2	3	2	2	5	5	80
12/03/2025	23	3	2	3	2	2	5	4	72
13/03/2025	00	3	2	3	2	2	5	5	69
13/03/2025	01	4	2	3	2	2	6	4	67
13/03/2025	02	4	2	3	2	2	6	4	62
13/03/2025	03	4	2	3	1	1	7	3	67
13/03/2025	04	4	2	3	1	1	7	3	65
13/03/2025	05	5	3	3	1	1	7	2	64
13/03/2025	06	5	3	3	1	1	8	2	56
13/03/2025	07	9	7	3	1	2	18	4	36
13/03/2025	08	8	5	3	1	8	19	10	
13/03/2025	09	6	4	3	1	4	12	6	
13/03/2025	10	6	3	3	1	1	11	3	
13/03/2025	11	7	5	3	1	2	11	3	62
13/03/2025	12	8	6	3	1	4	11	6	62
13/03/2025	13	7	5	3	1	6	10	8	67
13/03/2025	14	2	1	3	1	2	3	4	82
13/03/2025	15	1	1	3	1	1	3	3	87
13/03/2025	16	3	2	3	1	2	3	4	84
13/03/2025	17	1	1	3	1	1	2	3	83
13/03/2025	18	1	1	3	1	1	1	3	95
13/03/2025	19	1	1	3	1	1	1	3	95
13/03/2025	20	1	1	3	1	1	1	3	94
13/03/2025	21	1	1	3	1	1	1	3	88
13/03/2025	22	1	1	3	1	1	1	3	81
13/03/2025	23	2	1	3	1	1	2	3	83
14/03/2025	00	1	1	3	1	1	1	2	89
14/03/2025	01	1	1	3	1	1	1	3	83
14/03/2025	02	1	1	3	1	1	1	2	74
14/03/2025	03	1	1	3	1	1	1	2	72
14/03/2025	04	1	1	3	1	1	1	3	73
14/03/2025	05	1	1	3	1	1	1	2	75
14/03/2025	06	1	1	3	1	1	1	2	71
14/03/2025	07	1	1	3	1	1	2	2	72
14/03/2025	08	1	1	3	1	1	2	2	68
14/03/2025	09	1	1	3	1	1	2	2	70
14/03/2025	10	1	1	3	1	1	1	2	68
14/03/2025	11	1	1	3	1	1	1	2	72
14/03/2025	12	1	1	3	1	1	2	2	72
14/03/2025	13	1	1	3	1	1	3	2	73
14/03/2025	14	1	1	3	1	1	2	2	74
14/03/2025	15	1	1	3	1	1	1	2	77
14/03/2025	16	1	1	3	1	1	1	2	77
14/03/2025	17	1	1	3	1	1	2	2	78
14/03/2025	18	1	1	3	1	1	1	2	78
14/03/2025	19	2	2	3	1	1	2	2	78
14/03/2025	20	3	2	3	1	1	3	2	78
14/03/2025	21	3	2	3	1	1	3	2	81
14/03/2025	22	3	3	3	1	1	4	2	82
14/03/2025	23	4	3	3	1	1	5	2	84
15/03/2025	00	4	4	3	1	1	5	2	83
15/03/2025	01	5	4	3	1	1	6	2	80
15/03/2025	02	5	4	3	1	1	6	2	78
15/03/2025	03	5	4	3	1	1	6	2	76
15/03/2025	04	5	4	3	1	1	6	2	74
15/03/2025	05	4	4	3	1	1	5	2	71
15/03/2025	06	3	3	3	1	1	4	2	70
15/03/2025	07	2	2	3	1	1	3	2	80
15/03/2025	08	2	1	3	1	1	2	2	83
15/03/2025	09	2	1	3	1	1	2	2	82
15/03/2025	10	1	1	3	1	1	1	2	84
15/03/2025	11	3	3	3	1	1	3	2	84
15/03/2025	12	6	6	3	1	1	6	2	87
15/03/2025	13	1	1	3	1	1	1	3	91
15/03/2025	14	1	1	3	1	1	1	3	93
15/03/2025	15	1	1	3	1	1	1	3	95
15/03/2025	16	1	1	3	1	1	1	3	93
15/03/2025	17	1	1	3	1	1	1	3	92
15/03/2025	18	1	1	3	1	1	1	4	89
15/03/2025	19	1	1	3	1	1	2	3	86
15/03/2025	20	1	1	3	1	1	2	3	76
15/03/2025	21	2	2	3	1	1	3	2	70
15/03/2025	22	2	2	3	1	1	4	2	59
15/03/2025	23	3	2	3	1	1	4	2	61
16/03/2025	00	3	3	3	1	1	5	2	52
16/03/2025	01	2	2	3	1	1	4	2	57
16/03/2025	02	3	2	3	1	1	4	2	43
16/03/2025	03	3	3	3	1	1	5	2	36
16/03/2025	04	4	3	3	1	1	5	2	39
16/03/2025	05	4	3	3	1	1	5	2	48
16/03/2025	06	4	3	3	1	1	5	2	34
16/03/2025	07	4	3	3	1	1	6	2	45
16/03/2025	08	2	2	3	1	1	4	2	69
16/03/2025	09	2	2	3	1	1	3	2	73
16/03/2025	10	1	1	3	1	1	2	2	73
16/03/2025	11	1	1	3	1	1	1	2	80
16/03/2025	12	1	1	3	1	1	1	2	79
16/03/2025	13	1	1	3	1	1	1	2	80
16/03/2025	14	1	1	3	1	1	1	2	84
16/03/2025	15	1	1	3	1	1	1	3	86
16/03/2025	16	1	1	3	1	1	1	3	89
16/03/2025	17	1	1	3	1	1	1	3	87
16/03/2025	18	1	1	3	1	1	1	3	87
16/03/2025	19	1	1	3	1	1	1	3	86
16/03/2025	20	1	1	3	1	1	1	3	82
16/03/2025	21	1	1	3	1	1	1	2	62
16/03/2025	22	1	1	3	1	1	1	2	56
16/03/2025	23	1	1	3	1	1	2	2	57
17/03/2025	00	1	1	3	1	1	2	2	56
17/03/2025	01	1	1	3	1	1	2	2	44
17/03/2025	02	2	2	3	1	1	3	2	38
17/03/2025	03	2	2	3	1	1	3	2	35
17/03/2025	04	1	1	3	1	1	2	2	35
17/03/2025	05	2	1	3	1	1	2	2	56
17/03/2025	06	2	1	3	1	1	2	2	55
17/03/2025	10	3	3	3	1	1	4	3	50
17/03/2025	11	2	2	3	1	2	3	3	65
17/03/2025	12	3	3	3	1	3	4	5	54
17/03/2025	13	2	2	3	1	3	3	5	63
17/03/2025	14	4	4	3	1	3	5	5	63
17/03/2025	15	5	5	3	1	2	5	4	66
17/03/2025	16	6	6	3	1	3	7	5	61
17/03/2025	17	10	8	3	1	2	10	4	66
17/03/2025	18	11	10	3	1	2	13	4	67
17/03/2025	19	8	7	3	1	2	9	4	67
17/03/2025	20	7	6	3	1	2	8	3	70
17/03/2025	21	10	9	3	1	2	11	4	71
17/03/2025	22	7	6	3	1	1	9	3	74
17/03/2025	23	7	5	3	1	1	9	2	76
18/03/2025	00	6	5	3	1	1	8	2	72
18/03/2025	01	5	4	3	1	1	6	2	70
18/03/2025	02	5	4	3	1	1	5	2	74
18/03/2025	03	5	4	3	1	1	6	2	74
18/03/2025	04	3	2	3	1	1	4	2	74
18/03/2025	05	4	3	3	1	1	5	2	78
18/03/2025	06	2	2	3	1	1	2	3	78
18/03/2025	07	1	1	3	1	1	2	2	78
18/03/2025	08	3	3	3	1	2	4	4	75
18/03/2025	09	5	5	3	1	2	6	4	75
18/03/2025	10	4	4	3	1	1	4	3	74
18/03/2025	11	2	2	3	1	1	3	3	73
18/03/2025	12	2	1	3	1	1	3	3	75
18/03/2025	13	3	2	3	1	1	4	3	78
18/03/2025	14	4	4	3	1	2	5	4	79
18/03/2025	15	4	4	3	1	2	4	3	78
18/03/2025	16	4	4	3	1	3	5	5	80
18/03/2025	17	5	5	3	1	1	6	3	82
18/03/2025	18	4	4	3	1	2	5	4	81
18/03/2025	19	4	4	3	1	1	5	3	83
18/03/2025	20	4	4	3	1	1	5	3	83
18/03/2025	21	4	4	3	1	1	5	3	79
18/03/2025	22	2	2	3	1	2	2	4	79
18/03/2025	23	5	3	3	1	2	6	3	80
19/03/2025	00	2	2	3	1	1	3	3	75
19/03/2025	01	1	1	3	1	1	1	3	78
19/03/2025	02	1	1	3	1	1	1	3	77
19/03/2025	03	1	1	3	1	1	1	3	75
19/03/2025	04	1	1	3	1	1	1	3	79
19/03/2025	05	1	1	3	1	1	1	3	80
19/03/2025	06	1	1	3	1	1	2	3	73
19/03/2025	07	2	1	3	1	1	2	3	72
19/03/2025	08	2	2	3	1	1	3	3	76
19/03/2025	09	1	1	3	1	1	1	3	82
19/03/2025	10	1	1	3	2	1	1	4	82
19/03/2025	11	1	1	3	2	2	1	5	83
19/03/2025	12	1	1	3	2	2	2	5	88
19/03/2025	13	3	2	3	2	2	4	5	91
19/03/2025	14	4	2	3	2	2	5	5	89
19/03/2025	15	5	3	3	2	2	7	5	93
19/03/2025	16	6	4	3	2	2	9	5	93
19/03/2025	17	7	4	3	2	3	10	6	94
19/03/2025	18	10	6	3	2	4	16	6	86
19/03/2025	19	10	5	3	2	3	15	5	86
19/03/2025	20	11	7	3	2	2	17	5	90
19/03/2025	21	8	4	3	2	2	14	5	91
19/03/2025	22	8	4	3	2	2	14	5	94
19/03/2025	23	8	4	3	2	2	12	5	94
20/03/2025	00	8	4	3	2	2	13	4	95
20/03/2025	01	7	3	3	2	2	12	4	96
20/03/2025	02	7	3	3	2	2	12	4	97
20/03/2025	03	8	3	3	2	2	15	4	97
20/03/2025	04	8	3	3	2	1	15	4	97
20/03/2025	05	8	3	3	2	2	17	4	95
20/03/2025	06	8	3	3	2	1	17	4	93
20/03/2025	07	8	3	3	1	1	15	4	91
20/03/2025	08	9	4	3	1	1	16	4	86
20/03/2025	09	8	4	3	2	2	16	4	85
20/03/2025	10	11	5	3	2	2	23	4	86
20/03/2025	11	13	6	3	2	2	29	5	83
20/03/2025	12	13	5	3	2	2	32	5	85
20/03/2025	13	17	6	3	2	2	45	5	87
20/03/2025	14	20	7	3	2	2	55	5	88
20/03/2025	15	21	7	3	2	2	65	5	88
20/03/2025	16	23	7	3	2	2	70	5	88
20/03/2025	17	26	8	3	2	4	85	6	85
20/03/2025	18	31	10	3	2	5	96	8	81
20/03/2025	19	34	10	3	2	6	104	9	74
20/03/2025	20	40	10	3	2	5	128	8	67
20/03/2025	21	42	11	3	2	5	141	8	62
20/03/2025	22	52	8	3	2	3	205	6	73
20/03/2025	23	52	7	3	2	2	213	5	76
21/03/2025	00	47	7	3	2	2	187	5	72
21/03/2025	01	49	6	3	2	2	203	5	74
21/03/2025	02	49	6	3	2	2	218	4	72
21/03/2025	03	46	5	3	2	2	213	4	72
21/03/2025	04	40	5	3	2	2	166	5	66
21/03/2025	05	30	5	3	2	2	94	5	61
21/03/2025	06	14	2	3	2	2	37	5	80
21/03/2025	07	16	4	3	2	5	41	8	63
21/03/2025	08	12	3	3	5	6	32	13	71
21/03/2025	09	3	1	3	2	2	6	5	85
21/03/2025	10	1	1	3	2	2	2	5	97
21/03/2025	11	1	1	3	2	2	1	5	95
21/03/2025	12	1	1	3	2	2	1	4	95
21/03/2025	13	1	1	3	2	2	2	5	93
21/03/2025	14	1	1	3	2	3	2	5	93
21/03/2025	15	1	1	3	2	2	2	5	92
21/03/2025	16	1	1	3	2	2	3	5	91
21/03/2025	17	1	1	3	2	2	3	5	92
21/03/2025	18	2	1	3	2	2	4	5	92
21/03/2025	19	2	1	3	2	2	4	5	87
21/03/2025	20	2	1	3	2	2	5	5	86
21/03/2025	21	2	1	3	2	2	4	5	81
21/03/2025	22	1	1	3	2	2	3	5	85
21/03/2025	23	1	1	3	2	2	2	5	85
22/03/2025	00	1	1	3	2	2	2	4	84
22/03/2025	01	1	1	3	2	2	2	5	79
22/03/2025	02	1	1	3	2	2	1	4	79
22/03/2025	03	1	1	3	2	2	1	4	90
22/03/2025	04	1	1	3	1	1	1	4	96
22/03/2025	05	1	1	3	1	1	1	3	89
22/03/2025	06	2	1	3	1	1	3	3	87
22/03/2025	07	3	1	3	1	1	5	3	86
22/03/2025	08	3	1	3	1	1	6	2	89
22/03/2025	09	3	1	3	1	1	6	2	91
22/03/2025	10	3	1	3	1	1	6	2	93
22/03/2025	11	3	1	3	1	1	5	3	89
22/03/2025	12	2	1	3	1	1	3	3	87
22/03/2025	13	1	1	3	1	2	2	3	85
22/03/2025	14	1	1	3	1	2	1	3	82
22/03/2025	15	1	1	3	1	1	1	3	79
22/03/2025	16	1	1	3	1	1	2	3	77
22/03/2025	17	1	1	3	1	1	2	3	77
22/03/2025	18	1	1	3	1	1	2	3	79
22/03/2025	19	1	1	3	1	1	1	3	81
22/03/2025	20	1	1	3	1	1	1	3	83
22/03/2025	21	1	1	3	1	1	1	3	82
22/03/2025	22	1	1	3	1	1	1	3	79
22/03/2025	23	1	1	3	1	1	1	2	82
23/03/2025	00	1	1	3	1	1	1	2	83
23/03/2025	01	1	1	3	1	1	1	2	84
23/03/2025	02	1	1	3	1	1	1	2	80
23/03/2025	03	1	1	3	1	1	1	2	81
23/03/2025	04	2	1	3	1	1	3	2	80
23/03/2025	05	1	1	3	1	1	2	2	81
23/03/2025	06	1	1	3	1	1	2	2	81
23/03/2025	07	2	1	3	1	1	3	2	75
23/03/2025	08	2	1	3	1	1	4	2	73
23/03/2025	09	3	1	3	1	1	5	2	74
23/03/2025	10	2	1	3	1	1	4	2	77
23/03/2025	11	2	1	3	1	1	3	2	79
23/03/2025	12	1	1	3	1	1	2	3	82
23/03/2025	13	1	1	3	1	1	2	4	84
23/03/2025	14	1	1	3	1	1	2	3	87
23/03/2025	15	1	1	3	1	2	2	4	88
23/03/2025	16	1	1	3	2	2	2	5	90
23/03/2025	17	1	1	3	2	2	2	5	89
23/03/2025	18	1	1	3	2	2	2	4	85
23/03/2025	19	1	1	3	2	2	2	4	76
23/03/2025	20	1	1	3	2	2	1	4	71
23/03/2025	21	1	1	3	1	1	1	4	63
23/03/2025	22	1	1	3	1	1	1	3	52
23/03/2025	23	1	1	3	1	1	1	3	53
24/03/2025	00	1	1	3	1	1	1	3	66
24/03/2025	01	1	1	3	1	1	1	3	52
24/03/2025	02	1	1	3	1	1	1	3	49
24/03/2025	03	1	1	3	1	1	1	3	54
24/03/2025	04	1	1	3	1	1	1	3	51
24/03/2025	05	1	1	3	1	1	2	3	61
24/03/2025	06	1	1	3	1	1	3	2	56
24/03/2025	07	1	1	3	1	1	2	2	52
24/03/2025	08	2	2	3	1	1	3	2	62
24/03/2025	09	4	3	3	1	1	5	2	69
24/03/2025	10	1	1	3	1	1	1	2	75
24/03/2025	11	1	1	3	1	1	1	3	79
24/03/2025	12	1	1	3	2	2	1	4	85
24/03/2025	13	1	1	3	2	2	1	4	87
24/03/2025	14	1	1	3	2	2	1	4	86
24/03/2025	15	1	1	3	2	2	1	5	83
24/03/2025	16	1	1	3	2	2	1	5	78
24/03/2025	17	1	1	3	2	2	1	4	73
24/03/2025	18	1	1	3	2	2	1	4	71
24/03/2025	19	1	1	3	2	1	1	4	61
24/03/2025	20	1	1	3	2	1	1	4	67
24/03/2025	21	1	1	3	2	2	1	4	65
24/03/2025	22	1	1	3	1	1	1	4	62
24/03/2025	23	1	1	3	1	1	1	3	54
25/03/2025	00	1	1	3	1	1	1	3	58
25/03/2025	01	1	1	3	1	1	1	3	68
25/03/2025	02	1	1	3	1	1	1	3	74
25/03/2025	03	1	1	3	1	1	1	3	70
25/03/2025	04	1	1	3	1	1	1	3	62
25/03/2025	05	1	1	3	1	1	1	3	62
25/03/2025	06	1	1	3	1	1	1	3	53
25/03/2025	07	1	1	3	1	1	1	2	57
25/03/2025	08	2	2	3	1	1	3	2	70
25/03/2025	09	1	1	3	1	1	2	2	71
25/03/2025	10	1	1	3	1	1	4	2	72
25/03/2025	11	1	1	3	1	1	2	3	78
25/03/2025	12	1	1	3	2	2	1	4	78
25/03/2025	13	1	1	3	2	2	2	5	81
25/03/2025	14	1	1	3	2	2	1	5	83
25/03/2025	15	1	1	3	2	2	1	5	85
25/03/2025	16	1	1	3	2	2	1	5	84
25/03/2025	17	3	2	3	2	4	6	7	77
25/03/2025	18	3	2	3	2	4	4	6	80
25/03/2025	19	2	2	3	2	3	5	6	76
25/03/2025	20	2	1	3	2	2	3	5	64
25/03/2025	21	1	1	3	2	1	1	4	69
25/03/2025	22	2	2	3	1	1	2	4	51
25/03/2025	23	6	5	3	1	2	6	4	47
26/03/2025	00	1	1	3	1	1	1	3	70
26/03/2025	01	2	1	3	1	1	3	3	65
26/03/2025	02	2	2	3	1	1	3	3	68
26/03/2025	03	2	2	3	1	1	4	2	73
26/03/2025	04	3	2	3	1	1	4	2	67
26/03/2025	05	3	2	3	1	1	4	2	69
26/03/2025	06	3	3	3	1	1	5	2	71
26/03/2025	07	3	3	3	1	1	5	2	70
26/03/2025	08	3	3	3	1	1	7	2	73
26/03/2025	09	3	2	3	1	1	5	3	77
26/03/2025	10	2	1	3	1	1	3	3	83
26/03/2025	11	2	1	3	2	2	3	4	85
26/03/2025	12	2	1	3	2	2	3	4	82
26/03/2025	13	2	1	3	2	2	3	5	83
26/03/2025	14	2	1	3	2	2	3	5	85
26/03/2025	15	1	1	3	2	2	3	5	86
26/03/2025	16	1	1	3	2	2	2	5	86
26/03/2025	17	1	1	3	2	2	3	5	87
26/03/2025	18	1	1	3	2	2	4	5	86
26/03/2025	19	1	1	3	2	2	4	4	77
26/03/2025	20	1	1	3	2	2	2	5	75
26/03/2025	21	1	1	3	2	2	2	4	73
26/03/2025	22	1	1	3	2	1	3	4	72
26/03/2025	23	1	1	3	2	2	3	4	73
27/03/2025	00	2	2	3	1	1	4	4	75
27/03/2025	01	4	3	3	1	1	6	3	77
27/03/2025	02	5	4	3	1	1	7	4	74
27/03/2025	03	5	4	3	1	1	7	3	76
27/03/2025	04	5	4	3	1	1	8	3	65
27/03/2025	05	4	3	3	1	1	6	3	70
27/03/2025	06	4	3	3	1	1	7	2	73
27/03/2025	07	5	4				9		
27/03/2025	08	7	5				19		
27/03/2025	09	8	7				14		
27/03/2025	10	5	4				9		
27/03/2025	11	7	6	3	1	2	11	4	88
27/03/2025	12	4	3	3	1	2	8	4	88
27/03/2025	13	3	3	3	2	2	6	5	89
27/03/2025	14	4	3	3	2	2	5	5	89
27/03/2025	15	4	3	3	2	2	6	4	90
27/03/2025	16	4	3	3	2	2	6	4	88
27/03/2025	17	3	3	3	2	2	5	5	85
27/03/2025	18	4	3	3	2	2	6	4	80
27/03/2025	19	4	3	3	2	2	6	4	73
27/03/2025	20	5	4	3	2	2	9	4	74
27/03/2025	21	9	7	3	2	2	17	4	78
27/03/2025	22	10	8	3	1	1	19	4	72
27/03/2025	23	4	4	3	1	2	8	4	71
28/03/2025	00	1	1	3	1	1	2	3	68
28/03/2025	01	2	1	3	1	1	2	3	67
28/03/2025	02	3	2	3	1	1	4	3	57
28/03/2025	03	3	3	3	1	1	4	3	57
28/03/2025	04	3	2	3	1	1	3	3	60
28/03/2025	05	2	2	3	1	1	3	3	61
28/03/2025	06	3	2	3	1	1	5	2	61
28/03/2025	07	4	3	3	1	1	8	2	60
28/03/2025	08	5	4	3	1	1	9	2	62
28/03/2025	09	4	3	3	1	1	9	2	76
28/03/2025	10	3	3	3	1	1	6	3	89
28/03/2025	11	3	2	3	2	1	5	4	89
28/03/2025	12	3	2	3	2	2	6	4	87
28/03/2025	13	2	2	3	2	2	6	5	91
28/03/2025	14	2	2	3	2	2	5	5	92
28/03/2025	15	2	1	3	2	2	5	5	95
28/03/2025	16	2	1	3	2	2	5	5	95
28/03/2025	17	2	1	3	2	2	5	5	94
28/03/2025	18	2	1	3	2	2	4	5	93
28/03/2025	19	2	2	3	2	2	6	5	87
28/03/2025	20	2	1	3	2	2	5	5	85
28/03/2025	21	2	1	3	2	2	4	4	88
28/03/2025	22	2	2	3	2	2	4	4	79
28/03/2025	23	5	4	3	2	2	7	4	66
29/03/2025	00	4	3	3	1	1	6	4	74
29/03/2025	01	4	3	3	1	1	6	4	82
29/03/2025	02	3	2	3	1	1	6	3	86
29/03/2025	03	2	2	3	1	1	4	3	86
29/03/2025	04	2	1	3	1	1	2	3	86
29/03/2025	05	1	1	3	1	1	2	3	83
29/03/2025	06	2	1	3	1	1	3	3	75
29/03/2025	07	1	1	3	1	1	3	3	82
29/03/2025	08	1	1	3	1	1	3	3	76
29/03/2025	09	1	1	3	1	1	2	3	77
29/03/2025	10	1	1	3	1	1	4	3	95
29/03/2025	11	1	1	3	1	2	3	4	96
29/03/2025	12	1	1	3	2	2	5	5	97
29/03/2025	13	1	1	3	2	2	7	5	100
29/03/2025	14	1	1	3	2	2	6	5	101
29/03/2025	15	1	1	3	2	2	6	5	101
29/03/2025	16	1	1	3	2	2	5	5	99
29/03/2025	17	1	1	3	2	2	7	5	96
29/03/2025	18	2	1	3	2	2	6	5	94
29/03/2025	19	2	1	3	2	2	5	4	91
29/03/2025	20	1	1	3	2	1	4	4	91
29/03/2025	21	1	1	3	1	1	4	3	91
29/03/2025	22	1	1	3	1	1	4	3	90
29/03/2025	23	1	1	3	1	1	4	3	90
30/03/2025	00	2	1	3	1	1	5	2	88
30/03/2025	01	2	1	3	1	1	4	2	87
30/03/2025	02	2	1	3	1	1	4	2	86
30/03/2025	03	2	1	3	1	1	4	2	84
30/03/2025	04	2	1	3	1	1	4	2	81
30/03/2025	05	2	1	3	1	1	4	2	80
30/03/2025	06	2	1	3	1	1	4	2	79
30/03/2025	07	2	1	3	1	1	4	2	79
30/03/2025	08	3	1	3	1	1	5	2	79
30/03/2025	09	5	3	3	1	1	7	2	81
30/03/2025	10	2	1	3	1	1	5	3	86
30/03/2025	11	2	1	3	1	1	5	3	88
30/03/2025	12	2	1	3	2	2	5	4	90
30/03/2025	13	2	1	3	2	2	6	5	92
30/03/2025	14	2	1	3	2	2	4	5	94
30/03/2025	15	1	1	3	2	2	3	4	95
30/03/2025	16	2	1	3	2	2	4	4	96
30/03/2025	17	1	1	3	2	2	5	4	95
30/03/2025	18	1	1	3	2	2	6	5	91
30/03/2025	19	1	1	3	2	2	5	4	82
30/03/2025	20	2	1	3	2	2	5	4	77
30/03/2025	21	2	1	3	2	2	6	4	62
30/03/2025	22	3	2	3	1	1	9	4	47
30/03/2025	23	5	3	3	1	1	9	3	48
31/03/2025	00	3	2	3	1	1	8	3	56
31/03/2025	01	2	1	3	2	1	6	4	56
31/03/2025	02	2	1	3	1	1	5	3	59
31/03/2025	03	2	1	3	1	1	5	3	45
31/03/2025	04	2	1	3	1	1	5	3	53
31/03/2025	05	2	1	3	1	1	5	2	53
31/03/2025	06	2	1	3	1	3	5	5	36
31/03/2025	07	3	2	3	1	3	9	5	33
31/03/2025	08	13	11	3	1	4	22	6	37
31/03/2025	09	29	18	3	1	6	58	8	60
31/03/2025	10	3	2	3	1	2	9	5	82
31/03/2025	11	4	2	3	2	2	13	4	74
31/03/2025	12	4	3	3	2	2	10	5	85
31/03/2025	13	4	3	3	2	2	8	5	91
31/03/2025	14	3	2	3	2	2	5	4	94
31/03/2025	15	2	1	3	2	2	5	5	96
31/03/2025	16	3	2	3	2	2	8	4	98
31/03/2025	17	2	1	3	2	2	7	4	98
31/03/2025	18	2	1	3	2	2	7	5	95
31/03/2025	19	2	1	3	2	4	6	7	76
31/03/2025	20	6	4	3	2	5	13	8	70
31/03/2025	21	6	4	3	2	3	17	6	76
31/03/2025	22	7	5	3	2	2	18	5	92
31/03/2025	23	7	5	3	2	2	17	5	90
01/04/2025	00	6	5	3	2	4	15	7	57
01/04/2025	01	7	5	3	2	5	15	7	44
01/04/2025	02	7	5	3	2	4	13	7	37
01/04/2025	03	5	4	3	2	3	11	5	36
01/04/2025	04	6	4	3	2	2	10	4	46
01/04/2025	05	5	4	3	1	4	10	6	30
01/04/2025	06	4	3	3	1	2	8	4	30
01/04/2025	07	5	4	3	1	2	11	3	29
01/04/2025	08	14	12	3	2	5	28	8	34
01/04/2025	09	20	13	3	2	7	41	10	76
01/04/2025	10	9	7	3	1	3	18	5	99
01/04/2025	11	4	3	3	2	2	11	5	98
01/04/2025	12	4	3	3	2	2	10	5	104
01/04/2025	13	4	3	3	2	2	12	5	110
01/04/2025	14	3	3	3	2	2	11	5	116
01/04/2025	15	4	3	3	2	2	9	5	117
01/04/2025	16	3	3	3	2	2	9	5	114
01/04/2025	17	3	3	3	2	2	8	5	119
01/04/2025	18	4	3	3	2	2	10	5	117
01/04/2025	19	5	4	3	2	2	12	5	108
01/04/2025	20	8	6	3	2	3	19	6	96
01/04/2025	21	15	10	3	2	4	29	7	91
01/04/2025	22	15	11	3	2	3	25	6	97
01/04/2025	23	14	10	3	2	3	24	5	94
02/04/2025	00	12	8	3	2	2	19	5	93
02/04/2025	01	10	7	3	2	2	17	4	91
02/04/2025	02	8	5	3	1	2	14	4	88
02/04/2025	03	7	4	3	2	2	13	4	80
02/04/2025	04	7	4	3	1	1	13	3	74
02/04/2025	05	8	5	3	1	1	14	3	77
02/04/2025	06	8	5	3	1	1	21	3	50
02/04/2025	07	10	6	3	2	2	29	4	67
02/04/2025	08	13	9	3	2	2	25	4	80
02/04/2025	09	11	7	3	2	1	22	4	90
02/04/2025	11	10	7	3	2	2	19	5	92
02/04/2025	12	11	7	3	2	2	21	5	93
02/04/2025	13	12	6	3	2	2	24	5	90
02/04/2025	14	8	5	3	2	2	18	5	91
02/04/2025	15	9	6	3	2	2	22	5	93
02/04/2025	16	15	10	3	2	2	32	5	104
02/04/2025	17	15	11	3	2	2	30	5	107
02/04/2025	18	15	10	3	2	3	28	6	102
02/04/2025	19	12	8	3	2	3	21	6	100
02/04/2025	20	13	9	3	2	2	20	5	97
02/04/2025	21	15	10	3	2	2	23	4	99
02/04/2025	22	13	8	3	2	2	20	4	100
02/04/2025	23	11	5	3	2	2	19	4	98
03/04/2025	00	9	4	3	2	2	17	4	100
03/04/2025	01	9	4	3	2	2	17	4	102
03/04/2025	02	8	3	3	2	2	16	4	102
03/04/2025	03	8	3	3	2	2	14	4	100
03/04/2025	04	8	3	3	2	2	16	4	99
03/04/2025	05	8	3	3	2	2	14	4	97
03/04/2025	06	7	3	3	2	2	13	4	95
03/04/2025	07	10	4	3	2	2	20	5	94
03/04/2025	08	9	4	3	2	4	19	7	89
03/04/2025	09	8	4	3	2	3	16	6	93
03/04/2025	10	6	3	3	2	2	12	4	91
03/04/2025	11	12	7	3	2	2	20	5	90
03/04/2025	12	13	8	3	2	3	23	6	90
03/04/2025	13	11	5	3	2	2	22	4	92
03/04/2025	14	12	6	3	2	3	35	5	96
03/04/2025	15	13	6	3	2	2	34	4	97
03/04/2025	16	12	6	3	2	2	29	5	93
03/04/2025	17	13	7	3	2	2	27	5	93
03/04/2025	18	15	8	3	2	3	33	6	89
03/04/2025	19	16	8	3	2	3	30	6	86
03/04/2025	20	15	7	3	2	2	35	5	87
03/04/2025	21	15	7	3	2	2	36	5	87
03/04/2025	22	16	7	3	2	2	37	4	90
03/04/2025	23	16	7	3	2	2	38	5	87
04/04/2025	00	16	7	3	2	2	36	4	88
04/04/2025	01	14	6	3	2	2	32	5	88
04/04/2025	02	10	5	3	2	2	20	4	94
04/04/2025	03	10	4	3	2	2	19	5	86
04/04/2025	04	11	6	3	2	2	18	4	73
04/04/2025	05	9	6	3	2	2	12	5	75
04/04/2025	06	5	4	3	2	2	7	4	74
04/04/2025	07	6	4	3	2	2	11	4	73
04/04/2025	08	8	4	3	2	3	15	6	69
04/04/2025	09	7	4	3	2	4	11	7	77
04/04/2025	10	7	4	3	2	2	13	5	79
04/04/2025	11	11	8	3	2	2	16	5	85
04/04/2025	12	7	4	3	2	2	17	5	85
04/04/2025	13	6	4	3	2	2	12	5	91
04/04/2025	14	6	3	3	2	2	11	5	93
04/04/2025	15	7	4	3	2	2	12	5	95
04/04/2025	16	8	5	3	2	2	14	5	94
04/04/2025	17	9	6	3	2	2	14	5	90
04/04/2025	18	7	3	3	2	3	19	5	87
04/04/2025	19	7	3	3	2	4	17	7	81
04/04/2025	20	6	3	3	2	3	12	6	71
04/04/2025	21	3	1	3	2	2	7	5	72
04/04/2025	22	4	2	3	2	2	7	5	72
04/04/2025	23	3	2	3	2	2	6	5	66
05/04/2025	00	4	2	3	2	3	6	5	55
05/04/2025	01	3	2	3	2	2	5	4	64
05/04/2025	02	2	1	3	2	2	4	4	74
05/04/2025	03	2	1	3	2	2	4	4	75
05/04/2025	04	2	1	3	2	2	4	4	78
05/04/2025	05	2	1	3	2	2	4	4	69
05/04/2025	06	2	1	3	1	1	4	4	69
05/04/2025	07	2	1	3	2	2	4	4	59
05/04/2025	08	2	1	3	1	1	5	4	71
05/04/2025	09	3	2	3	1	1	6	4	78
05/04/2025	10	4	3	3	2	2	6	4	85
05/04/2025	11	2	1	3	2	2	4	4	87
05/04/2025	12	1	1	3	2	2	3	5	89
05/04/2025	13	1	1	3	2	2	2	5	92
05/04/2025	14	1	1	3	2	2	3	5	92
05/04/2025	15	1	1	3	2	2	2	5	91
05/04/2025	16	1	1	3	2	2	3	5	90
05/04/2025	17	1	1	3	2	2	3	5	90
05/04/2025	18	1	1	3	2	2	2	5	89
05/04/2025	19	1	1	3	2	2	2	5	84
05/04/2025	20	1	1	3	2	2	3	5	75
05/04/2025	21	2	2	3	2	2	3	5	76
05/04/2025	22	3	3	3	2	2	5	5	54
05/04/2025	23	2	1	3	2	2	3	4	46
06/04/2025	00	2	1	3	2	2	3	4	42
06/04/2025	01	1	1	3	2	2	3	4	56
06/04/2025	02	1	1	3	2	2	3	4	67
06/04/2025	03	1	1	3	2	2	3	4	58
06/04/2025	04	2	1	3	2	2	3	4	58
06/04/2025	05	2	1	3	2	2	4	4	42
06/04/2025	06	2	1	3	2	1	4	4	39
06/04/2025	07	2	1	3	2	1	4	4	32
06/04/2025	08	4	3	3	1	1	7	3	57
06/04/2025	09	3	2	3	2	2	5	4	70
06/04/2025	10	1	1	3	2	2	4	5	81
06/04/2025	11	2	1	3	2	2	3	5	83
06/04/2025	12	1	1	3	2	2	2	5	86
06/04/2025	13	1	1	3	2	2	2	5	87
06/04/2025	14	1	1	3	2	2	1	4	89
06/04/2025	15	1	1	3	2	2	2	5	89
06/04/2025	16	1	1	3	2	2	2	5	89
06/04/2025	17	1	1	3	2	2	2	5	90
06/04/2025	18	1	1	3	2	2	2	5	86
06/04/2025	19	1	1	3	2	3	1	5	81
06/04/2025	20	1	1	3	2	3	2	6	79
06/04/2025	21	1	1	3	2	3	2	6	79
06/04/2025	22	1	1	3	2	3	2	6	79
06/04/2025	23	2	1	3	2	2	3	5	64
07/04/2025	00	2	1	3	2	2	3	5	55
07/04/2025	01	2	1	3	2	2	3	5	52
07/04/2025	02	2	1	3	2	2	3	5	42
07/04/2025	03	3	2	3	2	2	5	4	31
07/04/2025	04	3	2	3	2	2	6	4	27
07/04/2025	05	3	2	3	2	2	5	5	36
07/04/2025	06	6	5	3	2	4	10	6	19
07/04/2025	07	8	6	3	7	10	35	20	9
07/04/2025	08	15	7	3	4	8	129	14	31
07/04/2025	09	7	5	3	5	8	19	16	37
07/04/2025	10	10	8	3	3	6	20	11	55
07/04/2025	11	5	4	3	2	4	9	7	71
07/04/2025	12	2	2	3	2	2	6	5	88
07/04/2025	13	2	1	3	2	2	6	5	93
07/04/2025	14	3	1	3	2	2	10	5	94
07/04/2025	15	3	1	3	2	2	11	5	96
07/04/2025	16	3	1	3	2	2	11	5	97
07/04/2025	17	3	1	3	2	2	12	5	98
07/04/2025	18	4	1	3	2	2	13	5	95
07/04/2025	19	7	5	3	2	3	18	6	96
07/04/2025	20	7	5	3	2	5	16	8	85
07/04/2025	21	8	6	3	2	4	19	7	73
07/04/2025	22	9	6	3	2	4	18	7	72
07/04/2025	23	9	7	3	2	3	18	6	75
08/04/2025	00	9	6	3	2	2	17	5	81
08/04/2025	01	8	6	3	2	2	15	5	72
08/04/2025	02	8	6	3	2	2	13	5	46
08/04/2025	03	8	6	3	2	2	13	5	31
08/04/2025	04	7	5	3	2	2	11	5	30
08/04/2025	05	7	5	3	2	2	13	5	27
08/04/2025	06	7	5	3	2	2	12	5	24
08/04/2025	07	8	6	3	3	5	18	9	17
08/04/2025	08	10	8	3	4	7	22	13	52
08/04/2025	09	8	5	3	2	2	22	4	87
08/04/2025	10	7	4	3	2	2	22	5	95
08/04/2025	11	6	2	3	2	2	20	5	100
08/04/2025	12	6	2	3	2	2	19	5	106
08/04/2025	13	6	2	3	2	2	19	5	106
08/04/2025	14	5	2	3	2	2	16	5	104
08/04/2025	15	6	2	3	2	2	16	5	103
08/04/2025	16	7	4	3	2	2	17	5	105
08/04/2025	17	9	6	3	2	3	20	6	110
08/04/2025	18	10	7	3	2	3	21	5	110
08/04/2025	19	15	10	3	2	5	28	8	99
08/04/2025	20	11	8	3	2	6	25	9	90
08/04/2025	21	14	10	3	2	5	27	8	79
08/04/2025	22	12	9	3	2	3	23	6	84
08/04/2025	23	10	7	3	2	2	20	5	89
09/04/2025	00	9	6	3	2	2	17	5	89
09/04/2025	01	8	5	3	2	2	16	4	92
09/04/2025	02	8	5	3	2	2	17	4	94
09/04/2025	03	9	6	3	1	1	17	4	82
09/04/2025	04	9	6	3	2	2	17	5	59
09/04/2025	05	10	7	3	2	2	18	4	42
09/04/2025	06	9	6	3	2	2	18	4	40
09/04/2025	07	10	6	3	2	5	22	7	28
09/04/2025	08	11	6	3	3	7	37	11	50
09/04/2025	09	8	4	3	2	2	24	4	96
09/04/2025	10	7	3	3	2	2	22	5	101
09/04/2025	11	7	3	3	2	2	19	5	103
09/04/2025	12	6	2	3	2	2	17	5	104
09/04/2025	13	5	2	3	2	2	14	5	102
09/04/2025	14	5	2	3	2	2	14	5	100
09/04/2025	15	6	3	3	2	2	13	5	102
09/04/2025	16	6	3	3	2	2	13	4	105
09/04/2025	17	6	4	3	2	2	14	5	107
09/04/2025	18	8	5	3	2	2	18	5	104
09/04/2025	19	10	6	3	2	3	24	5	98
09/04/2025	20	11	7	3	2	3	26	6	90
09/04/2025	21	10	6	3	2	2	28	5	81
09/04/2025	22	11	7	3	2	2	24	5	79
09/04/2025	23	10	7	3	2	2	21	4	76
10/04/2025	00	12	8	3	2	1	22	4	71
10/04/2025	01	10	7	3	1	1	19	4	76
10/04/2025	02	8	6	3	1	2	15	4	85
10/04/2025	03	8	6	3	1	1	15	3	79
10/04/2025	04	9	6	3	1	2	15	4	63
10/04/2025	05	8	6	3	2	1	16	4	65
10/04/2025	06	7	5	3	1	2	15	4	62
10/04/2025	07	9	6	3	1	6	34	8	56
10/04/2025	08	10	6	3	1	4	24	6	71
10/04/2025	09	10	7	3	1	1	20	3	91
10/04/2025	10	10	7	3	1	2	20	4	99
10/04/2025	11	12	8	3	2	2	22	4	102
10/04/2025	12	12	8	3	2	2	22	5	105
10/04/2025	13	13	9	3	2	2	24	4	107
10/04/2025	14	12	8	3	1	2	24	4	106
10/04/2025	15	12	8	3	2	2	25	4	106
10/04/2025	16	12	7	3	2	2	24	5	106
10/04/2025	17	10	6	3	2	2	23	5	108
10/04/2025	18	10	6	3	2	2	22	4	105
10/04/2025	19	10	6	3	2	2	20	5	101
10/04/2025	20	11	7	3	2	2	20	4	99
10/04/2025	21	10	7	3	1	2	19	4	97
10/04/2025	22	10	6	3	2	2	19	4	97
10/04/2025	23	10	6	3	2	2	18	4	94
11/04/2025	00	11	7	3	1	2	19	4	88
11/04/2025	01	11	7	3	2	2	18	4	88
11/04/2025	02	10	6	3	2	2	18	4	91
11/04/2025	03	9	6	3	1	1	16	3	90
11/04/2025	04	9	6	3	1	2	16	4	81
11/04/2025	05	10	6	3	1	1	17	4	98
11/04/2025	06	12	8	3	1	1	20	4	92
11/04/2025	07	13	10	3	2	3	23	5	86
11/04/2025	08	11	8	3	1	3	18	5	86
11/04/2025	09	10	7	3	1	2	16	4	95
11/04/2025	10	9	6	3	2	2	16	4	99
11/04/2025	11	11	7	3	2	2	18	4	97
11/04/2025	12	11	7	3	2	2	19	4	95
11/04/2025	13	12	9	3	2	3	21	5	98
11/04/2025	14	13	9	3	2	3	21	5	99
11/04/2025	15	10	7	3	2	2	19	5	101
11/04/2025	16	10	6	3	2	3	18	6	101
11/04/2025	17	15	11	3	2	4	24	6	93
11/04/2025	18	13	9	3	2	3	20	5	84
11/04/2025	19	10	7	3	2	2	16	5	84
11/04/2025	20	11	8	3	2	3	16	5	75
11/04/2025	21	13	9	3	2	3	18	5	74
11/04/2025	22	20	13	3	1	2	26	4	64
11/04/2025	23	20	14	3	1	2	27	4	52
12/04/2025	00	13	9	3	1	1	18	3	61
12/04/2025	01	12	9	3	1	1	17	4	71
12/04/2025	02	12	9	3	1	1	17	3	72
12/04/2025	03	13	9	3	1	1	17	3	65
12/04/2025	04	13	10	3	1	1	18	3	67
12/04/2025	05	14	10	3	1	1	19	3	43
12/04/2025	06	15	11	3	1	1	21	3	32
12/04/2025	07	13	10	3	1	3	20	5	25
12/04/2025	08	12	9	3	1	6	18	8	30
12/04/2025	09	10	7	3	1	6	16	8	39
12/04/2025	10	10	7	3	1	2	16	4	72
12/04/2025	11	10	7	3	1	1	16	3	79
12/04/2025	12	11	7	3	1	2	21	4	87
12/04/2025	13	12	6	3	2	2	27	4	86
12/04/2025	14	13	6	3	2	2	29	4	83
12/04/2025	15	13	5	3	2	2	29	4	84
12/04/2025	16	11	5	3	2	2	26	4	78
12/04/2025	17	10	5	3	2	2	22	4	77
12/04/2025	18	8	4	3	2	2	16	5	76
12/04/2025	19	7	4	3	2	2	14	4	74
12/04/2025	20	5	2	3	2	2	10	4	76
12/04/2025	21	3	1	3	2	2	6	4	78
12/04/2025	22	3	1	3	2	2	5	4	66
12/04/2025	23	3	1	3	1	2	5	4	71
13/04/2025	00	3	2	3	2	2	6	4	47
13/04/2025	01	2	1	3	2	2	4	4	71
13/04/2025	02	2	1	3	1	1	5	4	43
13/04/2025	03	3	2	3	2	2	5	4	41
13/04/2025	04	4	2	3	1	1	6	4	34
13/04/2025	05	3	2	3	1	1	5	3	41
13/04/2025	06	3	2	3	1	1	5	3	33
13/04/2025	07	8	7	3	2	5	11	7	28
13/04/2025	08	4	3	3	1	3	6	5	56
13/04/2025	09	4	2	3	1	3	7	5	56
13/04/2025	10	5	3	3	2	2	7	4	69
13/04/2025	11	3	2	3	2	2	6	4	83
13/04/2025	12	3	1	3	2	2	6	5	81
13/04/2025	13	3	2	3	2	2	5	4	79
13/04/2025	14	3	1	3	2	2	5	4	87
13/04/2025	15	3	1	3	2	2	6	4	90
13/04/2025	16	3	1	3	2	2	6	4	87
13/04/2025	17	4	3	3	2	2	8	4	86
13/04/2025	18	11	8	3	2	3	18	6	83
13/04/2025	19	7	4	3	2	3	12	5	81
13/04/2025	20	4	2	3	2	2	7	5	80
13/04/2025	21	5	3	3	2	2	9	4	76
13/04/2025	22	7	5	3	2	2	10	4	75
13/04/2025	23	9	6	3	2	2	12	4	61
14/04/2025	00	7	6	3	2	2	9	4	44
14/04/2025	01	7	5	3	1	2	8	4	29
14/04/2025	02	9	7	3	2	2	11	4	32
14/04/2025	03	6	5	3	2	2	8	4	30
14/04/2025	04	5	4	3	1	2	7	4	39
14/04/2025	05	5	4	3	1	1	7	4	42
14/04/2025	06	6	5	3	1	2	9	4	30
14/04/2025	07	5	4	3	1	2	8	4	21
14/04/2025	08	6	5	3	1	3	11	6	27
14/04/2025	09	6	5	3	2	4	9	7	58
14/04/2025	10	7	5	3	1	2	10	4	60
14/04/2025	11	5	4	3	2	2	8	4	65
14/04/2025	12	5	3	3	2	2	9	5	72
14/04/2025	13	4	3	3	2	2	8	4	83
14/04/2025	14	5	3	3	2	2	8	5	88
14/04/2025	15	5	3	3	2	2	9	5	89
14/04/2025	16	5	3	3	2	2	9	4	89
14/04/2025	17	5	3	3	2	2	9	5	86
14/04/2025	18	4	3	3	2	2	7	5	82
14/04/2025	19	4	3	3	2	2	8	5	77
14/04/2025	20	3	2	3	2	2	5	5	81
14/04/2025	21	4	3	3	2	2	8	4	82
14/04/2025	22	5	3	3	2	2	10	4	82
14/04/2025	23	5	3	3	2	2	9	5	86
15/04/2025	00	5	3	3	1	2	9	4	88
15/04/2025	01	3	2	3	1	2	5	4	92
15/04/2025	02	1	1	3	1	1	1	3	92
15/04/2025	03	1	1	3	1	1	1	3	81
15/04/2025	04	1	1	3	1	1	1	3	73
15/04/2025	05	1	1	3	1	1	2	3	74
15/04/2025	06	2	1	3	1	1	4	3	80
15/04/2025	07	3	1	3	1	1	4	3	79
15/04/2025	08	2	1	3	1	1	4	3	81
15/04/2025	09	2	1	3	1	1	3	3	84
15/04/2025	10	1	1	3	1	1	3	3	87
15/04/2025	11	1	1	3	1	2	3	4	93
15/04/2025	12	2	1	3	1	2	4	4	96
15/04/2025	13	1	1	3	1	2	3	4	97
15/04/2025	14	1	1	3	2	2	3	4	95
15/04/2025	15	1	1	3	2	2	2	4	95
15/04/2025	16	1	1	3	2	2	5	4	93
15/04/2025	17	1	1	3	2	2	3	4	95
15/04/2025	18	1	1	3	1	2	2	4	90
15/04/2025	19	1	1	3	1	2	1	4	89
15/04/2025	20	1	1	3	1	1	2	3	84
15/04/2025	21	1	1	3	1	1	2	3	82
15/04/2025	22	1	1	3	1	1	1	3	85
15/04/2025	23	1	1	3	1	1	2	3	77
16/04/2025	00	1	1	3	1	1	1	2	72
16/04/2025	01	1	1	3	1	1	1	2	75
16/04/2025	02	1	1	3	1	1	1	2	74
16/04/2025	03	1	1	3	1	1	1	2	74
16/04/2025	04	1	1	3	1	1	1	2	74
16/04/2025	05	1	1	3	1	1	2	2	76
16/04/2025	06	1	1	3	1	1	1	2	77
16/04/2025	07	1	1	3	1	1	1	2	76
16/04/2025	08	1	1	3	1	1	1	2	75
16/04/2025	09	1	1	3	1	1	2	2	78
16/04/2025	10	1	1	3	1	1	3	2	82
16/04/2025	11	1	1	3	1	1	3	3	87
16/04/2025	12	1	1	3	1	1	2	3	89
16/04/2025	13	1	1	3	1	1	2	3	90
16/04/2025	14	1	1	3	2	2	3	4	92
16/04/2025	15	1	1	3	1	2	4	4	95
16/04/2025	16	1	1	3	2	2	5	4	93
16/04/2025	17	1	1	3	2	2	3	4	91
16/04/2025	18	1	1	3	2	2	2	5	88
16/04/2025	19	1	1	3	1	2	2	4	84
16/04/2025	20	1	1	3	2	2	2	4	82
16/04/2025	21	1	1	3	1	2	3	4	77
16/04/2025	22	1	1	3	1	1	3	4	72
16/04/2025	23	1	1	3	1	1	1	3	69
17/04/2025	00	1	1	3	1	1	1	3	66
17/04/2025	01	1	1	3	1	1	1	3	67
17/04/2025	02	1	1	3	1	1	1	3	65
17/04/2025	03	1	1	3	1	1	1	3	62
17/04/2025	04	1	1	3	1	1	1	3	65
17/04/2025	05	1	1	3	1	1	2	2	67
17/04/2025	06	2	1	3	1	1	3	3	67
17/04/2025	07	2	1	3	1	1	4	2	69
17/04/2025	08	2	1	3	1	1	4	3	78
17/04/2025	09	2	1	3	1	1	4	2	88
17/04/2025	10	2	1	3	1	1	4	3	92
17/04/2025	11	2	1	3	1	1	4	3	94
17/04/2025	12	2	1	3	2	2	4	4	96
17/04/2025	13	2	1	3	2	2	4	5	99
17/04/2025	14	2	1	3	2	2	4	5	101
17/04/2025	15	2	1	3	2	2	4	5	101
17/04/2025	16	2	1	3	2	2	4	5	101
17/04/2025	17	2	1	3	2	2	4	5	99
17/04/2025	18	1	1	3	2	2	3	5	94
17/04/2025	19	1	1	3	2	2	3	5	88
17/04/2025	20	1	1	3	2	2	4	5	82
17/04/2025	21	1	1	3	2	2	3	5	76
17/04/2025	22	1	1	3	2	2	4	5	72
17/04/2025	23	1	1	3	2	2	3	4	71
18/04/2025	00	1	1	3	2	2	4	4	57
18/04/2025	01	2	1	3	2	2	4	4	44
18/04/2025	02	2	1	3	2	2	5	4	30
18/04/2025	03	2	1	3	2	2	4	4	36
18/04/2025	04	2	1	3	1	2	4	4	27
18/04/2025	05	2	1	3	1	1	5	3	25
18/04/2025	06	2	1	3	1	1	5	4	21
18/04/2025	07	3	2	3	2	3	6	6	16
18/04/2025	08	5	4	3	2	3	9	6	27
18/04/2025	09	6	5	3	2	3	9	5	43
18/04/2025	10	2	1	3	2	2	4	5	63
18/04/2025	11	1	1	3	2	2	3	5	65
18/04/2025	12	1	1	3	2	2	2	5	72
18/04/2025	13	1	1	3	2	2	3	5	78
18/04/2025	14	2	2	3	2	2	3	5	80
18/04/2025	15	2	2	3	2	2	4	5	80
18/04/2025	16	2	1	3	2	2	4	5	79
18/04/2025	17	2	1	3	2	2	4	5	77
18/04/2025	18	2	2	3	2	2	4	5	76
18/04/2025	19	2	1	3	2	2	4	5	70
18/04/2025	20	2	1	3	2	2	4	5	58
18/04/2025	21	1	1	3	2	2	3	5	65
18/04/2025	22	1	1	3	2	2	2	5	67
18/04/2025	23	1	1	3	2	2	2	5	60
19/04/2025	00	2	1	3	2	2	3	5	58
19/04/2025	01	1	1	3	2	2	3	4	57
19/04/2025	02	1	1	3	2	2	3	4	56
19/04/2025	03	1	1	3	2	2	1	5	53
19/04/2025	04	1	1	3	2	2	1	5	50
19/04/2025	05	1	1	3	2	2	2	4	64
19/04/2025	06	1	1	3	2	2	2	5	69
19/04/2025	07	1	1	3	2	2	2	4	71
19/04/2025	08	2	1	3	2	2	3	5	74
19/04/2025	09	1	1	3	2	2	2	4	79
19/04/2025	10	1	1	3	2	2	1	4	87
19/04/2025	11	1	1	3	2	2	2	5	93
19/04/2025	12	1	1	3	2	2	3	5	93
19/04/2025	13	1	1	3	2	2	3	5	96
19/04/2025	14	1	1	3	2	2	3	5	94
19/04/2025	15	1	1	3	2	2	3	5	93
19/04/2025	16	1	1	3	2	2	3	5	92
19/04/2025	17	1	1	3	2	2	3	5	88
19/04/2025	18	1	1	3	2	2	3	6	91
19/04/2025	19	1	1	3	2	2	2	5	92
19/04/2025	20	1	1	3	2	2	3	5	85
19/04/2025	21	1	1	3	2	2	2	4	83
19/04/2025	22	1	1	3	1	1	3	4	79
19/04/2025	23	2	1	3	1	1	3	3	75
20/04/2025	00	2	1	3	2	2	3	4	73
20/04/2025	01	1	1	3	1	1	3	4	73
20/04/2025	02	1	1	3	1	1	3	3	72
20/04/2025	03	1	1	3	1	1	4	3	71
20/04/2025	04	2	1	3	1	1	4	3	73
20/04/2025	05	2	1	3	1	1	5	3	70
20/04/2025	06	2	1	3	1	1	4	3	76
20/04/2025	07	2	1	3	1	1	4	3	76
20/04/2025	08	3	1	3	1	1	5	3	71
20/04/2025	09	2	1	3	1	1	4	3	70
20/04/2025	10	1	1	3	1	1	2	3	73
20/04/2025	11	1	1	3	1	1	1	3	77
20/04/2025	12	1	1	3	2	2	1	4	82
20/04/2025	13	1	1	3	2	2	1	4	83
20/04/2025	14	1	1	3	2	2	1	5	83
20/04/2025	15	1	1	3	2	2	1	5	84
20/04/2025	16	1	1	3	2	2	1	5	87
20/04/2025	17	1	1	3	2	2	1	5	83
20/04/2025	18	1	1	3	2	2	1	5	81
20/04/2025	19	1	1	3	2	2	1	5	81
20/04/2025	20	1	1	3	2	2	2	5	77
20/04/2025	21	1	1	3	2	2	1	5	78
20/04/2025	22	1	1	3	2	2	1	4	72
20/04/2025	23	2	1	3	2	2	2	5	57
21/04/2025	00	2	1	3	2	2	2	4	56
21/04/2025	01	5	3	3	2	2	6	4	41
21/04/2025	02	1	1	3	1	1	2	4	44
21/04/2025	03	1	1	3	2	1	2	4	41
21/04/2025	04	1	1	3	1	1	2	3	43
21/04/2025	05	2	1	3	1	1	3	3	31
21/04/2025	06	2	2	3	1	1	3	3	27
21/04/2025	07	4	3	3	1	1	6	3	24
21/04/2025	08	5	4	3	1	1	8	3	28
21/04/2025	09	3	2	3	1	1	4	3	46
21/04/2025	10	2	1	3	1	1	3	3	64
21/04/2025	11	1	1	3	2	2	2	4	76
21/04/2025	12	1	1	3	2	2	2	5	79
21/04/2025	13	1	1	3	2	2	2	4	84
21/04/2025	14	1	1	3	2	2	2	5	88
21/04/2025	15	1	1	3	2	2	2	4	89
21/04/2025	16	1	1	3	2	2	3	5	87
21/04/2025	17	2	1	3	2	2	3	5	86
21/04/2025	18	1	1	3	2	2	3	5	84
21/04/2025	19	2	1	3	2	2	3	4	77
21/04/2025	20	2	1	3	2	2	4	5	68
21/04/2025	21	3	2	3	2	2	5	5	56
21/04/2025	22	4	3	3	2	2	8	5	62
21/04/2025	23	4	3	3	2	2	8	5	68
22/04/2025	00	4	3	3	2	2	7	4	70
22/04/2025	01	4	3	3	2	2	7	4	54
22/04/2025	02	4	3	3	2	3	7	5	38
22/04/2025	03	4	3	3	2	2	6	4	45
22/04/2025	04	4	3	3	2	2	6	5	29
22/04/2025	05	5	4	3	2	2	7	5	24
22/04/2025	06	4	3	3	2	2	6	5	21
22/04/2025	07	4	3	3	2	3	7	5	23
22/04/2025	08	3	2	3	2	2	5	4	56
22/04/2025	09	3	2	3	2	2	4	4	73
22/04/2025	10	3	2	3	2	2	5	5	66
22/04/2025	11	3	2	3	2	2	5	5	72
22/04/2025	12	2	1	3	2	2	5	4	79
22/04/2025	13	2	1	3	2	2	4	5	78
22/04/2025	14	2	1	3	2	2	5	5	77
22/04/2025	15	3	1	3	2	2	9	5	71
22/04/2025	16	1	1	3	2	2	2	5	74
22/04/2025	17	1	1	3	2	2	2	5	70
22/04/2025	18	1	1	3	2	2	3	4	66
22/04/2025	19	1	1	3	2	2	2	4	66
22/04/2025	20	5	4	3	2	3	6	6	61
22/04/2025	21	4	4	3	2	2	6	5	51
22/04/2025	22	3	3	3	2	2	4	5	43
22/04/2025	23	3	3	3	2	2	4	4	36
23/04/2025	00	2	1	3	2	2	3	4	57
23/04/2025	01	2	1	3	2	2	4	4	72
23/04/2025	02	2	1	3	1	1	5	4	69
23/04/2025	03	3	1	3	1	1	5	3	58
23/04/2025	04	3	2	3	1	1	6	3	66
23/04/2025	05	3	2	3	1	1	6	3	71
23/04/2025	06	3	2	3	1	1	6	3	72
23/04/2025	07	3	2	3	1	1	7	3	63
23/04/2025	08	3	1	3	1	1	5	3	85
23/04/2025	09	2	1	3	1	1	5	3	89
23/04/2025	10	2	1	3	1	1	5	4	93
23/04/2025	11	2	1	3	2	2	4	4	95
23/04/2025	12	2	1	3	2	2	4	5	94
23/04/2025	13	2	1	3	2	2	4	4	90
23/04/2025	14	2	1	3	2	2	3	4	91
23/04/2025	15	2	1	3	2	2	4	4	89
23/04/2025	16	2	1	3	2	2	6	4	92
23/04/2025	17	2	1	3	2	2	6	5	95
23/04/2025	18	2	1	3	2	2	4	5	93
23/04/2025	19	2	1	3	2	2	6	5	78
23/04/2025	20	2	1	3	2	4	5	7	62
23/04/2025	21	5	4	3	2	2	10	5	84
23/04/2025	22	6	5	3	2	3	13	5	74
23/04/2025	23	7	5	3	2	2	13	5	78
24/04/2025	00	8	7	3	2	3	14	5	64
24/04/2025	01	7	6	3	2	2	13	5	61
24/04/2025	02	3	2	3	1	1	6	3	67
24/04/2025	03	2	2	3	1	1	5	3	61
24/04/2025	04	3	2	3	1	1	6	4	60
24/04/2025	05	3	2	3	1	1	6	4	61
24/04/2025	06	3	2	3	1	1	7	4	40
24/04/2025	07	4	3	3	2	4	12	8	35
24/04/2025	08	4	3	3	1	1	11	4	57
24/04/2025	09	3	2	3	1	1	7	4	71
24/04/2025	10	2	1	3	2	2	5	5	76
24/04/2025	11	2	1	3	1	2	5	4	79
24/04/2025	12	1	1	3	2	2	3	4	88
24/04/2025	13	1	1	3	2	2	3	4	92
24/04/2025	14	1	1	3	2	2	3	5	94
24/04/2025	15	1	1	3	2	2	3	4	91
24/04/2025	16	1	1	3	2	2	3	4	92
24/04/2025	17	3	2	3	2	2	7	4	102
24/04/2025	18	5	4	3	2	2	12	4	105
24/04/2025	19	6	4	3	2	3	14	5	97
24/04/2025	20	7	5	3	1	2	14	5	89
24/04/2025	21	7	5	3	2	2	21	5	80
24/04/2025	22	8	6	3	2	2	15	5	83
24/04/2025	23	8	6	3	1	2	15	4	80
25/04/2025	00	8	6	3	2	2	15	4	74
25/04/2025	01	9	7	3	2	2	17	4	51
25/04/2025	02	9	7	3	1	1	15	4	43
25/04/2025	03	8	6	3	1	1	13	4	39
25/04/2025	04	9	7	3	1	3	13	5	25
25/04/2025	05	9	7	3	1	2	13	4	26
25/04/2025	06	9	7	3	1	3	16	5	32
25/04/2025	07	10	8	3	2	8	32	11	37
25/04/2025	08	7	5	3	1	2	16	5	76
25/04/2025	09	7	5	3	2	2	15	4	91
25/04/2025	10	6	5	3	2	2	13	4	100
25/04/2025	11	5	4	3	2	2	14	4	105
25/04/2025	12	5	3	3	2	2	14	4	100
25/04/2025	13	5	3	3	2	2	11	4	100
25/04/2025	14	4	3	3	1	2	10	4	105
25/04/2025	15	4	3	3	2	2	13	4	106
25/04/2025	16	4	2	3	2	2	11	4	103
25/04/2025	17	4	2	3	2	2	11	4	100
25/04/2025	18	5	2	3	1	2	19	4	101
25/04/2025	19	6	2	3	1	2	23	4	99
25/04/2025	20	5	2	3	1	2	14	4	101
25/04/2025	21	4	2	3	2	2	11	4	104
25/04/2025	22	5	2	3	2	2	12	4	99
25/04/2025	23	5	2	3	2	2	12	4	89
26/04/2025	00	6	3	3	2	2	14	4	92
26/04/2025	01	6	3	3	2	2	14	4	87
26/04/2025	02	5	3	3	2	2	12	5	84
26/04/2025	03	5	4	3	2	2	10	4	82
26/04/2025	04	6	4	3	2	2	11	4	67
26/04/2025	05	7	5	3	2	2	13	4	55
26/04/2025	06	7	5	3	2	2	14	4	47
26/04/2025	07	6	4	3	1	2	13	4	49
26/04/2025	08	5	3	3	2	2	11	4	67
26/04/2025	09	5	4	3	2	2	9	4	79
26/04/2025	10	5	3	3	1	2	8	4	79
26/04/2025	11	5	3	3	2	2	8	4	81
26/04/2025	12	4	3	3	2	2	9	4	79
26/04/2025	13	3	3	3	2	2	7	4	82
26/04/2025	14	3	2	3	2	2	6	4	87
26/04/2025	15	3	2	3	2	2	6	4	92
26/04/2025	16	3	2	3	1	2	5	4	98
26/04/2025	17	2	1	3	2	2	4	4	98
26/04/2025	18	3	2	3	2	2	6	4	97
26/04/2025	19	6	4	3	2	2	11	4	87
26/04/2025	20	3	2	3	2	2	7	4	84
26/04/2025	21	1	1	3	2	2	4	4	75
26/04/2025	22	1	1	3	1	2	3	4	72
26/04/2025	23	1	1	3	2	2	2	4	71
27/04/2025	00	1	1	3	2	2	1	4	70
27/04/2025	01	1	1	3	1	1	1	3	65
27/04/2025	02	1	1	3	1	1	1	3	72
27/04/2025	03	1	1	3	1	1	1	3	65
27/04/2025	04	1	1	3	1	1	1	3	65
27/04/2025	05	1	1	3	1	1	1	3	67
27/04/2025	06	1	1	3	1	1	1	3	68
27/04/2025	07	1	1	3	1	1	5	3	73
27/04/2025	08	1	1	3	1	1	6	3	77
27/04/2025	09	1	1	3	1	1	3	3	82
27/04/2025	10	1	1	3	2	2	2	5	
27/04/2025	11	1	1	3	2	2	1	5	88
27/04/2025	12	1	1	3	2	2	1	5	91
27/04/2025	13	1	1	3	2	2	1	5	91
27/04/2025	14	1	1	3	2	2	1	5	89
27/04/2025	15	1	1	3	2	2	2	5	90
27/04/2025	16	1	1	3	2	2	2	5	87
27/04/2025	17	1	1	3	2	2	2	5	89
27/04/2025	18	1	1	3	2	2	3	5	91
27/04/2025	19	2	1	3	2	2	5	5	91
27/04/2025	20	2	1	3	2	2	5	5	90
27/04/2025	21	2	1	3	2	2	4	5	90
27/04/2025	22	1	1	3	2	2	4	5	73
27/04/2025	23	1	1	3	2	2	3	5	70
28/04/2025	00	1	1	3	2	2	4	5	63
28/04/2025	01	1	1	3	2	2	4	4	62
28/04/2025	02	2	1	3	2	1	4	4	65
28/04/2025	03	2	1	3	2	1	5	4	63
28/04/2025	04	2	2	3	1	1	5	3	59
28/04/2025	05	3	3	3	1	1	6	2	60
28/04/2025	06	4	3	3	1	1	7	3	61
28/04/2025	07	3	2	3	1	1	7	3	67
28/04/2025	08	1	1	3	1	1	5	3	84
28/04/2025	09	1	1	3	2	1	3	4	91
28/04/2025	10	2	1	3	2	2	5	4	94
28/04/2025	22	3	3	5	5	6	6	14	
28/04/2025	23	3	3	3	1	1	6	3	67
29/04/2025	00	4	3	3	1	1	7	3	67
29/04/2025	01	5	4	3	1	1	8	3	68
29/04/2025	02	5	4	3	1	1	7	3	70
29/04/2025	03	5	4	3	1	1	7	3	69
29/04/2025	04	5	4	3	1	1	8	3	65
29/04/2025	05	5	5	3	1	1	10	3	61
29/04/2025	06	9	8	3	1	1	15	2	56
29/04/2025	07	12	11	3	1	2	19	3	62
29/04/2025	08	9	8	3	1	2	13	4	79
29/04/2025	09	6	5	3	1	1	9	3	92
29/04/2025	10	6	5	3	1	1	11	4	93
29/04/2025	11	7	6	3	1	2	12	4	98
29/04/2025	12	7	5	3	2	2	14	5	102
29/04/2025	13	6	5	3	2	2	13	5	105
29/04/2025	14	4	4	3	2	2	10	5	107
29/04/2025	15	4	3	3	2	2	10	5	107
29/04/2025	16	5	3	3	2	2	11	5	105
29/04/2025	17	5	3	3	2	2	10	5	103
29/04/2025	18	3	2	3	2	2	7	5	101
29/04/2025	19	4	3	3	2	2	8	5	97
29/04/2025	20	4	3	3	2	2	7	5	94
29/04/2025	21	4	3	3	2	2	7	4	90
29/04/2025	22	5	4	3	2	2	7	4	90
29/04/2025	23	5	4	3	2	2	8	4	96
30/04/2025	00	7	5	3	2	2	9	4	94
30/04/2025	01	6	5	3	2	2	9	4	91
30/04/2025	02	6	4	3	1	2	8	4	86
30/04/2025	03	7	5	3	2	2	9	4	86
30/04/2025	04	7	6	3	2	2	11	4	87
30/04/2025	05	8	6	3	2	1	10	4	87
30/04/2025	06	6	5	3	2	2	10	4	86
30/04/2025	07	5	4	3	2	2	11	5	85
30/04/2025	08	5	4	3	2	2	10	4	90
30/04/2025	09	6	4	3	2	2	11	4	93
30/04/2025	10	8	6	3	2	2	14	5	93
30/04/2025	11	9	7	3	2	2	20	5	98
30/04/2025	12	8	6	3	2	2	19	5	97
30/04/2025	13	8	6				19		
30/04/2025	14	6	4				15		
30/04/2025	15	5	3				14		
30/04/2025	16	5	2				15		
30/04/2025	17	6	3	3	2	2	16	5	101
30/04/2025	18	6	4	3	2	2	15	5	98
30/04/2025	19	7	4	3	2	2	12	5	100
30/04/2025	20	7	5	3	2	2	12	5	98
30/04/2025	21	8	5	3	2	2	13	5	96
30/04/2025	22	9	6	3	2	2	15	5	94
30/04/2025	23	8	6	3	2	2	14	5	92
