Red: Red de Vigilancia y Control de la Contaminación Atmosférica
Estación: 46223901-Sedavi UM
	
FECHA	HORA	PM2.5	Veloc.	Direc.	Temp.	H.Rel.	Pres.	R.Sol.	Precip.	SO2	CO	NO	NO2	PM10	NOx	O3	Veloc.máx.
		µg/m³	m/s	grados	°C	% H.R.	mb	W/m²	l/m²	µg/m³	mg/m³	µg/m³	µg/m³	µg/m³	µg/m³	µg/m³	m/s
26/11/2024	14			120	21,2	50	1016	298	0,1	6	0,1	9	35		49	23	
26/11/2024	15	7	0,4	115	20,6	51	1016	235	0	3	0,1	9	28	20	41	55	2,1
26/11/2024	16	8	0,4	123	19,8	53	1016	87	0	3	0,1	7	22	23	32	61	1,3
26/11/2024	17	11	0,3	126	18,6	58	1017	4	0	3	0,1	7	37	37	47	44	0,5
26/11/2024	18	18	0,3	131	17,9	60	1017	3	0	3	0,1	6	56	58	66	24	0,4
26/11/2024	19	46	0,2	128	17,4	63	1017	3	0	3	0,1	39	74	152	133	6	0,4
26/11/2024	20	90	0,2	131	16,6	66	1018	3	0	3	0,1	177	91	220	362	3	0,4
26/11/2024	21	40	0,3	301	15,3	73	1018	4	0	3	0,1	94	70	60	214	2	0,4
26/11/2024	22	22	0,2	291	14,8	77	1018	3	0	3	0,1	49	60	33	135	2	0,4
26/11/2024	23	20	0,3	293	14,1	81	1018	4	0	3	0,1	38	50	29	109	2	0,5
27/11/2024	00	16	0,2	288	13,8	84	1018	4	0	3	0,1	17	41	22	67	3	0,7
27/11/2024	01	15	0,4	292	13,5	85	1017	4	0	3	0,1	10	37	19	52	7	0,9
27/11/2024	02	15	0,3	293	13,6	86	1017	3	0	3	0,1	6	35	20	44	9	0,5
27/11/2024	03	16	0,4	295	13,5	87	1017	4	0	3	0,1	7	40	21	50	5	0,7
27/11/2024	04	14	0,2	283	13,7	87	1017	3	0	3	0,1	6	35	18	45	9	0,5
27/11/2024	05	14	0,4	289	13,1	88	1017	3	0	3	0,1	8	38	20	50	4	0,7
27/11/2024	06	12	0,3	290	13,3	89	1017	3	0	3	0,1	10	36	17	51	5	0,5
27/11/2024	07	20	0,3	277	13,2	88	1017	3	0	4	0,1	26	39	30	79	3	0,4
27/11/2024	08	37	0,3	302	12,7	90	1018	4	0	5	0,1	115	47	55	223	5	0,5
27/11/2024	09	35	0,3	294	13,6	90	1018	6	0,1	5	0,1	131	49	53	249	4	0,5
27/11/2024	10	22	0,2	284	16,5	80	1019	102	0	3	0,1	63	51	41	147	8	0,5
27/11/2024	11	20	0,3	204	20,3	62	1019	422	0	3	0,1	31	49	77	95	20	0,5
27/11/2024	12	19	0,2	189	21	58	1019	498	0	3	0,1	27	51	82	93	26	0,5
27/11/2024	13		0,2	134	20,7	56	1018	440	0,1	3	0,1	7	33		44		0,6
27/11/2024	14		0,4	131	19,7	59	1017	348	0	3	0,1	6	31		40	52	1,2
27/11/2024	15		0,5	115	18,5	62	1017	244	0	3	0,1	3	25		30	60	2,4
27/11/2024	16		0,5	128	17,5	65	1017	100	0	3	0,1	1	15		16	75	1,9
27/11/2024	17		0,3	132	15,8	76	1018	3	0	3	0,1					60	0,6
27/11/2024	18		0,2	150	14,4	86	1019	3	0	3	0,1	1	51		52	28	0,4
27/11/2024	19			160	13,3	94	1019	3	0	3	0,1	30	69		115	3	
27/11/2024	20		0,2	296	13	98	1020	3	0	3	0,1	102	71		226	3	0,4
27/11/2024	21		0,2	294	13,1	99	1020	3	0	3	0,1	61	58		151	3	0,4
27/11/2024	22		0,2	294	12,9	99	1021	3	0	3	0,1	27	53		94	3	0,4
27/11/2024	23		0,2	290	13	99	1021	3	0	3	0,1	4	39		45	11	0,4
28/11/2024	00		0,3	287	13,1	97	1021	3	0	3	0,1	3	29		34	19	0,5
28/11/2024	01		0,2	284	12,9	97	1020	3	0	3	0,1	3	23		27	19	0,7
28/11/2024	02		0,3	270	13,1	99	1020	3	0	3	0,1	3	28		32	11	0,5
28/11/2024	03		0,3	283	13,3	99	1020	3	0	3	0,1	3	29		33	12	0,4
28/11/2024	04		0,2	289	13,5	96	1020	3	0	3	0,1	3	19		23	23	0,7
28/11/2024	05		0,3	281	13,1	91	1020	4	0,1	3	0,1	3	15		19	27	0,6
28/11/2024	06	13	0,3	291	11,9	92	1020	4	0	3	0,1	3	17	18	21	22	0,8
28/11/2024	07	14	0,4	292	10,8	92	1020	3	0	3	0,1	3	24	21	29	13	1,3
28/11/2024	08	22	0,4	291	10,4	93	1021	3	0	4	0,1	38	37	33	95	4	1,1
28/11/2024	09	24	0,3	296	11,4	93	1021	6	0	4	0,1	60	41	35	134	6	0,7
28/11/2024	10	16	0,2	284	14	84	1021	147	0	4	0,1	44	35	34	103	15	0,8
28/11/2024	11	11	0,3	240	17,3	70	1021	461	0	3	0,1	9	18	30	31	40	1,2
28/11/2024	12	12	0,3	196	18,8	64	1020	529	0	3	0,1	5	16	33	23	49	1,5
28/11/2024	13	15	0,3	156	19,1	66	1020	436	0	4	0,1	8	21	40	33	51	1,5
28/11/2024	14	13	0,3	160	19,5	64	1019	308	0	3	0,1	3	13	33	18	71	1,7
28/11/2024	15	14	0,4	136	18,7	69	1018	256	0	3	0,1	3	17	25	22	82	2
28/11/2024	16	13	0,3	140	17,4	77	1019	74	0	3	0,1	3	20	23	25	80	1,7
28/11/2024	17	14	0,3	152	15,7	91	1019	3	0	3	0,1	2	15	19	19	82	0,7
28/11/2024	18	17	0,2	183	14,8	99	1019	3	0	3	0,1	3	34	26	38	50	0,4
28/11/2024	19	28	0,2	225	13,9	99	1020	3	0	3	0,1	19	59	41	89	12	0,4
28/11/2024	20	33	0,3	301	13,2	99	1020	3	0	3	0,1	46	67	49	137	2	0,4
28/11/2024	21	28	0,2	305	12,5	99	1020	3	0	3	0,1	30	55	39	101	2	0,6
28/11/2024	22	25	0,3	295	11,9	99	1020	3	0	3	0,1	18	47	34	75	3	0,6
28/11/2024	23	26	0,2	288	11,6	99	1020	3	0	3	0,1	4	38	33	45	7	0,4
29/11/2024	00	25	0,2	276	11,2	99	1020	3	0	3	0,1	2	22	28	26	20	0,4
29/11/2024	01	28	0,2	298	10,5	99	1019	3	0	3	0,1	2	29	32	33	9	0,4
29/11/2024	02	23	0,2	277	10,2	99	1019	3	0,1	3	0,1	3	29	26	33	7	0,4
29/11/2024	03	20	0,3	316	9,3	99	1019	3	0	3	0,1	3	23	21	28	6	0,4
29/11/2024	04	19	0,3	257	8,9	99	1019	3	0	3	0,1	3	24	21	28	5	0,4
29/11/2024	05	21	0,3	284	8,5	99	1018	3	0	3	0,1	13	26	26	45	2	0,4
29/11/2024	06	22	0,3	316	7,8	99	1018	3	0	4	0,1	29	27	30	72	2	0,5
29/11/2024	07	20	0,4	304	7,8	99	1019	3	0	4	0,1	51	32	28	111	2	0,5
29/11/2024	08	35	0,3	306	8,1	99	1019	3	0	4	0,1	111	41	48	211	3	0,6
29/11/2024	09	35	0,4	295	9,9	99	1019	13	0	5	0,1	170	58	50	319	4	0,6
29/11/2024	10	35	0,2	293	13,1	99	1019	122	0	5	0,1	130	58	53	257	4	0,5
29/11/2024	11	36	0,3	237	17,8	83	1019	369	0	4	0,1	78	60	123	180	7	0,5
29/11/2024	12	33	0,3	174	20,5	66	1018	472	0	4	0,1	57	63	132	150	12	0,5
29/11/2024	13	26	0,2	209	23,3	58	1017	386	0	3	0,1	30	48	118	93	22	1,1
29/11/2024	14	13	0,4	233	24	49	1017	294	0	3	0,1	5	19	61	26	46	1,6
29/11/2024	15	14	0,3	240	24	48	1016	224	0	3	0,1	6	23	61	32	38	2
29/11/2024	16	18	0,3	291	22,8	50	1016	68	0	3	0,1	14	48	77	69	22	1,7
29/11/2024	17	17	0,2	30	18,8	72	1017	3	0	3	0,1	13	48	43	69	30	0,7
29/11/2024	18	12	0,2	42	16,6	95	1018	3	0	3	0,1	4	43	16	49	34	0,4
29/11/2024	19	12	0,2	311	15,4	98	1018	3	0	3	0,1	3	39	17	43	25	0,4
29/11/2024	20	22	0,2	306	14,6	99	1019	3	0	3	0,1	26	58	32	98	2	0,4
29/11/2024	21	26	0,2	337	14	99	1019	3	0	3	0,1	59	61	39	151	2	0,4
29/11/2024	22	29	0,3	353	14,1	99	1020	3	0	3	0,1	9	47	35	61	11	0,4
29/11/2024	23	34	0,3	347	13,6	99	1020	3	0	3	0,1	3	39	38	43	14	0,4
30/11/2024	00	37	0,2	314	12,6	99	1020	3	0	3	0,1	17	42	51	68	3	0,4
30/11/2024	01	33	0,3	305	12	99	1020	3	0	3	0,1	23	41	42	76	2	0,4
30/11/2024	02	29	0,2	300	11,5	99	1020	3	0	3	0,1	24	40	34	76	3	0,5
30/11/2024	03	27	0,3	303	11,2	99	1020	3	0	3	0,1	16	38	30	62	2	0,6
30/11/2024	04	27	0,4	308	11,1	99	1021	3	0	3	0,1	13	34	30	55	2	0,6
30/11/2024	05	28	0,3	297	11,1	99	1021	3	0	3	0,1	10	32	30	48	2	0,5
30/11/2024	06	28	0,2	298	10,8	99	1021	3	0	3	0,1	11	29	32	46	2	0,5
30/11/2024	07	26	0,3	301	11,3	99	1021	3	0	3	0,1	12	30	33	49	2	0,7
30/11/2024	08	31	0,2	299	12	99	1022	3	0	3	0,1	32	33	42	82	3	0,6
30/11/2024	09	34	0,2	300	13	99	1022	48	0	3	0,1	31	34	48	81	5	0,4
30/11/2024	10	35	0,2	295	15	99	1023	166	0	3	0,1	17	33	48	59	19	0,6
30/11/2024	11	27	0,2	321	17	95	1022	353	0	3	0,1	6	20	35	29	41	0,6
30/11/2024	12	24	0,2	50	18,8	83	1022	426	0	3	0,1	10	29	34	44	37	0,7
30/11/2024	13	20	0,4	81	18,8	79	1021	372	0	3	0,1	9	28	27	42	44	1,7
30/11/2024	14	15	0,3	93	18,6	79	1020	291	0	3	0,1	6	23	22	32	53	1,9
30/11/2024	15	14	0,4	86	18,1	84	1020	206	0	3	0,1	6	25	17	33	50	1,7
30/11/2024	16	15	0,3	75	17,4	89	1020	71	0	3	0,1	4	24	17	30	51	1,4
30/11/2024	17	13	0,3	67	16,4	97	1020	3	0	3	0,1	3	22	16	26	56	0,6
30/11/2024	18	16	0,3	2	15,9	99	1020	3	0	3	0,1	3	32	22	36	38	0,4
30/11/2024	19	26	0,3	290	14,8	99	1021	3	0	3	0,1	4	50	37	57	9	0,4
30/11/2024	20	25	0,2	292	14,1	99	1020	3	0	3	0,1	13	53	35	73	3	0,4
30/11/2024	21	26	0,2	294	13,2	99	1021	3	0	3	0,1	8	39	30	52	4	0,5
30/11/2024	22	31	0,2	303	12,8	99	1020	3	0	3	0,1	13	35	39	55	3	0,4
30/11/2024	23	29	0,2	297	12,4	99	1020	3	0	3	0,1	12	33	34	52	2	0,5
01/12/2024	00	33	0,2	293	12,1	99	1020	3	0	3	0,1	9	31	38	44	3	0,4
01/12/2024	01	34	0,2	289	12,2	99	1020	3	0	3	0,1	9	28	38	41	2	0,4
01/12/2024	02	32	0,3	280	12,4	99	1020	3	0	3	0,1	5	25	35	32	6	0,4
01/12/2024	03	30	0,2	293	12,2	99	1020	3	0	3	0,1	3	19	34	23	8	0,4
01/12/2024	04	27	0,2	307	12	99	1019	3	0	3	0,1	3	17	29	21	11	0,4
01/12/2024	05	26	0,2	257	11,3	99	1019	3	0	3	0,1	3	18	29	22	10	0,4
01/12/2024	06	25	0,3	289	10,8	99	1020	3	0	3	0,1	3	16	28	19	7	0,4
01/12/2024	07	23	0,2	295	10,2	99	1020	3	0	3	0,1	3	18	26	23	4	0,4
01/12/2024	08	23	0,2	298	10,2	99	1020	4	0,2	3	0,1	23	26	30	62	4	0,5
01/12/2024	09	24	0,3	288	11,3	99	1021	36	0	3	0,1	24	25	33	62	6	0,5
01/12/2024	10	29	0,2	280	14	99	1021	132	0	3	0,1	19	29	40	58	15	0,5
01/12/2024	11	25	0,1	294	15,9	98	1021	246	0	3	0,1	9	24	34	37	27	0,5
01/12/2024	12	22	0,2	224	18,4	86	1020	431	0	3	0,1	4	15	37	21	52	0,5
01/12/2024	13	17	0,3	149	19,3	77	1019	384	0	3	0,1	4	11	28	16	67	1,1
01/12/2024	14	18	0,3	138	18,7	77	1018	260	0	3	0,1	2	11	27	14	68	1,2
01/12/2024	15	17	0,4	129	17,8	81	1018	180	0	3	0,1	13	22	24	42	64	1,6
01/12/2024	16	16	0,3	134	17	87	1018	87	0	3	0,1	2	10	21	14	72	1,3
01/12/2024	17	16	0,2	116	15,7	95	1018	5	0	3	0,1	2	14	21	18	61	0,6
01/12/2024	18	22	0,2	119	14,5	99	1018	3	0	3	0,1	3	25	29	29	38	0,4
01/12/2024	19	34	0,3	304	14	99	1019	3	0	3	0,1	17	52	49	78	5	0,4
01/12/2024	20	35	0,2	304	13,5	99	1019	3	0	3	0,1	38	50	50	108	3	0,5
01/12/2024	21	28	0,3	294	13,1	99	1019	3	0	3	0,1	15	43	36	67	2	0,7
01/12/2024	22	27	0,3	292	12,7	99	1019	3	0	3	0,1	12	36	32	54	2	0,6
01/12/2024	23	28	0,2	294	12,2	99	1018	3	0	3	0,1	8	32	33	44	6	0,4
02/12/2024	00	28	0,2	306	11,9	99	1018	3	0	3	0,1	3	27	31	31	7	0,4
02/12/2024	01	28	0,2	279	11,7	99	1018	3	0	3	0,1	3	30	32	35	3	0,4
02/12/2024	02	24	0,2	281	11,4	99	1017	3	0	3	0,1	3	20	25	24	13	0,4
02/12/2024	03	24	0,2	307	10,8	99	1017	3	0	3	0,1	2	17	26	20	8	0,4
02/12/2024	04	24	0,3	297	10,6	99	1016	3	0	3	0,1	3	18	26	22	4	0,4
02/12/2024	05	22	0,2	216	11,1	99	1016	3	0	3	0,1	3	19	24	24	5	0,4
02/12/2024	06	22	0,3	290	11,2	99	1016	3	0	3	0,1	6	20	28	30	3	0,4
02/12/2024	07	26	0,2	259	11	99	1016	3	0	3	0,1	44	22	38	89	2	0,4
02/12/2024	08	32	0,2	282	11,3	99	1017	9	0	4	0,1	106	31	44	194	2	0,4
02/12/2024	09	35	0,2	293	12,9	99	1017	44	0	4	0,1	146	44	48	267	3	0,5
02/12/2024	10	37	0,2	299	15	99	1018	115	0	3	0,1	64	43	55	141	5	0,5
02/12/2024	11	28	0,2	346	18,1	82	1017	333	0	3	0,1	63	46	59	143	6	0,5
02/12/2024	12	24	0,2	48	20,6	64	1017	504	0,1	3	0,1	28	37	47	79	19	0,6
02/12/2024	13	23	0,3	120	20,5	64	1016	326	0	3	0,1	21	39	47	70	20	1,1
02/12/2024	14	22	0,3	160	20,5	65	1015	287	0	3	0,1	26	40	46	80	17	0,9
02/12/2024	15	23	0,2	166	20,6	60	1015	214	0	3	0,1	22	49	69	83	20	0,5
02/12/2024	16	29	0,2	169	19,1	62	1015	31	0	3	0,1	20	61	100	91	16	0,5
02/12/2024	17	64	0,2	195	17,1	70	1015	3	0	3	0,1	90	80	237	218	4	0,4
02/12/2024	18	112	0,2	203	15,9	77	1016	3	0	4	0,1	186	93	326	378	4	0,4
02/12/2024	19	112	0,2	207	15	85	1016	3	0	4	0,1	184	78	167	359	3	0,4
02/12/2024	20	79	0,2	297	14,3	93	1016	3	0	4	0,1	163	61	119	312	2	0,4
02/12/2024	21	34	0,2	278	14,1	95	1016	3	0	3	0,1	64	51	52	150	2	0,4
02/12/2024	22	33	0,2	274	14,2	95	1016	3	0	3	0,1	48	47	49	120	3	0,4
02/12/2024	23	33	0,2	287	14,1	96	1016	3	0	3	0,1	49	43	49	118	2	0,4
03/12/2024	00	26	0,2	297	13,5	98	1016	3	0	3	0,1	40	35	37	97	3	0,4
03/12/2024	01	21	0,2	194	13,4	99	1015	3	0	3	0,1	27	34	27	74	2	0,4
03/12/2024	02	21	0,3	337	12,9	99	1015	3	0	3	0,1	29	29	26	73	2	0,4
03/12/2024	03	18	0,3	263	13,1	99	1015	3	0	3	0,1	23	31	23	66	2	0,4
03/12/2024	04	13	0,2	291	13,1	98	1015	3	0	3	0,1	7	30	16	41	3	0,4
03/12/2024	05	10	0,2	344	13,1	93	1015	3	0	3	0,1	5	31	14	39	3	0,4
03/12/2024	06	10	0,2	292	13,3	89	1015	3	0	3	0,1	7	33	13	44	3	0,4
03/12/2024	07	12	0,2	279	13,2	86	1015	3	0	3	0,1	39	40	18	100	3	0,4
03/12/2024	08	19	0,2	290	12,7	88	1015	3	0	3	0,1	80	46	29	168	2	0,4
03/12/2024	09	27	0,2	299	13,1	87	1015	22	0	4	0,1	133	53	41	256	4	0,5
03/12/2024	10	23	0,3	290	15	81	1016	106	0	3	0,1	80	49	59	171	5	1,2
03/12/2024	11	21	0,3	289	17,2	70	1016	212	0	3	0,1	42	47	71	112	9	0,8
03/12/2024	12	18	0,2	5	19,7	64	1015	420	0	3	0,1	27	39	51	80	20	0,6
03/12/2024	13	14	0,3	84	20,3	65	1013	372	0	3	0,1	27	33	27	74	30	1,3
03/12/2024	14	10	0,6	78	19,9	67	1013	303	0	3	0,1	6	19	19	28	48	2,6
03/12/2024	15	10	0,4	82	19,3	70	1012	210	0	3	0,1	4	16	19	23	55	2
03/12/2024	16	11	0,2	88	18,2	76	1012	50	0	3	0,1	5	27	20	35	44	0,8
03/12/2024	17	15	0,2	85	16,5	86	1012	3	0	3	0,1	11	56	22	72	13	0,4
03/12/2024	18	19	0,3	87	15,5	93	1013	3	0	3	0,1	19	64	28	93	4	0,4
03/12/2024	19	24	0,2	2	15,2	99	1013	3	0	3	0,1	21	62	35	93	3	0,4
03/12/2024	20	23	0,2	307	15,1	99	1013	3	0	3	0,1	35	54	34	107	3	0,4
03/12/2024	21	13	0,3	290	15	99	1013	3	0	3	0,1	7	50	19	60	4	0,4
03/12/2024	22	15	0,2	297	14,6	99	1013	3	0	3	0,1	7	48	22	58	3	0,4
03/12/2024	23	16	0,2	291	14,2	99	1013	3	0	3	0,1	6	37	19	47	11	0,5
04/12/2024	00	18	0,3	291	13,7	99	1013	3	0,6	3	0,1	3	26	20	30	14	0,6
04/12/2024	01	14	0,2	263	13,7	99	1012	3	0,2	3	0,1	3	21	15	25	20	0,5
04/12/2024	02	13	0,2	246	13,4	99	1012	3	0,2	3	0,1	3	16	14	20	21	0,4
04/12/2024	03	12	0,2	269	13	99	1011	3	0,2	3	0,1	3	10	13	14	22	0,4
04/12/2024	04	13	0,3	305	13	99	1011	3	0	3	0,1	3	12	14	16	20	0,5
04/12/2024	05	13	0,3	297	13,2	99	1011	3	0,1	3	0,1	3	14	14	18	21	0,9
04/12/2024	06	8	0,3	313	13,6	99	1012	3	0	3	0,1	3	18	9	22	30	0,9
04/12/2024	07	9	0,3	284	13,4	99	1012	3	0,4	3	0,1	16	42	10	66	5	0,5
04/12/2024	08	13	0,3	238	13,1	99	1013	3	0	3	0,1	37	40	14	98	2	0,5
04/12/2024	09	18	0,4	280	13,2	99	1014	15	0	3	0,1	104	51	21	210	3	0,8
04/12/2024	10	9	0,4	311	14,5	99	1015	51	0	3	0,1	34	41	11	93	9	0,8
04/12/2024	11	11	0,3	357	15,3	99	1016	69	0	3	0,1	19	38	13	66	18	0,6
04/12/2024	12	7	0,5	43	14,4	95	1016	27	0	3	0,1	7	31	9	42	27	1,3
04/12/2024	13	5	0,3	57	16,5	84	1017	200	0	3	0,1	12	34	8	52	31	0,5
04/12/2024	14	2	0,3	336	18,6	58	1017	315	0	3	0,1	6	15	4	24	61	1
04/12/2024	15	3	0,4	118	18,1	55	1018	232	0	3	0,1	3	15	6	20	63	1,6
04/12/2024	16	5	0,4	185	16,1	64	1019	55	0	4	0,1	4	21	12	27	48	1,3
04/12/2024	17	9	0,2	197	14,5	71	1019	3	0	3	0,1	5	44	27	51	22	0,5
04/12/2024	18	7	0,4	210	13,5	76	1019	3	0	3	0,1	6	47	17	57	18	1,4
04/12/2024	19	11	0,3	236	12,3	78	1020	3	0	3	0,1	7	41	23	51	17	0,4
04/12/2024	20	12	0,2	279	11,2	86	1020	3	0	3	0,1	10	43	18	58	11	0,4
04/12/2024	21	12	0,2	260	10,6	88	1020	3	0	4	0,1	16	42	17	66	7	0,4
04/12/2024	22	8	0,3	248	9,9	81	1021	3	0	4	0,1	4	30	12	37	19	0,4
04/12/2024	23	7	0,2	228	9,3	82	1021	3	0	4	0,1	5	27	9	35	20	0,4
05/12/2024	00	4	0,3	237	9,3	74	1020	3	0	4	0,1	2	14	7	17	37	0,8
05/12/2024	01	5	0,2	268	8,4	78	1020	3	0	4	0,1	2	18	9	21	28	0,4
05/12/2024	02	5	0,3	288	8,8	75	1021	3	0	3	0,1	2	23	10	26	25	0,4
05/12/2024	03	5	0,3	297	8,4	74	1021	3	0	3	0,1	2	20	10	24	27	0,4
05/12/2024	04	5	0,2	191	8,3	77	1021	3	0	3	0,1	2	23	10	27	19	0,4
05/12/2024	05	4	0,2	219	8,9	74	1021	3	0	3	0,1	2	22	9	25	31	0,5
05/12/2024	06	7	0,2	238	8,8	70	1020	3	0	3	0,1	2	16	21	19	29	0,5
05/12/2024	07	10	0,2	290	8,7	69	1020	3	0	3	0,1	9	41	42	54	10	0,7
05/12/2024	08	8	0,3	273	9	65	1020	3	0	3	0,1	14	37	38	59	17	0,6
05/12/2024	09	14	0,2	234	10,1	64	1020	10	0	3	0,1	25	42	62	80	14	0,5
05/12/2024	10	17	0,3	279	12,5	59	1020	128	0	3	0,1	33	48	59	99	15	0,6
05/12/2024	11	12	0,2	272	15,7	54	1020	334	0	3	0,1	22	40	48	74	24	1,3
05/12/2024	12	9	0,3	282	18,9	47	1020	501	0	3	0,1	17	33	46	58	34	0,7
05/12/2024	13	8	0,2	245	20,6	43	1019	405	0	3	0,1	14	22	37	44	47	0,8
05/12/2024	14	9	0,3	140	21,5	40	1019	341	0	3	0,1	5	16	41	23	59	1,1
05/12/2024	15	8	0,4	120	19,4	40	1019	215	0	3	0,1	4	20	34	26	63	1,9
05/12/2024	16	8	0,2	150	18	41	1019	57	0	3	0,1	4	26	35	32	57	0,6
05/12/2024	17	23	0,2	72	15,4	49	1020	3	0	3	0,1	10	48	104	63	26	0,4
05/12/2024	18	31	0,2	2	13,3	57	1020	3	0	3	0,1	65	74	109	173	3	0,4
05/12/2024	19	44	0,2	360	13	59	1020	3	0	3	0,1	109	77	144	244	3	0,5
05/12/2024	20	37	0,2	300	12,3	60	1021	3	0	3	0,1	70	64	94	172	3	0,4
05/12/2024	21	42	0,3	299	11,6	62	1021	3	0	3	0,1	61	59	88	153	4	0,8
05/12/2024	22	25	0,2	296	11,1	65	1021	3	0	3	0,1	36	55	47	111	3	0,6
05/12/2024	23	20	0,2	295	10,6	68	1021	3	0	3	0,1	24	50	35	86	2	0,4
06/12/2024	00	19	0,2	297	10,3	70	1021	3	0	3	0,1	16	47	29	72	3	0,4
06/12/2024	01	15	0,2	295	10,1	72	1020	3	0	3	0,1	15	44	25	68	3	0,4
06/12/2024	02	11	0,2	302	10,3	73	1020	3	0	3	0,1	4	33	17	38	7	0,4
06/12/2024	03	9	0,2	181	10,1	78	1019	3	0	3	0,1	4	32	12	37	4	0,4
06/12/2024	04	7	0,3	237	10,6	79	1019	3	0	3	0,1	2	24	9	27	13	0,4
06/12/2024	05	3	0,3	277	12,5	71	1018	3	0	3	0,1	2	11	5	15	39	0,5
06/12/2024	06	4	0,3	308	13,3	64	1018	3	0	3	0,1	2	9	8	13	42	1,3
06/12/2024	07	5	0,4	283	13,5	62	1018	3	0	3	0,1	3	13	13	17	35	0,8
06/12/2024	08	6	0,3	276	13,3	63	1019	3	0	3	0,1	14	24	18	45	29	1
06/12/2024	09	7	0,4	285	14,9	61	1019	26	0	3	0,1	6	25	30	34	30	1,9
06/12/2024	10	7	0,4	232	17,7	56	1019	132	0	3	0,1	9	23	26	37	34	1,4
06/12/2024	11	14	2	286	20,4	53	1019	411	0	3	0,1	13	21	89	41	40	5,5
06/12/2024	12	11	2,5	301	22,5	50	1018	460	0	3	0,1	5	11	75	18	56	6,7
06/12/2024	13	7	0,9	302	24,4	46	1017	426	0	3	0,1	4	11	40	17	57	4,3
06/12/2024	14	7	1,1	294	24,8	44	1017	385	0	3	0,1	4	10	35	15	57	4,7
06/12/2024	15	6	0,4	304	24,8	44	1016	261	0	3	0,1	3	9	26	13	60	2,3
06/12/2024	16	5	0,5	326	23,3	46	1016	64	0	3	0,1	12	25	23	43	43	1,9
06/12/2024	17	13	0,6	292	21,2	49	1016	3	0	3	0,1	14	30	59	51	32	2,8
06/12/2024	18	11	0,2	145	19,5	54	1017	3	0	3	0,1	4	33	43	39	25	0,6
06/12/2024	19	18	0,3	308	18,3	57	1017	3	0	3	0,1	9	40	62	53	15	0,9
06/12/2024	20	16	0,2	260	16,9	61	1017	3	0	3	0,1	4	36	50	41	15	0,4
06/12/2024	21	16	0,2	245	16,1	65	1017	3	0	3	0,1	7	38	47	48	12	0,4
06/12/2024	22	14	0,2	272	15,3	67	1017	3	0	3	0,1	3	25	34	29	21	0,4
06/12/2024	23	9	0,2	249	15,1	69	1018	3	0	3	0,1	3	25	20	29	21	0,4
07/12/2024	00	8	0,2	236	14,4	72	1017	3	0	3	0,1	3	21	17	25	23	0,4
07/12/2024	01	5	0,2	233	14,4	73	1017	3	0	3	0,1	3	11	6	15	33	0,4
07/12/2024	02	6	0,2	200	13,5	75	1017	3	0	3	0,1	3	13	10	17	23	0,4
07/12/2024	03	8	0,2	138	12,3	83	1016	3	0	3	0,1	3	19	13	23	7	0,4
07/12/2024	04	8	0,2	279	12,2	87	1016	3	0	3	0,1	3	21	11	25	11	0,4
07/12/2024	05	6	0,2	281	13,2	84	1015	3	0	3	0,1	3	9	9	13	33	0,6
07/12/2024	06	7	0,5	265	14,4	74	1015	3	0	3	0,1	3	7	14	11	44	3,5
07/12/2024	07	8	0,3	283	14	73	1015	3	0	4	0,1	3	9	18	13	41	1
07/12/2024	08	9	0,2	292	13,9	72	1014	6	0	4	0,1	10	21	21	36	28	0,8
07/12/2024	09	9	0,6	241	15,8	69	1014	87	0	4	0,1	22	30	22	63	23	2,7
07/12/2024	10	10	1,2	273	18,6	60	1013	143	0	4	0,1	6	15	47	24	40	5,1
07/12/2024	11	21	2,1	285	18,1	59	1013	135	0	4	0,1	5	14	136	21	42	9,4
07/12/2024	12	16	1,4	270	17,4	60	1013	176	0	4	0,1	5	12	95	20	40	6,5
07/12/2024	13	20	1,8	267	18,9	58	1011	393	0	4	0,1	9	12	129	26	41	10,2
07/12/2024	14	11	1,8	277	20,4	53	1011	326	0	3	0,1	4	8	65	14	50	8
07/12/2024	15	4	0,5	268	21,7	49	1010	226	0	3	0,1	3	8	17	13	52	3
07/12/2024	16	6	0,3	215	20,9	49	1010	67	0	3	0,1	4	15	21	20	46	0,9
07/12/2024	17	14	0,3	260	18,4	54	1010	3	0	3	0,1	14	34	54	56	23	1,7
07/12/2024	18	7	0,3	271	17,5	51	1011	3	0	3	0,1	5	19	25	26	50	1,4
07/12/2024	19	8	0,3	279	16,3	52	1012	3	0	3	0,1	3	14	23	18	52	1,2
07/12/2024	20	6	0,8	303	16,6	49	1013	3	0	3	0,1	3	12	18	16	60	4,1
07/12/2024	21	4	1,1	312	16,2	41	1014	3	0	3	0,1	3	12	11	16	70	4,9
07/12/2024	22	5	1,3	305	15,2	39	1015	3	0	3	0,1	3	11	25	15	74	5,5
07/12/2024	23	3	1,1	299	14,5	37	1016	3	0	3	0,1	3	7	9	11	83	5,5
08/12/2024	00	3	1,2	301	13,9	37	1016	3	0	3	0,1	3	5	13	9	86	4,7
08/12/2024	01	2	0,4	293	12,7	39	1016	3	0	3	0,1	3	6	6	9	80	1
08/12/2024	02	2	0,3	307	11,6	42	1015	3	0	3	0,1	2	7	4	11	76	0,8
08/12/2024	03	2	0,2	290	11	43	1015	3	0	3	0,1	2	5	3	9	75	0,5
08/12/2024	04	2	0,3	265	10,3	46	1015	3	0	3	0,1	2	8	3	12	68	0,4
08/12/2024	05	1	0,3	228	9,9	48	1015	3	0	3	0,1	2	7	2	10	72	1
08/12/2024	06	1	0,2	242	9,5	49	1015	3	0	4	0,1	2	5	2	8	74	1,1
08/12/2024	07	2	0,5	259	10,4	47	1016	3	0	4	0,1	2	5	8	8	79	2,5
08/12/2024	08	4	0,9	273	10,8	46	1016	6	0	4	0,1	6	12	16	21	72	4,1
08/12/2024	09	4	0,9	265	11,3	46	1015	42	0	4	0,1	3	7	22	11	77	5,9
08/12/2024	10	4	0,5	263	12,1	46	1015	95	0	4	0,1	2	7	14	11	72	3,9
08/12/2024	11	4	0,8	280	13,2	43	1015	166	0	3	0,1	3	10	16	14	74	4,7
08/12/2024	12	10	2	305	15,2	38	1014	488	0	3	0,1	3	8	71	12	80	8,2
08/12/2024	13	14	3,2	305	15,5	34	1013	421	0	3	0,1	3	7	89	12	83	11,3
08/12/2024	14	12	2,8	302	15,7	31	1011	290	0	3	0,1	3	7	101	11	89	9,5
08/12/2024	15	8	3,8	301	15,2	31	1012	248	0	3	0,1	3	6	59	10	90	12,3
08/12/2024	16	4	3,3	301	14,4	32	1011	65	0	3	0,1	3	6	31	10	86	11,5
08/12/2024	17	5	2,9	296	13,5	34	1011	3	0	3	0,1	3	6	29	10	86	10,8
08/12/2024	18	5	2,1	289	12,8	35	1010	3	0	3	0,1	2	8	25	12	82	9,8
08/12/2024	19	3	1,9	292	12,6	36	1010	3	0	3	0,1	2	6	11	10	84	7,5
08/12/2024	20	3	0,6	263	11,8	38	1010	3	0	3	0,1	2	8	11	11	77	2,5
08/12/2024	21	4	0,2	247	11	40	1010	3	0	3	0,1	2	10	12	13	72	0,9
08/12/2024	22	4	0,2	270	10,1	43	1010	3	0	3	0,1	2	11	11	15	63	0,7
08/12/2024	23	2	0,4	267	9,9	45	1010	3	0	3	0,1	2	9	4	12	68	1,6
09/12/2024	00	1	0,6	292	9,5	47	1010	3	0	3	0,1	2	6	3	10	68	1,8
09/12/2024	01	1	0,5	286	9,2	48	1010	3	0	3	0,1	2	5	2	8	70	1,8
09/12/2024	02	1	0,6	287	8,6	49	1010	3	0	3	0,1	2	5	1	8	70	3,9
09/12/2024	03	1	0,5	283	8,3	50	1010	3	0	3	0,1	2	5	1	8	72	2,6
09/12/2024	04	1	0,4	219	7,7	52	1009	3	0	3	0,1	2	4	1	8	70	1,7
09/12/2024	05	1	0,4	233	7,8	52	1009	3	0	3	0,1	2	5	2	8	67	1,5
09/12/2024	06	2	0,5	250	8	52	1009	3	0	3	0,1	2	5	4	9	66	3
09/12/2024	07	4	0,3	269	8	53	1009	3	0	3	0,1	2	10	15	14	56	1,8
09/12/2024	08	7	0,4	247	7,7	53	1009	3	0	3	0,1	14	34	31	55	33	1,5
09/12/2024	09	6	0,4	261	8,4	53	1009	3	0	3	0,1	8	24	25	36	45	2,5
09/12/2024	10	6	1	285	10,2	50	1009	61	0	3	0,1	4	13	29	19	56	4,7
09/12/2024	11	7	1,7	295	13,5	43	1009	471	0	3	0,1	5	12	41	20	58	6,2
09/12/2024	12	7	2	294	14,2	39	1008	324	0	3	0,1	8	17	38	30	58	6,8
09/12/2024	13	5	1,3	304	14,8	38	1008	382	0	3	0,1	5	12	21	19	65	5,4
09/12/2024	14	3	0,4	309	15,4	37	1007	273	0	3	0,1	4	11	14	18	64	1,6
09/12/2024	15	7	1,4	312	14,4	37	1007	161	0	3	0,1	3	13	43	17	62	7,7
09/12/2024	16	6	1,2	315	13,9	36	1007	33	0	3	0,1	3	11	34	16	62	5,6
09/12/2024	17	4	1,2	312	12,6	39	1008	3	0	3	0,1	3	17	16	21	48	5,8
09/12/2024	18	6	1	312	11,8	42	1008	3	0	3	0,1	5	39	14	46	23	3,7
09/12/2024	19	3	1,4	308	11,7	44	1009	3	0	3	0,1	3	27	11	33	38	6,6
09/12/2024	20	2	1,6	310	11,4	46	1009	3	0	3	0,1	2	15	7	19	50	6,5
09/12/2024	21	3	0,7	299	10,4	49	1009	3	0	3	0,1	2	20	7	23	39	3,3
09/12/2024	22	2	0,8	300	10,2	49	1009	3	0	3	0,1	2	11	4	14	59	2,9
09/12/2024	23	2	0,3	305	9,2	51	1010	3	0	3	0,1	2	11	5	14	58	0,8
10/12/2024	00	3	0,2	299	8,2	54	1010	3	0	3	0,1	2	12	7	15	46	0,6
10/12/2024	01	5	0,2	295	7,3	57	1010	3	0	3	0,1	2	15	9	19	33	0,4
10/12/2024	02	5	0,3	300	6	62	1010	3	0	3	0,1	2	21	9	24	21	0,4
10/12/2024	03	4	0,2	277	5,6	64	1010	3	0	3	0,1	2	14	6	17	31	0,3
10/12/2024	04	3	0,3	294	5,4	65	1010	3	0	3	0,1	2	15	6	18	31	0,5
10/12/2024	05	4	0,2	293	4,9	67	1010	3	0	3	0,1	2	14	9	18	26	0,4
10/12/2024	06	7	0,2	301	4,6	69	1010	3	0	3	0,1	4	28	19	34	12	0,3
10/12/2024	07	12	0,2	293	4,5	70	1010	3	0	3	0,1	29	40	35	85	4	0,4
10/12/2024	08	17	0,3	278	4,7	71	1010	3	0	4	0,1	55	46	39	130	4	0,4
10/12/2024	09	13	0,2	265	6,7	68	1011	3	0	3	0,1	24	37	42	74	14	0,7
10/12/2024	10	16	0,2	277	9,3	62	1011	53	0	4	0,1	37	37	60	94	18	0,5
10/12/2024	11	11	0,2	269	13,6	50	1011	421	0	3	0,1	16	29	45	54	34	0,4
10/12/2024	12	9	0,2	132	14,7	44	1011	463	0	3	0,1	10	19	34	33	48	0,7
10/12/2024	13	6	0,4	139	14,9	43	1011	433	0	3	0,1	5	14	23	22	61	1,2
10/12/2024	14	5	0,3	116	15,1	41	1011	398	0	3	0,1	4	11	15	16	68	1
10/12/2024	15	6	0,3	139	14,2	44	1011	184	0	3	0,1	4	14	17	20	66	1,3
10/12/2024	16	6	0,2	143	12,9	46	1011	28	0	3	0,1	4	15	19	20	61	1
10/12/2024	17	13	0,2	130	12,2	50	1012	3	0	3	0,1	3	34	43	38	36	0,4
10/12/2024	18	15	0,2	92	11,5	52	1012	3	0	3	0,1	11	61	54	78	9	0,4
10/12/2024	19	19	0,3	184	11,1	55	1012	3	0	3	0,1	23	64	63	99	3	0,4
10/12/2024	20	20	0,2	288	10,9	57	1013	3	0	3	0,1	22	59	61	94	3	0,4
10/12/2024	21	25	0,2	300	10,6	59	1013	3	0	3	0,1	23	58	63	94	3	0,4
10/12/2024	22	14	0,2	0	10,7	61	1013	3	0	3	0,1	20	46	31	77	14	0,6
10/12/2024	23	2	0,4	57	9,8	73	1013	3	0,2	3	0,1	2	14	4	17	53	1,1
11/12/2024	00	2	0,2	39	9,2	80	1013	3	0	3	0,1	2	7	2	11	61	0,4
11/12/2024	01	2	0,3	36	9,6	79	1013	3	0	3	0,1	2	10	2	14	54	0,6
11/12/2024	02	2	0,3	69	9,4	80	1012	3	0	3	0,1	2	11	2	14	54	0,6
11/12/2024	03	2	0,3	337	9,1	85	1012	3	0,2	3	0,1	2	13	2	17	43	0,5
11/12/2024	04	2	0,3	293	9,2	85	1012	3	0	3	0,1	2	11	2	14	46	0,4
11/12/2024	05	6	0,2	301	8,6	85	1012	3	0	3	0,1	2	18	8	22	19	0,4
11/12/2024	06	6	0,2	309	8,2	88	1012	3	0	3	0,1	7	32	7	42	11	0,4
11/12/2024	07	10	0,2	291	7,6	90	1012	3	0	3	0,1	28	38	14	81	3	0,4
11/12/2024	08	14	0,2	303	7,6	91	1013	3	0	4	0,1	53	44	20	126	3	0,4
11/12/2024	09	9	0,2	354	9	86	1013	26	0	3	0,1	28	41	12	84	9	0,4
11/12/2024	10	8	0,3	22	10,2	76	1014	95	0	4	0,1	11	32	12	48	21	0,8
11/12/2024	11	6	0,5	38	10,3	71	1014	122	0	3	0,1	10	30	8	44	29	1,9
11/12/2024	12	6	0,4	7	10,8	65	1014	151	0					12			1,7
11/12/2024	13	7	0,8	15	11,9	56	1013	299	0					18			3,2
11/12/2024	14	8	0,7	36	12,1	51	1013	245	0	3	0,1	8	23	19	35	43	4,3
11/12/2024	15	6	1	54	11,4	53	1012	63	0	3	0,1	5	18	13	25	53	4,3
11/12/2024	16	5	0,7	44	11,3	52	1012	17	0	3	0,1	4	19	17	24	51	3,7
11/12/2024	17	5	0,6	35	10,9	52	1013	3	0	3	0,1	3	20	15	24	48	2,5
11/12/2024	18	5	0,3	3	10,4	51	1013	3	0	4	0,1	3	30	13	34	33	2,4
11/12/2024	19	4	0,4	340	10,3	49	1013	3	0	3	0,1	5	33	10	41	30	2
11/12/2024	20	4	0,3	327	10,2	49	1013	3	0	4	0,1	3	31	9	35	34	2,2
11/12/2024	21	4	0,3	323	10,3	50	1014	3	0	4	0,1	2	26	6	29	39	1,1
11/12/2024	22	4	0,3	338	10,2	53	1014	3	0	4	0,1	2	20	6	24	44	2,2
11/12/2024	23	7	0,2	308	9,8	57	1014	3	0	4	0,1	2	22	9	25	28	0,6
12/12/2024	00	8	0,3	300	9,2	62	1014	3	0	3	0,1	2	20	11	24	23	0,4
12/12/2024	01	7	0,2	305	9	64	1014	3	0	4	0,1	2	18	9	22	23	0,5
12/12/2024	02	8	0,3	296	8,9	67	1014	3	0	3	0,1	2	17	11	20	17	0,5
12/12/2024	03	7	0,3	304	8,7	70	1014	3	0	3	0,1	2	15	9	19	20	0,6
12/12/2024	04	7	0,3	297	8,6	71	1014	3	0	3	0,1	2	16	9	19	18	0,4
12/12/2024	05	8	0,3	293	8	74	1013	3	0	3	0,1	2	19	11	23	12	0,4
12/12/2024	06	9	0,2	294	7,7	78	1013	3	0	3	0,1	7	26	13	37	3	0,5
12/12/2024	07	15	0,2	302	8	79	1014	3	0	3	0,1	53	38	22	119	3	0,4
12/12/2024	08	19	0,2	294	7,9	80	1014	3	0	3	0,1	66	36	28	137	3	0,5
12/12/2024	09	13	0,3	291	8,2	77	1014	1	0	3		41	34	23	98	6	0,8
12/12/2024	10	13	0,4	298	10,5	72	1014	41	0	4	0,1	24	29	40	66	17	1,2
12/12/2024	11	6	0,3	346	13,2	62	1014	301	0	4	0,1	11	22	13	38	40	1,5
12/12/2024	12	6	0,3	24	12,6	65	1014	75	0	3	0,1	5	23	14	31	48	1,3
12/12/2024	13	7	0,3	26	12,3	68	1014	68	0	3	0,1	5	28	13	37	41	1,3
12/12/2024	14	7	0,2	31	12,9	67	1013	73	0	3	0,1	5	25	14	33	49	1,2
12/12/2024	15	5	0,2	41	12,8	70	1013	34	0	3	0,1	5	26	11	33	51	0,9
12/12/2024	16	6	0,2	352	12,8	69	1013	8	0	3	0,1	4	33	14	38	40	0,4
12/12/2024	17	9	0,2	172	11,9	78	1013	2	0	3	0,2	16	57	12	82	18	0,5
12/12/2024	18	8	0,2	273	11,2	88	1013	2	0	3	0,2	8	59	9	71	10	0,4
12/12/2024	19	11	0,3	318	11	93	1014	2	0	3	0,2	14	56	14	77	7	0,4
12/12/2024	20	7	0,2	347	11,3	84	1014	2	0	3	0,1	4	47	9	52	23	0,4
12/12/2024	21	6	0,2	317	10,3	82	1014	2	0	3	0,1	3	42	9	46	23	0,4
12/12/2024	22	17	0,2	304	9	87	1014	2	0	3	0,2	37	55	25	112	4	0,3
12/12/2024	23	18	0,1	302	8,7	94	1015	2	0	3	0,1	26	41	23	81	3	0,3
13/12/2024	00	19	0,2	295	8,6	96	1014	2	0	3	0,1	20	37	23	68	3	0,4
13/12/2024	01	18	0,3	289	8	97	1014	2	0	3	0,1	12	31	21	49	3	1
13/12/2024	02	17	0,2	288	8,3	98	1014	2	0	3	0,1	5	29	19	36	4	0,6
13/12/2024	03	12	0,2	292	8,3	96	1014	2	0	3	0,1	3	22	14	26	12	0,6
13/12/2024	04	10	0,3	290	8	96	1014	2	0	3	0,1	2	13	11	17	16	1
13/12/2024	05	12	0,4	292	8	97	1015	2	0	3	0,1	3	20	15	24	9	1
13/12/2024	06	11	0,2	300	8,1	96	1015	2	0	3	0,1	4	23	15	29	6	0,5
13/12/2024	07	12	0,2	296	8,4	94	1015	2	0,1					17			0,4
13/12/2024	08	21	0,2	298	8,6	94	1016	2	0					31			0,4
13/12/2024	09	26	0,2	299	9,3	94	1016	2	0					39			0,4
13/12/2024	10	21	0,2	299	11,3	88	1017	44	0					34			0,4
13/12/2024	11		0,2	227	14,9	71	1017	381	0,1	3	0,1	16	34		59	37	0,4
13/12/2024	12		0,2	204	15,8	63	1017	430	0,1	3	0,1	9	26		40	59	0,7
13/12/2024	13	11	0,3	163	15,9	62	1017	395	0,1	3	0,1	8	27	22	40	61	1,2
13/12/2024	14	11	0,2	162	15,9	62	1016	283	0	3	0,1	6	19	20	27	75	0,8
13/12/2024	15	10	0,3	161	15,6	62	1016	222	0	3	0,1	7	21	22	32	71	1,5
13/12/2024	16	9	0,4	176	14,1	67	1017	41	0	3	0,1	15	41	16	63	51	1,5
13/12/2024	17	11	0,3	191	12,5	78	1017	2	0	3	0,1	10	47	18	61	37	0,8
13/12/2024	18	15	0,2	198	11,6	85	1018	2	0	3	0,2	5	53	21	60	22	0,3
13/12/2024	19	17	0,2	210	11	90	1018	2	0	3	0,1	3	46	24	51	24	0,4
13/12/2024	20	22	0,1	264	10,1	94	1018	2	0	3	0,2	15	56	32	79	6	0,4
13/12/2024	21	20		293	9,5	97	1019	2	0	3	0,1	14	48	28	70	4	
13/12/2024	22	15	0,1	286	9	92	1020	2	0	3	0,1	5	40	20	48	11	0,6
13/12/2024	23	13	0,2	283	8,3	90	1020	2	0	4	0,1	3	29	16	33	21	0,3
14/12/2024	00	11	0,3	288	7,3	91	1020	2	0	4	0,1	3	23	15	28	20	0,3
14/12/2024	01	10	0,2	295	7,2	91	1020	2	0	4	0,1	2	20	12	24	25	0,3
14/12/2024	02	7	0,2	297	6,9	91	1020	2	0	3	0,1	2	16	9	19	29	0,3
14/12/2024	03	7	0,2	281	6,8	91	1020	2	0	3	0,1	2	13	8	16	31	0,3
14/12/2024	04	9	0,2	292	6,1	92	1020	2	0	3	0,1	2	14	10	18	25	0,3
14/12/2024	05	8	0,1	288	6,2	93	1020	2	0	3	0,1	2	13	9	17	28	0,4
14/12/2024	06	10	0,3	271	6,2	93	1021	2	0	3	0,1	2	16	13	19	25	0,3
14/12/2024	07	9	0,2	268	6,4	91	1022	2	0	3	0,1	2	19	11	22	25	0,4
14/12/2024	08	16	0,1	295	5,6	91	1022	2	0	3	0,1	36	41	24	97	6	0,3
14/12/2024	09	13	0,2	296	7,2	90	1023	2	0	3	0,1	22	35	20	69	13	0,4
14/12/2024	10	11	0,4	294	9,9	78	1023	37	0	3	0,1	16	30	27	54	26	1,2
14/12/2024	11	8	0,6	288	13,3	61	1023	389	0	3	0,1	9	20	25	33	44	2,4
14/12/2024	12	7	0,3	268	15,6	50	1023	411	0	3	0,1	8	19	22	31	53	1,3
14/12/2024	13	6	0,2	320	16,9	46	1022	396	0	3	0,1	5	11	20	18	63	0,5
14/12/2024	14	6	0,2	295	17	44	1022	289	0	3	0,1	7	16	17	28	64	1,3
14/12/2024	15	4	0,2	300	17,2	40	1022	214	0	3	0,1	6	14	11	23	69	0,7
14/12/2024	16	5	0,2	308	15,6	42	1022	27	0	3	0,1	5	20	18	28	57	0,4
14/12/2024	17	13	0,3	246	13,9	46	1022	2	0	3	0,2	10	60	49	75	14	0,4
14/12/2024	18	17	0,2	247	12,5	53	1023	2	0	3	0,2	19	54	46	82	5	0,4
14/12/2024	19	20	0,2	282	11,3	59	1024	2	0	3	0,1	16	47	51	71	7	0,4
14/12/2024	20	23	0,3	295	9,9	65	1024	2	0	4	0,1	21	46	42	78	4	0,6
14/12/2024	21	16	0,5	291	8,9	66	1024	2	0	4	0,1	12	42	25	61	8	1,4
14/12/2024	22	12	0,3	292	8	67	1025	2	0	4	0,1	3	29	17	33	20	1,1
14/12/2024	23	10	0,3	292	7,4	68	1025	2	0	4	0,1	2	21	13	24	30	1
15/12/2024	00	9	0,4	296	7,1	67	1025	2	0	4	0,1	2	15	11	19	35	1,1
15/12/2024	01	8	0,3	301	6,7	68	1025	2	0	5	0,1	2	17	13	21	33	0,6
15/12/2024	02	4	0,3	298	7,2	65	1024	2	0	3	0,1	2	10	7	14	47	1,6
15/12/2024	03	4	0,3	290	7,2	64	1025	2	0	3	0,1	2	8	5	12	49	1
15/12/2024	04	3	0,2	314	6,7	65	1024	2	0	3	0,1	2	7	4	10	48	0,3
15/12/2024	05	3	0,2	277	6,4	66	1024	2	0	3	0,1	2	6	4	10	49	0,4
15/12/2024	06	3	0,2	256	6	68	1024	2	0	3	0,1	2	7	3	11	46	0,5
15/12/2024	07	4	0,2	271	5,7	69	1025	2	0	3	0,1	2	10	8	14	39	0,3
15/12/2024	08	9	0,2	296	5,7	71	1026	2	0	4	0,1	12	30	20	50	18	0,4
15/12/2024	09	9	0,2	261	7,9	66	1027	2	0	4	0,1	67	46	24	148	16	0,4
15/12/2024	10	7	0,3	264	10,7	58	1027	33	0	4	0,1	39	34	25	94	30	0,9
15/12/2024	11	6	0,2	278	14,6	49	1028	395	0	3	0,1	29	30	18	73	38	0,8
15/12/2024	12	4	0,3	242	16,4	44	1028	443	0	3	0,1	14	21	14	42	52	0,7
15/12/2024	13	3	0,2	215	17,4	40	1027	408	0	3	0,1	10	17	10	31	62	0,8
15/12/2024	14								0								
19/12/2024	12								0,1								
19/12/2024	13	19	1	251	18,9	44	1013	212	0	3	0,1	5	18	92	26	69	6
19/12/2024	14	16	1,9	279	19,4	48	1013	148	0	3	0,1	4	13	99	19	77	10
19/12/2024	15	13	2,5	284	18,8	48	1013	85	0	3	0,1	4	13	76	19	75	11,1
19/12/2024	16	10	2,2	286	18,3	48	1013	26	0	3	0,1	4	16	46	22	70	10,4
19/12/2024	17	6	1,8	284	17,8	47	1013	5	0	3	0,1	20	33	24	63	66	7,6
19/12/2024	18	5	0,9	283	17	47	1014	5	0	3	0,1	4	19	17	25	70	4,3
19/12/2024	19	5	0,3	261	16,1	51	1015	5	0	3	0,1	4	17	14	23	71	1,6
19/12/2024	20	6	0,4	271	15,7	56	1016	5	0	3	0,1	4	17	14	23	58	1,4
19/12/2024	21	7	0,3	319	15	58	1017	5	0	3	0,1	4	37	16	43	28	0,5
19/12/2024	22	3	0,8	303	13,9	54	1018	5	0	3	0,1	4	26	9	33	54	2,3
19/12/2024	23	2	0,7	312	13	52	1018	5	0	3	0,1	4	13	4	19	72	2,5
20/12/2024	00	1	0,8	310	12,2	50	1019	6	0	3	0,1	4	10	2	16	79	2,5
20/12/2024	01	2	0,6	298	11	51	1019	6	0	3	0,1	4	10	2	15	73	2,2
20/12/2024	02	2	0,7	251	9,9	56	1019	5	0	3	0,1	3	9	3	14	68	1,9
20/12/2024	03	2	0,3	238	9,3	57	1020	6	0	3	0,1	3	12	3	17	61	0,9
20/12/2024	04	1	0,3	247	8,5	57	1019	5	0	3	0,1	3	10	2	15	65	0,5
20/12/2024	05	1	0,2	277	8,1	57	1019	5	0	3	0,1	3	9	3	15	67	1
20/12/2024	06	3	0,4	295	7,9	56	1019	5	0	4	0,1	3	14	8	19	57	1,3
20/12/2024	07	4	0,5	262	7,7	56	1020	5	0	4	0,1	8	36	13	49	44	2,4
20/12/2024	08	6	0,4	285	7,8	56	1020	6	0	6	0,2	64	59	22	156	30	2,1
20/12/2024	09	6	0,4	273	8,7	54	1021	6	0	4	0,1	8	34	24	47	42	1,9
20/12/2024	10	5	0,4	263	10,2	52	1021	7	0	4	0,1	6	21	19	30	57	2,7
20/12/2024	11	4	0,5	266	13,1	46	1021	402	0	4	0,1	6	15	17	23	68	2,2
20/12/2024	12	3	0,4	258	15,5	39	1020	587	0	4	0,1	4	11	14	18	76	1,9
20/12/2024	13	3	0,4	241	16,9	35	1020	567	0	3	0,1	5	13	14	21	78	1,3
20/12/2024	14	3	0,4	194	17,1	33	1019	438	0	3	0,1	5	12	14	20	84	1,2
20/12/2024	15	4	0,2	168	17	33	1019	261	0	3	0,1	5	17	22	24	78	0,8
20/12/2024	16	6	0,2	198	15,6	33	1019	51	0	3	0,1	5	22	28	29	69	0,7
20/12/2024	17	8	0,3	172	13,3	40	1020	5	0	3	0,1	6	47	37	56	37	0,4
20/12/2024	18	15	0,2	204	12,2	46	1020	5	0	3	0,2	7	56	69	67	21	0,5
20/12/2024	19	21	0,2	349	10,8	51	1021	5	0	3	0,2	34	67	70	119	3	0,4
20/12/2024	20	19	0,2	325	10	52	1021	5	0	3	0,2	58	69	58	158	3	0,4
20/12/2024	21	27	0,3	312	9,2	55	1022	5	0	4	0,3	148	90	67	317	3	0,4
20/12/2024	22	14	0,2	302	8,5	55	1022	6	0	3	0,2	35	67	32	121	3	0,7
20/12/2024	23	9	0,4	294	7,6	56	1022	5	0	3	0,1	5	45	18	53	17	1,2
21/12/2024	00	6	0,7	286	7,1	58	1022	5	0	3	0,1	3	25	10	30	37	2,6
21/12/2024	01	4	0,6	291	6,5	60	1022	5	0	3	0,1	3	15	6	20	45	1,9
21/12/2024	02	3	0,4	290	6,3	60	1022	5	0	3	0,1	3	13	5	17	50	1,3
21/12/2024	03	4	0,3	292	5,4	62	1022	5	0	3	0,1	3	14	6	19	40	0,5
21/12/2024	04	4	0,2	272	5,3	64	1022	5	0	4	0,1	3	16	5	20	40	0,4
21/12/2024	05	3	0,3	299	4,6	64	1022	5	0	3	0,1	3	17	5	22	31	0,4
21/12/2024	06	2	0,3	272	4,9	67	1022	5	0	3	0,1	3	17	4	22	43	0,4
21/12/2024	07	4	0,2	325	4,3	67	1023	5	0	4	0,1	11	38	10	55	13	0,4
21/12/2024	08	19	0,2	299	4	70	1024	5	0	4	0,2	83	56	32	184	5	0,4
21/12/2024	09	16	0,2	315	4,8	71	1024	5	0	4	0,1	61	49	36	141	7	0,4
21/12/2024	10	15	0,3	283	7,4	66	1025	8	0	4	0,1	52	51	39	130	13	0,5
21/12/2024	11	16	0,2	214	11,7	55	1025	378	0	4	0,1	49	46	41	121	22	0,5
21/12/2024	12	11	0,3	198	14,5	48	1024	561	0	3	0,1	37	40	33	95	30	0,8
21/12/2024	13	8	0,2	178	15,7	44	1024	543	0	3	0,1	48	46	24	120	32	1
21/12/2024	14	7	0,2	149	15,7	43	1024	424	0	3	0,1	34	40	21	92	41	1,1
21/12/2024	15	4	0,3	141	15,3	43	1023	258	0	3	0,1	7	18	9	28	73	1
21/12/2024	16	7	0,2	164	14,2	44	1023	48	0	3	0,2	36	46	21	101	41	0,5
21/12/2024	17	9	0,2	177	12,2	49	1023	5	0	3	0,1	17	49	31	75	38	0,4
21/12/2024	18	9	0,3	193	10,9	56	1024	5	0	3	0,1	4	42	30	47	45	0,5
21/12/2024	19	12	0,3	251	9,6	63	1024	5	0	3	0,1	4	47	30	53	23	0,4
21/12/2024	20	19	0,3	283	8,5	64	1024	5	0	3	0,2	23	60	44	95	4	0,5
21/12/2024	21	16	0,3	300	7,8	65	1024	5	0	3	0,1	15	48	31	71	5	0,6
21/12/2024	22	13	0,3	293	7	67	1023	5	0	3	0,1	5	36	20	44	12	1,2
21/12/2024	23	12	0,2	286	6,9	68	1023	5	0	3	0,1	4	34	20	40	14	0,4
22/12/2024	00	12	0,3	246	6,9	69	1023	5	0	3	0,1	4	33	20	39	17	0,4
22/12/2024	01	5	0,3	253	7,7	64	1023	5	0	3	0,1	3	14	9	18	44	0,5
22/12/2024	02	3	0,3	262	8,2	63	1023	5	0	3	0,1	3	11	5	16	56	0,7
22/12/2024	03	3	0,4	313	6,9	64	1023	5	0	3	0,1	3	10	5	15	47	0,4
22/12/2024	04	4	0,3	287	6	69	1022	5	0	4	0,1	3	12	6	17	37	0,4
22/12/2024	05	5	0,3	286	5,6	71	1022	5	0	3	0,1	3	11	7	16	34	0,4
22/12/2024	06	3	0,3	269	6,4	70	1021	5	0	4	0,1	3	11	5	15	46	0,4
22/12/2024	07	4	0,3	307	5,6	71	1021	5	0	4	0,1	3	26	8	30	21	0,4
22/12/2024	08	6	0,2	293	6	71	1022	5	0	4	0,1	25	40	13	79	17	0,4
22/12/2024	09	9	0,3	262	7,6	68	1022	5	0	4	0,1	58	43	20	131	16	0,8
22/12/2024	10	5	0,3	283	10,9	58	1022	8	0	4	0,1	13	19	14	39	40	1,4
22/12/2024	11	5	0,3	254	14,6	50	1021	358	0	4	0,1	21	23	13	55	42	0,8
22/12/2024	12	4	0,5	265	17,3	45	1020	521	0	3	0,1	8	15	15	27	54	1,9
22/12/2024	13	4	0,5	261	18,1	42	1019	429	0	3	0,1	14	17	18	38	55	3,9
22/12/2024	14	5	0,3	252	19,6	41	1017	397	0	3	0,1	12	19	16	36	51	2,1
22/12/2024	15	5	0,6	258	19,6	39	1016	260	0	3	0,1	4	10	30	17	65	2,4
22/12/2024	16	5	0,4	249	18,5	41	1015	50	0	3	0,1	8	19	17	31	56	2,8
22/12/2024	17	5	0,3	232	17,1	44	1015	5	0	3	0,1	13	34	22	53	39	1,1
22/12/2024	18	5	0,4	249	16	47	1014	5	0	3	0,1	4	18	21	24	55	2,3
22/12/2024	19	5	0,7	271	17	41	1014	5	0	3	0,1	4	11	30	16	76	5,6
22/12/2024	20	5	1	301	15,9	43	1015	5	0	3	0,1	4	10	25	15	74	5,7
22/12/2024	21	4	0,2	318	13,8	47	1015	5	0	3	0,1	8	20	9	33	52	0,5
22/12/2024	22	5	0,3	330	12,8	49	1015	5	0	3	0,1	4	19	14	25	49	0,4
22/12/2024	23	4	0,3	288	12,6	50	1015	5	0	3	0,1	4	16	8	21	60	0,7
23/12/2024	00	3	0,3	239	11,5	52	1015	5	0	3	0,1	4	16	8	21	53	0,5
23/12/2024	01	3	0,2	240	10,9	55	1015	5	0	4	0,1	3	15	5	21	55	0,5
23/12/2024	02	2	0,3	253	11	56	1015	5	0	3	0,1	3	10	3	15	62	0,6
23/12/2024	03	9	1,9	295	13,3	48	1016	5	0	3	0,1	3	7	87	12	92	7,9
23/12/2024	04	31	4,3	304	13,8	43	1016	5	0	3	0,1	3	7	340	12	102	14,1
23/12/2024	05	14	4	304	13,4	43	1016	5	0	3	0,1	3	7	145	12	100	12,4
23/12/2024	06	19	4,2	300	13,1	42	1015	5	0	3	0,1	3	7	187	12	97	13,7
23/12/2024	07	12	4,3	302	12,9	42	1016	5	0	4	0,1	3	8	125	13	94	16,4
23/12/2024	08	6	3,3	300	12,7	42	1017	5	0	3	0,1	3	11	55	16	90	11,4
23/12/2024	09	7	4	298	12,8	42	1017	12	0	4	0,1	5	14	69	22	87	12,7
23/12/2024	10	6	2,9	298	13,3	41	1018	80	0	4	0,1	4	15	42	21	85	9,1
23/12/2024	11	8	2,7	298	14,5	40	1018	339	0	4	0,1	8	16	58	29	83	10,2
23/12/2024	12	11	4,7	304	14,9	37	1017	387	0	4	0,1	6	13	101	22	89	13,4
23/12/2024	13	16	5,5	307	15,2	36	1016	450	0	3	0,1	5	12	161	20	90	15
23/12/2024	14	7	4,9	309	15,7	35	1016	423	0	3	0,1	4	12	55	18	92	12,7
23/12/2024	15	5	3,5	306	15,9	34	1016	284	0	3	0,1	4	14	24	20	87	8,9
23/12/2024	16	3	1,9	307	15,6	33	1016	58	0	3	0,1	7	23	15	33	80	7,2
23/12/2024	17	3	1,5	308	14,6	33	1017	5	0	3	0,1	5	26	15	33	73	4,5
23/12/2024	18	3	1,7	302	13,9	34	1017	5	0	3	0,1	4	19	20	24	82	6,4
23/12/2024	19	2	1,3	311	13,5	35	1018	5	0	3	0,1	3	21	6	26	76	4,7
23/12/2024	20	2	1,4	306	12,9	37	1018	5	0	3	0,1	3	17	6	22	80	5,2
23/12/2024	21	2	0,9	315	11,9	40	1018	5	0	3	0,1	3	18	5	23	74	3,8
23/12/2024	22	2	0,4	306	11,6	41	1019	5	0	3	0,1	3	18	6	24	74	1,7
23/12/2024	23	2	0,3	298	11,3	41	1020	5	0	3	0,1	3	14	4	19	79	1,6
24/12/2024	00	4	0,3	276	9,5	44	1020	5	0	3	0,1	3	13	7	18	64	0,5
24/12/2024	01	3	0,3	296	8,2	49	1020	5	0	3	0,1	3	12	6	17	64	0,4
24/12/2024	02	3	0,3	286	7,7	51	1019	5	0	3	0,1	3	10	5	15	58	0,4
24/12/2024	03	2	0,3	275	7	54	1019	5	0	3	0,1	3	13	4	17	54	0,6
24/12/2024	04	2	0,2	284	6,4	56	1019	5	0	3	0,1	3	10	4	14	53	0,5
24/12/2024	05	2	0,3	238	6,1	57	1019	5	0	3	0,1	3	13	5	18	46	0,4
24/12/2024	06	8	0,3	263	5,9	60	1019	5	0	3	0,1	3	29	24	35	22	0,4
24/12/2024	07	9	0,2	270	5,4	61	1019	5	0	4	0,1	21	46	25	79	4	0,4
24/12/2024	08	13	0,3	286	5,4	63	1020	5	0	4	0,2	63	64	42	162	4	0,6
24/12/2024	09	18	0,2	207	6,8	62	1020	5	0	4	0,2	50	60	57	137	9	0,4
24/12/2024	10	20	0,3	226	9,2	58	1020	6	0	4	0,2	45	59	52	128	18	0,7
24/12/2024	11	11	0,3	236	13,7	51	1020	361	0	4	0,2	49	55	33	129	27	0,9
24/12/2024	12	3	0,3	258	17,5	42	1019	560	0	4	0,2	46	51	14	122	41	1,8
24/12/2024	13	6	0,7	209	18,7	40	1018	545	0	3	0,1	18	26	23	54	56	3,2
24/12/2024	14	5	0,6	197	19,4	39	1017	457	0	3	0,1	6	18	18	27	66	2,2
24/12/2024	15	5	0,4	186	19,4	40	1017	297	0	3	0,1	5	17	17	24	69	1,5
24/12/2024	16	6	0,3	174	17,9	42	1017	53	0	3	0,1	4	17	17	23	66	1,1
24/12/2024	17	7	0,2	132	15,2	50	1018	5	0	3	0,1	4	27	23	33	52	0,4
24/12/2024	18	14	0,3	178	13,1	56	1018	5	0	3	0,2	9	59	42	73	13	0,4
24/12/2024	19	24	0,3	224	11,6	62	1018	5	0	3	0,2	22	63	56	97	5	0,4
24/12/2024	20	40	0,3	285	11,5	64	1019	5	0	3	0,2	22	59	67	93	4	0,4
24/12/2024	21	21	0,2	308	10,6	67	1019	5	0	3	0,1	10	48	33	63	6	0,4
24/12/2024	22	16	0,3	291	9,8	70	1020	5	0	3	0,1	4	37	23	44	11	0,4
24/12/2024	23	17	0,2	295	9,4	72	1020	5	0	3	0,1	4	32	26	38	12	0,4
25/12/2024	00	14	0,3	304	8,5	74	1019	5	0	3	0,1	5	32	21	39	12	0,4
25/12/2024	01	9	0,2	288	8,6	76	1019	5	0	3	0,1	3	29	14	34	17	0,4
25/12/2024	02	11	0,3	279	8,2	77	1019	5	0	3	0,1	4	36	17	42	8	0,4
25/12/2024	03	11	0,3	289	7,8	79	1020	5	0	3	0,1	6	36	16	44	9	0,4
25/12/2024	04	8	0,3	300	7,5	80	1019	5	0	3	0,1	3	21	11	26	22	0,4
25/12/2024	05	7	0,2	298	7,4	81	1019	5	0	3	0,1	3	19	9	24	25	0,4
25/12/2024	06	6	0,2	181	7,4	81	1020	5	0	3	0,1	3	14	9	19	26	0,4
25/12/2024	07	9	0,2	1	6,7	83	1020	5	0	3	0,1	3	20	13	25	11	0,4
25/12/2024	08	6	0,3	310	6,7	85	1021	5	0	4	0,1	4	26	10	32	13	0,4
25/12/2024	09	6	0,2	306	7,8	83	1022	5	0	3	0,1	6	23	10	32	21	0,4
25/12/2024	10	5	0,2	310	10,6	77	1022	5	0	4	0,1	6	18	9	28	34	0,5
25/12/2024	11	4	0,7	101	14,8	69	1023	346	0	4	0,1	7	17	7	27	53	2,7
25/12/2024	12	2	0,9	81	16,6	74	1023	444	0	3	0,1	4	9	2	15	74	3,3
25/12/2024	13	2	0,7	79	17,1	70	1023	526	0	3	0,1	3	9	3	14	80	3,1
25/12/2024	14	3	0,5	84	17,1	70	1023	417	0	3	0,1	3	7	3	12	85	2,5
25/12/2024	15	2	0,4	103	16,4	74	1023	176	0	3	0,1	4	9	4	14	80	1,6
25/12/2024	16	3	0,5	136	15,5	78	1023	46	0	3	0,1	4	8	3	13	84	2,1
25/12/2024	17	3	0,4	137	14,2	85	1023	5	0	3	0,1	4	10	4	15	77	0,9
25/12/2024	18	4	0,2	145	13,9	87	1023	5	0	3	0,1	3	14	5	19	69	0,5
25/12/2024	19	4	0,2	151	13,9	84	1023	5	0	3	0,1	4	16	7	22	66	0,4
25/12/2024	20	6	0,3	189	13,8	85	1023	5	0	3	0,1	3	22	9	27	57	0,4
25/12/2024	21	8	0,3	259	13,3	85	1023	5	0	3	0,1	4	29	14	34	40	0,4
25/12/2024	22	9	0,2	296	12,6	88	1023	5	0	3	0,1	4	35	15	41	28	0,4
25/12/2024	23	11	0,2	297	11,4	92	1023	5	0	3	0,1	4	41	16	47	15	0,4
26/12/2024	00	12	0,2	296	10,2	96	1023	4	0	3	0,1	5	43	16	50	4	0,4
26/12/2024	01	12	0,2	264	10	99	1023	5	0	3	0,1	5	37	16	45	6	0,4
26/12/2024	02	11	0,2	271	9,2	99	1022	5	0	3	0,1	3	27	14	32	8	0,4
26/12/2024	03	9	0,3	234	9	99	1022	5	0	3	0,1	3	18	11	23	18	0,4
26/12/2024	04	9	0,3	309	8,1	99	1022	5	0	3	0,1	3	14	11	19	15	0,4
26/12/2024	05	9	0,2	320	7,8	99	1022	5	0	3	0,1	3	15	11	20	10	0,4
26/12/2024	06	8	0,3	296	8,3	99	1022	5	0	3	0,1	8	26	11	38	3	0,4
26/12/2024	07	8	0,3	303	8,7	99	1023	5	0	3	0,1	24	29	13	66	2	0,4
26/12/2024	08	10	0,3	301	9,2	99	1023	5	0	4	0,1	46	37	16	107	3	0,4
26/12/2024	09	13	0,2	299	10	99	1023	23	0	4	0,1	99	49	21	201	3	0,4
26/12/2024	10	15	0,3	295	11,6	99	1024	113	0	4	0,1	66	43	24	144	5	0,4
26/12/2024	11	15	0,2	291	13,4	94	1024	166	0	4	0,2	74	54	27	169	8	0,4
26/12/2024	12	17	0,2	155	15,2	85	1024	304	0	3	0,1	40	47	39	109	12	0,5
26/12/2024	13	13	0,2	189	17,4	73	1023	514	0	3	0,1	22	35	32	69	31	0,6
26/12/2024	14	6	0,4	175	17,2	65	1022	450	0	3	0,1	7	18	12	29	66	1,9
26/12/2024	15	4	0,3	151	16,9	62	1022	297	0	3	0,1	4	12	7	17	78	1,1
26/12/2024	16	3	0,3	145	15,5	64	1022	83	0	3	0,1	4	14	9	20	76	0,9
26/12/2024	17	4	0,2	127	13,9	71	1022	4	0	3	0,1	3	21	12	27	61	0,7
26/12/2024	18	12	0,2	130	12,3	82	1023	4	0	3	0,1	4	46	21	51	29	0,4
26/12/2024	19	8	0,3	182	12	88	1023	4	0	3	0,2	4	53	15	59	21	0,4
26/12/2024	20	17	0,2	296	11	91	1023	4	0	3	0,2	34	63	30	115	6	0,4
26/12/2024	21	21	0,2	307	10,2	94	1024	4	0	3	0,2	56	58	37	144	3	0,4
26/12/2024	22	16	0,3	309	9,7	96	1024	4	0	3	0,2	40	54	24	116	3	0,4
26/12/2024	23	16	0,3	306	9,1	98	1024	4	0	3	0,1	32	49	23	98	3	0,4
27/12/2024	00	14	0,3	295	8,3	99	1024	4	0	3	0,1	7	35	18	47	6	0,5
27/12/2024	01	12	0,4	282	7,8	99	1024	4	0	3	0,1	3	21	14	26	20	1
27/12/2024	02	11	0,3	285	7,5	99	1024	4	0	3	0,1	3	18	14	23	17	0,7
27/12/2024	03	10	0,3	296	7,5	99	1024	4	0	3	0,1	3	18	12	22	20	0,8
27/12/2024	04	7	0,3	287	7,3	99	1024	4	0	3	0,1	3	13	9	18	27	0,7
27/12/2024	05	7	0,3	288	6,9	99	1024	4	0	3	0,1	3	15	8	20	19	0,5
27/12/2024	06	7	0,3	283	6,9	99	1024	4	0	3	0,1	4	26	9	33	11	1,3
27/12/2024	07	8	0,3	285	6,7	99	1024	4	0	4	0,1	11	36	12	53	4	0,4
27/12/2024	08	16	0,3	300	6,4	99	1025	4	0	4	0,1	54	45	22	128	4	1
27/12/2024	09	13	0,3	291	7,2	99	1025	5	0	4	0,1	53	41	20	123	6	1,4
27/12/2024	10	15	0,3	295	9,3	99	1025	33	0	4	0,1	39	40	23	100	11	0,8
27/12/2024	11	13	0,3	323	11,7	92	1026	84	0	4	0,1	28	41	21	84	14	0,6
27/12/2024	12	19	0,2	180	10,8	91	1025	51	0	3	0,1	45	47	34	115	6	0,5
27/12/2024	13	22	0,2	207	11,3	95	1024	26	0	3	0,2	52	53	35	132	5	0,7
27/12/2024	14	23	0,2	224	11,7	99	1024	16	0	3	0,2	65	57	33	157	4	0,4
27/12/2024	15	22	0,2	244	12,9	97	1024	58	0	3	0,2	49	59	32	133	6	0,4
27/12/2024	16	22	0,3	270	12,1	97	1024	13	0	3	0,2	33	54	33	105	6	0,4
27/12/2024	17	26	0,3	273	10,5	99	1024	4	0	3	0,2	45	54	39	124	4	0,4
27/12/2024	18	28	0,2	273	9,7	99	1024	4	0	3	0,2	104	59	42	220	3	0,4
27/12/2024	19	24	0,2	308	10	99	1025	4	0	3	0,2	106	66	35	228	3	0,4
27/12/2024	20	23	0,2	300	9,1	99	1025	4	0	3	0,1	43	50	31	116	3	0,4
27/12/2024	21	21	0,3	318	8,6	99	1025	4	0	3	0,1	52	49	28	129	4	0,4
27/12/2024	22	19	0,3	303	8,1	99	1025	4	0	3	0,1	22	44	25	78	2	0,4
27/12/2024	23	19	0,3	293	7,8	99	1025	4	0	3	0,1	9	38	23	52	4	0,4
28/12/2024	00	18	0,3	290	7,5	99	1025	4	0	3	0,1	5	38	22	45	4	0,5
28/12/2024	01	14	0,3	286	7,7	99	1024	4	0	3	0,1	4	33	18	38	8	0,9
28/12/2024	02	13	0,3	294	8	99	1024	4	0	3	0,1	3	24	16	29	16	0,7
28/12/2024	03	12	0,4	286	8,1	99	1024	4	0	3	0,1	3	18	14	23	24	0,7
28/12/2024	04	10	0,4	283	8,2	99	1024	4	0	3	0,1	3	15	13	19	26	0,8
28/12/2024	05	9	0,3	289	8,5	99	1024	4	0	3	0,1	3	13	11	18	30	1
28/12/2024	06	9	0,3	287	8	99	1024	4	0	3	0,1	3	17	12	23	22	0,8
28/12/2024	07	9	0,2	294	7,8	99	1024	4	0	3	0,1	4	22	12	28	17	0,5
28/12/2024	08	12	0,3	294	7,8	99	1024	4	0	3	0,1	20	39	18	69	5	0,6
28/12/2024	09	13	0,4	284	8,2	95	1025	29	0	3	0,1	14	34	18	55	17	1,3
28/12/2024	10	16	0,4	296	9,3	87	1025	108	0,1	3	0,1	14	33	26	55	20	1,4
28/12/2024	11	15	0,3	299	12,1	78	1025	357	0	3	0,1	16	30	27	54	32	0,9
28/12/2024	12	8	0,2	283	15,6	62	1024	551	0	3	0,1	8	19	20	32	57	0,6
28/12/2024	13	7	0,2	202	16,9	55	1023	554	0	3	0,1	5	13	14	21	74	0,8
28/12/2024	14	8	0,2	161	17	55	1023	438	0	3	0,1	4	13	13	19	77	0,7
28/12/2024	15	3	0,3	165	16,2	56	1022	302	0	3	0,1	3	10	7	15	89	1
28/12/2024	16	4	0,3	140	14,6	59	1022	62	0	3	0,1	3	9	6	15	88	1,3
28/12/2024	17	4	0,3	164	12,7	66	1022	4	0	3	0,1	3	14	9	20	77	0,4
28/12/2024	18	6	0,3	197	11,6	77	1023	4	0	3	0,1	3	24	10	29	64	0,5
28/12/2024	19	10	0,3	220	10,6	85	1023	4	0	3	0,1	3	30	15	35	45	0,4
28/12/2024	20	15	0,2	287	9,2	90	1023	4	0	3	0,1	3	37	21	42	23	0,4
28/12/2024	21	15	0,2	295	8,4	93	1023	4	0	3	0,1	19	49	21	77	7	0,4
28/12/2024	22	16	0,3	297	7,7	94	1023	4	0	4	0,1	10	42	21	57	8	0,6
28/12/2024	23	13	0,3	296	7	94	1023	4	0	3	0,1	3	25	16	30	20	1,1
29/12/2024	00	8	0,4	298	6,6	93	1023	4	0	4	0,1	3	16	10	20	31	1,1
29/12/2024	01	9	0,4	296	6,2	92	1023	4	0	3	0,1	3	15	11	20	27	0,5
29/12/2024	02	8	0,2	301	5,9	92	1022	4	0	3	0,1	3	16	10	20	26	0,4
29/12/2024	03	7	0,3	290	5,9	91	1022	4	0	3	0,1	3	14	10	18	27	0,4
29/12/2024	04	7	0,2	340	5	92	1022	4	0	3	0,1	3	14	10	19	21	0,4
29/12/2024	05	6	0,3	303	4,6	94	1022	4	0	4	0,1	3	11	8	15	28	0,4
29/12/2024	06	5	0,3	308	4,5	93	1022	4	0	4	0,1	3	12	7	17	26	0,4
29/12/2024	07	5	0,3	294	4,1	94	1023	4	0	4	0,1	3	15	7	19	20	0,4
29/12/2024	08	6	0,2	304	4,2	94	1023	4	0	4	0,1	53	42	10	122	6	0,4
29/12/2024	09	6	0,3	296	5,2	92	1023	4	0	4	0,1	14	28	9	49	18	0,6
29/12/2024	10	6	0,4	298	7,4	87	1024	7	0	4	0,1	11	22	9	39	26	0,8
29/12/2024	11	7	0,3	288	11	74	1024	337	0	3	0,1	9	17	13	30	39	0,5
29/12/2024	12	8	0,2	306	14,4	61	1023	544	0	3	0,1	7	18	17	30	54	0,4
29/12/2024	13	8	0,2	306	16	56	1023	558	0	3	0,1	6	17	18	27	65	0,5
29/12/2024	14	7	0,2	183	16,3	53	1022	439	0	3	0,1	5	16	14	24	69	0,6
29/12/2024	15	9	0,3	121	15,3	57	1022	311	0	3	0,1	5	17	13	24	63	0,7
29/12/2024	16	8	0,3	128	13,6	60	1022	70	0	3	0,1	6	36	11	46	45	0,9
29/12/2024	17	9	0,3	127	11,6	68	1022	4	0	3	0,1	6	39	12	49	40	0,5
29/12/2024	18	13	0,2	76	9,9	75	1022	4	0	3	0,1	11	54	21	72	16	0,4
29/12/2024	19	19	0,3	306	9,1	80	1023	4	0	3	0,2	65	67	33	166	3	0,4
29/12/2024	20	21	0,3	313	8,1	85	1023	4	0	3	0,2	40	62	31	123	3	0,4
29/12/2024	21	19	0,3	301	7,3	89	1023	4	0	3	0,2	25	49	25	87	3	0,4
29/12/2024	22	16	0,5	290	6,8	91	1024	4	0	3	0,1	7	41	20	52	4	2
29/12/2024	23	16	0,6	291	6,3	92	1024	4	0	3	0,1	4	35	20	41	8	1,9
30/12/2024	00	16	0,4	290	6,3	93	1024	4	0	3	0,1	3	32	20	36	8	1,4
30/12/2024	01	13	0,4	294	6,1	93	1024	4	0	3	0,1	3	21	16	26	20	1,2
30/12/2024	02	12	0,4	289	5,6	94	1024	4	0	3	0,1	3	14	15	18	22	1,1
30/12/2024	03	10	0,6	286	5,3	95	1024	4	0	3	0,1	3	13	12	17	24	2,3
30/12/2024	04	9	0,5	291	5,3	95	1024	4	0	3	0,1	3	13	12	17	25	1,5
30/12/2024	05	9	0,3	296	5,3	95	1023	4	0	3	0,1	3	14	11	19	22	0,9
30/12/2024	06	9	0,3	284	5,1	95	1023	4	0	3	0,1	3	19	12	24	18	0,7
30/12/2024	07	10	0,3	256	5	95	1024	4	0	3	0,1	12	37	14	55	5	0,8
30/12/2024	08	12		264	5	96	1024	4	0	3	0,1	29	41	18	86	4	
30/12/2024	09	16	0,2	308	5,8	97	1025	5	0	4	0,1	98	45	28	195	5	0,4
30/12/2024	10	12	0,2	300	7,8	94	1025	13	0	3	0,1	23	35	18	71	22	0,6
30/12/2024	11	12	0,3	289	11,1	80	1025	327	0	3	0,1	16	32	22	56	35	0,5
30/12/2024	12	13	0,3	306	14,3	64	1025	526	0	3	0,1	11	25	26	41	50	0,5
30/12/2024	13	10	0,3	271	15,9	58	1024	536	0	3	0,1	7	19	23	30	73	0,6
30/12/2024	14	9	0,2	187	16,6	56	1023	423	0	3	0,1	6	18	20	27	80	0,5
30/12/2024	15	13	0,3	154	15,8	58	1023	300	0	3	0,1	5	22	27	30	78	0,9
30/12/2024	16	6	0,2	143	14,1	64	1023	71	0	3	0,1	5	20	12	27	76	1
30/12/2024	17	15	0,1	115	12,1	74	1023	4	0	3	0,1	3	26	35	31	63	0,7
30/12/2024	18	19	0,2	135	10,6	82	1023	4	0	3	0,2	4	52	31	59	28	0,4
30/12/2024	19	22	0,2	157	9,5	88	1023	4	0	3	0,2	35	70	36	124	3	0,4
30/12/2024	20	22	0,2	300	8,8	93	1024	4	0	3	0,2	61	69	36	162	3	0,4
30/12/2024	21	19	0,3	299	8,2	95	1024	4	0	3	0,2	34	62	26	113	3	0,5
30/12/2024	22	20	0,4	294	7,4	97	1024	4	0	3	0,2	27	56	25	98	3	1,1
30/12/2024	23	17	0,6	289	6,7	98	1024	4	0	4	0,1	8	39	21	52	6	2,1
31/12/2024	00	16	0,4	284	6,6	99	1024	4	0	3	0,1	4	30	20	35	13	0,9
31/12/2024	01	15	0,3	287	6,9	99	1024	4	0	3	0,1	3	24	18	28	22	0,8
31/12/2024	02	12	0,4	289	7,6	98	1023	4	0	3	0,1	3	14	15	19	37	0,9
31/12/2024	03	10	0,4	287	7,7	95	1024	4	0	3	0,1	3	10	13	15	40	1,1
31/12/2024	04	10	0,3	290	7,8	94	1023	4	0	3	0,1	3	9	13	14	40	0,9
31/12/2024	05	10	0,3	290	7,7	94	1023	4	0	3	0,1	3	11	12	15	42	0,7
31/12/2024	06	8	0,4	288	7,9	91	1024	4	0	3	0,1	3	13	11	18	38	1,6
31/12/2024	07	8	0,4	288	8	88	1024	4	0	3	0,1	3	19	10	23	37	1,5
31/12/2024	08	8	0,3	300	7,5	89	1024	4	0,7	3	0,1	5	35	11	42	19	0,6
31/12/2024	09	9	0,3	301	6,9	97	1025	4	7,4	3	0,1	7	38	11	48	12	0,5
31/12/2024	10	7	0,2	324	7,2	99	1025	4	0,8	3	0,1	12	41	9	59	10	0,4
31/12/2024	11	10	0,2	295	7,5	99	1025	5	0,6	3	0,1	13	43	12	63	11	0,4
31/12/2024	12	11	0,3	285	8,3	99	1025	41	0,4	3	0,1	21	44	15	76	10	0,4
31/12/2024	13	13	0,2	299	9,4	99	1024	96	0	3	0,1	21	40	16	72	15	0,5
31/12/2024	14	12	0,3	319	11	99	1024	220	0	3	0,1	19	39	15	68	22	0,6
31/12/2024	15	14	0,3	335	12,3	95	1024	134	0	3	0,1	10	32	17	47	35	0,6
31/12/2024	16	8	0,3	39	12,6	92	1024	100	0	3	0,1	5	19	10	25	59	0,7
31/12/2024	17	5	0,3	49	11,8	94	1024	5	0	3	0,1	3	13	7	18	65	0,7
31/12/2024	18	7	0,5	73	11,7	98	1024	4	0	3	0,1	3	19	8	23	56	2,1
31/12/2024	19	7	0,7	62	11,8	99	1024	4	0	3	0,1	3	28	9	33	47	2,6
31/12/2024	20	5	0,5	272	10	99	1025	4	0,4	3	0,1	3	16	6	21	70	1,6
31/12/2024	21	5	0,4	299	9,1	99	1025	4	0,5	3	0,1	3	12	5	17	72	0,8
31/12/2024	22	5	0,3	309	8,9	99	1025	4	3,5	3	0,1	3	11	7	16	68	0,5
31/12/2024	23	8	0,5	292	8,9	99	1025	4	0,8	3	0,1	3	12	9	17	59	2,2
