Red: Red de Vigilancia y Control de la Contaminación Atmosférica
Estación: 46250046-València - Politècnic
	
FECHA	HORA	PM2.5	SO2	NO	NO2	PM10	NOx	O3
		µg/m³	µg/m³	µg/m³	µg/m³	µg/m³	µg/m³	µg/m³
01/01/2025	00	26	3	1	11	28	12	24
01/01/2025	01	22	3	1	6	22	7	31
01/01/2025	02	23	3	1	6	24	7	28
01/01/2025	03	18	3	1	6	19	7	29
01/01/2025	04	20	3	1	9	21	11	20
01/01/2025	05	18	3	1	8	19	9	16
01/01/2025	06	15	3	1	9	16	11	15
01/01/2025	07	15	3	1	15	16	17	4
01/01/2025	08	13	3	1	10	14	11	14
01/01/2025	09	12	3	1	8	13	9	18
01/01/2025	10	11	4	1	6	11	7	24
01/01/2025	11	9	3	1	6	9	7	32
01/01/2025	12	10	3	1	6	10	7	38
01/01/2025	13	12	3	1	6	13	7	44
01/01/2025	14	10	3	1	6	13	7	51
01/01/2025	15	10	3	1	6	12	7	54
01/01/2025	16	8	3	1	6	9	7	58
01/01/2025	17	8	3	1	7	9	8	42
01/01/2025	18	9	3	1	7	10	8	46
01/01/2025	19	11	3	1	9	12	10	29
01/01/2025	20	14	3	1	18	15	19	15
01/01/2025	21	15	3	1	23	16	25	9
01/01/2025	22	17	3	3	31	18	35	1
01/01/2025	23	18	3	1	22	19	23	2
02/01/2025	00	24	3	1	26	25	27	1
02/01/2025	01	26	3	3	22	28	26	1
02/01/2025	02	23	3	1	16	24	18	1
02/01/2025	03	17	3	1	7	18	8	8
02/01/2025	04	11	3	1	6	11	7	16
02/01/2025	05	7	3	1	7	8	8	12
02/01/2025	06	5	3	1	6	6	7	19
02/01/2025	07	5	3	1	12	6	13	12
02/01/2025	08	6	3	1	19	8	21	6
02/01/2025	09	8	3	7	25	11	36	8
02/01/2025	10	10	3	12	26	17	45	12
02/01/2025	11	10	3	8	15	18	27	16
02/01/2025	12	6	3	3	9	11	13	27
02/01/2025	13	5	3	2	7	9	10	36
02/01/2025	14	4	3	1	6	7	7	44
02/01/2025	15	4	3	1	6	7	7	47
02/01/2025	16	4	3	1	8	8	9	43
02/01/2025	17	5	3	1	7	11	9	40
02/01/2025	18	7	3	1	16	15	17	28
02/01/2025	19	9	3	1	24	19	25	19
02/01/2025	20	10	3	1	31	21	32	8
02/01/2025	21	15	3	16	47	25	71	1
02/01/2025	22	17	3	28	45	25	88	1
02/01/2025	23	16	3	11	39	21	56	2
03/01/2025	00	11	3	1	30	16	31	9
03/01/2025	01	9	3	1	21	14	22	19
03/01/2025	02	7	3	1	8	9	9	36
03/01/2025	03	6	3	1	6	8	7	38
03/01/2025	04	6	3	1	6	7	7	38
03/01/2025	05	5	3	1	8	8	9	35
03/01/2025	06	6	3	1	14	8	15	32
03/01/2025	07	7	3	1	27	12	28	20
03/01/2025	08	9	3	2	36	18	38	13
03/01/2025	09	11	3	7	33	21	43	14
03/01/2025	10	11	3	7	27	24	38	22
03/01/2025	11	9	3	5	20	21	27	29
03/01/2025	12	7	3	1	10	16	12	37
03/01/2025	13	6	3	1	10	13	12	37
03/01/2025	14	7	3	1	9	14	11	38
03/01/2025	15	7	3	1	12	16	14	37
03/01/2025	16	7	3	1	12	16	14	37
03/01/2025	17	6	3	1	19	15	20	30
03/01/2025	18	7	3	1	23	17	24	26
03/01/2025	19	6	3	1	27	14	29	23
03/01/2025	20	7	3	1	36	15	37	15
03/01/2025	21	8	3	1	30	15	31	18
03/01/2025	22	7	3	1	10	9	11	38
03/01/2025	23	6	3	1	8	8	9	42
04/01/2025	00	6	3	1	6	9	7	46
04/01/2025	01	6	3	1	6	9	7	45
04/01/2025	02	6	3	1	6	7	7	46
04/01/2025	03	6	3	1	6	7	7	45
04/01/2025	04	6	3	1	6	8	7	46
04/01/2025	05	7	3	1	6	8	7	46
04/01/2025	06	7	3	1	6	9	7	43
04/01/2025	07	8	3	1	6	9	7	41
04/01/2025	08	8	3	1	9	12	10	39
04/01/2025	09	8	3	1	7	11	8	40
04/01/2025	10	9	3	1	9	13	10	40
04/01/2025	11	8	3	1	7	12	9	43
04/01/2025	12	9	3	1	9	14	10	43
04/01/2025	13	9	3	1	6	13	7	45
04/01/2025	14	8	3	1	6	10	7	47
04/01/2025	15	6	3	1	6	9	7	50
04/01/2025	16	6	3	1	6	9	7	51
04/01/2025	17	6	3	1	6	11	7	49
04/01/2025	18	7	3	1	10	13	11	43
04/01/2025	19	8	3	1	15	14	17	36
04/01/2025	20	9	3	1	27	18	28	25
04/01/2025	21	10	3	1	24	19	25	25
04/01/2025	22	15	3	10	44	27	59	8
04/01/2025	23	17	3	13	45	29	65	5
05/01/2025	00	11	3	1	16	15	17	33
05/01/2025	01	8	3	1	6	10	7	49
05/01/2025	02	8	3	1	6	10	7	50
05/01/2025	03	9	3	1	6	10	7	51
05/01/2025	04	10	3	1	6	11	7	49
05/01/2025	05	9	3	1	6	10	7	50
05/01/2025	06	9	3	1	6	12	7	50
05/01/2025	07	9	3	1	6	11	7	50
05/01/2025	08	9	3	1	6	12	7	47
05/01/2025	09	9	3	1	6	13	7	46
05/01/2025	10	9	3	1	6	13	7	45
05/01/2025	11	10	3	1	6	16	7	45
05/01/2025	12	10	3	1	6	16	7	50
05/01/2025	13	11	3	1	6	15	7	52
05/01/2025	14	10	3	1	6	14	7	55
05/01/2025	15	8	3	1	6	12	7	57
05/01/2025	16	8	3	1	6	12	7	54
05/01/2025	17	11	3	1	12	14	14	41
05/01/2025	18	12	3	1	21	16	22	34
05/01/2025	19	13	3	1	15	17	16	42
05/01/2025	20	14	3	1	21	27	22	31
05/01/2025	21	15	3	1	12	32	13	41
05/01/2025	22	17	3	1	18	35	19	31
05/01/2025	23	17	3	1	27	35	28	23
06/01/2025	00	15	3	1	11	30	12	36
06/01/2025	01	14	3	1	10	28	11	36
06/01/2025	02	13	3	1	7	23	8	39
06/01/2025	03	9	3	1	6	18	7	49
06/01/2025	04	8	3	1	6	15	7	51
06/01/2025	05	7	3	1	6	12	7	52
06/01/2025	06	6	3	1	6	11	7	51
06/01/2025	07	7	3	1	10	11	11	40
06/01/2025	08	5	3	1	6	8	7	55
06/01/2025	09	2	3	1	6	5	7	60
06/01/2025	10	2	3	1	6	3	7	63
06/01/2025	11	2	3	1	6	3	7	61
06/01/2025	12	2	3	1	6	4	7	57
06/01/2025	13	2	3	1	6	4	7	57
06/01/2025	14	3	3	1	6	4	7	56
06/01/2025	15	2	3	1	6	3	7	56
06/01/2025	16	2	3	1	6	3	7	54
06/01/2025	17	2	3	1	8	4	9	46
06/01/2025	18	3	3	1	11	4	12	41
06/01/2025	19	2	3	1	7	3	8	52
06/01/2025	20	2	3	1	6	3	7	52
06/01/2025	21	2	3	1	6	3	7	56
06/01/2025	22	3	3	1	6	4	7	51
06/01/2025	23	3	3	1	6	4	7	52
07/01/2025	00	2	3	1	6	2	7	57
07/01/2025	01	2	3	1	6	3	7	57
07/01/2025	02	1	3	1	6	2	7	58
07/01/2025	03	2	3	1	6	3	7	56
07/01/2025	04	2	3	1	6	4	7	46
07/01/2025	05	2	3	1	6	4	7	45
07/01/2025	06	2	3	1	6	4	7	50
07/01/2025	07	3	3	1	24	6	25	29
07/01/2025	08	5	3	3	49	14	53	9
07/01/2025	09	6	3	9	34	15	47	16
07/01/2025	10	6	3	7	21	14	32	25
07/01/2025	11	4	3	2	10	11	13	40
07/01/2025	12	4	3	1	8	12	10	43
07/01/2025	13	4	3	1	6	11	8	47
07/01/2025	14	6	3	1	6	16	7	45
07/01/2025	15	5	3	1	6	13	7	49
07/01/2025	16	4	3	1	7	11	8	47
07/01/2025	17	4	3	1	10	14	11	43
07/01/2025	18	4	3	1	9	12	10	43
07/01/2025	19	4	3	1	6	8	7	47
07/01/2025	20	4	3	1	6	7	7	47
07/01/2025	21	5	3	1	6	7	7	46
07/01/2025	22	5	3	1	6	7	7	44
07/01/2025	23	4	3	1	6	5	7	50
08/01/2025	00	3	3	1	6	5	7	50
08/01/2025	01	3	3	1	6	4	7	53
08/01/2025	02	3	3	1	6	4	7	53
08/01/2025	03	3	3	1	6	4	7	52
08/01/2025	04	3	3	1	6	4	7	54
08/01/2025	05	3	3	1	6	4	7	52
08/01/2025	06	3	3	1	6	5	7	46
08/01/2025	07	3	3	1	11	5	12	38
08/01/2025	08	4	3	2	22	9	25	29
08/01/2025	09	5	3	5	21	14	28	25
08/01/2025	10	5	3	2	15	15	18	35
08/01/2025	11	6	3	4	13	16	18	36
08/01/2025	12	5	3	3	11	16	15	41
08/01/2025	13	4	3	1	6	11	7	48
08/01/2025	14	4	3	1	8	13	9	46
08/01/2025	15	4	3	1	7	15	8	48
08/01/2025	16	4	3	1	7	10	8	50
08/01/2025	17	4	3	1	12	8	13	43
08/01/2025	18	4	3	1	14	8	16	41
08/01/2025	19	5	3	1	11	8	12	40
08/01/2025	20	6	3	1	14	10	15	38
08/01/2025	21	5	3	1	7	8	8	45
08/01/2025	22	5	3	1	6	9	7	49
08/01/2025	23	5	3	1	6	12	7	55
09/01/2025	00	4	3	1	6	7	7	55
09/01/2025	01	4	3	1	6	6	7	52
09/01/2025	02	4	3	1	6	7	7	53
09/01/2025	03	3	3	1	6	5	7	55
09/01/2025	04	2	3	1	6	3	7	57
09/01/2025	05	2	3	1	6	3	7	55
09/01/2025	06	2	3	1	6	3	7	52
09/01/2025	07	3	3	1	8	5	9	46
09/01/2025	08	3	3	1	18	7	20	32
09/01/2025	09	5	3	1	13	11	14	38
09/01/2025	10	4	3	2	11	11	14	41
09/01/2025	11	5	3	1	6	15	7	47
09/01/2025	12	6	3	1	6	20	7	48
09/01/2025	13	6	3	1	6	19	7	47
09/01/2025	14	5	3	1	6	15	7	49
09/01/2025	15	5	3	1	6	17	7	48
09/01/2025	16	4	3	1	6	15	7	45
09/01/2025	17	4	3	1	7	10	8	44
09/01/2025	18	5	3	1	13	13	14	34
09/01/2025	19	5	3	1	10	9	11	38
09/01/2025	20	7	3	1	23	11	24	23
09/01/2025	21	9	3	1	34	15	36	10
09/01/2025	22	8	3	1	16	12	17	25
09/01/2025	23	6	3	1	7	8	8	34
10/01/2025	00	6	3	1	6	7	7	37
10/01/2025	01	5	3	1	6	7	7	39
10/01/2025	02	4	3	1	6	5	7	38
10/01/2025	03	4	3	1	6	5	7	40
10/01/2025	04	4	3	1	6	5	7	39
10/01/2025	05	4	3	1	6	6	7	38
10/01/2025	06	5	3	1	6	7	7	36
10/01/2025	07	5				9		
10/01/2025	08	5				11		
10/01/2025	09	5	3	1	10	14	12	28
10/01/2025	10	5	3	1	9	12	10	32
10/01/2025	11	6	3	1	9	17	11	31
10/01/2025	12	4	3	1	7	12	8	38
10/01/2025	13	4	3	1	7	10	8	39
10/01/2025	14	4	3	1	6	9	7	43
10/01/2025	15	4	3	1	6	10	7	44
10/01/2025	16	4	3	1	7	12	8	41
10/01/2025	17	5	3	1	12	14	13	33
10/01/2025	18	5	3	1	8	12	9	35
10/01/2025	19	5	3	1	8	13	9	39
10/01/2025	20	6	3	1	10	12	11	37
10/01/2025	21	6	3	1	12	10	13	33
10/01/2025	22	6	3	1	14	11	15	33
10/01/2025	23	5	3	1	6	7	8	41
11/01/2025	00	5	3	1	6	7	7	46
11/01/2025	01	5	3	1	6	8	7	44
11/01/2025	02	5	3	1	6	7	7	43
11/01/2025	03	5	3	1	6	6	7	42
11/01/2025	04	3	3	1	6	5	7	47
11/01/2025	05	3	3	1	6	5	7	45
11/01/2025	06	2	3	1	6	4	7	43
11/01/2025	07	2	3	1	6	3	7	43
11/01/2025	08	2	3	1	6	3	7	40
11/01/2025	09	2	3	1	6	5	7	36
11/01/2025	10	3	3	1	6	7	7	38
11/01/2025	11	3	3	1	6	6	7	36
11/01/2025	12	3	3	1	6	7	7	37
11/01/2025	13	2	3	1	6	6	7	36
11/01/2025	14	4	3	1	6	27	7	51
11/01/2025	15	3	3	1	6	8	7	55
11/01/2025	16	3	3	1	6	16	7	57
11/01/2025	17	2	3	1	6	4	7	57
11/01/2025	18	1	3	1	6	3	7	58
11/01/2025	19	2	3	1	6	3	7	58
11/01/2025	20	2	3	1	6	3	7	53
11/01/2025	21	3	3	1	8	5	9	48
11/01/2025	22	2	3	1	6	3	7	59
11/01/2025	23	2	3	1	6	5	7	60
12/01/2025	00	2	3	1	6	5	7	61
12/01/2025	01	3	3	1	6	7	7	61
12/01/2025	02	3	3	1	6	8	7	61
12/01/2025	03	3	3	1	6	8	7	61
12/01/2025	04	2	3	1	6	3	7	61
12/01/2025	05	2	3	1	6	3	7	61
12/01/2025	06	2	3	1	6	3	7	61
12/01/2025	07	2	3	1	6	4	7	61
12/01/2025	08	2	3	1	6	6	7	60
12/01/2025	09	2	3	1	6	6	7	59
12/01/2025	10	2	3	1	6	6	7	59
12/01/2025	11	2	3	1	6	6	7	59
12/01/2025	12	3	3	1	6	8	7	58
12/01/2025	13	3	3	1	7	7	8	58
12/01/2025	14	2	3	1	6	6	7	59
12/01/2025	15	3	3	1	6	8	7	61
12/01/2025	16	3	3	1	7	9	8	59
12/01/2025	17	4	3	1	6	13	7	57
12/01/2025	18	5	3	1	6	13	7	63
12/01/2025	19	8	3	1	6	16	7	65
12/01/2025	20	10	3	1	6	19	7	64
12/01/2025	21	10	3	1	6	19	7	64
12/01/2025	22	10	3	1	6	20	7	61
12/01/2025	23	9	3	1	6	21	7	63
13/01/2025	00	10	3	1	6	22	7	63
13/01/2025	01	11	3	1	10	20	11	35
13/01/2025	02	12	3	1	13	18	14	26
13/01/2025	03	12	3	2	18	17	21	11
13/01/2025	04	6	3	1	6	9	7	39
13/01/2025	05	7	3	1	6	11	7	42
13/01/2025	06	7	3	1	9	11	10	34
13/01/2025	07	7	3	1	27	12	28	17
13/01/2025	08	7	3	3	42	14	46	6
13/01/2025	09	7	3	6	36	17	45	15
13/01/2025	10	7	3	6	21	19	30	27
13/01/2025	11	7	3	3	11	19	15	39
13/01/2025	12	8	3	1	12	26	14	43
13/01/2025	13	6	3	1	7	18	9	51
13/01/2025	14	6	3	1	6	17	7	57
13/01/2025	15	6	3	1	6	14	7	61
13/01/2025	16	6	3	1	6	14	7	63
13/01/2025	17	6	3	1	6	15	8	61
13/01/2025	18	7	3	1	7	16	8	61
13/01/2025	19	7	3	1	7	15	8	60
13/01/2025	20	12	3	1	34	23	35	21
13/01/2025	21	11	3	1	26	18	28	21
13/01/2025	22	12	3	1	24	17	25	24
13/01/2025	23	10	3	1	18	16	19	32
14/01/2025	00	9	3	3	26	14	30	23
14/01/2025	01	11	3	3	18	17	22	21
14/01/2025	02	8	3	1	7	12	8	34
14/01/2025	03	7	3	1	6	9	7	42
14/01/2025	04	6	3	1	6	9	7	44
14/01/2025	05	6	3	1	6	9	7	42
14/01/2025	06	6	3	3	20	10	24	25
14/01/2025	07	6	3	4	30	13	36	17
14/01/2025	08	7	3	2	49	17	52	7
14/01/2025	09	8	3	9	42	25	56	11
14/01/2025	10	9	3	10	30	25	46	22
14/01/2025	11	8	3	6	21	24	31	31
14/01/2025	12	7	3	3	14	20	19	40
14/01/2025	13	10	3	4	17	33	22	36
14/01/2025	14	11	3	4	16	32	23	39
14/01/2025	15	10	3	4	20	31	26	34
14/01/2025	16	8	3	1	10	23	11	49
14/01/2025	17	7	3	1	6	19	8	59
14/01/2025	18	8	3	1	10	21	11	50
14/01/2025	19	8	3	1	12	21	14	45
14/01/2025	20	18	3	13	40	43	60	7
14/01/2025	21	24	3	25	52	42	90	1
14/01/2025	22	25	3	69	73	43	179	1
14/01/2025	23	23	3	41	61	37	124	1
15/01/2025	00	18	3	1	27	24	28	13
15/01/2025	01	13	3	1	14	19	15	26
15/01/2025	02	11	3	1	12	17	13	28
15/01/2025	03	10	3	1	8	16	9	31
15/01/2025	04	11	3	1	10	16	11	29
15/01/2025	05	12	3	1	19	18	20	22
15/01/2025	06	13	3	1	32	21	33	10
15/01/2025	07	10	3	4	53	19	59	2
15/01/2025	08	11	3	30	61	24	106	1
15/01/2025	09	15	3	47	64	44	136	2
15/01/2025	10	17	3	45	54	49	123	7
15/01/2025	11	17	3	15	32	35	55	20
15/01/2025	12	12	3	6	17	26	26	29
15/01/2025	13	14	3	4	14	35	20	31
15/01/2025	14	10	3	2	10	20	13	40
15/01/2025	15	14	3	2	21	30	23	38
15/01/2025	16	10	3	3	21	18	25	42
15/01/2025	17	12	3	3	23	19	27	42
15/01/2025	18	13	3	2	35	21	38	26
15/01/2025	19	16	3	1	42	25	43	11
15/01/2025	20	23	3	21	54	34	86	1
15/01/2025	21	30	3	39	59	45	119	1
15/01/2025	22	29	3	30	62	41	108	1
15/01/2025	23	29	3	20	52	41	83	1
16/01/2025	00	33	3	48	57	51	130	1
16/01/2025	01	34	3	53	53	51	134	1
16/01/2025	02	27	3	18	32	40	60	2
16/01/2025	03	18	3	3	24	27	28	6
16/01/2025	04	13	3	1	11	20	12	19
16/01/2025	05	20	3	22	36	29	69	2
16/01/2025	06	14	3	88	52	24	187	1
16/01/2025	07	16	4	116	56	34	234	1
16/01/2025	08	13	3	73	57	34	169	1
16/01/2025	09	26	3	72	62	53	172	1
16/01/2025	10	17	3	13	33	34	53	19
16/01/2025	11	17	3	1	7	35	9	47
16/01/2025	12	16	3	1	6	30	7	54
16/01/2025	13	14	3	1	6	23	7	60
16/01/2025	14	12	3	1	6	21	7	62
16/01/2025	15	10	3	1	6	19	7	65
16/01/2025	16	7	3	1	6	11	7	63
16/01/2025	17	7	3	1	6	10	7	62
16/01/2025	18	5	3	1	6	7	8	57
16/01/2025	19	4	3	1	6	5	7	59
16/01/2025	20	3	3	1	6	4	7	56
16/01/2025	21	4	3	1	6	5	7	53
16/01/2025	22	6	3	1	8	7	9	47
16/01/2025	23	6	3	1	7	8	8	42
17/01/2025	00	7	3	1	7	9	8	41
17/01/2025	01	6	3	1	6	7	7	44
17/01/2025	02	4	3	1	6	5	7	47
17/01/2025	03	3	3	1	6	4	7	46
17/01/2025	04	2	3	1	6	3	7	45
17/01/2025	05	3	3	1	6	4	7	46
17/01/2025	06	4	3	1	8	5	10	39
17/01/2025	07	4	3	1	11	5	13	37
17/01/2025	08	6	3	1	7	8	8	44
17/01/2025	09	5	3	1	6	6	8	42
17/01/2025	10	6	3	1	6	7	7	43
17/01/2025	11	8	3	1	6	9	7	43
17/01/2025	12	6	3	1	6	7	7	41
17/01/2025	13	9	3	1	6	11	7	42
17/01/2025	14	11	3	1	7	16	8	41
17/01/2025	15	8	3	1	7	11	8	38
17/01/2025	16	12	3	1	6	22	7	42
17/01/2025	17	16	3	1	7	29	8	42
17/01/2025	18	14	3	1	9	23	11	35
17/01/2025	19	9	3	1	9	11	10	31
17/01/2025	20	10	3	1	19	14	20	18
17/01/2025	21	12	3	1	19	17	20	17
17/01/2025	22	21	3	3	23	24	27	15
17/01/2025	23	18	3	7	26	22	37	7
18/01/2025	00	18	3	5	32	22	40	4
18/01/2025	01	14	3	1	19	17	20	15
18/01/2025	02	9	3	1	8	11	9	30
18/01/2025	03	6	3	1	6	7	7	36
18/01/2025	04	5	3	1	6	5	7	39
18/01/2025	05	4	3	1	6	5	7	37
18/01/2025	06	5	3	1	6	5	7	36
18/01/2025	07	5	3	1	6	6	8	34
18/01/2025	08	5	3	1	9	7	11	29
18/01/2025	09	6	3	1	11	8	13	30
18/01/2025	10	6	3	1	9	8	10	34
18/01/2025	11	6	3	1	7	8	9	36
18/01/2025	12	5	3	1	7	8	8	41
18/01/2025	13	4	3	1	6	5	7	49
18/01/2025	14	9	3	1	13	21	14	43
18/01/2025	15	11	3	2	12	23	15	38
18/01/2025	16	7	3	1	8	14	10	46
18/01/2025	17	7	3	1	23	14	24	32
18/01/2025	18	13	3	1	32	34	34	10
18/01/2025	19	19	3	5	42	40	49	2
18/01/2025	20	21	3	19	45	32	75	1
18/01/2025	21	35	4	29	42	51	87	1
18/01/2025	22	41	3	28	44	54	86	1
18/01/2025	23	36	3	36	46	46	100	1
19/01/2025	00	28	3	1	32	31	33	3
19/01/2025	01	18	3	1	17	21	18	12
19/01/2025	02	14	3	1	12	16	13	18
19/01/2025	03	14	3	1	8	15	9	21
19/01/2025	04	11	3	1	6	12	7	26
19/01/2025	05	8	3	1	6	9	7	29
19/01/2025	06	8	3	1	6	8	7	30
19/01/2025	07	8	3	1	11	9	12	23
19/01/2025	08	8	3	1	12	9	14	22
19/01/2025	09	8	3	1	14	10	16	24
19/01/2025	10	9	3	2	13	11	17	27
19/01/2025	11	10	3	3	13	13	17	30
19/01/2025	12	10	3	2	10	13	13	36
19/01/2025	13	6	3	1	6	8	8	47
19/01/2025	14	7	3	1	13	14	15	42
19/01/2025	15	6	3	1	8	10	10	50
19/01/2025	16	8	3	1	7	13	9	55
19/01/2025	17	7	3	1	8	13	9	55
19/01/2025	18	7	3	1	20	9	21	41
19/01/2025	19	10	3	1	37	14	38	23
19/01/2025	20	15	3	1	25	23	27	25
19/01/2025	21	24	3	1	42	33	43	1
19/01/2025	22	30	3	34	59	38	110	1
19/01/2025	23	31	3	28	49	39	92	1
20/01/2025	00	23	3	2	24	27	26	12
20/01/2025	01	13	3	1	8	15	9	32
20/01/2025	02	12	3	1	8	15	9	32
20/01/2025	03	12	3	1	7	14	8	29
20/01/2025	04	12	3	1	8	14	9	26
20/01/2025	05	12	3	1	16	15	17	17
20/01/2025	06	11	3	1	17	15	18	18
20/01/2025	07	9	3	2	29	14	32	13
20/01/2025	08	11	3	18	56	23	83	2
20/01/2025	09	11	3	9	33	19	47	15
20/01/2025	10	9	3	5	19	15	27	30
20/01/2025	11	8	3	1	13	14	15	37
20/01/2025	12	8	3	1	10	14	11	41
20/01/2025	13	9	3	1	9	14	11	42
20/01/2025	14	8	3	1	9	12	10	47
20/01/2025	15	7	3	1	10	12	11	44
20/01/2025	16	9	3	3	20	15	25	34
20/01/2025	17	12	3	4	27	25	32	31
20/01/2025	18	12	3	1	27	24	29	30
20/01/2025	19	13	3	1	27	22	28	26
20/01/2025	20	23	3	4	45	33	51	1
20/01/2025	21	24	3	15	58	35	80	1
20/01/2025	22	22	3	17	42	29	69	1
20/01/2025	23	24	3	19	43	33	72	1
21/01/2025	00	26	3	4	43	33	49	1
21/01/2025	01	22	3	1	28	27	29	9
21/01/2025	02	12	3	1	8	14	9	36
21/01/2025	03	12	3	1	7	13	9	32
21/01/2025	04	16	3	1	12	17	13	27
21/01/2025	05	12	3	1	6	13	8	33
21/01/2025	06	10	3	1	15	11	16	22
21/01/2025	07	14	3	18	30	15	58	3
21/01/2025	08	16	3	16	32	17	57	1
21/01/2025	09	17	3	35	37	20	91	1
21/01/2025	10	21	3	37	36	28	92	1
21/01/2025	11	22	3	35	39	28	93	3
21/01/2025	12	25	3	41	42	34	104	4
21/01/2025	13	28	3	29	38	38	82	10
21/01/2025	14	35	3	43	58	48	124	4
21/01/2025	15	34	3	41	54	47	117	3
21/01/2025	16	24	3	33	53	32	103	3
21/01/2025	17	17	3	9	51	21	66	6
21/01/2025	18	15	3	21	55	20	87	3
21/01/2025	19	21	3	33	55	30	106	1
21/01/2025	20	33	3	46	50	45	120	1
21/01/2025	21	34	3	43	46	44	112	1
21/01/2025	22	33	4	48	46	44	119	1
21/01/2025	23	36	4	56	53	46	139	1
22/01/2025	00	35	4	50	44	45	121	1
22/01/2025	01	31	3	34	36	41	88	1
22/01/2025	02	29	3	18	33	35	59	1
22/01/2025	03	28	3	13	25	33	46	1
22/01/2025	04	24	3	14	29	28	49	1
22/01/2025	05	26	3	17	22	29	48	1
22/01/2025	06	24	3	22	21	28	55	1
22/01/2025	07	24	3	52	28	30	107	1
22/01/2025	08	24	4	74	29	33	143	1
22/01/2025	09	22	3	65	43	32	143	1
22/01/2025	10	18	3	30	41	31	87	4
22/01/2025	11	18	3	24	38	33	75	9
22/01/2025	12	17	3	17	30	30	55	15
22/01/2025	13	15	3	8	27	25	40	26
22/01/2025	14	14	3	4	16	24	22	28
22/01/2025	15	17	3	1	15	31	17	30
22/01/2025	16	18	3	2	26	41	29	22
22/01/2025	17	18	3	2	17	44	20	30
22/01/2025	18	14	3	1	12	36	13	38
22/01/2025	19	10	3	1	13	26	14	36
22/01/2025	20	10	3	1	17	23	18	32
22/01/2025	21	12	3	4	38	28	44	11
22/01/2025	22	9	3	1	14	18	15	32
22/01/2025	23	8	3	1	7	14	8	40
23/01/2025	00	8	3	1	7	13	8	37
23/01/2025	01	7	3	1	6	10	7	38
23/01/2025	02	7	3	2	10	11	12	33
23/01/2025	03	6	3	1	6	9	7	37
23/01/2025	04	6	3	1	6	10	7	46
23/01/2025	05	6	3	1	6	11	7	45
23/01/2025	06	6				13		
23/01/2025	07	7				14		
23/01/2025	08	8				16		
23/01/2025	09	8	3	2	22	17	25	21
23/01/2025	10	7	3	2	12	14	15	33
23/01/2025	11	6	3	1	9	14	10	40
23/01/2025	12	4	3	1	6	9	7	50
23/01/2025	13	3	3	1	6	6	7	55
23/01/2025	14	3	3	1	6	5	7	56
23/01/2025	15	3	3	1	6	5	7	55
23/01/2025	16	2	3	1	6	5	7	56
23/01/2025	17	2	3	1	9	6	10	50
23/01/2025	18	5	3	1	33	13	34	27
23/01/2025	19	5	3	1	26	12	27	26
23/01/2025	20	5	3	1	20	10	21	28
23/01/2025	21	7	3	1	27	17	28	16
23/01/2025	22	10	3	2	36	24	39	5
23/01/2025	23	10	3	2	28	17	31	9
24/01/2025	00	7	3	1	10	9	11	33
24/01/2025	01	5	3	1	6	7	7	38
24/01/2025	02	6	3	1	7	8	8	36
24/01/2025	03	9	3	5	27	11	35	10
24/01/2025	04	9	3	5	22	12	29	9
24/01/2025	05	8	3	1	9	9	11	25
24/01/2025	06	8	3	1	9	9	10	26
24/01/2025	07	9	3	1	34	13	35	7
24/01/2025	08	11	3	12	45	18	63	3
24/01/2025	09	17	3	26	39	29	78	5
24/01/2025	10	15	3	8	23	23	35	20
24/01/2025	11	9	3	1	8	13	9	41
24/01/2025	12	6	3	1	6	12	7	51
24/01/2025	13	6	3	1	6	11	7	56
24/01/2025	14	5	3	1	6	9	7	56
24/01/2025	15	4	3	1	6	9	7	57
24/01/2025	16	4	3	1	6	10	7	58
24/01/2025	17	4	3	1	9	9	10	51
24/01/2025	18	6	3	1	31	12	32	33
24/01/2025	19	9	3	1	41	15	42	13
24/01/2025	20	11	3	2	49	19	52	5
24/01/2025	21	12	3	3	42	20	47	6
24/01/2025	22	12	3	1	35	19	36	12
24/01/2025	23	9	3	1	15	12	16	31
25/01/2025	00	7	3	1	8	10	9	38
25/01/2025	01	6	3	1	6	8	7	44
25/01/2025	02	5	3	1	6	7	7	48
25/01/2025	03	5	3	1	6	7	7	48
25/01/2025	04	6	3	1	6	7	7	45
25/01/2025	05	6	3	1	6	7	7	42
25/01/2025	06	6	3	1	6	8	7	45
25/01/2025	07	7	3	1	6	9	7	46
25/01/2025	08	8	3	1	6	12	7	45
25/01/2025	09	8	3	1	6	13	7	41
25/01/2025	10	8	3	1	6	12	7	45
25/01/2025	11	8	3	1	6	13	7	48
25/01/2025	12	7	3	1	6	12	7	47
25/01/2025	13	6	3	1	6	11	7	50
25/01/2025	14	4	3	1	6	9	7	57
25/01/2025	15	6	3	1	6	10	7	59
25/01/2025	16	4	3	1	6	6	7	56
25/01/2025	17	5	3	1	6	6	7	52
25/01/2025	18	4	3	1	7	6	8	45
25/01/2025	19	4	3	1	7	5	8	49
25/01/2025	20	3	3	1	6	4	7	51
25/01/2025	21	3	3	1	7	4	8	48
25/01/2025	22	2	3	1	6	3	7	55
25/01/2025	23	4	3	1	8	6	10	45
26/01/2025	00	5	3	1	10	7	11	38
26/01/2025	01	3	3	1	6	4	7	52
26/01/2025	02	2	3	1	6	3	7	49
26/01/2025	03	3	3	1	6	4	7	48
26/01/2025	04	3	3	1	6	4	7	46
26/01/2025	05	3	3	1	6	4	7	44
26/01/2025	06	3	3	1	6	4	7	44
26/01/2025	07	3	3	1	6	4	7	43
26/01/2025	08	4	3	1	6	5	7	48
26/01/2025	09	5	3	1	6	6	7	46
26/01/2025	10	4	3	1	6	5	7	48
26/01/2025	11	4	3	1	6	5	7	49
26/01/2025	12	3	3	1	6	4	7	52
26/01/2025	13	3	3	1	6	5	7	56
26/01/2025	14	3	3	1	6	4	7	58
26/01/2025	15	3	3	1	6	4	7	56
26/01/2025	16	2	3	1	6	3	7	54
26/01/2025	17	3	3	1	16	4	17	41
26/01/2025	18	5	3	1	33	6	34	23
26/01/2025	19	4	3	1	12	6	13	45
26/01/2025	20	5	3	1	14	8	16	42
26/01/2025	21	7	3	1	15	11	16	35
26/01/2025	22	6	3	1	9	7	10	40
26/01/2025	23	6	3	1	12	7	13	31
27/01/2025	00	5	3	1	6	7	7	37
27/01/2025	01	4	3	1	6	5	7	45
27/01/2025	02	4	3	1	6	5	7	46
27/01/2025	03	3	3	1	6	4	7	46
27/01/2025	04	3	3	1	6	4	7	46
27/01/2025	05	2	3	1	6	2	7	49
27/01/2025	06	2	3	1	6	4	7	46
27/01/2025	07	3	3	2	13	6	15	33
27/01/2025	08	3	3	1	15	8	16	28
27/01/2025	09	3	3	1	14	9	15	30
27/01/2025	10	2	3	1	6	7	7	39
27/01/2025	11	3	3	1	6	11	7	42
27/01/2025	12	3	3	1	6	12	7	40
27/01/2025	13	5	3	1	6	34	7	42
27/01/2025	14	8	3	1	6	57	7	44
27/01/2025	15	7	3	1	6	48	7	47
27/01/2025	16	2	3	1	6	6	7	50
27/01/2025	17	3	3	1	6	11	7	42
27/01/2025	18	2	3	1	8	7	10	36
27/01/2025	19	2	3	1	7	6	8	37
27/01/2025	20	3	3	1	6	12	7	46
27/01/2025	21	3	3	1	6	15	7	57
27/01/2025	22	3	3	1	6	11	7	62
27/01/2025	23	5	3	1	6	31	7	63
28/01/2025	00	3	3	1	6	11	7	65
28/01/2025	01	3	3	1	6	15	7	65
28/01/2025	02	2	3	1	6	6	7	64
28/01/2025	03	3	3	1	6	10	7	64
28/01/2025	04	3	3	1	6	7	7	65
28/01/2025	05	4	3	1	6	8	7	66
28/01/2025	06	4	3	1	6	7	7	64
28/01/2025	07	5	3	1	7	9	8	58
28/01/2025	08	4	3	1	6	9	7	59
28/01/2025	09	3	3	1	6	11	7	60
28/01/2025	10	2	3	1	6	5	7	68
28/01/2025	11	2	3	1	6	5	7	65
28/01/2025	12	2	3	1	6	6	7	64
28/01/2025	13	3	3	1	6	11	7	63
28/01/2025	14	3	3	1	6	11	7	61
28/01/2025	15	2	3	1	6	4	7	62
28/01/2025	16	2	3	1	6	4	7	61
28/01/2025	18	2	3	1	8	5	9	
28/01/2025	19	2	3	1	8	4	9	52
28/01/2025	20	2	3	1	7	4	8	52
28/01/2025	21	2	3	1	5	4	6	54
28/01/2025	22	2	3	1	5	4	6	55
28/01/2025	23	2	3	1	5	4	6	56
29/01/2025	00	3	3	1	5	4	6	54
29/01/2025	01	3	3	1	5	4	6	53
29/01/2025	02	3	3	1	5	5	6	53
29/01/2025	03	3	3	1	5	4	6	53
29/01/2025	04	3	3	1	5	4	6	53
29/01/2025	05	4	3	1	6	5	7	51
29/01/2025	06	5	3	1	7	7	8	44
29/01/2025	07	6	3	2	13	9	15	39
29/01/2025	08	7	3	2	19	11	22	35
29/01/2025	09	7	3	1	12	12	14	41
29/01/2025	10	7	3	1	8	12	9	45
29/01/2025	11	7	3	1	8	12	9	47
29/01/2025	12	7	3	1	8	16	10	50
29/01/2025	13	6	3	1	12	14	13	50
29/01/2025	14	6	3	1	14	11	15	48
29/01/2025	15	6	3	1	12	11	13	51
29/01/2025	16	5	3	1	13	10	14	51
29/01/2025	17	6	3	2	31	12	34	31
29/01/2025	18	6	3	2	31	14	34	31
29/01/2025	19	5	3	1	29	11	31	33
29/01/2025	20	8	3	1	30	13	31	31
29/01/2025	21	9	3	1	32	14	33	27
29/01/2025	22	8	3	1	35	15	36	23
29/01/2025	23	7	3	1	35	13	37	20
30/01/2025	00	5	3	1	16	7	17	41
30/01/2025	01	2	3	1	6	3	7	58
30/01/2025	02	2	3	1	6	4	7	63
30/01/2025	03	3	3	1	6	5	7	63
30/01/2025	04	4	3	1	6	5	7	62
30/01/2025	05	4	3	1	6	6	7	58
30/01/2025	06	4	3	1	6	6	7	53
30/01/2025	07	4	3	1	18	8	19	40
30/01/2025	08	7	3	8	61	17	74	12
30/01/2025	09	7	3	8	37	17	49	26
30/01/2025	10	7	3	4	24	18	31	36
30/01/2025	11	4	3	2	8	7	11	50
30/01/2025	12	2	3	1	6	5	7	53
30/01/2025	13	2	3	1	6	3	7	54
30/01/2025	14	2	3	1	6	4	7	54
30/01/2025	15	2	3	1	6	7	7	54
30/01/2025	16	2	3	1	9	7	10	44
30/01/2025	17	4	3	1	19	12	20	29
30/01/2025	18	4	3	1	17	12	18	35
30/01/2025	19	3	3	1	6	11	7	55
30/01/2025	20	1	3	1	6	4	7	55
30/01/2025	21	1	3	1	6	2	7	52
30/01/2025	22	1	3	1	6	2	7	49
30/01/2025	23	1	3	1	6	2	7	49
31/01/2025	00	1	3	1	6	2	7	50
31/01/2025	01	1	3	1	6	2	7	49
31/01/2025	02	1	3	1	6	2	7	52
31/01/2025	03	1	3	1	6	2	7	52
31/01/2025	04	1	3	1	7	2	9	45
31/01/2025	05	1	3	1	6	2	7	48
31/01/2025	06	1	3	1	6	2	7	50
31/01/2025	07	2	3	1	9	3	10	43
31/01/2025	08	4	3	1	23	8	24	32
31/01/2025	09	4	3	2	22	10	26	31
31/01/2025	10	4	3	2	8	7	11	42
31/01/2025	11	3	3	1	6	7	7	48
31/01/2025	12	3	3	1	6	5	7	56
31/01/2025	13	3	3	1	6	6	7	58
31/01/2025	14	3	3	1	8	6	9	59
31/01/2025	15	3	3	1	8	6	9	56
31/01/2025	16	6	3	5	18	10	26	47
31/01/2025	17	6	3	1	13	9	14	53
31/01/2025	18	5	3	1	22	8	24	38
31/01/2025	19	4	3	1	11	8	12	48
31/01/2025	20	5	3	1	7	8	8	56
31/01/2025	21	5	3	1	7	9	8	56
31/01/2025	22	7	3	1	17	10	18	39
31/01/2025	23	11	3	1	26	15	27	14
01/02/2025	00	10	3	5	23	13	31	22
01/02/2025	01	12	3	4	38	16	44	7
01/02/2025	02	11	3	1	19	14	20	24
01/02/2025	03	10	3	1	10	12	11	27
01/02/2025	04	6	3	1	6	8	7	36
01/02/2025	05	5	3	1	6	7	7	35
01/02/2025	06	4	3	1	6	5	7	38
01/02/2025	07	4	3	1	10	6	11	33
01/02/2025	08	6	3	1	13	9	14	24
01/02/2025	09	8	3	1	11	14	13	27
01/02/2025	10	8	3	2	15	15	18	25
01/02/2025	11	8	3	3	12	15	16	28
01/02/2025	12	5	3	2	7	9	9	42
01/02/2025	13	5	3	1	8	8	9	49
01/02/2025	14	7	3	2	9	11	11	46
01/02/2025	15	3	3	1	6	5	7	60
01/02/2025	16	5	3	1	6	9	7	59
01/02/2025	17	3	3	1	6	5	7	61
01/02/2025	18	3	3	1	6	4	7	55
01/02/2025	19	4	3	1	7	5	8	41
01/02/2025	20	8	3	1	9	9	10	30
01/02/2025	21	10	3	1	9	11	10	29
01/02/2025	22	9	3	1	16	10	17	19
01/02/2025	23	15	3	2	13	16	15	16
02/02/2025	00	15	3	1	10	16	11	23
02/02/2025	01	14	3	1	11	15	12	17
02/02/2025	02	10	3	1	6	11	7	30
02/02/2025	03	6	3	1	6	7	7	39
02/02/2025	04	5	3	1	7	6	8	32
02/02/2025	05	6	3	1	6	6	7	31
02/02/2025	06	4	3	1	6	5	7	36
02/02/2025	07	3	3	1	6	4	7	35
02/02/2025	08	4	3	1	6	5	7	31
02/02/2025	09	4	3	1	6	5	7	35
02/02/2025	10	4	3	1	6	5	7	38
02/02/2025	11	5	3	1	6	7	7	41
02/02/2025	12	4	3	1	6	5	7	47
02/02/2025	13	3	3	1	7	4	8	50
02/02/2025	14	4	3	1	6	5	7	51
02/02/2025	15	3	3	1	6	5	7	55
02/02/2025	16	3	3	1	6	5	7	59
02/02/2025	17	4	3	1	6	7	7	59
02/02/2025	18	5	3	1	6	9	7	54
02/02/2025	19	6	3	1	11	10	12	41
02/02/2025	20	11	3	1	15	15	16	20
02/02/2025	21	14	3	1	23	18	25	11
02/02/2025	22	13	3	1	11	14	12	29
02/02/2025	23	11	3	1	13	13	15	26
03/02/2025	00	12	3	2	21	15	23	10
03/02/2025	01	12	3	1	9	13	10	19
03/02/2025	02	8	3	1	11	9	12	23
03/02/2025	03	7	3	1	6	8	7	32
03/02/2025	04	6	3	1	6	7	7	29
03/02/2025	05	6	3	1	6	7	7	27
03/02/2025	06	5	3	1	9	7	10	22
03/02/2025	07	6	3	14	28	11	49	7
03/02/2025	08	7	3	13	37	14	58	1
03/02/2025	09	7	3	13	27	15	47	7
03/02/2025	10	8	3	7	16	15	26	15
03/02/2025	11	7	3	3	13	12	17	28
03/02/2025	12	5	3	1	6	8	7	51
03/02/2025	13	4	3	1	6	7	7	58
03/02/2025	14	5	3	1	11	10	12	51
03/02/2025	15	6	3	4	19	14	25	36
03/02/2025	16	7	3	6	24	15	34	28
03/02/2025	17	5	3	2	23	11	26	30
03/02/2025	18	8	3	1	33	18	34	18
03/02/2025	19	10	3	15	47	18	70	2
03/02/2025	20	11	3	26	52	20	92	1
03/02/2025	21	17	3	34	44	33	96	1
03/02/2025	22	18	3	10	40	28	56	2
03/02/2025	23	20	3	28	48	31	91	1
04/02/2025	00	22	3	12	33	30	51	1
04/02/2025	01	20	3	9	26	26	40	1
04/02/2025	02	14	3	2	13	18	15	13
04/02/2025	03	9	3	1	6	12	7	27
04/02/2025	04	7	3	1	6	9	7	31
04/02/2025	05	6	3	1	6	7	7	32
04/02/2025	06	5	3	1	8	7	10	27
04/02/2025	07	5	3	1	14	8	15	16
04/02/2025	08	7	3	5	26	14	33	5
04/02/2025	09	11	3	14	34	26	55	7
04/02/2025	10	11	3	7	20	25	30	16
04/02/2025	11	10	3	6	15	24	24	22
04/02/2025	12	16	3	4	21	32	28	32
04/02/2025	13	18	3	9	26	36	39	35
04/02/2025	14	12	3	2	18	23	22	46
04/02/2025	15	6	3	2	13	11	15	53
04/02/2025	16	5	3	1	10	10	12	59
04/02/2025	17	4	3	1	13	11	15	51
04/02/2025	18	6	3	2	32	13	35	28
04/02/2025	19	12	3	24	58	16	95	1
04/02/2025	20	14	3	1	29	19	30	17
04/02/2025	21	20	3	1	20	26	21	17
04/02/2025	22	20	3	1	25	27	27	8
04/02/2025	23	18	3	1	22	23	23	11
05/02/2025	00	16	3	1	15	20	17	23
05/02/2025	01	17	3	5	25	20	32	3
05/02/2025	02	16	3	1	12	19	13	15
05/02/2025	03	10	3	1	6	12	8	29
05/02/2025	04	5	3	1	6	7	7	38
05/02/2025	05	5	3	1	6	7	7	35
05/02/2025	06	6	3	1	8	9	9	25
05/02/2025	07	7	3	1	18	12	19	7
05/02/2025	08	8	3	7	26	19	36	2
05/02/2025	09	9	3	8	21	23	34	9
05/02/2025	10	10	3	5	14	23	21	16
05/02/2025	11	9	3	3	13	20	17	26
05/02/2025	12	9	3	5	15	22	22	29
05/02/2025	13	4	3	1	6	7	8	56
05/02/2025	14	7	3	1	9	10	10	54
05/02/2025	15	9	3	1	9	12	10	53
05/02/2025	16	11	3	1	10	14	11	50
05/02/2025	17	10	3	1	12	13	13	44
05/02/2025	18	10	3	1	22	14	23	26
05/02/2025	19	12	3	1	27	18	28	14
05/02/2025	20	17	3	4	34	24	39	2
05/02/2025	21	24	3	5	35	32	43	1
05/02/2025	22	26	3	3	29	32	33	1
05/02/2025	23	29	3	11	32	38	48	1
06/02/2025	00	28	3	11	28	35	45	1
06/02/2025	01	31	3	17	29	39	55	1
06/02/2025	02	28	3	9	17	33	30	6
06/02/2025	03	22	3	1	8	25	9	19
06/02/2025	04	19	3	1	7	22	8	22
06/02/2025	05	18	3	1	7	21	8	22
06/02/2025	06	15	3	1	9	18	10	18
06/02/2025	07	12	3	1	19	17	20	7
06/02/2025	08	12	3	5	25	21	31	2
06/02/2025	09	13	3	9	23	25	36	8
06/02/2025	10	12	3	5	19	22	26	20
06/02/2025	11	13	3	2	11	23	13	32
06/02/2025	12	17	3	3	11	27	14	33
06/02/2025	13	16	3	1	7	21	8	51
06/02/2025	14	15	3	1	6	17	7	60
06/02/2025	15	15	3	1	6	17	7	63
06/02/2025	16	15	3	1	9	19	11	59
06/02/2025	17	13	3	1	18	18	19	45
06/02/2025	18	12	3	1	25	17	26	37
06/02/2025	19	12	3	1	29	16	30	32
06/02/2025	20	15	3	2	51	20	54	7
06/02/2025	21	26	3	4	35	33	40	4
06/02/2025	22	29	3	4	39	35	44	4
06/02/2025	23	30	3	5	37	36	44	1
07/02/2025	00	29	3	11	43	35	60	1
07/02/2025	01	28	3	6	29	34	38	5
07/02/2025	02	23	3	1	11	26	12	22
07/02/2025	03	24	3	1	8	27	9	25
07/02/2025	04	22	3	1	7	26	8	27
07/02/2025	05	22	3	1	9	26	10	22
07/02/2025	06	19	4	1	14	24	15	18
07/02/2025	07	18	3	2	27	23	30	7
07/02/2025	08	20	3	27	43	28	84	1
07/02/2025	09	20	3	15	27	29	49	11
07/02/2025	10	20	3	7	24	30	35	21
07/02/2025	11	23	3	8	23	37	35	26
07/02/2025	12	30	3	19	39	43	67	20
07/02/2025	13	19	3	3	13	28	17	46
07/02/2025	14	16	3	3	15	22	20	57
07/02/2025	15	15	3	1	9	20	11	70
07/02/2025	16	13	3	3	27	17	30	53
07/02/2025	17	11	3	2	25	14	27	53
07/02/2025	18	11	3	1	23	16	24	51
07/02/2025	19	16	3	1	40	23	42	20
07/02/2025	20	15	3	1	12	20	13	49
07/02/2025	21	9	3	1	8	12	9	50
07/02/2025	22	8	3	1	6	10	7	51
07/02/2025	23	9	3	1	13	12	14	35
08/02/2025	00	10	3	1	14	13	15	30
08/02/2025	01	10	3	1	6	12	7	55
08/02/2025	02	8	3	1	6	10	7	53
08/02/2025	03	7	3	1	6	8	7	51
08/02/2025	04	8	3	1	6	9	7	48
08/02/2025	05	7	3	1	6	8	7	45
08/02/2025	06	7	3	1	6	8	7	45
08/02/2025	07	12	3	1	6	12	7	38
08/02/2025	08	9	3	1	7	11	9	28
08/02/2025	09	12	3	2	13	16	16	21
08/02/2025	10	10	3	3	12	14	16	27
08/02/2025	11	4	3	1	6	7	7	43
08/02/2025	12	2	3	1	6	3	7	54
08/02/2025	13	2	3	1	6	2	7	57
08/02/2025	14	3	3	1	6	5	7	58
08/02/2025	15	3	3	1	7	5	8	54
08/02/2025	16	4	3	2	14	6	16	45
08/02/2025	17	4	3	1	9	7	10	49
08/02/2025	18	4	3	1	10	5	11	50
08/02/2025	19	3	3	1	6	5	8	56
08/02/2025	20	4	3	1	8	7	10	49
08/02/2025	21	5	3	1	17	7	18	32
08/02/2025	22	11	3	1	20	14	22	19
08/02/2025	23	13	3	1	18	15	19	22
09/02/2025	00	14	3	1	16	16	17	17
09/02/2025	01	14	3	1	18	16	20	13
09/02/2025	02	14	3	2	20	16	24	9
09/02/2025	03	13	3	1	11	14	13	14
09/02/2025	04	11	3	1	12	13	13	16
09/02/2025	05	9	3	3	15	11	18	9
09/02/2025	06	6	3	1	7	7	8	30
09/02/2025	07	6	3	1	8	7	9	25
09/02/2025	08	6	3	1	8	8	9	27
09/02/2025	09	6	3	1	6	7	8	30
09/02/2025	10	6	3	1	6	8	7	35
09/02/2025	11	5	3	1	7	7	8	40
09/02/2025	12	11	3	4	18	15	25	28
09/02/2025	13	11	3	1	11	14	13	39
09/02/2025	14	11	3	1	7	13	8	46
09/02/2025	15	9	3	1	7	11	8	47
09/02/2025	16	7	3	1	6	9	7	56
09/02/2025	17	6	3	1	6	9	7	62
09/02/2025	18	7	3	1	6	10	7	57
09/02/2025	19	9	3	1	9	12	10	45
09/02/2025	20	12	3	1	16	14	17	23
09/02/2025	21	14	3	1	16	16	17	21
09/02/2025	22	18	3	4	22	21	27	10
09/02/2025	23	17	3	1	12	20	13	25
10/02/2025	00	14	3	3	22	17	26	12
10/02/2025	01	15	3	2	22	18	25	10
10/02/2025	02	12	3	1	9	18	10	27
10/02/2025	03	10	3	1	6	11	7	32
10/02/2025	04	10	3	1	6	12	7	29
10/02/2025	05	11	3	1	10	13	11	18
10/02/2025	06	11	3	1	13	13	15	12
10/02/2025	07	11	3	1	20	13	21	6
10/02/2025	08	12	3	14	30	21	52	1
10/02/2025	09	14	3	16	31	26	55	3
10/02/2025	10	14	3	9	30	25	44	4
10/02/2025	11	17	3	11	33	29	50	6
10/02/2025	12	18	3	7	25	30	35	22
10/02/2025	13	18	3	1	10	24	12	44
10/02/2025	14	19	3	1	7	22	8	59
10/02/2025	15	13	3	1	6	16	7	65
10/02/2025	16	13	3	1	7	15	8	59
10/02/2025	17	11	3	1	6	14	7	62
10/02/2025	18	6	3	1	10	8	11	55
10/02/2025	19	4	3	1	6	6	8	60
10/02/2025	20	4	3	1	7	6	8	57
10/02/2025	21	5	3	1	10	7	11	49
10/02/2025	22	4	3	1	7	6	8	56
10/02/2025	23	4	3	1	8	6	9	56
11/02/2025	00	4	3	1	6	6	7	60
11/02/2025	01	4	3	1	6	6	7	61
11/02/2025	02	5	3	1	9	7	10	49
11/02/2025	03	8	3	5	23	10	31	16
11/02/2025	04	10	3	2	16	12	19	16
11/02/2025	05	9	3	4	24	12	31	7
11/02/2025	06	10	3	46	42	13	113	1
11/02/2025	07	13	3	99	68	20	220	1
11/02/2025	08	21	3	117	67	31	246	1
11/02/2025	09	21	3	78	51	30	171	2
11/02/2025	10	11	3	10	28	17	42	27
11/02/2025	11	9	3	1	17	14	20	46
11/02/2025	12	19	3	16	34	32	58	28
11/02/2025	13	10	3	6	21	17	29	42
11/02/2025	14	8	3	1	9	12	11	55
11/02/2025	15	7	3	1	6	12	8	64
11/02/2025	16	9	3	1	8	13	9	63
11/02/2025	17	8	3	1	14	10	15	53
11/02/2025	18	6	3	1	16	8	17	51
11/02/2025	19	7	3	1	15	10	16	54
11/02/2025	20	8	3	1	10	11	11	58
11/02/2025	21	14	3	1	24	18	25	25
11/02/2025	22	15	3	1	29	18	31	22
11/02/2025	23	15	3	2	24	18	28	25
12/02/2025	00	14	3	1	11	16	13	39
12/02/2025	01	15	3	1	7	17	8	43
12/02/2025	02	17	3	1	7	20	8	41
12/02/2025	03	18	3	1	7	21	8	45
12/02/2025	04	21	3	1	10	24	11	40
12/02/2025	05	22	3	1	11	25	12	29
12/02/2025	06	22	3	1	16	25	18	29
12/02/2025	07	23	3	3	33	26	38	11
12/02/2025	08	26	3	21	43	31	76	2
12/02/2025	09	27	3	16	41	33	65	10
12/02/2025	10	25	3	4	23	29	30	32
12/02/2025	11	26	3	5	25	34	32	33
12/02/2025	12	26	3	5	29	37	36	26
12/02/2025	13	17	3	5	19	25	27	33
12/02/2025	14	10	3	2	12	16	15	43
12/02/2025	15	7	3	2	30	13	33	29
12/02/2025	16	17	3	1	11	19	12	49
12/02/2025	17	19	3	1	7	21	8	62
12/02/2025	18	20	3	1	6	23	7	59
12/02/2025	19	21	3	1	9	25	10	54
12/02/2025	20	26	3	1	20	30	21	30
12/02/2025	21	27	3	2	41	33	44	12
12/02/2025	22	7	3	1	11	8	13	32
12/02/2025	23	4	3	2	17	9	19	28
13/02/2025	00	3	3	1	9	4	10	33
13/02/2025	01	4	3	2	9	7	11	33
13/02/2025	02	3	3	1	7	5	8	39
13/02/2025	03	2	3	1	6	3	7	47
13/02/2025	04	2	3	1	6	2	7	49
13/02/2025	05	3	3	1	6	4	7	37
13/02/2025	06	4	3	1	9	5	10	28
13/02/2025	07	5	3	1	29	9	30	11
13/02/2025	08	7	3	15	38	19	60	2
13/02/2025	09	6	3	11	23	17	39	12
13/02/2025	10	8	3	13	23	19	42	16
13/02/2025	11	9	3	6	18	20	27	26
13/02/2025	12	6	3	2	9	13	12	38
13/02/2025	13	6	3	5	17	14	24	36
13/02/2025	14	7	3	8	24	12	36	32
13/02/2025	15	6	3	1	10	15	12	50
13/02/2025	16	5	3	3	17	15	22	40
13/02/2025	17	5	3	3	28	11	32	34
13/02/2025	18	5	3	6	44	11	54	14
13/02/2025	19	6	3	4	46	15	52	9
13/02/2025	20	6	3	1	31	9	32	27
13/02/2025	21	10	3	4	44	17	50	2
13/02/2025	22	11	3	1	26	14	27	17
13/02/2025	23	11	3	1	24	14	25	21
14/02/2025	00	13	3	1	25	16	26	18
14/02/2025	01	12	3	1	18	15	19	19
14/02/2025	02	11	3	1	14	14	15	21
14/02/2025	03	10	3	1	11	13	12	21
14/02/2025	04	10	3	3	14	15	19	19
14/02/2025	05	11	3	2	18	14	21	8
14/02/2025	06	10	3	12	24	15	42	10
14/02/2025	07	11				17		
14/02/2025	08	26				36		
14/02/2025	09	12	3	39	57	27	117	8
14/02/2025	10	9	3	28	43	22	85	15
14/02/2025	11	7	3	14	31	17	52	27
14/02/2025	12	6	3	10	28	17	43	33
14/02/2025	13	7	3	18	40	19	68	34
14/02/2025	14	8	3	18	54	12	81	37
14/02/2025	15	7	3	14	39	10	60	46
14/02/2025	16	7	3	8	37	10	49	51
14/02/2025	17	5	3	10	48	12	63	40
14/02/2025	18	6	3	11	70	14	87	20
14/02/2025	19	6	3	2	25	9	28	54
14/02/2025	20	8	3	2	39	10	42	37
14/02/2025	21	11	3	3	62	14	65	15
14/02/2025	22	13	3	10	78	18	93	5
14/02/2025	23	17	3	57	79	24	167	1
15/02/2025	00	19	3	49	75	25	149	1
15/02/2025	01	24	3	132	73	34	275	1
15/02/2025	02	25	3	78	64	35	184	1
15/02/2025	03	22	3	28	51	27	94	1
15/02/2025	04	17	3	4	35	20	40	7
15/02/2025	05	25	3	3	22	28	26	27
15/02/2025	06	24	3	2	15	26	18	37
15/02/2025	07	26	3	5	30	28	37	18
15/02/2025	08	21	3	11	32	23	49	8
15/02/2025	09	26	3	9	28	29	42	14
15/02/2025	10	24	3	7	28	26	39	18
15/02/2025	11	22	3	4	22	25	29	35
15/02/2025	12	15	3	3	15	18	20	50
15/02/2025	13	18	3	3	14	21	19	53
15/02/2025	14	17	3	2	12	20	15	62
15/02/2025	15	19	3	2	11	22	15	64
15/02/2025	16	15	3	2	11	18	15	65
15/02/2025	17	9	3	2	10	13	14	69
15/02/2025	18	9	3	2	9	13	12	66
15/02/2025	19	12	3	2	21	16	24	46
15/02/2025	20	13	3	2	27	18	31	41
15/02/2025	21	13	3	2	22	18	25	46
15/02/2025	22	14	3	2	23	18	27	46
15/02/2025	23	17	3	2	27	21	30	42
16/02/2025	00	22	3	2	34	25	37	27
16/02/2025	01	23	3	3	51	26	55	12
16/02/2025	02	22	3	4	56	27	61	6
16/02/2025	03	28	3	9	58	34	72	1
16/02/2025	04	30	3	8	43	35	55	3
16/02/2025	05	28	3	2	30	32	33	10
16/02/2025	06	28	3	9	31	32	44	7
16/02/2025	07	27	3	35	32	30	86	1
16/02/2025	08	22	3	11	29	25	46	5
16/02/2025	09	20	3	5	22	23	31	15
16/02/2025	10	19	3	6	22	22	31	26
16/02/2025	11	18	3	5	21	22	29	39
16/02/2025	12	16	3	4	18	21	25	50
16/02/2025	13	16	3	4	17	21	23	53
16/02/2025	14	17	3	5	24	22	32	48
16/02/2025	15	14	3	4	15	17	21	62
16/02/2025	16	14	3	2	12	18	16	69
16/02/2025	17	17	3	2	13	20	16	70
16/02/2025	18	17	3	2	14	20	17	66
16/02/2025	19	17	3	2	10	20	14	71
16/02/2025	20	19	3	2	13	22	16	66
16/02/2025	21	20	3	2	15	22	18	62
16/02/2025	22	21	3	2	13	24	16	64
16/02/2025	23	25	3	2	30	29	33	41
17/02/2025	00	29	3	2	19	32	22	49
17/02/2025	01	30	3	2	17	34	20	48
17/02/2025	02	33	3	2	15	36	18	40
17/02/2025	03	32	3	2	15	35	18	31
17/02/2025	04	26	3	2	13	28	17	35
17/02/2025	05	24	3	2	17	27	20	29
17/02/2025	06	26	3	19	47	30	76	3
17/02/2025	07	26	3	43	55	31	120	1
17/02/2025	08	29	3	67	49	39	152	1
17/02/2025	09	29	3	34	44	39	97	2
17/02/2025	10	49	3	16	37	57	62	15
17/02/2025	11	42	3	11	26	47	43	26
17/02/2025	12	36	3	10	26	41	40	34
17/02/2025	13	33	3	6	22	37	31	43
17/02/2025	14	24	3	4	17	27	22	57
17/02/2025	15	20	3	2	11	22	14	71
17/02/2025	16	21	3	2	10	24	13	75
17/02/2025	17	22	3	2	12	25	15	73
17/02/2025	18	24	3	2	14	27	17	71
17/02/2025	19	25	3	2	14	27	18	73
17/02/2025	20	24	3	2	13	26	16	74
17/02/2025	21	23	3	2	11	25	14	71
17/02/2025	22	30	3	5	46	33	53	26
17/02/2025	23	33	3	3	40	38	45	24
18/02/2025	00	30	3	4	41	34	47	26
18/02/2025	01	27	3	4	37	31	43	28
18/02/2025	02	26	3	3	37	29	41	27
18/02/2025	03	28	3	3	16	31	20	37
18/02/2025	04	28	3	2	13	31	16	41
18/02/2025	05	28	3	2	15	30	17	37
18/02/2025	06	25	3	2	18	28	20	39
18/02/2025	07	25	3	3	38	29	42	25
18/02/2025	08	26	3	9	67	32	81	6
18/02/2025	09	24	3	14	63	31	83	11
18/02/2025	10	22	3	8	34	28	47	35
18/02/2025	11	20	3	3	19	27	23	55
18/02/2025	12	19	3	3	17	24	21	60
18/02/2025	13	15	3	2	12	19	15	70
18/02/2025	14	18	3	2	12	22	14	73
18/02/2025	15	16	3	2	12	20	15	73
18/02/2025	16	16	3	2	10	20	12	77
18/02/2025	17	17	3	2	15	21	18	78
18/02/2025	18	19	3	2	14	24	17	77
18/02/2025	19	19	3	2	16	23	19	73
18/02/2025	20	18	3	2	16	22	19	72
18/02/2025	21	13	3	2	13	17	15	77
18/02/2025	22	13	3	2	11	16	14	80
18/02/2025	23	15	3	2	12	19	14	75
19/02/2025	00	19	3	2	25	23	28	49
19/02/2025	01	23	3	3	50	28	54	21
19/02/2025	02	26	3	3	37	30	42	27
19/02/2025	03	26	3	2	17	29	19	43
19/02/2025	04	26	3	2	18	30	21	37
19/02/2025	05	27	3	1	22	30	24	26
19/02/2025	06	27	3	26	47	32	87	7
19/02/2025	07	28	3	55	55	33	139	2
19/02/2025	08	29	3	41	54	37	117	1
19/02/2025	09	38	3	33	60	49	111	2
19/02/2025	10	39	3	13	44	50	63	24
19/02/2025	11	28	3	3	17	34	22	51
19/02/2025	12	28	3	4	17	34	22	55
19/02/2025	13	23	3	3	16	30	20	63
19/02/2025	14	20	3	2	14	29	17	67
19/02/2025	15	18	3	2	13	27	16	74
19/02/2025	16	15	3	2	11	22	14	76
19/02/2025	17	15	3	2	11	24	14	77
19/02/2025	18	18	3	2	13	27	16	77
19/02/2025	19	17	3	2	13	27	16	77
19/02/2025	20	17	3	2	18	28	20	61
19/02/2025	21	21	3	2	31	32	33	49
19/02/2025	22	22	3	2	32	34	34	43
19/02/2025	23	24	3	2	36	37	40	32
20/02/2025	00	27	3	10	60	41	76	8
20/02/2025	01	29	3	3	29	43	33	40
20/02/2025	02	28	3	2	22	42	25	45
20/02/2025	03	29	3	2	21	42	23	41
20/02/2025	04	28	3	2	30	41	32	24
20/02/2025	05	26	3	2	22	38	24	26
20/02/2025	06	26	3	2	29	37	31	23
20/02/2025	07	24	3	3	46	36	49	18
20/02/2025	08	21	3	2	42	35	45	22
20/02/2025	09	21	3	5	44	37	51	22
20/02/2025	10	21	3	5	34	37	42	30
20/02/2025	11	22	3	4	28	38	34	37
20/02/2025	12	23	3	6	23	40	31	51
20/02/2025	13	21	3	5	21	35	28	61
20/02/2025	14	22	3	2	14	35	17	70
20/02/2025	15	23	3	2	13	36	16	72
20/02/2025	16	24	3	3	24	36	29	59
20/02/2025	17	22	3	3	23	32	27	65
20/02/2025	18	17	3	2	13	27	15	76
20/02/2025	19	13	3	2	13	21	15	73
20/02/2025	20	14	3	2	12	22	14	73
20/02/2025	21	15	3	2	12	24	14	71
20/02/2025	22	14	3	2	12	23	15	70
20/02/2025	23	14	3	2	34	22	36	52
21/02/2025	00	14	3	3	18	21	22	66
21/02/2025	01	14	3	2	20	20	23	61
21/02/2025	02	13	3	2	19	20	22	62
21/02/2025	03	16	3	2	25	23	28	51
21/02/2025	04	15	3	2	14	24	16	64
21/02/2025	05	18	3	2	14	27	17	52
21/02/2025	06	20	3	2	27	31	30	35
21/02/2025	07	23	3	8	56	37	67	12
21/02/2025	08	23	3	3	47	39	52	23
21/02/2025	09	22	3	3	49	38	53	31
21/02/2025	10	22	3	3	45	37	49	37
21/02/2025	11	24	3	9	47	40	61	39
21/02/2025	12	25	3	6	29	44	38	54
21/02/2025	13	22	3	3	21	36	26	63
21/02/2025	14	22	3	2	16	33	19	70
21/02/2025	15	19	3	2	12	28	15	74
21/02/2025	16	15	3	2	13	26	15	75
21/02/2025	17	14	3	2	17	24	19	71
21/02/2025	18	15	3	2	20	26	23	68
21/02/2025	19	16	3	2	22	27	25	67
21/02/2025	20	17	3	2	22	28	25	65
21/02/2025	21	18	3	2	20	29	22	58
21/02/2025	22	22	3	2	33	33	35	36
21/02/2025	23	19	3	2	24	30	26	47
22/02/2025	00	17	3	2	18	26	20	53
22/02/2025	01	21	3	2	28	32	31	40
22/02/2025	02	23	3	1	21	34	24	41
22/02/2025	03	25	3	1	19	36	21	37
22/02/2025	04	26	3	1	21	37	23	31
22/02/2025	05	25	3	1	19	37	21	34
22/02/2025	06	27	3	6	34	39	43	13
22/02/2025	07	25	3	9	39	38	53	10
22/02/2025	08	26	3	14	50	39	71	6
22/02/2025	09	27	3	8	43	42	55	13
22/02/2025	10	29	3	10	38	48	54	19
22/02/2025	11	25	3	11	33	42	50	29
22/02/2025	12	19	3	8	30	35	43	36
22/02/2025	13	13	3	4	28	24	35	41
22/02/2025	14	24	3	6	25	36	34	44
22/02/2025	15	24	3	2	15	35	18	57
22/02/2025	16	21	3	2	15	31	17	60
22/02/2025	17	20	3	2	18	29	20	59
22/02/2025	18	18	3	2	10	27	12	66
22/02/2025	19	20	3	2	15	29	18	58
22/02/2025	20	24	3	2	18	33	20	54
22/02/2025	21	15	3	2	20	21	23	52
22/02/2025	22	9	3	2	17	13	20	51
22/02/2025	23	7	3	2	22	10	24	43
23/02/2025	00	6	3	1	21	8	23	42
23/02/2025	01	9	3	1	21	12	23	39
23/02/2025	02	12	3	1	14	15	17	36
23/02/2025	03	13	3	1	14	17	16	33
23/02/2025	04	15	3	1	15	20	17	26
23/02/2025	05	13	3	1	12	18	14	25
23/02/2025	06	10	3	1	11	16	13	49
23/02/2025	07	6	3	1	7	10	9	65
23/02/2025	08	11	3	2	21	17	24	38
23/02/2025	09	9	3	2	18	14	20	41
23/02/2025	10	8	3	1	16	13	19	47
23/02/2025	11	7	3	2	14	13	16	58
23/02/2025	12	8	3	2	12	19	15	59
23/02/2025	13	12	3	2	13	28	15	59
23/02/2025	14	8	3	2	11	16	14	54
23/02/2025	15	6	3	2	10	13	12	59
23/02/2025	16	5	3	2	10	13	12	61
23/02/2025	17	4	3	2	8	8	11	64
23/02/2025	18	3	3	2	14	8	17	60
23/02/2025	19	10	3	2	36	30	38	35
23/02/2025	20	11	3	2	48	31	52	16
23/02/2025	21	13	3	11	67	25	85	3
23/02/2025	22	14	3	11	61	26	77	5
23/02/2025	23	14	3	30	64	24	110	1
24/02/2025	00	15	3	36	61	24	115	3
24/02/2025	01	10	3	1	22	15	24	25
24/02/2025	02	8	3	1	14	12	16	30
24/02/2025	03	7	3	1	12	10	14	34
24/02/2025	04	6	3	1	10	9	12	35
24/02/2025	05	6	3	1	10	8	12	37
24/02/2025	06	6	3	1	19	10	20	27
24/02/2025	07	10				17		
24/02/2025	08	9				16		
24/02/2025	09	10	3	21	44	22	77	14
24/02/2025	10	13	3	26	44	28	83	16
24/02/2025	11	13	3	18	29	22	57	25
24/02/2025	12	11	3	12	25	20	43	33
24/02/2025	13	9	3	16	40	18	64	31
24/02/2025	14	8	3	17	48	16	74	35
24/02/2025	15	4	3	5	24	12	32	41
24/02/2025	16	5	3	3	22	13	27	47
24/02/2025	17	5	3	4	27	13	33	43
24/02/2025	18	5	3	7	47	15	58	31
24/02/2025	19	7	3	3	46	18	50	27
24/02/2025	20	6	3	2	39	14	42	31
24/02/2025	21	8	3	2	45	21	49	22
24/02/2025	22	15	3	24	73	29	110	4
24/02/2025	23	8	3	2	27	14	30	37
25/02/2025	00	7	3	2	18	13	21	44
25/02/2025	01	6	3	1	12	10	14	51
25/02/2025	02	5	3	2	10	9	12	48
25/02/2025	03	5	3	1	9	8	11	48
25/02/2025	04	5	3	1	8	8	10	46
25/02/2025	05	5	3	2	10	8	12	45
25/02/2025	06	4	3	2	12	9	14	47
25/02/2025	07	5	3	4	29	12	34	35
25/02/2025	08	5	3	4	34	19	40	31
25/02/2025	09	5	3	4	26	20	32	38
25/02/2025	10	5	3	3	20	15	24	44
25/02/2025	11	5	3	3	18	15	22	44
25/02/2025	12	6	3	2	19	16	23	40
25/02/2025	13	7	3	4	23	16	29	36
25/02/2025	14	6	3	4	23	12	29	36
25/02/2025	15	5	3	4	27	13	34	34
25/02/2025	16	5	3	2	28	14	32	33
25/02/2025	17	5	3	2	25	14	29	37
25/02/2025	18	4	3	2	14	9	17	56
25/02/2025	19	3	3	2	18	10	21	50
25/02/2025	20	3	3	2	18	5	21	47
25/02/2025	21	2	3	2	16	4	18	51
25/02/2025	22	2	3	2	14	5	16	54
25/02/2025	23	2	3	1	10	4	12	55
26/02/2025	00	2	3	1	8	4	11	58
26/02/2025	01	3	3	1	7	4	9	56
26/02/2025	02	2	3	1	5	3	7	61
26/02/2025	03	2	3	1	5	3	7	61
26/02/2025	04	2	3	1	7	4	9	53
26/02/2025	05	2	3	1	10	4	12	48
26/02/2025	06	3	3	1	18	6	20	41
26/02/2025	07	3	3	1	46	9	49	21
26/02/2025	08	6	3	17	67	21	93	10
26/02/2025	09	7	3	21	53	23	84	21
26/02/2025	10	6	3	14	36	16	57	34
26/02/2025	11	4	3	8	21	10	33	46
26/02/2025	12	2	3	4	14	7	21	54
26/02/2025	13	2	3	3	12	6	18	57
26/02/2025	14	2	3	4	13	5	20	56
26/02/2025	15	4	3	6	21	9	31	55
26/02/2025	16	4	3	6	25	11	33	56
26/02/2025	17	4	3	5	24	10	31	60
26/02/2025	18	4	3	5	39	9	47	51
26/02/2025	19	5	3	2	46	12	48	40
26/02/2025	20	8	3	2	56	18	59	23
26/02/2025	21	8	3	2	52	14	55	20
26/02/2025	22	8	3	2	32	12	34	33
26/02/2025	23	10	3	10	44	18	59	27
27/02/2025	00	12	3	23	67	20	102	1
27/02/2025	01	10	3	17	49	18	75	12
27/02/2025	02	8	3	1	18	15	20	33
27/02/2025	03	7	3	1	16	15	18	33
27/02/2025	04	7	3	1	19	15	20	28
27/02/2025	05	5	3	1	17	11	19	31
27/02/2025	06	5	3	1	26	9	28	23
27/02/2025	07	6	3	4	47	11	53	7
27/02/2025	08	6	3	22	60	18	94	2
27/02/2025	09		3	22	49		82	9
27/02/2025	10		3	17	46		72	14
27/02/2025	11		3	20	48		79	17
27/02/2025	12	16	3	28	57	50	100	13
27/02/2025	13	17	3	34	58	47	110	17
27/02/2025	14	17	3	15	48	35	71	31
27/02/2025	15	16	3	19	49	40	78	30
27/02/2025	16	17	3	7	25	40	36	53
27/02/2025	17		3	3	18		22	57
27/02/2025	18		3	2	16		18	61
27/02/2025	19		3	2	20		22	59
27/02/2025	20	16	3	2	39	35	42	26
27/02/2025	21	17	3	2	36	30	39	29
27/02/2025	22	17	3	4	42	34	47	26
27/02/2025	23	15	3	4	39	24	45	26
28/02/2025	00	13	3	2	26	23	28	36
28/02/2025	01	16	3	1	24	27	26	35
28/02/2025	02	17	3	2	32	29	35	21
28/02/2025	03	14	3	1	18	26	20	32
28/02/2025	04	11	3	1	15	27	17	39
28/02/2025	05	13	3	2	24	26	27	22
28/02/2025	06	15	3	1	30	28	32	18
28/02/2025	07	11	3	1	29	27	31	24
28/02/2025	08	12	3	5	54	30	62	18
28/02/2025	09	22	3	7	48	41	59	25
28/02/2025	10	19	3	6	28	36	38	45
28/02/2025	11	15	3	3	16	31	20	63
28/02/2025	12	17	3	3	14	35	18	62
28/02/2025	13	12	3	2	10	24	12	72
28/02/2025	14	10	3	2	9	23	12	76
28/02/2025	15	12	3	2	10	26	12	78
28/02/2025	16	13	3	2	12	28	14	79
28/02/2025	17	14	3	2	10	29	13	81
28/02/2025	18	14	3	2	13	27	16	82
28/02/2025	19	13	3	2	13	24	16	82
28/02/2025	20	8	3	2	11	20	14	79
28/02/2025	21	7	3	2	9	15	12	79
28/02/2025	22	28	3	2	32	39	35	46
28/02/2025	23	24	3	3	38	38	42	37
01/03/2025	00	18	3	2	31	31	34	41
01/03/2025	01	16	3	2	27	28	30	45
01/03/2025	02	17	3	2	26	28	29	39
01/03/2025	03	19	3	2	27	33	30	36
01/03/2025	04	18	3	2	25	38	28	44
01/03/2025	05	13	3	2	18	43	20	55
01/03/2025	06	16	3	2	21	39	24	52
01/03/2025	07	15	3	2	24	29	27	47
01/03/2025	08	13	3	3	28	26	33	41
01/03/2025	09	16	3	2	17	41	20	49
01/03/2025	10	12	3	2	14	40	17	58
01/03/2025	11	11	3	2	9	41	11	66
01/03/2025	12	13	3	2	7	39	10	67
01/03/2025	13	12	3	2	7	42	10	67
01/03/2025	14	12	3	2	7	42	10	67
01/03/2025	15	12	3	2	7	39	10	69
01/03/2025	16	10	3	2	7	36	10	69
01/03/2025	17	12	3	2	7	38	10	71
01/03/2025	18	10	3	2	7	33	9	72
01/03/2025	19	11	3	2	7	39	9	72
01/03/2025	20	11	3	2	7	39	9	72
01/03/2025	21	12	3	2	7	37	9	73
01/03/2025	22	11	3	2	7	38	9	74
01/03/2025	23	11	3	2	6	38	9	75
02/03/2025	00	9	3	2	7	31	9	74
02/03/2025	01	11	3	2	8	28	11	66
02/03/2025	02	11	3	2	17	24	19	49
02/03/2025	03	9	3	2	18	16	21	45
02/03/2025	04	11	3	1	12	22	14	49
02/03/2025	05	13	3	1	14	34	16	52
02/03/2025	06	16	3	1	19	54	21	45
02/03/2025	07	14	3	1	18	57	20	49
02/03/2025	08	14	3	2	17	53	20	49
02/03/2025	09	12	3	1	12	32	14	57
02/03/2025	10	14	3	1	9	32	11	57
02/03/2025	11	12	3	1	7	29	9	61
02/03/2025	12	12	3	1	6	26	8	65
02/03/2025	13	10	3	1	6	29	8	66
02/03/2025	14	11	3	1	6	28	8	67
02/03/2025	15	12	3	1	6	27	8	67
02/03/2025	16	13	3	1	6	29	8	65
02/03/2025	17	14	3	1	6	38	9	65
02/03/2025	18	15	3	1	6	41	8	64
02/03/2025	19	18	3	1	6	45	8	66
02/03/2025	20	25	3	1	5	68	7	67
02/03/2025	21	24	3	1	5	68	7	68
02/03/2025	22	25	3	1	5	74	7	68
02/03/2025	23	28	3	1	5	75	7	71
03/03/2025	00	25	3	1	5	76	7	74
03/03/2025	01	23	3	1	5	74	7	74
03/03/2025	02	24	3	1	5	74	7	74
03/03/2025	03	23	3	1	5	78	7	74
03/03/2025	04	25	3	1	5	78	7	71
03/03/2025	05	25	3	1	5	75	7	72
03/03/2025	06	24	3	1	7	74	9	69
03/03/2025	07	25	3	1	12	83	14	65
03/03/2025	08	27	3	1	11	80	13	65
03/03/2025	09	29	3	1	8	85	10	66
03/03/2025	10	28	3	1	8	79	10	68
03/03/2025	11	30	3	1	7	82	9	67
03/03/2025	12	32	3	1	9	98	11	64
03/03/2025	13	32	3	2	10	111	12	62
03/03/2025	14	34	3	2	13	118	16	61
03/03/2025	15	32	3	1	11	119	13	65
03/03/2025	16	30	3	1	10	120	12	65
03/03/2025	17	29	3	1	9	117	11	64
03/03/2025	18	20	3	1	14	79	16	56
03/03/2025	19	23	3	1	15	85	17	55
03/03/2025	20	23	3	1	15	85	17	56
03/03/2025	21	28	3	1	11	95	13	64
03/03/2025	22	27	3	1	16	81	18	54
03/03/2025	23	28	3	2	18	86	22	52
04/03/2025	00	29	3	1	10	83	12	67
04/03/2025	01	28	3	1	8	86	10	67
04/03/2025	02	29	3	1	12	86	14	56
04/03/2025	03	30	3	1	11	95	13	60
04/03/2025	04	27	3	1	8	80	10	68
04/03/2025	05	28	3	1	6	71	8	67
04/03/2025	06	27	3	2	11	70	14	61
04/03/2025	07	27	3	2	13	75	16	60
04/03/2025	08	26	3	1	10	69	12	63
04/03/2025	09	25	3	1	7	67	9	66
04/03/2025	10	23				64		
04/03/2025	11	23				68		
04/03/2025	12	22	3	1	9	67	11	66
04/03/2025	13	21	3	1	9	60	11	66
04/03/2025	14	21	3	1	10	62	12	65
04/03/2025	15	23	3	1	7	63	9	73
04/03/2025	16	21	3	1	5	57	7	76
04/03/2025	17	21	3	1	6	55	8	77
04/03/2025	18	21	3	1	5	58	7	77
04/03/2025	19	21	3	1	7	54	9	75
04/03/2025	20	22	3	1	9	57	10	71
04/03/2025	21	24	3	1	11	68	13	65
04/03/2025	22	24	3	1	15	66	17	57
04/03/2025	23	25	3	1	13	72	15	60
05/03/2025	00	25	3	1	6	71	8	71
05/03/2025	01	26	3	1	5	72	8	73
05/03/2025	02	26	3	1	5	74	7	74
05/03/2025	03	24	3	1	7	66	9	71
05/03/2025	04	23	3	1	6	63	8	70
05/03/2025	05	24	3	1	6	62	7	70
05/03/2025	06	22	3	2	9	53	11	64
05/03/2025	07	23	3	2	10	62	13	63
05/03/2025	08	21	3	1	6	59	8	69
05/03/2025	09	21	3	1	5	56	7	72
05/03/2025	10	21	3	1	6	58	8	72
05/03/2025	11	22	3	1	6	56	8	72
05/03/2025	12	20	3	1	6	47	8	74
05/03/2025	13	21	3	1	7	45	9	78
05/03/2025	14	20	3	1	6	42	8	80
05/03/2025	15	22	3	1	6	52	7	80
05/03/2025	16	23	3	1	5	59	7	80
05/03/2025	17	24	3	1	5	64	6	77
05/03/2025	18	24	3	1	6	65	7	75
05/03/2025	19	24	3	1	6	70	8	75
05/03/2025	20	24	3	1	6	75	8	75
05/03/2025	21	26	3	1	5	78	7	75
05/03/2025	22	27	3	1	6	82	8	74
05/03/2025	23	28	3	1	5	84	7	74
06/03/2025	00	28	3	1	5	86	7	73
06/03/2025	01	27	3	1	5	83	7	74
06/03/2025	02	28	3	1	5	88	7	74
06/03/2025	03	29	3	1	6	85	8	71
06/03/2025	04	28	3	1	7	79	9	70
06/03/2025	05	28	3	1	8	83	10	69
06/03/2025	06	29	3	1	11	80	13	66
06/03/2025	07	30	3	1	13	83	15	66
06/03/2025	08	31	3	1	9	82	11	74
06/03/2025	09	30	3	1	8	81	10	74
06/03/2025	10	28	3	1	7	76	9	72
06/03/2025	11	28	3	1	7	77	9	69
06/03/2025	12	29	3	1	8	78	10	68
06/03/2025	13	28	3	1	7	78	10	67
06/03/2025	14	28	3	2	10	77	13	66
06/03/2025	15	28	3	2	8	75	10	67
06/03/2025	16	28	3	2	6	74	9	70
06/03/2025	17	28	3	1	6	73	9	70
06/03/2025	18	29	3	1	7	76	9	71
06/03/2025	19	29	3	1	9	73	11	71
06/03/2025	20	28	3	1	10	76	12	71
06/03/2025	21	28	3	1	9	82	11	70
06/03/2025	22	28	3	1	9	80	11	71
06/03/2025	23	28	3	2	13	78	15	64
07/03/2025	00	27	3	2	11	78	14	65
07/03/2025	01	20	3	1	9	54	11	69
07/03/2025	02	18	3	1	12	55	14	64
07/03/2025	03	18	3	1	18	53	20	47
07/03/2025	04	12	3	1	20	22	22	43
07/03/2025	05	13	3	1	22	29	24	35
07/03/2025	06	17	3	8	41	44	52	20
07/03/2025	07	20	3	7	36	35	46	13
07/03/2025	08	18				31		
07/03/2025	09	17				29		
07/03/2025	10	11				26		
07/03/2025	11	9				25		
07/03/2025	12	8				12		
07/03/2025	13	7				15		
07/03/2025	14	10	3	2	18	19	21	52
07/03/2025	15	12	3	2	17	25	20	58
07/03/2025	16	8	3	2	12	20	14	69
07/03/2025	17	5	3	2	8	14	11	71
07/03/2025	18	7	3	2	18	22	20	57
07/03/2025	19	7	3	1	20	22	22	51
07/03/2025	20	13	3	1	21	37	24	47
07/03/2025	21	16	3	1	26	43	28	34
07/03/2025	22	19	3	1	28	42	30	31
07/03/2025	23	22	3	3	46	49	50	12
08/03/2025	00	34	3	2	36	104	39	23
08/03/2025	01	28	3	10	56	55	72	8
08/03/2025	02	28	3	11	55	71	73	9
08/03/2025	03	20	3	1	26	45	28	35
08/03/2025	04	11	3	1	10	35	13	63
08/03/2025	05	11	3	1	10	39	12	67
08/03/2025	06	14	3	1	9	42	11	64
08/03/2025	07	17	3	1	22	43	24	47
08/03/2025	08	19	3	1	29	50	32	42
08/03/2025	09	21	3	5	37	50	45	36
08/03/2025	10	21	3	6	27	58	36	47
08/03/2025	11	22	3	3	15	59	19	60
08/03/2025	12	22	3	3	11	59	14	64
08/03/2025	13	23	3	2	8	65	10	68
08/03/2025	14	24	3	2	9	69	12	67
08/03/2025	15	24	3	2	11	66	13	66
08/03/2025	16	25	3	2	10	68	13	68
08/03/2025	17	26	3	2	9	71	11	72
08/03/2025	18	26	3	2	12	70	15	70
08/03/2025	19	27	3	2	15	73	17	68
08/03/2025	20	28	3	2	14	75	16	71
08/03/2025	21	31	3	2	16	80	18	73
08/03/2025	22	29	3	1	15	72	17	68
08/03/2025	23	4	3	1	9	6	11	62
09/03/2025	00	3	3	1	9	5	11	62
09/03/2025	01	3	3	1	9	5	11	62
09/03/2025	02	3	3	1	7	5	9	68
09/03/2025	03	3	3	1	5	5	7	68
09/03/2025	04	3	3	1	6	5	8	66
09/03/2025	05	3	3	1	7	5	9	65
09/03/2025	06	3	3	1	7	5	9	66
09/03/2025	07	3	3	1	8	5	9	62
09/03/2025	08	4	3	1	7	6	9	60
09/03/2025	09	3	3	1	7	5	9	60
09/03/2025	10	3	3	1	6	4	8	63
09/03/2025	11	2	3	1	7	4	9	64
09/03/2025	12	2	3	2	6	3	8	65
09/03/2025	13	3	3	2	6	4	8	66
09/03/2025	14	6	3	2	7	7	9	66
09/03/2025	15	3	3	2	7	4	10	65
09/03/2025	16	4	3	3	18	8	22	59
09/03/2025	17	5	3	2	22	9	25	59
09/03/2025	18	5	3	2	31	10	35	51
09/03/2025	19	7	3	2	62	13	65	24
09/03/2025	20	11	3	2	57	18	59	25
09/03/2025	21	4	3	1	11	6	13	61
09/03/2025	22	3	3	1	11	4	13	60
09/03/2025	23	3	3	1	13	4	15	56
10/03/2025	00	4	3	1	13	6	15	53
10/03/2025	01	3	3	1	11	5	13	54
10/03/2025	02	3	3	1	9	5	10	54
10/03/2025	03	3	3	1	7	5	9	52
10/03/2025	04	4	3	1	10	7	12	45
10/03/2025	05	5	3	1	19	11	21	34
10/03/2025	06	6	3	1	36	13	38	18
10/03/2025	07	6	3	2	40	15	42	17
10/03/2025	08	7	3	11	48	15	66	14
10/03/2025	09	5	3	8	30	13	41	36
10/03/2025	10	4	3	4	15	8	22	52
10/03/2025	11	4	3	3	13	11	17	55
10/03/2025	12	4	3	2	13	8	16	56
10/03/2025	13	3	3	2	11	7	14	58
10/03/2025	14	3	3	2	9	6	12	59
10/03/2025	15	2	3	2	8	5	11	61
10/03/2025	16	2	3	2	9	5	12	62
10/03/2025	17	4	3	5	25	10	32	56
10/03/2025	18	6	3	7	49	13	59	40
10/03/2025	19	7	3	3	45	16	49	40
10/03/2025	20	8	3	2	30	21	33	51
10/03/2025	21	10	3	1	33	24	35	48
10/03/2025	22	9	3	1	20	21	22	57
10/03/2025	23	12	3	2	34	25	37	23
11/03/2025	00	13	3	1	28	24	30	28
11/03/2025	01	8	3	1	16	13	18	45
11/03/2025	02	4	3	1	7	5	9	56
11/03/2025	03	3	3	1	7	4	9	58
11/03/2025	04	2	3	1	7	3	9	61
11/03/2025	05	2	3	1	7	4	9	60
11/03/2025	06	3	3	1	14	7	16	53
11/03/2025	07	5	3	2	39	16	43	28
11/03/2025	08	5	3	12	58	16	77	17
11/03/2025	09	7	3	22	56	17	90	12
11/03/2025	10	8	3	19	44	21	73	25
11/03/2025	11	4	3	5	18	9	25	56
11/03/2025	12	6	3	11	31	17	48	46
11/03/2025	13	5	3	7	28	14	38	57
11/03/2025	14	5	3	6	24	17	33	59
11/03/2025	15	8	3	6	29	30	38	54
11/03/2025	16	5	3	3	18	15	21	63
11/03/2025	17	3	3	2	13	6	15	66
11/03/2025	18	3	3	2	16	8	18	65
11/03/2025	19	3	3	2	17	8	20	66
11/03/2025	20	5	3	2	21	11	23	59
11/03/2025	21	4	3	1	20	12	23	59
11/03/2025	22	5	3	1	22	14	24	54
11/03/2025	23	4	3	1	14	7	16	60
12/03/2025	00	3	3	1	9	6	11	61
12/03/2025	01	3	3	1	8	5	10	63
12/03/2025	02	3	3	1	7	5	9	61
12/03/2025	03	4	3	1	9	7	11	55
12/03/2025	04	3	3	1	8	5	10	54
12/03/2025	05	3	3	1	9	6	11	50
12/03/2025	06	7	3	2	24	15	27	36
12/03/2025	07	6	3	5	48	17	56	19
12/03/2025	08	13	3	15	50	40	73	18
12/03/2025	09	6	3	8	26	16	37	35
12/03/2025	10	3	3	3	14	8	19	45
12/03/2025	11	2	3	2	8	6	11	53
12/03/2025	12	3	3	2	10	9	12	56
12/03/2025	13	3	3	2	11	10	14	56
12/03/2025	14	3	3	2	8	7	11	60
12/03/2025	15	3	3	2	8	9	11	62
12/03/2025	16	3	3	2	11	9	14	59
12/03/2025	17	4	3	2	14	11	17	56
12/03/2025	18	4	3	2	16	16	18	56
12/03/2025	19	4	3	2	17	10	19	53
12/03/2025	20	6	3	2	21	11	23	47
12/03/2025	21	7	3	2	16	12	19	53
12/03/2025	22	5	3	2	11	9	13	58
12/03/2025	23	5	3	1	10	8	12	57
13/03/2025	00	5	3	1	10	8	12	57
13/03/2025	01	5	3	1	7	7	9	59
13/03/2025	02	5	3	1	6	8	8	57
13/03/2025	03	5	3	1	7	9	9	56
13/03/2025	04	5	3	1	7	9	9	56
13/03/2025	05	5	3	1	6	7	8	56
13/03/2025	06	6	3	1	12	10	14	47
13/03/2025	07	7	3	2	23	13	27	36
13/03/2025	08	8	3	4	38	19	44	24
13/03/2025	09	9	3	9	42	31	55	21
13/03/2025	10	8	3	8	31	19	43	31
13/03/2025	11	7	3	6	27	16	37	36
13/03/2025	12	9	3	9	36	26	49	34
13/03/2025	13	10	3	5	37	27	45	32
13/03/2025	14	14	3	9	54	30	67	20
13/03/2025	15	9	3	5	26	16	33	39
13/03/2025	16	9	3	3	26	14	31	38
13/03/2025	17	10	3	5	33	16	40	37
13/03/2025	18	9	3	3	27	14	32	47
13/03/2025	19	9	3	2	28	14	30	41
13/03/2025	20	14	3	1	25	21	27	44
13/03/2025	21	18	3	1	33	24	35	35
13/03/2025	22	18	3	1	33	23	35	24
13/03/2025	23	21	3	7	55	27	65	9
14/03/2025	00	17	3	5	44	22	51	20
14/03/2025	01	19	3	8	50	24	62	4
14/03/2025	02	21	3	2	30	28	33	21
14/03/2025	03	8	3	1	16	12	18	50
14/03/2025	04	7	3	1	17	11	19	45
14/03/2025	05	7	3	1	17	12	19	42
14/03/2025	06	4	3	2	16	9	18	50
14/03/2025	07	7	3	3	27	15	31	42
14/03/2025	08	12	3	7	39	19	50	20
14/03/2025	09	6	3	2	23	11	25	39
14/03/2025	10	6	3	4	24	17	29	43
14/03/2025	11	10	3	4	25	19	31	41
14/03/2025	12	7	3	3	17	19	21	53
14/03/2025	13	6	3	2	16	20	19	54
14/03/2025	14	5	3	1	15	18	17	56
14/03/2025	15	8	3	2	14	21	17	56
14/03/2025	16	7	3	1	13	24	15	59
14/03/2025	17	8	3	1	16	26	18	53
14/03/2025	18	10	3	1	22	38	24	46
14/03/2025	19	9	3	1	26	30	27	39
14/03/2025	20	8	3	1	37	27	38	25
14/03/2025	21	16	3	5	52	26	59	8
14/03/2025	22	15	3	1	45	21	47	12
14/03/2025	23	16	3	1	38	21	40	14
15/03/2025	00	21	3	1	38	25	40	14
15/03/2025	01	15	3	4	34	17	40	19
15/03/2025	02	12	3	1	31	15	34	18
15/03/2025	03	9	3	1	20	11	22	26
15/03/2025	04	4	3	1	10	5	12	51
15/03/2025	05	5	3	1	8	6	9	52
15/03/2025	06	5	3	1	8	6	9	50
15/03/2025	07	6	3	1	15	8	16	44
15/03/2025	08	6	3	1	16	10	18	43
15/03/2025	09	6	3	2	11	8	14	49
15/03/2025	10	4	3	1	9	6	10	56
15/03/2025	11	4	3	2	7	6	9	59
15/03/2025	12	3	3	1	7	4	9	62
15/03/2025	13	3	3	2	5	4	8	63
15/03/2025	14	3	3	2	5	3	8	65
15/03/2025	15	3	3	2	5	3	8	66
15/03/2025	16	3	3	2	6	4	8	67
15/03/2025	17	4	3	2	10	10	13	65
15/03/2025	18	4	3	2	17	10	19	58
15/03/2025	19	8	3	4	55	12	60	33
15/03/2025	20	16	3	4	63	25	69	22
15/03/2025	21	16	3	2	27	27	29	50
15/03/2025	22	23	3	1	36	36	38	31
15/03/2025	23	26	3	3	51	37	57	17
16/03/2025	00	16	3	2	33	22	36	29
16/03/2025	01	11	3	1	19	15	21	39
16/03/2025	02	10	3	1	17	13	19	39
16/03/2025	03	14	3	6	36	24	44	14
16/03/2025	04	14	3	14	51	22	73	2
16/03/2025	05	11	3	1	28	18	30	18
16/03/2025	06	10	3	7	29	16	40	16
16/03/2025	07	11	3	38	47	21	105	5
16/03/2025	08	7	3	2	17	11	20	31
16/03/2025	09	8	3	2	14	11	17	36
16/03/2025	10	9	3	5	23	15	31	33
16/03/2025	11	10	3	30	51	16	96	16
16/03/2025	12	9	3	8	29	12	42	33
16/03/2025	13	7	3	3	9	10	13	51
16/03/2025	14	9	3	2	10	12	13	54
16/03/2025	15	10	3	3	17	14	21	52
16/03/2025	16	8	3	6	21	10	30	50
16/03/2025	17	6	3	2	15	9	18	57
16/03/2025	18	8	3	4	30	11	36	44
16/03/2025	19	10	3	2	25	14	28	36
16/03/2025	20	15	3	5	58	26	65	10
16/03/2025	21	24	3	10	53	34	68	11
16/03/2025	22	14	3	2	35	18	39	21
16/03/2025	23	9	3	1	20	15	22	42
17/03/2025	00	5	3	1	13	11	15	47
17/03/2025	01	6	3	1	20	13	22	36
17/03/2025	02	9	3	9	29	14	42	24
17/03/2025	03	12	3	4	24	18	31	16
17/03/2025	04	8	3	2	28	13	32	13
17/03/2025	05	6	3	2	22	11	26	17
17/03/2025	06	5	3	2	18	8	21	20
17/03/2025	07	6	3	7	31	8	42	13
17/03/2025	08	9	3	5	32	12	40	11
17/03/2025	09	13	3	9	39	19	54	10
17/03/2025	10	13	3	6	33	20	42	20
17/03/2025	11	12	3	8	39	21	51	19
17/03/2025	12	4	3	2	12	9	15	57
17/03/2025	13	7	3	2	17	12	20	51
17/03/2025	14	5	3	1	8	9	10	64
17/03/2025	15	5	3	1	7	11	9	65
17/03/2025	16	6	3	1	7	11	9	67
17/03/2025	17	6	3	1	7	11	9	70
17/03/2025	18	6	3	1	9	11	11	68
17/03/2025	19	7	3	1	9	12	11	70
17/03/2025	20	10	3	1	19	16	21	54
17/03/2025	21	13	3	1	21	18	23	49
17/03/2025	22	15	3	1	23	22	25	47
17/03/2025	23	17	3	1	23	23	24	43
18/03/2025	00	18	3	1	23	25	25	36
18/03/2025	01	16	3	1	20	22	22	35
18/03/2025	02	14	3	1	14	19	16	37
18/03/2025	03	13	3	1	14	18	16	37
18/03/2025	04	12	3	1	14	17	16	38
18/03/2025	05	11	3	1	18	16	20	32
18/03/2025	06	12	3	3	28	22	33	35
18/03/2025	07	12	3	2	22	24	26	46
18/03/2025	08	16	3	2	31	27	33	36
18/03/2025	09	14	3	1	20	28	22	49
18/03/2025	10	9	3	1	13	28	15	65
18/03/2025	11	9	3	1	10	28	11	68
18/03/2025	12	8	3	1	8	28	10	72
18/03/2025	13	8	3	1	8	24	9	71
18/03/2025	14	9	3	1	8	25	10	72
18/03/2025	15	8	3	1	7	22	8	74
18/03/2025	16	8	3	1	6	23	8	73
18/03/2025	17	9	3	1	6	27	8	75
18/03/2025	18	12	3	1	7	39	9	74
18/03/2025	19	18	3	1	21	50	23	53
18/03/2025	20	19	3	1	27	47	29	46
18/03/2025	21	19	3	1	26	47	28	48
18/03/2025	22	14	3	2	29	26	31	41
18/03/2025	23	13	3	3	26	20	30	45
19/03/2025	00	12	3	2	21	19	23	51
19/03/2025	01	8	3	1	11	12	13	59
19/03/2025	02	8	3	1	11	12	13	61
19/03/2025	03	9	3	2	17	15	20	55
19/03/2025	04	10	3	2	16	15	19	56
19/03/2025	05	12	3	1	18	28	20	52
19/03/2025	06	10	3	2	18	17	20	51
19/03/2025	07	8	3	2	16	24	19	55
19/03/2025	08	12	3	2	21	34	24	51
19/03/2025	09	13	3	2	17	33	20	55
19/03/2025	10	14	3	1	14	40	16	59
19/03/2025	11	14	3	1	11	37	14	61
19/03/2025	12	12	3	2	12	28	16	59
19/03/2025	13	12	3	2	10	30	13	67
19/03/2025	14	16	3	2	9	33	13	67
19/03/2025	15	14	3	2	10	34	13	69
19/03/2025	16	14	3	2	8	43	10	73
19/03/2025	17	17	3	2	8	56	11	73
19/03/2025	18	22	3	2	11	61	13	71
19/03/2025	19	27	3	2	12	65	14	69
19/03/2025	20	31	3	2	10	65	12	73
19/03/2025	21	31	3	2	10	70	12	75
19/03/2025	22	22	3	2	13	64	15	71
19/03/2025	23	30	3	2	18	72	21	64
20/03/2025	00	42	3	2	11	88	13	69
20/03/2025	01	29	3	2	11	72	14	66
20/03/2025	02	24	3	2	12	63	15	71
20/03/2025	03	23	3	1	8	71	10	75
20/03/2025	04	25	3	1	6	73	9	74
20/03/2025	05	30	3	2	8	80	10	72
20/03/2025	06	31	3	2	12	83	16	68
20/03/2025	07	31	3	2	13	78	16	67
20/03/2025	08	32	3	2	17	80	19	61
20/03/2025	09	31	3	2	13	76	16	66
20/03/2025	10	33	3	2	11	89	14	67
20/03/2025	11	35	3	2	11	99	14	67
20/03/2025	12	37	3	2	11	103	14	67
20/03/2025	13	37	3	2	10	105	13	69
20/03/2025	14	38	3	2	9	108	12	70
20/03/2025	15	42	3	3	11	120	14	67
20/03/2025	16	47	3	2	8	134	10	70
20/03/2025	17	47	3	2	7	132	10	67
20/03/2025	18	49	3	2	7	148	10	69
20/03/2025	19	49	3	2	7	154	10	70
20/03/2025	20	49	3	2	9	155	12	69
20/03/2025	21	47	3	2	10	143	12	68
20/03/2025	22	50	3	2	10	140	12	66
20/03/2025	23	48	3	3	16	133	19	58
21/03/2025	00	44	3	2	13	119	16	63
21/03/2025	01	36	3	2	15	105	17	47
21/03/2025	02	46	3	2	14	142	17	29
21/03/2025	03	39	3	2	20	127	23	33
21/03/2025	04	36	3	2	16	110	19	37
21/03/2025	05	43	3	2	13	137	15	35
21/03/2025	06	43	3	8	27	130	39	17
21/03/2025	07	45	3	21	49	137	80	2
21/03/2025	08	40	3	19	55	115	84	3
21/03/2025	09	27				74		
21/03/2025	10	10				23		
21/03/2025	11	8	3	13	34	19	54	40
21/03/2025	12	3	3	2	11	8	14	62
21/03/2025	13	3	3	2	11	7	14	62
21/03/2025	14	3	3	2	10	7	13	62
21/03/2025	15	3	3	2	10	8	13	63
21/03/2025	16	3	3	2	10	8	12	64
21/03/2025	17	4	3	2	13	8	15	63
21/03/2025	18	4	3	2	17	8	20	59
21/03/2025	19	4	3	2	19	9	21	56
21/03/2025	20	6	3	2	24	11	27	51
21/03/2025	21	7	3	2	28	13	31	48
21/03/2025	22	10	3	2	33	19	36	36
21/03/2025	23	8	3	2	23	15	26	44
22/03/2025	00	8	3	2	27	15	30	37
22/03/2025	01	8	3	2	24	14	27	39
22/03/2025	02	8	3	2	19	14	21	37
22/03/2025	03	6	3	2	13	10	15	44
22/03/2025	04	4	3	2	11	8	13	53
22/03/2025	05	2	3	1	6	5	8	69
22/03/2025	06	3	3	2	7	5	9	68
22/03/2025	07	3	3	1	8	6	10	66
22/03/2025	08	5	3	2	9	8	11	63
22/03/2025	09	5	3	2	10	10	12	62
22/03/2025	10	6	3	2	8	12	10	64
22/03/2025	11	6	3	2	7	12	10	64
22/03/2025	12	5	3	2	7	11	10	63
22/03/2025	13	4	3	2	7	8	10	63
22/03/2025	14	3	3	2	7	8	10	62
22/03/2025	15	3	3	2	7	7	10	61
22/03/2025	16	3	3	2	6	5	9	59
22/03/2025	17	3	3	2	8	5	10	58
22/03/2025	18	3	3	2	9	5	12	57
22/03/2025	19	4	3	2	12	7	15	52
22/03/2025	20	4	3	2	11	6	14	56
22/03/2025	21	3	3	2	10	5	13	57
22/03/2025	22	4	3	2	10	6	13	58
22/03/2025	23	3	3	2	8	4	11	61
23/03/2025	00	3	3	2	8	4	10	61
23/03/2025	01	2	3	2	7	4	10	62
23/03/2025	02	2	3	1	5	3	7	65
23/03/2025	03	2	3	1	5	3	7	65
23/03/2025	04	2	3	1	5	3	7	63
23/03/2025	05	2	3	1	5	4	7	62
23/03/2025	06	4	3	1	5	6	7	60
23/03/2025	07	3	3	1	6	4	8	60
23/03/2025	08	3	3	1	7	5	9	59
23/03/2025	09	3	3	2	6	6	8	58
23/03/2025	10	4	3	2	6	6	9	57
23/03/2025	11	3	3	2	6	4	8	59
23/03/2025	12	2	3	2	6	4	8	58
23/03/2025	13	2	3	2	6	3	8	59
23/03/2025	14	3	3	2	6	4	9	62
23/03/2025	15	3	3	2	6	5	8	63
23/03/2025	16	3	3	2	6	5	9	62
23/03/2025	17	2	3	2	7	4	10	59
23/03/2025	18	3	3	2	15	7	17	54
23/03/2025	19	4	3	2	19	9	21	50
23/03/2025	20	6	3	2	27	14	30	40
23/03/2025	21	8	3	2	28	18	31	32
23/03/2025	22	9	3	19	54	16	83	10
23/03/2025	23	7	3	2	29	13	32	27
24/03/2025	00	8	3	2	32	16	34	23
24/03/2025	01	7	3	3	25	12	29	23
24/03/2025	02	4	3	1	11	6	13	36
24/03/2025	03	3	3	1	6	4	9	43
24/03/2025	04	3	3	1	6	4	8	42
24/03/2025	05	3	3	1	8	5	10	42
24/03/2025	06	4	3	1	16	8	18	32
24/03/2025	07	5	3	3	33	12	37	20
24/03/2025	08	7	3	15	45	20	69	14
24/03/2025	09	5	3	10	24	14	39	31
24/03/2025	10	3	3	3	10	7	14	48
24/03/2025	11	3	3	2	9	6	12	53
24/03/2025	12	3	3	2	9	7	12	56
24/03/2025	13	5	3	5	18	20	26	52
24/03/2025	14	5	3	6	19	17	28	52
24/03/2025	15	6	3	7	22	21	33	54
24/03/2025	16	7	3	5	19	26	26	61
24/03/2025	17	5	3	2	14	13	18	66
24/03/2025	18	5	3	2	11	11	14	71
24/03/2025	19	5	3	2	11	11	13	71
24/03/2025	20	5	3	2	12	12	15	68
24/03/2025	21	8	3	2	23	16	26	44
24/03/2025	22	10	3	3	31	19	36	33
24/03/2025	23	9	3	4	34	16	41	30
25/03/2025	00	8	3	2	18	13	21	41
25/03/2025	01	9	3	6	23	21	32	33
25/03/2025	02	11	3	2	18	19	20	32
25/03/2025	03	13	3	2	21	21	24	21
25/03/2025	04	9	3	2	16	14	19	21
25/03/2025	05	6	3	2	19	9	22	23
25/03/2025	06	5	3	1	23	10	25	19
25/03/2025	07	9	3	66	52	21	153	3
25/03/2025	08	10	3	39	44	27	105	7
25/03/2025	09	7	3	18	37	18	65	21
25/03/2025	10	5	3	5	16	10	23	46
25/03/2025	11	4	3	3	11	7	15	55
25/03/2025	12	3	3	2	9	6	12	61
25/03/2025	13	4	3	3	14	11	18	60
25/03/2025	14	4	3	4	15	8	20	60
25/03/2025	15	4	3	3	13	9	18	65
25/03/2025	16	4	3	2	18	10	20	63
25/03/2025	17	4	3	2	18	10	21	63
25/03/2025	18	4	3	4	44	10	51	43
25/03/2025	19	5	3	2	30	13	33	52
25/03/2025	20	7	3	2	55	18	58	23
25/03/2025	21	11	3	3	66	22	70	8
25/03/2025	22	11	3	4	49	20	56	13
25/03/2025	23	10	3	4	37	17	43	25
26/03/2025	00	8	3	2	20	12	22	37
26/03/2025	01	7	3	2	15	10	18	38
26/03/2025	02	4	3	2	11	7	13	41
26/03/2025	03	5	3	1	11	8	13	38
26/03/2025	04	4	3	1	9	6	11	41
26/03/2025	05	5	3	1	10	8	13	36
26/03/2025	06	5	3	1	16	9	18	35
26/03/2025	07	7	3	3	35	14	39	24
26/03/2025	08	7	3	11	41	20	57	23
26/03/2025	09	8	3	12	33	22	52	32
26/03/2025	10	5	3	4	12	10	19	51
26/03/2025	11	7	3	6	23	17	32	48
26/03/2025	12	8	3	6	21	16	31	52
26/03/2025	13	6	3	4	15	11	20	66
26/03/2025	14	4	3	4	12	8	18	67
26/03/2025	15	4	3	6	21	8	30	63
26/03/2025	16	5	3	4	18	14	24	67
26/03/2025	17	5	3	6	32	11	40	54
26/03/2025	18	5	3	11	49	11	66	39
26/03/2025	19	6	3	3	49	11	54	40
26/03/2025	20	6	3	2	40	13	43	45
26/03/2025	21	11	3	2	54	25	56	17
26/03/2025	22	12	3	4	54	26	59	13
26/03/2025	23	11	3	4	46	21	52	18
27/03/2025	00	10	3	2	32	17	35	26
27/03/2025	01	8	3	2	25	13	28	32
27/03/2025	02	8	3	2	17	12	20	32
27/03/2025	03	7	3	4	32	11	38	22
27/03/2025	04	5	3	1	12	8	14	42
27/03/2025	05	8	3	5	41	14	48	9
27/03/2025	06	7	3	2	22	11	25	32
27/03/2025	07	10	3	63	57	22	153	2
27/03/2025	08	10	3	28	49	24	92	14
27/03/2025	09	10	3	10	30	22	45	33
27/03/2025	10	11	3	12	31	27	49	36
27/03/2025	11	13	3	23	45	37	81	29
27/03/2025	12	9	3	11	34	20	51	48
27/03/2025	13	8	3	5	17	17	24	61
27/03/2025	14	8	3	3	14	15	18	67
27/03/2025	15	8	3	3	14	20	19	72
27/03/2025	16	8	3	3	14	20	18	71
27/03/2025	17	7	3	4	20	14	25	63
27/03/2025	18	8	3	3	24	17	28	61
27/03/2025	19	9	3	2	28	18	31	61
27/03/2025	20	9	3	2	31	20	33	59
27/03/2025	21	11	3	2	27	22	30	51
27/03/2025	22	14	3	3	39	25	43	25
27/03/2025	23	15	3	5	45	24	52	19
28/03/2025	00	15	3	3	39	25	43	24
28/03/2025	01	15	3	3	36	50	39	24
28/03/2025	02	16	3	14	52	32	74	4
28/03/2025	03	14	3	1	20	21	22	33
28/03/2025	04	14	3	1	14	20	16	35
28/03/2025	05	13	3	1	13	18	15	31
28/03/2025	06	12	3	2	24	19	27	20
28/03/2025	07	11	3	9	38	20	53	12
28/03/2025	08	9	3	16	37	24	61	15
28/03/2025	09	6	3	7	19	16	29	35
28/03/2025	10	6	3	3	13	12	16	51
28/03/2025	11	8	3	6	19	20	28	46
28/03/2025	12	7	3	4	15	15	22	54
28/03/2025	13	7	3	3	15	18	20	58
28/03/2025	14	8	3	5	20	14	28	59
28/03/2025	15	6	3	3	10	12	14	72
28/03/2025	16	6	3	3	14	13	18	70
28/03/2025	17	6	3	4	29	15	35	59
28/03/2025	18	8	3	16	75	18	99	22
28/03/2025	19	8	3	4	42	15	48	45
28/03/2025	20	8	3	2	28	17	31	53
28/03/2025	21	11	3	2	42	24	44	40
28/03/2025	22	13	3	2	50	27	53	32
28/03/2025	23	7	3	2	21	25	23	55
29/03/2025	00	5	3	2	6	16	9	
29/03/2025	01	4	3	2	6	9	8	
29/03/2025	02	4	3	2	5	16	8	
29/03/2025	03	4	3	2	5	17	8	
29/03/2025	04	3	3	2	5	6	8	
29/03/2025	05	3	3	1	5	6	7	
29/03/2025	06	3	3	1	6	7	8	
29/03/2025	07	3	3	1	7	7	9	
29/03/2025	08	3	3	1	7	7	9	
29/03/2025	09	4	3	2	5	9	8	
29/03/2025	10	3	3	2	6	7	9	
29/03/2025	11	3	3	2	6	9	8	
29/03/2025	12	4	3	2	6	22	8	
29/03/2025	13	4	3	2	6	22	8	
29/03/2025	14	4	3	2	5	18	8	
29/03/2025	15	4	3	2	6	12	8	
29/03/2025	16	4	3	2	6	9	9	
29/03/2025	17	3	3	2	6	8	8	
29/03/2025	18	3	3	2	6	7	8	
29/03/2025	19	3	3	2	7	6	9	
29/03/2025	20	3	3	2	8	7	10	
29/03/2025	21	4	3	2	10	7	12	
29/03/2025	22	5	3	2	12	8	14	
29/03/2025	23	5	3	2	11	8	13	
30/03/2025	00	4	3	1	9	8	11	
30/03/2025	01	4	3	1	7	7	9	
30/03/2025	02	4	3	1	8	7	10	
30/03/2025	03	4	3	1	7	6	9	
30/03/2025	04	4	3	1	6	6	8	
30/03/2025	05	4	3	1	6	7	8	
30/03/2025	06	4	3	1	9	8	10	
30/03/2025	07	4	3	1	11	9	12	
30/03/2025	08	4	3	1	9	8	11	
30/03/2025	09	4	3	1	8	8	10	
30/03/2025	10	4	3	2	8	8	10	
30/03/2025	11	4	3	2	8	7	11	
30/03/2025	12	6	3	4	21	12	28	
30/03/2025	13	6	3	7	26	13	37	
30/03/2025	14	6	3	5	16	17	24	68
30/03/2025	15	5	3	3	11	14	15	72
30/03/2025	16	6	3	8	32	11	44	56
30/03/2025	17	6	3	16	49	11	73	43
30/03/2025	18	6	3	3	31	11	34	56
30/03/2025	19	6	3	2	43	12	46	41
30/03/2025	20	7	3	2	54	13	57	29
30/03/2025	21	10	3	5	75	24	82	8
30/03/2025	22	11	3	2	48	23	50	18
30/03/2025	23	11	3	5	48	22	56	13
31/03/2025	00	12	3	7	38	22	49	9
31/03/2025	01	12	3	12	41	22	59	7
31/03/2025	02	10	3	3	26	17	30	18
31/03/2025	03	7	3	1	12	12	13	36
31/03/2025	04	5	3	1	9	10	11	41
31/03/2025	05	5	3	1	13	11	15	35
31/03/2025	06	7	3	2	39	18	42	14
31/03/2025	07	10	3	21	63	39	95	6
31/03/2025	08	14	3	47	64	61	137	8
31/03/2025	09	13	3	38	60	57	118	15
31/03/2025	10	15	3	30	55	54	101	24
31/03/2025	11	11	3	20	44	38	75	37
31/03/2025	12	13	3	23	54	35	89	34
31/03/2025	13	14	3	8	36	33	49	65
31/03/2025	14	10	3	10	39	26	54	61
31/03/2025	15	7	3	12	47	18	65	54
31/03/2025	16	6	3	11	42	18	59	54
31/03/2025	17	6	3	8	36	20	48	58
31/03/2025	18	6	3	3	30	20	35	61
31/03/2025	19	10	3	2	35	21	37	53
31/03/2025	20	10	3	2	49	25	52	37
31/03/2025	21	8	3	2	53	19	57	41
31/03/2025	22	9	3	2	26	18	29	65
31/03/2025	23	16	3	2	21	29	24	57
01/04/2025	00	17	3	2	19	35	22	66
01/04/2025	01	16	3	2	17	40	19	69
01/04/2025	02	19	3	2	21	32	23	50
01/04/2025	03	20	3	2	23	29	26	34
01/04/2025	04	14	3	1	18	23	20	30
01/04/2025	05	17	3	4	35	29	42	23
01/04/2025	06	24	3	2	42	39	45	19
01/04/2025	07	21	3	8	58	39	69	12
01/04/2025	08	16	3	14	46	40	67	20
01/04/2025	09	16	3	13	42	37	63	39
01/04/2025	10	20	3	19	55	51	84	40
01/04/2025	11	17	3	13	36	37	57	60
01/04/2025	12	16	3	4	21	31	27	70
01/04/2025	13	20	3	6	27	36	36	62
01/04/2025	14	18	3	4	22	32	29	70
01/04/2025	15	13	3	2	14	24	18	90
01/04/2025	16	16	3	2	13	31	17	96
01/04/2025	17	13	3	2	12	27	15	94
01/04/2025	18	7	3	2	10	17	13	82
01/04/2025	19	8	3	2	12	19	14	82
01/04/2025	20	8	3	2	10	22	13	80
01/04/2025	21	9	3	2	10	26	13	81
01/04/2025	22	9	3	2	10	27	13	81
01/04/2025	23	17	3	2	21	41	23	56
02/04/2025	00	14	3	2	18	41	21	66
02/04/2025	01	13	3	2	15	30	18	64
02/04/2025	02	10	3	2	20	21	22	61
02/04/2025	03	10	3	2	20	21	23	61
02/04/2025	04	10	3	2	16	20	18	62
02/04/2025	05	10	3	3	24	20	28	55
02/04/2025	06	11	3	4	35	21	41	43
02/04/2025	07	12	3	2	41	30	45	32
02/04/2025	08	20	3	5	35	36	42	40
02/04/2025	09	15	3	3	18	26	22	61
02/04/2025	10	17	3	8	32	37	43	50
02/04/2025	11	18	3	11	37	46	54	48
02/04/2025	12	16	3	7	24	35	35	63
02/04/2025	13	15	3	3	15	29	19	79
02/04/2025	14	13	3	2	11	26	14	87
02/04/2025	15	12	3	2	10	26	13	92
02/04/2025	16	11	3	2	10	30	13	84
02/04/2025	17	10	3	2	11	30	14	83
02/04/2025	18	12	3	2	14	35	17	81
02/04/2025	19	12	3	2	12	34	14	81
02/04/2025	20	11	3	2	11	29	14	82
02/04/2025	21	12	3	2	11	32	14	82
02/04/2025	22	12	3	2	13	32	15	80
02/04/2025	23	12	3	2	9	34	12	82
03/04/2025	00	12	3	2	8	38	11	84
03/04/2025	01	12	3	2	7	44	10	82
03/04/2025	02	13	3	2	10	42	13	79
03/04/2025	03	15	3	2	7	49	9	81
03/04/2025	04	17	3	2	6	52	9	83
03/04/2025	05	17	3	2	10	53	12	77
03/04/2025	06	17	3	2	13	57	16	75
03/04/2025	07	16	3	2	11	56	13	74
03/04/2025	08	15	3	2	9	60	12	73
03/04/2025	09	14	3	2	9	57	11	74
03/04/2025	10	13	3	2	8	43	11	76
03/04/2025	11	15				53		
03/04/2025	12	15	3	2	7	50	10	
03/04/2025	13	17	3	2	7	55	9	
03/04/2025	14	20	3	2	7	59	9	94
03/04/2025	15	20	3	2	6	61	8	96
03/04/2025	16	20	3	2	6	61	9	95
03/04/2025	17	19	3	2	7	59	9	89
03/04/2025	18	19	3	2	7	56	9	88
03/04/2025	19	20	3	2	8	56	10	87
03/04/2025	20	20	3	2	7	58	10	86
03/04/2025	21	21	3	2	9	60	11	83
03/04/2025	22	22	3	2	10	62	13	82
03/04/2025	23	21	3	2	9	59	12	82
04/04/2025	00	20	3	2	9	55	11	82
04/04/2025	01	20	3	2	7	54	9	83
04/04/2025	02	22	3	2	7	62	9	82
04/04/2025	03	22	3	2	5	62	8	85
04/04/2025	04	19	3	2	7	53	10	77
04/04/2025	05	16	3	3	27	33	31	50
04/04/2025	06	14	3	7	34	22	45	32
04/04/2025	07	17	3	3	20	42	23	57
04/04/2025	08	13	3	2	21	44	24	61
04/04/2025	09	13	3	2	14	40	17	71
04/04/2025	10	16	3	2	12	49	15	74
04/04/2025	11	15	3	2	11	46	14	78
04/04/2025	12	16	3	2	9	51	12	85
04/04/2025	13	16	3	2	11	58	13	83
04/04/2025	14	16	3	2	9	52	11	87
04/04/2025	15	16	3	2	7	47	10	89
04/04/2025	16	17	3	2	7	56	10	89
04/04/2025	17	20	3	2	8	64	11	87
04/04/2025	18	21	3	2	10	70	12	86
04/04/2025	19	20	3	2	9	64	11	85
04/04/2025	20	22	3	2	14	49	17	72
04/04/2025	21	25	3	2	18	57	21	71
04/04/2025	22	23	3	2	16	50	18	67
04/04/2025	23	23	3	2	15	37	18	64
05/04/2025	00	14	3	2	16	19	18	55
05/04/2025	01	8	3	2	12	12	15	53
05/04/2025	02	8	3	1	13	12	15	44
05/04/2025	03	10	3	1	13	15	15	41
05/04/2025	04	13	3	1	15	19	17	23
05/04/2025	05	12	3	1	17	18	20	20
05/04/2025	06	10	3	1	23	15	25	21
05/04/2025	07	6	3	2	23	14	26	41
05/04/2025	08	6	3	3	20	14	25	51
05/04/2025	09	5	3	2	12	10	16	58
05/04/2025	10	4	3	2	9	8	11	64
05/04/2025	11	4	3	2	7	7	9	67
05/04/2025	12	3	3	2	6	6	8	70
05/04/2025	13	3	3	2	6	5	9	73
05/04/2025	14	3	3	2	6	5	8	73
05/04/2025	15	3	3	2	6	5	8	74
05/04/2025	16	3	3	2	6	5	8	74
05/04/2025	17	3	3	2	7	6	10	73
05/04/2025	18	4	3	2	12	8	14	65
05/04/2025	19	5	3	2	28	11	30	51
05/04/2025	20	8	3	2	24	17	26	55
05/04/2025	21	8	3	2	25	17	27	47
05/04/2025	22	9	3	3	31	16	34	34
05/04/2025	23	8	3	2	28	17	31	30
06/04/2025	00	4	3	2	18	8	20	43
06/04/2025	01	3	3	2	10	6	13	51
06/04/2025	02	3	3	2	8	5	11	51
06/04/2025	03	3	3	2	8	5	10	49
06/04/2025	04	3	3	2	7	5	10	48
06/04/2025	05	4	3	2	8	6	10	44
06/04/2025	06	4	3	2	14	8	17	36
06/04/2025	07	4	3	2	13	7	16	39
06/04/2025	08	4	3	2	13	8	16	43
06/04/2025	09	4	3	3	14	8	18	45
06/04/2025	10	4	3	4	13	8	18	53
06/04/2025	11	4	3	2	9	6	12	67
06/04/2025	12	4	3	2	11	7	14	68
06/04/2025	13	4	3	3	16	8	21	65
06/04/2025	14	6	3	3	18	11	22	67
06/04/2025	15	5	3	6	29	11	38	60
06/04/2025	16	5	3	8	36	9	48	52
06/04/2025	17	5	3	7	35	9	46	52
06/04/2025	18	8	3	20	65	12	95	30
06/04/2025	19	6	3	2	47	11	49	43
06/04/2025	20	8	3	2	55	16	58	22
06/04/2025	21	9	3	3	52	21	56	21
06/04/2025	22	12	3	2	39	19	42	20
06/04/2025	23	10	3	2	33	17	35	26
07/04/2025	00	10	3	2	29	24	31	26
07/04/2025	01	7	3	2	14	15	16	42
07/04/2025	02	7	3	2	11	16	13	41
07/04/2025	03	5	3	2	9	8	12	42
07/04/2025	04	6	3	2	10	11	13	40
07/04/2025	05	6	3	2	14	13	16	39
07/04/2025	06	6	3	2	27	15	30	27
07/04/2025	07	7	3	9	45	20	58	14
07/04/2025	08	7	3	12	38	24	56	24
07/04/2025	09	12	3	23	48	39	83	22
07/04/2025	10	11	3	12	34	30	52	40
07/04/2025	11	15	3	8	28	31	41	56
07/04/2025	12	19	3	7	31	32	42	63
07/04/2025	13	13	3	5	23	24	30	73
07/04/2025	14	12	3	5	21	22	28	76
07/04/2025	15	9	3	3	11	19	15	88
07/04/2025	16	9	3	2	13	23	15	91
07/04/2025	17	9	3	2	15	18	19	90
07/04/2025	18	9	3	2	14	18	17	90
07/04/2025	19	10	3	2	16	19	18	91
07/04/2025	20	11	3	2	17	22	20	74
07/04/2025	21	11	3	2	20	23	22	79
07/04/2025	22	13	3	2	20	27	23	78
07/04/2025	23	25	3	3	38	40	42	48
08/04/2025	00	21	3	5	52	35	59	31
08/04/2025	01	21	3	2	25	32	28	48
08/04/2025	02	20	3	2	19	32	21	46
08/04/2025	03	20	3	2	18	29	21	47
08/04/2025	04	19	3	2	24	31	27	32
08/04/2025	05	19	4	45	34	30	103	13
08/04/2025	06	23	4	135	54	44	261	1
08/04/2025	07	28	3	60	53	60	145	1
08/04/2025	08	26	3	23	48	53	82	13
08/04/2025	09	24	3	5	24	40	32	51
08/04/2025	10	21	3	4	17	35	22	69
08/04/2025	11	17	3	3	14	29	18	78
08/04/2025	12	15	3	2	11	26	14	88
08/04/2025	13	14	3	2	9	25	11	94
08/04/2025	14	13	3	2	9	23	12	92
08/04/2025	15	13	3	2	8	23	10	92
08/04/2025	16	14	3	2	8	26	11	94
08/04/2025	17	14	3	2	8	26	11	93
08/04/2025	18	13	3	2	8	25	10	90
08/04/2025	19	13	3	2	8	24	11	88
08/04/2025	20	13	3	2	8	23	11	88
08/04/2025	21	12	3	2	9	22	12	87
08/04/2025	22	12	3	2	13	21	16	83
08/04/2025	23	15	3	2	9	23	11	88
09/04/2025	00	35	3	2	23	48	26	56
09/04/2025	01	36	3	2	16	48	19	65
09/04/2025	02	37	3	2	22	49	25	49
09/04/2025	03	29	3	2	32	41	35	40
09/04/2025	04	28	3	2	9	40	12	67
09/04/2025	05	31	3	2	11	45	14	63
09/04/2025	06	32	3	2	26	52	28	37
09/04/2025	07	30	3	5	39	50	46	24
09/04/2025	08	33	3	11	38	53	54	25
09/04/2025	09	32	3	13	35	55	55	32
09/04/2025	10	32	3	9	26	49	40	46
09/04/2025	11	32	3	7	21	48	31	59
09/04/2025	12	30	3	3	13	45	17	83
09/04/2025	13	26	3	4	23	41	29	83
09/04/2025	14	21	3	6	28	37	37	79
09/04/2025	15	14	3	4	19	25	24	85
09/04/2025	16	11	3	2	13	18	16	86
09/04/2025	17	10	3	2	12	19	15	90
09/04/2025	18	11	3	2	10	22	12	92
09/04/2025	19	11	3	2	10	24	12	84
09/04/2025	20	11	3	2	11	24	13	76
09/04/2025	21	13	3	2	19	28	21	70
09/04/2025	22	19	3	2	33	35	36	42
09/04/2025	23	21	3	2	18	33	20	47
10/04/2025	00	21	3	2	20	33	22	44
10/04/2025	01	20	3	2	18	30	20	42
10/04/2025	02	20	3	2	17	31	19	43
10/04/2025	03	21	3	2	18	31	20	43
10/04/2025	04	21	3	2	13	34	16	51
10/04/2025	05	18	3	2	22	29	26	29
10/04/2025	06	16	3	2	28	27	30	28
10/04/2025	07	20	3	3	36	36	40	25
10/04/2025	08	24	3	5	33	45	40	40
10/04/2025	09	19	3	4	21	37	26	64
10/04/2025	10	17	3	2	11	34	14	75
10/04/2025	11	14	3	2	10	29	13	80
10/04/2025	12	11	3	2	8	25	10	87
10/04/2025	13	12	3	2	7	26	9	87
10/04/2025	14	14	3	2	8	33	10	89
10/04/2025	15	14	3	2	7	44	9	87
10/04/2025	16	13	3	2	7	33	9	85
10/04/2025	17	13	3	2	7	34	9	87
10/04/2025	18	12	3	1	9	31	12	86
10/04/2025	19	12	3	2	18	30	20	82
10/04/2025	20	12	3	2	10	28	12	92
10/04/2025	21	12	3	2	9	29	12	90
10/04/2025	22	11	3	2	13	30	15	82
10/04/2025	23	13	3	2	15	29	18	71
11/04/2025	00	19	3	2	28	36	32	44
11/04/2025	01	18	3	3	32	35	36	37
11/04/2025	02	18	3	3	30	40	34	51
11/04/2025	03	20	3	2	26	43	29	43
11/04/2025	04	21	3	3	28	44	32	36
11/04/2025	05	21	3	6	42	39	51	28
11/04/2025	06	24	3	6	41	52	50	31
11/04/2025	07	21	3	3	33	45	38	41
11/04/2025	08	19	3	2	27	39	30	52
11/04/2025	09	19	3	2	19	45	21	65
11/04/2025	10	17	3	2	12	46	15	79
11/04/2025	11	15	3	2	10	42	13	78
11/04/2025	12	13	3	2	8	36	10	83
11/04/2025	13	13	3	2	8	36	10	83
11/04/2025	14	12	3	2	7	32	9	81
11/04/2025	15	12	3	2	6	32	8	82
11/04/2025	16	12	3	2	6	32	8	83
11/04/2025	17	13	3	2	8	32	10	86
11/04/2025	18	13	3	2	7	34	10	89
11/04/2025	19	13	3	2	8	34	10	88
11/04/2025	20	13	3	2	7	35	9	88
11/04/2025	21	13	3	2	9	33	12	85
11/04/2025	22	15	3	2	18	31	21	62
11/04/2025	23	16	3	2	24	29	27	50
12/04/2025	00	20	3	2	19	31	21	48
12/04/2025	01	21	3	2	12	31	15	38
12/04/2025	02	22	3	2	12	33	14	37
12/04/2025	03	20	3	2	11	31	13	46
12/04/2025	04	16	3	2	9	24	11	47
12/04/2025	05	15	3	2	12	25	14	46
12/04/2025	06	17	3	7	27	26	37	18
12/04/2025	07	20	3	23	46	34	80	6
12/04/2025	08	18	3	4	28	29	34	27
12/04/2025	09	17	3	3	23	28	28	40
12/04/2025	10	20	3	3	25	36	30	48
12/04/2025	11	24	3	4	25	44	30	45
12/04/2025	12	26	3	4	23	46	29	50
12/04/2025	13	28	3	6	28	50	37	48
12/04/2025	14	33	3	7	33	51	43	54
12/04/2025	15	26	3	4	35	47	42	55
12/04/2025	16	22	3	4	23	41	29	64
12/04/2025	17	20	3	4	37	32	42	57
12/04/2025	18	20	3	4	40	33	46	50
12/04/2025	19	20	3	2	36	33	39	51
12/04/2025	20	18	3	2	22	31	24	66
12/04/2025	21	19	3	2	17	31	20	65
12/04/2025	22	23	3	2	24	35	27	43
12/04/2025	23	31	3	2	28	45	31	21
13/04/2025	00	33	3	2	25	46	27	28
13/04/2025	01	33	3	4	31	47	36	20
13/04/2025	02	34	3	2	21	50	24	24
13/04/2025	03	36	3	2	26	50	29	23
13/04/2025	04	40	3	3	26	52	29	7
13/04/2025	05	41	3	2	21	51	25	4
13/04/2025	06	41	3	7	22	52	33	3
13/04/2025	07	41	3	13	25	54	45	10
13/04/2025	08	41	3	3	19	58	24	29
13/04/2025	09	46	3	6	20	64	29	31
13/04/2025	10	44	3	5	17	64	25	47
13/04/2025	11	42	3	3	15	62	20	55
13/04/2025	12	38	3	3	14	57	18	70
13/04/2025	13	33	3	2	11	50	14	81
13/04/2025	14	25	3	2	9	36	11	86
13/04/2025	15	23	3	2	11	34	13	83
13/04/2025	16	23	3	2	10	35	13	84
13/04/2025	17	23	3	2	10	35	13	84
13/04/2025	18	21	3	2	10	32	12	83
13/04/2025	19	20	3	2	9	31	12	81
13/04/2025	20	19	3	2	9	31	12	82
13/04/2025	21	19	3	2	9	29	11	80
13/04/2025	22	26	3	2	15	38	17	60
13/04/2025	23	27	3	2	19	39	21	56
14/04/2025	00	27	3	2	13	44	16	62
14/04/2025	01	31	3	2	16	44	19	48
14/04/2025	02	16	3	2	15	22	17	49
14/04/2025	03	13	3	2	18	19	21	33
14/04/2025	04	20	3	2	16	25	19	29
14/04/2025	05	28	3	9	25	36	38	19
14/04/2025	06	30	3	3	29	40	33	21
14/04/2025	07	27	3	2	28	38	31	35
14/04/2025	08	21	3	2	21	35	24	58
14/04/2025	09	19	3	2	15	32	18	70
14/04/2025	10	19	3	2	11	33	14	76
14/04/2025	11	18	3	2	14	36	17	73
14/04/2025	12	20	3	4	21	38	28	73
14/04/2025	13	15	3	3	13	27	18	81
14/04/2025	14	15	3	3	14	33	18	80
14/04/2025	15	17	3	2	13	37	16	88
14/04/2025	16	18	3	2	17	36	20	86
14/04/2025	17	18	3	2	17	33	19	84
14/04/2025	18	17	3	2	20	31	22	71
14/04/2025	19	18	3	2	20	32	22	70
14/04/2025	20	24	3	2	24	37	27	55
14/04/2025	21	26	3	2	30	40	33	48
14/04/2025	22	16	3	2	26	25	29	51
14/04/2025	23	7	3	2	10	15	12	66
15/04/2025	00	7	3	2	7	15	9	68
15/04/2025	01	7	3	2	7	17	10	69
15/04/2025	02	7	3	2	7	16	9	70
15/04/2025	03	5	3	2	6	11	8	70
15/04/2025	04	3	3	2	7	6	9	70
15/04/2025	05	2	3	2	10	6	12	63
15/04/2025	06	3	3	2	16	14	19	55
15/04/2025	07	5	3	2	22	24	25	52
15/04/2025	08	5	3	2	17	31	19	61
15/04/2025	09	5	3	2	14	16	17	61
15/04/2025	10	5	3	2	12	17	16	65
15/04/2025	11	5	3	2	12	18	15	68
15/04/2025	12	5	3	2	10	19	13	73
15/04/2025	13	4	3	2	9	15	11	78
15/04/2025	14	4	3	2	8	17	11	80
15/04/2025	15	4	3	2	7	17	10	78
15/04/2025	16	4	3	2	9	27	11	75
15/04/2025	17	4	3	2	9	20	12	76
15/04/2025	18	3	3	2	10	13	13	75
15/04/2025	19	3	3	2	10	9	13	76
15/04/2025	20	3	3	2	12	7	14	71
15/04/2025	21	3	3	2	11	6	14	68
15/04/2025	22	3	3	2	12	7	15	68
15/04/2025	23	3	3	2	10	6	12	68
16/04/2025	00	3	3	2	6	5	8	74
16/04/2025	01	3	3	2	6	4	8	73
16/04/2025	02	3	3	1	7	6	9	67
16/04/2025	03	3	3	1	8	6	10	60
16/04/2025	04	3	3	1	9	6	12	60
16/04/2025	05	3	3	1	12	7	14	58
16/04/2025	06	3	3	1	14	8	16	56
16/04/2025	07	3	3	2	23	9	26	50
16/04/2025	08	4	3	2	15	9	18	61
16/04/2025	09	3	3	2	7	6	9	67
16/04/2025	10	3	3	2	6	6	8	70
16/04/2025	11	2	3	2	6	7	9	73
16/04/2025	12	3	3	2	7	8	9	74
16/04/2025	13	2	3	2	6	6	8	74
16/04/2025	14	3	3	2	7	11	9	74
16/04/2025	15	3	3	2	7	16	10	73
16/04/2025	16	3	3	2	7	11	10	73
16/04/2025	17	3	3	2	9	18	11	77
16/04/2025	18	3	3	2	9	19	11	78
16/04/2025	19	3	3	2	8	14	11	75
16/04/2025	20	3	3	2	10	6	12	71
16/04/2025	21	3	3	2	11	6	14	67
16/04/2025	22	3	3	2	11	7	13	63
16/04/2025	23	3	3	2	9	6	12	64
17/04/2025	00	3	3	2	8	4	10	64
17/04/2025	01	3	3	2	7	4	9	59
17/04/2025	02	3	3	2	6	5	9	57
17/04/2025	03	3	3	2	7	5	10	54
17/04/2025	04	3	3	2	9	5	12	51
17/04/2025	05	4	3	2	13	7	16	42
17/04/2025	06	4	3	2	18	8	20	37
17/04/2025	07	5	3	4	26	16	33	30
17/04/2025	08	10	3	11	33	24	49	28
17/04/2025	09	5	3	5	14	13	22	50
17/04/2025	10	5	3	2	9	10	12	68
17/04/2025	11	4	3	2	7	11	10	75
22/04/2025	08	15		15	23	28	45	9
22/04/2025	09	12	3	22	48	22	82	13
22/04/2025	10	12	3	8	29	23	41	34
22/04/2025	11	13	3	7	25	24	36	42
22/04/2025	12	15	3	5	19	24	27	55
22/04/2025	13	13	3	3	20	26	24	62
22/04/2025	14	9	3	3	15	19	18	69
23/04/2025	08	9	3	3	11	21	15	12
23/04/2025	09	7	3	5	21	16	29	34
23/04/2025	10	7	3	6	23	16	33	49
23/04/2025	11	9	3	7	26	21	36	55
23/04/2025	12	6	3	4	20	16	26	64
23/04/2025	13	6	3	8	26	11	38	63
23/04/2025	14	5	3	3	18	14	23	71
23/04/2025	15	7	3	9	36	15	50	62
23/04/2025	16	9	3	4	21	28	27	72
23/04/2025	17	7	3	3	21	19	26	73
23/04/2025	18	9	3	3	27	22	32	71
23/04/2025	19	9	3	1	19	23	21	75
23/04/2025	20	9	3	1	20	26	22	68
23/04/2025	21	12	3	2	28	28	30	47
23/04/2025	22	12	3	2	33	20	36	35
23/04/2025	23	9	3	2	20	14	22	49
24/04/2025	00	8	3	3	34	15	38	30
24/04/2025	01	9	3	1	22	29	24	41
24/04/2025	02	10	3	1	22	27	24	28
24/04/2025	03	11	3	5	42	20	49	5
24/04/2025	04	12	3	1	27	20	30	15
24/04/2025	05	12	3	1	26	21	28	17
24/04/2025	09	11	3	9	27	29	41	23
24/04/2025	10	14	3	15	39	34	63	35
24/04/2025	11	14	3	9	31	26	44	55
25/04/2025	09	30	3	4	29	48	35	31
25/04/2025	10	20	3	3	19	33	24	58
25/04/2025	11	15	3	2	14	21	17	77
25/04/2025	12	13	3	2	12	20	14	90
25/04/2025	13	10	3	1	10	15	12	94
25/04/2025	14	11	3	1	8	16	10	92
25/04/2025	15	12	3	1	9	17	11	94
25/04/2025	16	11	3	1	10	18	12	96
25/04/2025	17	11	3	1	10	17	12	91
25/04/2025	18	10	3	1	11	16	13	87
25/04/2025	19	10	3	1	10	16	12	91
25/04/2025	20	9	3	1	10	15	12	88
25/04/2025	21	11	3	1	19	18	21	70
25/04/2025	22	12	3	2	19	20	21	66
25/04/2025	23	11	3	1	28	18	31	59
26/04/2025	00	15	3	1	21	24	24	58
26/04/2025	01	19	3	6	33	27	41	39
26/04/2025	02	24	3	5	39	33	47	11
26/04/2025	03	25	3	3	32	32	36	14
26/04/2025	04	26	3	3	36	34	41	7
26/04/2025	05	25	3	2	25	36	27	32
26/04/2025	06	29	3	11	43	42	60	21
26/04/2025	07	34	3	11	40	50	57	22
26/04/2025	08	39	3	8	32	57	44	35
26/04/2025	09	30	3	5	22	44	31	54
26/04/2025	10	16	3	2	14	25	17	68
26/04/2025	11	12	3	3	16	23	20	69
26/04/2025	12	9	3	2	10	16	13	74
26/04/2025	13	7	3	2	11	15	14	71
26/04/2025	14	7	3	2	10	15	13	78
26/04/2025	15	7	3	2	9	17	12	79
26/04/2025	16	5	3	1	7	13	9	63
26/04/2025	17	6	3	1	9	14	11	70
26/04/2025	18	5	3	2	17	16	20	62
26/04/2025	19	5	3	1	15	13	18	66
26/04/2025	20	5	3	1	20	13	22	62
26/04/2025	21	5	3	1	13	12	15	68
26/04/2025	22	5	3	1	14	12	16	65
26/04/2025	23	5	3	1	15	12	17	65
27/04/2025	00	5	3	1	11	12	13	65
27/04/2025	01	2	3	1	9	6	11	48
27/04/2025	02	2	3	1	5	5	7	60
27/04/2025	03	2	3	1	5	3	7	61
27/04/2025	04	2	3	1	5	3	7	62
27/04/2025	05	2	3	1	6	4	8	57
27/04/2025	06	2	3	1	8	5	10	53
27/04/2025	07	3	3	2	13	5	16	46
27/04/2025	08	2	3	1	8	4	10	56
27/04/2025	09	2	3	1	5	3	7	62
27/04/2025	10	3	3	1	6	7	9	66
27/04/2025	11	3	3	3	11	9	16	65
27/04/2025	12	3	3	2	11	11	14	68
27/04/2025	13	3	3	2	10	11	12	75
27/04/2025	14	3	3	2	10	11	13	77
27/04/2025	15	3	3	3	14	10	18	81
27/04/2025	16	3	3	2	14	10	17	82
27/04/2025	17	3	3	2	9	10	11	83
27/04/2025	18	4	3	2	15	10	18	72
27/04/2025	19	3	3	1	12	11	15	79
27/04/2025	20	4	3	1	11	11	13	80
27/04/2025	21	4	3	1	19	11	21	68
27/04/2025	22	4	3	1	19	9	21	67
27/04/2025	23	4	3	1	12	9	14	76
28/04/2025	00	7	3	1	18	13	20	52
28/04/2025	01	17	3	1	25	23	27	27
28/04/2025	02	7	3	1	18	11	21	39
28/04/2025	03	5	3	1	13	8	15	50
28/04/2025	04	18	3	1	21	26	23	28
28/04/2025	05	15	3	1	28	21	30	12
28/04/2025	06	7	3	1	22	11	24	29
28/04/2025	07	5	3	3	19	11	22	33
28/04/2025	08	4	3	3	15	10	20	43
28/04/2025	09	3	3	2	10	8	13	63
28/04/2025	10	5	3	1	10	10	12	71
28/04/2025	20	5	3	2	8	8	11	80
28/04/2025	21	5	3	1	10	7	12	86
28/04/2025	22	6	3	1	23	8	25	70
28/04/2025	23	8	3	3	48	13	53	37
29/04/2025	00	12	3	20	52	20	83	13
29/04/2025	01	11	3	2	29	17	32	20
29/04/2025	02	10	3	1	22	14	24	28
29/04/2025	03	9	3	5	28	13	35	25
29/04/2025	04	8	3	1	13	11	15	43
29/04/2025	05	8	3	1	19	12	21	40
29/04/2025	06	10	3	4	38	19	44	25
29/04/2025	07	13	3	10	44	25	59	24
29/04/2025	08	12	3	4	23	25	29	61
29/04/2025	09	10	3	3	14	27	18	74
29/04/2025	10	11	3	2	12	21	15	77
29/04/2025	11	7	3	2	11	14	14	84
29/04/2025	12	6	3	1	8	12	10	92
29/04/2025	13	7	3	2	8	14	10	90
29/04/2025	14	10	3	1	7	38	9	92
29/04/2025	15	10	3	1	7	42	9	91
29/04/2025	16	8	3	1	8	26	11	89
29/04/2025	17	8	3	1	7	21	9	84
29/04/2025	18	7	3	1	7	19	9	84
29/04/2025	19	8	3	1	7	18	9	91
29/04/2025	20	8	3	1	7	18	9	87
29/04/2025	21	8	3	1	7	18	9	87
29/04/2025	22	8	3	1	9	18	11	88
29/04/2025	23	8	3	1	6	19	8	88
30/04/2025	00	8	3	1	7	18	9	86
30/04/2025	01	10	3	1	14	24	16	75
30/04/2025	02	13	3	2	22	32	24	64
30/04/2025	03	12	3	1	24	29	27	62
30/04/2025	04	14	3	1	28	39	30	49
30/04/2025	05	14	3	5	45	37	52	39
30/04/2025	06	15	3	3	34	43	39	54
30/04/2025	07	12	3	2	18	36	21	72
30/04/2025	08	11	3	1	8	35	11	83
30/04/2025	09	10	4	1	8	30	10	79
30/04/2025	10	12	4	1	7	33	9	81
30/04/2025	11	11	4	1	7	33	9	82
30/04/2025	12	10	4	1	7	31	9	83
30/04/2025	13	10	4	1	6	35	8	84
30/04/2025	14	10	4	2	6	34	8	87
30/04/2025	15	10	4	1	7	33	9	88
30/04/2025	16	11	4	1	6	35	8	83
30/04/2025	17	11	4	1	6	34	9	82
30/04/2025	18	12	4	1	7	35	9	79
30/04/2025	19	12	4	1	7	35	9	77
30/04/2025	20	13	4	1	7	34	9	78
30/04/2025	21	13	3	1	7	35	9	77
30/04/2025	22	12	3	2	10	34	12	76
30/04/2025	23	12	4	2	13	35	16	74
