Red: Red de Unidades Móviles de Control de la Contaminación Atmosférica
Estación: 12140002-Viver (Mòbil)
	
FECHA	HORA	SO2	CO	NO	NO2	NOx	O3	Veloc.	Direc.	Temp.	H.Rel.	Pres.	R.Sol.	Precip.
		µg/m³	mg/m³	µg/m³	µg/m³	µg/m³	µg/m³	m/s	grados	°C	% H.R.	mb	W/m²	l/m²
01/01/2004	00	3	0,5	2	4	6	33	5	345	4,1	52	958	0	0
01/01/2004	01	3	0,5	2	4	6	34	2,4	342	3,6	53	958	0	0
01/01/2004	02	3	0,5	2	4	6	34	3,1	24	3,7	51	958	0	0
01/01/2004	03	3	0,5	2	4	6	35	1,5	22	3,2	50	958	0	0
01/01/2004	04	3	0,5	2	4	6	36	2,7	7	3,2	46	958	0	0
01/01/2004	05	3	0,5	2	4	6	38	2,4	22	3,6	43	958	0	0
01/01/2004	06	3	0,5	2	4	6	38	3,4	31	4,4	39	957	0	0
01/01/2004	07	3	0,5	2	4	6	39	4,7	357	5	36	957	0	0
01/01/2004	08	3	0,5	2	4	6	40	6	356	6,2	33	956	21	0
01/01/2004	09	3	0,5	2	4	6	40	5,7	338	9,3	29	956	162	0
01/01/2004	10	3	0,5	2	4	6	39	5,1	340	9,6	33	956	130	0
01/01/2004	11	3	0,5	2	4	6	36	3,5	340	10,3	35	956	148	0
01/01/2004	12	3		2	4	6	36	2	327	12	33	955	165	0
01/01/2004	13	3	0,5	2	4	6	35	1,5	321	11,1	36	954	56	0
01/01/2004	14	3	0,6	2	4	6	35	1,1	286	12	34	953	82	0
01/01/2004	15	3	0,6	2	4	6	32	1	238	13,1	34	952	136	0
01/01/2004	16	3	0,6	2	4	6	28	1,8	219	16	35	952	207	0
01/01/2004	17	3	0,5	2	5	8	25	4,1	340	13,2	55	951	21	0
01/01/2004	18	3	0,5	2	7	10	21	2,9	342	11,9	63	951	0	0
01/01/2004	19	3	0,5	3	15	20	12	0,8	356	10,5	70	951	0	0
01/01/2004	20	3	0,5	3	11	15	15	1,4	348	10,8	68	952	0	0
01/01/2004	21	3	0,5	2	4	6	19	2,7	307	10,9	65	952	0	0
01/01/2004	22	3	0,5	2	4	6	21	5,5	329	10,4	63	952	0	0
01/01/2004	23	3	0,5	2	4	6	25	7	333	9,5	60	951	0	0
02/01/2004	00	3	0,5	2	4	6	32	6	337	8,2	59	952	0	0
02/01/2004	01	3	0,5	2	4	6	34	2,5	343	7,2	57	952	0	0
02/01/2004	02	3	0,6	2	4	6	34	1,5	309	6,7	57	952	0	0
02/01/2004	03	3	0,6	2	4	6	33	3,8	332	7	58	953	0	0
02/01/2004	04	3	0,5	2	4	6	32	2,5	7	7	59	952	0	0
02/01/2004	05	3	0,5	2	4	6	31	2,4	29	6,7	60	952	0	0
02/01/2004	06	3	0,5	2	4	6	31	1,9	163	6,6	61	952	0	0
02/01/2004	07	3	0,5	2	5	7	29	1,1	150	6,2	62	953	0	0
02/01/2004	08	3	0,5	2	7	10	25	1,2	9	5,5	65	953	0	0
02/01/2004	09	3	0,5	2	5	8	27	1,4	35	6,4	62	954	32	0
02/01/2004	10	3	0,6	2	5	8	27	2,5	351	8,6	55	954	153	0
02/01/2004	11	3	0,6	2	5	8	28	4,1	345	10,5	49	953	247	0
02/01/2004	12	3		2	5	7	30	4	336	11	47	952	181	0
02/01/2004	13	3	0,6	2	4	6	33	6,7	336	12,4	41	951	287	0
02/01/2004	14	3	0,6	2	4	7	36	8,4	330	13,1	37	950	313	0
02/01/2004	15	3	0,5	2	4	7	38	7,7	338	12,2	38	950	170	0
02/01/2004	16	3	0,5	2	4	6	36	6,7	333	10,9	43	949	63	0
02/01/2004	17	3	0,5	2	5	8	33	5,5	340	9,8	48	950	19	0
02/01/2004	18	3	0,6	2	5	9	32	5,2	339	8,7	52	950	0	0
02/01/2004	19	3	0,6	3	7	10	30	5,6	344	8,5	56	951	0	0
05/05/2004	16			3	4	8		4,2	317	19,8	34	940	486	0
05/05/2004	17			3	4	9		3,3	304	18,8	37	939	316	0
05/05/2004	18			3	4	9		2,4	326	15,5	55	939	136	0,1
05/05/2004	19			3	4	8		1,4	335	11,7	70	940	23	0,1
05/05/2004	20			2	6	10		2,7	338	11,4	64	940	0	0
05/05/2004	21			2	4	7		1,5	323	10,8	73	941	0	0
05/05/2004	22			2	4	8		0,9	330	9,8	86	942	0	1
05/05/2004	23			2	4	6		0,6	255	8,7	91	942	0	0,2
06/05/2004	00			3	16	20		0,7	345	8,3	94	942	0	0,2
06/05/2004	01			2	6	10		3,2	329	7,5	92	942	0	1,6
06/05/2004	02			2	4	6		7,1	336	6,3	85	943	0	1,1
06/05/2004	03			2	4	6		5,6	335	7	74	943	0	0
06/05/2004	04			2	4	7		6,5	337	7,2	68	943	0	0
06/05/2004	05			2	4	6		6,8	335	7,3	64	944	0	0
06/05/2004	06			2	6	9		4,5	335	8,2	58	946	44	0
06/05/2004	07			2	6	10		3,9	335	12	48	946	245	0
06/05/2004	08			2	5	8		5	334	14,1	42	946	467	0
06/05/2004	09			3	5	9		2,9	337	15	37	947	455	0
06/05/2004	10			3	5	10		4,1	338	14,6	36	947	487	0,2
06/05/2004	11			4	8	13		4,5	340	17	34	947	839	0
06/05/2004	12			4	7	13		4,5	338	19	30	947	983	0
06/05/2004	13			4	6	12		3,8	336	20,2	26	946	1056	0
06/05/2004	14			3	5	10		2,9	331	21	25	946	861	0
06/05/2004	15			4	5	10		2,6	317	22,1	24	945	868	0
06/05/2004	16			3	5	10		2,7	322	22,1	23	944	656	0
06/05/2004	17			3	4	9		1,8	309	21,7	23	945	312	0
06/05/2004	18			3	5	9		1,9	258	20,3	26	945	203	0
06/05/2004	19			3	5	9		0,9	284	14,7	40	945	18	0
06/05/2004	20			3	5	10		0,6	317	10,2	61	947	0	0
06/05/2004	21			3	9	14		0,8	339	8,8	72	947	0	0
06/05/2004	22			3	17	21		0,8	319	10	70	948	0	0
06/05/2004	23			3	5	9		0,7	307	10,5	69	948	0	0
07/05/2004	00			3	11	15		0,8	328	10,7	66	948	0	0
07/05/2004	01			3	4	8		0,7	289	10,7	65	948	0	0
07/05/2004	02			3	7	12		0,7	239	10,2	72	947	0	0
07/05/2004	03			4	21	26		0,7	334	9,7	78	948	0	0
07/05/2004	04			3	10	15		0,7	325	9,6	77	948	0	0
07/05/2004	05			3	10	14		0,6	314	9,6	73	948	0	0
07/05/2004	06			4	22	27		2,1	345	9,8	64	949	6	0
07/05/2004	07			3	9	13		4	340	12	52	949	148	0
07/05/2004	08			3	7	11		7,1	336	13,4	43	949	439	0
07/05/2004	09			3	8	13		6,3	335	15,6	37	949	722	0
07/05/2004	10			4	8	14		5,7	337	16,9	34	949	860	0
07/05/2004	11			4	9	15		5,5	336	17,3	32	949	961	0
07/05/2004	12			5	8	15		5,7	341	18,7	29	949	1066	0
07/05/2004	13			4	9	15		4,1	341	19,6	28	948	957	0
07/05/2004	14			4	9	16		3,4	348	21	26	947	875	0
07/05/2004	15			4	8	14		3	19	18,5	37	947	389	0
07/05/2004	16		0,2	4	12	18		2	122	16	54	947	299	0
07/05/2004	17		0,4	4	10	15		1,4	126	14,4	59	947	137	0
07/05/2004	18		0,4	4	11	16		1	126	13,1	68	948	61	0
07/05/2004	19		0,3	4	20	25		0,7	118	11,8	74	949	16	0
07/05/2004	20		0,4	3	11	16		0,7	199	10,5	82	949	0	0
07/05/2004	21		0,4	6	21	31		1,3	346	9,8	65	951	0	0
07/05/2004	22		0,5	3	18	23		0,9	326	7	73	951	0	0
07/05/2004	23		0,4	3	17	22		1,7	342	6,7	69	952	0	0
08/05/2004	00		0,4	3	15	20		1,6	329	6,2	70	952	0	0
08/05/2004	01		0,4	3	11	16		1,6	326	5,7	71	953	0	0
08/05/2004	02		0,3	3	9	13		1,1	304	5,3	75	953	0	0
08/05/2004	03		0,3	3	4	8		1,2	201	5,7	74	953	0	0
08/05/2004	04		0,3	3	4	8		4,6	339	6,1	73	953	0	0
08/05/2004	05		0,3	3	6	10		4,6	338	5,9	72	953	0	0
08/05/2004	06		0,3	3	5	9		3,7	331	7,1	63	954	44	0
08/05/2004	07		0,3	3	4	8		3	313	10,9	49	954	238	0
08/05/2004	08		0,3	3	4	9		7	332	12,8	42	953	487	0
08/05/2004	09		0,3	3	4	9		10,2	335	13,6	40	953	697	0
08/05/2004	10		0,3	3	5	10		7,3	334	15,4	33	953	855	0
08/05/2004	11		0,4	3	6	11		5,3	338	17	30	953	967	0
08/05/2004	12			4	5	12		5,7	337	18,5	26	953	1031	0
08/05/2004	13		0,6	4	6	12		4,7	336	19,9	23	951	1040	0
08/05/2004	14		0,5	4	6	12		2,7	6	21,7	21	951	989	0
08/05/2004	15		0,4	4	6	13		2,1	127	22,7	24	950	886	0
08/05/2004	16		0,2	4	7	14		2,2	120	22	26	950	693	0
08/05/2004	17		0,1	4	9	16		2,6	136	20,4	28	950	314	0
08/05/2004	18		0,2	4	10	17		2,4	139	18,4	34	951	220	0
08/05/2004	19		0,4	4	9	15		1,4	122	13	52	952	22	0
08/05/2004	20		0,4	4	11	17		0,6	158	9,5	65	953	0	0
08/05/2004	21		0,4	6	28	36		0,7	329	7	84	954	0	0
08/05/2004	22		0,4	3	15	20		0,7	345	5,5	90	955	0	0
08/05/2004	23		0,4	3	13	18		0,7	335	4,6	94	955	0	0
09/05/2004	00		0,4	3	12	17		0,8	342	3,9	92	955	0	0
09/05/2004	01		0,4	3	7	12		0,8	334	3,5	88	955	0	0
09/05/2004	02		0,4	3	10	14		0,7	316	3,2	84	955	0	0
09/05/2004	03		0,4	3	6	11		0,6	345	2,9	87	954	0	0
09/05/2004	04		0,4	3	5	10		1	292	5,2	78	954	0	0
09/05/2004	05		0,4	4	5	11		0,7	296	7	72	953	0	0
09/05/2004	06		0,4	4	7	12		1,7	332	9,1	65	953	30	0
09/05/2004	07		0,4	5	10	17		0,7	347	10,7	63	953	100	0
09/05/2004	08		0,4	5	8	15		0,9	206	13,8	50	952	266	0
09/05/2004	09		0,5	4	7	13		0,8	152	20,3	29	951	617	0
09/05/2004	10		0,6	5	7	15		1,1	118	22,1	26	951	724	0
09/05/2004	11		0,6	6	8	16		1,4	120	22,5	26	949	922	0
09/05/2004	12		0,3	6	9	17		1,3	118	23,1	27	948	563	0
09/05/2004	13			5	10	19		0,8	55	21,1	30	947	323	0
09/05/2004	14			5	8	16		2	228	23,7	27	947	578	0
09/05/2004	15			6	8	17		2,9	218	24,1	26	945	628	0
09/05/2004	16			6	8	17		3,2	245	24	25	945	606	0
09/05/2004	17			6	8	17		2,8	241	24,3	23	945	347	0
09/05/2004	18			5	8	16		2,7	231	21,1	26	945	186	0
09/05/2004	19			5	8	15		1,6	248	18,4	31	945	33	0
09/05/2004	20			5	8	16		0,6	258	15,4	47	946	0	0
09/05/2004	21			6	13	22		0,6	325	13,8	62	947	0	0
09/05/2004	22			5	17	25		0,8	351	12,7	73	947	0	0
09/05/2004	23			5	26	33		0,8	334	12,4	76	947	0	0
10/05/2004	00			5	13	20		0,7	322	11,9	71	947	0	0
10/05/2004	01			5	7	15		0,7	305	12,3	59	947	0	0
10/05/2004	02			5	7	14		1	245	12,9	56	947	0	0
10/05/2004	03			5	8	16		0,8	316	11,2	76	947	0	0,4
10/05/2004	04			5	7	14		0,7	297	10,1	82	947	0	0
10/05/2004	05			6	24	32		0,9	341	9,5	82	947	0	0
10/05/2004	06			22	31	65		0,7	340	9,4	81	948	19	0
10/05/2004	07			9	22	35		0,5	155	11,9	76	948	76	0
10/05/2004	08							0,7	192	13,2	73	948	115	0,1
10/05/2004	09							0,7	152	15,1	66	949	194	0
10/05/2004	10			5	13	22		1,7	125	17,1	57	948	359	0
10/05/2004	11			6	11	20		1,8	126	20,1	48	948	670	0
10/05/2004	12			6	11	21		1,8	129	20,1	48	947	510	0
10/05/2004	13			6	10	19		2,3	134	19,7	48	947	461	0
10/05/2004	14		0,4	6	10	18		2	127	19,8	52	946	559	0
10/05/2004	15		0,4	6	13	22		1,8	125	15,3	77	946	121	1,5
10/05/2004	16		0,6	6	29	39		1,2	117	12,7	85	947	46	6,1
10/05/2004	17		0,5	6	22	31		1,6	121	11,8	90	948	19	1
10/05/2004	18		0,5	7	36	46		0,7	350	11,3	92	949	6	0
10/05/2004	19		0,5	7	44	55		0,5	355	11,7	91	949	20	0
10/05/2004	20		0,6	5	24	32		0,6	331	11,4	93	949	0	0
10/05/2004	21		0,5	9	34	48		0,5	64	11,2	91	950	0	0
10/05/2004	22		0,5	7	34	44		0,5	31	10,9	90	951	0	0
10/05/2004	23		0,5	5	16	24		0,6	24	11	90	951	0	0
11/05/2004	00		0,5	5	11	18		0,8	30	11,1	88	950	0	0
11/05/2004	01		0,5	5	10	18		0,6	4	11,1	88	950	0	0
11/05/2004	02		0,5	5	12	19		0,8	24	10,8	91	949	0	1,7
11/05/2004	03		0,5	5	9	16		1	65	10,5	93	949	0	0,1
11/05/2004	04		0,5	5	13	20		0,6	5	10,3	94	949	0	0
11/05/2004	05		0,5	5	16	24		0,6	354	10,4	94	949	0	3
11/05/2004	06		0,5	5	20	27		0,8	31	10,2	95	950	0	5
11/05/2004	07		0,5	5	19	26		0,5	48	10,3	95	950	3	3,1
11/05/2004	08		0,5	5	20	27		0,6	34	10,5	94	950	16	2,4
11/05/2004	09		0,5	5	14	22		1	66	10,3	93	951	22	3,2
11/05/2004	10		0,5	5	17	25		1,1	47	10,1	89	951	56	0,9
11/05/2004	11		0,5	5	16	24		2,2	35	10,6	88	950	69	0,1
11/05/2004	12		0,6	6	18	27		1,7	36	10,7	89	950	72	0,3
11/05/2004	13			6	16	24		1,4	45	10,9	89	950	77	1,8
11/05/2004	14		0,6	5	12	20		2	53	10,7	89	951	73	0,6
11/05/2004	15		0,5	5	12	19		1,3	52	10,2	88	951	60	0,1
11/05/2004	16		0,5	5	17	25		1,3	66	9,5	90	951	29	2,6
11/05/2004	17		0,5	6	24	33		0,8	40	9,1	90	951	37	1,1
11/05/2004	18		0,6	5	17	24		0,5	142	9,1	92	951	15	0,9
11/05/2004	19		0,6	4	8	15		0,5	212	8,9	94	951	1	0,7
11/05/2004	20		0,6	4	8	15		0,6	233	8,7	95	952	0	1,4
11/05/2004	21		0,6	5	12	20		1	333	8,5	93	951	0	0,6
11/05/2004	22		0,6	5	22	29		3,7	342	8,6	91	951	0	0,1
11/05/2004	23		0,6	5	9	16		4	339	9	87	951	0	0
12/05/2004	00		0,6	5	8	14		4,1	340	9,4	84	951	0	0
12/05/2004	01		0,6	4	8	15		2,7	341	9,7	84	951	0	0
12/05/2004	02		0,6	5	8	15		2,9	342	9,5	85	951	0	0
12/05/2004	03		0,5	5	10	17		2,4	341	9,5	84	950	0	0
12/05/2004	04		0,5	5	11	18		0,9	350	9,6	85	951	0	0
12/05/2004	05		0,5	8	20	32		0,6	339	8,9	92	951	0	0
12/05/2004	06		0,6	10	29	44		0,7	348	9,5	89	951	2	0
12/05/2004	07		0,6	7	21	31		2	343	10,9	80	951	36	0
12/05/2004	08		0,6	5	12	19		3,7	340	12,2	74	951	76	0
12/05/2004	09		0,6	5	14	22		3,2	341	12,9	72	952	87	0
12/05/2004	10		0,6	6	12	21		5	338	18,1	55	951	563	0
12/05/2004	11		0,6	6	10	18		6,5	338	20	50	951	720	0
12/05/2004	12		0,7	6	13	22		4,6	337	18,3	53	951	312	0
12/05/2004	13			6	13	22		3,9	353	18,4	52	950	282	0
12/05/2004	14		0,5	6	11	19		1,3	123	17,4	61	950	187	0
12/05/2004	15		0,5	5	9	17		1,3	140	19	56	950	326	0
12/05/2004	16		0,6	6	12	21		1,3	170	17,9	65	950	151	0,6
12/05/2004	17		0,6	6	10	18		0,6	1	16,7	73	950	147	0
12/05/2004	18		0,6	7	11	21		0,6	190	15,9	77	951	52	0
12/05/2004	19		0,6	8	23	35		0,6	331	14,5	82	951	0	0
12/05/2004	20		0,5	6	21	31		0,7	200	13,8	81	952	0	0
12/05/2004	21		0,5	5	21	29		0,6	192	12,9	84	953	0	0
12/05/2004	22		0,4	5	14	22		0,6	319	12,4	86	954	0	0
12/05/2004	23		0,4	6	15	23		2	338	12,5	73	954	0	0
13/05/2004	00		0,4	5	7	15		1	239	12	70	954	0	0
13/05/2004	01		0,4	5	7	14		1,3	228	11,3	70	954	0	0
13/05/2004	02		0,4	5	7	14		1,4	229	10,7	73	953	0	0
13/05/2004	03		0,4	5	8	15		1,8	27	10,6	73	953	0	0
13/05/2004	04		0,4	5	7	14		2,8	217	10,5	73	953	0	0
13/05/2004	05		0,4	5	10	17		5,6	336	10,9	72	953	0	0
13/05/2004	06		0,4	5	12	19		5,6	337	12,1	68	953	40	0
13/05/2004	07		0,4	5	12	19		5,8	338	15,3	58	953	197	0
13/05/2004	08		0,4	6	10	19		6,3	338	17,4	52	953	382	0
13/05/2004	09		0,5	5	10	19		6,2	338	18,7	49	953	554	0
13/05/2004	10		0,5	6	10	20		5,2	335	20,1	46	953	682	0
13/05/2004	11		0,6	6	10	19		4,6	337	20,9	44	952	650	0
13/05/2004	12			6	9	19		1,7	322	23,5	36	951	726	0
13/05/2004	13			6	8	18		1,1	232	25,1	32	950	676	0
13/05/2004	14			7	9	19		1	42	23,9	35	949	502	0
13/05/2004	15			6	10	19		1,5	144	21,2	46	949	161	0
13/05/2004	16			5	15	23		1,4	140	18,5	63	950	283	0
13/05/2004	17			5	9	17		1,3	197	18,9	60	951	164	0
13/05/2004	18			5	8	17		0,6	195	18,7	57	951	140	0
13/05/2004	19			5	10	18		0,6	172	18	63	951	45	0
13/05/2004	20			9	33	47		0,7	335	12,6	88	952	0	0
13/05/2004	21			8	19	31		0,8	300	11,5	74	953	0	0
13/05/2004	22			5	10	18		2,1	223	11,2	70	954	0	0
13/05/2004	23			5	8	15		7,5	337	11,8	64	954	0	0
14/05/2004	00			5	7	14		7,2	337	11,4	65	954	0	0
14/05/2004	01			5	8	15		6,2	337	10,9	67	955	0	0
14/05/2004	02			4	8	15		5,1	338	10,2	69	955	0	0
14/05/2004	03			5	7	14		5	340	10,4	67	955	0	0
14/05/2004	04			5	7	14		4,4	338	10	68	955	0	0
14/05/2004	05			4	10	16		4,5	338	9,3	70	956	0	0
14/05/2004	06			5	11	18		3,6	339	9,7	68	956	24	0
14/05/2004	07			4	10	17		3,1	340	11,2	64	956	64	0
14/05/2004	08			5	13	20		1,1	340	12,3	63	957	87	0
14/05/2004	09			5	10	17		0,6	11	14,7	54	957	119	0
14/05/2004	10			5	9	17		0,7	124	16	50	957	201	0
14/05/2004	11			6	8	16		1,1	43	19,2	44	957	580	0
14/05/2004	12			6	8	17		1,5	137	20,9	43	956	605	0
14/05/2004	13			6	12	20		1,9	126	18,7	52	956	372	0
14/05/2004	14			6	10	18		2,2	130	15,7	67	956	190	0,2
14/05/2004	15		0,4	5	8	16		2,6	134	16,2	66	956	221	0
14/05/2004	16		0,4	5	8	16		2,5	134	16,8	63	956	240	0
14/05/2004	17		0,4	5	8	16		2,2	135	14	74	957	74	0
14/05/2004	18		0,4	5	9	17		1,3	125	13,2	75	957	25	0
14/05/2004	19		0,4	5	8	16		0,7	119	12,5	79	958	5	0
14/05/2004	20		0,4	5	31	39		0,5	5	11	88	958	0	0
14/05/2004	21		0,4	5	31	39		0,6	333	9,3	95	959	0	0
14/05/2004	22		0,4	8	26	38		0,8	337	8	97	960	0	0
14/05/2004	23		0,4	4	12	19		0,9	309	8	96	960	0	0
15/05/2004	00		0,4	4	8	15		0,9	302	7,9	96	960	0	0
15/05/2004	01		0,4	4	7	14		0,6	290	6,9	96	961	0	0
15/05/2004	02		0,4	4	9	15		0,6	296	7,1	97	960	0	0
15/05/2004	03		0,4	4	7	14		0,6	291	7,3	97	960	0	0
15/05/2004	04		0,4	4	7	14		0,5	240	6,7	97	960	0	0
15/05/2004	05		0,4	4	7	14		0,5	218	5,9	97	961	0	0
15/05/2004	06		0,3	5	9	16		0,5	235	6,9	95	961	31	0
15/05/2004	07		0,4	17	24	49		0,5	154	13	78	961	168	0
15/05/2004	08		0,4	5	9	16		0,6	143	17,7	60	961	357	0
15/05/2004	09		0,4	5	8	16		0,6	207	21,9	41	960	544	0
15/05/2004	10		0,6	6	8	17		1	171	23,5	34	959	697	0
15/05/2004	11			7	9	19		1,4	169	23,2	34	958	815	0
15/05/2004	12			6	10	19		1,3	125	22,1	38	958	488	0
15/05/2004	13			6	9	18		1,5	125	21,2	43	958	476	0
15/05/2004	14			6	10	19		1,8	140	23,3	37	957	638	0
15/05/2004	15			6	10	18		1,7	119	22,4	39	957	447	0
15/05/2004	16			6	9	17		2,1	130	22,1	40	956	422	0
15/05/2004	17			6	9	17		1,8	134	22,4	40	956	249	0
15/05/2004	18			6	9	18		1,7	130	20,1	46	957	195	0
15/05/2004	19			5	9	17		1,1	122	16,4	59	958	30	0
15/05/2004	20			5	17	24		0,6	157	12,3	78	958	0	0
15/05/2004	21			5	15	23		1	337	9,9	92	960	0	0
15/05/2004	22			5	17	24		1,2	328	9,3	91	960	0	0
15/05/2004	23			5	15	23		0,6	322	8,2	94	960	0	0
16/05/2004	00			5	12	19		0,6	321	7,5	95	961	0	0
16/05/2004	01			4	11	17		0,5	356	7,1	94	961	0	0
16/05/2004	02			4	7	14		0,5	299	6,7	96	961	0	0
16/05/2004	03			4	9	16		0,6	298	7,1	95	960	0	0
16/05/2004	04			4	9	16		1	343	7,8	93	960	0	0
16/05/2004	05			4	6	13		0,6	186	7,7	91	960	0	0
16/05/2004	06			4	7	13		0,7	150	9,1	85	960	38	0
16/05/2004	07			5	8	15		1,1	12	15,5	61	960	167	0
16/05/2004	08			5	8	16		0,5	132	17,8	55	960	236	0
16/05/2004	09			5	8	15		1,1	145	22,7	41	959	507	0
16/05/2004	10			6	9	18		1,7	63	24,5	32	958	668	0
16/05/2004	11			7	11	21		1,9	65	24,3	33	957	708	0
16/05/2004	12			7	11	21		1,9	106	25,2	30	956	756	0
16/05/2004	13			7	9	19		2,1	142	25,3	30	955	849	0
16/05/2004	14			6	10	19		1,8	137	26,4	29	955	770	0
16/05/2004	15			6	9	18		1,7	132	26,1	31	954	655	0
16/05/2004	16			6	10	19		1,6	121	26,5	31	953	571	0
16/05/2004	17			7	9	19		1,9	122	25,6	32	953	220	0
16/05/2004	18			6	10	19		1,4	119	24	36	953	218	0
16/05/2004	19			5	15	23		0,7	118	19	50	953	29	0
16/05/2004	20			5	26	35		0,8	344	13,9	74	954	0	0
16/05/2004	21			5	22	30		1	350	11,9	82	955	0	0
16/05/2004	22			7	28	38		0,6	358	10,2	90	956	0	0
16/05/2004	23			6	21	30		0,6	344	9,4	92	956	0	0
17/05/2004	00			5	14	22		0,6	352	9,9	90	956	0	0
17/05/2004	01			5	15	23		0,6	0	9,4	92	957	0	0
17/05/2004	02			5	12	19		0,5	174	9,2	93	957	0	0
17/05/2004	03			5	9	16		0,7	309	9,5	88	957	0	0
17/05/2004	04			5	12	20		0,7	315	9,5	84	957	0	0
17/05/2004	05			5	10	17		0,6	342	9,2	84	957	0	0
17/05/2004	06			38	35	93		0,5	12	10,7	78	957	37	0
17/05/2004	07			50	32	109		0,5	24	16,9	59	958	175	0
17/05/2004	08			5	13	21		0,5	155	22,6	43	958	312	0
17/05/2004	09	6		6	9	18		0,7	160	25,4	33	957	540	0
17/05/2004	10	6		6	9	19		1,5	149	26,5	31	956	696	0
17/05/2004	11	8		7	12	23		1,4	126	27,1	30	957	731	0
17/05/2004	12	8		6	11	19		1,3	134	26,3	33	957	532	0
17/05/2004	13	12		6	16	24		2,3	135	26,1	36	957	627	0
17/05/2004	14	10		6	10	18		2,4	144	26,8	33	957	662	0
17/05/2004	15	7		5	10	18		2,7	145	26	34	957	590	0
17/05/2004	16	7	0,6	6	11	20		2,6	118	26,7	32	957	549	0
17/05/2004	17	7	0,5	6	11	20		2,6	111	25,2	34	958	209	0
17/05/2004	18	8	0,5	6	15	24		1,7	113	23,8	37	958	215	0
17/05/2004	19	8	0,5	5	20	28		1,1	120	18,9	52	959	30	0
17/05/2004	20	7	0,5	6	35	43		0,6	158	14,1	73	959	0	0
17/05/2004	21	6	0,5	14	43	65		0,7	339	11,5	85	960	0	0
17/05/2004	22	6	0,5	19	37	66		0,8	327	10,4	90	961	0	0
17/05/2004	23	5	0,5	6	27	36		0,8	351	9,4	93	961	0	0
18/05/2004	00	5	0,5	6	31	39		0,6	343	8,9	95	962	0	0
18/05/2004	01	4	0,5	5	23	30		0,6	189	8,5	95	962	0	0
18/05/2004	02	5	0,5	5	18	26		0,5	200	8,1	94	961	0	0
18/05/2004	03	5	0,5	6	26	35		0,5	163	7,2	96	961	0	0
18/05/2004	04	4	0,5	5	8	15		0,6	187	7,3	97	961	0	0
18/05/2004	05	4	0,5	5	10	17		0,7	252	8,4	95	961	0	0
18/05/2004	06	4	0,5	5	11	18		0,6	228	11	84	962	45	0
18/05/2004	07	6	0,6	14	27	47		0,5	125	17,1	60	962	201	0
18/05/2004	08	6	0,6	5	10	17		0,6	136	21,4	45	962	391	0
18/05/2004	09	7	0,6	6	9	18		0,6	141	24,7	33	961	567	0
18/05/2004	10	6	0,7	5	8	17		1,1	132	25,7	30	961	697	0
18/05/2004	11	7	0,7	6	9	18		1,9	135	24,8	33	961	788	0
18/05/2004	12	8	0,7	6	10	18		2,2	135	25,2	35	961	846	0
18/05/2004	13	11	0,8	6	13	22		2,1	131	25,5	38	961	827	0
18/05/2004	14	10	0,7	6	10	19		2,3	134	26	36	961	784	0
18/05/2004	15	8		6	9	17		1,9	146	26,7	32	961	693	0
18/05/2004	16	8	0,6	6	9	17		2,9	138	25,8	36	961	566	0
18/05/2004	17	7	0,5	6	8	17		2,8	125	24	38	961	203	0
18/05/2004	18	7	0,5	5	8	17		2	128	22,2	39	961	237	0
18/05/2004	19	6	0,5	5	8	16		1,1	129	17,8	49	962	30	0
18/05/2004	20	6	0,5	5	35	43		0,6	356	12,9	75	962	0	0
18/05/2004	21	6	0,4	7	46	56		1,4	335	11,2	83	963	0	0
18/05/2004	22	6	0,4	9	40	54		0,7	312	10	87	964	0	0
18/05/2004	23	5	0,4	5	28	36		0,6	1	9	90	964	0	0
19/05/2004	00	5	0,4	11	37	53		0,5	12	7,9	94	964	0	0
19/05/2004	01	5	0,4	5	11	18		0,5	30	7,7	92	964	0	0
19/05/2004	02	4	0,4	5	9	16		0,5	343	7,5	93	964	0	0
19/05/2004	03	5	0,4	5	7	14		0,6	213	7,3	93	964	0	0
19/05/2004	04	5	0,4	5	8	15		0,6	218	8,1	88	963	0	0
19/05/2004	05	4	0,4	5	7	14		0,8	297	7,5	87	963	0	0
19/05/2004	06	5	0,5	9	17	29		0,6	194	10,1	76	964	54	0
19/05/2004	07	6	0,5	9	29	44		0,5	66	17,7	50	964	216	0
19/05/2004	08	6	0,5	5	10	18		0,5	130	22,3	37	963	406	0
19/05/2004	09	6	0,5	5	9	17		0,7	146	25,7	25	962	579	0
19/05/2004	10	5	0,6	5	9	17		1	131	26,4	20	962	709	0
19/05/2004	11	6	0,7	6	9	18		1,3	147	26,2	23	962	800	0
19/05/2004	12	5	0,6	6	8	17		2	133	26,3	24	962	850	0
19/05/2004	13	6	0,6	6	8	17		2,5	141	26,2	24	962	847	0
19/05/2004	14	6	0,6	5	8	17		2,4	133	27	22	961	797	0
19/05/2004	15	5		6	8	17		2,5	129	27,3	21	961	711	0
19/05/2004	16	7		6	10	19		2,4	135	27,1	22	961	589	0
19/05/2004	17	5	0,6	6	8	17		2,1	132	26,3	21	961	200	0
19/05/2004	18	5	0,5	5	9	17		1,5	131	25,4	22	961	255	0
19/05/2004	19	5	0,5	6	10	19		1	121	20,2	33	961	33	0
19/05/2004	20	5	0,5	5	16	25		0,6	215	14,4	61	961	0	0
19/05/2004	21	6	0,5	6	36	45		1,2	338	11,1	76	961	0	0
19/05/2004	22	6	0,5	9	47	61		0,9	316	10,6	75	962	0	0
19/05/2004	23	6	0,5	8	25	37		0,6	2	8,4	86	962	0	0
20/05/2004	00	5	0,5	5	15	23		0,6	329	8	85	962	0	0
20/05/2004	01	5	0,5	5	9	16		0,7	318	8,1	80	961	0	0
20/05/2004	02	5	0,4	5	8	15		0,9	301	8,2	77	961	0	0
20/05/2004	03	5	0,4	5	8	15		0,7	324	7,4	80	961	0	0
20/05/2004	04	4	0,4	5	7	14		0,8	282	7,3	79	960	0	0
20/05/2004	05	4	0,4	5	7	14		0,8	312	7,2	78	960	0	0
20/05/2004	06	4	0,4	7	16	25		0,6	300	10,2	68	960	55	0
20/05/2004	07	6	0,4	11	20	36		0,5	140	18,1	45	960	225	0
20/05/2004	08	6	0,5	5	9	17		0,6	139	22,3	35	959	414	0
20/05/2004	09	6	0,5	6	8	17		0,7	139	25,2	27	959	586	0
20/05/2004	10	6	0,6	6	9	17		1,1	129	26,1	28	958	711	0
20/05/2004	11	7	0,6	6	9	17		1,5	138	25,3	30	958	804	0
20/05/2004	12	7	0,6	5	9	17		1,8	125	26	29	957	853	0
20/05/2004	13	7	0,6	6	9	17		1,3	130	26,7	27	957	850	0
20/05/2004	14	7	0,6	5	9	18		2	135	26,9	27	956	798	0
20/05/2004	15	7	0,6	5	9	17		2,4	133	26,9	26	956	713	0
20/05/2004	16	6		6	9	17		2,2	138	26,6	26	955	595	0
20/05/2004	17	6	0,6	5	9	17		1,6	133	26,5	26	955	200	0
20/05/2004	18	6	0,6	6	9	17		1,6	118	24,7	30	955	259	0
20/05/2004	19	6	0,6	6	11	20		1,2	128	19,4	42	955	36	0
20/05/2004	20	7	0,5	6	41	50		0,6	21	14	65	955	0	0
20/05/2004	21	6	0,5	6	40	49		1,1	338	11,2	78	956	0	0
20/05/2004	22	6	0,5	6	42	52		0,9	339	9,8	82	956	0	0
20/05/2004	23	6	0,5	11	34	50		0,6	358	7,7	91	957	0	0
21/05/2004	00	6	0,5	6	20	28		0,6	318	7,2	92	957	0	0
21/05/2004	01	6	0,5	8	15	27		0,7	331	7,2	89	957	0	0
21/05/2004	02	5	0,5	5	15	23		0,9	325	7,2	86	957	0	0
21/05/2004	03	5	0,5	5	19	26		0,7	352	7,1	86	956	0	0
21/05/2004	04	5	0,5	6	16	25		0,6	338	6,5	89	956	0	0
21/05/2004	05	5	0,5	20	23	55		0,7	336	6	88	955	0	0
21/05/2004	06	5	0,5	12	22	40		0,6	320	7,8	79	956	27	0
21/05/2004	07	6	0,5	19	24	53		0,5	352	16	51	955	218	0
21/05/2004	08	6	0,6	5	11	19		0,6	137	21,7	36	955	413	0
21/05/2004	09	7	0,8	6	11	20		0,6	130	26	27	954	586	0
21/05/2004	10	6	0,7	6	10	19		0,9	128	27,6	22	953	712	0
21/05/2004	11	7	0,7	6	11	20		1,6	130	26,3	23	953	661	0
21/05/2004	12	8	0,7	6	13	23		1,7	125	26	26	953	725	0
21/05/2004	13	9	0,7	6	20	29		2,8	124	25,6	34	953	727	0
21/05/2004	14	9	0,7	6	18	26		2,5	121	24,6	37	953	679	0
21/05/2004	15	9	0,7	5	15	24		2,5	122	24	41	952	473	0
21/05/2004	16	9		5	16	24		1,7	119	21,3	47	952	257	0
21/05/2004	17	9	0,5	5	19	26		1,3	114	19,9	50	952	151	0
21/05/2004	18	9	0,5	5	29	37		0,7	102	18,3	51	952	76	0
21/05/2004	19	8	0,5	5	33	41		0,5	22	16,6	59	952	17	0
21/05/2004	20	7	0,5	5	25	33		0,6	322	14,9	72	952	0	0
21/05/2004	21	7	0,5	9	32	46		0,7	335	13,8	75	953	0	0
21/05/2004	22	6	0,5	5	25	33		1	345	13,8	68	952	0	0
21/05/2004	23	6	0,5	5	23	31		0,9	345	13,6	75	953	0	0
22/05/2004	00	6	0,5	5	17	25		0,6	319	11,6	83	953	0	0
22/05/2004	01	7	0,4	11	26	43		0,9	338	10,7	85	953	0	0
22/05/2004	02	6	0,5	5	20	27		0,7	332	10,7	84	953	0	0
22/05/2004	03	6	0,5	5	13	21		0,6	323	11,5	87	953	0	0
22/05/2004	04	6	0,5	5	14	22		0,7	320	11,8	88	953	0	0
22/05/2004	05	6	0,5	5	12	20		0,6	306	11,9	87	952	0	0
22/05/2004	06	6	0,5	6	16	25		0,5	343	12,3	86	952	2	0
22/05/2004	07	6	0,5	6	13	21		0,6	165	14,1	78	952	81	0
22/05/2004	08	7	0,6	7	21	33		0,6	52	16,7	68	953	171	0
22/05/2004	09	8	0,5	6	17	26		0,6	132	19	57	953	277	0
22/05/2004	10	9	0,5	5	12	20		0,5	25	23,9	37	952	463	0
22/05/2004	11	9	0,5	6	11	20		1	142	22,4	42	952	311	0
22/05/2004	12	9	0,5	5	10	19		1,7	131	21,9	43	951	376	0
22/05/2004	13	8	0,5	6	11	19		3	135	20	61	951	222	0,4
22/05/2004	14							1,4	194	14,5	89	952	11	9,4
22/05/2004	15	3		3	9	14		0,9	339	12,4	94	952	14	2,8
22/05/2004	16	3		3	7	11		0,6	184	13,8	88	952	91	0
22/05/2004	17	3		3	6	10		0,5	11	17,1	76	952	159	0
22/05/2004	18	3		3	4	9		0,6	150	18,9	69	952	176	0
22/05/2004	19	3		3	5	9		0,5	203	17,1	77	952	39	0
22/05/2004	20	3		3	11	15		0,6	324	12,8	95	952	1	0
22/05/2004	21	3		6	17	26		0,6	338	11,1	96	953	0	0
22/05/2004	22	3		3	12	16		0,6	215	10,3	97	954	0	0
22/05/2004	23	3		4	12	18		0,6	344	9,5	97	954	0	0
23/05/2004	00	3		6	12	21		0,7	349	9,1	97	954	0	0
23/05/2004	01	3		3	12	17		0,6	328	8,9	98	954	0	0
23/05/2004	02	3		5	10	17		0,5	330	8,4	98	954	0	0
23/05/2004	03	3		3	8	13		0,5	353	8,1	98	954	0	0
23/05/2004	04	3		2	4	6		0,6	341	8,3	98	955	0	0,2
23/05/2004	05	3		2	4	7		0,7	326	8	98	954	0	0
23/05/2004	06	3		2	6	10		0,5	14	10	93	955	55	0
23/05/2004	07	3		2	4	6		0,5	123	15,2	76	955	197	0
23/05/2004	08	3		2	4	7		0,6	135	19,8	61	955	369	0
23/05/2004	09	4		2	4	7		0,8	151	21	55	954	421	0
23/05/2004	10	4		3	4	8		0,8	142	20,6	56	954	385	0
23/05/2004	11	5		3	4	8		1,6	135	21,4	53	955	498	0
23/05/2004	12	7		3	4	8		1,3	148	23,7	45	954	651	0
23/05/2004	13	6		3	5	9		1,8	125	23,4	46	954	522	0
23/05/2004	14	7		3	4	9		2,1	128	24,9	45	954	797	0
23/05/2004	15	5		3	4	8		3,2	137	23	53	954	464	0
23/05/2004	16	4		3	4	7		1,8	152	17,9	71	954	88	0
23/05/2004	17	4		3	4	8		1,5	150	17,8	71	954	73	0
23/05/2004	18	4		3	4	8		1,4	143	17,2	74	954	56	0
23/05/2004	19	3		3	4	8		1,1	136	15,9	81	955	10	0
23/05/2004	20	3		3	5	9		0,6	132	14,3	88	955	0	0
23/05/2004	21	3		3	16	20		0,5	193	12,8	94	956	0	0
23/05/2004	22	3		2	12	15		0,6	331	11,9	96	956	0	0
23/05/2004	23	3		2	17	21		0,6	334	12,1	97	956	0	0
24/05/2004	00	3		2	7	11		0,6	329	11,3	97	956	0	0
24/05/2004	01	3		2	7	10		0,6	341	10,3	97	956	0	0
24/05/2004	02	3		2	6	9		0,6	360	9,5	97	956	0	0,1
24/05/2004	03	3		2	6	10		0,6	331	9	97	956	0	0
24/05/2004	04	3		2	6	9		0,6	220	8,9	97	957	0	0
24/05/2004	05	3		3	7	11		0,6	338	9	97	957	0	0
24/05/2004	06	3		18	20	47		0,8	175	10,8		958	45	0,2
24/05/2004	07	3		7	15	26		0,6	357	14,5		957	120	0
24/05/2004	08							0,5	130	17,6			253	0
16/09/2004	17	3	0,1	8	13	26		1,8	147	25,4	44	958	214	0
16/09/2004	18	3	0,1	9	14	27		1,2	148	21,4	59	958	52	0
16/09/2004	19	3	0,1	9	14	27		0,7	186	17,1	78	959	1	0
16/09/2004	20	3	0,1	10	19	34		0,6	188	14,7	88	959	0	0
16/09/2004	21	3	0,1	10	21	36		0,6	346	13,4	93	960	0	0
16/09/2004	22	3	0,1	14	20	40		0,6	350	12,8	95	960	0	0
16/09/2004	23	3	0,1	10	14	28		0,7	341	12,7	95	961	0	0
17/09/2004	00	3	0,1	9	14	28		0,6	336	12,5	96	960	0	0
17/09/2004	01	3	0,1	9	14	28		0,5	223	11,9	96	960	0	0
17/09/2004	02	3	0,1	10	13	28		0,7	341	11,3	96	960	0	0,2
17/09/2004	03	3	0,1	9	14	28		0,6	309	11,3	96	960	0	0
17/09/2004	04	3	0,1	9	13	27		0,6	330	10,7	96	960	0	0
17/09/2004	05	3	0,1	9	13	26		0,6	312	10,6	96	960	0	0
17/09/2004	06	3	0,1	9	15	29		0,5	331	9,9	96	960	0	0
17/09/2004	07	3	0,1	11	21	38		0,6	331	10,3	97	960	7	0
17/09/2004	08	3	0,1	10	17	32		0,6	171	17,1	83	960	127	0
17/09/2004	09	3	0,1	9	13	28		0,5	154	25,9	45	960	421	0
17/09/2004	10	3	0,1	10	14	29		0,6	159	29	38	960	578	0
17/09/2004	11	3	0,1	9	13	28		1	140	29,2	40	959	671	0
17/09/2004	12	3	0,1	9	13	27		1,1	145	30,4	37	959	716	0
17/09/2004	13	3	0,1	10	14	29		1,2	142	31,3	34	958	710	0
17/09/2004	14	3		9	14	28		1,8	147	31,2	34	958	646	0
17/09/2004	15	3		9	14	28		2,5	151	29,8	44	958	530	0
17/09/2004	16	3	0,1	9	14	28		2,1	151	27,7	52	958	318	0
17/09/2004	17	3	0,1	10	14	29		1,4	157	22,8	70	958	77	0
17/09/2004	18	3	0,1	9	14	28		1,3	158	20,7	77	958	6	0
17/09/2004	19	3	0,1	9	15	29		0,9	153	19,5	79	958	0	0
17/09/2004	20	3	0,1	9	16	29		0,7	150	19,1	79	959	0	0
17/09/2004	21	3	0,1	9	14	28		0,5	117	18,8	80	960	0	0
17/09/2004	22	3	0,1	9	14	27		0,5	105	18,4	82	960	0	0
17/09/2004	23	3	0,1	9	15	28		0,6	354	17,1	89	960	0	0
18/09/2004	00	3	0,1	9	20	34		0,7	355	17,3	90	960	0	0
18/09/2004	01	3	0,1	9	14	28		0,5	319	17,5	89	959	0	0
18/09/2004	02	3	0,1	10	13	28		0,6	331	16,1	90	958	0	0
18/09/2004	03	3	0,1	9	14	28		0,7	339	14,3	93	958	0	0
18/09/2004	04	3	0,1	9	13	27		0,8	233	13,2	92	958	0	0
18/09/2004	05	3	0,1	9	14	27		0,6	338	12,1	92	958	0	0
18/09/2004	06	3	0,1	9	13	27		0,5	321	10,9	94	958	0	0
18/09/2004	07	3	0,1	10	17	33		0,6	339	11,4	94	958	7	0
18/09/2004	08	3	0,1	15	25	47		0,5	150	18,9	71	958	107	0
18/09/2004	09	3	0,1	10	14	29		0,5	164	28	40	958	400	0
18/09/2004	10	3	0,1	9	14	28		0,6	184	29,8	35	958	553	0
18/09/2004	11	3	0,1	9	14	27		0,9	160	31,2	33	958	651	0
18/09/2004	12	3	0,1	10	13	28		1,5	145	30,6	38	958	690	0
18/09/2004	13	3	0,1	10	14	29		1,5	144	31,1	37	957	693	0
18/09/2004	14	3	0,1	10	14	29		1,4	146	32	35	956	646	0
18/09/2004	15	3		10	14	28		1,7	143	31,9	37	956	527	0
18/09/2004	16	3	0,1	10	14	28		1,8	146	30,5	42	956	398	0
18/09/2004	17	3	0,1	9	13	27		1,3	153	28,6	48	956	222	0
18/09/2004	18	3	0,1	9	14	28		0,8	139	23,4	68	956	30	0
18/09/2004	19	3	0,1	9	17	31		0,5	51	19	85	956	0	0
18/09/2004	20	3	0,1	9	15	29		0,6	359	17,1	92	957	0	0
18/09/2004	21	3	0,1	9	18	32		0,5	5	16,2	94	957	0	0
18/09/2004	22	3	0,1	9	16	30		0,6	358	15,4	95	957	0	0
18/09/2004	23	3	0,1	9	16	30		0,5	341	15,2	95	957	0	0
19/09/2004	00	3	0,1	9	14	29		0,5	6	15	96	957	0	0
19/09/2004	01	3	0,1	10	14	29		0,6	355	14,4	96	957	0	0
19/09/2004	02	3	0,1	10	13	28		0,5	321	14,1	96	956	0	0
19/09/2004	03	3	0,1	9	13	28		0,6	350	14,2	97	956	0	0
19/09/2004	04	3	0,1	9	13	27		0,5	202	13,9	97	956	0	0
19/09/2004	05	3	0,1	9	14	28		0,5	352	13,6	97	956	0	0
19/09/2004	06	3	0,1	10	13	28		0,5	340	13,5	97	956	0	0
19/09/2004	07	3	0,1	11	15	32		0,5	7	14,1	97	956	9	0
19/09/2004	08	3	0,1	13	21	40		0,5	129	19,4	90	957	104	0
19/09/2004	09	3	0,1	9	14	28		0,6	165	27,5	53	957	365	0
19/09/2004	10	3	0,1	10	14	29		0,9	168	28,7	43	957	522	0
19/09/2004	11	4	0,1	9	13	27		1	144	30,4	35	957	621	0
19/09/2004	12	3	0,1	9	13	28		1,2	142	31,4	33	957	676	0
19/09/2004	13	3	0,1	9	14	29		1,3	147	31,8	31	956	660	0
19/09/2004	14	3	0,1	10	14	29		1,6	146	32,5	36	956	614	0
19/09/2004	15	3		10	14	29		1,8	154	31,1	43	956	469	0
19/09/2004	16	3	0,1	9	13	27		1,8	154	28,4	52	956	249	0
19/09/2004	17	3	0,1	9	13	27		1,4	163	26,2	60	956	132	0
19/09/2004	18	3	0,1	9	14	28		1,2	175	22,3	78	956	10	0
19/09/2004	19	3	0,1	9	13	28		0,9	164	20,9	84	956	0	0
19/09/2004	20	3	0,1	9	13	28		0,8	176	20,4	85	957	0	0
19/09/2004	21	3	0,1	10	13	28		0,7	151	20	86	957	0	0
19/09/2004	22	3	0,1	9	13	27		0,6	194	19,6	86	958	0	0
19/09/2004	23	3	0,1	9	15	30		0,5	7	18,7	90	958	0	0
20/09/2004	00	3	0,1	9	14	28		0,5	195	17,2	93	957	0	0
20/09/2004	01	3	0,1	9	15	28		0,5	347	17,6	95	957	0	0
20/09/2004	02	3	0,1	9	16	30		0,5	36	18,1	93	957	0	0
20/09/2004	03	3	0,1	9	14	28		0,6	352	17,3	91	957	0	0
20/09/2004	04	3	0,1	9	15	29		0,6	356	15,5	94	957	0	0
20/09/2004	05	3	0,1	9	16	30		0,6	337	14,8	95	957	0	0
20/09/2004	06	3	0,1	9	14	28		0,5	245	15,7	94	957	0	0
20/09/2004	07	3	0,1	9	14	29		0,5	313	15,7	93	957	18	0
20/09/2004	08	3	0,1	10	16	32		0,5	196	18,6	83	958	90	0
20/09/2004	09	3	0,1	10	14	28		0,5	165	24,9	59	958	321	0
20/09/2004	10	3	0,1	10	14	28		0,7	180	29,5	43	958	523	0
20/09/2004	11	3	0,1	9	13	27		0,8	172	31	36	958	627	0
20/09/2004	12	3	0,1	9	14	29		0,9	161	32,1	36	958	676	0
20/09/2004	13	3	0,1	9	13	27		1,4	130	31,4	40	958	630	0
20/09/2004	14	3	0,1	10	13	28		1,5	143	31,2	42	957	609	0
20/09/2004	15	3		9	14	28		1,6	150	31,8	42	957	507	0
20/09/2004	16	3	0,1	9	14	28		1,8	154	29,6	49	957	317	0
20/09/2004	17	3	0,1	9	14	27		1,7	149	25,3	67	957	113	0
20/09/2004	18	3	0,1	9	14	28		1,4	154	21,7	80	958	12	0
20/09/2004	19	3	0,1	10	14	29		1	155	20,6	83	958	0	0
20/09/2004	20	3	0,1	9	14	29		0,6	142	20,3	85	959	0	0
20/09/2004	21	3	0,1	9	14	28		0,5	157	20,2	86	959	0	0
20/09/2004	22	3	0,1	10	14	29		0,5	240	20	86	959	0	0
20/09/2004	23	3	0,1	9	14	28		0,5	345	18,3	91	959	0	0
21/09/2004	00	3	0,1	9	14	28		0,5	335	16,9	94	959	0	0
21/09/2004	01	3	0,1	9	14	28		0,5	208	16,2	95	959	0	0
21/09/2004	02	3	0,1	9	14	28		0,6	346	15,8	95	959	0	0
21/09/2004	03	3	0,1	9	14	29		0,5	338	15,4	96	959	0	0
21/09/2004	04	3	0,1	9	14	27		0,5	329	15,1	96	959	0	0
21/09/2004	05	3	0,1	11	16	33		0,5	356	14,9	96	959	0	0
21/09/2004	06	3	0,1	19	19	48		0,5	17	14,6	96	959	0	0
21/09/2004	07	3	0,1	21	19	51		0,5	354	15,4	96	960	22	0
21/09/2004	08	3	0,1	16	18	43		0,5	209	20,7	88	960	118	0,2
21/09/2004	09	3	0,1	9	14	28		0,5	172	29,4	52	960	367	0
21/09/2004	10	3	0,1	9	14	28		0,7	165	31,1	43	960	497	0
21/09/2004	11	3	0,1	10	14	29		0,8	157	32,5	39	960	589	0
21/09/2004	12	3	0,1	10	14	30		1,1	146	32,3	42	960	608	0
21/09/2004	13	3	0,1	10	15	31		1,4	136	32,7	44	959	635	0
21/09/2004	14	3	0,1	10	15	31		1,9	144	33	44	958	627	0
21/09/2004	15	3	0,2	11	15	32		2,3	150	30,5	52	958	449	0
21/09/2004	16	3		9	14	28		1,7	147	25,7	69	959	149	0
21/09/2004	17	3	0,1	9	14	28		1,2	147	22,7	80	959	49	0
21/09/2004	18	3	0,1	9	17	31		0,7	135	21,7	83	960	5	0
21/09/2004	19	3	0,1	9	15	29		0,6	139	20,8	88	960	0	0
21/09/2004	20	3	0,1	10	15	30		0,5	172	20,3	91	960	0	0
21/09/2004	21	3	0,1	9	15	29		0,5	346	20,2	93	961	0	0
21/09/2004	22	3	0,1	10	18	32		0,5	174	19,1	93	961	0	0
21/09/2004	23	3	0,1	10	19	33		0,6	353	18,1	95	960	0	0
22/09/2004	00	3	0,1	10	15	29		0,6	347	16,8	95	960	0	0
22/09/2004	01	3	0,1	9	14	28		0,8	330	15,7	96	960	0	0
22/09/2004	02	3	0,1	10	16	30		0,8	333	14,1	93	960	0	0
22/09/2004	03	3	0,1	9	14	28		1	328	14,9	70	960	0	0
22/09/2004	04	3	0,1	10	14	28		0,8	333	14,5	72	960	0	0
22/09/2004	05	3	0,1	9	15	29		1,8	4	15,9	64	960	0	0
22/09/2004	06	3	0,1	9	16	30		1,9	349	16,9	59	960	0	0
22/09/2004	07							1,5	29	17,5	57		3	0
22/09/2004	08	3	0,1	10	15	31		0,9	26	23,4	44	960	107	0
22/09/2004	09	3	0,1	9	14	28		1,2	167	27,7	47	960	392	0
22/09/2004	10	6	0,1	9	15	29		1	151	28,9	41	960	540	0
22/09/2004	11	10	0,1	9	14	28		1,1	144	31,3	37	960	638	0
22/09/2004	12	10	0,1	10	14	28		1,5	141	31,6	44	960	677	0
22/09/2004	13	9	0,2	10	15	29		1,7	135	31,8	46	959	675	0
22/09/2004	14	6	0,2	9	13	28		2,1	149	30,6	50	958	623	0
22/09/2004	15							1,8	141	29,6	53		468	0
22/09/2004	16	3	0,1	9	15	30		1,6	143	26,7	62	958	228	0
22/09/2004	17	3	0,1	9	15	29		1,3	152	22,4	77	958	55	0
22/09/2004	18	3	0,1	9	17	31		0,9	157	20,7	84	958	4	0
22/09/2004	19	3	0,1	10	17	32		0,5	154	20,1	87	959	0	0
22/09/2004	20	3	0,1	10	17	32		0,5	354	19,9	89	959	0	0
22/09/2004	21	3	0,1	10	14	30		0,5	199	19,4	89	960	0	0
22/09/2004	22	3	0,1	11	17	34		0,5	0	16,9	92	960	0	0
22/09/2004	23	3	0,1	11	19	37		0,5	9	16,6	95	960	0	0
23/09/2004	00	3	0,1	10	17	33		0,5	325	18	95	960	0	0
23/09/2004	01	3	0,1	10	15	30		0,6	5	16,4	94	960	0	0
23/09/2004	02	3	0,1	10	17	32		0,7	316	13,8	82	959	0	0
23/09/2004	03	3	0,1	11	18	35		0,6	340	13,2	72	958	0	0
23/09/2004	04	3	0,1	10	14	29		0,9	322	15,3	52	958	0	0
23/09/2004	05	3	0,1	10	15	30		0,8	336	13,6	64	958	0	0
23/09/2004	06	3	0,1	10	14	29		1,2	311	15,6	46	958	0	0
23/09/2004	07	3	0,1	10	17	33		1,8	338	18,2	37	958	7	0
23/09/2004	08	3	0,1	10	17	32		1,8	11	23,8	30	958	119	0
23/09/2004	09	3	0,1	10	18	34		1,5	27	30,9	20	958	398	0
23/09/2004	10	3	0,1	11	18	35		2	44	31,5	18	958	542	0
23/09/2004	11	3	0,1	11	17	34		3	45	33,5	16	957	656	0
23/09/2004	12	3	0,1	11	16	32		3,7	6	34,7	14	957	706	0
23/09/2004	13	3	0,1	11	17	34		5,3	57	34,8	14	956	714	0
23/09/2004	14	3	0,2	11	18	34		4,5	37	35,4	13	955	667	0
23/09/2004	15	3		10	15	30		2,9	51	36,8	12	955	559	0
23/09/2004	16	3	0,1	10	16	32		2,3	137	33,4	41	955	389	0
23/09/2004	17	3	0,1	11	15	32		1,2	146	30	53	955	217	0
23/09/2004	18	3	0,1	10	18	33		0,8	137	24,7	72	955	20	0
23/09/2004	19	3	0,1	11	34	50		0,5	37	19,8	88	955	0	0
23/09/2004	20	3	0,1	10	26	42		0,5	354	17,4	93	956	0	0
23/09/2004	21	3	0,1	20	27	57		0,6	2	16	94	956	0	0
23/09/2004	22	3	0,1	14	21	42		0,6	352	14,2	95	956	0	0
23/09/2004	23	3	0,1	12	21	39		0,6	350	12,9	94	956	0	0
24/09/2004	00	3	0,1	10	16	31		0,7	329	13,6	78	955	0	0
24/09/2004	01	3	0,1	11	18	34		0,6	22	13,6	67	955	0	0
24/09/2004	02	3	0,1	11	19	36		0,6	172	14,1	59	955	0	0
24/09/2004	03	3	0,1	11	16	32		0,9	305	16,1	40	954	0	0
24/09/2004	04	3	0,1	10	19	35		0,5	329	15,3	44	953	0	0
24/09/2004	05	3	0,1	11	21	39		1,7	2	14,2	47	953	0	0
24/09/2004	06	3	0,1	11	16	32		1,3	312	17,4	34	953	0	0
24/09/2004	07	3	0,1	17	28	54		0,6	344	14,7	51	953	12	0
27/09/2004	11	8		10	16	32		0,8	151		26	957	633	0
27/09/2004	12	8		11	16	33		1,2	137	29,8	26	957	682	0
27/09/2004	13	10		11	16	32		1,1	150	30,7	25	957	678	0
27/09/2004	14	9		12	16	34		1,3	143	31,3	24	956	638	0
27/09/2004	15	10		11	16	32		2,1	154	30,2	29	956	524	0
27/09/2004	16	11		12	17	35		2,1	150	28,4	34	957	370	0
27/09/2004	17	10		11	16	32		1,3	147	26,6	40	956	199	0
27/09/2004	18	8		11	20	37		0,8	147	20,5	59	956	8	0
27/09/2004	19	5		12	37	55		0,5	138	16,5	75	957	0	0
27/09/2004	20	4		16	44	68		0,6	7	14,4	84	958	0	0
27/09/2004	21	3		14	29	50		1	356	13	90	958	0	0
27/09/2004	22	3		12	31	50		0,8	333	12,8	91	958	0	0
27/09/2004	23	3		15	23	46		0,5	8	11,5	93	958	0	0
28/09/2004	00	3		12	21	40		0,7	355	10,7	94	958	0	0
28/09/2004	01	3		10	16	32		0,9	343	11,1	95	958	0	0
28/09/2004	02	3		11	20	37		0,5	1	10,3	94	958	0	0
28/09/2004	03	3		11	17	34		0,5	27	9,6	95	958	0	0
28/09/2004	04	3		12	17	35		0,7	347	9,5	96	958	0	0
28/09/2004	05	3		12	27	45		0,6	345	9,3	96	958	0	0
28/09/2004	06	3		13	19	39		0,6	4	8,8	95	958	0	0
28/09/2004	07	3		17	22	49		0,5	12	9,4	96	958	3	0
28/09/2004	08	3		24	31	67		0,5	0	17,9	73	958	112	0
28/09/2004	09	3		12	19	37		0,5	169	26,2	36	958	372	0
28/09/2004	10	5		11	18	35		0,8	156	27,2	32	957	518	0
28/09/2004	11	5		11	17	33		1,3	139	29,5	31	957	614	0
28/09/2004	12	5		11	17	34		1,8	132	30,5	33	956	663	0
28/09/2004	13	5		11	18	35		2,3	136	31	34	956	662	0
28/09/2004	14	4		11	16	33		2,4	139	30,8	35	955	609	0
28/09/2004	15	4		11	16	33		2,2	147	30,4	38	955	501	0
28/09/2004	16	3		11	16	33		2	146	29,1	42	955	331	0
28/09/2004	17	3		11	17	33		1,7	149	26,3	53	955	166	0
28/09/2004	18	3		11	18	35		0,9	156	21,1	75	955	11	0
28/09/2004	19	3		11	20	37		0,5	136	18	87	955	0	0
28/09/2004	20	3		14	29	49		0,6	168	16,3	92	956	0	0
28/09/2004	21	3		13	30	49		0,6	355	15,8	94	956	0	0
28/09/2004	22	3		11	21	38		0,6	317	15,6	95	956	0	0
28/09/2004	23	3		11	20	37		0,5	322	15,3	95	956	0	0
29/09/2004	00	3		11	19	35		0,5	338	14,1	96	956	0	0
29/09/2004	01	3		11	17	34		0,6	305	14,4	96	955	0	0
29/09/2004	02	3		11	16	33		1,4	316	15,1	96	955	0	0
29/09/2004	03	3		11	17	35		0,8	308	14,2	94	955	0	0
29/09/2004	04	3		11	18	35		0,6	341	12,9	94	955	0	0
29/09/2004	05	3		11	17	34		0,6	0	11,9	96	955	0	0
29/09/2004	06	3		11	18	35		0,5	328	11,2	96	955	0	0
29/09/2004	07	3		12	18	36		0,5	4	11,1	96	955	5	0
29/09/2004	08	3		27	34	74		0,5	190	19	79	956	108	0
29/09/2004	09	3		11	18	35		0,5	167	27,8	41	956	353	0
29/09/2004	10	3		11	16	33		0,6	172	29,2	35	955	513	0
29/09/2004	11	3		11	17	34		0,9	152	31,6	31	955	617	0
29/09/2004	12	3		11	16	34		1,4	142	31	34	955	657	0
29/09/2004	13	4		11	17	33		1,5	145	31,6	36	954	649	0
29/09/2004	14	4		11	18	35		1,8	141	31,7	37	954	592	0
29/09/2004	15	6		11	21	38		2,1	148	30,6	44	953	475	0
29/09/2004	16	6		11	17	34		2	152	28,4	52	954	309	0
29/09/2004	17	5		11	16	33		1,8	155	25,7	58	955	163	0
29/09/2004	19	3		12	21	38		0,7	143	18,2	89	956	0	0
29/09/2004	20	3		11	22	39		0,5	159	18,3	89	956	0	0
29/09/2004	21	3		12	24	42		0,5	350	16,5	92	956	0	0
29/09/2004	22	3		11	20	37		0,7	338	15	94	956	0	0
29/09/2004	23	3		11	17	34		0,8	313	14,8	95	956	0	0
30/09/2004	00	3		12	16	34		0,7	323	13,6	94	956	0	0
30/09/2004	01	3		11	16	33		0,5	359	12,7	95	956	0	0
30/09/2004	02	3		11	17	34		0,5	334	12	95	956	0	0
30/09/2004	03	3		13	19	38		0,5	357	12,1	96	956	0	0
30/09/2004	04	3		15	30	53		0,5	11	12	96	956	0	0
30/09/2004	05	3		11	20	36		0,6	355	12	96	956	0	0
30/09/2004	06	3		12	20	37		0,5	331	11,6	96	956	0	0
30/09/2004	07	3		12	17	34		0,6	336	11,1	97	957	5	0
30/09/2004	08	3		27	33	74		0,5	9	18,6	85	957	105	0
30/09/2004	09	3		14	23	44		0,6	180	28	43	957	348	0
30/09/2004	10	4		11	17	35		0,8	157	27,7	36	957	502	0
30/09/2004	11	3		11	16	33		0,9	153	31,1	30	957	602	0
30/09/2004	17	3		12	18	36		1,6	154	26,8	55	957	145	0
30/09/2004	18	3		12	18	36		1	141	21	80	957	7	0
30/09/2004	19	3		12	18	36		0,6	141	19,5	87	958	0	0
30/09/2004	20	3		12	19	38		0,5	182	18,1	89	958	0	0
30/09/2004	21	3		12	19	37		0,6	324	16,5	93	958	0	0
30/09/2004	22	3		12	19	38		0,7	343	15,6	95	958	0	0
30/09/2004	23	3		12	20	38		0,5	340	14,3	95	959	0	0
01/10/2004	00	3		13	19	38		0,6	345	13,4	96	958	0	0
01/10/2004	01	3		12	17	36		0,5	339	12,9	96	958	0	0
01/10/2004	02	3		11	18	35		0,6	335	12,4	96	958	0	0
01/10/2004	03	3		12	18	36		0,6	2	12,1	96	958	0	0,1
01/10/2004	04	3		12	17	36		0,6	349	12,1	97	958	0	0,1
01/10/2004	05	3		12	20	38		0,6	333	11,8	97	958	0	0
01/10/2004	06	3		12	21	40		0,6	335	11,5	96	959	0	0
01/10/2004	07	3		14	25	46		0,5	313	11,5	97	959	5	0,2
01/10/2004	08	3		29	34	78		0,5	40	17,7	88	959	105	0
01/10/2004	09	3		13	21	41		0,5	160	27,1	49	959	333	0
01/10/2004	10	3		12	18	37		0,6	152	29,2	38	959	497	0
01/10/2004	11	3		12	20	39		0,9	148	31,2	31	959	598	0
01/10/2004	12	3		12	18	37		1,5	135	31,6	31	958	651	0
01/10/2004	13	4		12	19	37		2	131	31,8	32	958	650	0
01/10/2004	14	3		12	18	37		2	136	32,5	31	957	595	0
01/10/2004	15	3		12	21	40		2,3	138	31,5	37	957	489	0
01/10/2004	16	3		12	19	38		2	141	29,8	45	957	316	0
01/10/2004	17	3		12	19	37		1,6	147	26,8	56	957	149	0
01/10/2004	18	3		12	21	40		1,1	154	20,9	80	958	9	0
01/10/2004	19	3		12	28	46		0,6	145	18,6	88	958	0	0
01/10/2004	20	3		12	33	51		0,6	5	17	93	959	0	0
01/10/2004	21	3		12	24	43		0,6	340	16,4	94	959	0	0
04/10/2004	17	3						0,9	131	26,7	53	958	121	0
04/10/2004	18	3		5	7	16		0,6	126	21,3	76	958	9	0
04/10/2004	19	3		5	7	15		0,6	17	18,2	88	958	0	0
04/10/2004	20	3		5	7	15		0,6	353	16,4	92	958	0	0
04/10/2004	21	3		6	7	16		0,6	0	15,4	94	959	0	0
04/10/2004	22	3		6	7	16		0,6	349	14,5	95	959	0	0
04/10/2004	23	3		6	7	16		0,7	356	13,9	95	959	0	0
05/10/2004	00	3		6	7	16		0,7	348	13,5	96	959	0	0
05/10/2004	01	3		5	7	15		0,5	356	13,7	96	958	0	0
05/10/2004	02	3		5	7	15		0,7	329	13,5	96	958	0	0
05/10/2004	03	3		5	7	16		0,8	322	13,2	96	958	0	0
05/10/2004	04	3		5	7	16		0,7	338	12,6	94	958	0	0
05/10/2004	05	3		5	7	15		0,5	356	12,2	95	958	0	0
05/10/2004	06	3		5	7	15		0,6	323	12,6	94	958	0	0
05/10/2004	07	3		6	7	15		0,6	345	13	92	958	9	0
05/10/2004	08	3		5	7	15		0,5	163	18,3	70	958	102	0
05/10/2004	09	3		5	7	15		0,5	50	26,1	44	958	283	0
05/10/2004	10	3		6	7	15		0,9	149	28	39	958	447	0
05/10/2004	11	3		6	7	15		0,8	152	30,8	34	958	549	0
05/10/2004	12	3		5	7	15		1,1	130	32,1	34	957	601	0
05/10/2004	13	3		6	7	16		1,7	145	32	36	956	600	0
05/10/2004	14	3		5	8	16		1,9	140	32,3	37	956	575	0
05/10/2004	15	3		5	7	15		1,6	138	30,3	44	956	328	0,4
05/10/2004	16	3		4	7	14		1,3	124	30,3	48	956	315	0
05/10/2004	17	3		4	6	13		1,8	35	26,7	44	956	154	0
05/10/2004	18	3		5	7	14		1,1	351	21,5	68	956	13	0
05/10/2004	19	3		5	6	14		0,9	0	17,8	84	956	0	0
05/10/2004	20	3		5	7	14		1,1	356	16,5	87	956	0	0
05/10/2004	21	3		5	7	14		0,6	349	15,4	91	956	0	0
05/10/2004	22	3		5	7	14		0,7	358	14,5	93	957	0	0
05/10/2004	23	3		5	7	14		0,7	358	13,9	94	957	0	0
06/10/2004	00	3		5	7	14		0,6	357	14,5	95	957	0	0
06/10/2004	01	3		5	7	15		0,6	339	14	95	957	0	0
06/10/2004	02	3		5	7	15		0,8	354	13,7	95	956	0	0
06/10/2004	03	3		5	7	15		0,6	325	13,7	95	956	0	0
06/10/2004	04	3		5	7	15		0,5	335	12,8	96	956	0	0
06/10/2004	05	3		5	7	15		0,5	348	12,8	96	956	0	0
06/10/2004	06	3		5	7	14		0,6	356	12,4	96	956	0	0
06/10/2004	07	3		5	7	14		0,6	344	13,2	95	956	4	0
06/10/2004	08	3		5	7	15		0,5	193	17,4	82	956	88	0
06/10/2004	09	3		5	7	15		0,5	161	26,4	48	955	308	0
06/10/2004	10	3		5	8	15		0,5	143	30,3	35	956	451	0
06/10/2004	11	3		5	7	15		0,7	156	32,7	32	955	565	0
06/10/2004	12	3		6	7	16		1,3	141	32,8	33	955	610	0
06/10/2004	13	3		6	7	16		1,7	144	30,6	40	955	511	0
06/10/2004	14	3		5	7	14		1,3	136	29,8	46	954	356	0
06/10/2004	15	3		5	6	14		1,1	133	28,3	52	954	228	0
06/10/2004	16	3		4	7	14		1	148	26,8	59	954	162	0
06/10/2004	17	3		5	6	14		0,7	152	25,2	65	954	64	0
06/10/2004	18	3		5	7	15		0,8	130	21,2	84	955	3	0
06/10/2004	19	3		5	6	13		0,6	115	19,9	92	955	0	0
06/10/2004	20	3		5	6	14		0,5	176	20,1	92	956	0	0
06/10/2004	21	3		5	6	14		0,5	353	19	93	956	0	0
06/10/2004	22	3		5	6	14		0,9	346	17,6	94	956	0	0
06/10/2004	23	3		5	6	14		1,5	315	18,2	93	955	0	0
07/10/2004	00	3		5	7	14		0,6	345	18,7	86	955	0	0
07/10/2004	01	3		5	6	14		0,5	23	17,8	86	955	0	0
07/10/2004	02	3		5	7	15		0,8	351	17	93	956	0	0
07/10/2004	03	3		5	7	14		0,6	330	17,1	94	955	0	0
07/10/2004	04	3		5	6	14		0,6	336	16,4	94	955	0	0
07/10/2004	05	3		5	7	14		0,6	334	16,2	91	955	0	0
07/10/2004	06	3		5	6	14		0,7	344	15,7	90	955	0	0
07/10/2004	07	3		6	6	14		0,8	350	15,4	91	955	6	0
07/10/2004	08	3		5	7	14		0,6	351	19,2	78	955	87	0
07/10/2004	09	3		5	6	13		0,6	165	24,8	57	955	280	0
07/10/2004	10	3		5	6	14		0,8	175	26,3	54	955	289	0
07/10/2004	11	3		5	7	14		0,9	181	27,3	50	956	332	0
07/10/2004	12	3		5	6	14		1,3	148	27,3	50	956	344	0
07/10/2004	13	3		5	7	14		1,2	151	28,6	46	955	353	0
07/10/2004	16	3		2	4	6		1,6	156	21,3	52	953	230	0
07/10/2004	17	3		2	4	6		1,5	155	17,9	68	954	78	0
07/10/2004	18	3		2	4	6		0,8	156	14,7	82	954	0	0
07/10/2004	19	3		2	4	6		0,7	158	13,2	89	954	0	0
07/10/2004	20	3		2	4	6		0,5	224	12,7	91	955	0	0
07/10/2004	21	3		2	4	6		0,6	342	12,5	92	955	0	0
07/10/2004	22	3		2	4	6		0,5	190	11,8	91	955	0	0
07/10/2004	23	3		2	4	6		0,6	352	10,4	94	955	0	0
08/10/2004	00	3		2	4	6		0,6	2	10,1	95	954	0	0
08/10/2004	01	3		2	4	6		0,5	345	9,2	95	954	0	0
08/10/2004	02	3		2	4	6		0,7	357	8,8	96	953	0	0
08/10/2004	03	3		2	4	6		0,5	7	8,3	96	953	0	0
08/10/2004	04	3		2	4	6		0,5	337	8,2	97	953	0	0
08/10/2004	05	3		2	4	6		0,6	1	9,4	97	953	0	0
08/10/2004	06	3		2	4	6		0,5	15	8,7	96	953	0	0
08/10/2004	07	3		2	4	6		0,5	11	9,2	97	953	5	0
08/10/2004	08	3		2	4	6		0,5	347	12,3	93	953	95	0,2
08/10/2004	09	3		2	4	6		0,5	157	18,1	64	953	297	0
08/10/2004	10	3		2	4	6		0,8	173	21,2	49	953	409	0
08/10/2004	11	3		2	4	6		1,2	145	23,4	43	953	536	0
08/10/2004	12	3		2	4	6		1,7	126	23,6	41	953	551	0
08/10/2004	13	3		2	4	6		2	122	24,1	39	952	522	0
08/10/2004	14	3		2	4	6		1,9	130	25,1	35	951	517	0
08/10/2004	15	3	0,3	2	4	6		2,3	133	24,9	40	951	434	0
08/10/2004	16	3	0,3	2	4	6		2	145	22,2	52	951	268	0
08/10/2004	17	3	0,3	2	4	6		1,2	151	17,7	70	951	73	0
08/10/2004	18	3	0,2	2	4	6		0,7	138	15	83	951	10	0
08/10/2004	19	3	0,3	2	4	6		0,7	140	13,9	88	952	0	0
08/10/2004	20	3	0,3	2	4	6		0,5	138	14	89	952	0	0
08/10/2004	21	3	0,3	2	4	6		0,5	162	13,9	89	952	0	0
08/10/2004	22	3	0,3					0,5	26	12,9	91	951	0	0
08/10/2004	23	3	0,1					0,6	335	11,2	94	952	0	0
09/10/2004	00	3	0,2	2	4	7		0,5	334	10,5	95	952	0	0
09/10/2004	01	3	0,2	2	4	7		0,6	347	9,4	95	952	0	0
09/10/2004	02	3	0,2	2	4	6		0,6	351	8,9	96	952	0	0
09/10/2004	03	3	0,2	2	4	6		0,8	355	8,6	96	951	0	0
09/10/2004	04	3	0,2	2	4	6		0,5	320	8,7	96	951	0	0
09/10/2004	05	3	0,1	2	4	6		0,9	232	9,7	86	951	0	0
09/10/2004	06	3	0,1	2	4	6		0,7	242	12,1	66	952	0	0
09/10/2004	07	3	0,1	2	4	6		0,8	303	12,1	65	952	10	0
09/10/2004	08	3	0,1	2	4	7		1	312	16	52	952	89	0
09/10/2004	09	3	0,2	2	4	7		0,7	240	19,8	40	952	318	0
09/10/2004	10	3	0,2	3	4	7		1,3	250	21,7	29	952	407	0
09/10/2004	11	3	0,2	2	4	6		1,9	329	20,2	28	952	319	0
09/10/2004	12	3	0,2	2	4	6		2,2	316	22,9	21	952	549	0
09/10/2004	13	3	0,2	2	4	7		3	281	23,3	21	952	621	0
09/10/2004	14	3		2	4	6		3,2	275	22,9	21	952	524	0
09/10/2004	15	3		2	4	6		3,2	274	21,5	22	952	399	0
09/10/2004	16	3	0,2	2	4	7		2,6	263	21,4	23	952	320	0
09/10/2004	17	3	0,2	2	4	6		2,2	264	20,5	24	952	151	0
09/10/2004	18	3	0,2	2	4	7		0,8	304	14,2	38	952	3	0
09/10/2004	19	3	0,3	2	4	6		0,9	314	10,8	49	952	0	0
09/10/2004	20	3	0,2	2	4	6		0,6	302	10,6	53	952	0	0
09/10/2004	21	3	0,2	2	4	6		0,7	337	8,8	63	952	0	0
09/10/2004	22	3	0,2	2	4	6		0,8	331	10	56	952	0	0
09/10/2004	23	3	0,2	2	4	6		0,7	337	9,8	55	952	0	0
10/10/2004	00	3	0,2	2	4	6		0,8	300	9,7	55	952	0	0
10/10/2004	01	3	0,2	2	4	7		0,6	322	8,8	59	952	0	0
10/10/2004	02	3	0,2	2	4	6		0,9	302	8,3	62	952	0	0
10/10/2004	03	3	0,2	2	4	6		1,4	319	8,4	61	952	0	0
10/10/2004	04	3	0,2	2	4	6		1,4	316	8,1	61	952	0	0
10/10/2004	05	3	0,2	2	4	6		1	329	7,7	62	952	0	0
10/10/2004	06	3	0,2	2	4	6		0,8	327	7,1	62	952	0	0
10/10/2004	07	3	0,2	2	4	6		1,8	324	7,4	59	952	2	0
10/10/2004	08	3	0,2	2	4	6		2,6	318	12,3	40	952	117	0
10/10/2004	09	3	0,2	2	5	7		1,9	300	16,1	30	952	342	0
10/10/2004	10	3	0,2	2	4	6		2,1	305	17,5	28	952	490	0
10/10/2004	11	3	0,3	2	4	7		2,1	293	19,4	24	952	588	0
10/10/2004	12	3	0,3	2	4	7		2,6	291	19	24	952	583	0
10/10/2004	13	3	0,3	2	4	7		2,6	288	18,2	25	951	504	0
10/10/2004	14	3	0,3	2	4	6		2,9	281	21	21	951	648	0
10/10/2004	15	3		2	4	6		2,6	287	19,8	23	951	429	0
10/10/2004	16	3	0,3	2	4	7		2,5	283	15,5	31	951	183	0
10/10/2004	17	3	0,2	2	4	6		1,4	296	14,8	34	951	117	0
10/10/2004	18	3	0,2	2	4	6		0,9	325	10,7	46	951	3	0
10/10/2004	19	3	0,2	2	4	7		0,8	348	8,6	51	952	0	0
10/10/2004	20	3	0,2	2	4	7		0,6	350	7,7	57	952	0	0
10/10/2004	21	3	0,2	2	4	6		1,3	341	9,1	50	952	0	0
10/10/2004	22	3	0,2	2	4	6		0,6	315	7,9	58	952	0	0
10/10/2004	23	3	0,2	2	4	6		0,6	325	6,2	66	952	0	0
11/10/2004	00	3	0,2	2	4	6		0,8	330	7,3	60	952	0	0
11/10/2004	01	3	0,2	2	4	6		0,6	322	6,2	66	952	0	0
11/10/2004	02	3	0,2	2	4	6		0,8	310	5,3	70	952	0	0
11/10/2004	03	3	0,2	2	4	6		0,8	311	6,1	65	952	0	0
11/10/2004	04	3	0,2	2	4	6		1,3	216	6,4	65	952	0	0
11/10/2004	05	3	0,2	2	4	7		2	335	7,3	61	952	0	0
11/10/2004	06	3	0,2	2	4	6		2,7	338	7,6	59	952	0	0
11/10/2004	07	3	0,2	2	4	6		3,1	1	7,8	57	952	1	0
11/10/2004	08	3	0,2	2	4	6		1,4	38	12,5	43	952	117	0
11/10/2004	09	3	0,2	3	4	8		2,3	19	16,1	32	953	335	0
11/10/2004	10	3	0,3	2	5	7		3,5	30	16,9	30	953	480	0
11/10/2004	11	3	0,3	2	4	6		3,9	359	19,1	26	953	583	0
11/10/2004	13	3	0,3	2	4	7		2,2	7	23,4	24	951	634	0
11/10/2004	14	3	0,3	2	4	6		1,7	5	24,5	22	951	601	0
11/10/2004	15	3		2	4	6		1,4	27	21,1	30	951	183	0
11/10/2004	16	3	0,3	2	4	6		1,6	151	18,3	40	951	92	0
11/10/2004	17	3	0,3	2	4	6		1	160	17,1	47	952	39	0
11/10/2004	18	3	0,3	2	4	6		0,7	352	14,9	59	952	4	0
11/10/2004	19	3	0,4	2	4	7		0,6	329	13,7	65	952	0	0
11/10/2004	20	3	0,3	2	4	6		0,7	314	13,1	55	953	0	0
11/10/2004	21	3	0,3	2	4	6		0,6	321	12,1	59	953	0	0
11/10/2004	22	3	0,2	2	4	7		0,7	338	10,2	71	954	0	0
11/10/2004	23	3	0,2	2	4	6		0,6	342	10,5	72	954	0	0
12/10/2004	00	3	0,2	2	4	6		1	332	11,2	66	954	0	0
12/10/2004	01	3	0,2	2	4	6		0,7	319	11,3	65	953	0	0
12/10/2004	02	3	0,2	2	4	6		1,4	331	11,7	63	953	0	0
12/10/2004	03	3	0,2	2	4	6		2,4	321	12,4	62	953	0	0
12/10/2004	04	3	0,2	2	4	6		1,3	329	12,9	62	953	0	0
12/10/2004	05	3	0,2	2	4	6		1,1	19	12,3	66	953	0	0
12/10/2004	06	3	0,2	2	4	6		1	350	12	67	953	0	0
12/10/2004	07	3	0,2	2	4	6		1,3	335	12,2	66	953	6	0
12/10/2004	08	3	0,3	2	4	6		0,6	163	14,4	58	953	126	0
12/10/2004	09	3	0,3	3	4	8		0,6	160	17,9	45	953	292	0
12/10/2004	10	3	0,3	2	4	6		1	144	20	36	953	418	0
12/10/2004	11	3	0,4	2	4	6		1,6	144	21,1	34	953	498	0
12/10/2004	12	9	0,4	2	4	6		1,8	139	19,5	41	953	372	0
12/10/2004	13	9	0,4	2	4	7		2,3	143	19,6	44	952	319	0
12/10/2004	14	6	0,4	2	4	7		1,4	140	17,5	53	952	143	0
12/10/2004	15	6		2	4	6		1,4	143	18,5	50	952	154	0
12/10/2004	16	4	0,3	2	4	6		1,7	143	17,4	56	952	97	0
12/10/2004	17	6	0,3	2	4	7		2,2	150	17,4	58	952	95	0
12/10/2004	18	4	0,3	2	4	6		0,9	153	14,9	72	952	7	0
12/10/2004	19	3	0,4	2	4	6		0,8	351	12,7	82	953	0	0
12/10/2004	20	3	0,3	2	4	6		1	352	12,2	86	953	0	0
12/10/2004	21	3	0,3	2	4	7		0,6	342	11,9	89	953	0	0
12/10/2004	22	3	0,3	2	4	6		0,7	8	10,6	93	954	0	0
12/10/2004	23	3	0,3	2	4	7		1,4	351	11,2	86	954	0	0
13/10/2004	00	3	0,2	2	4	6		0,6	337	9,9	86	955	0	0
13/10/2004	01	3	0,2	2	4	6		0,6	214	8,9	89	955	0	0
13/10/2004	02	3	0,3	2	4	6		0,6	204	8,9	89	955	0	0
13/10/2004	03	3	0,2	2	4	6		2,9	332	10,2	74	954	0	0
13/10/2004	04	3	0,2	2	4	6		2	337	10	69	954	0	0
13/10/2004	05	3	0,2	2	4	6		1,8	324	9,8	68	954	0	0
13/10/2004	06	3	0,2	2	4	6		1,6	319	9,6	69	955	0	0
13/10/2004	07	3	0,3	2	4	6		0,7	286	9,3	70	955	1	0
13/10/2004	08	3	0,3	2	4	6		1,1	329	13,6	51	955	113	0
13/10/2004	09	3	0,3	2	4	7		1,8	7	17,3	39	955	322	0
13/10/2004	10	3	0,3	3	5	8		0,9	38	18,8	36	954	466	0
13/10/2004	11	3	0,4	2	4	7		1	160	20,6	34	953	555	0
13/10/2004	12	3	0,4	2	4	6		2,2	180	21,3	29	953	639	0
13/10/2004	13	3	0,4	2	4	7		2,7	224	21,6	23	952	584	0
13/10/2004	14	3	0,4	2	4	6		2,2	225	22,3	22	952	562	0
13/10/2004	15	3	0,4	2	4	6		2	234	22,7	20	951	459	0
13/10/2004	16	3		2	4	6		1,9	228	22,3	20	951	296	0
13/10/2004	17	3	0,4	2	4	6		1,5	217	20,7	22	951	104	0
13/10/2004	18	3	0,4	2	4	6		1,2	137	15	74	952	1	0
13/10/2004	19	3	0,3	2	4	6		0,7	145	12,7	87	952	0	0
13/10/2004	20	3	0,3	2	4	7		0,8	355	10,8	92	952	0	0
13/10/2004	21	3	0,3	2	4	6		0,7	3	10,8	94	952	0	0
13/10/2004	22	3	0,3	2	4	6		0,6	325	10,4	94	952	0	0
13/10/2004	23	3	0,3	2	4	6		1	348	9,2	94	952	0	0
14/10/2004	00	3	0,3	2	4	6		1	312	9	89	952	0	0
14/10/2004	01	3	0,3	2	4	6		1,8	334	8,8	86	952	0	0
14/10/2004	02	3	0,3	2	4	6		1	335	8,1	86	952	0	0
14/10/2004	03	3	0,3	2	4	6		0,6	346	8,3	79	952	0	0
14/10/2004	04	3	0,3	2	4	6		0,5	174	6,8	87	951	0	0
14/10/2004	05	3	0,3	2	4	6		1,1	322	8,8	66	951	0	0
14/10/2004	06	3	0,2	2	4	6		1,2	331	9,8	55	951	0	0
14/10/2004	07	3	0,2	2	4	6		1,6	333	9,4	59	951	1	0
