Red: Red de Vigilancia y Control de la Contaminación Atmosférica
Estación: 46102002-Quart de Poblet
	
FECHA	HORA	PM2.5	SO2	NO	NO2	PM10	NOx	O3
		µg/m³	µg/m³	µg/m³	µg/m³	µg/m³	µg/m³	µg/m³
01/01/2025	00	25	3	2	11	26	15	31
01/01/2025	01	30	3	2	16	30	19	21
01/01/2025	02	23	3	2	7	24	10	32
01/01/2025	03	22	3	2	5	22	8	31
01/01/2025	04	16	3	2	3	16	6	37
01/01/2025	05	12	3	2	2	12	6	33
01/01/2025	06	11	3	2	5	11	8	29
01/01/2025	07	10	3	2	3	10	6	24
01/01/2025	08	11	3	2	12	11	16	11
01/01/2025	09	10	3	2	14	10	17	18
01/01/2025	10	11	3	2	6	11	9	29
01/01/2025	11	9	3	2	2	9	6	32
01/01/2025	12	8	3	2	4	8	8	30
01/01/2025	13	11	3	2	9	11	12	40
01/01/2025	14	11	3	2	7	11	11	61
01/01/2025	15	10	3	2	5	10	9	66
01/01/2025	16	8	3	2	6	8	9	67
01/01/2025	17	10	3	2	11	11	14	53
01/01/2025	18	14	3	2	13	16	16	37
01/01/2025	19	15	3	2	30	17	33	16
01/01/2025	20	16	3	6	42	16	52	3
01/01/2025	21	16	3	4	33	17	39	4
01/01/2025	22	17	3	7	32	17	44	1
01/01/2025	23	18	3	2	30	19	34	2
02/01/2025	00	18	3	2	20	18	24	8
02/01/2025	01	18	3	2	12	18	15	9
02/01/2025	02	16	3	2	5	16	8	13
02/01/2025	03	11	3	2	3	11	6	11
02/01/2025	04	8	3	2	9	9	13	9
02/01/2025	05	6	3	2	7	7	10	13
02/01/2025	06	5	3	17	20	6	45	10
02/01/2025	07	8	3	9	28	10	42	3
02/01/2025	08	7	3	11	31	10	48	3
02/01/2025	09	11	3	24	41	16	77	5
02/01/2025	10	8	3	17	30	12	56	16
02/01/2025	11	10	3	7	26	22	37	24
02/01/2025	12	6	3	3	18	15	23	33
02/01/2025	13	5	3	2	13	16	16	46
02/01/2025	14	4	3	2	9	11	12	53
02/01/2025	15	3	3	2	9	8	13	55
02/01/2025	16	5	3	2	14	11	17	49
02/01/2025	17	7	3	2	23	15	27	36
02/01/2025	18	9	3	2	36	20	39	21
02/01/2025	19	12	3	6	46	30	56	7
02/01/2025	20	11	3	24	54	27	90	1
02/01/2025	21	18	3	15	46	25	69	1
02/01/2025	22	18	3	9	34	22	48	9
02/01/2025	23	12	3	4	41	15	47	6
03/01/2025	00	7	3	2	28	13	31	20
03/01/2025	01	6	3	2	8	7	11	46
03/01/2025	02	6	3	2	15	10	19	34
03/01/2025	03	4	3	2	8	6	11	52
03/01/2025	04	4	3	2	14	5	17	46
03/01/2025	05	5	3	10	48	9	63	2
03/01/2025	06	8	3	30	48	13	94	1
03/01/2025	07	10	3	40	58	25	119	2
03/01/2025	08	18				48		
03/01/2025	09	16				41		
03/01/2025	10	15	5	32	55	38	104	7
03/01/2025	11	10	4	5	31	36	39	33
03/01/2025	12	8	3	4	25	37	31	38
03/01/2025	13	8	3	2	18	33	21	45
03/01/2025	14	8	3	2	15	28	18	47
03/01/2025	15	7	3	2	20	25	23	46
03/01/2025	16	7	3	2	26	27	30	41
03/01/2025	17	8	3	2	37	28	40	26
03/01/2025	18	7	3	2	35	20	38	27
03/01/2025	19	6	3	2	23	16	27	41
03/01/2025	20	6	3	5	33	13	41	31
03/01/2025	21	7	3	2	32	16	36	28
03/01/2025	22	7	3	2	14	9	18	52
03/01/2025	23	6	3	2	13	9	16	55
04/01/2025	00	6	3	2	15	10	18	52
04/01/2025	01	7	3	2	15	18	19	47
04/01/2025	02	7	3	2	11	14	14	49
04/01/2025	03	6	3	2	6	8	10	59
04/01/2025	04	7	3	2	4	10	7	61
04/01/2025	05	7	3	2	6	10	10	58
04/01/2025	06	7	3	2	18	9	21	44
04/01/2025	07	7	3	2	15	10	19	48
04/01/2025	08	7	3	2	30	11	34	32
04/01/2025	09	10	3	2	28	18	31	33
04/01/2025	10	12	3	2	29	20	33	32
04/01/2025	11	9	3	2	19	15	23	43
04/01/2025	12	10	3	2	11	13	14	54
04/01/2025	13	7	3	2	8	11	12	61
04/01/2025	14	8	3	2	8	13	11	60
04/01/2025	15	7	3	2	4	13	8	65
04/01/2025	16	7	3	2	7	9	10	64
04/01/2025	17	7	3	2	15	10	18	54
04/01/2025	18	8	3	2	25	13	28	42
04/01/2025	19	7	3	2	41	14	44	25
04/01/2025	20	9	3	2	34	16	37	32
04/01/2025	21	8	3	2	27	13	31	38
04/01/2025	22	11	3	2	21	13	24	45
04/01/2025	23	7	3	2	19	8	22	49
05/01/2025	00	9	3	2	25	12	28	43
05/01/2025	01	9	3	2	10	10	14	59
05/01/2025	02	7	3	2	2	8	5	72
05/01/2025	03	8	3	2	1	9	5	68
05/01/2025	04	9	3	2	3	9	6	63
05/01/2025	05	8	3	2	2	9	5	70
05/01/2025	06	8	3	2	2	9	5	71
05/01/2025	07	8	3	2	2	10	5	67
05/01/2025	08	11	3	2	4	12	7	64
05/01/2025	09	11	3	2	7	13	11	61
05/01/2025	10	10	3	2	5	13	9	63
05/01/2025	11	9	3	2	5	11	8	68
05/01/2025	12	11	3	2	4	15	7	72
05/01/2025	13	13	3	2	5	16	8	73
05/01/2025	14	9	3	2	3	12	6	76
05/01/2025	15	9	3	2	3	12	7	75
05/01/2025	16	7	3	2	7	10	10	69
05/01/2025	17	9	3	2	15	14	18	57
05/01/2025	18	13	3	2	27	20	30	36
05/01/2025	19	18	3	2	33	28	36	21
05/01/2025	20	18	3	2	26	31	29	34
05/01/2025	21	14	3	2	18	28	21	46
05/01/2025	22	14	3	2	9	26	12	57
05/01/2025	23	14	3	2	12	25	15	48
06/01/2025	00	12	3	2	8	22	11	53
06/01/2025	01	12	3	2	10	22	13	45
06/01/2025	02	14	3	2	11	22	15	39
06/01/2025	03	11	3	2	8	19	11	45
06/01/2025	04	7	3	2	2	13	5	68
06/01/2025	05	8	3	2	11	15	14	47
06/01/2025	06	7	3	2	11	11	15	47
06/01/2025	07	4	3	2	7	7	11	69
06/01/2025	08	3	3	2	3	4	6	80
06/01/2025	09	1	3	2	2	3	5	83
06/01/2025	10	1	3	2	2	2	6	86
06/01/2025	11	1	3	2	3	4	7	84
06/01/2025	12	1	3	2	7	3	11	76
06/01/2025	13	2	3	2	5	4	8	78
06/01/2025	14	2	3	2	4	3	7	75
06/01/2025	15	1	3	2	2	1	5	77
06/01/2025	16	1	3	2	6	2	9	69
06/01/2025	17	2	3	2	17	5	21	52
06/01/2025	18	1	3	3	26	4	30	39
06/01/2025	19	3	3	2	13	4	16	52
06/01/2025	20	1	3	2	12	1	15	66
06/01/2025	21	1	3	2	8	1	12	65
06/01/2025	22	1	3	2	14	1	17	61
06/01/2025	23	1	3	2	1	1	5	77
07/01/2025	00	2	3	2	13	4	16	57
07/01/2025	01	1	3	2	2	4	6	76
07/01/2025	02	1	3	2	10	3	13	58
07/01/2025	03	1	3	2	13	2	16	54
07/01/2025	04	1	3	4	26	4	32	37
07/01/2025	05	3	3	2	30	7	33	35
07/01/2025	06	5	3	6	50	14	59	11
07/01/2025	07	9	4	18	54	27	82	7
07/01/2025	08	9	4	7	43	43	54	15
07/01/2025	09	8	3	7	35	33	46	22
07/01/2025	10	6	3	5	24	18	31	37
07/01/2025	11	9	3	3	15	54	19	53
07/01/2025	12	6	3	2	14	22	17	55
07/01/2025	13	9	3	2	10	49	13	58
07/01/2025	14	17	3	2	7	133	10	61
07/01/2025	15	8	3	2	11	38	14	62
07/01/2025	16	8	3	2	21	35	24	49
07/01/2025	17	4	3	2	20	15	24	52
07/01/2025	18	5	3	3	23	15	27	48
07/01/2025	19	4	3	2	15	15	19	55
07/01/2025	20	5	3	2	11	9	14	59
07/01/2025	21	4	3	2	8	8	11	61
07/01/2025	22	4	3	2	4	14	8	65
07/01/2025	23	4	3	2	5	8	8	65
08/01/2025	00	3	3	2	2	6	5	69
08/01/2025	01	1	3	2	1	2	5	72
08/01/2025	02	1	3	2	2	2	5	72
08/01/2025	03	2	3	2	4	3	7	69
08/01/2025	04	3	3	2	1	6	5	77
08/01/2025	05	3	3	2	7	7	10	64
08/01/2025	06	4	3	2	13	9	17	54
08/01/2025	07	5	3	7	38	14	49	23
08/01/2025	08	7	3	9	45	24	58	17
08/01/2025	09	12	3	16	48	36	73	12
08/01/2025	10	12	3	10	36	64	50	26
08/01/2025	11	6	3	4	25	29	30	42
08/01/2025	12	9	3	2	17	55	21	51
08/01/2025	13	13	3	2	13	109	17	55
08/01/2025	14	11	3	2	12	106	15	58
08/01/2025	15	7	3	2	17	38	20	55
08/01/2025	16	7	3	2	19	32	22	52
08/01/2025	17	7	3	2	29	22	33	40
08/01/2025	18	7	3	2	34	18	38	31
08/01/2025	19	7	3	2	40	21	44	23
08/01/2025	20	8	3	2	27	20	31	37
08/01/2025	21	12	3	2	7	66	11	64
08/01/2025	22	4	3	2	3	11	6	73
08/01/2025	23	7	3	2	1	31	5	75
09/01/2025	00	4	3	2	1	6	5	76
09/01/2025	01	3	3	2	1	3	5	77
09/01/2025	02	1	3	2	2	3	5	76
09/01/2025	03	1	3	2	2	2	6	76
09/01/2025	04	1	3	2	6	3	9	68
09/01/2025	05	2	3	2	9	3	12	64
09/01/2025	06	4	3	2	23	10	27	47
09/01/2025	07	8	3	4	34	23	40	31
09/01/2025	08	13	3	4	36	70	42	28
09/01/2025	09	6	3	2	29	26	32	37
09/01/2025	10	11	3	3	26	73	32	41
09/01/2025	11	7	3	2	17	36	20	51
09/01/2025	12	11	3	2	12	80	16	55
09/01/2025	13	16	3	2	11	122	14	58
09/01/2025	14	9	3	2	10	75	14	59
09/01/2025	15	7	3	2	10	43	13	59
09/01/2025	16	7	3	2	11	41	14	56
09/01/2025	17	5	3	2	17	19	20	48
09/01/2025	18	6	3	2	27	18	31	33
09/01/2025	19	5	3	2	21	12	25	38
09/01/2025	20	6	3	2	30	14	34	28
09/01/2025	21	8	3	2	33	15	36	22
09/01/2025	22	6	3	2	19	12	22	34
09/01/2025	23	6	3	2	11	11	15	45
10/01/2025	00	5	3	2	5	7	8	51
10/01/2025	01	3	3	2	5	5	8	50
10/01/2025	02	3	3	2	5	4	9	48
10/01/2025	03	4	3	2	7	6	10	47
10/01/2025	04	3	3	2	10	4	13	41
10/01/2025	05	4	3	2	12	8	15	37
10/01/2025	06	8	3	2	33	15	37	12
10/01/2025	07	6	3	2	24	15	28	25
10/01/2025	08	8	3	4	32	32	39	18
10/01/2025	09	6	3	3	22	27	26	31
10/01/2025	10	13	3	2	18	102	21	37
10/01/2025	11	9	3	3	15	56	20	41
10/01/2025	12	7	3	3	14	35	18	46
10/01/2025	13	14	3	3	16	118	20	45
10/01/2025	14	10	3	2	13	87	16	51
10/01/2025	15	6	3	2	11	29	14	53
10/01/2025	16	7	3	3	22	29	27	39
10/01/2025	17	6	3	2	18	24	21	39
10/01/2025	18	8	3	2	21	32	24	39
10/01/2025	19	5	3	2	18	16	21	44
10/01/2025	20	5	3	2	27	12	30	34
10/01/2025	21	4	3	2	20	8	23	41
10/01/2025	22	6	3	2	21	14	24	39
10/01/2025	23	6	3	2	15	14	19	49
11/01/2025	00	6	3	2	8	12	11	56
11/01/2025	01	5	3	2	5	9	8	56
11/01/2025	02	5	3	2	4	8	8	58
11/01/2025	03	4	3	2	3	6	6	58
11/01/2025	04	2	3	2	1	5	5	68
11/01/2025	05	2	3	2	4	4	7	59
11/01/2025	06	1	3	2	14	3	17	44
11/01/2025	07	2	3	2	4	6	7	58
11/01/2025	08	3	3	2	9	5	12	49
11/01/2025	09	4	3	2	10	13	13	46
11/01/2025	10	5	3	2	10	18	14	45
11/01/2025	11	3	3	2	7	12	10	46
11/01/2025	12	2	3	2	7	7	10	44
11/01/2025	13	2	3	2	4	8	7	54
11/01/2025	14	4	3	2	1	26	4	60
11/01/2025	15	5	3	2	1	29	5	70
11/01/2025	16	6	3	2	1	46	5	72
11/01/2025	17	4	3	2	1	25	5	75
11/01/2025	18	2	3	2	2	12	5	78
11/01/2025	19	2	3	2	5	6	8	73
11/01/2025	20	3	3	2	19	5	22	55
11/01/2025	21	6	3	3	44	9	48	16
11/01/2025	22	5	3	2	24	8	27	40
11/01/2025	23	4	3	2	3	15	7	72
12/01/2025	00	2	3	2	1	9	4	78
12/01/2025	01	19	3	2	1	166	5	83
12/01/2025	02	15	3	2	1	155	4	84
12/01/2025	03	5	3	2	1	33	5	84
12/01/2025	04	2	3	2	1	4	4	83
12/01/2025	05	2	3	2	1	5	4	83
12/01/2025	06	1	3	2	1	4	4	83
12/01/2025	07	3	3	2	1	19	5	83
12/01/2025	08	8	3	2	1	55	4	84
12/01/2025	09	3	3	2	2	15	5	82
12/01/2025	10	3	3	2	1	22	4	80
12/01/2025	11	3	3	2	1	10	5	77
12/01/2025	12	4	3	2	1	16	5	78
12/01/2025	13	1	3	2	2	4	5	81
12/01/2025	14	3	3	2	4	8	7	79
12/01/2025	15	2	3	2	2	6	6	81
12/01/2025	16	2	3	2	6	5	10	76
12/01/2025	17	2	3	2	10	6	13	73
12/01/2025	18	6	3	2	25	11	28	50
12/01/2025	19	5	3	2	18	10	21	64
12/01/2025	20	7	3	2	19	11	22	64
12/01/2025	21	7	3	2	6	11	9	81
12/01/2025	22	7	3	2	7	10	10	79
12/01/2025	23	7	3	2	14	10	17	60
13/01/2025	00	12	3	2	31	16	34	24
13/01/2025	01	11	3	2	14	15	17	33
13/01/2025	02	9	3	2	5	15	8	47
13/01/2025	03	6	3	2	1	14	5	58
13/01/2025	04	5	3	2	3	7	6	50
13/01/2025	05	4	3	2	3	5	6	47
13/01/2025	06	3	3	2	7	5	10	48
13/01/2025	07	5	4	2	14	9	17	45
13/01/2025	08	10	5	4	38	49	45	18
13/01/2025	09	5	4	2	18	13	21	44
13/01/2025	10	6	5	2	11	22	13	58
13/01/2025	11	29	4	3	20	268	24	48
13/01/2025	12	14	3	2	14	97	17	59
13/01/2025	13	10	3	2	8	61	11	75
13/01/2025	14	5	3	3	10	14	14	77
13/01/2025	15	5	3	2	13	14	16	73
13/01/2025	16	5	3	2	16	17	19	73
13/01/2025	17	5	3	2	22	13	26	70
13/01/2025	18	7	3	2	42	15	46	40
13/01/2025	19	11	3	4	62	22	68	12
13/01/2025	20	12	3	2	61	22	65	11
13/01/2025	21	11	3	7	54	17	65	17
13/01/2025	22	14	3	5	46	21	53	12
13/01/2025	23	13	3	2	18	18	21	37
14/01/2025	00	8	3	2	7	12	10	55
14/01/2025	01	7	3	2	3	12	5	60
14/01/2025	02	6	4	2	2	10	5	62
14/01/2025	03	5	5	2	2	7	5	63
14/01/2025	04	4	5	2	1	5	4	67
14/01/2025	05	4	6	2	4	6	6	61
14/01/2025	06	4	5	2	7	7	10	57
14/01/2025	07	4	6	2	22	9	25	35
14/01/2025	08	9	6	2	21	27	24	36
14/01/2025	09	7	5	2	16	17	18	45
14/01/2025	10	6	5	2	8	14	11	56
14/01/2025	11	22	5	2	11	195	15	54
14/01/2025	12	10	5	2	19	43	22	53
14/01/2025	13	14	3	2	13	100	16	67
14/01/2025	14	16	3	2	10	114	14	73
14/01/2025	15	12	3	2	18	33	22	65
14/01/2025	16	13	3	2	29	39	33	53
14/01/2025	17	8	3	2	33	22	36	49
14/01/2025	18	10	3	14	72	32	93	12
14/01/2025	19	28	3	56	83	57	170	1
14/01/2025	20	23	5	51	77	50	156	1
14/01/2025	21	25	4	8	55	39	68	4
14/01/2025	22	21	3	2	34	29	37	17
14/01/2025	23	19	4	2	28	25	31	18
15/01/2025	00	15	5	2	16	20	19	30
15/01/2025	01	12	6	2	11	17	14	37
15/01/2025	02	11	6	2	13	16	15	35
15/01/2025	03	10	5	2	13	15	16	38
15/01/2025	04	19	6	10	37	29	52	3
15/01/2025	05	13	6	6	32	23	40	5
15/01/2025	06	13	7	25	40	23	78	3
15/01/2025	07	12	7	34	44	24	96	1
15/01/2025	08	23	9	63	51	87	148	1
15/01/2025	09	24	10	74	54	78	167	2
15/01/2025	10	37	9	49	52	236	127	8
15/01/2025	11	23	8	31	50	92	97	14
15/01/2025	12	14	6	4	23	34	29	43
15/01/2025	13	11	4	2	21	27	25	55
15/01/2025	14	14	3	2	25	42	28	56
15/01/2025	15	14	3	2	22	41	26	58
15/01/2025	16	16	3	4	31	48	36	49
15/01/2025	17	17	3	4	45	46	51	37
15/01/2025	18	28	3	10	74	61	90	7
15/01/2025	19	28	3	32	80	55	129	3
15/01/2025	20	27	3	37	77	42	133	2
15/01/2025	21	34	3	15	68	51	91	1
15/01/2025	22	33	3	6	54	51	63	2
15/01/2025	23	27	3	2	36	41	39	7
16/01/2025	00	21	3	2	26	32	29	13
16/01/2025	01	15	4	2	15	22	18	24
16/01/2025	02	11	4	2	7	15	10	34
16/01/2025	03	11	4	2	9	15	12	28
16/01/2025	04	10	4	2	9	13	12	30
16/01/2025	05	8	5	2	11	12	13	31
16/01/2025	06	8	5	2	21	12	23	20
16/01/2025	07	9	6	2	22	13	25	21
16/01/2025	08	10	5	2	23	26	27	25
16/01/2025	09	8	4	2	21	17	24	32
16/01/2025	10	20	5	3	22	129	27	33
16/01/2025	11	12	5	3	15	33	19	63
16/01/2025	12	12	3	2	7	38	10	74
16/01/2025	13	10	3	2	6	26	9	81
16/01/2025	14	10	3	2	6	34	9	83
16/01/2025	15	8	3	2	6	24	9	86
16/01/2025	16	8	3	2	8	16	11	82
16/01/2025	17	6	3	2	12	8	15	72
16/01/2025	18	4	3	3	26	4	30	52
16/01/2025	19	5	3	2	26	5	29	47
16/01/2025	20	3	3	2	10	3	13	70
16/01/2025	21	3	3	2	7	4	10	72
16/01/2025	22	4	3	2	6	4	9	67
16/01/2025	23	5	3	2	6	6	9	64
17/01/2025	00	4	3	2	2	4	5	70
17/01/2025	01	3	3	2	2	4	5	67
17/01/2025	02	2	3	6	5	2	15	65
17/01/2025	03	1	3	2	1	1	5	66
17/01/2025	04	1	3	2	1	1	4	65
17/01/2025	05	1	3	2	3	1	6	67
17/01/2025	06	1	3	2	5	1	8	66
17/01/2025	07	1	3	2	15	1	18	53
17/01/2025	08	1	3	2	20	2	23	47
17/01/2025	09	3	3	4	12	3	17	58
17/01/2025	10	3	3	2	11	3	15	56
17/01/2025	11	3	3	2	10	3	13	58
17/01/2025	12	3	3	2	12	3	15	53
17/01/2025	13	5	3	2	17	6	20	45
17/01/2025	14	6	3	2	13	6	17	51
17/01/2025	15	6	3	2	13	6	17	53
17/01/2025	16	6	3	2	12	7	16	59
17/01/2025	17	9	3	2	18	10	21	54
17/01/2025	18	7	3	2	23	8	26	48
17/01/2025	19	7	3	2	28	10	31	35
17/01/2025	20	12	3	2	32	15	35	27
17/01/2025	21	20	3	2	34	23	37	19
17/01/2025	22	15	3	2	16	16	19	36
17/01/2025	23	12	3	2	14	12	17	37
18/01/2025	00	10	3	2	9	10	13	37
18/01/2025	01	7	3	2	5	8	8	43
18/01/2025	02	6	3	2	2	6	6	46
18/01/2025	03	4	3	2	1	4	4	51
18/01/2025	04	4	3	2	1	4	4	52
18/01/2025	05	3	4	2	2	4	5	50
18/01/2025	06	4	4	2	12	5	15	37
18/01/2025	07	4	5	2	21	4	24	25
18/01/2025	08	4	5	2	11	5	14	39
18/01/2025	09	5	5	2	7	6	10	49
18/01/2025	10	6	4	2	7	6	10	54
18/01/2025	11	4	4	2	6	5	8	55
18/01/2025	12	3	3	2	5	5	8	58
18/01/2025	13	4	3	2	5	5	9	65
18/01/2025	14	3	3	2	4	4	7	73
18/01/2025	15	5	3	2	12	9	16	66
18/01/2025	16	5	3	2	16	9	19	62
18/01/2025	17	7	3	2	21	11	24	55
18/01/2025	18	8	3	3	54	14	58	16
18/01/2025	19	15	3	29	71	22	116	3
18/01/2025	20	19	4	52	69	27	149	1
18/01/2025	21	26	3	25	52	31	90	2
18/01/2025	22	26	3	2	31	29	34	12
18/01/2025	23	18	3	2	18	19	22	20
19/01/2025	00	14	3	2	13	14	15	25
19/01/2025	01	15	3	2	10	15	13	26
19/01/2025	02	12	3	2	5	13	8	34
19/01/2025	03	10	3	2	3	10	6	37
19/01/2025	04	7	3	2	2	8	5	40
19/01/2025	05	8	4	2	3	9	6	39
19/01/2025	06	9	4	3	20	11	25	16
19/01/2025	07	7	5	2	11	7	14	29
19/01/2025	08	6	5	2	17	7	21	30
19/01/2025	09	8	5	3	20	11	24	24
19/01/2025	10	9	6	4	20	13	27	28
19/01/2025	11	8	4	2	12	10	15	42
19/01/2025	12	7	4	2	8	9	11	55
19/01/2025	13	4	3	2	2	5	5	74
19/01/2025	14	5	3	2	3	7	7	77
19/01/2025	15	8	3	2	4	10	8	74
19/01/2025	16	8	3	2	10	12	14	73
19/01/2025	17	7	3	3	14	9	19	75
19/01/2025	18	8	3	2	32	15	35	48
19/01/2025	19	9	3	2	48	14	52	25
19/01/2025	20	14	3	33	62	19	113	4
19/01/2025	21	23	3	12	59	27	78	1
19/01/2025	22	25	3	3	37	27	42	8
19/01/2025	23	19	3	2	21	20	24	24
20/01/2025	00	17	3	2	18	19	22	26
20/01/2025	01	13	3	2	12	14	15	30
20/01/2025	02	13	3	2	13	14	16	23
20/01/2025	03	12	4	2	9	13	12	26
20/01/2025	04	10	4	3	9	11	14	31
20/01/2025	05	11	4	19	30	14	59	6
20/01/2025	06	14	6	27	43	22	83	3
20/01/2025	07	11	5	19	51	23	80	1
20/01/2025	08	14	5	33	54	36	104	2
20/01/2025	09	15	5	28	45	33	87	15
20/01/2025	10	10	3	4	25	17	31	38
20/01/2025	11	11	3	3	27	29	31	41
20/01/2025	12	11	3	3	29	22	34	37
20/01/2025	13	11	3	3	23	31	27	47
20/01/2025	15	10	3	4	32	20	38	39
20/01/2025	16	12	3	8	48	21	60	20
20/01/2025	17	15	3	31	63	25	110	5
20/01/2025	18	19	3	57	71	33	157	1
20/01/2025	19	18	3	57	76	31	164	1
20/01/2025	20	22	3	58	73	38	161	1
20/01/2025	21	24	3	30	58	32	104	1
20/01/2025	22	26	3	4	46	30	52	2
20/01/2025	23	26	3	5	41	31	48	4
21/01/2025	00	26	3	8	40	34	53	1
21/01/2025	01	25	3	2	32	29	35	6
21/01/2025	02	21	3	2	22	22	24	13
21/01/2025	03	25	3	3	29	26	34	7
21/01/2025	04	19	3	2	21	20	24	7
21/01/2025	05	11	3	4	23	11	29	8
21/01/2025	06	12	3	40	35	13	96	1
21/01/2025	07	18	3	92	39	19	180	1
21/01/2025	08	22	3	73	35	23	145	1
21/01/2025	09	24	3	66	34	27	136	2
21/01/2025	10	21	3	63	37	27	134	2
21/01/2025	11	25	3	47	46	33	119	3
21/01/2025	12	18	3	17	36	23	63	10
21/01/2025	13	18	3	10	35	28	51	17
21/01/2025	14	30	3	24	50	55	86	9
21/01/2025	15	28	3	16	45	47	71	9
21/01/2025	16	20	3	9	46	43	59	14
21/01/2025	17	23	3	20	53	33	83	5
21/01/2025	18	20	3	30	61	28	107	1
21/01/2025	19	25	3	64	62	37	160	1
21/01/2025	20	30	3	83	60	39	186	1
21/01/2025	21	30	3	66	54	39	154	1
21/01/2025	22	33	3	49	43	40	118	1
21/01/2025	23	31	3	30	36	36	82	1
22/01/2025	00	30	3	30	30	37	76	1
22/01/2025	01	30	3	26	28	36	68	1
22/01/2025	02	29	3	28	26	35	68	1
22/01/2025	03	27	3	22	22	30	56	1
22/01/2025	04	23	3	34	22	27	74	1
22/01/2025	05	22	3	18	22	24	49	1
22/01/2025	06	24	3	68	27	30	131	1
22/01/2025	07	25	4	130	37	33	235	1
22/01/2025	08	19	3	61	34	26	127	1
22/01/2025	09	18	3	60	44	25	137	3
22/01/2025	10	15	3	14	40	29	62	7
22/01/2025	11	20	3	29	52	49	96	10
22/01/2025	12	24	3	38	53	57	111	11
22/01/2025	13	31	3	24	68	78	105	22
22/01/2025	14	23	3	6	38	59	48	28
22/01/2025	15	21	3	5	34	55	42	24
22/01/2025	16	16	3	4	19	49	24	40
22/01/2025	17	13	3	2	18	34	21	48
22/01/2025	18	10	3	6	29	24	38	36
22/01/2025	19	9	3	2	27	23	30	39
22/01/2025	20	10	3	2	35	27	38	26
22/01/2025	21	7	3	2	18	17	22	48
22/01/2025	22	7	3	2	23	17	26	38
22/01/2025	23	7	3	3	36	16	40	16
23/01/2025	00	5	3	2	10	8	13	51
23/01/2025	01	4	3	2	3	7	6	61
23/01/2025	02	4	3	2	8	7	12	49
23/01/2025	03	4	3	2	11	7	14	46
23/01/2025	04	4	3	2	11	7	15	46
23/01/2025	05	5	3	2	15	9	18	42
23/01/2025	06	8	3	9	33	17	47	16
23/01/2025	07	7	3	3	32	15	37	21
23/01/2025	08	11	3	5	37	43	44	15
23/01/2025	09	11	3	12	46	36	64	13
23/01/2025	10	10				44		
23/01/2025	11	8	3	2	22	41	26	45
23/01/2025	12	7	3	2	9	43	13	58
23/01/2025	13	9	3	2	6	78	9	68
23/01/2025	14	6	3	2	8	40	11	67
23/01/2025	15	3	3	2	4	16	7	68
23/01/2025	16	3	3	2	4	9	7	74
23/01/2025	17	5	3	2	26	23	30	51
23/01/2025	18	9	3	8	55	32	67	13
23/01/2025	19	7	3	2	38	22	41	27
23/01/2025	20	4	3	3	30	8	35	29
23/01/2025	21	5	3	2	31	8	34	29
23/01/2025	22	4	3	2	16	7	19	46
23/01/2025	23	5	3	2	21	8	24	34
24/01/2025	00	7	3	2	25	16	28	30
24/01/2025	01	6	3	2	16	9	19	38
24/01/2025	02	4	3	2	7	5	10	50
24/01/2025	03	4	3	2	7	6	10	52
24/01/2025	04	4	3	2	6	5	9	51
24/01/2025	05	7	3	3	16	8	21	37
24/01/2025	06	8	3	12	35	11	54	9
24/01/2025	07	11	3	8	42	15	54	7
24/01/2025	08	14	3	5	48	19	55	8
24/01/2025	09	16	3	25	47	24	85	7
24/01/2025	10	19	3	14	42	67	63	21
24/01/2025	11	9	3	2	17	29	20	51
24/01/2025	12	11	3	2	14	51	17	58
24/01/2025	13	12	3	2	13	85	16	63
24/01/2025	14	8	3	2	10	54	13	65
24/01/2025	15	5	3	2	9	17	12	68
24/01/2025	16	6	3	2	10	24	13	70
24/01/2025	17	6	3	2	25	20	29	51
24/01/2025	18	7	3	2	46	22	49	25
24/01/2025	19	8	3	2	39	19	42	26
24/01/2025	20	8	3	2	40	14	43	23
24/01/2025	21	9	3	2	40	19	43	21
24/01/2025	22	10	3	2	40	21	43	20
24/01/2025	23	9	3	2	30	18	33	28
25/01/2025	00	10	3	2	23	16	26	31
25/01/2025	01	8	3	2	20	10	23	29
25/01/2025	02	7	3	2	13	9	16	41
25/01/2025	03	7	3	2	9	8	12	43
25/01/2025	04	8	3	2	11	9	14	44
25/01/2025	05	8	3	2	17	8	20	35
25/01/2025	06	9	3	2	15	10	19	34
25/01/2025	07	8	3	2	9	9	12	48
25/01/2025	08	8	3	2	9	11	12	48
25/01/2025	09	7	3	2	10	12	13	50
25/01/2025	10	8	3	2	14	14	17	47
25/01/2025	11	8	3	2	9	15	13	57
25/01/2025	12	7	3	2	10	15	13	59
25/01/2025	13	8	3	2	8	38	11	62
25/01/2025	14	6	3	2	6	16	10	71
25/01/2025	15	10	3	2	3	16	6	75
25/01/2025	16	5	3	2	4	10	7	72
25/01/2025	17	6	3	2	9	7	12	64
25/01/2025	18	4	3	2	12	6	15	59
25/01/2025	19	5	3	2	10	8	13	65
25/01/2025	20	4	3	2	22	7	25	51
25/01/2025	21	3	3	2	35	5	38	29
25/01/2025	22	2	3	2	6	3	10	71
25/01/2025	23	2	3	2	7	3	10	66
26/01/2025	00	3	3	2	12	4	15	58
26/01/2025	01	3	3	2	5	5	9	65
26/01/2025	02	1	3	2	1	1	4	74
26/01/2025	03	2	3	2	1	2	4	69
26/01/2025	04	3	3	2	2	3	5	57
26/01/2025	05	3	3	2	3	3	6	54
26/01/2025	06	2	3	2	2	2	5	57
26/01/2025	07	2	3	2	5	3	8	51
26/01/2025	08	3	3	2	3	3	6	62
26/01/2025	09	3	3	2	3	4	6	62
26/01/2025	10	4	3	2	2	5	5	69
26/01/2025	11	3	3	2	1	4	5	68
26/01/2025	12	3	3	2	1	6	4	72
26/01/2025	13	3	3	2	2	7	5	74
26/01/2025	14	2	3	2	2	4	5	76
26/01/2025	15	1	3	2	2	3	5	73
26/01/2025	16	2	3	2	3	3	6	69
26/01/2025	17	3	3	2	7	4	10	64
26/01/2025	18	5	3	2	17	8	20	53
26/01/2025	19	5	3	2	26	8	29	43
26/01/2025	20	10	3	2	32	14	36	30
26/01/2025	21	9	3	2	25	12	28	36
26/01/2025	22	5	3	2	10	6	13	53
26/01/2025	23	2	3	2	7	3	10	60
27/01/2025	00	4	3	2	9	5	13	43
27/01/2025	01	5	3	2	13	7	16	31
27/01/2025	02	2	3	2	2	4	5	69
27/01/2025	03	1	3	2	1	2	4	69
27/01/2025	04	1	3	2	1	2	4	69
27/01/2025	05	1	3	2	2	3	6	65
27/01/2025	06	1	3	2	10	3	13	52
27/01/2025	07	2	3	2	13	9	16	47
27/01/2025	08	6	3	2	19	32	22	37
27/01/2025	09	4	3	2	14	14	17	45
27/01/2025	10	5	3	2	9	34	12	48
27/01/2025	11	8	3	2	8	60	11	45
27/01/2025	12	16	3	2	6	146	9	45
27/01/2025	13	20	3	2	7	190	10	45
27/01/2025	14	25	3	2	5	227	8	51
27/01/2025	15	12	3	2	3	113	6	60
27/01/2025	16	4	3	2	7	19	10	60
27/01/2025	17	4	3	2	14	20	17	44
27/01/2025	18	3	3	2	17	9	20	40
27/01/2025	19	3	3	3	25	9	30	26
27/01/2025	20	4	3	2	5	18	9	59
27/01/2025	21	6	3	2	5	48	8	76
27/01/2025	22	5	3	2	2	21	5	85
27/01/2025	23	14	3	2	1	122	4	88
28/01/2025	00	5	3	2	1	33	4	91
28/01/2025	01	14	3	2	1	92	4	90
28/01/2025	02	13	3	2	1	114	4	89
28/01/2025	03	8	3	2	1	71	4	88
28/01/2025	04	6	3	2	1	24	4	90
28/01/2025	05	5	3	2	1	16	4	90
28/01/2025	06	3	3	2	3	7	6	84
28/01/2025	07	4	3	2	8	11	12	78
28/01/2025	08	5	3	2	5	26	8	82
28/01/2025	09	5	3	2	3	27	6	86
28/01/2025	10	2	3	2	3	11	6	93
28/01/2025	11	3	3	2	2	23	5	90
28/01/2025	12	5	3	2	2	29	5	85
28/01/2025	13	7	3	2	2	25	5	84
28/01/2025	14	6	3	2	1	41	4	85
28/01/2025	15	3	3	2	1	12	4	84
28/01/2025	16	1	3	2	2	6	5	84
28/01/2025	17	1	3	2	12	5	15	69
28/01/2025	18	1	3	2	16	3	19	63
28/01/2025	19	3	3	2	21	8	24	55
28/01/2025	20	3	3	2	20	6	24	51
28/01/2025	21	3	3	2	9	6	12	68
28/01/2025	22	1	3	2	6	4	8	71
28/01/2025	23	2	3	2	3	5	6	73
29/01/2025	00	2	3	2	1	4	4	74
29/01/2025	01	3	3	2	2	4	5	70
29/01/2025	02	2	3	2	1	3	4	73
29/01/2025	03	2	3	2	1	5	5	72
29/01/2025	04	3	3	2	4	4	7	65
29/01/2025	05	3	3	2	11	4	14	58
29/01/2025	06	4	3	2	15	7	18	53
29/01/2025	07	6	3	2	16	10	19	52
29/01/2025	08	6	3	2	19	15	23	48
29/01/2025	09	7	3	2	16	18	19	52
29/01/2025	10	10	3	2	18	59	21	51
29/01/2025	11	8	3	2	17	40	20	55
29/01/2025	12	8	3	2	20	44	23	58
29/01/2025	13	11	3	2	23	70	26	58
29/01/2025	14	7	3	2	23	20	26	55
29/01/2025	15	6	3	2	12	22	15	69
29/01/2025	16	5	3	2	14	19	17	66
29/01/2025	17	5	3	2	18	23	21	64
29/01/2025	18	4	3	2	19	10	22	63
29/01/2025	19	4	3	2	25	9	28	53
29/01/2025	20	9	3	7	54	22	64	9
29/01/2025	21	8	3	3	42	14	46	20
29/01/2025	22	4	3	2	12	6	15	63
29/01/2025	23	4	3	2	13	8	16	62
30/01/2025	00	2	3	2	7	6	10	71
30/01/2025	01	2	3	2	1	7	4	85
30/01/2025	02	1	3	2	3	3	6	82
30/01/2025	03	3	3	2	4	4	7	83
30/01/2025	04	3	3	2	9	3	12	72
30/01/2025	05	3	3	2	22	6	26	55
30/01/2025	06	6	3	3	32	14	36	39
30/01/2025	07	8	3	15	58	20	81	6
30/01/2025	08	7	3	5	43	21	50	23
30/01/2025	09	6	3	4	31	22	36	39
30/01/2025	10	10	3	5	27	62	34	41
30/01/2025	11	5	3	2	2	37	5	72
30/01/2025	12	4	3	2	1	20	4	72
30/01/2025	13	7	3	2	2	50	5	71
30/01/2025	14	13	3	2	1	118	4	73
30/01/2025	15	2	3	2	7	6	10	66
30/01/2025	16	3	3	2	19	13	22	53
30/01/2025	17	4	3	3	23	13	26	49
30/01/2025	18	5	3	7	42	11	52	24
30/01/2025	19	2	3	2	8	7	11	63
30/01/2025	20	3	3	2	2	21	6	75
30/01/2025	21	1	3	2	2	3	5	72
30/01/2025	22	1	3	2	2	1	5	71
30/01/2025	23	1	3	2	1	1	4	73
31/01/2025	00	1	3	2	1	1	4	73
31/01/2025	01	1	3	2	1	1	4	74
31/01/2025	02	1	3	2	1	2	4	74
31/01/2025	03	1	3	2	1	2	4	75
31/01/2025	04	1	3	2	1	1	4	77
31/01/2025	05	1	3	2	1	1	4	74
31/01/2025	06	1	3	2	2	1	5	70
31/01/2025	07	1	3	2	8	2	11	62
31/01/2025	08	3	3	2	13	9	16	55
31/01/2025	09	4	3	2	9	12	12	57
31/01/2025	10	15	3	2	4	143	7	65
31/01/2025	11	8	3	2	4	73	7	66
31/01/2025	12	8	3	2	1	71	5	77
31/01/2025	13	19	3	2	7	223	10	75
31/01/2025	14	7	3	2	4	48	7	83
31/01/2025	15	2	3	2	6	4	9	81
31/01/2025	16	6	3	2	12	18	15	78
31/01/2025	17	7	3	2	18	15	21	71
31/01/2025	18	8	3	2	26	15	29	60
31/01/2025	19	7	3	2	47	13	50	29
31/01/2025	20	9	3	2	45	14	49	23
31/01/2025	21	10	3	6	54	13	62	15
31/01/2025	22	12	3	10	58	15	72	4
31/01/2025	23	22	3	2	32	24	35	22
01/02/2025	00	14	3	2	21	16	24	26
01/02/2025	01	13	3	2	12	14	15	28
01/02/2025	02	9	3	2	6	9	9	32
01/02/2025	03	7	3	2	5	7	8	35
01/02/2025	04	6	3	2	10	8	13	31
01/02/2025	05	4	3	2	10	5	13	36
01/02/2025	06	4	3	3	28	7	32	17
01/02/2025	07	6	3	9	37	15	50	3
01/02/2025	08	10	3	13	40	33	60	4
01/02/2025	09	7	3	5	26	20	34	22
01/02/2025	10	6	3	3	23	16	27	33
01/02/2025	11	7	3	2	10	15	13	51
01/02/2025	12	4	3	2	6	7	9	62
01/02/2025	13	3	3	2	2	5	5	71
01/02/2025	14	3	3	2	1	3	5	76
01/02/2025	15	5	3	2	9	7	12	67
01/02/2025	16	4	3	2	5	12	8	81
01/02/2025	17	5	3	2	8	7	11	72
01/02/2025	18	4	3	2	13	4	16	60
01/02/2025	19	5	3	2	29	6	32	36
01/02/2025	20	8	3	2	22	9	25	36
01/02/2025	21	9	3	2	18	9	21	42
01/02/2025	22	14	3	2	29	14	32	19
01/02/2025	23	18	3	2	15	19	18	24
02/02/2025	00	15	3	2	9	16	13	28
02/02/2025	01	11	3	2	5	11	8	37
02/02/2025	02	7	3	2	2	7	5	42
03/02/2025	06	3	3	2	3	3	6	46
03/02/2025	07	3	3	2	10	4	13	38
03/02/2025	08	4	3	2	17	8	20	26
03/02/2025	09	6	3	2	14	10	17	36
03/02/2025	10	4	3	2	9	8	12	45
03/02/2025	11	6	3	2	8	30	11	50
03/02/2025	12	3	3	2	4	5	7	69
03/02/2025	13	5	3	2	4	17	8	77
03/02/2025	14	5	3	2	12	11	15	73
03/02/2025	15	5	3	3	24	10	28	59
03/02/2025	16	4	3	2	11	9	14	76
03/02/2025	17	6	3	4	43	15	49	40
03/02/2025	18	8	3	12	67	23	85	8
03/02/2025	19	25	3	46	75	53	146	2
03/02/2025	20	21	4	54	76	49	159	1
03/02/2025	21	22	3	39	69	40	128	1
03/02/2025	22	20	3	17	50	28	76	2
03/02/2025	23	19	3	2	34	25	37	7
04/02/2025	00	15	3	2	23	22	26	16
04/02/2025	01	11	3	2	11	15	14	30
04/02/2025	02	10	3	2	10	12	13	31
04/02/2025	03	7	3	2	7	8	9	37
04/02/2025	04	6	3	2	6	7	9	40
04/02/2025	05	5	3	2	7	6	10	43
04/02/2025	06	5	3	2	10	7	12	45
04/02/2025	07	12	3	42	43	26	108	4
04/02/2025	08	14	3	23	45	58	81	3
04/02/2025	09	24	6	93	58	68	201	4
04/02/2025	10	16	5	36	45	52	99	14
04/02/2025	11	13	3	10	30	68	45	29
04/02/2025	12	16	3	4	26	42	32	49
04/02/2025	13	8	3	2	12	18	15	69
04/02/2025	14	6	3	2	4	30	7	84
04/02/2025	15	3	3	2	6	7	10	85
04/02/2025	16	5	3	2	10	17	13	85
04/02/2025	17	5	3	2	25	12	27	64
04/02/2025	18	14	3	7	62	31	72	19
04/02/2025	19	15	3	39	82	46	142	2
04/02/2025	20	18	3	7	55	27	65	17
04/02/2025	21	20	3	2	41	24	45	23
04/02/2025	22	20	3	2	41	22	44	20
04/02/2025	23	19	3	3	41	22	46	8
05/02/2025	00	16	3	2	21	18	24	25
05/02/2025	01	9	3	2	8	12	12	42
05/02/2025	02	7	3	2	6	8	8	41
05/02/2025	03	8	3	2	9	10	12	34
05/02/2025	04	8	3	2	18	11	21	22
05/02/2025	05	7	3	7	31	11	42	6
05/02/2025	06	8	3	45	39	14	109	3
05/02/2025	07	7	3	27	43	14	84	1
05/02/2025	08	14	4	36	44	59	99	2
05/02/2025	09	16	5	63	49	54	145	4
05/02/2025	10	17	3	13	34	111	53	20
05/02/2025	11	10	3	4	21	45	27	33
05/02/2025	12	7	3	2	11	38	14	57
05/02/2025	13	22	3	3	27	167	32	51
05/02/2025	14	12	3	5	34	33	41	50
05/02/2025	15	8	3	2	17	15	20	74
05/02/2025	16	11	3	3	32	20	37	58
05/02/2025	17	14	3	6	50	27	59	30
05/02/2025	18	12	3	4	55	20	61	22
05/02/2025	19	16	3	29	73	25	117	2
05/02/2025	20	20	3	35	73	27	126	1
05/02/2025	21	28	3	40	63	35	123	1
05/02/2025	22	35	3	14	55	41	76	1
05/02/2025	23	29	3	6	39	34	49	3
06/02/2025	00	21	3	2	20	24	23	19
06/02/2025	01	17	3	2	12	19	15	32
06/02/2025	02	13	3	2	7	14	11	40
06/02/2025	03	9	3	2	4	11	8	48
06/02/2025	04	9	3	2	4	11	7	48
06/02/2025	05	8	3	2	4	10	7	47
06/02/2025	06	8	3	2	11	10	15	38
06/02/2025	07	8	3	2	20	11	23	25
06/02/2025	08	14	3	21	37	33	69	10
06/02/2025	09	17	3	33	42	40	93	8
06/02/2025	10	22	3	20	37	102	67	18
06/02/2025	11	13	3	4	17	38	23	44
06/02/2025	12	17	3	2	16	84	19	65
06/02/2025	13	26	3	2	16	149	19	71
06/02/2025	14	20	3	3	21	67	25	73
06/02/2025	15	18	3	5	35	33	43	53
06/02/2025	16	10	3	2	20	23	24	79
06/02/2025	17	13	3	3	29	19	33	73
06/02/2025	18	15	3	2	45	22	48	47
06/02/2025	19	18	3	4	69	27	76	16
06/02/2025	20	20	3	12	81	26	100	2
06/02/2025	21	29	3	9	67	37	80	3
06/02/2025	22	31	3	2	43	35	45	16
06/02/2025	23	27	3	2	23	31	26	28
07/02/2025	00	23	3	2	13	25	16	37
07/02/2025	01	24	3	2	13	25	16	31
07/02/2025	02	23	3	2	10	24	12	31
07/02/2025	03	32	3	2	21	43	24	12
07/02/2025	04	25	3	2	21	30	24	13
07/02/2025	05	21	3	9	27	25	41	11
07/02/2025	06	21	3	6	33	24	42	4
07/02/2025	07	30	6	82	42	41	168	2
07/02/2025	08	51	12	199	55	77	360	2
07/02/2025	09	40	10	125	60	60	251	2
07/02/2025	10	38	5	39	52	163	113	12
07/02/2025	11	29	3	17	42	86	68	21
07/02/2025	12	19	3	4	21	64	27	51
07/02/2025	13	16	3	2	10	106	13	70
07/02/2025	14	15	3	2	12	96	15	72
07/02/2025	15	13	3	2	16	37	19	77
07/02/2025	16	17	3	2	20	33	23	86
07/02/2025	17	14	3	3	27	25	31	81
07/02/2025	18	14	3	3	54	23	57	47
07/02/2025	19	23	3	3	63	33	68	27
07/02/2025	20	17	3	2	23	20	26	69
07/02/2025	21	8	3	2	7	9	10	76
07/02/2025	22	7	3	2	14	8	17	65
07/02/2025	23	10	3	2	24	14	28	45
08/02/2025	00	7	3	2	7	9	10	74
08/02/2025	01	7	3	2	4	9	7	77
08/02/2025	02	7	3	2	5	8	8	69
08/02/2025	03	7	3	2	4	7	7	62
08/02/2025	04	8	3	2	21	10	24	33
08/02/2025	05	8	3	2	13	8	16	42
08/02/2025	06	8	3	2	18	8	21	35
08/02/2025	07	10	3	2	15	10	17	29
08/02/2025	08	11	3	2	15	13	18	24
08/02/2025	09	10	3	3	12	11	17	34
08/02/2025	10	8	3	2	15	16	18	43
08/02/2025	11	4	3	2	2	20	5	67
08/02/2025	12	3	3	2	1	16	4	75
08/02/2025	13	1	3	2	1	3	4	77
08/02/2025	14	1	3	2	1	3	4	82
08/02/2025	15	2	3	2	3	4	5	83
08/02/2025	16	3	3	2	13	5	16	73
08/02/2025	17	3	3	2	10	6	13	75
08/02/2025	18	5	3	2	29	8	33	51
08/02/2025	19	6	3	2	25	7	28	53
08/02/2025	20	6	3	2	33	8	36	44
08/02/2025	21	5	3	2	39	7	42	34
08/02/2025	22	16	3	2	36	19	40	22
08/02/2025	23	19	3	2	26	20	29	31
09/02/2025	00	16	3	2	13	16	17	41
09/02/2025	01	11	3	2	7	11	10	45
09/02/2025	02	10	3	2	5	10	8	42
09/02/2025	03	8	3	2	3	8	6	40
09/02/2025	04	7	3	2	3	7	6	40
09/02/2025	05	5	3	2	2	5	5	43
09/02/2025	06	6	3	2	13	7	16	24
09/02/2025	07	7	3	2	16	8	19	22
09/02/2025	08	6	3	2	23	7	27	19
09/02/2025	09	4	3	2	6	4	9	44
09/02/2025	10	5	3	2	7	6	10	50
09/02/2025	11	9	3	2	7	15	10	58
09/02/2025	12	7	3	2	4	9	7	67
09/02/2025	13	8	3	2	10	11	13	68
09/02/2025	14	15	3	4	25	19	30	47
09/02/2025	15	11	3	2	14	14	17	62
09/02/2025	16	8	3	2	15	9	18	65
09/02/2025	17	7	3	2	19	8	22	64
09/02/2025	18	9	3	2	19	12	22	67
09/02/2025	19	10	3	2	25	12	28	53
09/02/2025	20	13	3	2	34	16	37	38
09/02/2025	21	14	3	2	34	17	37	30
09/02/2025	22	18	3	2	27	19	30	34
09/02/2025	23	20	3	2	15	22	18	35
10/02/2025	00	16	3	2	8	16	11	40
10/02/2025	01	14	3	2	6	17	9	40
10/02/2025	02	12	3	2	4	15	7	41
10/02/2025	03	16	3	2	19	20	22	16
10/02/2025	04	13	3	2	14	14	17	22
10/02/2025	05	11	3	2	10	11	13	28
10/02/2025	06	12	3	13	28	13	48	11
10/02/2025	07	14	3	26	35	23	75	6
10/02/2025	08	25	3	56	44	94	130	1
10/02/2025	09	11	3	5	22	20	29	19
10/02/2025	10	11	3	2	17	21	20	32
10/02/2025	11	25	3	3	29	131	34	25
10/02/2025	12	19	3	2	28	36	31	41
10/02/2025	13	23	3	2	20	47	24	62
10/02/2025	14	19	3	4	26	35	31	62
10/02/2025	15	13	3	2	17	18	20	79
10/02/2025	16	11	3	2	18	19	21	78
10/02/2025	17	13	3	2	22	18	25	69
10/02/2025	18	14	3	2	29	17	31	58
10/02/2025	19	5	3	2	20	7	24	70
10/02/2025	20	4	3	2	20	7	23	71
10/02/2025	21	5	3	2	17	6	20	72
10/02/2025	22	4	3	2	14	5	17	73
10/02/2025	23	4	3	2	7	4	10	82
11/02/2025	00	3	3	2	6	5	9	80
11/02/2025	01	5	3	2	13	6	16	60
11/02/2025	02	8	3	2	17	10	20	41
11/02/2025	03	10	3	2	18	12	21	33
11/02/2025	04	11	3	2	21	13	24	22
11/02/2025	05	15	3	15	27	18	51	6
11/02/2025	06	17	3	23	31	21	67	1
11/02/2025	07	16	3	14	31	22	53	1
11/02/2025	08	23	3	20	31	33	61	2
11/02/2025	09	16	3	15	28	21	51	9
11/02/2025	10	10	3	4	20	13	26	44
11/02/2025	11	12	3	2	12	92	15	76
11/02/2025	12	11	3	2	14	20	17	71
11/02/2025	13	18	3	2	10	82	13	76
11/02/2025	14	18	3	2	12	56	15	82
11/02/2025	15	15	3	2	13	23	16	86
11/02/2025	16	14	3	3	14	27	18	86
11/02/2025	17	10	3	2	15	16	18	84
11/02/2025	18	8	3	2	21	11	24	72
11/02/2025	19	7	3	2	26	9	30	67
11/02/2025	20	13	3	2	50	17	53	25
11/02/2025	21	17	3	2	42	20	44	28
11/02/2025	22	16	3	2	26	17	29	45
11/02/2025	23	21	3	2	20	23	23	41
12/02/2025	00	21	3	2	11	22	14	45
12/02/2025	01	19	3	2	8	21	11	53
12/02/2025	02	22	3	2	11	25	14	42
12/02/2025	03	23	3	2	10	25	13	45
12/02/2025	04	23	3	2	6	24	9	49
12/02/2025	05	25	3	2	10	27	13	30
12/02/2025	06	27	3	20	29	30	60	9
12/02/2025	07	32	3	37	39	39	95	1
12/02/2025	08	33	4	52	40	44	119	1
12/02/2025	09	32	3	27	39	40	80	8
12/02/2025	10	30	3	4	27	46	33	36
12/02/2025	11	26	3	4	32	46	38	32
12/02/2025	12	27	3	3	30	61	34	33
12/02/2025	13	28	3	2	18	136	22	48
12/02/2025	14	14	3	2	16	43	18	55
12/02/2025	15	4	3	2	15	12	18	56
12/02/2025	16	5	3	2	27	6	30	44
12/02/2025	17	18	3	2	33	21	36	39
12/02/2025	18	27	3	2	32	29	35	42
12/02/2025	19	28	3	2	33	31	35	40
12/02/2025	20	33	3	2	34	36	37	31
12/02/2025	21	4	3	2	11	5	14	52
12/02/2025	22	3	3	2	4	3	7	62
12/02/2025	23	1	3	2	2	3	5	58
13/02/2025	00	1	3	2	1	2	4	59
13/02/2025	01	1	3	2	2	1	4	60
13/02/2025	02	1	3	2	1	1	4	69
13/02/2025	03	1	3	2	1	1	4	71
13/02/2025	04	4	3	2	13	8	16	42
13/02/2025	05	7	3	2	25	11	28	21
13/02/2025	06	8	3	11	36	13	52	6
13/02/2025	07	8	3	32	41	11	90	1
13/02/2025	08	12	3	48	43	26	116	1
13/02/2025	09	13	4	40	40	41	102	5
13/02/2025	10	15	3	8	25	86	38	23
13/02/2025	11	10	3	3	17	56	21	38
13/02/2025	12	8	3	2	9	41	12	53
13/02/2025	13	12	3	2	4	107	7	64
13/02/2025	14	8	3	2	4	53	7	73
13/02/2025	15	5	3	2	12	14	16	67
13/02/2025	16	8	3	3	24	28	29	58
13/02/2025	17	7	3	2	26	19	29	53
13/02/2025	18	8	3	5	29	16	37	50
13/02/2025	19	7	3	2	33	14	36	44
13/02/2025	20	10	3	3	51	19	55	21
13/02/2025	21	12	3	2	56	19	59	8
13/02/2025	22	12	3	3	42	14	46	16
13/02/2025	23	14	3	2	34	15	37	12
14/02/2025	00	12	3	2	28	15	30	15
14/02/2025	01	12	3	2	24	14	27	15
14/02/2025	02	10	3	2	17	12	20	18
14/02/2025	03	11	3	4	23	15	29	8
14/02/2025	04	18	3	15	29	25	53	1
14/02/2025	05	15	3	19	32	22	60	1
14/02/2025	06	11	3	50	38	16	114	1
14/02/2025	07	9	3	27	42	14	83	1
14/02/2025	08	13	3	27	40	48	81	2
14/02/2025	09	14	3	28	38	43	81	7
14/02/2025	10	15	3	12	29	87	47	21
14/02/2025	11	12	3	5	23	56	32	31
14/02/2025	12	8	3	3	17	34	22	42
14/02/2025	13	13	3	2	7	110	10	54
14/02/2025	14	12	3	2	8	90	11	61
14/02/2025	15	11	3	2	19	26	23	65
14/02/2025	16	8	3	2	27	23	30	64
14/02/2025	17	7	3	2	27	19	31	59
14/02/2025	18	8	3	5	45	20	52	34
14/02/2025	19	10	3	2	43	18	47	29
14/02/2025	20	11	3	2	42	15	45	29
14/02/2025	21	13	3	9	50	16	64	18
14/02/2025	22	13	3	21	61	17	93	2
14/02/2025	23	19	3	12	55	24	72	1
15/02/2025	00	17	3	26	44	21	84	2
15/02/2025	01	17	3	3	25	18	30	7
15/02/2025	02	16	3	3	26	18	30	3
15/02/2025	03	13	3	2	11	14	14	15
15/02/2025	04	15	3	2	16	16	19	10
15/02/2025	05	19	3	2	17	20	20	15
15/02/2025	06	28	3	2	10	29	13	35
15/02/2025	07	30	3	2	14	31	17	28
15/02/2025	08	28	3	9	26	34	40	5
15/02/2025	09	32	3	6	19	37	28	15
15/02/2025	10	27	3	2	14	33	17	29
15/02/2025	11	22	3	2	15	26	18	48
15/02/2025	12	22	3	2	9	25	12	74
15/02/2025	13	21	3	2	8	23	11	79
15/02/2025	14	17	3	2	5	19	8	90
15/02/2025	15	11	3	2	3	12	6	96
15/02/2025	16	11	3	2	3	12	6	98
15/02/2025	17	7	3	2	5	8	9	90
15/02/2025	18	7	3	2	7	8	9	86
15/02/2025	19	8	3	2	12	9	15	74
15/02/2025	20	10	3	2	21	11	24	57
15/02/2025	21	15	3	2	29	16	33	44
15/02/2025	22	17	3	2	33	18	36	29
15/02/2025	23	18	3	2	31	20	34	23
16/02/2025	00	23	3	9	44	26	58	3
16/02/2025	01	25	3	4	31	27	37	2
16/02/2025	02	25	3	2	22	29	26	3
16/02/2025	03	29	3	2	19	32	22	4
16/02/2025	04	20	3	2	14	21	17	8
16/02/2025	05	18	3	2	7	19	10	14
16/02/2025	06	19	3	14	17	19	38	5
16/02/2025	07	18	3	5	18	19	25	3
16/02/2025	08	19	3	13	19	20	39	4
16/02/2025	09	23	3	22	27	26	61	7
16/02/2025	10	22	3	4	16	23	23	33
16/02/2025	11	19	3	2	11	21	14	54
16/02/2025	12	15	3	2	5	17	9	64
16/02/2025	13	13	3	3	4	16	8	70
16/02/2025	14	11	3	2	4	14	8	77
16/02/2025	15	13	3	2	4	15	7	80
16/02/2025	16	13	3	2	5	15	8	90
16/02/2025	17	17	3	2	14	18	17	84
16/02/2025	18	19	3	2	12	20	15	83
16/02/2025	19	20	3	2	9	20	12	81
16/02/2025	20	21	3	2	6	22	9	83
16/02/2025	21	21	3	2	6	21	9	81
16/02/2025	22	23	3	2	11	23	14	71
16/02/2025	23	30	3	2	11	30	14	71
17/02/2025	00	31	3	2	7	32	9	72
17/02/2025	01	31	3	2	6	31	9	60
17/02/2025	02	28	3	2	5	28	8	53
17/02/2025	03	32	3	2	9	35	12	28
17/02/2025	04	32	3	2	13	33	16	18
17/02/2025	05	33	3	2	23	35	26	4
17/02/2025	06	30	3	22	26	33	58	2
17/02/2025	07	26	4	69	35	35	141	1
17/02/2025	08	30	5	81	36	54	159	1
17/02/2025	09	30	4	39	34	38	93	3
17/02/2025	10	37	3	16	29	44	53	13
17/02/2025	11	46	3	6	29	80	38	28
17/02/2025	12	34	3	2	20	42	24	42
17/02/2025	13	23	3	2	15	38	18	51
17/02/2025	14	25	3	2	16	31	19	57
17/02/2025	15	22	3	2	11	25	14	75
17/02/2025	16	23	3	2	10	29	13	91
17/02/2025	17	25	3	2	9	28	12	92
17/02/2025	18	30	3	2	16	33	19	79
17/02/2025	19	33	3	2	24	35	27	66
17/02/2025	20	35	3	2	29	38	32	57
17/02/2025	21	36	3	2	29	39	32	44
17/02/2025	22	36	3	2	24	38	27	47
17/02/2025	23	33	3	2	16	35	20	60
18/02/2025	00	27	3	2	9	28	12	69
18/02/2025	01	23	3	2	5	24	8	79
18/02/2025	02	31	3	2	9	32	12	43
18/02/2025	03	34	3	2	10	36	12	34
18/02/2025	04	33	3	2	9	34	12	33
18/02/2025	05	33	3	2	10	35	13	43
18/02/2025	06	30	3	2	9	31	12	39
18/02/2025	07	28	3	2	16	30	19	26
18/02/2025	08	31	3	2	19	40	22	23
18/02/2025	09	25	3	2	20	32	23	28
18/02/2025	10	30	3	2	22	42	25	31
18/02/2025	11	32	3	2	17	122	19	56
18/02/2025	12	25	3	2	9	31	12	88
18/02/2025	13	22	3	2	9	31	11	88
18/02/2025	14	19	3	2	6	48	9	96
18/02/2025	15	17	3	2	4	21	7	102
18/02/2025	16	19	3	2	8	26	11	102
18/02/2025	17	21	3	2	9	23	11	103
18/02/2025	18	26	3	2	20	29	23	89
18/02/2025	19	25	3	2	27	28	30	71
18/02/2025	20	26	3	2	20	28	23	76
18/02/2025	21	25	3	2	18	28	21	75
18/02/2025	22	23	3	2	14	25	17	75
18/02/2025	23	20	3	2	8	21	12	85
19/02/2025	00	23	3	2	12	25	15	71
19/02/2025	01	42	3	2	23	47	26	38
19/02/2025	02	47	3	2	29	54	32	22
19/02/2025	03	27	3	2	7	29	10	61
19/02/2025	04	24	3	2	6	26	9	60
19/02/2025	05	27	3	2	21	30	24	20
19/02/2025	06	52	3	32	37	63	85	2
19/02/2025	07	53	5	67	43	63	145	1
19/02/2025	08	48	4	48	39	67	113	2
19/02/2025	09	39	3	17	38	46	63	10
19/02/2025	10	44	3	6	33	89	41	31
19/02/2025	11	41	3	3	29	67	34	46
19/02/2025	12	39	3	2	18	76	21	62
19/02/2025	13	43	3	2	17	106	20	67
19/02/2025	14	35	3	2	14	47	18	86
19/02/2025	15	27	3	2	9	31	12	94
19/02/2025	16	22	3	2	9	28	13	100
19/02/2025	17	16	3	2	12	20	14	100
19/02/2025	18	19	3	2	14	21	17	94
19/02/2025	19	24	3	2	15	26	18	88
19/02/2025	20	24	3	2	23	25	26	74
19/02/2025	21	26	3	2	25	28	28	63
19/02/2025	22	29	3	2	36	31	38	35
19/02/2025	23	32	3	2	21	34	25	42
20/02/2025	00	35	3	2	27	42	30	25
20/02/2025	01	41	3	4	38	52	44	3
20/02/2025	02	40	3	2	23	47	26	23
20/02/2025	03	31	3	2	13	33	16	46
20/02/2025	04	28	3	2	14	30	17	40
20/02/2025	05	28	3	2	9	29	12	39
20/02/2025	06	28	3	2	9	30	11	37
20/02/2025	07	25	3	2	23	28	26	29
20/02/2025	08	30	3	2	27	39	30	19
20/02/2025	09	25	3	2	14	31	18	24
20/02/2025	10	35	3	2	12	123	15	31
20/02/2025	11	28	3	2	20	49	23	43
20/02/2025	12	28	3	2	8	70	11	77
20/02/2025	13	31	3	2	10	84	13	77
20/02/2025	14	29	3	2	8	60	12	91
20/02/2025	15	25	3	2	10	36	13	92
20/02/2025	16	24	3	2	14	44	17	88
20/02/2025	17	21	3	2	17	27	20	84
20/02/2025	18	19	3	2	20	23	23	82
20/02/2025	19	17	3	2	17	20	20	84
20/02/2025	20	15	3	2	16	17	19	82
20/02/2025	21	16	3	2	11	17	14	89
20/02/2025	22	17	3	2	20	17	23	72
20/02/2025	23	15	3	2	12	17	14	81
21/02/2025	00	15	3	2	6	16	9	90
21/02/2025	01	13	3	2	3	14	6	95
21/02/2025	02	13	3	2	4	14	7	92
21/02/2025	03	14	3	2	1	16	4	95
21/02/2025	04	14	3	2	6	15	9	88
21/02/2025	05	18	3	2	13	19	16	65
21/02/2025	06	23	3	2	12	25	14	63
21/02/2025	07	24	3	2	26	28	29	41
21/02/2025	08	26	3	2	37	32	40	31
21/02/2025	09	25	3	2	30	31	33	47
21/02/2025	10	34	3	2	30	46	33	53
21/02/2025	11	29	3	2	21	39	24	65
21/02/2025	12	24	3	2	10	41	13	85
21/02/2025	13	26	3	2	9	65	12	86
21/02/2025	14	27	3	2	13	74	16	85
21/02/2025	15	23	3	2	17	31	21	83
21/02/2025	16	19	3	2	15	25	18	91
21/02/2025	17	17	3	2	19	23	22	88
21/02/2025	18	17	3	2	24	21	28	80
21/02/2025	19	19	3	2	53	23	57	31
21/02/2025	20	19	3	2	33	23	36	50
21/02/2025	21	20	3	2	26	23	29	55
21/02/2025	22	19	3	2	18	21	21	67
21/02/2025	23	19	3	2	13	20	16	69
22/02/2025	00	24	3	2	17	25	19	50
22/02/2025	01	27	3	2	18	28	21	29
22/02/2025	02	25	3	2	16	25	18	25
22/02/2025	03	28	3	2	12	30	15	30
22/02/2025	04	25	3	2	11	27	15	30
22/02/2025	05	24	3	2	10	25	13	32
22/02/2025	06	24	3	2	12	24	15	23
22/02/2025	07	24	3	7	26	26	37	6
22/02/2025	08	27	3	8	27	31	38	4
22/02/2025	09	31	3	9	32	41	46	9
22/02/2025	10	27	3	5	28	33	36	24
22/02/2025	11	26	3	2	20	38	24	37
22/02/2025	12	20	3	2	18	26	21	47
22/02/2025	13	10	3	3	10	13	14	63
22/02/2025	14	7	3	2	7	9	10	70
22/02/2025	15	29	3	2	17	33	20	60
22/02/2025	16	25	3	2	14	28	17	70
22/02/2025	17	24	3	2	14	26	17	69
22/02/2025	18	24	3	2	18	26	21	63
22/02/2025	19	24	3	2	12	26	15	69
22/02/2025	20	26	3	3	19	27	23	52
22/02/2025	21	14	3	2	8	14	11	75
22/02/2025	22	6	3	2	8	7	11	73
22/02/2025	23	7	3	2	11	7	14	61
23/02/2025	00	8	3	2	13	8	16	50
23/02/2025	01	13	3	2	8	13	11	46
23/02/2025	02	14	3	2	4	14	7	43
23/02/2025	03	16	3	2	2	16	5	39
23/02/2025	04	17	3	2	2	17	5	35
23/02/2025	05	17	3	2	4	18	7	27
23/02/2025	06	16	3	2	5	16	8	30
23/02/2025	07	13	3	2	5	14	8	51
23/02/2025	08	10	3	2	6	10	9	52
23/02/2025	09	8	3	2	5	9	8	46
23/02/2025	10	9	3	2	11	11	14	38
23/02/2025	11	6	3	2	8	7	11	69
23/02/2025	12	7	3	2	5	7	8	77
23/02/2025	13	7	3	2	7	9	9	70
23/02/2025	14	6	3	2	4	7	6	72
23/02/2025	15	4	3	2	1	5	5	81
23/02/2025	16	3	3	2	1	3	4	85
23/02/2025	17	3	3	2	2	3	5	87
23/02/2025	18	3	3	2	10	4	13	77
23/02/2025	19	5	3	2	35	6	38	43
23/02/2025	20	8	3	6	52	12	62	19
23/02/2025	21	12	3	24	60	16	98	3
23/02/2025	22	13	3	3	26	14	30	24
23/02/2025	23	11	3	2	12	12	15	37
24/02/2025	00	14	3	2	18	19	20	23
24/02/2025	01	10	3	2	10	14	13	28
24/02/2025	02	7	3	2	9	8	12	33
24/02/2025	03	6	3	2	4	6	7	41
24/02/2025	04	5	3	2	5	7	8	40
24/02/2025	05	8	3	2	26	10	28	10
24/02/2025	06	9	3	19	40	12	69	2
24/02/2025	07	11	4	43	45	17	111	2
24/02/2025	08	20	5	88	54	29	190	3
24/02/2025	09	21	6	70	63	51	170	4
24/02/2025	10	17	4	31	46	40	94	16
24/02/2025	11	19	3	7	25	33	35	32
24/02/2025	12	7	3	3	14	13	19	45
24/02/2025	13	5	3	2	12	16	16	53
24/02/2025	14	5	3	2	10	15	14	60
24/02/2025	15	4	3	2	14	12	17	59
24/02/2025	16	5	3	2	16	11	19	59
24/02/2025	17	5	3	3	27	12	31	47
24/02/2025	18	5	3	2	31	13	35	41
24/02/2025	19	7	3	2	37	15	40	31
24/02/2025	20	7	3	2	29	18	32	41
24/02/2025	21	7	3	3	39	12	43	25
24/02/2025	22	9	3	2	37	23	40	27
24/02/2025	23	12	3	2	24	29	27	38
25/02/2025	00	7	3	2	11	13	14	59
25/02/2025	01	6	3	2	5	10	8	65
25/02/2025	02	6	3	2	6	7	9	58
25/02/2025	03	6	3	2	8	8	11	54
25/02/2025	04	6	3	2	10	8	13	53
25/02/2025	05	5	3	2	9	13	12	57
25/02/2025	06	5				17		
25/02/2025	07	8				23		
25/02/2025	08	19				93		
25/02/2025	09	9	3	5	39	34	46	24
25/02/2025	10	7	3	3	27	27	31	38
25/02/2025	11	10	3	2	18	66	21	49
25/02/2025	12	9	3	2	24	26	27	36
25/02/2025	13	8	3	2	18	23	21	42
25/02/2025	14	15	3	2	16	115	19	44
25/02/2025	15	6	3	2	21	14	24	43
25/02/2025	16	7	3	3	26	24	30	33
25/02/2025	17	7	3	4	37	18	42	26
25/02/2025	18	4	3	2	17	14	20	59
25/02/2025	19	6	3	2	28	11	31	44
25/02/2025	20	2	3	2	15	4	18	55
25/02/2025	21	3	3	2	6	4	8	76
25/02/2025	22	3	3	2	10	3	13	63
25/02/2025	23	3	3	2	11	3	14	53
26/02/2025	00	2	3	2	7	4	9	62
26/02/2025	01	4	3	2	17	8	20	42
26/02/2025	02	1	3	2	5	2	8	62
26/02/2025	03	3	3	2	8	6	11	54
26/02/2025	04	5	3	2	14	12	17	41
26/02/2025	05	5	3	3	28	11	33	23
26/02/2025	06	9	3	28	51	24	94	3
26/02/2025	07	7	3	23	54	20	89	3
26/02/2025	08	13	4	44	57	50	124	4
26/02/2025	09		3	24	47		84	15
26/02/2025	10		3	4	21		27	46
26/02/2025	11		3	2	9		12	63
26/02/2025	12		3	2	8		12	67
26/02/2025	13		3	2	8		12	69
26/02/2025	14	4	3	2	7	29	10	73
26/02/2025	15	14	3	2	4	54	7	81
26/02/2025	16	6	3	4	13	32	18	78
26/02/2025	17	7	3	2	10	20	14	85
26/02/2025	18	10	3	3	24	24	29	75
26/02/2025	19	9	3	3	38	25	43	56
26/02/2025	20	14	3	2	62	29	65	14
26/02/2025	21	13	3	2	35	27	39	41
26/02/2025	22	14	3	2	21	24	24	46
26/02/2025	23	14	3	2	12	25	15	56
27/02/2025	00	10	3	2	9	21	12	55
27/02/2025	01	12	3	2	9	22	12	47
27/02/2025	02	13	3	2	21	35	24	21
27/02/2025	03	11	3	2	25	29	28	14
27/02/2025	04	12	3	3	20	24	24	24
27/02/2025	05		3	2	20		24	19
27/02/2025	06		3	20	36		68	5
27/02/2025	07	12	3	43	44	43	109	1
27/02/2025	08	12	3	33	44	49	93	6
27/02/2025	09	13	3	21	40	52	71	11
27/02/2025	10	12	3	11	31	77	47	22
27/02/2025	11	15	3	20	44	64	74	15
27/02/2025	12	15	3	9	39	55	52	22
27/02/2025	13	14	3	6	30	51	40	38
27/02/2025	14	23	3	11	42	63	58	33
27/02/2025	15	17	3	5	34	33	43	45
27/02/2025	16	15	3	5	35	30	42	47
27/02/2025	17	12	3	2	19	20	22	69
27/02/2025	18	11	3	3	25	22	30	67
27/02/2025	19	13	3	2	40	26	44	42
27/02/2025	20	14	3	3	38	26	43	35
27/02/2025	21	14	3	3	41	25	45	37
27/02/2025	22	15	3	2	32	25	35	44
27/02/2025	23	18	3	2	27	28	31	39
28/02/2025	00	21	3	2	31	37	35	17
28/02/2025	01	19	3	2	24	37	27	26
28/02/2025	02	14	3	2	9	22	13	49
28/02/2025	03	17	3	2	10	26	14	39
28/02/2025	04	14	3	2	13	30	16	34
28/02/2025	05	13	3	2	21	27	24	22
28/02/2025	06	11	3	2	16	19	20	31
28/02/2025	07	15	3	2	28	24	31	16
28/02/2025	08	13	3	2	22	31	26	25
28/02/2025	09	17	3	2	23	34	26	32
28/02/2025	10	17	3	6	26	40	34	42
28/02/2025	11	17	3	2	14	75	18	83
28/02/2025	12	11	3	2	8	28	11	97
28/02/2025	13	11	3	2	6	29	9	99
28/02/2025	14	10	3	2	7	34	10	101
28/02/2025	15	11	3	2	6	22	9	103
28/02/2025	16	12	3	2	7	25	11	105
28/02/2025	17	14	3	2	10	26	13	101
28/02/2025	18	16	3	2	15	27	18	93
28/02/2025	19	22	3	2	22	34	26	85
28/02/2025	20	21	3	2	26	32	30	71
28/02/2025	21	22	3	2	26	33	30	64
28/02/2025	22	23	3	2	21	34	24	67
28/02/2025	23	19	3	2	13	28	16	78
01/03/2025	00	21	3	2	21	31	24	55
01/03/2025	01	24	3	2	17	33	21	48
01/03/2025	02	30	3	2	10	39	13	56
01/03/2025	03	20	3	2	9	27	12	61
01/03/2025	04	13	3	2	5	22	8	75
01/03/2025	05	12	3	2	4	20	7	80
01/03/2025	06	9	3	2	4	15	7	82
01/03/2025	07		3	2	5		9	86
01/03/2025	08	10	3	2	6	14	10	83
01/03/2025	09	10	3	2	6	21	10	75
01/03/2025	10	11	3	2	7	20	10	76
01/03/2025	11	10	3	2	7	24	11	78
01/03/2025	12	10	3	2	4	23	7	88
01/03/2025	13	10	3	2	3	21	6	90
01/03/2025	14	11	3	2	2	23	5	92
01/03/2025	15	10	3	2	2	21	5	95
01/03/2025	16	12	3	2	2	22	5	97
01/03/2025	17	11	3	2	3	22	7	94
01/03/2025	18	12	3	2	6	24	10	90
01/03/2025	19	12	3	2	6	24	9	90
01/03/2025	20	14	3	2	10	27	13	81
01/03/2025	21	17	3	2	14	30	17	66
01/03/2025	22	16	3	2	11	25	15	62
01/03/2025	23	15	3	2	9	24	12	63
02/03/2025	00		3	2	5		8	74
02/03/2025	01		3	2	3		7	78
02/03/2025	02		3	2	3		6	76
02/03/2025	03		3	2	2		5	77
02/03/2025	04		3	2	1		5	76
02/03/2025	05	10	3	2	1	14	5	70
02/03/2025	06		3	2	1		5	68
02/03/2025	07		3	2	3		6	68
02/03/2025	08	12	3	2	4	25	7	70
02/03/2025	09		3	2	5		8	69
02/03/2025	10	9	3	2	5	14	9	71
02/03/2025	11		3	2	5		8	71
02/03/2025	12		3	2	2		6	81
02/03/2025	13		3	2	3		6	86
02/03/2025	14	9	3	2	2	18	5	90
02/03/2025	15	10	3	2	2	19	5	87
02/03/2025	16	11	3	2	3	22	6	84
02/03/2025	17	16	3	2	4	27	8	78
02/03/2025	18	15	3	2	8	27	11	72
02/03/2025	19	15	3	2	7	26	11	70
02/03/2025	20	16	3	2	5	29	8	71
02/03/2025	21	19	3	2	7	33	11	68
02/03/2025	22	18	3	2	3	34	7	82
02/03/2025	23	19	3	2	1	34	5	92
03/03/2025	00	18	3	2	1	35	5	96
03/03/2025	01	17	3	2	1	35	5	93
03/03/2025	02	16	3	2	1	28	5	94
03/03/2025	03	15	3	2	1	27	5	94
03/03/2025	04	17	3	2	1	28	5	88
03/03/2025	05	16	3	2	4	23	8	77
03/03/2025	06	17	3	2	3	33	7	91
03/03/2025	07	18	3	2	7	33	10	85
03/03/2025	08	19	3	2	11	37	14	81
03/03/2025	09	19	3	2	9	36	12	80
03/03/2025	10	19	3	2	7	35	10	85
03/03/2025	11	20	3	2	6	38	10	85
03/03/2025	12	21	3	2	9	36	12	83
03/03/2025	13	25	3	2	8	49	11	81
03/03/2025	14	30	3	2	12	65	16	76
03/03/2025	15	29	3	2	10	66	14	72
03/03/2025	16	26	3	3	9	57	14	72
03/03/2025	17	22	3	2	13	46	17	66
03/03/2025	18	20	3	2	19	39	22	57
03/03/2025	19	20	3	2	15	39	18	58
03/03/2025	20	23	3	5	15	45	23	59
03/03/2025	21	25	4	2	13	49	16	59
03/03/2025	22	26	4	2	12	50	16	54
03/03/2025	23	28	3	2	11	53	15	57
04/03/2025	00	28	3	2	8	53	12	63
04/03/2025	01	28	4	2	6	54	9	69
04/03/2025	02	26	3	2	5	51	9	70
04/03/2025	03	26	3	2	4	51	8	70
04/03/2025	04	26	3	2	4	49	7	72
04/03/2025	05	22	3	2	3	42	6	78
04/03/2025	06	22	3	2	4	43	7	74
04/03/2025	07	21	3	2	7	41	11	69
04/03/2025	08	20	3	2	8	37	11	68
04/03/2025	09	20	3	2	7	38	10	74
04/03/2025	10	21	3	2	5	40	9	75
04/03/2025	11	20	3	2	6	42	9	77
04/03/2025	12	19	3	2	7	38	10	78
04/03/2025	13	18	3	2	6	37	9	78
04/03/2025	14	19	3	2	9	38	12	73
04/03/2025	15	19	3	2	8	38	12	81
04/03/2025	16	18	3	2	7	36	11	82
04/03/2025	17	20	3	2	9	37	12	83
04/03/2025	18	17	3	2	8	33	12	84
04/03/2025	19	18	3	3	7	33	11	83
04/03/2025	20	17	3	2	5	31	9	81
04/03/2025	21	17	3	2	4	29	8	83
04/03/2025	22	17	3	2	3	29	7	86
04/03/2025	23	18	3	2	2	31	5	85
05/03/2025	00	20	3	2	3	36	6	87
05/03/2025	01	18	3	2	1	35	5	101
05/03/2025	02	19	3	2	1	39	5	102
05/03/2025	03	18	3	2	1	36	5	102
05/03/2025	04	18	3	2	1	35	5	97
05/03/2025	05	19	3	2	3	34	7	86
05/03/2025	06	18	3	2	4	32	7	84
05/03/2025	07	19	3	2	8	33	12	74
05/03/2025	08	18	3	2	4	34	8	81
05/03/2025	09	17	3	2	3	32	7	86
05/03/2025	10	17	3	2	4	29	7	85
05/03/2025	11	15	3	2	6	24	9	88
05/03/2025	12	14	3	2	6	22	9	92
05/03/2025	13	13	3	2	7	19	11	93
05/03/2025	14	12	3	2	9	16	12	93
05/03/2025	15	13	3	2	8	17	11	98
05/03/2025	16	17	3	2	6	27	9	100
05/03/2025	17	19	3	2	7	31	11	98
05/03/2025	18	18	3	2	7	31	10	98
05/03/2025	19	21	3	2	6	36	9	99
05/03/2025	20	21	3	2	4	36	8	100
05/03/2025	21	20	3	2	2	37	5	104
05/03/2025	22	20	3	2	1	38	5	103
05/03/2025	23	21	3	2	1	41	5	100
06/03/2025	00	21	3	2	1	42	5	95
06/03/2025	01	20	3	2	1	41	5	95
06/03/2025	02	21	3	2	1	42	5	94
06/03/2025	03	20	3	2	1	42	5	93
06/03/2025	04	21	3	2	1	42	5	91
06/03/2025	05	20	3	2	1	40	5	89
06/03/2025	06	21	3	2	2	40	6	88
06/03/2025	07	22	3	2	5	41	9	85
06/03/2025	08	23	3	2	5	43	9	88
06/03/2025	09	23	3	2	4	43	7	90
06/03/2025	10	21	3	2	4	41	7	85
06/03/2025	11	21				41		
06/03/2025	12	23				46		
06/03/2025	13	23				46		
06/03/2025	14	24				51		
06/03/2025	15	23	3	2	3	48	6	84
06/03/2025	16	23	3	2	2	44	6	85
06/03/2025	17	21	3	2	5	41	8	83
06/03/2025	18	22	3	2	10	41	14	80
06/03/2025	19	23	3	2	11	42	14	76
06/03/2025	20	23	3	2	8	42	11	77
06/03/2025	21	24	3	2	6	44	9	80
06/03/2025	22	23	3	2	4	43	7	81
06/03/2025	23	24	3	2	3	43	6	80
07/03/2025	00	23	4	2	3	40	6	79
07/03/2025	01	20	3	2	2	36	5	83
07/03/2025	02	16	3	2	1	30	5	85
07/03/2025	03	13	3	2	1	22	5	79
07/03/2025	04	13	3	2	2	20	6	69
07/03/2025	05	15	3	2	7	23	10	53
07/03/2025	06	20	3	2	18	30	21	25
07/03/2025	07	21	4	6	31	35	41	5
07/03/2025	08	21	3	10	38	36	54	5
07/03/2025	09	20	3	2	24	35	28	24
07/03/2025	10	15	3	2	16	26	19	52
07/03/2025	11	13	3	2	16	26	19	56
07/03/2025	12	9	3	2	12	17	16	65
07/03/2025	13	5	3	2	6	8	10	77
07/03/2025	14	7	3	2	11	9	15	72
07/03/2025	15	14	3	3	17	19	22	61
07/03/2025	16	15	3	2	17	24	20	70
07/03/2025	17	8	3	2	14	14	18	79
07/03/2025	18	10	3	2	18	17	21	66
07/03/2025	19	16	3	2	19	21	22	59
07/03/2025	20	14	3	2	16	19	19	61
07/03/2025	21	19	3	2	22	26	25	48
07/03/2025	22	16	3	2	16	24	19	51
07/03/2025	23	22	3	2	26	32	29	22
08/03/2025	00	26	3	2	29	39	32	16
08/03/2025	01	27	3	2	29	40	32	12
08/03/2025	02	25	3	2	19	36	23	26
08/03/2025	03	26	3	2	17	35	20	24
08/03/2025	04	28	3	2	20	39	24	21
08/03/2025	05	26	3	2	14	39	18	31
08/03/2025	06	19	3	2	8	27	11	53
08/03/2025	07	20	3	2	12	27	15	46
08/03/2025	08	20	3	2	21	32	24	40
08/03/2025	09	19	3	2	15	44	18	59
08/03/2025	10	20	3	2	10	46	13	74
08/03/2025	11	21	3	2	11	48	15	75
08/03/2025	12	21	3	2	7	50	11	80
08/03/2025	13	29	3	3	9	60	13	81
08/03/2025	14	27	3	2	13	59	17	77
08/03/2025	15	24	3	2	12	54	16	79
08/03/2025	16	25	3	2	8	55	11	82
08/03/2025	17	28	3	2	9	60	12	87
08/03/2025	18	31	3	5	16	64	25	79
08/03/2025	19	34	3	2	18	64	22	71
08/03/2025	20	75	3	11	23	112	41	56
08/03/2025	21	38	3	3	25	65	30	58
08/03/2025	22	20	3	2	10	33	14	67
08/03/2025	23	5	3	2	3	8	6	76
09/03/2025	00	4	3	2	3	7	6	80
09/03/2025	01	4	3	2	3	6	6	75
09/03/2025	02	3	3	2	1	5	5	90
09/03/2025	03	3	3	2	1	5	5	93
09/03/2025	04	4	3	2	1	5	5	91
09/03/2025	05	4	3	2	1	6	5	88
09/03/2025	06	3	3	2	3	5	6	92
09/03/2025	07	3	3	2	2	5	5	84
09/03/2025	08	3	3	2	2	6	6	80
09/03/2025	09	4	3	2	2	6	5	86
09/03/2025	10	3	3	2	2	5	5	84
09/03/2025	11	3	3	2	1	5	5	83
09/03/2025	12	3	3	2	2	5	5	82
09/03/2025	13	3	3	2	2	4	5	82
09/03/2025	14	3	3	2	1	4	5	83
09/03/2025	15	3	3	2	1	4	5	83
09/03/2025	16	4	3	2	2	6	6	83
09/03/2025	17	4	3	2	4	8	7	84
09/03/2025	18	5	3	2	12	10	16	72
09/03/2025	19	7	3	2	27	14	30	55
09/03/2025	20	9	3	2	22	17	26	55
09/03/2025	21	4	3	2	6	5	10	78
09/03/2025	22	4	3	2	8	6	12	71
09/03/2025	23	3	3	2	4	5	7	76
10/03/2025	00	4	3	2	9	9	13	61
10/03/2025	01	5	3	2	8	7	12	59
10/03/2025	02	5	3	2	4	7	8	61
10/03/2025	03	5	3	2	5	9	9	57
10/03/2025	04	5	3	2	9	10	12	52
10/03/2025	05	6	3	2	12	11	16	46
10/03/2025	06	8	3	8	37	20	49	10
10/03/2025	07	16	3	13	45	31	64	5
10/03/2025	08	7	3	4	29	19	35	22
10/03/2025	09	6	3	2	17	15	21	49
10/03/2025	10	4	3	2	9	10	12	64
10/03/2025	11	5	3	2	10	16	13	70
10/03/2025	12	4	3	2	7	10	10	68
10/03/2025	13	4	3	2	2	9	6	76
10/03/2025	14	4	3	2	4	10	8	75
10/03/2025	15	4	3	2	6	9	10	72
10/03/2025	16	4	3	2	8	13	12	74
10/03/2025	17	4	3	2	16	12	19	67
10/03/2025	18	7	3	2	19	19	22	68
10/03/2025	19	11	3	2	28	27	32	54
10/03/2025	20	8	3	2	24	19	27	57
10/03/2025	21	10	3	2	29	21	33	41
10/03/2025	22	12	3	2	25	24	29	47
10/03/2025	23	14	3	2	22	24	26	40
11/03/2025	00	14	3	2	14	22	17	43
11/03/2025	01	9	3	2	4	12	8	55
11/03/2025	02	4	3	2	3	5	6	69
11/03/2025	03	4	3	2	4	5	8	73
11/03/2025	04	3	3	2	3	5	6	83
11/03/2025	05	3	3	2	10	7	13	71
11/03/2025	06	5	3	2	29	13	32	44
11/03/2025	07	7	3	4	43	19	49	24
11/03/2025	08	8	3	13	50	22	70	17
11/03/2025	09	7	3	2	37	17	41	48
11/03/2025	10	5	3	2	17	11	20	67
11/03/2025	11	5	3	2	9	16	13	74
11/03/2025	12	5	3	2	9	12	12	74
11/03/2025	13	5	3	2	9	13	13	75
11/03/2025	14	4	3	2	6	16	9	76
11/03/2025	15	4	3	2	8	11	11	78
11/03/2025	16	4	3	2	5	14	9	94
11/03/2025	17	4	3	2	11	10	14	87
11/03/2025	18	5	3	2	20	19	24	80
11/03/2025	19	5	3	2	23	16	26	71
11/03/2025	20	5	3	2	23	14	27	70
11/03/2025	21	7	3	2	22	15	26	63
11/03/2025	22	8	3	2	19	16	23	60
11/03/2025	23	5	3	2	10	10	14	71
12/03/2025	00	5	3	2	6	9	10	75
12/03/2025	01	4	3	2	4	6	7	78
12/03/2025	02	6	3	2	11	12	15	59
12/03/2025	03	5	3	2	6	9	10	63
12/03/2025	04	4	3	2	6	7	9	62
12/03/2025	05	4	3	2	8	8	12	60
12/03/2025	06	5	3	2	31	12	34	29
12/03/2025	07	11	4	46	55	35	124	5
12/03/2025	08	12	4	25	48	47	85	11
12/03/2025	09	7	3	4	20	23	26	44
12/03/2025	10	4	3	2	5	13	9	60
12/03/2025	11	3	3	2	2	10	6	70
12/03/2025	12	5	3	2	8	27	12	64
12/03/2025	13	5	3	2	6	26	10	69
12/03/2025	14	4	3	2	3	18	6	78
12/03/2025	15	5	3	2	8	22	11	76
12/03/2025	16	5	3	2	12	16	15	70
12/03/2025	17	6	3	2	14	29	18	65
12/03/2025	18	6	3	2	14	23	18	66
12/03/2025	19	6	3	2	17	16	21	61
12/03/2025	20	7	3	2	23	15	26	52
12/03/2025	21	7	3	2	12	15	15	66
12/03/2025	22	6	3	2	6	11	10	74
12/03/2025	23	7	3	2	9	18	12	68
13/03/2025	00	6	3	2	4	13	8	74
13/03/2025	01	6	3	2	3	16	6	77
13/03/2025	02	6	3	2	2	11	6	76
13/03/2025	03	6	3	2	3	12	6	74
13/03/2025	04	7	3	2	5	13	9	68
13/03/2025	05	7	3	2	16	14	19	56
13/03/2025	06	9	3	3	35	23	40	21
13/03/2025	07	10	3	3	30	27	34	26
13/03/2025	08	13	3	10	41	58	56	14
13/03/2025	09	10	3	7	33	34	43	25
13/03/2025	10	8	3	2	20	29	23	44
13/03/2025	11	11	3	4	29	47	35	35
13/03/2025	12	10	3	3	24	32	28	48
13/03/2025	13	10	3	3	30	27	34	44
13/03/2025	14	11	3	3	31	21	36	42
13/03/2025	15	14	3	7	41	24	52	23
13/03/2025	16	10	3	4	27	16	32	42
13/03/2025	17	9	3	3	22	13	26	50
13/03/2025	18	12	3	4	34	16	40	32
13/03/2025	19	13	3	6	43	17	52	18
13/03/2025	20	15	3	4	47	20	53	11
13/03/2025	21	15	3	5	53	20	59	6
13/03/2025	22	20	3	6	48	24	56	10
13/03/2025	23	27	3	10	53	32	68	2
14/03/2025	00	25	3	13	52	32	73	2
14/03/2025	01	16	3	2	26	20	29	29
14/03/2025	02	20	3	2	27	25	31	19
14/03/2025	03	20	3	2	16	25	19	33
14/03/2025	04	15	3	2	13	20	16	43
14/03/2025	05	14	3	2	26	21	30	25
14/03/2025	06	15	3	2	30	21	34	16
14/03/2025	07	10	3	3	31	15	35	19
14/03/2025	08	9	3	5	31	14	38	21
14/03/2025	09	10	3	4	31	14	36	26
14/03/2025	10	8	3	3	21	11	25	44
14/03/2025	11	7	3	3	19	10	23	47
14/03/2025	12	8	3	3	19	11	24	45
14/03/2025	13	8	3	2	19	12	23	43
14/03/2025	14	10	3	4	22	13	28	49
14/03/2025	15	9	3	3	24	13	29	54
14/03/2025	16	6	3	2	18	9	21	64
14/03/2025	17	7	3	4	24	10	30	53
14/03/2025	18	44	3	9	31	59	46	34
14/03/2025	19	24	3	3	29	28	34	32
14/03/2025	20	14	3	2	41	19	45	12
14/03/2025	21	15	3	3	41	19	45	10
14/03/2025	22	17	3	2	25	19	28	25
14/03/2025	23	18	3	2	19	20	23	30
15/03/2025	00	13	3	2	21	16	24	21
15/03/2025	01	12	3	2	21	15	24	18
15/03/2025	02	10	3	2	17	12	20	18
15/03/2025	03	9	3	2	8	10	11	26
15/03/2025	04	6	3	2	2	7	6	58
15/03/2025	05	6	3	2	6	7	10	58
15/03/2025	06	7	3	2	22	10	26	38
15/03/2025	07	10	3	2	24	31	27	29
15/03/2025	08	8	4	2	17	14	20	45
15/03/2025	09	7	4	2	7	10	10	64
15/03/2025	10	5	4	2	2	8	6	70
15/03/2025	11	4	3	2	3	6	6	76
15/03/2025	12	4	3	2	2	5	5	79
15/03/2025	13	4	3	2	1	5	5	84
15/03/2025	14	4	3	2	1	5	5	87
15/03/2025	15	4	3	2	1	4	5	90
15/03/2025	16	3	3	2	1	4	5	90
15/03/2025	17	3	3	2	2	4	6	89
15/03/2025	18	5	3	2	20	9	23	69
15/03/2025	19	13	3	2	22	21	26	60
15/03/2025	20	25	3	2	37	37	41	38
15/03/2025	21	13	3	3	55	23	60	13
15/03/2025	22	10	3	2	29	17	32	33
15/03/2025	23	14	3	2	25	20	28	29
16/03/2025	00	15	3	2	18	19	21	35
16/03/2025	01	13	3	2	14	17	17	31
16/03/2025	02	11	3	2	10	14	14	36
16/03/2025	03	11	3	2	14	15	18	28
16/03/2025	04	10	3	2	14	13	18	21
16/03/2025	05	9	3	2	13	12	16	25
16/03/2025	06	6	3	2	3	8	7	45
16/03/2025	07	6	3	2	2	9	6	52
16/03/2025	08	9	3	2	5	13	8	50
16/03/2025	09	7	3	2	3	10	6	54
16/03/2025	10	10	3	2	7	31	11	52
16/03/2025	11	9	3	3	8	15	12	59
16/03/2025	12	10	3	2	8	14	12	60
16/03/2025	13	10	3	2	3	13	7	69
16/03/2025	14	9	3	2	3	12	7	80
16/03/2025	15	4	3	2	2	5	6	85
16/03/2025	16	6	3	2	4	7	8	75
16/03/2025	17	7	3	2	7	9	10	72
16/03/2025	18	5	3	2	10	8	14	66
16/03/2025	19	9	3	2	15	12	19	62
16/03/2025	20	18	3	2	37	29	41	31
16/03/2025	21	13	3	3	36	19	40	26
16/03/2025	22	25	3	3	45	34	50	5
16/03/2025	23	25	3	3	27	30	32	25
17/03/2025	00	21	3	2	17	27	21	34
17/03/2025	01	18	3	2	23	26	26	17
17/03/2025	02	10	3	2	9	13	12	30
17/03/2025	03	7	3	2	3	8	7	42
17/03/2025	04	5	3	2	3	7	6	42
17/03/2025	05	8	3	2	18	15	22	17
17/03/2025	06	7	3	2	14	9	18	19
17/03/2025	07	7	3	2	22	8	26	15
17/03/2025	08	9	3	5	26	17	35	10
17/03/2025	09	9	3	2	22	18	26	18
17/03/2025	10	10	3	2	21	16	24	21
17/03/2025	11	9	3	2	13	14	17	33
17/03/2025	12	8	3	2	11	14	14	40
17/03/2025	13	12	3	2	22	17	26	39
17/03/2025	14	11	3	2	20	15	23	54
17/03/2025	15	8	3	2	11	11	15	75
17/03/2025	16	9	3	2	11	16	14	75
17/03/2025	17	12	3	2	18	19	21	67
17/03/2025	18	13	3	3	25	20	30	60
17/03/2025	19	16	3	2	22	22	25	61
17/03/2025	20	16	3	3	25	22	29	60
17/03/2025	21	26	3	2	23	34	26	49
17/03/2025	22	19	3	2	18	24	22	34
17/03/2025	23	18	3	2	8	23	12	51
18/03/2025	00	17	3	2	13	24	17	33
18/03/2025	01	15	3	2	8	22	11	41
18/03/2025	02	12	3	2	4	17	7	55
18/03/2025	03	12	3	2	2	17	6	48
18/03/2025	04	11	3	2	4	16	8	46
18/03/2025	05	10	3	2	3	15	6	48
18/03/2025	06	11	3	2	12	16	15	34
18/03/2025	07	10	3	2	14	15	18	52
18/03/2025	08	10	3	2	10	13	13	66
18/03/2025	09	12	3	2	13	16	17	65
18/03/2025	10	14	3	2	21	19	25	55
18/03/2025	11	16	3	2	25	22	29	45
18/03/2025	12	16	3	2	24	22	28	48
18/03/2025	13	10	3	2	12	17	16	84
18/03/2025	14	9	3	2	15	16	19	76
18/03/2025	15	9	3	2	10	15	13	82
18/03/2025	16	8	3	2	6	13	10	89
18/03/2025	17	8	3	2	9	13	13	84
18/03/2025	18	11	3	2	11	17	14	80
18/03/2025	19	11	3	2	11	15	15	80
18/03/2025	20	13	3	2	10	18	13	82
18/03/2025	21	12	3	2	10	16	13	80
18/03/2025	22	11	3	2	6	13	9	75
18/03/2025	23	12	3	2	6	14	9	75
19/03/2025	00	10	3	2	3	11	6	78
19/03/2025	01	8	3	2	3	10	6	76
19/03/2025	02	7	3	2	3	8	6	84
19/03/2025	03	7	3	2	1	9	5	90
19/03/2025	04	7	3	2	2	8	5	88
19/03/2025	05	7	3	2	2	9	5	81
19/03/2025	06	8	3	2	2	10	6	89
19/03/2025	07	6	3	2	3	7	6	89
19/03/2025	08	8	3	2	6	10	10	79
19/03/2025	09	9	3	2	3	12	6	94
19/03/2025	10	12	3	2	5	18	9	86
19/03/2025	11	15	3	2	8	24	11	72
19/03/2025	12	15	3	3	11	25	15	65
19/03/2025	13	18	3	2	11	30	15	68
19/03/2025	14	23	3	2	7	36	11	79
19/03/2025	15	16	3	2	2	30	6	86
19/03/2025	16	17	3	2	2	33	5	90
19/03/2025	17	20	3	2	3	40	7	89
19/03/2025	18	26	3	2	5	45	8	85
19/03/2025	19	32	3	2	9	49	13	76
19/03/2025	20	122	3	4	24	155	30	52
19/03/2025	21	45	3	2	10	70	14	66
19/03/2025	22	36	3	2	16	57	19	58
19/03/2025	23	38	3	2	14	60	17	61
20/03/2025	00	45	3	2	9	68	13	70
20/03/2025	01	39	3	2	7	61	10	76
20/03/2025	02	32	3	2	5	58	8	78
20/03/2025	03	21	3	2	2	39	6	85
20/03/2025	04	20	3	2	2	39	6	85
20/03/2025	05	23	3	2	2	43	5	86
20/03/2025	06	22	3	5	7	41	14	80
20/03/2025	07	22	3	2	7	39	10	81
20/03/2025	08	23	3	2	11	41	14	75
20/03/2025	09	23	3	2	7	42	11	77
20/03/2025	10	24	3	2	8	45	12	76
20/03/2025	11	25	3	2	5	50	9	82
20/03/2025	12	28	3	2	6	55	9	81
20/03/2025	13	29	3	2	6	64	10	78
20/03/2025	14	32	3	2	5	72	9	79
20/03/2025	15	35	3	2	4	100	7	82
20/03/2025	16	40	3	2	7	101	11	77
20/03/2025	17	41	3	2	8	104	12	73
20/03/2025	18	42	3	2	11	114	15	67
20/03/2025	19	43	3	2	12	123	15	68
20/03/2025	20	44	3	2	13	123	16	60
20/03/2025	21	43	3	2	9	117	13	68
20/03/2025	22	41	3	2	5	109	8	74
20/03/2025	23	37	3	2	4	97	8	71
21/03/2025	00	33	3	2	5	88	8	68
21/03/2025	01	36	3	2	7	96	10	47
21/03/2025	02	38	3	2	7	100	11	42
21/03/2025	03	38	3	2	8	101	11	39
21/03/2025	04	41	3	2	11	112	14	31
21/03/2025	05	42	3	2	13	117	16	25
21/03/2025	06	42	4	31	26	104	74	8
21/03/2025	07	46	6	59	35	125	126	1
21/03/2025	08	41	5	36	40	106	95	3
21/03/2025	09	27	4	11	41	63	57	10
21/03/2025	10	12	3	3	34	26	39	31
21/03/2025	11	9	3	2	22	22	26	49
21/03/2025	12	4	3	2	12	13	15	62
21/03/2025	13	4	3	2	9	16	12	66
21/03/2025	14	5	3	2	8	20	12	71
21/03/2025	15	4	3	2	6	13	10	74
21/03/2025	16	4	3	2	6	11	10	77
21/03/2025	17	5	3	2	12	14	16	71
21/03/2025	18	5	3	2	15	15	18	67
21/03/2025	19	7	3	2	26	14	30	52
21/03/2025	20	7	3	2	31	18	34	46
21/03/2025	21	8	3	2	43	27	47	30
21/03/2025	22	9	3	2	27	18	31	35
21/03/2025	23	10	3	2	16	21	20	46
22/03/2025	00	10	3	2	20	19	24	33
22/03/2025	01	11	3	2	20	19	23	25
22/03/2025	02	8	3	2	9	14	12	43
22/03/2025	03	9	3	2	14	16	17	27
22/03/2025	04	5	3	2	9	17	12	57
22/03/2025	05	3	3	2	3	8	6	87
22/03/2025	06	4	3	2	6	7	9	84
22/03/2025	07	5	3	2	6	10	9	82
22/03/2025	08	5	3	2	6	12	10	79
22/03/2025	09	6	3	2	7	15	10	78
22/03/2025	10	6	3	2	2	16	5	79
22/03/2025	11	7	3	2	3	15	7	78
22/03/2025	12	6	3	2	3	20	6	77
22/03/2025	13	5	3	2	2	12	6	78
22/03/2025	14	4	3	2	2	10	6	78
22/03/2025	15	3	3	2	1	10	5	77
22/03/2025	16	4	3	2	1	9	5	77
22/03/2025	17	4	3	2	2	8	5	75
22/03/2025	18	4	3	2	6	6	9	69
22/03/2025	19	5	3	2	10	10	14	61
22/03/2025	20	4	3	2	7	8	11	69
22/03/2025	21	4	3	2	3	7	7	73
22/03/2025	22	4	3	2	3	5	6	80
22/03/2025	23	4	3	2	3	6	7	78
23/03/2025	00	3	3	2	2	6	6	80
23/03/2025	01	3	3	2	1	5	5	86
23/03/2025	02	3	3	2	1	4	5	89
23/03/2025	03	3	3	2	1	3	5	88
23/03/2025	04	3	3	2	1	4	5	85
23/03/2025	05	4	3	2	1	5	5	83
23/03/2025	06	5	3	2	1	7	5	80
23/03/2025	07	3	3	2	5	4	9	77
23/03/2025	08	4	3	2	2	6	5	83
23/03/2025	09	4	3	2	1	6	5	79
23/03/2025	10	5	3	2	1	8	5	74
23/03/2025	11	3	3	2	2	5	6	73
23/03/2025	12	3	3	2	2	5	6	72
23/03/2025	13	3	3	2	2	4	5	74
23/03/2025	14	3	3	2	1	5	5	81
23/03/2025	15	4	3	2	1	6	5	81
23/03/2025	16	4	3	2	1	6	5	84
23/03/2025	17	4	3	2	1	6	5	87
23/03/2025	18	4	3	2	3	6	7	77
23/03/2025	19	5	3	2	9	8	12	70
23/03/2025	20	6	3	3	16	11	20	59
23/03/2025	21	8	3	2	19	14	22	51
23/03/2025	22	8	3	2	21	13	24	45
23/03/2025	23	9	3	2	28	14	31	32
24/03/2025	00	9	3	2	20	21	23	25
24/03/2025	01	6	3	2	3	12	6	45
24/03/2025	02	8	3	2	5	33	8	37
24/03/2025	03	6	3	2	3	21	7	46
24/03/2025	04	5	3	2	8	11	11	38
24/03/2025	05	6	3	2	25	17	28	20
24/03/2025	06	5	3	9	29	13	42	14
24/03/2025	07	8	3	21	35	25	67	9
24/03/2025	08	11	3	29	41	53	85	9
24/03/2025	09	6	3	4	14	15	20	47
24/03/2025	10	4	3	2	2	7	5	62
24/03/2025	11	4	3	2	2	12	5	68
24/03/2025	12	3	3	2	2	6	5	74
24/03/2025	13	3	3	2	3	8	6	75
24/03/2025	14	5	3	2	8	15	11	74
24/03/2025	15	6	3	2	14	20	18	73
24/03/2025	16	6	3	2	11	18	15	76
24/03/2025	17	7	3	2	13	21	17	78
24/03/2025	18	6	3	2	9	13	13	83
24/03/2025	19	7	3	2	14	14	18	79
24/03/2025	20	11	3	2	19	18	23	69
24/03/2025	21	10	3	2	20	16	24	58
24/03/2025	22	9	3	2	15	15	19	59
24/03/2025	23	10	3	2	15	17	19	51
25/03/2025	00	13	3	2	10	19	13	38
25/03/2025	01	13	3	2	11	20	15	29
25/03/2025	02	15	3	2	18	33	22	16
25/03/2025	03	10	3	2	10	16	13	34
25/03/2025	04	6	3	2	3	9	7	40
25/03/2025	05	9	3	3	21	17	25	13
25/03/2025	06	12	3	14	32	30	52	1
25/03/2025	07	13	4	63	41	41	136	1
25/03/2025	08	16	4	56	47	59	132	3
25/03/2025	09	8	3	6	29	26	38	30
25/03/2025	10	5	3	2	13	11	17	52
25/03/2025	11	6	3	3	16	17	20	56
25/03/2025	12	5	3	2	7	12	11	67
25/03/2025	13	5	3	2	8	12	12	71
25/03/2025	14	5	3	2	13	23	16	68
25/03/2025	15	5	3	2	13	15	17	71
25/03/2025	16	6	3	2	28	20	32	56
25/03/2025	17	6	3	2	30	17	34	53
25/03/2025	18	6	3	2	32	17	36	50
25/03/2025	19	8	3	2	32	19	36	44
25/03/2025	20	9	3	2	23	17	27	45
25/03/2025	21	8	3	2	11	11	15	57
25/03/2025	22	7	3	2	11	11	14	56
25/03/2025	23	9	3	2	13	12	17	44
26/03/2025	00	8	3	2	9	11	13	38
26/03/2025	01	5	3	2	3	7	7	48
26/03/2025	02	6	3	2	5	8	8	49
26/03/2025	03	6	3	2	13	11	17	34
26/03/2025	04	7	3	2	18	14	22	24
26/03/2025	05	10	3	13	33	24	54	3
26/03/2025	06	15	4	53	43	36	124	2
26/03/2025	07	15	3	55	45	37	129	2
26/03/2025	08	12	3	40	48	40	108	8
26/03/2025	09	7	3	7	26	17	36	38
26/03/2025	10	5	3	2	8	18	11	62
26/03/2025	11	4	3	2	2	11	5	74
26/03/2025	12	6	3	2	11	19	15	70
26/03/2025	13	8	3	2	13	36	17	72
26/03/2025	14	7	3	3	13	20	18	81
26/03/2025	15	6	3	2	10	12	14	87
26/03/2025	16	6	3	2	15	19	18	84
26/03/2025	17	5	3	2	12	13	15	79
26/03/2025	18	6	3	2	17	18	21	79
26/03/2025	19	7	3	2	34	24	38	55
26/03/2025	20	10	3	2	28	25	32	60
26/03/2025	21	11	3	2	38	23	42	37
26/03/2025	22	11	3	2	27	22	31	39
26/03/2025	23	11	3	2	17	19	20	49
27/03/2025	00	11	3	2	9	20	12	53
27/03/2025	01	9	3	2	4	13	8	57
27/03/2025	02	7	3	2	4	11	7	52
27/03/2025	03	6	3	2	4	9	8	52
27/03/2025	04	6	3	2	6	10	9	51
27/03/2025	05	7	3	2	6	10	9	55
27/03/2025	06	8	3	4	26	14	33	33
27/03/2025	07	12	3	7	41	38	51	16
27/03/2025	08	13	3	8	36	66	49	30
27/03/2025	09	11	3	10	33	36	48	33
27/03/2025	10	9	3	2	13	35	17	60
27/03/2025	11	10	3	2	8	22	11	74
27/03/2025	12	13	3	2	10	31	13	76
27/03/2025	13	10	3	2	11	37	15	79
27/03/2025	14	9	3	2	12	28	16	79
27/03/2025	15	9	3	2	10	19	14	85
27/03/2025	16	9	3	2	9	23	13	88
27/03/2025	17	8	3	2	9	20	12	91
27/03/2025	18	11	3	2	15	28	18	87
27/03/2025	19	9	3	2	16	21	20	88
27/03/2025	20	12	3	2	21	22	25	80
27/03/2025	21	14	3	2	26	23	30	56
27/03/2025	22	12	3	2	17	20	20	69
27/03/2025	23	14	3	2	13	22	17	67
28/03/2025	00	14	3	2	7	19	11	61
28/03/2025	01	14	3	2	6	19	9	60
28/03/2025	02	15	3	2	8	20	12	43
28/03/2025	03	18	3	2	16	31	20	31
28/03/2025	04	17	3	2	10	26	13	34
28/03/2025	05	14	3	2	12	21	15	30
28/03/2025	06	13	3	4	18	20	25	21
28/03/2025	07	15				33		
28/03/2025	08	10				25		
28/03/2025	09	6	3	2	7	13	10	58
28/03/2025	10	6	3	2	3	38	6	69
28/03/2025	11	6	3	2	1	20	5	76
28/03/2025	12	8	3	2	10	22	14	70
28/03/2025	13	10	3	2	15	48	19	66
28/03/2025	14	8	3	3	17	24	21	68
28/03/2025	15	8	3	3	18	19	22	73
28/03/2025	16	8	3	4	30	22	36	63
28/03/2025	17	7	3	2	15	19	19	84
28/03/2025	18	8	3	3	18	23	22	80
28/03/2025	19	10	3	2	34	27	37	58
28/03/2025	20	11	3	2	40	29	44	47
28/03/2025	21	13	3	2	40	33	43	35
28/03/2025	22	16	3	3	44	40	49	27
28/03/2025	23	16	3	4	43	43	50	21
29/03/2025	00	6	3	2	3	20	7	83
29/03/2025	01	6	3	2	2	10	5	83
29/03/2025	02	8	3	2	2	90	5	84
29/03/2025	03	6	3	2	1	47	5	93
29/03/2025	04	6	3	2	1	56	5	92
29/03/2025	05	4	3	2	3	9	7	88
29/03/2025	06	7	3	3	31	17	36	36
29/03/2025	07	8	3	7	41	24	51	20
29/03/2025	08	5	3	3	7	12	12	78
29/03/2025	09	5	3	2	5	15	9	84
29/03/2025	10	6	3	2	12	20	16	64
29/03/2025	11	4	3	2	1	9	5	87
29/03/2025	12	4	3	2	2	15	6	91
29/03/2025	13	6	3	2	2	49	6	91
29/03/2025	14	5	3	2	1	32	5	96
29/03/2025	15	5	3	2	1	18	5	100
29/03/2025	16	5	3	2	1	15	5	106
29/03/2025	17	5	3	2	1	20	5	106
29/03/2025	18	4	3	2	1	14	5	108
29/03/2025	19	4	3	2	2	9	5	105
29/03/2025	20	4	3	2	2	8	6	97
29/03/2025	21	5	3	2	2	9	6	97
29/03/2025	22	6	3	2	2	9	5	95
29/03/2025	23	5	3	2	1	8	5	94
30/03/2025	00	5	3	2	2	8	5	92
30/03/2025	01	5	3	2	3	8	7	79
30/03/2025	02	5	3	2	1	7	5	81
30/03/2025	03	6	3	2	5	10	8	63
30/03/2025	04	5	3	2	3	8	6	67
30/03/2025	05	5	3	2	19	13	22	48
30/03/2025	06	7	3	2	23	17	26	39
30/03/2025	07	6	3	2	26	17	30	38
30/03/2025	08	5	3	2	2	8	6	79
30/03/2025	09	5	3	2	2	8	5	83
30/03/2025	10	5	3	2	2	7	5	82
30/03/2025	11	5	3	2	2	9	5	89
30/03/2025	12	5	3	2	1	8	5	93
30/03/2025	13	4	3	2	1	7	5	99
30/03/2025	14	6	3	2	2	11	5	100
30/03/2025	15	6	3	2	4	11	7	95
30/03/2025	16	5	3	2	5	11	8	95
30/03/2025	17	6	3	2	7	11	10	94
30/03/2025	18	6	3	2	6	13	9	94
30/03/2025	19	7	3	2	16	16	20	80
30/03/2025	20	13	3	4	35	25	40	53
30/03/2025	21	11	3	2	38	23	41	36
30/03/2025	22	11	3	2	37	21	40	28
30/03/2025	23	11	3	2	22	20	26	32
31/03/2025	00	10	3	2	8	16	11	44
31/03/2025	01	9	3	2	8	15	11	41
31/03/2025	02	9	3	2	7	16	10	41
31/03/2025	03	10	3	2	13	23	16	30
31/03/2025	04	7	3	2	16	17	19	30
31/03/2025	05	18	3	40	45	45	106	3
31/03/2025	06	35	6	48	49	75	122	3
31/03/2025	07	23	5	59	52	118	143	1
31/03/2025	08	16	3	35	50	84	104	7
31/03/2025	09	14	3	10	38	46	54	25
31/03/2025	10	13	3	9	37	60	51	32
31/03/2025	11	9	3	4	27	36	34	49
31/03/2025	12	12	3	2	17	44	21	70
31/03/2025	13	12	3	3	16	32	20	84
31/03/2025	14	11	3	2	23	31	27	86
31/03/2025	15	10	3	3	21	31	25	89
31/03/2025	16	10	3	3	25	29	29	88
31/03/2025	17	9	3	2	32	27	36	82
31/03/2025	18	9	3	3	29	19	34	84
31/03/2025	19	10	3	3	42	23	46	64
31/03/2025	20	11	3	2	48	23	52	40
31/03/2025	21	13	3	2	40	21	43	47
31/03/2025	22	14	3	2	32	24	36	47
31/03/2025	23	16	3	2	19	27	23	68
01/04/2025	00	17	3	2	9	27	13	86
01/04/2025	01	18	3	3	7	29	13	91
01/04/2025	02	18	3	2	7	27	11	80
01/04/2025	03	22	3	2	15	36	18	44
01/04/2025	04	19	3	2	12	29	15	42
01/04/2025	05	26	3	2	9	37	13	51
01/04/2025	06	25	3	2	23	37	27	27
01/04/2025	07	26	3	31	44	79	90	4
01/04/2025	08	22	3	11	33	47	49	24
01/04/2025	09	16	3	2	22	29	26	60
01/04/2025	10	18	3	2	18	59	22	78
01/04/2025	11	15	3	2	20	36	23	81
01/04/2025	12	15	3	3	21	34	25	87
01/04/2025	13	17	3	2	13	67	17	94
01/04/2025	14	19	3	2	18	37	22	93
01/04/2025	15	15	3	2	16	31	19	106
01/04/2025	16	14	3	2	12	26	15	117
01/04/2025	17	12	3	2	10	22	14	116
01/04/2025	18	9	3	2	7	18	10	113
01/04/2025	19	8	3	2	9	19	13	104
01/04/2025	20	9	3	3	7	18	11	101
01/04/2025	21	9	3	2	6	18	10	100
01/04/2025	22	9	3	2	4	18	7	100
01/04/2025	23	9	3	2	3	18	6	101
02/04/2025	00	9	3	2	2	18	5	105
02/04/2025	01	9	3	2	1	17	5	101
02/04/2025	02	9	3	2	1	18	5	90
02/04/2025	03	10	3	2	1	16	5	84
02/04/2025	04	12	3	2	2	18	6	78
02/04/2025	05	12	3	2	6	19	9	71
02/04/2025	06	12	3	2	9	21	13	68
02/04/2025	07	15	3	2	16	53	19	56
02/04/2025	08	14	3	2	15	31	18	55
02/04/2025	09	16	3	2	18	108	21	63
02/04/2025	10	16	3	2	20	44	23	73
02/04/2025	11	14	3	3	9	38	13	91
02/04/2025	12	17	3	2	15	55	18	85
02/04/2025	13	19	3	2	22	41	25	86
02/04/2025	14	14	3	2	14	31	18	96
02/04/2025	15	14	3	4	9	40	15	111
02/04/2025	16	12	3	2	9	31	13	111
02/04/2025	17	12	3	2	15	30	19	103
02/04/2025	18	12	3	2	18	27	22	98
02/04/2025	19	13	3	2	13	28	17	103
02/04/2025	20	14	3	2	8	28	12	106
02/04/2025	21	13	3	2	5	26	8	109
02/04/2025	22	13	3	2	3	26	6	108
02/04/2025	23	14	3	3	6	28	10	94
03/04/2025	00	14	3	2	3	28	7	85
03/04/2025	01	13	3	2	3	25	7	89
03/04/2025	02	13	3	2	2	26	5	96
03/04/2025	03	14	3	2	2	28	5	96
03/04/2025	04	15	3	2	2	30	6	98
03/04/2025	05	14	3	2	4	29	8	96
03/04/2025	06	15	3	2	7	33	11	93
03/04/2025	07	15	3	2	10	33	13	88
03/04/2025	08	15	3	2	9	33	13	87
03/04/2025	09	13	3	2	4	33	8	96
03/04/2025	10	12	3	2	4	31	7	98
03/04/2025	11	12	3	2	6	27	9	99
03/04/2025	12	12	3	2	5	49	8	101
03/04/2025	13	13	3	2	3	39	7	102
03/04/2025	14	15	3	2	4	34	7	101
03/04/2025	15	15	3	2	5	35	9	101
03/04/2025	16	15	3	2	5	36	8	102
03/04/2025	17	17	3	2	6	37	9	103
03/04/2025	18	17	3	2	8	34	12	96
03/04/2025	19	17	3	2	7	34	11	95
03/04/2025	20	18	3	2	10	34	14	87
03/04/2025	21	19	3	2	6	36	10	90
03/04/2025	22	20	3	2	2	37	6	96
03/04/2025	23	21	3	2	2	38	6	94
04/04/2025	00	19	3	2	1	32	5	94
04/04/2025	01	15	3	2	3	24	6	89
04/04/2025	02	16	3	2	2	27	6	95
04/04/2025	03	16	3	2	1	30	5	96
04/04/2025	04	16	3	2	2	26	6	92
04/04/2025	05	14	3	2	9	20	13	70
04/04/2025	06	18	3	2	27	26	30	35
04/04/2025	07	15	3	2	17	22	21	55
04/04/2025	08	15	3	5	31	28	38	42
04/04/2025	09	11	3	2	11	20	14	76
04/04/2025	10	11	3	2	8	21	11	79
04/04/2025	11	14	3	2	7	25	10	92
04/04/2025	12	14	3	2	9	42	12	88
04/04/2025	13	15	3	2	12	39	16	76
04/04/2025	14	17	3	2	12	37	16	89
04/04/2025	15	17	3	3	10	39	14	96
04/04/2025	16	17	3	2	9	37	12	97
04/04/2025	17	17	3	2	9	39	13	98
04/04/2025	18	20	3	2	9	44	12	94
04/04/2025	19	20	3	2	9	40	12	91
04/04/2025	20	23	3	2	14	38	17	78
04/04/2025	21	22	3	4	17	32	23	68
04/04/2025	22	22	3	2	8	30	12	76
04/04/2025	23	17	3	2	9	24	13	55
05/04/2025	00	11	3	2	6	16	10	59
05/04/2025	01	13	3	2	9	18	13	39
05/04/2025	02	13	3	2	11	18	14	29
05/04/2025	03	15	3	2	10	21	14	24
05/04/2025	04	17	3	2	12	25	16	16
05/04/2025	05	18	3	18	29	28	57	3
05/04/2025	06	11	3	2	22	17	25	26
05/04/2025	07	9	3	2	27	21	30	36
05/04/2025	08	6	3	2	18	13	22	55
05/04/2025	09	6	3	2	9	11	13	64
05/04/2025	10	5	3	2	7	10	10	64
05/04/2025	11	4	3	2	2	8	6	71
05/04/2025	12	4	3	2	2	6	5	74
05/04/2025	13	4	3	2	1	6	5	79
05/04/2025	14	4	3	2	2	6	5	80
05/04/2025	15	4	3	2	2	5	5	80
05/04/2025	16	4	3	2	2	7	5	83
05/04/2025	17	4	3	2	4	8	7	81
05/04/2025	18	5	3	2	7	9	11	77
05/04/2025	19	9	3	3	29	15	35	47
05/04/2025	20	8	3	2	30	15	34	39
05/04/2025	21	9	3	2	11	13	15	58
05/04/2025	22	6	3	2	4	8	8	63
05/04/2025	23	5	3	2	5	7	8	58
06/04/2025	00	5	3	2	4	7	7	60
06/04/2025	01	4	3	2	1	6	5	63
06/04/2025	02	4	3	2	1	6	5	60
06/04/2025	03	5	3	2	2	7	6	50
06/04/2025	04	6	3	2	7	12	11	45
06/04/2025	05	8	3	9	27	29	40	15
06/04/2025	06	7	3	2	15	19	19	29
06/04/2025	07	6	3	2	16	15	20	29
06/04/2025	08	6	3	2	10	14	14	42
06/04/2025	09	6	3	2	7	11	10	51
06/04/2025	10	5	3	2	4	7	7	61
06/04/2025	11	5	3	2	1	7	5	75
06/04/2025	12	4	3	2	1	5	5	78
06/04/2025	13	4	3	2	2	6	5	80
06/04/2025	14	5	3	2	2	6	5	85
06/04/2025	15	4	3	2	2	6	6	87
06/04/2025	16	4	3	2	2	8	6	85
06/04/2025	17	5	3	2	4	8	8	81
06/04/2025	18	5	3	2	6	9	10	80
06/04/2025	19	6	3	2	9	11	12	79
06/04/2025	20	7	3	2	23	13	27	62
06/04/2025	21	10	3	2	32	16	36	37
06/04/2025	22	9	3	2	31	14	35	33
06/04/2025	23	9	3	2	14	13	18	40
07/04/2025	00	8	3	2	6	12	9	47
07/04/2025	01	8	3	2	5	18	8	44
07/04/2025	02	8	3	2	5	19	8	47
07/04/2025	03	11	3	2	14	45	17	29
07/04/2025	04	11	3	2	18	34	21	27
07/04/2025	05	10	3	19	39	31	68	5
07/04/2025	06	11	3	26	45	40	84	2
07/04/2025	07	15	3	35	45	73	99	3
07/04/2025	08	14	3	18	40	58	67	13
07/04/2025	09	11	3	9	30	39	44	25
07/04/2025	10	10	3	2	14	32	18	49
07/04/2025	11	7	3	2	5	14	9	73
07/04/2025	12	9	3	2	8	21	11	79
07/04/2025	13	10	3	2	17	24	21	75
07/04/2025	14	8	3	2	10	18	14	88
07/04/2025	15	8	3	2	14	22	17	85
07/04/2025	16	9	3	3	20	24	25	78
07/04/2025	17	10	3	3	22	22	26	79
07/04/2025	18	9	3	2	15	20	18	89
07/04/2025	19	13	3	2	17	23	20	93
07/04/2025	20	13	3	2	13	22	17	97
07/04/2025	21	14	3	2	16	25	20	90
07/04/2025	22	17	3	2	15	27	18	88
07/04/2025	23	20	3	2	9	32	12	90
08/04/2025	00	20	3	2	9	33	13	77
08/04/2025	01	19	3	2	16	34	19	46
08/04/2025	02	19	3	2	23	38	26	21
08/04/2025	03	20	3	5	32	38	40	4
08/04/2025	04	28	3	17	34	59	60	2
08/04/2025	05	29	3	24	38	62	73	1
08/04/2025	06	22	3	9	31	42	45	2
08/04/2025	07	24	3	6	25	83	34	8
08/04/2025	08	26	3	3	25	50	29	27
08/04/2025	09	30	3	4	26	50	31	44
08/04/2025	10	32	3	3	27	55	31	50
08/04/2025	11	33	3	3	26	56	30	62
08/04/2025	12	28	3	3	26	54	31	60
08/04/2025	13	22	3	4	25	45	30	68
08/04/2025	14	21	3	2	10	36	14	98
08/04/2025	15	12	3	2	5	23	9	97
08/04/2025	16	12	3	2	6	23	9	102
08/04/2025	17	15	3	2	8	26	11	109
08/04/2025	18	15	3	2	7	26	11	107
08/04/2025	19	15	3	2	9	26	13	98
08/04/2025	20	16	3	2	5	24	9	99
08/04/2025	21	16	3	2	4	24	7	99
08/04/2025	22	16	3	2	7	24	11	91
08/04/2025	23	18	3	2	7	26	11	92
09/04/2025	00	24	3	2	5	33	9	86
09/04/2025	01	27	3	2	4	36	7	85
09/04/2025	02	27	3	2	2	37	6	87
09/04/2025	03	29	3	2	4	40	8	86
09/04/2025	04	32	3	2	10	46	13	72
09/04/2025	05	28	3	2	8	44	11	74
09/04/2025	06	29	3	2	15	43	18	54
09/04/2025	07	37	3	2	18	75	22	35
09/04/2025	08	33	3	4	21	46	27	35
09/04/2025	09	25	3	4	22	53	28	53
09/04/2025	10	25	3	5	20	46	28	64
09/04/2025	11	27	3	2	25	60	29	62
09/04/2025	12	26	3	5	29	51	38	53
09/04/2025	13	18	3	2	13	38	17	85
09/04/2025	14	14	3	2	9	28	13	95
09/04/2025	15	13	3	2	8	28	12	94
09/04/2025	16	10	3	2	16	27	20	84
09/04/2025	17	10	3	3	27	23	31	76
09/04/2025	18	12	3	2	18	22	22	94
09/04/2025	19	14	3	2	12	24	15	99
09/04/2025	20	17	3	2	12	26	16	87
09/04/2025	21	15	3	2	8	24	12	82
09/04/2025	22	18	3	2	8	27	11	74
09/04/2025	23	19	3	2	8	28	12	71
10/04/2025	00	20	3	2	16	31	19	48
10/04/2025	01	20	3	2	8	32	12	65
10/04/2025	02	19	3	2	8	31	12	54
10/04/2025	03	17	3	2	7	25	10	41
10/04/2025	04	21	3	2	8	31	12	36
10/04/2025	05	22	3	2	14	33	18	27
10/04/2025	06	15	3	2	23	27	27	32
10/04/2025	07	19	3	3	25	63	30	25
10/04/2025	08	19	3	3	21	44	26	34
10/04/2025	09	25	3	3	23	55	28	57
10/04/2025	10	17	3	2	10	36	13	93
10/04/2025	11	15	3	2	9	28	13	95
10/04/2025	12	14	3	2	5	43	8	100
10/04/2025	13	13	3	2	5	35	8	103
10/04/2025	14	14	3	2	4	27	7	105
10/04/2025	15	13	3	2	3	30	7	102
10/04/2025	16	13	3	2	4	28	8	105
10/04/2025	17	13	3	2	5	26	9	102
10/04/2025	18	13	3	2	5	27	9	102
10/04/2025	19	13	3	4	9	26	15	93
10/04/2025	20	14	3	2	9	26	12	93
10/04/2025	21	14	3	2	7	26	10	91
10/04/2025	22	15	3	2	4	26	7	89
10/04/2025	23	14	3	2	3	24	7	86
11/04/2025	00	14	3	5	4	25	11	87
11/04/2025	01	14	3	2	2	24	6	89
11/04/2025	02	17	3	2	2	28	6	83
11/04/2025	03	21	3	2	6	33	10	68
11/04/2025	04	23	3	2	12	37	15	60
11/04/2025	05	18	3	2	12	31	16	68
11/04/2025	06	19	3	2	27	33	32	44
11/04/2025	07	18	3	2	25	34	29	54
11/04/2025	08	17	3	2	21	33	25	63
11/04/2025	09	15	3	2	11	42	14	85
11/04/2025	10	17	3	3	13	32	17	84
11/04/2025	11	14	3	2	8	32	12	94
11/04/2025	12	12	3	2	4	48	8	93
11/04/2025	13	13	3	2	4	50	7	100
11/04/2025	14	12	3	2	4	23	7	99
11/04/2025	15	12	3	2	3	25	7	100
11/04/2025	16	12	3	2	4	23	7	102
11/04/2025	17	12	3	2	5	25	8	103
11/04/2025	18	13	3	2	6	25	10	103
11/04/2025	19	16	3	2	12	31	16	92
11/04/2025	20	14	3	2	6	24	9	94
11/04/2025	21	14	3	2	6	24	10	88
11/04/2025	22	16	3	2	8	27	11	76
11/04/2025	23	18	3	2	13	28	16	64
12/04/2025	00	22	3	2	8	31	12	55
12/04/2025	01	21	3	2	6	30	10	39
12/04/2025	02	21	3	2	3	28	6	45
12/04/2025	03	20	3	2	6	28	10	33
12/04/2025	04	16	3	2	7	23	10	38
12/04/2025	05	16	3	3	25	23	29	24
12/04/2025	06	15	3	2	6	23	9	52
12/04/2025	07	16	3	2	17	24	20	31
12/04/2025	08	19	3	3	23	32	28	34
12/04/2025	09	23	3	2	26	39	29	34
12/04/2025	10	23	3	2	17	36	20	45
12/04/2025	11	23	3	2	15	38	18	57
12/04/2025	12	19	3	2	11	32	14	73
12/04/2025	13	23	3	2	5	33	9	80
12/04/2025	14	25	3	2	6	37	10	87
12/04/2025	15	28	3	2	5	43	8	85
12/04/2025	16	28	3	2	10	46	13	85
12/04/2025	17	25	3	2	10	40	14	82
12/04/2025	18	23	3	2	10	36	13	82
12/04/2025	19	23	3	2	13	35	16	76
12/04/2025	20	24	3	2	16	36	20	67
12/04/2025	21	29	3	2	17	40	20	58
12/04/2025	22	34	3	2	27	45	31	26
12/04/2025	23	34	3	2	28	45	31	23
13/04/2025	00	36	3	2	23	48	26	19
13/04/2025	01	38	3	2	14	48	18	21
13/04/2025	02	39	3	2	12	48	16	19
13/04/2025	03	40	3	2	13	50	16	14
13/04/2025	04	40	4	2	13	49	17	9
13/04/2025	05	40	3	2	12	47	15	7
13/04/2025	06	39	4	3	14	48	19	1
13/04/2025	07	37	4	3	12	44	17	8
13/04/2025	08	25	3	3	14	30	18	21
13/04/2025	09	17	3	2	10	23	13	41
13/04/2025	10	26	3	2	14	36	18	51
13/04/2025	11	31	3	2	11	43	14	62
13/04/2025	12	43	3	2	12	59	15	73
13/04/2025	13	28	3	2	7	40	11	82
13/04/2025	14	19	3	2	4	27	8	91
13/04/2025	15	17	3	2	5	25	9	95
13/04/2025	16	17	3	2	14	24	17	85
13/04/2025	17	22	3	2	15	31	19	87
13/04/2025	18	25	3	2	7	34	10	96
13/04/2025	19	24	3	2	7	34	11	91
13/04/2025	20	24	3	2	10	34	13	87
13/04/2025	21	25	3	2	14	36	17	76
13/04/2025	22	26	3	2	10	37	13	62
13/04/2025	23	19	3	2	7	26	11	61
14/04/2025	00	17	3	2	7	24	10	54
14/04/2025	01	40	3	2	12	50	15	33
14/04/2025	02	39	3	2	11	49	15	28
14/04/2025	03	33	3	2	11	41	15	36
14/04/2025	04	25	3	2	10	32	14	40
14/04/2025	05	14	3	2	13	24	16	30
14/04/2025	06	12	3	2	29	19	32	11
14/04/2025	07	23				45		
14/04/2025	08	29				72		
14/04/2025	09	25	3	4	28	43	34	50
14/04/2025	10	20	3	2	11	43	14	81
14/04/2025	11	19	3	2	9	30	12	83
14/04/2025	12	16	3	2	7	32	11	81
14/04/2025	13	17	3	2	9	28	12	75
14/04/2025	14	22	3	2	12	37	16	91
14/04/2025	15	21	3	2	12	38	16	94
14/04/2025	16	17	3	2	15	32	19	92
14/04/2025	17	21	3	2	20	35	24	88
14/04/2025	18	20	3	2	20	32	23	82
14/04/2025	19	21	3	2	20	32	24	72
14/04/2025	20	24	3	2	19	34	23	69
14/04/2025	21	26	3	2	28	36	31	50
14/04/2025	22	14	3	2	19	23	23	50
14/04/2025	23	8	3	2	8	21	12	71
15/04/2025	00	8	3	2	6	17	10	74
15/04/2025	01	8	3	2	8	16	12	73
15/04/2025	02	8	3	2	5	14	9	77
15/04/2025	03	6	3	2	3	12	7	80
15/04/2025	04	3	3	2	8	8	12	78
15/04/2025	05	4	3	2	23	19	27	53
15/04/2025	06	5	3	2	20	18	24	58
15/04/2025	07	7	5	2	16	44	19	67
15/04/2025	08	7	4	2	14	42	17	70
15/04/2025	09	6	3	2	8	20	12	72
15/04/2025	10	7	3	2	9	63	13	71
15/04/2025	11	6	3	2	8	32	12	73
15/04/2025	12	7	3	2	9	35	12	75
15/04/2025	13	6	3	2	5	41	8	86
15/04/2025	14	6	3	2	4	21	8	91
15/04/2025	15	6	3	2	8	41	11	83
15/04/2025	16	6	3	2	7	37	11	83
15/04/2025	17	5	3	2	7	32	11	86
15/04/2025	18	5	3	2	6	17	10	87
15/04/2025	19	4	3	2	9	8	12	89
15/04/2025	20	4	3	2	17	8	21	67
15/04/2025	21	4	3	2	9	7	12	76
15/04/2025	22	4	3	2	9	9	13	73
15/04/2025	23	3	3	2	3	5	7	80
16/04/2025	00	3	3	2	1	5	5	90
16/04/2025	01	4	3	2	1	7	5	83
16/04/2025	02	5	3	2	4	14	7	71
16/04/2025	03	5	3	2	6	9	10	64
16/04/2025	04	5	3	2	15	11	19	55
16/04/2025	05	5	3	5	43	16	50	23
16/04/2025	06	4	3	2	15	19	19	62
16/04/2025	07	6	3	2	12	42	16	68
16/04/2025	08	5	3	2	8	20	12	74
16/04/2025	09	5	3	2	3	58	6	80
16/04/2025	10	4	3	2	3	23	6	79
16/04/2025	11	4	3	2	4	21	8	83
16/04/2025	12	5	3	2	1	66	5	88
16/04/2025	13	4	3	2	2	35	5	89
16/04/2025	14	4	3	2	3	23	7	87
16/04/2025	15	4	3	2	4	31	7	85
16/04/2025	16	4	3	2	3	31	6	91
16/04/2025	17	4	3	2	6	19	10	94
16/04/2025	18	5	3	2	2	36	6	97
16/04/2025	19	4	3	2	2	12	6	93
16/04/2025	20	4	3	2	16	7	20	71
16/04/2025	21	5	3	2	11	10	14	70
16/04/2025	22	4	3	2	6	9	10	73
16/04/2025	23	4	3	2	3	7	7	76
17/04/2025	00	4	3	2	3	7	7	72
17/04/2025	01	4	3	2	2	6	6	68
17/04/2025	02	4	3	2	3	7	7	65
17/04/2025	03	4	3	2	5	7	9	58
17/04/2025	04	4	3	2	8	8	12	57
17/04/2025	05	5	3	2	25	9	29	29
17/04/2025	06	6	3	3	19	11	23	38
17/04/2025	07	8	3	18	43	19	70	12
17/04/2025	08	8	3	8	25	23	36	28
17/04/2025	09	5	3	2	5	13	9	76
17/04/2025	10	5	3	2	2	12	5	88
17/04/2025	11	5	3	2	5	10	9	83
17/04/2025	12	5	3	2	2	10	6	89
17/04/2025	13	5	3	2	3	12	7	91
17/04/2025	14	6	3	2	4	21	8	93
17/04/2025	15	6	3	2	5	19	9	93
17/04/2025	16	6	3	2	6	18	10	93
17/04/2025	17	5	3	2	7	17	10	95
17/04/2025	18	5	3	2	9	15	12	92
17/04/2025	19	5	3	2	13	12	16	81
17/04/2025	20	6	3	2	18	13	21	68
17/04/2025	21	10	3	2	23	20	26	63
17/04/2025	22	14	3	2	20	27	23	62
17/04/2025	23	15	3	2	24	31	28	54
18/04/2025	00	16	3	2	28	33	31	40
18/04/2025	01	14	3	2	33	25	36	32
18/04/2025	02	16	3	2	36	28	40	16
18/04/2025	03	17	3	4	38	31	44	6
18/04/2025	04	12	3	2	25	23	28	12
18/04/2025	05	7	3	15	35	13	58	9
18/04/2025	06	6	3	2	11	10	15	38
18/04/2025	07	6	3	2	20	11	24	32
18/04/2025	08	7	3	2	13	17	17	41
18/04/2025	09	6	3	2	5	11	8	54
18/04/2025	10	4	3	2	2	8	5	64
18/04/2025	11	4	3	2	1	7	5	68
18/04/2025	12	4	3	2	1	7	5	70
18/04/2025	13	5	3	2	2	12	6	72
18/04/2025	14	6	3	2	2	13	5	76
18/04/2025	15	5	3	2	2	15	5	78
18/04/2025	16	5	3	2	2	12	6	76
18/04/2025	17	6	3	2	2	12	6	77
18/04/2025	18	7	3	2	8	13	12	75
18/04/2025	19	9	3	6	15	18	25	74
18/04/2025	20	9	3	2	12	17	16	78
18/04/2025	21	10	3	2	10	18	13	78
18/04/2025	22	11	3	2	5	19	8	83
18/04/2025	23	13	3	2	12	22	15	63
19/04/2025	00	16	3	2	15	26	18	55
19/04/2025	01	17	3	2	20	35	24	13
19/04/2025	02	12	3	2	14	21	18	15
19/04/2025	03	14	3	2	18	26	21	7
19/04/2025	04	7	3	3	19	13	23	22
19/04/2025	05	4	3	2	15	6	19	39
19/04/2025	06	4	3	2	8	8	11	57
19/04/2025	07	5	3	2	6	10	9	67
19/04/2025	08	6	3	2	4	32	8	71
19/04/2025	09	5	3	2	4	15	8	66
19/04/2025	10	5	3	2	3	31	6	72
19/04/2025	11	4	3	2	2	19	5	78
19/04/2025	12	5	3	2	2	28	6	82
19/04/2025	13	5	3	2	1	34	5	90
19/04/2025	14	5	3	2	1	21	5	92
19/04/2025	15	4	3	2	2	9	5	93
19/04/2025	16	4	3	2	1	10	5	93
19/04/2025	17	4	3	2	1	9	5	94
19/04/2025	18	4	3	2	2	9	6	91
19/04/2025	19	4	3	2	5	8	9	85
19/04/2025	20	4	3	2	3	7	7	95
19/04/2025	21	5	3	2	2	9	6	89
19/04/2025	22	4	3	2	2	7	5	87
19/04/2025	23	4	3	2	2	6	5	86
20/04/2025	00	5	3	2	1	7	5	86
20/04/2025	01	4	3	2	1	7	5	85
20/04/2025	02	4	3	2	1	7	5	82
20/04/2025	03	4	3	2	1	7	5	82
20/04/2025	04	4	3	2	2	7	5	82
20/04/2025	05	4	3	2	2	7	5	77
20/04/2025	06	5	3	2	3	9	7	75
20/04/2025	07	5	3	2	5	10	8	75
20/04/2025	08	5	3	2	1	8	5	82
20/04/2025	09	5	3	2	1	8	5	84
20/04/2025	10	5	3	2	1	8	5	78
20/04/2025	11	5	3	2	1	7	5	77
20/04/2025	12	4	3	2	1	5	5	79
20/04/2025	13	3	3	2	1	5	5	80
20/04/2025	14	3	3	2	1	4	5	83
20/04/2025	15	3	3	2	2	5	5	88
20/04/2025	16	3	3	2	1	5	5	93
20/04/2025	17	3	3	2	2	4	5	91
20/04/2025	18	4	3	2	8	7	12	83
20/04/2025	19	6	3	5	21	11	29	69
20/04/2025	20	7	3	2	11	11	15	76
20/04/2025	21	6	3	2	12	10	15	77
20/04/2025	22	7	3	2	14	11	18	68
20/04/2025	23	8	3	2	12	13	16	60
21/04/2025	00	8	3	2	11	14	14	48
21/04/2025	01	8	3	2	9	15	13	42
21/04/2025	02	7	3	2	8	11	12	42
21/04/2025	03	6	3	2	7	9	11	34
21/04/2025	04	5	3	2	6	8	10	35
21/04/2025	05	5	3	5	21	8	29	20
21/04/2025	06	5	3	2	18	12	21	33
21/04/2025	07	5	3	2	10	12	14	47
21/04/2025	08	6	3	2	8	14	11	51
21/04/2025	09	5	3	2	3	9	7	61
21/04/2025	10	5	3	2	2	8	6	72
21/04/2025	11	5	3	2	1	7	5	78
21/04/2025	12	5	3	2	2	7	5	77
21/04/2025	13	5	3	2	7	12	11	74
21/04/2025	14	5	3	2	8	12	12	78
21/04/2025	15	6	3	2	3	16	6	89
21/04/2025	16	5	3	2	3	10	6	94
21/04/2025	17	7	3	2	8	13	12	94
21/04/2025	18	7	3	2	5	14	9	108
21/04/2025	19	7	3	4	8	15	15	104
21/04/2025	20	7	3	2	8	14	11	100
21/04/2025	21	8	3	2	7	13	11	95
21/04/2025	22	8	3	2	6	12	9	93
21/04/2025	23	9	3	2	12	17	16	73
22/04/2025	00	14	3	2	14	39	18	42
22/04/2025	01	14	3	2	11	35	15	41
22/04/2025	02	11	3	2	14	30	17	35
22/04/2025	03	13	3	2	20	27	23	21
22/04/2025	04	11	3	2	14	29	18	30
22/04/2025	05	14	3	12	33	29	52	8
22/04/2025	06	13	3	9	38	24	52	3
22/04/2025	07	15	3	36	43	29	98	2
22/04/2025	08	18	4	34	47	28	99	5
22/04/2025	09	17	3	29	41	27	86	11
22/04/2025	10	17	3	14	37	28	58	21
22/04/2025	11	18	3	6	24	29	34	34
22/04/2025	12	16	3	3	21	28	26	50
22/04/2025	13	13	3	3	16	26	19	63
22/04/2025	14	13	3	2	19	24	23	62
22/04/2025	15	13	3	2	13	21	17	77
22/04/2025	16	14	3	2	15	20	19	71
22/04/2025	17	11	3	2	13	14	16	73
22/04/2025	18	12	3	2	10	15	14	71
22/04/2025	19	15	3	2	15	19	19	63
22/04/2025	20	14	3	2	16	17	20	51
22/04/2025	21	17	3	2	26	22	30	29
22/04/2025	22	17	3	2	23	25	26	27
22/04/2025	23	18	3	2	15	23	18	28
23/04/2025	00	16	3	2	11	19	15	25
23/04/2025	01	13	3	2	9	16	12	22
23/04/2025	02	9	3	2	8	13	12	20
23/04/2025	03	7	3	2	5	11	9	23
23/04/2025	04	8	3	10	19	17	35	5
23/04/2025	05	8	3	8	20	14	32	11
23/04/2025	06	15				32		
23/04/2025	07	18				55		
23/04/2025	08	13				34		
23/04/2025	09	11	3	6	30	25	38	31
23/04/2025	10	7	3	2	13	15	17	54
23/04/2025	11	6	3	2	6	11	9	75
23/04/2025	12	7	3	2	5	13	9	81
23/04/2025	13	9	3	2	8	17	12	83
23/04/2025	14	7	3	2	9	14	12	84
23/04/2025	15	7	3	2	9	15	13	83
23/04/2025	16	7	3	2	12	16	15	79
23/04/2025	17	7	3	2	12	15	16	83
23/04/2025	18	8	3	2	12	15	15	87
23/04/2025	19	10	3	2	21	19	24	78
23/04/2025	20	10	3	2	16	18	20	80
23/04/2025	21	11	3	2	18	18	22	70
23/04/2025	22	11	3	2	15	17	19	64
23/04/2025	23	9	3	2	6	14	10	65
24/04/2025	00	9	3	2	2	13	6	66
24/04/2025	01	9	3	2	2	12	5	66
24/04/2025	02	11	3	2	2	32	5	61
24/04/2025	03	11	3	2	7	17	11	45
24/04/2025	04	15	3	3	26	26	30	8
24/04/2025	05	17	3	32	36	36	85	2
24/04/2025	06	14	4	36	34	37	89	5
24/04/2025	07	23	5	61	47	73	139	2
24/04/2025	08	17	4	30	41	60	87	12
24/04/2025	09	12	3	5	24	35	32	31
24/04/2025	10	9	3	2	12	21	16	55
24/04/2025	11	9	3	2	10	21	14	68
24/04/2025	12	11	3	3	12	26	16	76
24/04/2025	13	8	3	2	8	18	12	79
24/04/2025	14	8	3	2	9	18	13	79
24/04/2025	15	8	3	2	11	17	15	78
24/04/2025	16	8	3	2	10	16	13	77
24/04/2025	17	8	3	2	11	16	16	80
24/04/2025	18	9	3	2	17	16	21	79
24/04/2025	19	10	3	3	28	18	33	70
24/04/2025	20	12	3	2	25	21	28	67
24/04/2025	21	12	3	2	22	21	26	62
24/04/2025	22	14	3	2	20	23	24	56
24/04/2025	23	15	3	2	17	23	21	47
25/04/2025	00	18	3	2	21	33	24	29
25/04/2025	01	19	3	2	16	30	20	20
25/04/2025	02	17	3	2	13	29	17	20
25/04/2025	03	14	3	2	4	19	8	25
25/04/2025	04	14	3	2	9	19	13	23
25/04/2025	05	15	3	2	17	23	20	15
25/04/2025	06	19	3	15	31	31	53	2
25/04/2025	07	23	3	15	32	37	55	9
25/04/2025	08	21	3	3	19	40	23	50
25/04/2025	09	23	3	2	16	42	19	62
25/04/2025	10	26	3	2	16	44	19	68
25/04/2025	11	22	3	2	14	44	17	78
25/04/2025	12	19	3	2	14	34	18	80
25/04/2025	13	15	3	2	8	24	12	100
25/04/2025	14	11	3	2	4	18	7	103
25/04/2025	15	11	3	2	3	17	7	101
25/04/2025	16	13	3	2	7	20	11	109
25/04/2025	17	13	3	2	5	19	8	113
25/04/2025	18	11	3	2	4	17	8	106
25/04/2025	19	11	3	2	4	16	7	105
25/04/2025	20	13	3	2	9	18	13	96
25/04/2025	21	17	3	2	9	23	12	86
25/04/2025	22	18	3	2	16	25	20	67
25/04/2025	23	21	3	2	16	29	19	46
26/04/2025	00	21	3	2	21	29	24	39
26/04/2025	01	22	3	2	16	28	19	42
26/04/2025	02	24	3	2	14	31	17	32
26/04/2025	03	22	3	2	12	29	16	29
26/04/2025	04	22	3	9	26	30	40	5
26/04/2025	05	28	3	2	16	37	19	23
26/04/2025	06	33	3	2	18	44	21	23
26/04/2025	07	33	3	3	25	51	31	23
26/04/2025	08	36	3	2	22	52	26	37
26/04/2025	09	29	3	2	17	41	20	52
26/04/2025	10	16	3	2	13	25	17	59
26/04/2025	11	9	3	2	11	17	15	66
26/04/2025	12	9	3	2	7	15	10	75
26/04/2025	13	8	3	2	10	13	13	73
26/04/2025	14	8	3	2	6	13	10	78
26/04/2025	15	8	3	2	5	14	8	80
26/04/2025	16	7	3	2	3	13	6	80
26/04/2025	17	5	3	2	3	11	7	78
26/04/2025	18	6	3	2	16	14	20	65
26/04/2025	19	7	3	2	14	13	17	70
26/04/2025	20	7	3	2	16	14	19	68
26/04/2025	21	7	3	2	10	13	13	74
26/04/2025	22	7	3	2	8	12	11	78
26/04/2025	23	8	3	2	11	13	15	66
27/04/2025	00	6	3	2	8	11	12	61
27/04/2025	01	4	3	2	2	6	5	63
27/04/2025	02	3	3	2	1	8	5	78
27/04/2025	03	3	3	2	1	6	5	77
27/04/2025	04	3	3	2	1	6	5	74
27/04/2025	05	3	3	2	2	4	5	66
27/04/2025	06	4	3	2	4	5	8	54
27/04/2025	07	4	3	2	14	6	17	46
27/04/2025	08	3	3	2	1	5	5	67
27/04/2025	09	3	3	2	1	5	5	71
27/04/2025	10	3	3	2	1	5	5	75
27/04/2025	11	3	3	2	2	5	6	77
27/04/2025	12	4	3	2	2	9	6	79
27/04/2025	13	4	3	2	2	9	5	81
27/04/2025	14	4	3	2	4	8	8	81
27/04/2025	15	3	3	2	6	6	10	83
27/04/2025	16	4	3	2	6	6	9	94
27/04/2025	17	4	3	2	5	7	8	93
27/04/2025	18	4	3	2	6	7	10	88
27/04/2025	19	4	3	2	10	8	14	85
27/04/2025	20	5	3	2	12	9	16	84
27/04/2025	21	5	3	2	9	10	12	85
27/04/2025	22	5	3	2	11	9	15	82
27/04/2025	23	6	3	2	11	10	14	77
28/04/2025	00	6	3	2	8	10	11	72
28/04/2025	01	6	3	2	8	9	11	64
28/04/2025	02	7	3	2	10	15	13	40
28/04/2025	03	7	3	2	7	11	10	34
28/04/2025	04	6	3	2	4	9	7	44
28/04/2025	05	5	3	2	7	8	11	40
28/04/2025	06	6	3	2	9	9	13	34
28/04/2025	07	9	3	2	17	21	21	32
28/04/2025	08	7	3	2	17	19	20	40
28/04/2025	09	5	3	2	7	12	11	64
28/04/2025	10	6	3	2	2	11	5	83
28/04/2025	21	7		6	7	14	15	
28/04/2025	22	7	3	2	10	11	14	89
28/04/2025	23	7	3	2	7	10	11	95
29/04/2025	00	10	3	2	23	18	26	45
29/04/2025	01	11	3	2	15	17	18	29
29/04/2025	02	11	3	2	4	20	7	44
29/04/2025	03	9	3	2	2	13	5	46
29/04/2025	04	9	3	2	2	12	5	47
29/04/2025	05	9	3	2	11	14	15	34
29/04/2025	06	9	3	2	14	17	17	31
29/04/2025	07	16	3	14	34	71	56	10
29/04/2025	08	13	3	4	20	27	25	65
29/04/2025	09	11	3	2	8	19	11	92
29/04/2025	10	9	3	2	4	34	7	97
29/04/2025	11	8	3	2	2	17	6	104
29/04/2025	12	7	3	2	3	19	6	102
29/04/2025	13	7	3	2	3	25	6	103
29/04/2025	14	7	3	2	2	15	5	109
29/04/2025	15	7	3	2	2	21	6	105
29/04/2025	16	8	3	2	3	15	7	106
29/04/2025	17	8	3	2	4	13	7	105
29/04/2025	18	7	3	2	3	13	6	103
29/04/2025	19	8	3	2	3	14	6	106
29/04/2025	20	9	3	3	5	15	10	107
29/04/2025	21	8	3	2	1	13	4	102
29/04/2025	22	8	3	2	1	13	4	106
29/04/2025	23	8	3	2	1	13	4	112
30/04/2025	00	10	3	2	1	15	4	104
30/04/2025	01	11	3	2	1	16	5	92
30/04/2025	02	10	3	2	1	14	4	96
30/04/2025	03	10	3	2	2	14	6	88
30/04/2025	04	10	3	2	5	15	8	80
30/04/2025	05	10	3	2	8	16	12	78
30/04/2025	06	10	3	2	11	17	14	81
30/04/2025	07	12	3	2	13	27	16	81
30/04/2025	08	15	3	2	13	30	17	81
30/04/2025	09	10	3	2	5	31	8	93
30/04/2025	10	9	3	2	4	21	7	96
30/04/2025	11	9	3	2	3	23	6	96
30/04/2025	12	8	3	2	2	38	5	95
30/04/2025	13	6	3	2	1	17	5	96
30/04/2025	14	7	3	2	1	19	5	101
30/04/2025	15	8	3	2	2	28	5	107
30/04/2025	16	9	3	2	3	20	6	103
30/04/2025	17	10	3	2	3	20	6	101
30/04/2025	18	11	3	2	6	21	9	92
30/04/2025	19	12	3	2	4	22	8	91
30/04/2025	20	12	3	6	6	21	14	91
30/04/2025	21	12	3	2	3	22	6	91
30/04/2025	22	11	3	2	1	21	5	94
30/04/2025	23	12	3	2	1	20	5	93
