Red: Red de Vigilancia y Control de la Contaminación Atmosférica
Estación: 46190005-Paterna - CEAM
	
FECHA	HORA	SO2	CO	NO	NO2	NOx	O3
		µg/m³	mg/m³	µg/m³	µg/m³	µg/m³	µg/m³
01/01/2025	00	3	0,1	1	6	7	29
01/01/2025	01	3	0,1	1	9	10	25
01/01/2025	02	3	0,1	1	5	5	33
01/01/2025	03	3	0,1	1	7	7	24
01/01/2025	04	3	0,1	1	4	5	32
01/01/2025	05	3	0,1	1	3	3	31
01/01/2025	06	3	0,1	1	1	2	34
01/01/2025	07	3	0,1	1	3	4	25
01/01/2025	08	3	0,1	1	5	6	23
01/01/2025	09	3	0,1	1	3	4	28
01/01/2025	10	3	0,1	1	1	2	31
01/01/2025	11	3	0,1	1	1	2	44
01/01/2025	12	3	0,2	1	2	3	43
01/01/2025	13	3	0,1	1	1	2	62
01/01/2025	14	3	0,1	1	1	2	74
01/01/2025	15	3	0,1	1	1	2	73
01/01/2025	16	3	0,1	1	1	2	72
01/01/2025	17	3	0,1	1	1	2	54
01/01/2025	18	3	0,1	1	4	5	45
01/01/2025	19	3	0,2	1	7	8	35
01/01/2025	20	3	0,1	1	7	7	31
01/01/2025	21	3	0,2	1	24	25	5
01/01/2025	22	3	0,2	1	19	19	10
01/01/2025	23	3	0,2	1	11	11	19
02/01/2025	00	3	0,1	1	10	11	13
02/01/2025	01	3	0,1	1	5	6	17
02/01/2025	02	3	0,1	1	6	7	7
02/01/2025	03	3	0,1	1	6	6	8
02/01/2025	04	3	0,1	1	2	2	20
02/01/2025	05	3	0,1	1	2	3	17
02/01/2025	06	3	0,1	1	6	6	13
02/01/2025	07	3	0,1	1	12	13	10
02/01/2025	08	3	0,1	5	20	28	8
02/01/2025	09	3	0,1	6	17	26	16
02/01/2025	10	3	0,1	4	11	18	32
02/01/2025	11	3	0,1	3	6	10	44
02/01/2025	12	3	0,1	2	5	8	61
02/01/2025	13	3	0,1	1	3	5	65
02/01/2025	14	3	0,1	2	4	6	63
02/01/2025	15	3	0,1	1	4	5	65
02/01/2025	16	3	0,1	1	6	7	57
02/01/2025	17	3	0,1	1	14	16	35
02/01/2025	18	3	0,1	2	26	28	20
02/01/2025	19	3	0,1	1	24	25	25
02/01/2025	20	3	0,1	1	23	24	15
02/01/2025	21	3	0,1	4	28	34	2
02/01/2025	22	4	0,1	19	36	64	1
02/01/2025	23	3	0,1	5	29	37	4
03/01/2025	00	3	0,1	3	27	31	12
03/01/2025	01	3	0,1	1	4	4	50
03/01/2025	02	3	0,1	1	3	4	61
03/01/2025	03	3	0,1	1	1	2	63
03/01/2025	04	3	0,1	1	1	2	68
03/01/2025	05	3	0,1	1	1	2	70
03/01/2025	06	3	0,1	1	1	2	70
03/01/2025	07	3	0,1	1	14	15	48
03/01/2025	08	3	0,1	1	12	14	49
03/01/2025	09	3	0,1	1	11	12	55
03/01/2025	10	3	0,1	2	6	8	62
03/01/2025	11	3	0,1	2	3	5	70
03/01/2025	12	3	0,1	1	3	3	76
03/01/2025	13	3	0,1	1	3	4	76
03/01/2025	14	3	0,1	1	2	3	76
03/01/2025	15	3	0,1	1	2	3	77
03/01/2025	16	3	0,1	1	2	3	79
03/01/2025	17	3	0,1	1	3	4	74
03/01/2025	18	3	0,1	1	5	5	70
03/01/2025	19	3	0,1	1	4	5	73
03/01/2025	20	3	0,1	1	4	4	71
03/01/2025	21	3	0,1	1	8	9	57
03/01/2025	22	3	0,1	1	6	6	66
03/01/2025	23	3	0,1	1	8	8	54
04/01/2025	00	3	0,1	1	11	12	50
04/01/2025	01	3	0,1	1	7	8	60
04/01/2025	02	3	0,1	1	3	3	66
04/01/2025	03	3	0,1	1	1	2	69
04/01/2025	04	3	0,1	1	1	2	65
04/01/2025	05	3	0,1	1	1	2	65
04/01/2025	06	3	0,1	1	1	2	65
04/01/2025	07	3	0,1	1	6	7	52
04/01/2025	08	3	0,1	1	16	16	34
04/01/2025	09	3	0,1	1	18	20	37
04/01/2025	10	3	0,1	1	8	9	55
04/01/2025	11	3	0,1	1	2	3	65
04/01/2025	12	3	0,1	1	1	2	70
04/01/2025	13	3	0,1	1	1	2	72
04/01/2025	14	3	0,1	1	1	2	74
04/01/2025	15	3	0,1	1	1	2	74
04/01/2025	16	3	0,1	1	1	2	77
04/01/2025	17	3	0,1	1	7	7	63
04/01/2025	18	3	0,1	1	12	12	55
04/01/2025	19	3	0,1	1	16	17	39
04/01/2025	20	3	0,1	1	22	23	28
04/01/2025	21	3	0,2	1	23	24	31
04/01/2025	22	3	0,1	1	13	13	49
04/01/2025	23	3	0,1	1	7	7	63
05/01/2025	00	3	0,1	1	2	2	78
05/01/2025	01	3	0,1	1	1	2	82
05/01/2025	02	3	0,1	1	1	2	85
05/01/2025	03	3	0,1	1	1	2	84
05/01/2025	04	3	0,1	1	1	2	84
05/01/2025	05	3	0,1	1	1	2	87
05/01/2025	06	3	0,1	1	1	2	80
05/01/2025	07	3	0,1	1	1	2	82
05/01/2025	08	3	0,1	1	1	2	86
05/01/2025	09	3	0,1	1	3	3	77
05/01/2025	10	3	0,1	1	2	2	76
05/01/2025	11	3	0,1	1	2	2	78
05/01/2025	12	3	0,1	1	1	2	87
05/01/2025	13	3	0,1	1	1	2	90
05/01/2025	14	3	0,1	1	1	2	83
05/01/2025	15	3	0,1	1	1	2	84
05/01/2025	16	3	0,1	1	1	2	82
05/01/2025	17	3	0,1	1	3	3	74
05/01/2025	18	3	0,1	1	4	5	72
05/01/2025	19	3	0,1	1	5	5	70
05/01/2025	20	3	0,1	1	4	5	71
05/01/2025	21	3	0,1	1	7	7	61
05/01/2025	22	3	0,1	1	5	5	64
05/01/2025	23	3	0,1	1	2	3	70
06/01/2025	00	3	0,1	1	1	2	69
06/01/2025	01	3	0,1	1	5	5	56
06/01/2025	02	3	0,1	1	3	3	68
06/01/2025	03	3	0,1	1	1	2	73
06/01/2025	04	3	0,1	1	1	2	79
06/01/2025	05	3	0,1	1	1	2	81
06/01/2025	06	3	0,1	1	1	2	85
06/01/2025	07	3	0,1	1	1	2	81
06/01/2025	08	3	0,1	1	1	2	81
06/01/2025	09	3	0,1	1	1	2	79
06/01/2025	10	3	0,1	1	1	2	84
06/01/2025	11	3	0,1	1	1	2	93
06/01/2025	12	3	0,1	1	1	2	91
06/01/2025	13	3	0,1	1	1	2	88
06/01/2025	14	3	0,1	1	1	2	86
06/01/2025	15	3	0,1	1	1	2	85
06/01/2025	16	3	0,1	1	1	2	80
06/01/2025	17	3	0,1	1	2	2	73
06/01/2025	18	3	0,1	1	2	3	73
06/01/2025	19	3	0,1	1	1	2	77
06/01/2025	20	3	0,1	1	3	3	77
06/01/2025	21	3	0,1	1	1	2	81
06/01/2025	22	3	0,1	1	1	2	78
06/01/2025	23	3	0,1	1	1	2	78
07/01/2025	00	3	0,1	1	1	2	80
07/01/2025	01	3	0,1	1	1	2	80
07/01/2025	02	3	0,1	1	1	2	81
07/01/2025	03	3	0,1	1	1	2	81
07/01/2025	04	3	0,1	1	1	2	78
07/01/2025	05	3	0,1	1	1	2	77
07/01/2025	06	3	0,1	1	1	2	76
07/01/2025	07	3	0,1	1	3	4	68
07/01/2025	08	3	0,1	1	8	9	59
07/01/2025	09	3	0,1	2	16	19	45
07/01/2025	10	3	0,1	5	16	23	44
07/01/2025	11	3	0,1	2	3	5	77
07/01/2025	12	3	0,1	1	1	2	80
07/01/2025	13	3	0,1	1	1	2	82
07/01/2025	14	3	0,1	1	2	2	77
07/01/2025	15	3	0,1	1	1	2	81
07/01/2025	16	3	0,1	1	1	2	79
07/01/2025	17	3	0,1	1	3	4	74
07/01/2025	18	3	0,1	1	7	8	65
07/01/2025	19	3	0,1	1	5	5	71
07/01/2025	20	3	0,1	1	3	4	70
07/01/2025	21	3	0,1	1	2	3	69
07/01/2025	22	3	0,1	1	2	2	69
07/01/2025	23	3	0,1	1	1	2	73
08/01/2025	00	3	0,1	1	1	2	75
08/01/2025	01	4	0,1	1	1	2	78
08/01/2025	02	4	0,1	1	1	2	77
08/01/2025	03	4	0,1	1	1	2	80
08/01/2025	04	3	0,1	1	1	2	79
08/01/2025	05	4	0,1	1	1	2	76
08/01/2025	06	3	0,1	1	1	2	72
08/01/2025	07	3	0,1	1	7	8	58
08/01/2025	08	3	0,1	1	5	6	68
08/01/2025	09	3	0,1	1	3	3	69
08/01/2025	10	3	0,1	1	1	2	72
08/01/2025	11	3	0,1	1	1	2	77
08/01/2025	12	3	0,1	1	1	2	75
08/01/2025	13	3	0,1	1	1	2	74
08/01/2025	14	3	0,1	1	2	2	75
08/01/2025	15	3	0,1	1	2	4	78
08/01/2025	16	3	0,1	1	4	4	74
08/01/2025	17	3	0,1	1	12	12	58
08/01/2025	18	3	0,1	1	14	16	55
08/01/2025	19	3	0,1	1	9	10	62
08/01/2025	20	3	0,1	1	8	8	64
08/01/2025	21	3	0,1	1	6	7	66
08/01/2025	22	3	0,1	1	5	6	69
08/01/2025	23	3	0,1	1	2	2	76
09/01/2025	00	3	0,1	1	1	2	72
09/01/2025	01	3	0,1	1	1	2	77
09/01/2025	02	3	0,1	1	1	2	78
09/01/2025	03	3	0,1	1	1	2	77
09/01/2025	04	3	0,1	1	1	2	79
09/01/2025	05	3	0,1	1	1	2	74
09/01/2025	06	3	0,1	1	3	4	68
09/01/2025	07	3	0,1	1	10	11	59
09/01/2025	08	3	0,1	1	9	10	68
09/01/2025	09	3	0,1	1	5	6	72
09/01/2025	10	3	0,1	1	2	3	75
09/01/2025	11	3	0,1	1	1	2	77
09/01/2025	12	3	0,1	1	1	2	76
09/01/2025	13	3	0,1	1	1	2	76
09/01/2025	14	3	0,1	1	1	2	76
09/01/2025	15	3	0,1	1	1	2	75
09/01/2025	16	3	0,1	1	1	2	73
09/01/2025	17	3	0,1	1	2	2	70
09/01/2025	18	3	0,1	1	3	3	65
09/01/2025	19	3	0,1	1	5	6	61
09/01/2025	20	3	0,1	1	5	5	53
09/01/2025	21	3	0,1	1	21	22	35
09/01/2025	22	3	0,1	1	17	17	35
09/01/2025	23	3	0,1	1	19	19	27
10/01/2025	00	3	0,1	1	9	9	45
10/01/2025	01	3	0,1	1	8	8	41
10/01/2025	02	3	0,1	1	5	5	48
10/01/2025	03	3	0,1	1	3	3	47
10/01/2025	04	3	0,1	1	2	2	43
10/01/2025	05	3	0,1	1	3	4	34
10/01/2025	06	3	0,1	1	8	9	31
10/01/2025	07	3	0,1	2	21	24	27
10/01/2025	08	3	0,1	4	18	25	22
10/01/2025	09	3	0,1	7	22	33	18
10/01/2025	10	3	0,1	3	5	9	48
10/01/2025	11	3	0,1	1	2	3	57
10/01/2025	12	3	0,1	2	2	4	62
10/01/2025	13	3	0,1	1	1	3	62
10/01/2025	14	3	0,1	1	1	2	65
10/01/2025	15	3	0,1	1	1	2	70
10/01/2025	16	3	0,1	1	1	2	71
10/01/2025	17	3	0,1	1	1	2	68
10/01/2025	18	3	0,1	1	3	3	62
10/01/2025	19	3	0,1	1	4	5	61
10/01/2025	20	3	0,1	1	5	5	56
10/01/2025	21	3	0,1	1	8	9	50
10/01/2025	22	3	0,1	1	7	7	55
10/01/2025	23	3	0,1	1	6	6	52
11/01/2025	00	3	0,1	1	4	4	60
11/01/2025	01	3	0,1	1	2	3	66
11/01/2025	02	3	0,1	1	1	2	69
11/01/2025	03	3	0,1	1	1	2	70
11/01/2025	04	3	0,1	1	1	2	71
11/01/2025	05	3	0,1	1	1	2	71
11/01/2025	06	3	0,1	1	1	2	69
11/01/2025	07	3	0,1	1	3	4	57
11/01/2025	08	3	0,1	1	2	3	63
11/01/2025	09	3	0,1	1	4	5	55
11/01/2025	10	3	0,1	1	3	4	58
11/01/2025	11	3	0,1	1	1	2	61
11/01/2025	12	3	0,1	1	1	2	65
11/01/2025	13	3	0,1	1	1	2	69
11/01/2025	14	3	0,1	1	1	2	79
11/01/2025	15	3	0,1	1	1	2	82
11/01/2025	16	3	0,1	1	1	2	84
11/01/2025	17	3	0,1	1	1	2	86
11/01/2025	18	3	0,1	1	1	2	87
11/01/2025	19	3	0,1	1	1	2	88
11/01/2025	20	3	0,1	1	1	2	83
11/01/2025	21	3	0,1	1	1	2	81
11/01/2025	22	3	0,1	1	1	2	87
11/01/2025	23	3	0,1	1	1	2	89
12/01/2025	00	3	0,1	1	1	2	89
12/01/2025	01	3	0,1	1	1	2	88
12/01/2025	02	3	0,1	1	1	2	87
12/01/2025	03	3	0,1	1	1	2	87
12/01/2025	04	3	0,1	1	1	2	86
12/01/2025	05	3	0,1	1	1	2	87
12/01/2025	06	3	0,1	1	1	2	88
12/01/2025	07	3	0,1	1	1	2	86
12/01/2025	08	3	0,1	1	1	2	87
12/01/2025	09	3	0,1	1	1	2	84
12/01/2025	10	3	0,1	1	1	2	86
12/01/2025	11	3	0,2	1	1	2	86
12/01/2025	12	3	0,1	1	1	2	86
12/01/2025	13	4	0,1	1	1	2	85
12/01/2025	14	3	0,1	1	1	2	85
12/01/2025	15	4	0,1	1	3	4	83
12/01/2025	16	4	0,1	1	1	2	91
12/01/2025	17	4	0,1	1	2	3	86
12/01/2025	18	4	0,1	1	10	10	64
12/01/2025	19	3	0,1	1	8	9	68
12/01/2025	20	3	0,1	1	9	10	65
12/01/2025	21	4	0,1	1	6	7	69
12/01/2025	22	3	0,1	1	4	4	71
12/01/2025	23	3	0,1	1	4	4	64
13/01/2025	00	3	0,1	1	3	3	57
13/01/2025	01	3	0,1	1	1	2	59
13/01/2025	02	4	0,1	1	1	2	59
13/01/2025	03	3	0,1	1	1	2	55
13/01/2025	04	3	0,1	1	1	2	51
13/01/2025	05	3	0,1	1	2	3	41
13/01/2025	06	3	0,1	1	10	10	28
13/01/2025	07	4	0,1	2	22	24	9
13/01/2025	08	3	0,1	6	30	40	7
13/01/2025	09	3	0,1	8	25	36	22
13/01/2025	10	3	0,1	4	12	17	49
13/01/2025	11	3	0,1	1	5	7	61
13/01/2025	12	3	0,1	1	2	3	77
13/01/2025	13	3	0,1	1	1	2	86
13/01/2025	14	3	0,1	1	1	2	86
13/01/2025	15	3	0,1	1	3	4	82
13/01/2025	16	3	0,1	1	5	6	76
13/01/2025	17	3	0,1	1	8	8	75
13/01/2025	18	3	0,1				58
13/01/2025	19	3	0,1				69
13/01/2025	20	3	0,1				73
13/01/2025	21	3	0,1				76
13/01/2025	22	3	0,1				50
13/01/2025	23	3	0,1				26
14/01/2025	00	3	0,1				37
14/01/2025	01	3	0,1				38
14/01/2025	02	3	0,1	1	2	3	44
14/01/2025	03	3	0,1	1	1	2	46
14/01/2025	04	3	0,1	1	2	2	49
14/01/2025	05	3	0,1	1	2	2	51
14/01/2025	06	3	0,1				50
14/01/2025	07	3	0,1				36
14/01/2025	08	3	0,1	4	29	34	14
14/01/2025	09	3	0,1	4	20	25	26
14/01/2025	10	3	0,1	6	17	27	36
14/01/2025	11	3	0,1	3	7	11	55
14/01/2025	12	3	0,1	1	2	3	74
14/01/2025	13	3	0,1	1	1	2	82
14/01/2025	14	3	0,1	2	8	11	69
14/01/2025	15	3	0,1	2	10	14	72
14/01/2025	16	3	0,1	3	15	19	62
14/01/2025	17	4	0,1	2	14	16	65
14/01/2025	18	3	0,1	1	33	34	33
14/01/2025	19	3	0,1	4	53	59	9
14/01/2025	20	3	0,1	3	34	38	21
14/01/2025	21	3	0,1	1	24	25	25
14/01/2025	22	3	0,2	5	37	44	4
14/01/2025	23	3	0,1	1	21	22	16
15/01/2025	00	3	0,1				26
15/01/2025	01	3	0,1				29
15/01/2025	02	4	0,1				32
15/01/2025	03	4	0,1				33
15/01/2025	04	3	0,1				36
15/01/2025	05	3	0,1	1	11	11	25
15/01/2025	06	3	0,1	1	18	18	16
15/01/2025	07	3	0,1	11	32	48	5
15/01/2025	08	3	0,1	23	36	71	2
15/01/2025	09	3	0,1	18	29	55	10
15/01/2025	10	3	0,1	10	14	30	32
15/01/2025	11	3	0,1	4	11	17	45
15/01/2025	12	3	0,1	2	7	10	60
15/01/2025	14	3	0,1	1	5	6	74
15/01/2025	15	3	0,1	2	7	9	71
15/01/2025	16	3	0,1	2	18	22	57
15/01/2025	17	3	0,1	5	35	42	29
15/01/2025	18	3	0,1	15	60	83	6
15/01/2025	19	3	0,2	19	66	95	2
15/01/2025	20	3	0,2	17	62	88	2
15/01/2025	21	3	0,2	2	34	35	19
15/01/2025	22	3	0,2				17
15/01/2025	23	3	0,2				8
16/01/2025	00	3	0,2				14
16/01/2025	01	3	0,2	1	21	22	11
16/01/2025	02	3	0,1				25
16/01/2025	03	3	0,1				28
16/01/2025	04	3	0,1				28
16/01/2025	05	3	0,1				28
16/01/2025	06	3	0,1				27
16/01/2025	07	4	0,1				12
16/01/2025	08	3	0,1	11	31	47	4
16/01/2025	09	5	0,1	23	31	66	6
16/01/2025	10	3	0,1	22	23	56	23
16/01/2025	11	4	0,1	1	1	2	74
16/01/2025	12	4	0,1	1	1	2	79
16/01/2025	13	3	0,1	1	1	2	86
16/01/2025	14	3	0,1	1	1	2	88
16/01/2025	15	3	0,1	1	1	2	88
16/01/2025	16	3	0,1	1	2	2	82
16/01/2025	17	3	0,1				74
16/01/2025	18	3	0,1				64
16/01/2025	19	3	0,1				69
16/01/2025	20	3	0,1	1	1	2	78
16/01/2025	21	3	0,1				68
16/01/2025	22	3	0,1	1	4	4	59
16/01/2025	23	3	0,1	1	2	2	64
17/01/2025	00	3	0,1	1	1	2	65
17/01/2025	01	4	0,1	1	1	2	64
17/01/2025	02	4	0,1	1	1	2	63
17/01/2025	03	3	0,1	1	1	2	66
17/01/2025	04	3	0,1	1	1	2	67
17/01/2025	05	3	0,1	1	1	2	71
17/01/2025	06	3	0,1	1	1	2	71
17/01/2025	07	3	0,1	1	1	2	69
17/01/2025	08	3	0,1	1	1	2	72
17/01/2025	09	3	0,1	1	1	2	67
17/01/2025	10	3	0,1	1	1	2	66
17/01/2025	11	3	0,1	1	1	2	67
17/01/2025	12	3	0,1	1	1	2	65
17/01/2025	13	3	0,1	1	1	2	62
17/01/2025	14	3	0,1	1	1	2	66
17/01/2025	15	3	0,1	1	1	2	70
17/01/2025	16	3	0,1	1	1	2	71
17/01/2025	17	3	0,1	1	2	2	70
17/01/2025	18	3	0,1	1	2	2	68
17/01/2025	19	3	0,1				62
17/01/2025	20	3	0,2				50
17/01/2025	21	3	0,2				37
17/01/2025	22	3	0,1				31
17/01/2025	23	3	0,2	2	29	32	11
18/01/2025	00	5	0,2				20
18/01/2025	01	3	0,1				28
18/01/2025	02	3	0,1				40
18/01/2025	03	4	0,1	1	1	2	45
18/01/2025	04	6	0,1	1	1	2	49
18/01/2025	05	3	0,1	1	1	2	48
18/01/2025	06	3	0,1	1	1	2	47
18/01/2025	07	4	0,1	1	2	2	41
18/01/2025	08	5	0,1				32
18/01/2025	09	3	0,1	1	9	9	42
18/01/2025	10	3	0,1	1	3	3	54
18/01/2025	11	3	0,1	1	1	2	62
18/01/2025	12	3	0,1	1	2	2	65
18/01/2025	13	3	0,1	1	1	2	78
18/01/2025	14	3	0,1	1	1	2	87
18/01/2025	15	3	0,1	1	1	2	84
18/01/2025	16	3	0,1	1	4	4	77
18/01/2025	17	3	0,1				68
18/01/2025	18	3	0,1	1	18	18	41
18/01/2025	19	3	0,1	1	25	25	30
18/01/2025	20	3	0,1	2	31	33	14
18/01/2025	21	3	0,2	1	26	27	17
18/01/2025	22	3	0,2	6	36	45	3
18/01/2025	23	3	0,2	3	24	28	4
19/01/2025	00	3	0,1				14
19/01/2025	01	3	0,1				15
19/01/2025	02	3	0,1				19
19/01/2025	03	3	0,1				25
19/01/2025	04	3	0,1				30
19/01/2025	05	5	0,1	1	2	2	30
19/01/2025	06	3	0,1	1	2	2	34
19/01/2025	07	3	0,1				36
19/01/2025	08	3	0,1	1	1	2	44
19/01/2025	09	3	0,1	1	9	10	30
19/01/2025	10	3	0,1	3	9	13	39
19/01/2025	11	3	0,1	1	4	6	55
19/01/2025	12	3	0,1	1	2	2	64
19/01/2025	13	3	0,1	1	1	2	75
19/01/2025	14	4	0,1	1	1	2	84
19/01/2025	15	4	0,1	1	1	2	86
19/01/2025	16	3	0,1	1	9	10	72
19/01/2025	17	4	0,1				77
19/01/2025	18	3	0,1				46
19/01/2025	19	3	0,1	1	40	42	23
19/01/2025	20	4	0,2	2	36	38	21
19/01/2025	21	4	0,2	1	21	22	35
19/01/2025	22	4	0,1				22
19/01/2025	23	3	0,1				20
20/01/2025	00	3	0,1				19
20/01/2025	01	3	0,1				29
20/01/2025	02	3	0,1				37
20/01/2025	03	3	0,1				39
20/01/2025	04	3	0,1	1	2	2	36
20/01/2025	05	3	0,1				34
20/01/2025	06	3	0,1				33
20/01/2025	07	3	0,1	5	27	34	12
20/01/2025	08	3	0,1	22	30	63	9
20/01/2025	09	3	0,1	14	31	51	14
20/01/2025	10	3	0,1	7	17	27	29
20/01/2025	11	3	0,1	6	19	28	33
20/01/2025	12	3	0,1	3	15	20	50
20/01/2025	13	3	0,1	1	10	11	61
20/01/2025	15	4	0,1				71
20/01/2025	16	3	0,1	4	33	39	33
20/01/2025	17	3	0,1	9	39	52	17
20/01/2025	18	3	0,1	2	37	41	15
20/01/2025	19	3	0,1	6	46	55	3
20/01/2025	20	3	0,2	3	41	45	2
20/01/2025	21	3	0,2	10	41	57	2
20/01/2025	22	3	0,2	12	38	56	1
20/01/2025	23	3	0,2	9	34	48	1
21/01/2025	00	3	0,1	1	21	22	7
21/01/2025	01	4	0,1				18
21/01/2025	02	4	0,1				23
21/01/2025	03	4	0,1				23
21/01/2025	04	4	0,1				18
21/01/2025	05	4	0,1	1	10	10	10
21/01/2025	06	3	0,1				12
21/01/2025	07	3	0,1	1	12	13	7
21/01/2025	08	3	0,1	25	23	61	2
21/01/2025	09	3	0,1	29	20	65	2
21/01/2025	10	3	0,1	18	15	43	5
21/01/2025	11	3	0,1	7	16	27	10
21/01/2025	12	3	0,1	12	17	35	15
21/01/2025	13	3	0,1	3	8	13	36
21/01/2025	14	3	0,1	3	14	18	34
21/01/2025	15	3	0,1	8	27	39	19
21/01/2025	16	3	0,1	25	42	80	6
21/01/2025	17	3	0,1	26	45	84	2
21/01/2025	18	3	0,1	39	40	99	1
21/01/2025	19	3	0,2	39	41	101	1
21/01/2025	20	3	0,1	18	41	69	1
21/01/2025	21	4	0,2	23	36	70	1
21/01/2025	22	6	0,2	40	35	97	1
21/01/2025	23	6	0,2	30	27	73	1
22/01/2025	00	3	0,2	17	24	50	1
22/01/2025	01	3	0,2	7	20	30	1
22/01/2025	02	3	0,1	1	15	16	3
22/01/2025	03	3	0,1	1	15	15	3
22/01/2025	04	3	0,1	1	11	11	4
22/01/2025	05	3	0,1	1	8	9	11
22/01/2025	06	3	0,1	2	17	20	6
22/01/2025	07	3	0,1	2	18	20	8
22/01/2025	08	4	0,1	24	26	63	2
22/01/2025	09	3	0,1	18	24	52	5
22/01/2025	10	3	0,1	12	22	41	19
22/01/2025	11	3	0,1	5	9	16	42
22/01/2025	12	3	0,1	3	7	11	48
22/01/2025	13	3	0,1	2	12	15	54
22/01/2025	14	3	0,1	3	15	20	54
22/01/2025	15	3	0,1	1	10	11	59
22/01/2025	16	3	0,1				71
22/01/2025	17	3	0,1				70
22/01/2025	18	3	0,1				66
22/01/2025	19	3	0,1				64
22/01/2025	20	3	0,1				66
22/01/2025	21	3	0,1				58
22/01/2025	22	3	0,1				57
22/01/2025	23	3	0,1				54
23/01/2025	00	3	0,1				56
23/01/2025	01	3	0,1	1	1	2	67
23/01/2025	02	3	0,1	1	1	2	61
23/01/2025	03	4	0,1	1	1	2	57
23/01/2025	04	5	0,1				48
23/01/2025	05	3	0,1				47
23/01/2025	06	3	0,1	1	7	7	52
23/01/2025	07	3	0,1	6	22	31	36
23/01/2025	08	3	0,1	10	36	50	7
23/01/2025	09	3	0,1	9	29	42	20
23/01/2025	10	3	0,1	1	6	7	64
23/01/2025	11	3	0,1	1	3	4	71
23/01/2025	12	3	0,1	1	1	2	78
23/01/2025	13	3	0,1	1	1	2	78
23/01/2025	14	3	0,1	1	1	2	83
23/01/2025	15	3	0,1	1	1	2	86
23/01/2025	16	3	0,1	1	1	2	85
23/01/2025	17	3	0,1	1	2	2	80
23/01/2025	18	3	0,1				62
23/01/2025	19	3	0,1				58
23/01/2025	20	3	0,1				54
23/01/2025	21	3	0,1				43
23/01/2025	22	3	0,1				45
23/01/2025	23	3	0,1				48
24/01/2025	00	3	0,1	1	2	2	65
24/01/2025	01	3	0,1	1	2	2	53
24/01/2025	02	3	0,1	1	2	2	49
24/01/2025	03	3	0,1	1	1	2	51
24/01/2025	04	3	0,1	1	2	2	46
24/01/2025	05	3	0,1	1	2	2	48
24/01/2025	06	3	0,1	1	15	16	23
24/01/2025	07	4	0,1	3	24	29	11
24/01/2025	08	3	0,1	9	28	42	6
24/01/2025	09	3	0,1	9	23	37	18
24/01/2025	10	3	0,1	6	15	23	35
24/01/2025	11	3	0,1	2	4	7	67
24/01/2025	12	5	0,1	1	1	2	80
24/01/2025	13	3	0,1	1	1	2	84
24/01/2025	14	3	0,1				86
24/01/2025	15	3	0,1	2	3	6	86
24/01/2025	16	3	0,1	2	3	6	87
24/01/2025	17	3	0,1	2	4	7	86
24/01/2025	18	3	0,1	2	7	9	78
24/01/2025	19	3	0,1	2	11	14	68
24/01/2025	20	3	0,1	2	8	10	77
24/01/2025	21	3	0,1	2	5	7	81
24/01/2025	22	3	0,1	2	5	8	77
24/01/2025	23	3	0,1	2	5	8	71
25/01/2025	00	3	0,1	2	7	9	59
25/01/2025	01	3	0,1	2	9	12	55
25/01/2025	02	4	0,1	2	6	8	54
25/01/2025	03	4	0,1	2	4	6	60
25/01/2025	04	3	0,1	2	3	6	55
25/01/2025	05	3	0,1	2	3	6	59
25/01/2025	06	3	0,1	2	4	6	68
25/01/2025	07	6	0,1	2	6	8	60
25/01/2025	08	5	0,1	2	9	12	49
25/01/2025	09	4	0,1	2	12	16	47
25/01/2025	10	3	0,1	2	11	14	56
25/01/2025	11	3	0,1	2	6	9	65
25/01/2025	12	3	0,1	2	4	7	74
25/01/2025	13	3	0,1	2	3	5	84
25/01/2025	14	4	0,1	2	2	5	84
25/01/2025	15	4	0,1	2	2	5	83
25/01/2025	16	3	0,1	1	3	5	82
25/01/2025	17	3	0,1	2	3	5	76
25/01/2025	18	3	0,1	2	6	8	67
25/01/2025	19	6	0,1	1	5	7	77
25/01/2025	20	12	0,1	1	7	9	71
25/01/2025	21	11	0,1	1	6	8	73
25/01/2025	22	14	0,1	2	3	5	78
25/01/2025	23	12	0,1	2	4	6	69
26/01/2025	00	9	0,1	2	4	6	73
26/01/2025	01	4	0,1	1	2	4	77
26/01/2025	02	5	0,1	2	2	5	77
26/01/2025	03	3	0,1	1	2	5	76
26/01/2025	04	6	0,1	2	2	5	75
26/01/2025	05	11	0,1	2	2	5	78
26/01/2025	06	10	0,1	2	2	5	81
26/01/2025	07	6	0,1	2	10	13	49
26/01/2025	08	5	0,1	2	8	10	56
26/01/2025	09	3	0,1	2	5	8	61
26/01/2025	10	3	0,1	2	3	6	73
26/01/2025	11	3	0,1	2	2	5	80
26/01/2025	12	3	0,1	2	2	5	85
26/01/2025	13	3	0,1	2	2	5	86
26/01/2025	14	3	0,1	2	2	5	85
26/01/2025	15	3	0,1	2	2	5	81
26/01/2025	16	3	0,1	2	4	6	75
26/01/2025	17	3	0,1	2	5	7	71
26/01/2025	18	3	0,1	2	12	15	51
26/01/2025	19	3	0,1	2	18	20	51
26/01/2025	20	3	0,1	2	18	20	48
26/01/2025	21	3	0,1	2	3	6	73
26/01/2025	22	3	0,1	2	4	6	69
26/01/2025	23	3	0,1	2	2	5	74
27/01/2025	00	3	0,1	2	3	5	70
27/01/2025	01	3	0,1	2	3	6	65
27/01/2025	02	3	0,1	2	3	5	69
27/01/2025	03	3	0,1	2	2	5	72
27/01/2025	04	3	0,1	2	3	5	70
27/01/2025	05	3	0,1	1	3	6	65
27/01/2025	06	3	0,1	2	5	7	61
27/01/2025	07	3	0,1	2	6	9	60
27/01/2025	08	3	0,1	2	5	9	60
27/01/2025	09	3	0,1	2	4	7	60
27/01/2025	10	3	0,1	2	3	6	61
27/01/2025	11	3	0,1	2	3	5	61
27/01/2025	12	3	0,1	2	3	5	61
27/01/2025	13	3	0,1	2	2	5	64
27/01/2025	14	3	0,1	2	2	5	65
27/01/2025	15	3	0,1	2	2	5	71
27/01/2025	16	3	0,1	2	2	5	70
27/01/2025	17	3	0,1	2	5	7	60
27/01/2025	18	3	0,1	2	5	8	59
27/01/2025	19	3	0,1	2	5	8	56
27/01/2025	20	3	0,1	2	3	5	73
27/01/2025	21	4	0,1	2	2	5	86
27/01/2025	22	3	0,1	1	2	5	88
27/01/2025	23	3	0,1	1	2	5	93
28/01/2025	00	3	0,1	2	2	5	92
28/01/2025	01	3	0,1	2	2	5	92
28/01/2025	02	3	0,1	2	2	5	91
28/01/2025	03	3	0,1	2	2	5	89
28/01/2025	04	3	0,1	2	2	5	91
28/01/2025	05	3	0,1	2	2	5	91
28/01/2025	06	3	0,1	2	2	5	90
28/01/2025	07	3	0,1	2	3	5	89
28/01/2025	08	3	0,1	2	3	5	86
28/01/2025	09	3	0,1	2	3	5	90
28/01/2025	10	3	0,1	2	2	5	94
28/01/2025	11	3	0,1	2	2	5	94
28/01/2025	12	3	0,1	2	2	5	92
28/01/2025	13	3	0,1	2	2	5	91
28/01/2025	14	3	0,1	2	2	5	90
28/01/2025	15	3	0,1	2	2	5	90
28/01/2025	16	3	0,1	2	2	5	89
28/01/2025	17	3	0,1	2	3	6	84
28/01/2025	18	3	0,1	2	4	6	83
28/01/2025	19	3	0,1	2	4	7	80
28/01/2025	20	3	0,1	2	4	6	79
28/01/2025	21	3	0,1	2	3	6	79
28/01/2025	22	3	0,1	2	2	5	80
28/01/2025	23	3	0,1	2	2	5	81
29/01/2025	00	3	0,1	2	2	5	80
29/01/2025	01	3	0,1	2	2	5	78
29/01/2025	02	3	0,1	1	2	5	78
29/01/2025	03	3	0,1	2	2	5	77
29/01/2025	04	3	0,1	2	2	5	79
29/01/2025	05	3	0,1	2	4	6	72
29/01/2025	06	3	0,1	2	4	7	66
29/01/2025	07	3	0,1	2	9	12	63
29/01/2025	08	3	0,1	2	10	13	59
29/01/2025	09	3	0,1	3	10	14	58
29/01/2025	10	3	0,1	2	7	10	64
29/01/2025	11	3	0,1	2	5	8	71
29/01/2025	12	3	0,1	2	4	7	78
29/01/2025	13	3	0,1	2	4	7	82
29/01/2025	14	3	0,1	2	3	6	79
29/01/2025	15	3	0,1	2	4	7	78
29/01/2025	16	3	0,1	2	5	8	78
29/01/2025	17	3	0,2	2	10	14	70
29/01/2025	18	3	0,1	2	9	11	79
29/01/2025	19	3	0,1	2	6	8	83
29/01/2025	20	3	0,1	2	4	7	82
29/01/2025	21	3	0,1	2	6	9	75
29/01/2025	22	3	0,1	2	5	8	79
29/01/2025	23	3	0,1	2	3	6	85
30/01/2025	00	3	0,1	2	3	5	81
30/01/2025	01	3	0,1	2	3	5	81
30/01/2025	02	3	0,1	2	2	5	89
30/01/2025	03	3	0,1	1	2	5	92
30/01/2025	04	3	0,1	2	3	5	88
30/01/2025	05	3	0,1	2	3	5	85
30/01/2025	06	3	0,1	2	4	6	78
30/01/2025	07	3	0,1	2	11	13	57
30/01/2025	08	3	0,1	2	21	25	46
30/01/2025	09	3	0,1	3	11	16	64
30/01/2025	10	3	0,1	2	4	7	76
30/01/2025	11	3	0,1	2	2	5	80
30/01/2025	12	3	0,1	2	2	5	78
30/01/2025	13	3	0,1	2	2	5	77
30/01/2025	14	3	0,1	2	2	5	77
30/01/2025	15	3	0,1	2	2	5	80
30/01/2025	16	3	0,1	1	8	10	63
30/01/2025	17	3	0,1	2	15	17	50
30/01/2025	18	3	0,1	2	8	10	73
30/01/2025	19	3	0,1	1	2	5	83
30/01/2025	20	3	0,1	2	2	5	81
30/01/2025	21	3	0,1	2	2	5	79
30/01/2025	22	3	0,1	2	2	5	76
30/01/2025	23	3	0,1	1	2	4	77
31/01/2025	00	3	0,1	2	2	5	76
31/01/2025	01	3	0,1	1	2	5	75
31/01/2025	02	3	0,1	1	2	5	74
31/01/2025	03	3	0,1	2	2	5	78
31/01/2025	04	3	0,1	2	2	5	79
31/01/2025	05	3	0,1	2	2	5	77
31/01/2025	06	3	0,1	1	2	5	74
31/01/2025	07	3	0,1	2	10	12	55
31/01/2025	08	3	0,1	3	19	23	36
31/01/2025	09	3	0,1	4	14	20	50
31/01/2025	10	3	0,1	3	5	9	65
31/01/2025	11	3	0,1	2	3	6	73
31/01/2025	12	3	0,1	2	2	6	80
31/01/2025	13	3	0,1	2	2	5	86
31/01/2025	14	3	0,1	2	2	5	88
31/01/2025	15	3	0,1	2	3	7	87
31/01/2025	16	3	0,1	2	5	9	82
31/01/2025	17	3	0,1	2	12	16	76
31/01/2025	18	3	0,1	2	17	21	64
31/01/2025	19	3	0,1	2	22	24	45
31/01/2025	20	3	0,1	2	22	24	49
31/01/2025	21	3	0,1	2	22	25	42
31/01/2025	22	3	0,1	2	17	19	46
31/01/2025	23	3	0,1	2	7	10	55
01/02/2025	00	3	0,1	2	11	14	35
01/02/2025	01	3	0,1	2	14	16	23
01/02/2025	02	3	0,1	2	12	15	21
01/02/2025	03	3	0,1	2	7	9	25
01/02/2025	04	3	0,1	2	5	7	42
01/02/2025	05	3	0,1	2	3	5	47
01/02/2025	06	3	0,1	2	4	7	44
01/02/2025	07	4	0,1	2	5	8	46
01/02/2025	08	5	0,2	2	12	15	39
01/02/2025	09	6	0,1	3	11	15	42
01/02/2025	10	10	0,1	3	10	15	48
01/02/2025	11	11	0,1	3	8	12	56
01/02/2025	12	11	0,1	3	6	10	67
01/02/2025	13	4	0,1	2	3	6	77
01/02/2025	14	3	0,1	2	3	5	78
01/02/2025	15	3	0,1	2	5	8	81
01/02/2025	16	3	0,1	2	5	7	78
01/02/2025	17	3	0,1	2	5	7	75
01/02/2025	18	3	0,1	2	8	10	64
01/02/2025	19	3	0,1	2	11	13	56
01/02/2025	20	3	0,1	2	8	11	45
01/02/2025	21	3	0,1	2	15	17	29
01/02/2025	22	3	0,1	2	17	19	30
01/02/2025	23	3	0,1	2	10	13	33
02/02/2025	00	3	0,1	2	11	13	20
02/02/2025	01	3	0,1	2	10	13	23
02/02/2025	02	3	0,1	1	5	8	35
02/02/2025	03	3	0,1	1	5	7	37
02/02/2025	04	3	0,1	2	4	6	36
02/02/2025	05	4	0,1	2	2	5	34
02/02/2025	06	3	0,1	2	2	5	38
02/02/2025	07	3	0,1	2	5	8	31
02/02/2025	08	4	0,1	2	8	10	29
02/02/2025	09	5	0,1	2	6	9	42
02/02/2025	10	3	0,1	2	3	6	58
02/02/2025	11	3	0,1	2	2	6	64
02/02/2025	12	3	0,1	2	3	6	74
02/02/2025	13	3	0,1	2	3	5	80
02/02/2025	14	3	0,1	2	3	5	83
02/02/2025	15	3	0,1	2	3	6	82
02/02/2025	16	6	0,1	2	3	5	85
02/02/2025	17	5	0,1	2	3	6	85
02/02/2025	18	8	0,1	2	5	8	75
02/02/2025	19	6	0,1	2	20	23	43
02/02/2025	20	8	0,2	2	16	18	45
02/02/2025	21	8	0,2	2	11	14	46
02/02/2025	22	11	0,2	2	24	27	17
02/02/2025	23	10	0,1	2	21	24	10
03/02/2025	00	11	0,1	2	13	16	23
03/02/2025	01	3	0,1	2	6	9	28
03/02/2025	02	3	0,1	2	4	7	33
03/02/2025	03	3	0,1	2	3	6	33
03/02/2025	04	3	0,1	2	3	5	31
03/02/2025	05	3	0,1	2	4	6	27
03/02/2025	06	3	0,1	2	11	13	17
03/02/2025	07	3	0,1	11	25	42	3
03/02/2025	08	3	0,1	35	33	86	2
03/02/2025	09	3	0,1	16	25	51	13
03/02/2025	10	3	0,1	6	12	22	38
03/02/2025	11	3	0,1	4	8	15	54
03/02/2025	12	3	0,1	2	5	8	76
03/02/2025	15	6	0,1	2	5	8	88
03/02/2025	16	6	0,1	2	7	9	83
03/02/2025	17	5	0,1	3	12	16	71
03/02/2025	18	8	0,1	2	29	32	36
03/02/2025	19	5	0,1	5	50	56	11
03/02/2025	20	7	0,1	10	55	70	2
03/02/2025	21	5	0,1	6	42	52	11
03/02/2025	22	4	0,1	5	22	28	27
03/02/2025	23	3	0,1	7	30	41	5
04/02/2025	00	3	0,1	2	13	16	21
04/02/2025	01	3	0,1	2	11	13	28
04/02/2025	02	3	0,1	2	7	9	30
04/02/2025	03	3	0,1	2	5	7	33
04/02/2025	04	3	0,1	2	5	8	34
04/02/2025	05	3	0,1	2	5	8	36
04/02/2025	06	3	0,1	2	14	16	23
04/02/2025	07	3	0,1	10	33	48	3
04/02/2025	08	3	0,1	5	25	33	21
04/02/2025	09	3	0,1	9	24	37	25
04/02/2025	10	3	0,1	11	18	34	34
04/02/2025	11	3	0,1	5	10	18	52
04/02/2025	12	3	0,1	3	5	8	72
04/02/2025	13	3	0,1	2	7	10	79
04/02/2025	14	3	0,1	2	5	8	92
04/02/2025	15	3	0,1	2	4	6	95
04/02/2025	16	3	0,1	2	6	9	90
04/02/2025	17	3	0,1	2	13	16	77
04/02/2025	18	3	0,1	3	38	42	37
04/02/2025	19	3	0,1	7	61	72	10
04/02/2025	20	3	0,1	3	29	33	43
04/02/2025	21	3	0,1	2	25	28	48
04/02/2025	22	3	0,1	2	17	19	60
04/02/2025	23	5	0,1	2	13	16	46
05/02/2025	00	4	0,1	2	21	24	21
05/02/2025	01	3	0,1	2	11	13	34
05/02/2025	02	3	0,1	2	8	11	31
05/02/2025	03	3	0,1	2	6	8	34
05/02/2025	04	3	0,1	1	4	6	40
05/02/2025	05	4	0,1	2	5	7	38
05/02/2025	06	4	0,1	2	12	14	28
05/02/2025	07	3	0,1	4	25	31	16
05/02/2025	08	3	0,1	41	44	107	3
05/02/2025	09	4	0,1	45	38	108	6
05/02/2025	10	4	0,1	10	18	34	34
05/02/2025	11	4	0,1	5	10	17	53
05/02/2025	12	3	0,1	3	7	11	71
05/02/2025	13	3	0,1	3	8	12	75
05/02/2025	14	3	0,1				92
05/02/2025	15	3	0,1				94
05/02/2025	16	3	0,1	4	9	15	87
05/02/2025	17	3	0,1	4	18	24	68
05/02/2025	18	3	0,1	4	36	42	36
05/02/2025	19	3	0,1	4	44	50	23
05/02/2025	20	3	0,1	5	50	58	12
05/02/2025	21	3	0,1	5	46	53	12
05/02/2025	22	3	0,1	3	25	28	27
05/02/2025	23	3	0,1	5	31	39	12
06/02/2025	00	3	0,1	3	21	25	14
06/02/2025	01	4	0,1	2	17	21	19
06/02/2025	02	4	0,1	2	11	15	23
06/02/2025	03	4	0,1	2	9	13	26
06/02/2025	04	5	0,1	2	8	11	28
06/02/2025	05	7	0,1	2	9	13	24
06/02/2025	06	8	0,1	2	13	17	22
06/02/2025	07	8	0,1	4	24	29	9
06/02/2025	08	8	0,1	10	32	47	6
06/02/2025	09	10	0,1	14	28	49	16
06/02/2025	10	9	0,1	8	16	28	36
06/02/2025	11	9	0,1	5	11	20	56
06/02/2025	12	8	0,2	3	8	12	86
06/02/2025	13	4	0,1	3	9	14	87
06/02/2025	14	4	0,1	5	13	20	80
06/02/2025	15	6	0,1	6	20	29	72
06/02/2025	16	6	0,1	5	18	26	79
06/02/2025	17	6	0,1	3	17	22	77
06/02/2025	18	5	0,1	3	23	27	64
06/02/2025	19	4	0,1	3	40	45	36
06/02/2025	20	6	0,1	4	47	53	22
06/02/2025	21	7	0,1	3	27	31	47
06/02/2025	22	3	0,1	4	39	45	19
06/02/2025	23	4	0,1	4	38	44	7
07/02/2025	00	4	0,1	3	29	33	6
07/02/2025	01	3	0,1	2	20	24	22
07/02/2025	02	3	0,1	2	11	15	27
07/02/2025	03	3	0,1	2	10	13	27
07/02/2025	04	3	0,1	2	8	11	32
07/02/2025	05	3	0,1	2	9	12	27
07/02/2025	06	3	0,1	2	17	21	14
07/02/2025	07	3	0,1	4	26	32	8
07/02/2025	08	3	0,1	12	33	52	5
07/02/2025	09	3	0,1	18	32	60	12
07/02/2025	10	3	0,1	12	21	39	33
07/02/2025	11	3	0,1	11	26	43	40
07/02/2025	12	3	0,1	13	26	46	47
07/02/2025	13	3	0,1	5	10	17	80
07/02/2025	14	3	0,1	3	9	13	82
07/02/2025	15	3	0,1	3	8	13	86
07/02/2025	16	3	0,1	3	13	17	89
07/02/2025	17	3	0,1	3	20	25	87
07/02/2025	18	3	0,1	3	29	34	67
07/02/2025	19	3	0,1	2	23	26	80
07/02/2025	20	3	0,1	2	11	14	84
07/02/2025	21	3	0,1	2	15	19	61
07/02/2025	22	3	0,1	2	14	18	69
07/02/2025	23	3	0,1	3	7	10	78
08/02/2025	00	3	0,1	2	6	9	75
08/02/2025	01	3	0,1	2	4	7	84
08/02/2025	02	3	0,1	2	4	7	80
08/02/2025	03	3	0,1	2	4	7	72
08/02/2025	04	3	0,1	2	5	8	60
08/02/2025	05	3	0,1	2	5	8	59
08/02/2025	06	3	0,1	2	6	9	48
08/02/2025	07	3	0,1	2	11	15	25
08/02/2025	08	3	0,1	2	16	20	17
08/02/2025	09	3	0,1	6	15	24	24
08/02/2025	10	3	0,1	5	11	19	44
08/02/2025	11	3	0,1	2	5	9	70
08/02/2025	12	3	0,1	2	3	7	80
08/02/2025	13	3	0,1	2	3	7	85
08/02/2025	14	4	0,1	2	3	7	89
08/02/2025	15	4	0,1	2	3	7	90
08/02/2025	16	3	0,1	2	4	8	88
08/02/2025	17	3	0,1	3	12	16	74
08/02/2025	18	3	0,1	3	12	16	74
08/02/2025	19	3	0,1	2	11	15	65
08/02/2025	20	3	0,1	2	15	18	58
08/02/2025	21	4	0,1	2	19	22	48
08/02/2025	22	3	0,1	2	14	18	52
08/02/2025	23	4	0,1	2	9	13	51
09/02/2025	00	3	0,1	2	14	18	31
09/02/2025	01	3	0,1	3	13	16	31
09/02/2025	02	3	0,1	2	16	20	17
09/02/2025	03	3	0,1	2	11	14	26
09/02/2025	04	4	0,1	2	6	10	31
09/02/2025	05	3	0,1	2	5	9	34
09/02/2025	06	3	0,1	2	5	9	42
09/02/2025	07	3	0,1	2	8	11	37
09/02/2025	08	3	0,1	3	7	11	37
09/02/2025	09	3	0,1	2	5	9	51
09/02/2025	10	3	0,1	3	5	9	55
09/02/2025	11	3	0,1	3	4	9	62
09/02/2025	12	3	0,1	2	4	8	69
09/02/2025	13	3	0,1	3	6	10	75
09/02/2025	14	3	0,1	3	7	12	79
09/02/2025	15	3	0,1	3	7	12	84
09/02/2025	16	3	0,1	3	6	10	86
09/02/2025	17	3	0,1	3	7	11	78
09/02/2025	18	3	0,1	2	7	11	77
09/02/2025	19	3	0,1	2	14	17	63
09/02/2025	20	3	0,1	2	14	17	63
09/02/2025	21	3	0,1	2	13	17	56
09/02/2025	22	4	0,1	3	12	16	50
09/02/2025	23	4	0,1	2	13	17	40
10/02/2025	00	4	0,1	2	13	17	32
10/02/2025	01	3	0,1	2	10	14	29
10/02/2025	02	3	0,1	2	6	10	40
10/02/2025	03	3	0,1	2	6	10	38
10/02/2025	04	3	0,1	2	7	10	37
10/02/2025	05	4	0,1	2	7	11	32
10/02/2025	06	3	0,1	2	16	20	17
10/02/2025	07	3	0,1	4	23	29	10
10/02/2025	08	3	0,1	9	30	44	7
10/02/2025	09	3	0,1	29	38	82	7
10/02/2025	10	3	0,1	9	25	39	27
10/02/2025	11	3	0,1	7	24	34	30
10/02/2025	12	3	0,1	4	15	21	70
10/02/2025	13	3	0,1	3	10	15	82
10/02/2025	14	3	0,1	3	8	13	87
10/02/2025	15	3	0,1	3	12	17	83
10/02/2025	16	3	0,1	2	9	14	91
10/02/2025	17	3	0,1	3	12	16	82
10/02/2025	18	3	0,1	3	14	18	71
10/02/2025	19	3	0,1	2	18	21	64
10/02/2025	20	4	0,1	2	14	18	69
10/02/2025	21	4	0,1	2	17	20	62
10/02/2025	22	3	0,1	2	18	22	58
10/02/2025	23	3	0,1	2	17	20	53
11/02/2025	00	4	0,1	2	14	17	55
11/02/2025	01	3	0,1	2	10	14	61
11/02/2025	02	4	0,1	2	8	11	59
11/02/2025	03	4	0,1	2	8	11	57
11/02/2025	04	3	0,1	2	7	11	45
11/02/2025	05	3	0,1	2	7	11	42
11/02/2025	06	4	0,1	2	10	13	35
11/02/2025	07	3	0,1	17	32	58	5
11/02/2025	08	3	0,1	22	33	67	6
11/02/2025	09	3	0,1	18	28	55	24
11/02/2025	10	3	0,1	15	23	46	40
11/02/2025	11	3	0,1	2	5	9	89
11/02/2025	12	4	0,1	3	5	9	91
11/02/2025	13	3	0,1	3	8	13	87
11/02/2025	14	3	0,1	4	13	19	86
11/02/2025	15	3	0,1	5	18	25	76
11/02/2025	16	3	0,1	5	19	27	76
11/02/2025	17	3	0,1	4	16	23	77
11/02/2025	18	3	0,1	3	22	26	67
11/02/2025	19	3	0,1	3	33	38	38
11/02/2025	20	3	0,1	3	24	28	54
11/02/2025	21	3	0,1	2	12	16	71
11/02/2025	22	3	0,1	2	11	14	65
11/02/2025	23	3	0,1	2	12	15	56
12/02/2025	00	3	0,1	2	14	18	34
12/02/2025	01	3	0,1	2	10	13	46
12/02/2025	02	3	0,1	3	6	10	57
12/02/2025	03	3	0,1	2	6	9	50
12/02/2025	04	3	0,1	2	7	10	45
12/02/2025	05	3	0,1	2	7	10	41
12/02/2025	06	3	0,1	2	12	16	27
12/02/2025	07	3	0,1	11	31	48	3
12/02/2025	08	3	0,1	14	33	53	4
12/02/2025	09	5	0,1	21	35	67	12
12/02/2025	10	9	0,1	13	34	53	31
12/02/2025	11	5	0,1	8	25	37	45
12/02/2025	12	6	0,1	5	16	23	54
12/02/2025	13	3	0,1	4	9	15	67
12/02/2025	14	3	0,1	4	9	15	65
12/02/2025	15	3	0,1	3	19	24	51
12/02/2025	16	3	0,1	3	18	23	57
12/02/2025	17	3	0,1	4	27	34	45
12/02/2025	18	3	0,1	3	28	33	42
12/02/2025	19	3	0,1	3	26	30	51
12/02/2025	20	3	0,1	2	19	23	52
12/02/2025	21	3	0,1	2	6	9	68
12/02/2025	22	3	0,1	2	3	7	75
12/02/2025	23	3	0,1	2	5	9	62
13/02/2025	00	3	0,1	2	4	7	64
13/02/2025	01	3	0,1	2	4	7	75
13/02/2025	02	3	0,1	2	3	7	76
13/02/2025	03	3	0,1	2	3	7	68
13/02/2025	04	3	0,1	2	3	7	60
13/02/2025	05	3	0,1	2	4	7	44
13/02/2025	06	3	0,2	2	11	14	32
13/02/2025	07	3	0,1	3	25	30	13
13/02/2025	08	3	0,1	10	35	50	14
13/02/2025	09	3	0,1	16	27	51	26
13/02/2025	10	3	0,1	5	9	17	53
13/02/2025	11	3	0,1	3	5	11	69
13/02/2025	12	3	0,1	3	6	10	68
13/02/2025	13	3	0,1	4	7	12	71
13/02/2025	14	3	0,1	3	5	10	81
13/02/2025	15	3	0,1	3	5	9	84
13/02/2025	16	3	0,1	4	15	21	68
13/02/2025	17	3	0,1	5	29	37	49
13/02/2025	18	3	0,1	4	24	29	56
13/02/2025	19	3	0,1	3	27	31	44
13/02/2025	20	3	0,1	2	30	33	38
13/02/2025	21	3	0,1	2	19	22	57
13/02/2025	22	3	0,1	2	15	19	56
13/02/2025	23	3	0,1	2	23	26	23
14/02/2025	00	3	0,1	2	23	26	15
14/02/2025	01	3	0,1	2	16	20	21
14/02/2025	02	4	0,1	2	15	18	22
14/02/2025	03	4	0,1	2	8	11	36
14/02/2025	04	3	0,1	2	8	12	34
14/02/2025	05	4	0,1	2	9	12	34
14/02/2025	06	4	0,1	3	23	27	14
14/02/2025	07	5	0,1	8	36	48	5
14/02/2025	08	6	0,1	11	30	47	10
14/02/2025	09	9	0,1	7	17	28	32
14/02/2025	10	15	0,1	5	10	17	47
14/02/2025	11	14	0,1	3	5	9	59
14/02/2025	12	12	0,1	3	5	11	62
14/02/2025	13	4	0,1	3	7	12	68
14/02/2025	14	3	0,1	4	8	14	70
14/02/2025	15	3	0,1	3	10	15	76
14/02/2025	16	3	0,1	4	17	23	76
14/02/2025	17	3	0,1	4	19	25	77
14/02/2025	18	3	0,1	2	17	21	72
14/02/2025	19	3	0,1	3	19	22	63
14/02/2025	20	3	0,1	2	24	28	52
14/02/2025	21	3	0,1	3	32	36	35
14/02/2025	22	3	0,1	3	49	53	12
14/02/2025	23	3	0,2	6	48	57	5
15/02/2025	00	3	0,1	3	30	35	11
15/02/2025	01	3	0,1	3	24	28	13
15/02/2025	02	3	0,1	2	18	22	24
15/02/2025	03	4	0,1	2	13	17	30
15/02/2025	04	4	0,1	2	11	14	40
15/02/2025	05	4	0,1	2	12	16	42
15/02/2025	06	4	0,1	2	11	14	36
15/02/2025	07	4	0,1	3	20	25	4
15/02/2025	08	3	0,1	3	15	20	19
15/02/2025	09	4	0,1	3	11	16	33
15/02/2025	10	4	0,1	4	9	15	40
15/02/2025	11	4	0,1	3	9	13	62
15/02/2025	12	4	0,2	3	6	10	85
15/02/2025	13	3	0,1	2	6	10	90
15/02/2025	14	3	0,1	2	6	9	93
15/02/2025	15	3	0,1	2	4	8	99
15/02/2025	16	3	0,1	3	4	8	99
15/02/2025	17	3	0,1	3	4	8	97
15/02/2025	18	3	0,1	3	5	8	92
15/02/2025	19	3	0,1	2	5	9	84
15/02/2025	20	3	0,1	2	7	10	73
15/02/2025	21	3	0,1	2	23	27	44
15/02/2025	22	3	0,1	2	14	18	68
15/02/2025	23	3	0,1	2	10	14	63
16/02/2025	00	3	0,1	2	10	13	53
16/02/2025	01	3	0,1	2	18	22	28
16/02/2025	02	4	0,1	2	25	29	12
16/02/2025	03	3	0,1	2	7	10	35
16/02/2025	04	4	0,1	2	7	10	25
16/02/2025	05	3	0,1	2	9	12	17
16/02/2025	06	4	0,1	2	8	12	12
16/02/2025	07	4	0,1	2	8	12	13
16/02/2025	08	4	0,1	4	10	16	8
16/02/2025	09	5	0,1	4	9	15	19
16/02/2025	10	3	0,1	3	6	11	40
16/02/2025	11	3	0,1	3	7	11	66
16/02/2025	12	3	0,1	3	4	8	70
16/02/2025	13	3	0,1	3	4	8	75
16/02/2025	14	3	0,1	3	6	10	85
16/02/2025	15	3	0,1	3	8	12	87
16/02/2025	16	3	0,1	3	9	13	89
16/02/2025	17	5	0,1	2	5	9	97
16/02/2025	18	5	0,1	2	5	8	91
16/02/2025	19	7	0,1	2	5	9	91
16/02/2025	20	8	0,1	2	9	12	78
16/02/2025	21	12	0,1	2	7	10	87
16/02/2025	22	8	0,1	2	7	11	81
16/02/2025	23	4	0,1	2	6	9	82
17/02/2025	00	3	0,1	2	5	9	79
17/02/2025	01	3	0,1	2	5	8	68
17/02/2025	02	7	0,1	2	5	9	56
17/02/2025	03	3	0,1	2	4	8	46
17/02/2025	04	3	0,1	2	5	9	35
17/02/2025	05	3	0,1	2	6	10	33
17/02/2025	06	3	0,1	2	6	10	33
17/02/2025	07	3	0,1	8	28	39	3
17/02/2025	08	3	0,1	10	25	40	9
17/02/2025	09	3	0,1	12	29	47	12
17/02/2025	10	3	0,1	18	30	58	23
17/02/2025	11	3	0,1	11	23	40	45
17/02/2025	12	3	0,1	5	16	24	74
17/02/2025	13	3	0,1	5	12	19	68
17/02/2025	14	4	0,1	4	11	17	73
17/02/2025	15	4	0,1	4	11	16	80
17/02/2025	16	3	0,1	3	10	15	91
17/02/2025	17	4	0,1	3	11	15	92
17/02/2025	18	3	0,1	3	13	17	86
17/02/2025	19	3	0,1	2	18	22	69
17/02/2025	20	3	0,1	2	19	23	66
17/02/2025	21	3	0,1	2	19	22	57
17/02/2025	22	3	0,1	3	19	23	43
17/02/2025	23	3	0,1	3	16	20	54
18/02/2025	00	3	0,1	2	10	14	69
18/02/2025	01	3	0,1	2	8	12	55
18/02/2025	02	3	0,1	2	11	14	36
18/02/2025	03	3	0,1	2	9	12	49
18/02/2025	04	3	0,1	2	7	11	56
18/02/2025	05	3	0,1	2	7	11	53
18/02/2025	06	3	0,1	2	19	23	23
18/02/2025	07	3	0,1	3	23	26	13
18/02/2025	08	3	0,1	4	28	35	9
18/02/2025	09	3	0,1	5	24	32	21
18/02/2025	10	3	0,1	6	21	30	32
18/02/2025	11	3	0,1	4	11	17	76
18/02/2025	12	3	0,1	3	7	11	97
18/02/2025	13	3	0,1	3	7	10	101
18/02/2025	14	3	0,1	3	7	11	103
18/02/2025	15	3	0,2	3	6	9	106
18/02/2025	16	3	0,1	2	7	11	104
18/02/2025	17	4	0,1	2	7	10	105
18/02/2025	18	4	0,1	3	8	12	99
18/02/2025	19	6	0,1	2	13	17	85
18/02/2025	20	4	0,1	2	15	18	74
18/02/2025	21	5	0,1	2	14	17	75
18/02/2025	22	4	0,1	2	8	12	87
18/02/2025	23	10	0,1	2	8	12	79
19/02/2025	00	4	0,1	2	10	13	77
19/02/2025	01	3	0,1	2	9	13	76
19/02/2025	02	3	0,1	2	8	12	58
19/02/2025	03	3	0,1	2	7	11	52
19/02/2025	04	3	0,1	2	7	11	41
19/02/2025	05	4	0,1	2	9	13	29
19/02/2025	06	4	0,1	3	14	18	18
19/02/2025	07	5	0,1	10	30	45	5
19/02/2025	08	8	0,1	5	21	28	20
19/02/2025	09	4	0,1	10	34	48	26
19/02/2025	10	5	0,1	6	23	33	49
19/02/2025	11	3	0,1	3	14	19	70
19/02/2025	12	3	0,1	3	11	16	80
19/02/2025	13	3	0,1	3	10	16	87
19/02/2025	14	3	0,1	3	9	14	101
19/02/2025	15	3	0,1	3	9	14	98
19/02/2025	16	3	0,1	3	12	16	97
19/02/2025	17	3	0,1	2	10	14	105
19/02/2025	18	3	0,1	3	8	12	101
19/02/2025	19	3	0,1	2	13	17	84
19/02/2025	20	3	0,1	2	18	22	75
19/02/2025	21	3	0,1	2	18	21	66
19/02/2025	22	3	0,1	2	11	15	64
19/02/2025	23	3	0,1	2	13	17	57
20/02/2025	00	3	0,1	2	15	19	59
20/02/2025	01	3	0,1	2	11	15	63
20/02/2025	02	3	0,1	2	13	16	47
20/02/2025	03	3	0,1	2	12	15	46
20/02/2025	04	3	0,1	2	10	13	43
20/02/2025	05	3	0,1	2	10	14	24
20/02/2025	06	3	0,1	2	13	16	19
20/02/2025	07	3	0,1	3	18	23	20
20/02/2025	08	3	0,1	9	33	47	5
20/02/2025	09	4	0,1	11	25	41	9
20/02/2025	10	4	0,1	10	23	37	20
20/02/2025	11	4	0,2	6	15	23	60
20/02/2025	12	4	0,1	4	8	13	85
20/02/2025	13	3	0,1	4	11	16	87
20/02/2025	14	5	0,1	3	11	16	90
20/02/2025	15	4	0,1	3	9	13	102
20/02/2025	16	4	0,1	3	9	13	100
20/02/2025	17	4	0,1	3	11	15	95
20/02/2025	18	4	0,1	3	10	14	97
20/02/2025	19	4	0,1	2	13	17	87
20/02/2025	20	4	0,1	2	14	17	85
20/02/2025	21	3	0,1	2	11	15	84
20/02/2025	22	3	0,1	2	11	14	84
20/02/2025	23	3	0,1	2	9	13	83
21/02/2025	00	3	0,1	2	8	12	83
21/02/2025	01	3	0,1	2	7	10	82
21/02/2025	02	3	0,1	2	5	9	85
21/02/2025	03	3	0,1	2	5	8	85
21/02/2025	04	3	0,1	2	5	8	81
21/02/2025	05	3	0,1	2	5	8	77
21/02/2025	06	3	0,1	3	5	9	75
21/02/2025	07	3	0,1	2	10	13	60
21/02/2025	08	4	0,1	2	14	17	64
21/02/2025	09	4	0,1	3	16	20	62
21/02/2025	10	3	0,1	3	21	24	57
21/02/2025	11	3	0,1	3	23	28	55
21/02/2025	15		0,1	3	12	17	94
21/02/2025	16		0,1	2	9	12	98
21/02/2025	17		0,1	2	10	14	100
21/02/2025	18		0,1	2	12	16	92
21/02/2025	19		0,1	2	14	17	85
21/02/2025	20		0,1	2	12	16	80
21/02/2025	21		0,1	2	10	13	84
21/02/2025	22		0,1	2	8	11	86
21/02/2025	23		0,1	2	5	9	86
22/02/2025	00		0,1	2	10	12	59
22/02/2025	01	4	0,1	2	13	16	45
22/02/2025	02	4	0,2	2	13	17	37
22/02/2025	03	3	0,1	2	12	14	31
22/02/2025	04	4	0,1	2	8	11	34
22/02/2025	05	4	0,1	2	7	10	28
22/02/2025	06	4	0,1	2	6	10	41
22/02/2025	07	4	0,1	2	11	14	32
22/02/2025	08	4	0,1	3	15	20	10
22/02/2025	09	4	0,1	5	16	23	18
22/02/2025	10	4	0,1	4	12	18	44
22/02/2025	11	4	0,1	3	8	12	65
22/02/2025	12	4	0,1	3	10	14	65
22/02/2025	13	3	0,1	2	7	10	75
22/02/2025	14	3	0,1	2	5	8	77
22/02/2025	15	3	0,1	3	13	18	67
22/02/2025	16	3	0,1	3	18	22	65
22/02/2025	17	3	0,1	3	17	21	66
22/02/2025	18	3	0,1	2	18	21	58
22/02/2025	19	3	0,1	2	16	20	60
22/02/2025	20	3	0,1	2	13	16	67
22/02/2025	21	3	0,1	2	7	11	77
22/02/2025	22	3	0,1	2	7	10	69
22/02/2025	23	3	0,1	2	5	9	63
23/02/2025	00	3	0,1	2	10	14	39
23/02/2025	01	3	0,1	2	12	15	37
23/02/2025	02	3	0,1	2	8	12	37
23/02/2025	03	3	0,1	2	6	9	34
23/02/2025	04	3	0,1	2	5	9	39
23/02/2025	05	3	0,1	2	5	7	32
23/02/2025	06	3	0,1	2	5	8	57
23/02/2025	07	3	0,1	2	5	9	62
23/02/2025	08	3	0,1	2	5	8	69
23/02/2025	09	3	0,1	2	8	12	40
23/02/2025	10	3	0,1	4	12	17	36
23/02/2025	11	3	0,1	4	9	14	56
23/02/2025	12	3	0,1	3	6	10	76
23/02/2025	13	3	0,1	3	5	9	82
23/02/2025	14	3	0,1	3	5	9	81
23/02/2025	15	3	0,1	2	4	8	92
23/02/2025	16	3	0,1	2	3	7	93
23/02/2025	17	3	0,1	2	3	7	94
23/02/2025	18	3	0,1	2	4	8	92
23/02/2025	19	3	0,1	2	13	16	68
23/02/2025	20	3	0,1	3	13	16	73
23/02/2025	21	3	0,1	2	11	15	61
23/02/2025	22	3	0,1	2	9	11	53
23/02/2025	23	3	0,1	2	17	20	31
24/02/2025	00	3	0,1	2	16	19	28
24/02/2025	01	3	0,1	2	8	12	32
24/02/2025	02	3	0,1	2	7	10	32
24/02/2025	03	3	0,1	2	5	9	34
24/02/2025	04	3	0,1	2	5	8	32
24/02/2025	05	3	0,1	2	10	13	25
24/02/2025	06	3	0,1	2	17	20	22
24/02/2025	07	3	0,1	6	30	39	9
24/02/2025	08	3	0,1	19	30	59	13
24/02/2025	09	3	0,1	9	20	34	29
24/02/2025	10	3	0,1	7	16	27	43
24/02/2025	11	3	0,1	5	12	19	58
24/02/2025	12	3	0,1	9	25	39	47
24/02/2025	13	3	0,1	5	11	19	72
24/02/2025	14	3	0,1	3	8	13	82
24/02/2025	15	3	0,1	2	6	10	77
24/02/2025	16	3	0,1	3	8	13	77
24/02/2025	17	3	0,1	3	9	13	76
24/02/2025	18	3	0,1	2	13	16	66
24/02/2025	19	3	0,1	2	20	23	57
24/02/2025	20	3	0,1	2	12	16	66
24/02/2025	21	3	0,1	2	21	24	42
24/02/2025	22	3	0,1	2	26	30	37
24/02/2025	23	3	0,1	2	13	16	63
25/02/2025	00	3	0,1	2	6	9	78
25/02/2025	01	3	0,1	2	3	7	79
25/02/2025	02	3	0,1	2	3	6	79
25/02/2025	03	3	0,1	2	3	7	79
25/02/2025	04	3	0,1	2	3	7	78
25/02/2025	05	3	0,1	2	3	7	75
25/02/2025	06	3	0,1	2	4	7	73
25/02/2025	07	3	0,1	2	5	8	72
25/02/2025	08	3	0,1	3	6	9	72
25/02/2025	09	3	0,1	2	7	11	74
25/02/2025	10	3	0,1	2	5	8	77
25/02/2025	11	3	0,1	2	5	8	73
25/02/2025	12	3	0,1	3	15	20	51
25/02/2025	13	3	0,1	5	16	24	45
25/02/2025	14	3	0,1	4	11	17	59
25/02/2025	15	3	0,1	3	5	9	73
25/02/2025	16	3	0,1	2	11	15	59
25/02/2025	17	3	0,1	5	31	38	34
25/02/2025	18	3	0,1	2	12	16	67
25/02/2025	19	3	0,1	2	16	20	59
25/02/2025	20	3	0,1	2	5	8	77
25/02/2025	21	3	0,1	2	3	7	86
25/02/2025	22	3	0,1	2	3	7	82
25/02/2025	23	3	0,1	2	4	7	76
26/02/2025	00	3	0,1	2	3	7	77
26/02/2025	01	3	0,1	2	3	6	80
26/02/2025	02	3	0,1	2	3	7	90
26/02/2025	03	3	0,1	2	3	6	86
26/02/2025	04	3	0,1	2	3	6	77
26/02/2025	05	3	0,1	2	4	7	73
26/02/2025	06	3	0,1	2	7	10	68
26/02/2025	07	3	0,1	2	18	21	53
26/02/2025	08	3	0,1	4	17	23	57
26/02/2025	09	3	0,1	6	18	28	55
26/02/2025	10	3	0,1	3	6	11	78
26/02/2025	11	3	0,1	3	5	10	80
26/02/2025	12	3	0,1	3	6	11	83
26/02/2025	13	3	0,1	3	4	8	89
26/02/2025	14	3	0,1	3	4	8	91
26/02/2025	15	3	0,1	2	4	8	87
26/02/2025	16	3	0,1	2	6	9	86
26/02/2025	17	3	0,1	3	12	17	83
26/02/2025	18	3	0,1	3	15	19	83
26/02/2025	19	3	0,1	2	23	26	61
26/02/2025	20	3	0,1	2	14	18	77
26/02/2025	21	3	0,1	2	10	14	77
26/02/2025	22	3	0,1	2	13	16	56
26/02/2025	23	3	0,1	2	24	28	28
27/02/2025	00	3	0,1	2	12	15	43
27/02/2025	01	3	0,1	2	10	13	38
27/02/2025	02	3	0,1	2	8	12	40
27/02/2025	03	3	0,1	2	7	10	42
27/02/2025	04	3	0,1	2	6	9	42
27/02/2025	05	3	0,1	2	8	12	38
27/02/2025	06	3	0,1	2	10	13	35
27/02/2025	07	3	0,1	5	25	32	12
27/02/2025	08	3	0,1	12	33	51	12
27/02/2025	09	3	0,1	21	34	66	12
27/02/2025	10	3	0,1	7	20	31	35
27/02/2025	11	3	0,1	5	16	24	49
27/02/2025	12	3	0,1	5	14	21	66
27/02/2025	13	3	0,1	4	13	20	68
27/02/2025	14	3	0,1	4	9	15	80
27/02/2025	15	3	0,1	3	12	18	79
27/02/2025	16	3	0,1	4	14	21	74
27/02/2025	17	3	0,1	4	13	19	74
27/02/2025	18	3	0,1	3	10	13	85
27/02/2025	19	3	0,1	2	29	32	48
27/02/2025	20	3	0,1	2	23	27	63
27/02/2025	21	3	0,1	2	10	13	84
27/02/2025	22	3	0,1	2	10	14	75
27/02/2025	23	3	0,1	2	13	16	56
28/02/2025	00	3	0,1	2	11	13	56
28/02/2025	01	3	0,1	2	15	19	33
28/02/2025	02	3	0,1	2	11	14	44
28/02/2025	03	3	0,1	2	6	9	59
28/02/2025	04	3	0,1	2	7	11	42
28/02/2025	05	3	0,1	2	6	10	43
28/02/2025	06	3	0,1	2	6	10	44
28/02/2025	07	3	0,1	4	24	29	15
28/02/2025	08	3	0,1	15	32	54	7
28/02/2025	09	3	0,1	10	25	40	20
28/02/2025	10	3	0,1	8	19	33	42
28/02/2025	11	3	0,1	3	4	8	103
28/02/2025	12	3	0,1	3	6	11	101
28/02/2025	13	3	0,1	2	5	8	105
28/02/2025	14	3	0,1	2	4	7	107
28/02/2025	15	3	0,1	2	4	7	108
28/02/2025	16	3	0,1	2	6	10	107
28/02/2025	17	3	0,1	2	6	10	107
28/02/2025	18	3	0,1	2	9	12	100
28/02/2025	19	3	0,1	2	14	17	84
28/02/2025	20	3	0,1	2	15	18	84
28/02/2025	21	3	0,1	2	9	12	91
28/02/2025	22	3	0,1	2	8	11	90
28/02/2025	23	3	0,1	2	6	9	93
01/03/2025	00	3	0,1	2	6	10	82
01/03/2025	01	3	0,1	2	16	18	46
01/03/2025	02	3	0,1	2	11	14	55
01/03/2025	03	3	0,1	2	7	10	67
01/03/2025	04	3	0,1	2	4	8	78
01/03/2025	05	3	0,1	2	4	7	83
01/03/2025	06	3	0,1	2	4	8	83
01/03/2025	07	3	0,1	2	4	7	90
01/03/2025	08	3	0,1	2	4	7	88
01/03/2025	09	3	0,1	2	4	7	82
01/03/2025	10	3	0,1	2	4	8	84
01/03/2025	11	3	0,1	2	5	8	85
01/03/2025	12	3	0,1	2	4	8	90
01/03/2025	13	3	0,1	2	4	7	94
01/03/2025	14	3	0,1	2	4	7	92
01/03/2025	15	3	0,1	2	4	7	94
01/03/2025	16	3	0,1	2	4	7	96
01/03/2025	17	3	0,1	2	4	7	96
01/03/2025	18	3	0,1	2	5	8	92
01/03/2025	19	3	0,2	2	7	11	85
01/03/2025	20	3	0,1	2	6	9	84
01/03/2025	21	3	0,1	2	6	9	82
01/03/2025	22	3	0,1	2	5	8	79
01/03/2025	23	3	0,1	2	5	8	75
02/03/2025	00	3	0,1	2	4	7	73
02/03/2025	01	3	0,1	2	4	7	76
02/03/2025	02	3	0,1	2	4	7	77
02/03/2025	03	3	0,1	2	3	6	76
02/03/2025	04	3	0,1	2	3	7	70
02/03/2025	05	3	0,1	2	3	6	73
02/03/2025	06	3	0,1	2	3	6	73
02/03/2025	07	3	0,1	2	4	7	71
02/03/2025	08	3	0,1	2	3	7	73
02/03/2025	09	3	0,1	3	4	8	76
02/03/2025	10	3	0,1	3	4	8	77
02/03/2025	11	3	0,1	2	4	8	77
02/03/2025	12	3	0,1	3	4	8	79
02/03/2025	13	3	0,1	2	4	7	89
02/03/2025	14	3	0,1	2	3	6	90
02/03/2025	15	3	0,1	2	4	7	88
02/03/2025	16	3	0,1	2	4	7	86
02/03/2025	17	3	0,1	2	4	8	83
02/03/2025	18	3	0,1	2	6	9	79
02/03/2025	19	3	0,1	2	6	10	78
02/03/2025	20	3	0,1	2	5	8	76
02/03/2025	21	3	0,1	2	4	7	76
02/03/2025	22	3	0,1	2	5	9	74
02/03/2025	23	3	0,1	2	6	9	80
03/03/2025	00	3	0,1	2	4	7	87
03/03/2025	01	3	0,1	2	3	7	88
03/03/2025	02	3	0,1	2	5	8	86
03/03/2025	03	3	0,1	2	3	7	90
03/03/2025	04	3	0,1	2	3	6	87
03/03/2025	05	3	0,1	2	3	7	82
03/03/2025	06	3	0,1	2	6	10	77
03/03/2025	07	3	0,1	2	4	7	85
03/03/2025	08	3	0,1	2	6	9	83
03/03/2025	09	3	0,1	2	6	9	83
03/03/2025	10	3	0,1	2	5	8	84
03/03/2025	11	3	0,1	2	5	8	85
03/03/2025	12	3	0,1	2	5	8	82
03/03/2025	13	3	0,1	2	5	8	82
03/03/2025	14	3	0,1	2	5	8	81
03/03/2025	15	3	0,1	2	5	9	84
03/03/2025	16	3	0,1	2	6	9	77
03/03/2025	17	3	0,1	2	8	12	68
03/03/2025	18	3	0,1	2	6	9	72
03/03/2025	19	3	0,1	2	5	8	70
03/03/2025	20	3	0,1	2	6	10	74
03/03/2025	21	3	0,1	2	6	10	75
03/03/2025	22	3	0,1	2	5	9	79
03/03/2025	23	3	0,1	2	4	8	80
04/03/2025	00	3	0,1	2	3	7	83
04/03/2025	01	3	0,1	2	3	7	83
04/03/2025	02	3	0,1	2	3	7	78
04/03/2025	03	3	0,1	2	4	7	77
04/03/2025	04	3	0,1	2	3	7	78
04/03/2025	05	3	0,1	2	3	6	79
04/03/2025	06	3	0,1	2	3	6	79
04/03/2025	07	3	0,1	2	4	8	76
04/03/2025	08	3	0,1	2	5	9	74
04/03/2025	09	3	0,1	2	4	8	76
04/03/2025	10	3	0,1	2	4	7	79
04/03/2025	11	3	0,1	2	5	8	78
04/03/2025	12	3	0,1	2	5	8	75
04/03/2025	13	3	0,1	3	4	8	81
04/03/2025	14	3	0,1	2	4	7	81
04/03/2025	15	3	0,1	2	5	8	86
04/03/2025	16	3	0,1	2	4	7	87
04/03/2025	17	3	0,1	2	5	9	86
04/03/2025	18	3	0,1	2	5	9	87
04/03/2025	19	3	0,1	2	5	8	85
04/03/2025	20	3	0,1	2	4	8	84
04/03/2025	21	3	0,1	2	4	7	84
04/03/2025	22	3	0,1	2	3	7	84
04/03/2025	23	3	0,1	2	4	7	82
05/03/2025	00	3	0,1	2	3	7	85
05/03/2025	01	3	0,1	2	4	7	83
05/03/2025	02	3	0,1	2	3	6	86
05/03/2025	03	3	0,1	2	5	8	83
05/03/2025	04	3	0,1	2	4	7	86
05/03/2025	05	3	0,1	2	3	7	85
05/03/2025	06	3	0,1	2	3	7	82
05/03/2025	07	3	0,1	2	5	9	79
05/03/2025	08	3	0,1	2	5	8	84
05/03/2025	09	3	0,1	2	6	10	83
05/03/2025	10	3	0,1	2	5	9	87
05/03/2025	11	3	0,2	2	4	8	85
05/03/2025	12	3	0,1	2	6	10	86
05/03/2025	13	3	0,1	2	5	8	92
05/03/2025	14	3	0,1	2	4	8	93
05/03/2025	15	3	0,1	2	4	8	94
05/03/2025	16	3	0,1	2	4	8	94
05/03/2025	17	3	0,1	2	5	8	90
05/03/2025	18	3	0,1	2	4	8	93
05/03/2025	19	3	0,1	2	3	7	96
05/03/2025	20	3	0,1	2	3	6	94
05/03/2025	21	3	0,1	2	5	8	89
05/03/2025	22	3	0,1	2	7	10	88
05/03/2025	23	3	0,1	2	6	8	88
06/03/2025	00	3	0,1	2	4	7	89
06/03/2025	01	3	0,1	2	6	10	83
06/03/2025	02	3	0,1	2	5	9	86
06/03/2025	03	3	0,1	2	3	7	92
06/03/2025	04	3	0,1	2	3	7	92
06/03/2025	05	3	0,1	2	3	6	90
06/03/2025	06	3	0,1	2	5	8	83
06/03/2025	07	3	0,1	2	6	8	84
06/03/2025	08	3	0,1	2	10	14	76
06/03/2025	09	3	0,1	2	11	14	78
06/03/2025	10	3	0,1	2	10	13	78
06/03/2025	11	3	0,1	2	9	12	77
06/03/2025	12	3	0,1	3	7	10	80
06/03/2025	13	3	0,1	2	6	10	81
06/03/2025	14	3	0,1	2	5	8	87
06/03/2025	15	3	0,1	3	4	8	86
06/03/2025	16	3	0,1	3	5	9	85
06/03/2025	17	3	0,1	2	5	8	86
06/03/2025	18	3	0,1	2	5	8	85
06/03/2025	19	3	0,1	2	4	7	89
06/03/2025	20	3	0,1	3	4	7	89
06/03/2025	21	3	0,1	2	4	8	84
06/03/2025	22	3	0,1	2	4	7	85
06/03/2025	23	3	0,1	2	3	7	84
07/03/2025	00	3	0,1	2	3	7	76
07/03/2025	01	3	0,1	2	4	7	77
07/03/2025	02	3	0,1	2	3	7	79
07/03/2025	03	3	0,1	2	3	7	69
07/03/2025	04	3	0,1	2	4	7	48
07/03/2025	05	3	0,1	2	6	9	38
07/03/2025	06	3	0,1	2	5	9	44
07/03/2025	07	3	0,1	2	6	9	41
07/03/2025	08	3	0,1	3	9	13	34
07/03/2025	09	3	0,1	3	11	16	44
07/03/2025	10	3	0,1	3	14	19	50
07/03/2025	11	3	0,1	2	7	11	71
07/03/2025	12	3	0,1	2	4	8	75
07/03/2025	13	3	0,1	2	4	7	80
07/03/2025	14	3	0,1	2	5	9	76
07/03/2025	15	3	0,1	3	7	11	80
07/03/2025	16	3	0,1	3	9	14	75
07/03/2025	17	3	0,1	3	9	14	83
07/03/2025	18	3	0,1	2	9	12	73
07/03/2025	19	3	0,1	2	14	18	60
07/03/2025	20	3	0,1	2	18	21	52
07/03/2025	21	3	0,1	2	17	20	49
07/03/2025	22	3	0,1	2	20	23	35
07/03/2025	23	3	0,1	2	23	26	27
08/03/2025	00	3	0,1	2	23	26	25
08/03/2025	01	3	0,1	2	23	27	22
08/03/2025	02	3	0,1	2	19	23	26
08/03/2025	03	3	0,1	2	13	16	32
08/03/2025	04	3	0,1	2	10	13	44
08/03/2025	05	3	0,1	2	8	12	46
08/03/2025	06	3	0,1	3	7	10	57
08/03/2025	07	3	0,1	2	7	10	63
08/03/2025	08	3	0,1	2	10	13	51
08/03/2025	09	3	0,1	3	12	16	55
08/03/2025	10	3	0,1	3	10	15	72
08/03/2025	11	3	0,1	2	7	11	83
08/03/2025	12	3	0,1	2	7	10	84
08/03/2025	13	3	0,1	3	5	9	90
08/03/2025	14	3	0,1	2	5	8	89
08/03/2025	15	3	0,1	3	4	8	92
08/03/2025	16	3	0,1	2	4	8	91
08/03/2025	17	3	0,1	2	5	8	87
08/03/2025	18	3	0,1	2	6	9	80
08/03/2025	19	3	0,1	2	8	11	75
08/03/2025	20	3	0,1	2	7	11	81
08/03/2025	21	3	0,1	2	7	11	85
08/03/2025	22	3	0,1	2	5	9	86
08/03/2025	23	3	0,1	2	3	7	79
09/03/2025	00	3	0,1	2	4	7	70
09/03/2025	01	3	0,1	2	6	9	64
09/03/2025	02	3	0,1	2	4	7	89
09/03/2025	03	3	0,1	2	3	7	95
09/03/2025	04	3	0,1	2	3	7	90
09/03/2025	05	3	0,1	2	3	7	96
09/03/2025	06	3	0,1	2	4	7	91
09/03/2025	07	3	0,1	2	4	7	87
09/03/2025	08	3	0,1	2	3	7	88
09/03/2025	09	3	0,1	3	3	7	87
09/03/2025	10	3	0,1	3	3	7	90
09/03/2025	11	3	0,1	2	4	7	92
09/03/2025	12	3	0,1	2	3	7	94
09/03/2025	13	3	0,1	2	3	7	96
09/03/2025	14	3	0,1	2	3	7	94
09/03/2025	15	3	0,1	2	3	7	95
09/03/2025	16	3	0,1	2	3	7	95
09/03/2025	17	3	0,1	2	4	7	93
09/03/2025	18	3	0,1	2	7	11	86
09/03/2025	19	3	0,1	3	17	20	67
09/03/2025	20	3	0,1	3	24	27	51
09/03/2025	21	3	0,1	2	15	19	69
09/03/2025	22	3	0,1	2	6	9	80
09/03/2025	23	3	0,1	2	4	8	78
10/03/2025	00	3	0,1	2	4	8	71
10/03/2025	01	3	0,1	2	6	9	70
10/03/2025	02	3	0,1	2	4	8	67
10/03/2025	03	3	0,1	2	4	7	64
10/03/2025	04	3	0,1	2	6	9	57
10/03/2025	05	3	0,1	2	5	8	63
10/03/2025	06	3	0,1	2	10	13	51
10/03/2025	07	3	0,1	2	11	14	49
10/03/2025	08	3	0,1	3	9	13	55
10/03/2025	09	3	0,1	4	11	16	58
10/03/2025	10	3	0,1	3	6	10	73
10/03/2025	11	3	0,1	3	3	7	86
10/03/2025	12	3	0,1	2	3	7	86
10/03/2025	13	3	0,1	2	3	7	87
10/03/2025	14	3	0,1	2	3	7	87
10/03/2025	15	3	0,1	2	3	7	89
10/03/2025	16	3	0,1	2	3	7	90
10/03/2025	17	3	0,1	3	5	9	88
10/03/2025	18	3	0,1	3	9	13	78
10/03/2025	19	3	0,1	3	18	23	64
10/03/2025	20	3	0,1	2	20	24	62
10/03/2025	21	3	0,1	2	19	23	65
10/03/2025	22	3	0,1	2	20	23	55
10/03/2025	23	3	0,1	2	16	20	45
11/03/2025	00	3	0,1	2	11	15	46
11/03/2025	01	3	0,1	2	6	10	62
11/03/2025	02	3	0,1	2	4	8	59
11/03/2025	03	3	0,1	2	4	8	61
11/03/2025	04	3	0,1	2	3	7	82
11/03/2025	05	3	0,1	2	3	7	80
11/03/2025	06	3	0,1	2	6	10	75
11/03/2025	07	3	0,1	3	15	19	61
11/03/2025	08	3	0,1	4	26	32	44
11/03/2025	09	3	0,1	3	13	16	80
11/03/2025	10	3	0,1	3	7	11	93
11/03/2025	11	3	0,1	2	4	7	95
11/03/2025	12	3	0,1	2	3	7	93
11/03/2025	13	3	0,1	2	4	7	93
11/03/2025	14	3	0,1	2	3	7	94
11/03/2025	15	3	0,1	2	4	8	90
11/03/2025	16	3	0,1	2	4	7	97
11/03/2025	17	3	0,1	3	7	11	87
11/03/2025	18	3	0,1	2	6	10	93
11/03/2025	19	3	0,1	2	10	14	81
11/03/2025	20	3	0,1	2	6	10	93
11/03/2025	21	3	0,1	2	15	18	75
11/03/2025	22	3	0,1	2	11	14	76
11/03/2025	23	3	0,1	3	9	13	73
12/03/2025	00	3	0,1	2	6	10	72
12/03/2025	01	3	0,1	2	3	7	68
12/03/2025	02	3	0,1	2	3	7	59
12/03/2025	03	3	0,1	2	4	8	58
12/03/2025	04	3	0,1	2	3	7	64
12/03/2025	05	3	0,1	2	4	7	67
12/03/2025	06	3	0,1	2	5	9	65
12/03/2025	07	3	0,1	8	37	49	17
12/03/2025	08	3	0,1	14	37	58	19
12/03/2025	09	3	0,1	8	12	24	52
12/03/2025	10	3	0,1	4	7	13	68
12/03/2025	11	3	0,1	2	3	7	78
12/03/2025	12	3	0,1	2	3	7	82
12/03/2025	13	3	0,1	3	3	7	86
12/03/2025	14	3	0,1	3	3	7	89
12/03/2025	15	3	0,1	2	3	7	92
12/03/2025	16	3	0,1	2	4	7	87
12/03/2025	17	3	0,1	3	6	10	82
12/03/2025	18	3	0,1	2	5	8	85
12/03/2025	19	3	0,1	2	4	7	85
12/03/2025	20	3	0,1	2	5	9	78
12/03/2025	21	3	0,1	2	5	9	77
12/03/2025	22	3	0,1	2	4	7	80
12/03/2025	23	3	0,1	2	4	7	81
13/03/2025	00	3	0,1	2	4	7	78
13/03/2025	01	3	0,1	2	4	7	82
13/03/2025	02	3	0,1	2	3	7	84
13/03/2025	03	3	0,1	2	3	7	79
13/03/2025	04	3	0,1	2	3	7	74
13/03/2025	05	3	0,1	2	4	7	72
13/03/2025	06	3	0,1	2	7	11	65
13/03/2025	07	3	0,1	3	15	20	46
13/03/2025	08	3	0,1	3	17	22	44
13/03/2025	09	3	0,1	4	12	17	50
13/03/2025	10	3	0,1	4	10	16	57
13/03/2025	11	3	0,1	4	8	13	63
13/03/2025	12	3	0,1	3	7	11	66
13/03/2025	13	3	0,1	3	11	16	61
13/03/2025	14	3	0,1	5	20	27	42
13/03/2025	15	3	0,1	3	13	17	51
13/03/2025	16	3	0,1	5	16	23	48
13/03/2025	17	3	0,1	3	11	17	66
13/03/2025	18	3	0,1	2	9	12	70
13/03/2025	19	3	0,2	2	10	13	64
13/03/2025	20	3	0,2	2	19	22	44
13/03/2025	21	3	0,2	2	20	23	41
13/03/2025	22	3	0,2	2	17	21	45
13/03/2025	23	3	0,2	2	20	23	35
14/03/2025	00	3	0,2	3	33	38	10
14/03/2025	01	3	0,1	6	39	49	3
14/03/2025	02	3	0,1	3	19	23	21
14/03/2025	03	3	0,1	2	10	14	44
14/03/2025	04	3	0,1	2	7	10	55
14/03/2025	05	3	0,1	2	9	12	47
14/03/2025	06	3	0,1	2	10	14	44
14/03/2025	07	3	0,1	2	8	11	41
14/03/2025	09	3	0,1	3	18	22	35
14/03/2025	10	3	0,1	4	13	18	42
14/03/2025	11	3	0,1	2	10	14	50
14/03/2025	12	3	0,1	3	10	14	55
14/03/2025	13	3	0,1	3	7	11	57
14/03/2025	14	3	0,1	3	12	16	55
14/03/2025	15	3	0,1	2	12	15	62
14/03/2025	16	3	0,1	4	15	21	55
14/03/2025	17	3	0,1	4	14	20	53
14/03/2025	18	3	0,1	3	17	21	48
14/03/2025	19	3	0,1	2	17	20	42
14/03/2025	20	3	0,1	3	23	26	26
14/03/2025	21	3	0,1	3	27	32	22
14/03/2025	22	3	0,1	3	31	35	13
14/03/2025	23	3	0,1	2	27	30	20
15/03/2025	00	3	0,1	2	27	31	13
15/03/2025	01	3	0,1	3	21	25	16
15/03/2025	02	3	0,1	2	7	10	37
15/03/2025	03	3	0,1	2	5	8	47
15/03/2025	04	3	0,1	2	4	6	55
15/03/2025	05	3	0,1	2	3	7	58
15/03/2025	06	3	0,1	2	4	7	67
15/03/2025	07	3	0,1	2	5	9	64
15/03/2025	08	3	0,1	3	6	9	67
15/03/2025	09	3	0,1	2	4	8	74
15/03/2025	10	3	0,1	2	3	7	82
15/03/2025	11	3	0,1	2	3	7	87
15/03/2025	12	3	0,1	2	3	7	92
15/03/2025	13	3	0,1	2	3	7	93
15/03/2025	14	3	0,1	2	3	7	96
15/03/2025	15	3	0,1	2	3	7	97
15/03/2025	16	3	0,1	2	3	7	96
15/03/2025	17	3	0,1	2	3	7	94
15/03/2025	18	3	0,1	2	4	7	89
15/03/2025	19	3	0,1	2	14	18	69
15/03/2025	20	3	0,1	2	17	21	66
15/03/2025	21	3	0,1	2	26	29	41
15/03/2025	22	3	0,1	2	24	28	34
15/03/2025	23	3	0,1	2	15	19	43
16/03/2025	00	3	0,1	2	9	12	47
16/03/2025	01	3	0,1	2	11	14	37
16/03/2025	02	3	0,1	2	7	10	51
16/03/2025	03	3	0,1	2	4	7	46
16/03/2025	04	3	0,1	2	5	9	41
16/03/2025	05	3	0,1	2	5	9	44
16/03/2025	06	3	0,1	2	5	8	42
16/03/2025	07	3	0,1	2	6	9	43
16/03/2025	08	3	0,1	2	5	9	49
16/03/2025	09	3	0,1	3	6	10	48
16/03/2025	10	3	0,1	2	6	9	63
16/03/2025	11	3	0,1	3	6	9	65
16/03/2025	12	3	0,1	2	5	8	63
16/03/2025	13	3	0,1	2	3	7	74
16/03/2025	14	3	0,1	3	3	7	84
16/03/2025	15	3	0,1	2	3	7	87
16/03/2025	16	3	0,1	3	4	8	82
16/03/2025	17	3	0,1	2	4	7	85
16/03/2025	18	3	0,1	2	3	7	86
16/03/2025	19	3	0,1	2	5	9	66
16/03/2025	20	3	0,1	3	18	23	38
16/03/2025	21	3	0,1	4	31	36	24
16/03/2025	22	3	0,1	2	12	16	34
16/03/2025	23	3	0,1	2	23	27	30
17/03/2025	00	3	0,1	2	19	22	29
17/03/2025	01	3	0,1	2	14	17	27
17/03/2025	02	3	0,1	2	5	9	43
17/03/2025	03	3	0,1	2	5	8	40
17/03/2025	04	3	0,1	2	5	9	35
17/03/2025	05	3	0,1	2	5	8	42
17/03/2025	06	3	0,1	2	7	10	30
17/03/2025	07	3	0,1	2	6	9	36
17/03/2025	08	3	0,1	3	12	16	26
17/03/2025	09	3	0,1	6	18	27	15
17/03/2025	10	3	0,1	6	15	23	22
17/03/2025	11	3	0,1	4	11	17	29
17/03/2025	12	4	0,1	3	11	15	41
17/03/2025	13	3	0,1	3	12	16	55
17/03/2025	14	3	0,1	3	13	17	62
17/03/2025	15	3	0,1	3	5	9	84
17/03/2025	16	3	0,1	2	5	9	81
17/03/2025	17	3	0,1	3	8	11	78
17/03/2025	18	3	0,1	2	8	11	76
17/03/2025	19	3	0,1	2	8	11	79
17/03/2025	20	3	0,1	2	8	12	74
17/03/2025	21	3	0,1	2	10	13	55
17/03/2025	22	3	0,1	2	10	13	42
17/03/2025	23	3	0,1	3	11	14	40
18/03/2025	00	3	0,1	2	10	13	42
18/03/2025	01	3	0,1	2	6	10	52
18/03/2025	02	3	0,1	2	5	8	60
18/03/2025	03	3	0,1	2	5	8	53
18/03/2025	04	3	0,1	2	4	7	45
18/03/2025	05	3	0,1	2	4	8	45
18/03/2025	06	3	0,1	2	4	8	48
18/03/2025	07	3	0,1	2	4	7	76
18/03/2025	08	3	0,1	3	4	8	71
18/03/2025	09	3	0,1	2	6	10	72
18/03/2025	10	3	0,1	2	7	11	71
18/03/2025	11	3	0,1	3	9	13	68
18/03/2025	12	3	0,1	3	10	14	66
18/03/2025	13	3	0,1	3	12	16	69
18/03/2025	14	3	0,1	2	11	15	71
18/03/2025	15	3	0,1	3	10	14	77
18/03/2025	16	3	0,1	2	9	12	76
18/03/2025	17	3	0,1	2	7	10	84
18/03/2025	18	3	0,1	2	5	8	84
18/03/2025	19	3	0,1	2	3	7	85
18/03/2025	20	3	0,1	2	4	7	82
18/03/2025	21	3	0,1	2	4	7	83
18/03/2025	22	3	0,1	2	6	9	69
18/03/2025	23	3	0,1	2	5	8	70
19/03/2025	00	3	0,1	2	5	8	63
19/03/2025	01	3	0,1	2	4	7	70
19/03/2025	02	3	0,1	2	3	7	79
19/03/2025	03	3	0,1	2	3	7	74
19/03/2025	04	3	0,1	2	3	7	74
19/03/2025	05	3	0,1	2	3	7	71
19/03/2025	06	3	0,1	2	3	6	80
19/03/2025	07	3	0,1	2	3	7	80
19/03/2025	08	3	0,1	2	4	7	79
19/03/2025	09	3	0,1	2	3	6	83
19/03/2025	10	3	0,1	2	4	7	83
19/03/2025	11	3	0,1	2	4	8	81
19/03/2025	12	3	0,1	3	4	8	84
19/03/2025	13	3	0,1	2	3	7	89
19/03/2025	14	3	0,1	2	4	7	94
19/03/2025	15	3	0,1	2	4	8	96
19/03/2025	16	3	0,1	2	4	7	97
19/03/2025	17	3	0,1	2	3	7	94
19/03/2025	18	3	0,1	2	5	8	89
19/03/2025	19	3	0,1	2	8	11	81
19/03/2025	20	3	0,1	2	7	11	72
19/03/2025	21	3	0,1	2	8	11	77
19/03/2025	22	3	0,1	2	5	7	85
19/03/2025	23	3	0,1	2	5	8	86
20/03/2025	00	3	0,1	2	4	7	88
20/03/2025	01	3	0,1	2	3	7	87
20/03/2025	02	3	0,1	2	5	8	93
20/03/2025	03	3	0,1	2	5	9	86
20/03/2025	04	3	0,1	2	5	8	84
20/03/2025	05	3	0,1	2	6	9	72
20/03/2025	06	3	0,1	2	8	11	65
20/03/2025	07	3	0,1	2	6	9	81
20/03/2025	08	3	0,1	2	6	9	82
20/03/2025	09	3	0,1	2	5	9	83
20/03/2025	10	3	0,1	2	6	10	84
20/03/2025	11	3	0,1	2	5	8	90
20/03/2025	12	3	0,1	2	5	8	87
20/03/2025	13	3	0,1	3	4	8	86
20/03/2025	14	3	0,1	3	4	8	87
20/03/2025	15	3	0,1	3	5	9	84
20/03/2025	16	3	0,1	3	6	10	82
20/03/2025	17	3	0,1	3	8	13	77
20/03/2025	18	3	0,1	2	8	12	72
20/03/2025	19	3	0,1	2	9	12	65
20/03/2025	20	3	0,1	2	11	14	58
20/03/2025	21	3	0,1	2	9	13	64
20/03/2025	22	3	0,1	2	7	10	75
20/03/2025	23	3	0,1	2	6	9	72
21/03/2025	00	3	0,1	2	10	13	35
21/03/2025	01	3	0,1	2	9	12	37
21/03/2025	02	3	0,1	2	6	10	42
21/03/2025	03	3	0,1	2	6	9	38
21/03/2025	04	3	0,1	2	7	10	41
21/03/2025	05	3	0,1	2	6	9	32
21/03/2025	06	3	0,1	2	8	12	19
21/03/2025	07	3	0,1	21	28	59	3
21/03/2025	08	3	0,1	5	23	31	30
21/03/2025	09	3	0,1	8	41	53	19
21/03/2025	11	3	0,1	5	11	19	67
21/03/2025	12	3	0,1	3	3	7	90
21/03/2025	13	3	0,1	2	3	7	94
21/03/2025	14	3	0,1	3	3	8	94
21/03/2025	15	3	0,1	3	3	8	95
21/03/2025	16	3	0,1	2	3	7	96
21/03/2025	17	3	0,1	2	4	8	93
21/03/2025	18	3	0,1	2	5	8	92
21/03/2025	19	3	0,1	2	8	11	83
21/03/2025	20	3	0,1	2	13	16	73
21/03/2025	21	3	0,1	2	13	16	70
21/03/2025	22	3	0,1	3	8	12	82
21/03/2025	23	3	0,1	2	5	9	84
22/03/2025	00	3	0,1	2	5	8	80
22/03/2025	01	3	0,1	2	4	7	78
22/03/2025	02	3	0,1	2	4	7	74
22/03/2025	03	3	0,1	2	3	7	74
22/03/2025	04	3	0,1	2	3	7	80
22/03/2025	05	3	0,1	2	3	6	98
22/03/2025	06	3	0,1	2	3	7	101
22/03/2025	07	3	0,1	2	3	7	93
22/03/2025	08	3	0,1	2	3	6	93
22/03/2025	09	3	0,1	2	3	6	95
22/03/2025	10	3	0,1	2	3	7	96
22/03/2025	11	3	0,1	2	3	7	95
22/03/2025	12	3	0,1	2	3	7	94
22/03/2025	13	3	0,1	2	3	7	92
22/03/2025	14	3	0,1	2	3	6	91
22/03/2025	15	3	0,1	2	3	7	89
22/03/2025	16	3	0,1	2	3	7	86
22/03/2025	17	3	0,1	2	3	7	84
22/03/2025	18	3	0,1	2	3	7	85
22/03/2025	19	3	0,1	2	4	7	80
22/03/2025	20	3	0,1	2	4	7	77
22/03/2025	21	3	0,1	2	4	7	83
22/03/2025	22	3	0,1	2	3	7	87
22/03/2025	23	3	0,1	2	3	7	87
23/03/2025	00	3	0,1	2	3	7	86
23/03/2025	01	3	0,1	2	3	6	91
23/03/2025	02	3	0,1	2	3	6	91
23/03/2025	03	3	0,1	2	3	6	89
23/03/2025	04	3	0,1	2	3	7	86
23/03/2025	05	3	0,1	3	3	7	84
23/03/2025	06	3	0,1	3	3	7	82
23/03/2025	07	3	0,1	2	3	7	86
23/03/2025	08	3	0,1	2	3	7	85
23/03/2025	09	3	0,1	2	3	7	85
23/03/2025	10	3	0,1	2	3	6	86
23/03/2025	11	3	0,1	2	3	7	83
23/03/2025	12	3	0,1	2	3	7	84
23/03/2025	13	3	0,1	2	3	6	84
23/03/2025	14	3	0,1	2	3	7	84
23/03/2025	15	3	0,1	2	3	6	89
23/03/2025	16	3	0,1	2	3	7	88
23/03/2025	17	3	0,1	2	3	7	80
23/03/2025	18	3	0,1	2	3	7	83
23/03/2025	19	3	0,1	2	3	7	79
23/03/2025	20	3	0,1	2	19	23	52
23/03/2025	21	3	0,1	3	11	15	61
23/03/2025	22	3	0,1	2	9	12	61
23/03/2025	23	3	0,1	2	9	12	52
24/03/2025	00	3	0,1	2	11	14	36
24/03/2025	01	3	0,1	2	6	9	39
24/03/2025	02	3	0,1	2	4	7	40
24/03/2025	03	3	0,1	2	3	6	51
24/03/2025	04	3	0,1	2	3	7	56
24/03/2025	05	3	0,1	2	3	6	57
24/03/2025	06	3	0,1	2	5	8	53
24/03/2025	07	3	0,1	3	9	13	46
24/03/2025	08	3	0,1	4	12	18	49
24/03/2025	09	3	0,1	3	5	10	65
24/03/2025	10	3	0,1	3	4	8	73
24/03/2025	11	3	0,1	2	3	7	81
24/03/2025	12	3	0,1	2	3	6	86
24/03/2025	13	3	0,1	2	3	7	88
24/03/2025	14	3	0,1	3	4	9	85
24/03/2025	15	3	0,1	3	8	12	87
24/03/2025	16	3	0,1	3	8	12	86
24/03/2025	17	3	0,1	2	7	10	92
24/03/2025	18	3	0,1	2	6	10	90
24/03/2025	19	3	0,1	2	10	13	79
24/03/2025	20	3	0,1	2	14	18	67
24/03/2025	21	3	0,1	2	8	11	71
24/03/2025	22	3	0,1	2	7	10	65
24/03/2025	23	3	0,1	2	6	10	52
25/03/2025	00	3	0,1	2	9	12	35
25/03/2025	01	3	0,1	2	6	10	38
25/03/2025	02	3	0,1	2	7	11	29
25/03/2025	03	3	0,1	2	6	10	31
25/03/2025	04	3	0,1	2	5	8	40
25/03/2025	05	3	0,1	2	3	6	47
25/03/2025	06	3	0,1	2	10	14	30
25/03/2025	07	3	0,1	2	11	15	39
25/03/2025	08	3	0,1	3	7	11	44
25/03/2025	09	3	0,1	7	15	25	45
25/03/2025	10	3	0,1	4	7	14	68
25/03/2025	11	3	0,1	3	6	10	78
25/03/2025	12	3	0,1	3	5	9	85
25/03/2025	13	3	0,1	2	5	9	92
25/03/2025	14	4	0,1	3	5	9	92
25/03/2025	15	3	0,1	2	6	10	91
25/03/2025	16	3	0,1	2	9	13	81
25/03/2025	17	3	0,1	3	8	13	83
25/03/2025	18	3	0,1	3	10	14	83
25/03/2025	19	3	0,1	2	12	16	69
25/03/2025	20	3	0,1	2	10	13	60
25/03/2025	21	3	0,1	2	12	15	52
25/03/2025	22	3	0,1	2	14	17	47
25/03/2025	23	3	0,1	2	10	14	40
26/03/2025	00	3	0,1	2	9	12	42
26/03/2025	01	3	0,1	2	4	8	57
26/03/2025	02	3	0,1	2	3	7	53
26/03/2025	03	3	0,1	2	3	7	47
26/03/2025	04	3	0,1	2	3	6	52
26/03/2025	05	3	0,1	2	3	7	60
26/03/2025	06	3	0,1	2	5	8	57
26/03/2025	07	3	0,1	3	16	20	41
26/03/2025	08	3	0,1	4	13	20	53
26/03/2025	09	3	0,1	4	7	13	68
26/03/2025	10	3	0,1	2	3	7	82
26/03/2025	11	3	0,1	2	3	7	88
26/03/2025	12	3	0,1	2	4	8	88
26/03/2025	13	3	0,1	3	5	10	95
26/03/2025	14	3	0,1	3	4	8	103
26/03/2025	15	3	0,1	2	4	7	107
26/03/2025	16	3	0,1	3	5	9	107
26/03/2025	17	3	0,1	3	9	14	96
26/03/2025	18	3	0,1	3	13	17	85
26/03/2025	19	3	0,1	2	20	24	73
26/03/2025	20	3	0,1	2	30	34	50
26/03/2025	21	3	0,1	2	16	19	58
26/03/2025	22	3	0,1	2	19	22	42
26/03/2025	23	3	0,1	2	25	29	24
27/03/2025	00	3	0,1	2	18	21	28
27/03/2025	01	3	0,1	2	8	11	42
27/03/2025	02	3	0,1	2	5	8	50
27/03/2025	03	3	0,1	2	4	7	60
27/03/2025	04	3	0,1	2	4	7	58
27/03/2025	05	3	0,1	2	3	7	60
27/03/2025	06	3	0,1	2	8	11	52
27/03/2025	07	3	0,1	3	22	27	31
27/03/2025	08	3	0,1	7	21	31	41
27/03/2025	09	3	0,1	5	11	17	60
27/03/2025	10	3	0,1	3	7	11	81
27/03/2025	11	3	0,1	2	4	7	92
27/03/2025	12	3	0,1	2	5	8	97
27/03/2025	13	4	0,1	4	9	14	90
27/03/2025	14	4	0,1	4	11	17	91
27/03/2025	15	4	0,1	3	8	13	98
27/03/2025	16	4	0,1	3	8	12	100
27/03/2025	17	3	0,1	4	13	19	89
27/03/2025	18	3	0,1	3	13	17	91
27/03/2025	19	3	0,1	2	18	22	74
27/03/2025	20	3	0,1	2	12	15	75
27/03/2025	21	3	0,1	2	8	12	82
27/03/2025	22	3	0,1	2	8	11	82
27/03/2025	23	3	0,1	2	9	12	68
28/03/2025	00	3	0,1	2	10	14	50
28/03/2025	01	3	0,1	2	7	10	56
28/03/2025	02	3	0,1	2	4	7	65
28/03/2025	03	3	0,1	2	5	8	51
28/03/2025	04	3	0,1	2	4	7	49
28/03/2025	05	3	0,1	2	3	6	52
28/03/2025	06	3	0,1	2	9	12	30
28/03/2025	07	3	0,1	3	15	19	29
28/03/2025	08	3	0,1	5	14	21	43
28/03/2025	09	3	0,1	4	7	13	66
28/03/2025	10	3	0,1	3	3	8	84
28/03/2025	11	3	0,1	2	3	7	89
28/03/2025	12	3	0,1	2	4	8	86
28/03/2025	13		0,1	3	5	9	92
28/03/2025	14		0,1	2	5	9	97
28/03/2025	15		0,1	3	6	11	101
28/03/2025	16		0,1	3	5	9	105
28/03/2025	17		0,1	4	14	19	89
28/03/2025	18		0,1	4	20	26	88
28/03/2025	19		0,1	3	21	25	76
28/03/2025	20		0,1	3	31	34	58
28/03/2025	21		0,1	3	31	35	54
28/03/2025	22		0,1	3	22	26	56
28/03/2025	23		0,1	2	13	17	79
29/03/2025	00		0,1	2	3	7	100
29/03/2025	01		0,1	2	4	7	96
29/03/2025	02		0,1	2	4	7	96
29/03/2025	03		0,1	2	4	7	99
29/03/2025	04		0,1	2	4	7	97
29/03/2025	05		0,1	2	4	7	98
29/03/2025	06		0,1	3	4	7	87
29/03/2025	07		0,1	2	4	7	92
29/03/2025	08		0,1	2	4	7	100
29/03/2025	09		0,1	2	4	7	101
29/03/2025	10		0,1	2	4	7	94
29/03/2025	11		0,1	2	4	7	102
29/03/2025	12		0,1	2	4	7	107
29/03/2025	13		0,1	2	4	7	106
29/03/2025	14		0,1	3	4	8	106
29/03/2025	15		0,1	2	4	7	107
29/03/2025	16		0,1	2	3	7	109
29/03/2025	17		0,1	2	4	7	111
29/03/2025	18		0,2	2	3	7	109
29/03/2025	19		0,1	2	4	7	105
29/03/2025	20		0,1	2	3	7	100
29/03/2025	21		0,1	2	4	7	96
29/03/2025	22		0,1	2	4	7	97
29/03/2025	23		0,1	2	4	7	95
30/03/2025	00		0,1	2	4	7	92
30/03/2025	01		0,1	2	4	7	91
30/03/2025	02		0,1	2	3	7	82
30/03/2025	03		0,1	2	4	7	82
30/03/2025	04		0,1	2	3	7	83
30/03/2025	05		0,1	2	4	7	84
30/03/2025	06		0,1	2	4	7	80
30/03/2025	07		0,1	2	5	9	74
30/03/2025	08		0,1	3	5	9	79
30/03/2025	09		0,1	2	4	7	84
30/03/2025	10		0,1	2	3	7	91
30/03/2025	11		0,1	2	4	7	98
30/03/2025	12		0,1	3	3	7	103
30/03/2025	13		0,1	3	4	7	106
30/03/2025	14		0,1	3	4	8	108
30/03/2025	15		0,1	3	4	8	108
30/03/2025	16		0,1	4	9	14	95
30/03/2025	17		0,1	4	11	16	95
30/03/2025	18		0,1	3	8	12	101
30/03/2025	19		0,1	2	11	15	84
30/03/2025	20		0,1	2	17	20	70
30/03/2025	21		0,1	2	15	19	65
30/03/2025	22		0,1	3	18	21	49
30/03/2025	23		0,1	2	20	24	30
31/03/2025	00		0,1	2	16	19	30
31/03/2025	01		0,1	2	10	14	36
31/03/2025	02		0,1	2	6	9	47
31/03/2025	03		0,1	2	4	7	44
31/03/2025	04		0,1	2	5	8	40
31/03/2025	05		0,1	2	9	12	39
31/03/2025	06		0,1	6	31	40	15
31/03/2025	07		0,1	16	39	63	6
31/03/2025	08		0,1	12	24	42	30
31/03/2025	09		0,1	5	8	16	58
31/03/2025	10		0,1	3	6	10	73
31/03/2025	11		0,1	3	5	10	88
31/03/2025	12		0,1	4	7	12	94
31/03/2025	13		0,1	4	14	20	99
31/03/2025	14		0,1	4	12	18	111
31/03/2025	15		0,1	6	23	32	92
31/03/2025	16		0,1	5	18	25	104
31/03/2025	17		0,1	3	12	16	118
31/03/2025	18		0,1	2	11	15	111
31/03/2025	19		0,1	2	15	19	93
31/03/2025	20		0,1	2	16	20	80
31/03/2025	21		0,1	2	15	18	84
31/03/2025	22		0,1	2	16	19	82
31/03/2025	23		0,1	2	19	23	63
01/04/2025	00		0,1	2	20	23	68
01/04/2025	01		0,1	2	7	10	94
01/04/2025	02		0,1	2	8	11	72
01/04/2025	03		0,1	2	8	12	41
01/04/2025	04		0,1	2	7	11	49
01/04/2025	05		0,1	2	14	17	35
01/04/2025	06		0,1	7	23	33	21
01/04/2025	07		0,1	15	31	53	10
01/04/2025	08		0,1	11	20	37	24
01/04/2025	09		0,1	8	18	31	50
01/04/2025	10		0,1	6	16	25	75
01/04/2025	11		0,1	6	17	26	82
01/04/2025	12		0,1	5	16	23	96
01/04/2025	13		0,1	4	14	19	104
01/04/2025	14		0,1	3	10	14	118
01/04/2025	15		0,1	3	9	13	123
01/04/2025	16		0,1	3	10	14	131
01/04/2025	17		0,1	3	6	11	128
01/04/2025	18		0,1	3	6	10	124
01/04/2025	19		0,1	2	7	11	110
01/04/2025	20		0,1	2	5	9	107
01/04/2025	21		0,1	2	5	8	103
01/04/2025	22		0,1	2	6	9	98
01/04/2025	23		0,1	2	4	7	102
02/04/2025	00		0,1	2	4	7	103
02/04/2025	01		0,1	2	3	7	106
02/04/2025	02		0,1	2	4	7	97
02/04/2025	03		0,1	2	4	7	72
02/04/2025	04		0,1	2	4	7	69
02/04/2025	05		0,1	2	4	7	87
02/04/2025	06		0,1	2	9	13	65
02/04/2025	07		0,1	3	17	21	49
02/04/2025	08		0,1	4	20	25	42
02/04/2025	09		0,1	4	16	21	54
02/04/2025	10		0,1	3	10	15	76
02/04/2025	11		0,1	3	7	12	98
02/04/2025	12		0,1	4	12	18	93
02/04/2025	13		0,1	4	14	21	100
02/04/2025	14		0,1	2	6	10	122
02/04/2025	15		0,1	3	5	9	122
02/04/2025	16		0,1	3	5	9	122
02/04/2025	17		0,1	2	7	10	113
02/04/2025	18		0,1	2	6	9	113
02/04/2025	19		0,1	2	8	11	108
02/04/2025	20		0,1	2	7	10	104
02/04/2025	21		0,2	3	6	10	101
02/04/2025	22		0,1	2	8	12	90
02/04/2025	23		0,1	2	9	13	77
03/04/2025	00		0,1	2	9	12	77
03/04/2025	01		0,1	2	6	10	90
03/04/2025	02		0,1	2	5	9	93
03/04/2025	03		0,1	2	5	9	91
03/04/2025	04		0,1	2	5	8	95
03/04/2025	05		0,1	2	5	9	94
03/04/2025	06		0,1	2	6	9	89
03/04/2025	07		0,1	2	6	10	89
03/04/2025	08		0,1	2	6	10	93
03/04/2025	09		0,1	2	4	8	100
03/04/2025	10		0,1	3	4	8	104
03/04/2025	11		0,1	2	4	7	107
03/04/2025	12		0,1	2	5	8	107
03/04/2025	13		0,1	2	4	8	104
03/04/2025	14		0,1	3	4	7	103
03/04/2025	15		0,1	2	4	7	103
03/04/2025	16		0,1	2	4	8	105
03/04/2025	17		0,1	2	4	8	105
03/04/2025	18		0,1	2	5	8	103
03/04/2025	19		0,1	2	5	9	98
03/04/2025	20		0,1	2	6	10	95
03/04/2025	21		0,1	2	5	8	97
03/04/2025	22		0,1	2	4	7	100
03/04/2025	23		0,1	2	4	7	99
04/04/2025	00		0,1	3	4	7	96
04/04/2025	01		0,1	2	4	7	94
04/04/2025	02		0,1	3	4	7	95
04/04/2025	03		0,1	2	4	7	99
04/04/2025	04		0,1	2	4	7	93
04/04/2025	05		0,1	2	5	9	77
04/04/2025	06		0,1	2	10	13	60
04/04/2025	07		0,1	2	7	11	70
04/04/2025	08		0,1	4	16	21	65
04/04/2025	09		0,1	4	9	14	82
04/04/2025	10		0,1	3	4	8	91
04/04/2025	11		0,1	3	4	8	97
04/04/2025	12		0,1	2	4	7	105
04/04/2025	13		0,1	3	7	12	90
04/04/2025	14		0,1	3	7	11	103
04/04/2025	15		0,1	3	6	10	109
04/04/2025	16		0,1	3	6	10	113
04/04/2025	17		0,1	2	5	9	109
04/04/2025	18		0,1	2	9	12	93
04/04/2025	19		0,1	2	8	12	91
04/04/2025	20		0,1	2	8	11	93
04/04/2025	21		0,1	2	9	12	77
04/04/2025	22		0,1	2	6	9	80
04/04/2025	23		0,1	3	9	12	60
05/04/2025	00		0,1	2	9	13	50
05/04/2025	01		0,1	2	8	12	53
05/04/2025	02		0,1	2	8	11	47
05/04/2025	03		0,1	2	7	10	37
05/04/2025	04		0,1	2	5	8	32
05/04/2025	05		0,1	2	5	8	50
05/04/2025	06		0,1	2	8	11	46
05/04/2025	07		0,1	2	5	8	65
05/04/2025	08		0,1	3	4	8	67
05/04/2025	09		0,1	2	4	8	78
05/04/2025	10		0,1	2	4	7	88
05/04/2025	11		0,1	2	4	7	90
05/04/2025	12		0,1	3	4	7	92
05/04/2025	13		0,1	3	4	7	94
05/04/2025	14		0,1	3	4	7	94
05/04/2025	15		0,1	2	3	7	95
05/04/2025	16		0,1	2	4	7	95
05/04/2025	17		0,1	2	4	7	92
05/04/2025	18		0,1	3	5	8	91
05/04/2025	19		0,1	2	7	10	84
05/04/2025	20		0,1	2	6	10	78
05/04/2025	21		0,1	2	6	9	77
05/04/2025	22		0,1	2	4	8	72
05/04/2025	23		0,1	2	4	8	65
06/04/2025	00		0,1	3	4	8	61
06/04/2025	01		0,1	2	4	7	65
06/04/2025	02		0,1	2	3	7	63
06/04/2025	03		0,1	2	4	7	60
06/04/2025	04		0,1	2	4	7	61
06/04/2025	05		0,1	2	4	7	60
06/04/2025	06		0,1	2	4	7	55
06/04/2025	07		0,1	3	5	9	52
06/04/2025	08		0,1	2	4	8	60
06/04/2025	09		0,1	2	4	7	66
06/04/2025	10		0,1	2	4	7	77
06/04/2025	11		0,1	3	4	8	90
06/04/2025	12		0,1	2	4	7	93
06/04/2025	13		0,1	2	4	7	98
06/04/2025	14		0,1	2	4	7	103
06/04/2025	15		0,1	2	4	7	105
06/04/2025	16		0,1	3	4	8	104
06/04/2025	17		0,1	3	5	9	98
06/04/2025	18		0,1	3	6	10	93
06/04/2025	19		0,1	2	9	13	83
06/04/2025	20		0,1	2	17	21	58
06/04/2025	21		0,1	3	12	15	71
06/04/2025	22		0,1	3	6	10	70
06/04/2025	23		0,1	3	7	11	51
07/04/2025	00		0,1	2	6	9	45
07/04/2025	01	7	0,1	2	5	8	46
07/04/2025	02	6	0,1	2	4	8	45
07/04/2025	03	6	0,1	2	4	8	44
07/04/2025	04	6	0,1	2	6	9	36
07/04/2025	05	7	0,1	2	11	14	26
07/04/2025	06	7	0,1	4	22	28	13
07/04/2025	07	7	0,1	9	30	44	14
07/04/2025	08	7	0,1	8	16	28	33
07/04/2025	09	7	0,1	4	9	16	54
07/04/2025	10	7	0,1	3	6	11	71
07/04/2025	11	7	0,1	4	7	12	84
07/04/2025	12	7	0,1	3	7	13	98
07/04/2025	13	7	0,1	3	8	12	103
07/04/2025	14	7	0,1	3	6	9	110
07/04/2025	15	7	0,1	3	7	11	107
07/04/2025	16	6	0,1	4	9	14	102
07/04/2025	17	6	0,1	2	6	10	108
07/04/2025	18	7	0,1	2	7	10	108
07/04/2025	19	6	0,1	2	9	13	101
07/04/2025	20	7	0,1	2	9	13	109
07/04/2025	21	7	0,1	2	10	14	104
07/04/2025	22	7	0,1	2	13	16	93
07/04/2025	23	7	0,1	2	10	14	83
08/04/2025	00	6	0,1	2	10	13	72
08/04/2025	01	6	0,1	2	9	12	49
08/04/2025	02	6	0,1	2	10	13	32
08/04/2025	03	6	0,2	2	7	11	37
08/04/2025	04	6	0,1	3	8	12	30
08/04/2025	05	6	0,1	2	6	9	32
08/04/2025	06	7	0,1	8	22	34	9
08/04/2025	07	6	0,1	5	16	23	22
08/04/2025	08	8	0,1	21	25	58	18
08/04/2025	09	8	0,1	5	14	20	65
08/04/2025	10	7	0,1	3	10	15	81
08/04/2025	11	7	0,1	4	11	16	87
08/04/2025	13	3	0,1	4	13	18	102
08/04/2025	14	3	0,1	3	9	14	115
08/04/2025	15	3	0,1	2	5	9	119
08/04/2025	16	3	0,1	2	5	9	114
08/04/2025	17	3	0,1	2	4	7	115
08/04/2025	18	3	0,1	2	5	8	109
08/04/2025	19	3	0,1	2	8	12	100
08/04/2025	20	3	0,1	2	8	11	93
08/04/2025	21	3	0,1	2	11	14	78
08/04/2025	22	3	0,1	2	11	15	80
08/04/2025	23	3	0,1	2	9	12	83
09/04/2025	00	3	0,1	2	7	10	81
09/04/2025	01	3	0,1	2	5	9	80
09/04/2025	02	3	0,1	2	5	8	85
09/04/2025	03	3	0,1	2	4	7	82
09/04/2025	04	3	0,1	2	4	7	78
09/04/2025	05	3	0,1	2	4	7	79
09/04/2025	06	3	0,1	2	6	9	59
09/04/2025	07	3	0,1	3	10	15	42
09/04/2025	08	3	0,1	5	12	20	33
09/04/2025	09	3	0,1	7	13	23	47
09/04/2025	10	3	0,1	6	13	21	64
09/04/2025	11	3	0,1	6	16	24	72
09/04/2025	12	3	0,1	7	19	31	75
09/04/2025	13	3	0,1	4	12	18	104
09/04/2025	14	3	0,1	4	14	20	103
09/04/2025	15	3	0,1	5	17	24	98
09/04/2025	16	3	0,1	4	15	22	103
09/04/2025	17	3	0,1	2	7	10	111
09/04/2025	18	3	0,1	2	7	10	110
09/04/2025	19	3	0,1	2	8	12	106
09/04/2025	20	3	0,1	2	12	15	86
09/04/2025	21	3	0,1	2	9	12	88
09/04/2025	22	3	0,1	2	6	9	86
09/04/2025	23	3	0,1	2	7	10	68
10/04/2025	00	3	0,1	2	15	18	49
10/04/2025	01	3	0,1	2	9	13	45
10/04/2025	02	3	0,1	2	7	10	41
10/04/2025	03	3	0,1	2	5	9	43
10/04/2025	04	3	0,1	2	5	8	40
10/04/2025	05	3	0,1	2	4	7	52
10/04/2025	06	3	0,1	2	7	10	51
10/04/2025	07	3	0,1	7	31	42	11
10/04/2025	08	3	0,1	6	24	33	30
10/04/2025	09	3	0,1	5	13	20	74
10/04/2025	10	3	0,1	3	6	10	100
10/04/2025	11	3	0,1	3	9	13	92
10/04/2025	12	3	0,1	3	8	12	106
10/04/2025	13	3	0,1	2	5	8	118
10/04/2025	14	3	0,1	2	4	8	116
10/04/2025	15	3	0,1	2	5	9	111
10/04/2025	16	3	0,1	2	6	10	109
10/04/2025	17	3	0,1	2	4	7	109
10/04/2025	18	3	0,1	2	4	7	107
10/04/2025	19	3	0,1	2	6	9	96
10/04/2025	20	3	0,1	2	9	12	85
10/04/2025	21	3	0,1	2	5	8	92
10/04/2025	22	3	0,1	2	5	8	85
10/04/2025	23	3	0,1	2	5	8	83
11/04/2025	00	3	0,1	2	4	7	88
11/04/2025	01	3	0,1	2	3	6	85
11/04/2025	02	3	0,1	2	3	6	77
11/04/2025	03	3	0,1	2	7	10	69
11/04/2025	04	3	0,1	2	7	10	66
11/04/2025	05	3	0,1	2	4	7	79
11/04/2025	06	3	0,1	2	4	8	74
11/04/2025	07	3	0,1	2	8	11	71
11/04/2025	08	3	0,1	2	7	10	79
11/04/2025	09	3	0,1	2	6	10	88
11/04/2025	10	3	0,1	2	5	8	98
11/04/2025	11	3	0,1	3	8	12	96
11/04/2025	12	3	0,1	3	7	11	101
11/04/2025	13	3	0,1	2	4	7	110
11/04/2025	14	3	0,1	2	4	7	108
11/04/2025	15	3	0,1	3	5	9	103
11/04/2025	16	3	0,1	2	6	10	101
11/04/2025	17	3	0,1	3	8	11	99
11/04/2025	18	3	0,1	2	7	11	100
11/04/2025	19	3	0,1	2	8	11	94
11/04/2025	20	3	0,1	2	7	11	92
11/04/2025	21	3	0,1	2	4	8	88
11/04/2025	22	3	0,1	2	7	10	76
11/04/2025	23	3	0,1	2	8	12	68
12/04/2025	00	3	0,1	2	5	8	42
12/04/2025	01	3	0,1	2	5	8	33
12/04/2025	02	3	0,1	2	7	10	28
12/04/2025	03	3	0,1	2	6	9	26
12/04/2025	04	3	0,1	2	5	8	27
12/04/2025	05	3	0,1	2	5	8	50
12/04/2025	06	3	0,1	2	3	6	52
12/04/2025	07	3	0,1	2	7	10	35
12/04/2025	08	3	0,1	3	10	14	35
12/04/2025	09	3	0,1	4	10	15	38
12/04/2025	10	3	0,1	3	7	11	63
12/04/2025	11	3	0,1	3	7	11	75
12/04/2025	12	3	0,1	3	4	8	90
12/04/2025	13	3	0,1	3	4	8	96
12/04/2025	14	3	0,1	2	5	8	96
12/04/2025	15	3	0,1	2	6	9	92
12/04/2025	16	3	0,1	2	6	10	88
12/04/2025	17	3	0,1	3	10	13	84
12/04/2025	18	3	0,1	2	13	16	83
12/04/2025	19	3	0,1	2	11	14	80
12/04/2025	20	3	0,1	2	16	19	53
12/04/2025	21	3	0,1	2	14	18	60
12/04/2025	22	3	0,1	2	10	13	56
12/04/2025	23	3	0,1	2	9	12	63
13/04/2025	00	3	0,1	2	11	14	33
13/04/2025	01	3	0,1	2	13	16	32
13/04/2025	02	3	0,1	2	13	16	26
13/04/2025	03	3	0,1	2	14	17	19
13/04/2025	04	3	0,1	2	11	14	18
13/04/2025	05	3	0,1	2	8	11	21
13/04/2025	06	3	0,1	3	9	12	13
13/04/2025	07	3	0,1	3	8	12	21
13/04/2025	08	3	0,1	3	5	8	37
13/04/2025	09	3	0,1	3	7	11	51
13/04/2025	10	3	0,1	5	11	18	59
13/04/2025	11	3	0,1	4	10	17	72
13/04/2025	12	3	0,1	4	12	17	78
13/04/2025	13	3	0,1	3	8	13	93
13/04/2025	14	3	0,1	2	4	7	103
13/04/2025	15	3	0,1	2	4	7	107
13/04/2025	16	3	0,1	2	4	7	106
13/04/2025	17	3	0,1	2	5	8	106
13/04/2025	18	3	0,1	3	6	10	101
13/04/2025	19	3	0,1	2	6	10	98
13/04/2025	20	3	0,1	2	10	13	87
13/04/2025	21	3	0,2	2	11	14	81
13/04/2025	22	3	0,1	2	8	12	77
13/04/2025	23	3	0,1	2	5	8	71
14/04/2025	00	3	0,1	2	4	7	72
14/04/2025	01	3	0,1	2	5	9	60
14/04/2025	02	3	0,1	2	5	8	59
14/04/2025	03	3	0,1	2	4	7	57
14/04/2025	04	3	0,1	2	4	7	44
14/04/2025	05	3	0,1	2	6	10	30
14/04/2025	06	3	0,1	2	11	14	24
14/04/2025	07	3	0,1	14	30	51	5
14/04/2025	08	3	0,1	7	19	29	19
14/04/2025	09	3	0,1	3	11	16	65
14/04/2025	10	3	0,1	3	12	17	73
14/04/2025	11	3	0,1	3	10	14	86
14/04/2025	12	3	0,1	3	7	11	96
14/04/2025	13	3	0,1	2	5	9	94
14/04/2025	14	3	0,1	3	11	16	97
14/04/2025	15	3	0,1	4	14	20	94
14/04/2025	16	3	0,1	4	10	16	98
14/04/2025	17	3	0,1	3	11	16	98
14/04/2025	18	3	0,1	2	7	11	104
14/04/2025	19	3	0,1	3	7	11	92
14/04/2025	20	3	0,1	2	13	16	72
14/04/2025	21	3	0,1	2	19	22	53
14/04/2025	22	3	0,1	2	8	11	75
14/04/2025	23	3	0,1	2	3	6	89
15/04/2025	00	3	0,1	2	3	6	90
15/04/2025	01	3	0,1	2	3	6	87
15/04/2025	02	3	0,1	2	3	6	92
15/04/2025	03	3	0,1	2	3	6	96
15/04/2025	04	3	0,1	2	3	6	98
15/04/2025	05	3	0,1	2	4	8	87
15/04/2025	06	3	0,1	3	7	10	82
15/04/2025	07	3	0,1	2	9	12	77
15/04/2025	08	3	0,1	2	4	8	89
15/04/2025	09	3	0,1	3	4	7	87
15/04/2025	10	3	0,1	2	3	7	90
15/04/2025	11	3	0,1	2	3	7	92
15/04/2025	12	3	0,1	2	3	7	96
15/04/2025	13	3	0,1	2	3	6	100
15/04/2025	14	3	0,1	3	3	7	105
15/04/2025	15	3	0,1	2	3	7	100
15/04/2025	16	3	0,1	2	3	7	97
15/04/2025	17	3	0,1	2	3	7	99
15/04/2025	18	3	0,1	2	3	7	98
15/04/2025	19	3	0,1	2	3	7	102
15/04/2025	20	3	0,1	2	4	7	91
15/04/2025	21	3	0,1	2	3	6	92
15/04/2025	22	3	0,1	2	3	6	89
15/04/2025	23	3	0,1	2	3	6	92
16/04/2025	00	3	0,1	2	3	6	93
16/04/2025	01	3	0,1	3	3	7	89
16/04/2025	02	3	0,1	2	3	6	88
16/04/2025	03	3	0,1	2	3	6	84
16/04/2025	04	3	0,1	2	5	8	75
16/04/2025	05	3	0,1	2	5	9	77
16/04/2025	06	3	0,1	2	3	7	80
16/04/2025	07	3	0,1	3	6	10	73
16/04/2025	08	3	0,1	3	6	10	80
16/04/2025	09	3	0,1	3	3	7	86
16/04/2025	10	3	0,1	2	3	7	91
16/04/2025	11	3	0,1	2	3	6	97
16/04/2025	12	3	0,1	2	3	6	95
16/04/2025	13	3	0,1	2	3	7	97
16/04/2025	14	3	0,1	2	3	7	96
16/04/2025	15	3	0,1	2	3	7	94
16/04/2025	16	3	0,1	2	3	7	95
16/04/2025	17	3	0,1	2	3	7	103
16/04/2025	18	3	0,1	3	3	7	102
16/04/2025	19	3	0,1	2	3	7	98
16/04/2025	20	3	0,1	2	3	6	92
16/04/2025	21	3	0,1	2	3	7	88
16/04/2025	22	3	0,1	2	3	7	85
16/04/2025	23	3	0,1	2	3	6	86
17/04/2025	00	3	0,1	2	3	6	82
17/04/2025	01	3	0,1	2	3	6	77
17/04/2025	02	3	0,1	2	3	7	71
17/04/2025	03	3	0,1	2	4	7	63
17/04/2025	04	3	0,1	2	5	8	53
17/04/2025	05	3	0,1	2	5	8	53
17/04/2025	06	3	0,1	3	15	20	30
17/04/2025	07	3	0,1	10	29	44	13
17/04/2025	08	3	0,1	7	14	23	47
17/04/2025	09	3	0,1	4	6	12	71
17/04/2025	10	3	0,1	3	3	7	92
17/04/2025	11	3	0,1	2	3	6	99
17/04/2025	12	3	0,1	2	3	6	101
17/04/2025	13	3	0,1	2	3	7	101
17/04/2025	14	3	0,1	2	3	7	105
17/04/2025	15	3	0,1	2	3	6	105
17/04/2025	16	3	0,1	2	3	6	107
17/04/2025	17	3	0,1	2	3	7	107
17/04/2025	18	3	0,1	2	3	7	105
17/04/2025	19	3	0,1	2	4	7	101
17/04/2025	20	3	0,1	2	4	7	92
17/04/2025	21	3	0,1	2	4	8	87
17/04/2025	22	3	0,1	2	14	17	59
17/04/2025	23	3	0,1	2	14	17	65
18/04/2025	00	3	0,1	2	26	30	36
18/04/2025	01	3	0,1	2	24	27	33
18/04/2025	02	3	0,1	2	18	21	38
18/04/2025	03	3	0,1	2	11	14	44
18/04/2025	04	3	0,1	2	7	10	48
18/04/2025	05	3	0,1	2	3	7	62
18/04/2025	06	3	0,1	2	7	10	49
18/04/2025	07	3	0,1	2	9	12	45
18/04/2025	08	3	0,1	3	6	10	56
18/04/2025	09	3	0,1	3	3	8	64
18/04/2025	10	3	0,1	2	3	6	76
18/04/2025	11	3	0,1	3	3	7	85
18/04/2025	12	3	0,1	2	3	6	86
18/04/2025	13	3	0,2	2	3	6	85
18/04/2025	14	3	0,1	2	4	7	89
18/04/2025	15	3	0,1	2	4	7	93
18/04/2025	16	3	0,1	2	4	7	88
18/04/2025	17	3	0,1	2	4	7	86
18/04/2025	18	3	0,1	2	6	9	83
18/04/2025	19	3	0,1	2	7	11	84
18/04/2025	20	3	0,1	2	7	10	79
18/04/2025	21	3	0,1	2	12	15	66
18/04/2025	22	3	0,1	2	14	17	57
18/04/2025	23	3	0,1	2	15	18	54
19/04/2025	00	3	0,1	2	12	15	47
19/04/2025	01	3	0,1	2	12	15	33
19/04/2025	02	3	0,1	2	7	11	32
19/04/2025	03	3	0,1	2	6	10	33
19/04/2025	04	3	0,1	2	4	7	55
19/04/2025	05	3	0,1	2	3	6	63
19/04/2025	06	3	0,1	3	3	7	65
19/04/2025	07	3	0,1	2	3	7	67
19/04/2025	08	3	0,1	2	3	6	81
19/04/2025	09	3	0,1	2	3	6	82
19/04/2025	10	3	0,1	2	3	7	86
19/04/2025	11	3	0,1	2	3	6	92
19/04/2025	12	3	0,1	2	3	6	97
19/04/2025	13	3	0,1	2	3	6	103
19/04/2025	14	3	0,1	2	3	7	103
19/04/2025	15	3	0,1	2	3	6	103
19/04/2025	16	3	0,1	2	3	7	101
19/04/2025	17	3	0,1	2	3	7	100
19/04/2025	18	3	0,1	2	3	6	100
19/04/2025	19	3	0,1	2	3	6	99
19/04/2025	20	3	0,1	2	3	7	104
19/04/2025	21	3	0,1	2	3	6	100
19/04/2025	22	3	0,1	2	3	6	97
19/04/2025	23	3	0,1	2	3	6	94
20/04/2025	00	3	0,1	2	3	6	89
20/04/2025	01	3	0,1	2	3	6	90
20/04/2025	02	3	0,1	2	3	6	90
20/04/2025	03	3	0,1	2	3	6	87
20/04/2025	04	3	0,1	2	3	6	85
20/04/2025	05	3	0,2	2	3	6	83
20/04/2025	06	3	0,1	2	3	6	85
20/04/2025	07	3	0,1	2	3	6	86
20/04/2025	08	3	0,1	2	3	6	90
20/04/2025	09	3	0,1	2	3	6	89
20/04/2025	10	3	0,2	2	3	6	85
20/04/2025	11	3	0,1	2	3	6	84
20/04/2025	12	3	0,1	2	3	6	87
20/04/2025	13	3	0,1	2	3	7	88
20/04/2025	14	3	0,1	2	3	6	90
20/04/2025	15	3	0,1	2	3	6	95
20/04/2025	16	3	0,1	2	3	7	101
20/04/2025	17	3	0,1	2	3	6	99
20/04/2025	18	3	0,1	2	3	6	100
20/04/2025	19	3	0,1	2	5	8	91
20/04/2025	20	3	0,1	2	11	14	77
20/04/2025	21	3	0,1	2	10	14	77
20/04/2025	22	3	0,1	2	9	12	68
20/04/2025	23	3	0,1	2	7	10	64
21/04/2025	00	3	0,1	2	9	12	45
21/04/2025	01	3	0,1	2	7	10	37
21/04/2025	02	3	0,1	2	5	8	41
21/04/2025	03	3	0,1	2	4	7	38
21/04/2025	04	3	0,1	2	5	8	29
21/04/2025	05	3	0,1	2	4	7	33
21/04/2025	06	3	0,1	2	4	7	33
21/04/2025	07	3	0,1	2	6	9	40
21/04/2025	08	3	0,1	3	3	8	57
21/04/2025	09	3	0,1	2	3	7	72
21/04/2025	10	3	0,1	2	3	6	87
21/04/2025	11	3	0,1	2	3	7	91
21/04/2025	12	3	0,1	2	3	6	92
21/04/2025	13	3	0,1	2	3	7	95
21/04/2025	14	3	0,1	2	3	7	99
21/04/2025	15	3	0,1	3	4	7	100
21/04/2025	16	3	0,1	2	5	8	99
21/04/2025	17	3	0,1	2	3	7	106
21/04/2025	18	3	0,1	2	3	7	111
21/04/2025	19	3	0,1	2	5	7	105
21/04/2025	20	3	0,1	2	7	10	97
21/04/2025	21	3	0,1	3	6	10	94
21/04/2025	22	3	0,1	2	4	7	94
21/04/2025	23	3	0,1	2	5	8	80
22/04/2025	00	3	0,1	2	7	10	62
22/04/2025	01	3	0,1	2	6	9	60
22/04/2025	02	3	0,1	2	4	7	50
22/04/2025	03	3	0,1	2	4	7	42
22/04/2025	04	3	0,1	2	4	7	43
22/04/2025	05	3	0,1	2	7	10	40
22/04/2025	06	3	0,1	3	13	17	23
22/04/2025	07	3	0,1	6	23	31	17
22/04/2025	08	3	0,1	7	26	36	16
22/04/2025	09	3	0,1	15	26	48	15
22/04/2025	10	3	0,1	15	24	47	32
22/04/2025	11	3	0,1	11	21	39	46
22/04/2025	12	3	0,1	10	21	36	53
22/04/2025	13	3	0,1	6	19	28	65
22/04/2025	14	3	0,1	4	9	14	83
22/04/2025	15	3	0,1	3	7	11	86
22/04/2025	16	3	0,1	2	15	19	66
22/04/2025	17	3	0,1	3	8	12	82
22/04/2025	18	3	0,1	2	10	14	73
22/04/2025	19	3	0,1	2	9	13	70
22/04/2025	20	3	0,1	2	9	12	60
22/04/2025	21	3	0,1	2	10	14	47
22/04/2025	22	3	0,1	2	10	14	42
22/04/2025	23	3	0,1	2	8	11	41
23/04/2025	00	3	0,1	2	5	8	36
23/04/2025	01	3	0,1	2	5	8	24
23/04/2025	02	3	0,1	3	4	8	17
23/04/2025	03	3	0,1	2	4	7	22
23/04/2025	04	3	0,1	2	3	6	33
23/04/2025	05	3	0,1	2	3	6	36
23/04/2025	06	3	0,1	3	17	21	18
23/04/2025	07	3	0,1	8	22	33	20
23/04/2025	08	3	0,1	5	12	20	46
23/04/2025	09	3	0,1	4	7	13	61
23/04/2025	10	3	0,1	3	4	8	84
23/04/2025	11	3	0,2	3	6	11	87
23/04/2025	12	3	0,1	3	7	11	98
23/04/2025	13	3	0,1	2	6	10	102
23/04/2025	14	3	0,1	4	10	15	101
23/04/2025	15	3	0,1	3	8	12	104
23/04/2025	16	3	0,1	3	8	12	102
23/04/2025	17	3	0,1	3	11	16	91
23/04/2025	18	3	0,1	3	13	18	90
23/04/2025	19	3	0,1	3	13	17	86
23/04/2025	20	3	0,1	2	10	13	85
23/04/2025	21	3	0,1	2	6	9	87
23/04/2025	22	3	0,1	2	6	9	71
23/04/2025	23	3	0,1	2	11	13	47
24/04/2025	00	3	0,1	2	8	12	42
24/04/2025	01	3	0,1	2	5	9	44
24/04/2025	02	3	0,1	2	5	8	43
24/04/2025	03	3	0,1	2	5	8	37
24/04/2025	04	3	0,1	2	7	10	33
24/04/2025	05	3	0,1	2	6	9	36
24/04/2025	06	3	0,1	3	7	11	34
24/04/2025	07	3	0,1	15	28	50	11
24/04/2025	08	3	0,1	7	10	20	45
24/04/2025	09	3	0,1	4	8	13	71
24/04/2025	10	3	0,1	3	7	12	78
24/04/2025	11	3	0,1	3	8	13	87
24/04/2025	12	3	0,1	5	15	22	80
24/04/2025	13	3	0,1	5	13	20	92
24/04/2025	14	3	0,1	3	7	11	103
24/04/2025	15	3	0,1	2	4	7	104
24/04/2025	16	3	0,1	2	4	7	101
24/04/2025	17	3	0,1	2	6	10	93
24/04/2025	18	3	0,1	3	8	12	97
24/04/2025	19	3	0,1	2	6	9	103
24/04/2025	20	3	0,1	2	11	14	86
24/04/2025	21	3	0,1	2	11	14	82
24/04/2025	22	3	0,1	2	7	10	73
24/04/2025	23	3	0,1	2	5	9	62
25/04/2025	00	3	0,1	2	8	11	46
25/04/2025	01	3	0,1	2	8	12	37
25/04/2025	02	3	0,1	2	6	9	41
25/04/2025	03	3	0,1	2	5	8	36
25/04/2025	04	3	0,1	2	6	9	24
25/04/2025	05	3	0,2	2	5	8	31
25/04/2025	06	3	0,1	2	10	13	36
25/04/2025	08	3	0,1	3	11	16	67
25/04/2025	09	3	0,1	5	13	20	63
25/04/2025	10	3	0,1	5	12	19	75
25/04/2025	11	3	0,1	4	9	14	93
25/04/2025	12	3	0,1	3	7	12	106
25/04/2025	13	3	0,1	2	6	9	120
25/04/2025	14	3	0,1	2	4	7	115
25/04/2025	15	3	0,1	2	4	7	114
25/04/2025	16	3	0,1	3	4	8	118
25/04/2025	17	3	0,1	2	4	7	118
25/04/2025	18	3	0,1	2	5	8	113
25/04/2025	19	3	0,1	3	7	10	106
25/04/2025	20	3	0,1	3	10	13	87
25/04/2025	21	3	0,1	2	10	13	82
25/04/2025	22	3	0,1	2	11	13	76
25/04/2025	23	3	0,1	2	16	20	55
26/04/2025	00	3	0,1	3	17	21	50
26/04/2025	01	3	0,1	2	13	17	40
26/04/2025	02	3	0,1	2	14	17	34
26/04/2025	03	3	0,1	2	9	12	33
26/04/2025	04	3	0,1	2	11	14	20
26/04/2025	05	3	0,1	2	14	18	24
26/04/2025	06	3	0,1	2	15	18	45
26/04/2025	07	3	0,1	3	16	20	47
26/04/2025	08	3	0,1	3	12	17	60
26/04/2025	09	3	0,1	3	9	14	66
26/04/2025	10	3	0,1	2	6	9	78
26/04/2025	11	3	0,1	2	6	9	89
26/04/2025	12	3	0,1	2	4	8	96
26/04/2025	13	3	0,1	2	4	7	97
26/04/2025	14	3	0,1	2	4	7	99
26/04/2025	15	3	0,1	3	4	8	100
26/04/2025	16	3	0,1	2	3	7	99
26/04/2025	17	3	0,1	3	3	7	90
26/04/2025	18	3	0,1	2	4	7	90
26/04/2025	19	3	0,1	2	4	8	94
26/04/2025	20	3	0,1	2	5	8	90
26/04/2025	21	3	0,1	2	7	10	81
26/04/2025	22	3	0,1	2	6	10	80
26/04/2025	23	3	0,1	2	7	10	72
27/04/2025	00	3	0,1	2	4	7	74
27/04/2025	01	3	0,1	2	3	7	79
27/04/2025	02	3	0,1	2	3	6	85
27/04/2025	03	3	0,1	2	3	6	85
27/04/2025	04	3	0,1	2	3	7	79
27/04/2025	05	3	0,1	2	3	6	66
27/04/2025	06	3	0,1	2	3	6	65
27/04/2025	07	3	0,1	2	3	7	67
27/04/2025	08	3	0,1	2	3	7	76
27/04/2025	09	3	0,1	2	3	7	83
27/04/2025	10	3	0,1	2	3	7	90
27/04/2025	11	3	0,1	2	3	7	93
27/04/2025	12	3	0,1	2	4	8	91
27/04/2025	13	3	0,1	3	5	9	92
27/04/2025	14	3	0,1	2	3	7	100
27/04/2025	15	3	0,1	2	3	7	101
27/04/2025	16	3	0,1	2	3	7	112
27/04/2025	17	3	0,1	2	3	7	104
27/04/2025	18	3	0,1	2	3	7	101
27/04/2025	19	3	0,1	2	7	10	92
27/04/2025	20	3	0,1	2	6	9	90
27/04/2025	21	3	0,1	2	6	9	91
27/04/2025	22	3	0,1	2	4	7	92
27/04/2025	23	3	0,1	2	5	8	80
28/04/2025	00	3	0,1	2	6	9	79
28/04/2025	01	3	0,1	2	4	7	82
28/04/2025	02	3	0,1	2	3	6	83
28/04/2025	03	3	0,1	2	4	7	35
28/04/2025	04	3	0,1	2	4	7	31
28/04/2025	05	3	0,1	2	6	9	25
28/04/2025	06	3	0,1	2	9	12	25
28/04/2025	07	3	0,1	3	8	13	33
28/04/2025	08	3	0,1	3	6	11	52
28/04/2025	09	3	0,1	3	5	9	76
28/04/2025	10	3	0,1	2	3	6	97
28/04/2025	17	3	0,1				104
28/04/2025	18	3	0,1				102
28/04/2025	19	3	0,1				98
28/04/2025	20	3	0,1	2	8	11	76
28/04/2025	21	3	0,1	3	16	19	77
28/04/2025	22	3	0,1	3	14	18	73
28/04/2025	23	3	0,1	2	13	16	60
29/04/2025	00	3	0,1	3	7	11	61
29/04/2025	01	3	0,1	2	5	9	56
29/04/2025	02	3	0,1	3	7	11	35
29/04/2025	03	3	0,1	3	7	11	31
29/04/2025	04	3	0,1	3	7	12	29
29/04/2025	05	3	0,1	3	8	12	26
29/04/2025	06	3	0,1	5	18	25	13
29/04/2025	07	3	0,1	6	13	23	57
29/04/2025	08	3	0,1	3	6	9	93
29/04/2025	09	3	0,1	3	6	10	100
29/04/2025	10	3	0,1	3	6	10	105
29/04/2025	11	3	0,1	3	5	9	110
29/04/2025	12	3	0,1	3	4	8	116
29/04/2025	13	3	0,1	3	4	8	114
29/04/2025	14	3	0,1	2	4	7	115
29/04/2025	15	3	0,1	3	5	10	113
29/04/2025	16	3	0,1	3	5	9	113
29/04/2025	17	3	0,1	2	4	7	109
29/04/2025	18	3	0,1	2	5	8	105
29/04/2025	19	3	0,1	3	6	10	102
29/04/2025	20	3	0,1	3	5	8	109
29/04/2025	21	3	0,1	2	4	8	100
29/04/2025	22	3	0,1	2	4	8	96
29/04/2025	23	3	0,1	3	5	9	96
30/04/2025	00	3	0,1	3	4	8	99
30/04/2025	01	3	0,1	2	4	7	94
30/04/2025	02	3	0,1	2	4	8	91
30/04/2025	03	3	0,1	2	6	9	79
30/04/2025	04	3	0,1	3	6	10	79
30/04/2025	05	3	0,1	3	6	10	82
30/04/2025	06	3	0,1	2	5	9	87
30/04/2025	07	3	0,1	2	6	10	89
30/04/2025	08	3	0,1	3	7	11	93
30/04/2025	09	3	0,1	3	6	10	97
30/04/2025	10	3	0,1	3	4	9	100
30/04/2025	11	3	0,1	3	4	9	102
30/04/2025	12	3	0,1	3	4	8	107
30/04/2025	13	3	0,1	3	4	8	107
30/04/2025	14	3	0,1	3	4	7	110
30/04/2025	15	3	0,1	3	5	10	108
30/04/2025	16	3	0,1	3	5	10	104
30/04/2025	17	3	0,1	3	5	9	102
30/04/2025	18	3	0,1	3	4	9	99
30/04/2025	19	3	0,1	2	4	8	99
30/04/2025	20	3	0,1	3	4	8	96
30/04/2025	21	3	0,1	3	4	9	96
30/04/2025	22	3	0,1	3	4	8	95
30/04/2025	23	3	0,1	2	4	8	89
