Red: Red de Unidades Móviles de Control de la Contaminación Atmosférica
Estación: 12140002-Móvil Viver
	
FECHA	HORA	SO2	CO	NO	NO2	PM2.5	PM10	PM1	NOx	O3	Veloc.	Direc.	Temp.	H.Rel.	Pres.	R.Sol.	Precip.
		µg/m³	mg/m³	µg/m³	µg/m³	µg/m³	µg/m³	µg/m³	µg/m³	µg/m³	m/s	grados	°C	% H.R.	mb	W/m²	l/m²
23/06/2003	16	5	0.5	7	15	21.8	91.5	12.8	26	103	2.1	153	35	36	952	653	0
23/06/2003	17	5	0.5	7	13	19.6	68.4	12	24	98	1.8	149	34.6	37	952	473	0
23/06/2003	18	4	0.4	7	13	17.5	49.4	11.7	24	87	1.5	148	32.6	45	953	265	0
23/06/2003	19	5	0.3	7	16	17.4	51.8	11.8	27	76	1.1	136	28.3	57	953	56	0
23/06/2003	20	5	0.3	8	48	16.7	44.3	12	59	40	0.5	40	24.8	70	954	0	0
23/06/2003	21	5	0.3	7	27	17	30.1	12.4	38	51	0.5	197	23	76	954	0	0
23/06/2003	22	5	0.3	7	33	16.5	24	12.3	44	47	0.8	113	22.3	79	955	0	0
23/06/2003	23	5	0.3	7	33	17.5	24.7	13.4	45	39	0.7	2	21.4	83	956	0	0
24/06/2003	00	5	0.2	7	25	17	23.7	13.3	36	37	0.5	331	20.6	86	956	0	0
24/06/2003	01	5	0.3	8	23	17.1	23	13.3	35	36	0.6	346	20.2	87	955	0	0
24/06/2003	02	5	0.3	7	20	17.1	24.2	12.9	30	35	0.5	306	20	86	955	0	0
24/06/2003	03	5	0.3	7	18	18.9	28	13.1	29	40	0.6	316	19.8	83	954	0	0
24/06/2003	04	5	0.3	8	22	21.2	31.8	13.7	34	38	0.6	323	20	80	954	0	0
24/06/2003	05	5	0.3	17	33	25	37.6	15.1	59	17	0.7	348	18.7	84	955	0	0
24/06/2003	06	6	0.3	26	40	26.6	39.9	15.8	79	10	0.6	348	19.2	83	955	16	0
24/06/2003	07	6	0.4	19	33	23.6	65.5	14.7	62	30	0.5	359	23	71	956	129	0
24/06/2003	08	5	0.5	8	20	25.7	94.2	15.3	32	46	0.5	146	27.8	56	956	309	0
24/06/2003	09	5	0.5	7	14	22.8	81.4	13.7	25	77	0.6	165	31.9	42	956	534	0
24/06/2003	10	5	0.6	7	13	27.4	91.8	15.4	24	87	1	170	33.8	39	956	704	0
24/06/2003	11	5	0.6	7	13	26.9	86.5	15.4	24	95	1.8	133	34.2	38	956	829	0
24/06/2003	12	5		7	15	27.6	78.4	16.4	26	103	2	135	34.5	39	956	899	0
24/06/2003	13	5	0.5	7	14	29.4	81.4	18.7	26	116	2.3	141	34.6	42	956	902	0
24/06/2003	14	6	0.5	7	16	27.8	61.1	18.8	27	120	2.4	130	35	44	955	861	0
24/06/2003	15	5	0.5	7	14	24.6	54.7	16.7	25	120	2.4	134	35.2	43	955	778	0
24/06/2003	16	6	0.5	8	15	22.5	59.3	14.8	27	109	2.1	134	34.3	44	955	521	0
24/06/2003	17	6	0.5	8	16	22.1	65.7	14.2	28	101	1.8	135	34.9	42	955	489	0
24/06/2003	18	5	0.5	7	17	22.3	61.4	14.7	28	100	1.1	137	32.7	48	954	176	0
24/06/2003	19	6	0.5	7	29	23.4	64.3	16	40	66	0.7	131	28.5	64	955	14	0
24/06/2003	20	5	0.4	7	34	23.2	45	16.7	45	49	0.7	54	26.2	75	956	0	0
24/06/2003	21	5	0.4	8	30	23.3	34.6	16.9	42	50	0.7	352	24.7	82	956	0	0
24/06/2003	22	5	0.3	8	31	25.4	36.9	18.9	43	38	0.6	24	23.8	88	956	0	0
24/06/2003	23	5	0.3	8	31	28.4	39	22.2	43	28	0.5	13	22.7	95	957	0	0
25/06/2003	00	5	0.3	7	28	28	38.2	22.1	39	20	0.5	344	21.6	98	957	0	0
25/06/2003	01	6	0.3	17	28	25.5	34.6	20	54	9	0.5	9	20.7	98	957	0	0
25/06/2003	02	6	0.2	10	32	23.8	33.3	18.1	48	10	0.7	1	20	98	956	0	0
25/06/2003	03	5	0.1	9	30	23.4	33	17.3	44	17	0.6	341	19.5	97	956	0	0
25/06/2003	04	5	0.1	10	26	24.3	34.4	17.7	40	25	0.7	329	19.2	97	956	0	0
25/06/2003	05	5	0.1	8	20	25.8	37.6	18.3	32	37	0.6	326	19.6	95	956	0	0
25/06/2003	06	5	0.3	14	30	32.3	48	23	52	30	0.6	191	20.9	90	956	22	0
25/06/2003	07	6	0.3	13	23	33.9	61.2	24.7	43	44	0.5	343	26.6	69	956	162	0
25/06/2003	08	6	0.4	7	14	27	66.4	17.9	25	66	0.5	155	31.4	53	956	343	0
25/06/2003	09	6	0.5	7	17	26.4	70.8	16.9	28	83	0.9	143	34	44	956	542	0
25/06/2003	10	6	0.6	8	30	41	75.7	31.5	42	67	2	127	33.4	51	956	684	0
25/06/2003	11	7	0.6	7	26	44.3	65.2	35.5	37	76	2.4	123	33.2	55	957	797	0
25/06/2003	12	7		8	19	42.2	65.3	33.4	30	94	2.5	130	32.9	56	957	880	0
25/06/2003	13		0.5	8	14	36.9	59.2	28.6	26	114	2.4	135	33.6	52	956	837	0
25/06/2003	14	5	0.5	8	14	33.2	56	25.3	26	112	2.3	127	34.4	49	956	846	0
25/06/2003	15	5	0.4	8	14	28.9	50.9	21	25	109	2	132	35.7	45	956	771	0
25/06/2003	16	5	0.5	8	16	28.7	64.1	19.9	27	111	1.7	136	36.3	43	955	599	0
25/06/2003	17	5	0.5	8	17	27.6	59.6	18.6	29	106	1.9	134	34.3	46	955	430	0
25/06/2003	18	5	0.5	8	17	26.8	60.5	17.4	29	96	1.7	135	32.8	49	955	251	0
25/06/2003	19	5	0.3	7	24	27.5	60.5	17.9	35	75	1.1	132	27.9	64	955	8	0
25/06/2003	20	5	0.3	7	26	28.4	46.7	19	38	62	0.8	78	25.5	77	955	0	0
25/06/2003	21	5	0.3	7	22	29.4	44	19.6	34	54	0.5	353	23.8	83	956	0	0
25/06/2003	22	4	0.2	7	25	32.8	48.1	23.8	37	46	0.7	150	23.1	92	956	0	0
25/06/2003	23	5	0.2	7	15	34.2	48.7	25.6	26	50	0.6	200	22.8	97	956	0	0
26/06/2003	00	5	0.2	7	16	31.8	45.1	23.6	27	34	0.6	328	21.7	96	956	0	0
26/06/2003	01	5	0.1	7	22	29.2	41	21.6	33	18	0.6	342	19.9	98	956	0	0
26/06/2003	02	5	0.1	9	23	28.3	40.7	20.1	36	16	0.6	348	19.6	97	956	0	0
26/06/2003	03	5	0.1	10	27	34.4	50.4	24	43	11	0.5	349	19.7	97	956	0	0
26/06/2003	04	5	0.1	7	20	40.2	54.7	28.8	31	26	0.8	345	20.2	100	956	0	0
26/06/2003	05	5	0.1	9	24	27.3	35.6	21	37	15	0.5	335	18.9	99	955	0	0
26/06/2003	06	6	0.1	35	24	28.8	41.2	21.8	77	11	0.5	20	19.2	98	956	26	0
26/06/2003	07	6	0.1	20	26	28.4	51.9	20.3	56	21	0.5	148	24.9	74	956	189	0
26/06/2003	08	5	0.3	9	22	26.2	51.4	18.4	36	47	0.7	141	29.7	55	956	423	0
26/06/2003	09	5	0.3	7	17	27.2	57.2	18.5	28	69	0.7	143	30.8	51	956	438	0
26/06/2003	10	5	0.3	8	14	29.6	59	20.6	26	75	1	129	31.5	52	956	484	0
26/06/2003	11	6	0.4	7	17	33.3	64.4	24	28	79	1.5	129	32.4	53	956	623	0
26/06/2003	12	6	0.4	7	16	37.7	68.6	27.4	28	92	2.4	136	33.2	52	955	753	0
26/06/2003	13	6		7	16	36.8	73.1	26.1	28	97	2	136	32.3	56	955	524	0
26/06/2003	14	6	0.4	7	15	33.3	57.1	23.9	26	96	2.2	132	32.4	56	955	658	0
26/06/2003	15	6	0.4	7	14	32	56.4	22.5	26	96	2.1	136	32	58	954	491	0
26/06/2003	16	6	0.3	7	14	29.6	52.7	20.7	25	86	1.8	134	30.8	61	954	373	0
26/06/2003	17	6	0.3	7	14	29.7	57.4	20.5	26	80	2.1	135	29.4	65	954	294	0
26/06/2003	18	5	0.3	7	17	28.6	52.4	19.8	28	71	1.5	129	29.6	64	954	257	0
26/06/2003	19	5	0.3	7	21	30	54.9	20.8	32	69	1	122	27.7	70	954	75	0
26/06/2003	20	5	0.1	7	28	30.7	45.8	21.5	40	53	0.6	139	24.3	83	954	0	0
26/06/2003	21	5	0.1	7	34	31.4	46.3	22.8	45	43	0.6	134	22.6	91	955	0	0
26/06/2003	22	5	0.1	8	34	31.1	45.6	23	46	26	0.5	1	21.5	96	955	0	0
26/06/2003	23	5	0.1	7	27	31.6	45.7	23.7	38	22	0.5	324	20.6	98	955	0	0
27/06/2003	00	5	0.1	14	24	31.5	44.6	23.9	46	18	0.6	348	19.7	100	955	0	0
27/06/2003	01	5	0.1	14	23	28.5	37.3	22.6	44	17	0.6	348	18.5	100	954	0	0
27/06/2003	02	5	0.1	8	17	30.3	39.1	24	29	39	0.7	327	18.3	100	954	0	0
27/06/2003	03	5	0.1	8	21	29.9	39	23.6	33	35	0.5	17	18.3	99	954	0	0
27/06/2003	04	6	0.1	14	26	31.5	40.5	24.8	48	26	0.7	339	18	100	954	0	0
27/06/2003	05	5	0.1	12	32	29.6	40.4	23.2	51	16	0.5	2	17.3	100	954	0	0.2
27/06/2003	06	6	0.1	30	35	28.8	41.1	22.3	81	9	0.5	134	18.2	98	955	25	0
27/06/2003	07	6	0.2	20	27	25.8	69.1	19.1	57	33	0.5	161	24.3	71	955	171	0
27/06/2003	08	6	0.1	7	14	29.8	57.7	22.2	26	67	0.7	167	28.3	61	955	364	0
27/06/2003	09	7	0.3	7	15	27.4	44.5	20.7	26	76	1	132	31.2	52	955	560	0
27/06/2003	10	9	0.4	7	14	27	46	20.2	25	90	2.1	138	31.9	50	956	750	0
27/06/2003	11	8	0.4	7	13	29.3	56.4	21.4	24	99	1.9	139	32.5	49	955	768	0
27/06/2003	12	8	0.4	7	14	30	49.5	22.6	26	110	1.7	134	32.4	49	955	753	0
27/06/2003	13	7		7	13	30	53.3	22.6	24	116	2.2	137	33.1	48	954	755	0
27/06/2003	14	7	0.3	7	12	26.9	48.4	20.2	24	115	2.7	140	32.6	50	954	691	0
27/06/2003	15	6	0.3	7	12	24.4	47.1	18	23	107	3	148	32.1	52	954	623	0
27/06/2003	16	6	0.3	7	14	25.6	50.3	18.8	25	97	2.4	138	31.6	54	954	490	0
27/06/2003	17	6	0.3	7	14	25.8	47.6	18.9	25	98	1.8	136	31.1	56	954	314	0
27/06/2003	18	6	0.4	7	13	27.4	46.8	20.1	24	88	2	143	28.8	65	954	149	0
27/06/2003	19	6	0.3	7	13	28.4	41.6	20.7	24	79	1.4	142	25.7	79	954	8	0
27/06/2003	20	6	0.2	7	14	29.1	41.3	21.3	26	70	1.1	145	24.2	85	954	0	0
27/06/2003	21	6	0.3	7	13	30.1	42.1	22.7	24	69	0.8	147	23.5	88	955	0	0
27/06/2003	22	6	0.1	7	13	32.1	44	24.8	25	69	0.7	134	23	89	956	0	0
27/06/2003	23	6	0.2	7	19	35.5	48.4	28.1	30	54	0.6	117	22	93	956	0	0
28/06/2003	00	6	0.2	7	17	32.5	43.4	25.7	28	55	0.7	124	22.2	94	956	0	0
28/06/2003	01	6	0.1	7	15	29	39.1	23	26	64	0.5	129	22.1	91	955	0	0
28/06/2003	02	6	0.1	7	17	29.7	39.5	23.9	28	61	0.5	51	21.2	91	955	0	0
28/06/2003	03	6	0.1	7	19	29.6	37.9	24	30	52	0.5	178	21	93	955	0	0
28/06/2003	04	6	0.1	7	18	28.5	36.7	23	29	54	0.5	197	21.1	91	955	0	0
28/06/2003	05	6	0.1	7	18	28.7	37.3	23.3	29	45	0.5	36	20.9	93	955	0	0
28/06/2003	06	6	0.1	7	20	29.6	39	23.9	31	47	0.5	133	21.4	92	955	15	0
28/06/2003	07	7	0.1	7	14	24.3	37	19.1	25	71	0.5	6	24.5	75	955	159	0
28/06/2003	08	7	0.2	7	13	20.5	40	15.4	24	84	0.5	156	25.6	65	955	138	0
28/06/2003	09	7	0.3	7	13	21	36.7	15.8	24	95	0.6	136	26.6	59	955	268	0
28/06/2003	10	7	0.3	7	12	22.9	44.9	17.5	24	94	1.2	151	30.2	52	955	567	0
28/06/2003	11	7	0.3	7	12	23.5	46.7	17.9	23	98	2	142	30.8	52	955	820	0
28/06/2003	12	7	0.4	7	12	23.1	44.9	17.6	23	103	3	145	31.1	51	955	821	0
28/06/2003	13	7		7	12	21.4	38.1	16.4	23	103	2.5	148	30.4	52	954	619	0
28/06/2003	14	6	0.4	7	12	20.6	34.1	15.9	22	98	3.1	144	29.9	55	954	581	0
28/06/2003	15	7	0.4	7	12	21.9	38.4	16.7	23	99	2.4	149	28.7	58	954	460	0
28/06/2003	16	6	0.4	7	12	20.5	37	15.4	23	98	2	136	29.4	56	954	358	0
28/06/2003	17	6	0.4	7	12	21.4	35.3	16.4	23	91	2.4	148	28.6	60	953	298	0
28/06/2003	18	6	0.4	7	12	23	37.3	17.8	23	92	1.8	142	27.1	66	953	152	0
28/06/2003	19	6	0.3	7	12	20.5	32.4	15.5	23	86	1.2	134	25	73	953	38	0
28/06/2003	20	6	0.3	7	14	20.5	29.1	15.4	25	76	0.8	126	23.4	80	953	0	0
28/06/2003	21	7	0.3	7	12	20.4	28.6	15.5	23	79	0.6	153	22.9	83	954	0	0
28/06/2003	22	6	0.3	7	14	20.6	28	15.9	25	71	0.6	122	22.5	86	954	0	0
28/06/2003	23	5	0.3	7	14	22	29.2	17.2	26	62	0.5	151	20.8	95	954	0	0
29/06/2003	00	6	0.3	7	19	23.8	32.9	18.2	31	40	0.6	344	19.4	99	954	0	0
29/06/2003	01	6	0.2	7	19	22.8	29.9	18.2	30	29	0.5	333	18.7	100	953	0	0
29/06/2003	02	5	0.1	7	14	22.4	28.1	18.4	25	27	0.5	11	17.5	100	953	0	0
29/06/2003	03	6	0.1	7	14	20.6	25.7	17	25	38	0.6	349	16.5	100	952	0	0
29/06/2003	04	6	0.1	7	15	18.3	22.3	15.2	26	43	0.6	346	15.8	100	952	0	0
29/06/2003	05	6	0.1	7	13	17.5	22.2	14.4	24	45	0.5	328	15.4	100	952	0	0
29/06/2003	06	6	0.2	8	18	17	22.6	14	31	34	0.6	4	16.4	99	952	29	0
29/06/2003	07	6	0.3	9	22	18.3	26.9	15	35	46	0.5	40	23.1	75	952	180	0
29/06/2003	08	7	0.3	7	12	19.1	31.1	15	24	92	0.5	46	28.8	54	952	387	0
29/06/2003	09	7	0.4	7	12	17.4	28.3	13.6	23	105	0.5	130	31.9	42	952	498	0
29/06/2003	10	6	0.5	8	12	16.2	31.4	12.5	24	113	0.9	136	32.6	38	952	686	0
29/06/2003	11	7	0.5	7	12	16.8	34.7	12.9	24	109	1.9	129	33.7	37	951	866	0
29/06/2003	12	7	0.5	7	13	14.9	37.1	10.9	24	122	3.5	180	34.6	31	951	944	0
29/06/2003	13	7		7	12	12.9	33.1	9.5	23	141	4	195	35.2	27	950	964	0
29/06/2003	14	6		8	12	8	22.6	5.6	24	164	3.1	220	37	18	950	915	0
29/06/2003	15	7	0.4	8	12	8.1	21.2	5.8	24	165	3.1	209	37.9	18	950	828	0
29/06/2003	16	7	0.4	8	13	12.8	33	9.5	24	147	3.3	166	37.2	26	949	703	0
29/06/2003	17	8	0.4	8	13	16.7	37.8	12.5	25	133	3.8	138	33.8	39	949	508	0
29/06/2003	18	7	0.4	8	14	14.4	34.6	10.6	25	141	2.2	144	32.8	35	949	301	0
29/06/2003	19	7	0.4	7	20	13.3	30.4	9.8	32	126	1	123	29.4	39	950	75	0
29/06/2003	20	7	0.4	7	25	22.4	53.8	17.7	36	100	0.6	166	25.3	48	950	2	0
29/06/2003	21	6	0.4	7	49	15.1	56.6	10.5	60	37	0.9	343	21.7	57	950	0	0
29/06/2003	22	6	0.2	7	39	12.9	35.3	9.4	50	54	0.8	333	20.5	57	951	0	0
29/06/2003	23	6	0.1	8	29	11.8	29.3	8.6	41	74	0.7	4	19.2	59	951	0	0
30/06/2003	00	6	0.1	11	36	15.2	51.9	10.3	53	43	0.5	170	17.6	67	951	0	0
30/06/2003	01	5	0.1	7	16	11.1	24.9	7.8	27	89	0.7	304	18.5	51	950	0	0
30/06/2003	02	6	0.1	7	13	8.6	30.7	5.5	25	98	0.6	312	19.8	43	950	0	0
30/06/2003	03	6	0.1	7	12	6.9	18.5	4.7	23	112	0.7	311	20.1	39	950	0	0
30/06/2003	04	6	0.1	8	12	6.4	17.5	4.3	24	112	0.9	310	20.2	35	950	0	0
30/06/2003	05	7	0.1	8	12	7.1	23.8	4.6	24	113	0.9	309	19.1	35	950	0	0
30/06/2003	06	6	0.1	7	12	8.1	31.2	5.3	23	122	0.6	298	20	38	950	39	0
30/06/2003	07	7	0.1	8	23	9.4	44.6	5.8	36	97	1	202	27.5	29	950	214	0
30/06/2003	08	7	0.2	7	12	7.5	23.5	4.9	23	99	1.9	331	30.6	29	951	407	0
30/06/2003	09	6	0.3	7	12	4.6	17.1	2.6	24	66	2.4	326	32.7	29	951	608	0
30/06/2003	11	6	0.4	8	12	5.5	20.5	3.3	24	74	4.1	244	32.1	29	952	897	0
30/06/2003	12	6	0.4	8	12	5.5	14.4	3.5	24	70	3.4	257	32.5	30	952	959	0
30/06/2003	13	6	0.3	8	12	6.9	23.3	4.6	24	65	5.5	248	32	32	952	969	0
30/06/2003	14	5		7	12	6.5	19.1	4.5	23	62	4	252	33.1	31	952	932	0
30/06/2003	15	5	0.3	8	12	7.3	21.1	5.2	24	65	3.1	259	34.1	30	952	812	0
30/06/2003	16	5	0.3	8	12	7	28	4.6	24	69	2.9	280	34.6	29	951	673	0
30/06/2003	17	6	0.3	8	12	6.7	24.5	4.4	24	73	3.3	255	34	30	951	519	0
30/06/2003	18	5	0.3	8	12	6.2	23.6	4	24	71	2.1	279	32.9	31	951	288	0
30/06/2003	19	5	0.2	7	12	6.6	22.6	4.5	24	72	1.6	255	29.6	37	951	69	0
30/06/2003	20	6	0.2	8	12	7.2	21.4	5	24	70	1.1	293	26	44	951	0	0
30/06/2003	21	6	0.2	8	12	8	20	5.9	24	72	1.2	273	24.9	48	952	0	0
30/06/2003	22	5	0.1	8	12	8.5	17.1	6.5	24	65	1	287	23.8	53	952	0	0
30/06/2003	23	5	0.1	8	13	9.1	17.7	6.9	24	58	0.6	302	22.1	59	952	0	0
01/07/2003	00	5	0.1	8	12	8	14	6.1	24	61	0.9	288	22.2	59	952	0	0
01/07/2003	01	6	0.1	8	12	8	14	5.9	24	63	0.7	316	21.2	60	952	0	0
01/07/2003	02	5	0.1	8	12	8	13.2	5.7	24	81	0.9	301	21	57	951	0	0
01/07/2003	03	5	0.1	8	12	8.6	13.4	6.2	24	89	1.1	259	20.7	57	951	0	0
01/07/2003	04	5	0.1	8	12	8.5	13.6	6	24	90	0.9	306	20.3	58	952	0	0
01/07/2003	05	5	0.1	8	12	8.3	14.4	5.8	24	88	0.8	318	19.8	58	952	0	0
01/07/2003	06	5	0.1	8	13	8.9	25	6.1	25	80	0.8	310	20.8	55	952	63	0
01/07/2003	07	6	0.1	8	12	8.2	19.1	5.3	24	84	0.7	324	24.3	43	952	164	0
01/07/2003	08	5	0.1	8	12	6.6	15.2	4	24	99	1.9	282	24.9	36	953	333	0
01/07/2003	09	5	0.3	8	12	6.1	28.9	3.4	24	108	2.2	292	27.6	27	952	560	0
01/07/2003	10	5	0.3	8	12	5.1	13.2	3	24	109	2	302	30.6	24	952	791	0
01/07/2003	11	5	0.4	8	12	4.9	10.2	2.9	24	107	1.9	282	31.3	23	952	903	0
01/07/2003	12	5	0.4	8	12	4.9	11.4	2.8	24	116	2.4	280	31.5	21	952	973	0
01/07/2003	13	5	0.4	8	12	5.1	12.4	3	24	121	3	256	32	21	952	988	0
01/07/2003	14	6		8	12	5.2	14.8	3	24	124	3.8	257	32.2	20	952	951	0
01/07/2003	15	5	0.4	8	12	6.1	18.4	3.6	24	138	3.3	264	33.1	19	952	858	0
01/07/2003	16	6	0.4	8	12	6.4	25.1	3.7	24	132	3.2	278	33.5	18	952	715	0
01/07/2003	17	5	0.3	8	12	6.3	20.9	3.8	24	119	2.3	286	33	20	951	496	0
01/07/2003	18	5	0.3	8	12	9	25.6	6.2	24	111	2.5	330	32.4	22	951	315	0
01/07/2003	19	5	0.3	8	12	13.3	27.8	10.4	24	110	1.4	333	28.4	28	951	67	0
01/07/2003	20	5	0.3	8	13	23.3	40.1	19.9	25	106	1	346	24.4	35	952	0	0
01/07/2003	21	5	0.4	8	13	35.3	58.3	31.8	24	99	0.9	345	22.4	39	952	0	0
01/07/2003	22	5	0.4	8	13	43.8	63.2	40.5	24	90	1.2	346	21.2	42	953	0	0
01/07/2003	23	5	0.5	8	14	35.6	48.7	32.2	26	72	1	336	19.7	46	953	0	0
02/07/2003	00	5	0.3	8	18	23.8	36.3	20.7	30	67	1.9	340	19.3	46	953	0	0
02/07/2003	01	5	0.2	8	16	10	22.3	7.2	28	78	1.5	319	19.2	41	953	0	0
02/07/2003	02	5	0.1	8	16	11.6	20.9	8.8	28	64	1.6	319	17.3	48	953	0	0
02/07/2003	03	5	0.1	8	15	10.2	18.9	7.4	27	64	0.6	312	15.3	56	953	0	0
02/07/2003	04	5	0.1	8	19	8.4	16.4	5.6	30	56	0.9	332	14.4	60	953	0	0
02/07/2003	05	5	0.1	8	19	11	32.5	7.5	30	57	0.5	343	14.4	61	953	0	0
02/07/2003	06	5	0.1	9	15	9.2	25.7	5.8	28	64	0.8	303	16.3	56	953	38	0
02/07/2003	07	5	0.2	8	24	7.8	21.5	4.7	37	60	1.3	348	23.8	39	953	212	0
02/07/2003	08	5	0.2	8	19	6.9	16.3	4.3	31	74	2.6	359	26.8	33	952	417	0
02/07/2003	09	5	0.3	8	19	6.8	14.4	4.3	31	85	2.9	6	28.5	30	952	611	0
02/07/2003	10	5	0.3	8	15	6.7	13.4	4.2	27	96	2.1	5	30.5	28	952	774	0
02/07/2003	11	5	0.4	8	15	6.1	11.9	3.8	26	96	1.4	332	32.7	24	952	895	0
02/07/2003	12	5	0.4	8	12	5.9	13.4	3.7	24	102	1.8	288	32.9	23	951	960	0
02/07/2003	13	5	0.4	8	12	6.6	16	4.3	24	104	2.4	280	33.3	23	951	975	0
02/07/2003	14	5		8	12	6.5	15.7	4.3	24	102	2.5	297	34.7	22	950	940	0
02/07/2003	15	6	0.4	7	12	6.3	14.6	4.1	24	103	2.3	253	35.4	21	950	850	0
02/07/2003	16	5	0.4	8	12	7.3	22.9	4.7	24	106	3.1	255	35.2	21	950	712	0
02/07/2003	17	5	0.4	8	12	7.4	20.1	5	24	115	1.8	264	35.3	21	950	508	0
02/07/2003	18	6	0.3	8	17	10.3	37.7	6.3	29	115	3	152	32	33	950	317	0
02/07/2003	19	6	0.3	8	15	10.7	35.4	6.6	27	109	1.6	141	26.8	49	950	68	0
02/07/2003	20	6	0.2	8	25	11.7	37.2	7.4	36	87	0.6	130	22.8	64	951	0	0
02/07/2003	21	6	0.2	8	42	14.5	57	9	54	40	0.5	11	20.3	73	952	0	0
02/07/2003	22	5	0.1	8	30	13.3	19.9	8.9	42	32	0.7	338	19.1	78	952	0	0
02/07/2003	23	5	0.1	8	42	13	19.2	8.9	54	20	0.7	340	17.8	81	953	0	0
03/07/2003	00	5	0.1	9	33	11	17.6	7.6	46	30	0.6	326	16.6	77	953	0	0
03/07/2003	01	5	0.1	8	21	9.4	21.5	6.2	33	47	1.3	197	16.4	69	953	0	0
03/07/2003	02	5	0.1	8	14	7.3	18.7	4.7	26	73	2.5	336	18.6	51	953	0	0
03/07/2003	03	8	0.1	8	14	6.5	16.2	4.1	25	76	2.6	339	18.3	51	953	0	0
03/07/2003	04	11	0.1	8	18	6.1	14.3	3.9	30	67	1.1	356	17.3	54	954	0	0
03/07/2003	05	8	0.1	8	19	7.5	31.3	4.4	31	53	0.5	313	15.1	63	954	0	0
03/07/2003	06	9	0.1	18	30	8.2	40.6	4.7	57	36	0.6	0	16.6	60	954	34	0
03/07/2003	07	10	0.1	17	35	8.8	50.7	5.1	61	34	0.5	21	24	43	954	200	0
03/07/2003	08	13	0.3	8	18	8.7	91.7	4.9	29	76	0.5	170	28.2	32	954	402	0
03/07/2003	09	14	0.3	8	14	6.6	20.4	4.1	26	102	0.6	178	30.6	28	954	608	0
03/07/2003	10	11	0.3	8	13	7.2	24.1	4.5	26	106	1.3	146	29.8	31	954	529	0
03/07/2003	11	9	0.3	8	13	8.1	26.4	5.2	24	105	1.7	175	29.2	34	954	633	0
03/07/2003	12	9	0.3	8	13	10	33	6.5	25	105	1.7	157	28.8	36	954	500	0
03/07/2003	13	10	0.3	8	14	12.6	46	8.2	26	115	2.4	151	28.5	39	954	627	0
03/07/2003	14	7	0.3	8	13	11.5	27.9	8.1	25	111	2.1	138	27.5	44	954	396	0
03/07/2003	15	7		8	13	11.5	28.4	7.9	25	98	2.6	147	27.1	49	954	294	0
03/07/2003	16	6	0.3	8	13	12.2	28.3	8.4	25	81	2.4	147	26.9	53	954	345	0
03/07/2003	17	6	0.4	8	13	12.8	27.5	8.9	25	83	2.4	159	26.5	57	954	294	0
03/07/2003	18	6	0.4	8	13	12.7	28.2	8.8	25	78	2.5	155	25.2	62	954	142	0
03/07/2003	19	6	0.3	8	13	13.5	22.9	9.4	25	72	2.5	151	22.2	75	954	1	0
03/07/2003	20	6	0.3			13.8	18.3	10		60	2.8	147	20.6	83		0	9.3
03/07/2003	21					11.7	13.3	8.9		53	1.6	124	17.8	98	956		12.2
03/07/2003	22	4	0.4	8	19	13.1	14.3	10.5	31	55	1.5	143	18.1	100	957		0
03/07/2003	23	4	0.4	8	17	13.3	14.2	10.9	28	54	1.2	322	18	100	958		0
04/07/2003	00	4	0.4	8	17	13.4	14.3	11.1	29	41	0.8	319	17.5	100	958		0
04/07/2003	01	5	0.4	8	23	15.5	17	13.1	35	27	1.1	344	16.9	100	957		8.7
04/07/2003	02	4	0.3	8	21	15.6	17.2	13.2	33	29	0.8	4	15.9	100	957		1.1
04/07/2003	03	5	0.3	9	23	16.4	18.4	14	37	18	0.9	333	15.2	100	957		0.8
04/07/2003	04	5	0.3	9	18	14.6	16.3	12.3	31	25	0.9	357	14.9	100	957		0
04/07/2003	05	5	0.3	13	23	12.6	14.4	10.4	42	11	0.7	345	14.1	100	957		0
04/07/2003	06	5	0.4	18	21	13.1	14.9	10.8	49	17	0.7	346	14.5	100	958		0.2
04/07/2003	07	5	0.4	24	25	14.2	16.8	11.7	62	17	0.7	333	17.1	99	958		0
04/07/2003	08	5	0.5	10	19	15.8	22.5	12.6	34	39	0.6	152	21.1	84	958		0
04/07/2003	09	8	0.5	8	16	13.4	28.1	10.2	27	92	0.8	127	26.7	50	958		0
04/07/2003	10	8	0.6	8	16	14	27.9	10.7	28	100	1.1	135	25	53	958		0
04/07/2003	11	8	0.6	8	17	14.9	26.4	11.5	29	92	1.3	131	25	56	958		0
04/07/2003	12	8	0.6	8	16	15.1	24.6	11.8	28	98	1.4	122	28.7	46	958		13.2
04/07/2003	13	7	0.6	8	18	16.2	27.3	12.8	30	110	1.8	127	28.7	46	958		0
04/07/2003	14	6	0.6	8	17	16	27.4	12.7	29	120	2	134	28	46	956		0
04/07/2003	15	7	0.6	8	14	14	28.3	10.8	26	126	2.4	137	28.2	46	956	577	0
04/07/2003	16	6	0.6	8	15	13	25.2	10	27	110	3.2	134	29.8	45	956	663	0
04/07/2003	17	5	0.6	8	16	12.9	22.5	9.8	28	97	2.9	131	29.2	50	956	503	0
04/07/2003	18	6	0.6	8	16	13.2	24	9.9	27	94	2.4	139	27.3	56	956	272	0
04/07/2003	19	5	0.6	8	16	13	21.8	9.6	27	82	2.2	143	23.5	71	956	47	0
04/07/2003	20	5	0.6	8	16	13.4	19	9.5	27	74	1.5	153	21.6	78	956	0	0
04/07/2003	21	5		8	16	12.8	17.8	9.3	28	65	0.8	140	21	83	957	0	0
04/07/2003	22	4	0.3	8	15	13.1	17.3	9.7	27	60	0.7	137	20.7	87	957	0	0
04/07/2003	23	4	0.3	8	20	13.4	16.3	10.2	32	45	0.5	4	19.8	94	957	0	0
05/07/2003	00	5	0.3	8	18	14.5	17.8	11	30	47	0.6	351	19.5	97	957	0	5.7
05/07/2003	01	5	0.3	8	17	13.1	15.8	10.5	29	43	0.5	355	19.4	100	956	0	0
05/07/2003	02	5	0.3	8	19	14.4	16.8	11.8	31	32	0.5	339	19.6	100	956	0	0
05/07/2003	03	5	0.3	8	19	15.6	19.3	12.7	31	24	0.5	44	19.7	100	956	0	0
05/07/2003	04	5	0.3	8	14	16.5	20.6	13.3	26	32	0.5	182	19.8	100	956	0	0
05/07/2003	05	5	0.3	8	15	18.8	23	15.2	27	29	0.5	168	19.5	100	956	0	0
05/07/2003	06	5	0.3	8	22	20.4	24.8	16.8	34	23	0.5	20	19.6	100	956	2	0
05/07/2003	07	5	0.4	8	19	19.7	24.4	16	31	36	0.5	23	20.6	97	956	45	0
05/07/2003	08	5	0.4	8	14	18	22.8	14.2	26	53	0.5	172	22.2	88	957	104	0
05/07/2003	09	5	0.5	8	14	15.1	20.4	11.5	25	70	0.9	139	26.5	69	956	426	0
05/07/2003	10	5	0.5	8	14	15.9	22.5	12.3	27	74	1.6	132	27.2	63	956	380	0
05/07/2003	11	5	0.5	8	13	13.5	19.8	10.1	25	88	2.4	141	29	56	956	792	0
05/07/2003	12	5	0.5	8	13	12.2	20.1	9	25	90	2.7	144	29.9	51	956	788	0
05/07/2003	13	5	0.5	8	13	12.2	19.5	9	25	91	3.1	140	29.4	53	956	746	0
05/07/2003	14	5	0.5	8	13	10.7	15.7	7.8	25	94	2.7	145	30.5	49	956	787	0
05/07/2003	15	5	0.5	8	13	10.1	14.8	7.3	25	91	3.2	140	30.7	48	956	677	0
05/07/2003	16	5	0.5	8	13	10.3	16.1	7.3	25	90	3.5	143	26.7	61	955	319	0
05/07/2003	17	6	0.5	8	15	11	19.8	7.7	26	85	2.8	146	25.1	66	955	191	0
05/07/2003	18	5	0.5	8	14	10.8	19.3	7.6	26	84	1.7	146	23.4	71	956	45	0
05/07/2003	19	6	0.4	8	14	10.8	17.2	7.7	26	83	1.8	140	22.7	74	956	45	0
05/07/2003	20	5	0.4	8	15	11.2	15.4	7.8	26	75	1.1	154	21.5	82	956	4	0
05/07/2003	21	5		8	18	11.6	15.2	8.5	30	62	0.5	141	20.2	89	958	0	0
05/07/2003	22	5	0.4	8	21	13	16.8	9.8	32	34	0.6	332	19.2	95	958	0	0
05/07/2003	23	5	0.4	8	16	12.5	15.2	9.5	28	42	0.6	311	18.3	98	958	0	0
06/07/2003	00	5	0.3	8	17	13.6	16.5	10.7	29	31	0.5	347	17.3	99	957	0	0
06/07/2003	01	5	0.2	8	20	13.4	16.4	10.6	32	36	0.6	347	16.3	96	957	0	0
06/07/2003	02	6	0.2	8	17	12	15	9.4	29	43	0.6	332	15.6	95	957	0	0
06/07/2003	03	5	0.2	8	14	10.7	13	8.3	26	57	0.5	309	15.6	92	957	0	0
06/07/2003	04	5	0.2	8	16	10.9	12.8	8.4	28	51	0.6	240	15.6	93	956	0	0
06/07/2003	05	5	0.2	8	16	11.8	14.3	9	28	56	0.8	300	16.5	90	957	0	0
06/07/2003	06	5	0.3	8	19	11.6	15.2	9	31	42	0.5	11	17.7	87	958	24	0
06/07/2003	07	5	0.3	8	14	10.7	16	8.1	27	73	0.5	179	23.4	60	958	188	0
06/07/2003	08	5	0.4	8	14	10.6	15.6	8.1	26	87	0.5	227	28.5	45	958	371	0
06/07/2003	09	6	0.4	8	14	10.9	16.9	8.2	26	99	0.6	53	31.3	38	958	568	0
06/07/2003	10	6	0.5	8	14	10.6	17.6	7.9	26	109	0.9	126	32.1	36	958	736	0
06/07/2003	11	6	0.6	8	14	11.3	19.8	8.4	26	112	1.6	123	32.3	37	958	859	0
06/07/2003	12	6	0.6	8	15	14.6	24.8	11.2	27	108	2.8	132	31.4	44	958	857	0
06/07/2003	13	6	0.6	8	15	17.5	27.9	13.7	26	93	3	140	30.5	52	958	751	0
06/07/2003	14	6	0.6	8	14	14	20.3	10.9	25	96	3.1	150	30.9	50	958	822	0
06/07/2003	15	6	0.6	8	13	12	17.7	9.1	25	96	3.1	148	31.1	47	958	816	0
06/07/2003	16	5	0.6	8	13	11.4	17	8.7	25	95	3.4	135	30.5	47	958	618	0
06/07/2003	17	6	0.5	8	13	10.7	18.4	8	25	96	2.9	142	29.5	48	958	399	0
06/07/2003	18	5	0.5	8	13	10.9	18.4	8.1	25	96	1.9	148	28.1	51	958	250	0
06/07/2003	19	6	0.5	8	13	11.8	19.2	9	25	87	1.3	154	25	65	958	33	0
06/07/2003	20	5	0.4	8	15	12.8	19.2	9.7	27	76	0.8	132	22.1	77	959	0	0
06/07/2003	21	5		8	28	14.5	20.1	11.3	40	41	0.5	5	19.8	90	960	0	0
06/07/2003	22	5	0.4	8	28	14.8	19.3	11.9	41	29	0.5	4	18.4	95	960	0	0
06/07/2003	23	5	0.4	9	31	15.4	19.3	12.5	44	22	0.5	8	17.9	99	961	0	0
07/07/2003	00	5	0.4	8	19	17.7	22.1	14.6	32	34	0.5	302	19.1	99	961	0	0
07/07/2003	01	5	0.3	8	16	17.8	22.3	14.7	28	34	0.5	338	19.5	96	961	0	0
07/07/2003	02	6	0.3	8	18	15	19.5	12.1	30	24	0.5	140	19.3	93	960	0	0
07/07/2003	03	6	0.3	8	17	16.5	19.7	13.7	30	23	0.5	315	17.8	98	960	0	0
07/07/2003	04	5	0.2	8	13	15.5	17.4	13	25	36	0.6	294	16.5	99	960	0	0
07/07/2003	05	5	0.2	8	15	15.3	17.2	13	27	40	0.7	292	15.9	99	960	0	0
07/07/2003	06	5	0.3	14	25	16.3	21.2	13.6	46	28	0.5	330	16.4	97	960	28	0
07/07/2003	07	6	0.5	14	22	17.3	33.9	13.7	44	41	0.5	138	22.8	71	960	179	0
07/07/2003	08	6	0.4	8	14	13.9	25	11.3	26	73	0.5	140	28.2	50	960	376	0
07/07/2003	09	6	0.4	8	16	12.2	22	9.6	28	95	0.7	132	31.6	39	960	570	0
07/07/2003	10	6	0.4	8	14				26	85	0.9	115			961	733	4.6
07/07/2003	11	7	0.4	8	14	12.9	26.1	10.1	26	91	1.8	130	33.7	37	960	847	4.6
07/07/2003	12	6	0.4	8	14	15.4	28.7	12.3	27	99	2.5	135	32.7	42	960	905	0
07/07/2003	13	7	0.6	8	19	17.5	34.9	13.7	32	119	2.4	135	33.2	42	960	919	0
07/07/2003	14	7	0.5	8	15	14	25.8	11	27	114	2.9	135	33.6	39	960	900	0
07/07/2003	15	7	0.4	8	13	12.5	24.8	9.7	25	99	3.3	143	32.9	40	960	815	0
07/07/2003	16	6	0.4	8	14	11.8	23.5	9	25	92	3	142	32.6	41	960	614	0
07/07/2003	17	6	0.5	8	15	11.2	21.9	8.5	27	83	2.4	140	30.9	44	959	399	0
07/07/2003	18	7	0.5	8	15	11.6	24.2	8.7	27	83	2	142	30.6	45	960	285	0
07/07/2003	19	7	0.5	8	17	12.1	24.3	9.2	29	78	1.2	135	27	56	960	64	0
07/07/2003	20	7	0.5	8	23	12.4	25.7	9.5	35	67	0.7	135	23.2	70	960	0	0
07/07/2003	21	7		10	47	13.7	22.7	10.6	61	19	0.5	154	21	78	960	0	0
07/07/2003	22	5	0.4	8	34	15.2	20.8	12.3	46	17	0.6	348	19.2	89	961	0	0
07/07/2003	23	6	0.4	17	40	15.6	20.2	12.8	66	7	0.8	341	18.4	93	961	0	0
08/07/2003	00	6	0.3	9	26	14.5	18	12	39	12	0.5	333	17.5	95	961	0	0
08/07/2003	01	5	0.2	9	24	13.3	16.9	10.8	37	17	0.5	359	16.2	93	961	0	0
08/07/2003	02	5	0.2	9	24	13	15.3	10.7	38	17	0.5	353	15.5	91	960	0	0
08/07/2003	03	5	0.2	12	20	12.2	14.6	10	38	27	0.5	357	14.9	90	960	0	0
08/07/2003	04	5	0.2	8	21	12.4	14.9	10.2	33	26	0.6	317	15.3	87	960	0	0
08/07/2003	05	6	0.3	8	19	12.6	16.1	10.2	31	22	0.5	316	14.5	92	960	0	0
08/07/2003	06	5	0.2	9	27	13.5	20.2	10.2	40	22	0.5	324	16.8	84	960	25	0
08/07/2003	07	6	0.3	16	31	14.9	61.7	10.6	56	23	0.5	142	23.6	61	960	178	0
08/07/2003	08	7	0.4	8	20	12.7	43.8	9.2	32	51	0.5	142	29	45	960	376	0
08/07/2003	09	6	0.5	8	21	11.2	30.8	8.2	34	75	0.7	131	33.1	34	960	575	0
08/07/2003	10	6	0.5	8	17	9.9	23.9	7.5	29	97	1.1	128	34.5	30	960	743	0
08/07/2003	11	7	0.4	8	18	10.9	23.8	8.3	30	103	1.6	117	35.2	30	960	854	0
08/07/2003	12	8	0.4	8	21	14.2	32.6	11.1	33	105	2.9	124	34.9	35	959	925	0
08/07/2003	13	8	0.5	8	19	15.4	32.5	11.9	30	116	3.4	135	34	40	958	935	0
08/07/2003	14	8	0.6	8	16	13.2	29.8	10	28	125	3.6	142	33.9	37	958	908	0
08/07/2003	15	7	0.5	8	14	10.5	25.9	7.8	26	118	3.2	139	34.8	32	958	823	0
08/07/2003	16	7	0.4	8	14	9.9	23.5	7.3	26	123	2.8	138	35.3	29	958	678	0
08/07/2003	17	7	0.4	8	13	10.7	25	8	25	124	2.7	140	34.2	31	958	491	0
08/07/2003	18	7	0.5	8	14	10.2	26.3	7.5	26	118	1.6	137	32.9	30	958	287	0
08/07/2003	19	6	0.5	8	15	10.2	41.9	6.9	27	110	0.8	162	28.9	35	958	63	0
08/07/2003	20	6	0.5	10	39	10.9	42.4	7.5	54	37	0.7	198	23.5	54	958	0	0
08/07/2003	21	6	0.4	9	46	10.1	23.1	7.5	59	24	1.1	342	21	59	958	0	0
08/07/2003	22	6		14	50	10.3	22.6	7.6	71	16	0.6	354	19.8	63	958	0	0
08/07/2003	23	5	0.4	8	28	10.8	27.2	7.9	41	36	0.5	355	18.3	70	958	0	0
09/07/2003	00	5	0.4	8	31	10.7	17.8	8.3	43	31	0.5	352	17.4	72	958	0	0
09/07/2003	01	5	0.3	8	24	10.8	20.9	8.3	36	39	0.5	341	16.7	73	958	0	0
09/07/2003	02	5	0.3	9	33	10.5	18.7	8.2	47	33	0.5	9	16.3	73	958	0	0
09/07/2003	03	5	0.2	8	29	10.8	16.4	8.5	42	34	0.8	355	15.6	76	957	0	0
09/07/2003	04	5	0.3	9	32	11.2	16	8.8	45	30	0.5	355	15.2	77	957	0	0
09/07/2003	05	5	0.3	8	20	11.7	16.9	9	32	44	0.6	351	15	79	957	0	0
09/07/2003	06	6	0.3	19	35	12.2	25	9.2	64	26	0.6	333	16.4	74	957	25	0
09/07/2003	07	8	0.4	42	45	14	54.2	9.8	108	14	0.5	178	24.5	53	957	212	0
09/07/2003	08	7	0.5	9	23	13.7	48.2	9.7	37	66	0.5	148	30.2	37	957	356	0
09/07/2003	09	7	0.5	8	19	10.9	30.7	7.8	31	106	0.8	137	33.1	29	957	560	0
09/07/2003	10	7	0.5	8	16	12.1	41.4	8.4	28	121	0.9	133	34.6	28	957	732	0
09/07/2003	11	11	0.5	8	18	12.8	35	9.3	30	127	1.6	128	35.3	28	956	854	0
09/07/2003	12	13	0.5	8	19	14.7	36.8	10.9	31	117	2.2	132	34.9	34	956	925	0
09/07/2003	13	12	0.6	8	17	14.7	38.2	11	29	115	3.2	135	34.4	40	956	940	0
09/07/2003	14	10	0.6	8	14	13	33.7	9.6	27	117	3	134	35	38	956	908	0
09/07/2003	15	8	0.6	8	14	10.9	26.6	8.2	26	130	3.2	133	35	33	955	807	0
09/07/2003	16	8	0.6	8	14	11.2	34.3	8.1	26	143	3	143	35.2	29	955	674	0
09/07/2003	17	8	0.5	8	13	11.6	40.7	8.2	26	139	2.3	155	34	29	955	458	0
09/07/2003	18	7	0.6	8	14	10.9	33	7.9	26	126	1.7	146	33	30	955	282	0
09/07/2003	19	38	0.6	8	34	12.3	27.6	9	46	92	1.7	110	29.1	37	956	54	0
09/07/2003	20	24	0.6	8	41	12.5	32.7	8.9	53	74	0.6	109	24.2	46	956	0	0
09/07/2003	21	8	0.5	8	42	12.8	43.2	9.3	54	33	0.5	360	21.1	60	957	0	0
09/07/2003	22	6		10	28	12.3	28	9.3	44	28	0.6	336	19.5	70	958	0	0
09/07/2003	23	6	0.4	11	44	12	21.4	9.2	61	13	0.6	346	17.9	75	958	0	0
10/07/2003	00	6	0.4	8	34	11.6	16.7	9	47	24	0.5	0	16.7	78	958	0	0
10/07/2003	01	6	0.2	8	25	11.4	16.1	8.9	38	25	0.5	16	15.9	80	958	0	0
10/07/2003	02	5	0.2	8	18	10.6	15	8.3	30	41	0.5	325	15.4	77	957	0	0
10/07/2003	03	5	0.2	8	24	10.6	17	8.3	36	40	0.5	342	15.2	74	957	0	0
10/07/2003	04	6	0.2	8	23	11.3	16.4	8.8	35	46	0.6	220	14.9	75	957	0	0
10/07/2003	05	6	0.2	8	29	12.9	19.1	9.8	42	31	0.5	296	14.6	81	957	0	0
10/07/2003	06	6	0.2	8	16	13.1	31.2	9.5	28	55	0.6	317	15.8	75	957	9	0
10/07/2003	07	8	0.3	53	43	13.8	46.4	10	124	17	0.5	6	21.9	58	957	161	0
10/07/2003	08	8	0.4	15	37	11.3	33.3	8.4	60	47	0.5	37	29.1	39	957	360	0
10/07/2003	09	7	0.5	9	17	9.9	30.8	7.2	30	103	1	130	32.7	28	957	564	0
10/07/2003	10	7	0.5	8	15	9.6	24.2	7.2	27	115	1.4	130	33.2	28	957	734	0
10/07/2003	11	9	0.5	8	18	12.3	32.5	9.1	30	109	1.8	130	33.6	31	957	852	0
10/07/2003	12	9	0.5	8	17	13.3	32.9	10	29	114	2.2	139	33.9	33	957	914	0
10/07/2003	13	10	0.5	8	18	14.5	33.3	11	31	116	2.5	130	34.1	34	957	928	0
10/07/2003	14	10	0.5	8	14	13.7	32.2	10.3	26	131	2.4	135	35	31	956	897	0
10/07/2003	15	7	0.5	8	14	11.9	31.6	8.9	26	127	2.6	140	35.1	29	956	809	0
10/07/2003	16	7	0.5	8	14	11.4	32.1	8.4	26	113	2.8	149	34.4	32	956	664	0
10/07/2003	17	7	0.5	8	14	11.4	35	8.2	26	110	2.4	151	33.5	32	956	475	0
10/07/2003	18	6	0.5	8	14	10.6	28.4	7.8	26	105	1.7	142	31.9	34	956	274	0
10/07/2003	19	6	0.4	8	13	9.9	21.3	7.6	25	106	0.9	125	28.3	40	957	64	0
10/07/2003	20	6	0.4	8	30	11.2	30.4	8.4	42	71	0.7	143	24.1	51	957	0	0
10/07/2003	21	6	0.4	11	53	12.4	37.5	9.3	70	9	0.7	352	20.7	67	958	0	0
10/07/2003	22	6		11	54	12.2	29.6	9.4	71	10	0.8	343	19.8	69	958	0	0
10/07/2003	23	5	0.3	8	29	12	26.2	9.2	41	22	0.5	348	17.7	76	958	0	0
11/07/2003	00	5	0.3	8	25	11.9	17	9.4	37	28	0.5	0	16.8	80	958	0	0
11/07/2003	01	5	0.2	9	26	13.1	18.7	10.1	39	23	0.9	335	16.6	80	958	0	0
11/07/2003	02	5	0.2	8	23	12.9	17.6	10.4	35	25	0.7	333	16.1	81	958	0	0
11/07/2003	03	5	0.2	8	19	12.7	17.2	10.3	32	37	0.5	330	15.4	83	958	0	0
11/07/2003	04	5	0.2	8	22	14.2	18.5	11.6	35	33	0.5	328	15	86	958	0	0
11/07/2003	05	5	0.2	8	28	14.8	20	12	40	26	0.5	347	15.2	86	958	0	0
11/07/2003	06	6	0.2	9	23	15.4	24.2	12	37	35	0.5	354	16.1	82	958	22	0
11/07/2003	07	7	0.2	16	40	16.1	67.7	11.5	64	24	0.5	9	24	56	958	177	0
11/07/2003	08	7	0.7	12	36	25.6	106.7	19	53	35	0.4	148	30.5	42	958	373	0
11/07/2003	09	7	0.5	8	20	14.3	45.8	10.8	33	90	0.6	142	34.8	30	958	570	0
11/07/2003	10	7	0.5	8	19	13	33.4	10.1	31	108	1.1	120	36.3	27	957	741	0
11/07/2003	11	6	0.5	8	15	12.5	35.6	9.4	27	133	1.9	150	37.2	23	957	866	0
11/07/2003	12	6	0.5	8	13	12.5	41.9	9	26	138	2.5	155	37.2	21	956	939	0
11/07/2003	13	7	0.6	8	14	13.4	40.9	9.7	26	149	2.7	138	37.8	22	956	961	0
11/07/2003	14	8	0.6	8	17	15.8	43.9	12	29	171	3.5	137	37.5	26	956	926	0
11/07/2003	15	8	0.6	8	16	13.7	33.8	10.7	29	148	3.1	143	37	27	956	827	0
11/07/2003	16	7	0.6	8	16	13	37	9.7	28	131	3	147	35.9	28	956	678	0
11/07/2003	17	6	0.6	8	15	11.2	29.6	8.4	28	132	2.2	138	35.4	25	956	492	0
11/07/2003	18	7	0.6	8	16	11.7	32	8.8	28	121	1.6	140	33.7	30	956	288	0
11/07/2003	19	7	0.5	8	18	12.3	36.3	9	30	98	1.2	154	29.9	40	956	71	0
11/07/2003	20	7	0.5	8	24	12.7	36.6	9.3	36	80	0.8	139	25.3	53	956	0	0
11/07/2003	21	6	0.6	9	56	15.6	74.3	11.1	70	19	0.8	356	21.6	68	957	0	0
11/07/2003	22	5	0.5	9	53	14.2	31	11.3	67	11	0.9	352	19.8	73	958	0	0
11/07/2003	23	6		9	44	14.7	38.2	11.2	57	22	0.6	333	18.9	75	958	0	0
12/07/2003	00	5	0.4	9	33	14.5	22.2	11.5	47	24	0.5	347	17.7	79	958	0	0
12/07/2003	01	6	0.2	10	28	21.7	28.3	18.2	43	32	0.5	343	16.7	81	957	0	0
12/07/2003	02	5	0.2	8	29	14.5	20.2	11.7	41	29	0.5	348	16.4	81	957	0	0
12/07/2003	03	5	0.2	8	18	13.7	18.8	11.1	30	48	0.6	1	16.2	80	957	0	0
12/07/2003	04	6	0.2	8	25	13.9	18.5	11.4	37	32	0.6	358	15.6	82	956	0	0
12/07/2003	05	6	0.2	8	21	14.1	20	11.3	34	41	0.5	309	14.8	83	957	0	0
12/07/2003	06	6	0.2	8	27	14.5	25.7	11.5	39	40	0.6	338	16.2	76	957	15	0
12/07/2003	07	7	0.3	21	40	15.8	64.3	11.8	72	26	0.5	21	22.3	59	957	154	0
12/07/2003	08	7	0.4	8	27	14.6	53.8	10.8	39	56	0.5	141	28.7	41	957	281	0
12/07/2003	09	7	0.4	8	20	13.3	36.6	10.1	32	87	0.5	168	30.1	39	958	436	0
12/07/2003	10	7	0.4	8	14	13.5	35.2	10.1	27	105	0.8	141	34.7	31	957	717	0
12/07/2003	11	7	0.4	8	14	12.8	32.3	9.6	26	115	1.5	131	34.9	28	957	847	0
12/07/2003	12	7	0.4	8	14	14.2	34.8	10.9	26	116	2.2	142	35	31	957	904	0
12/07/2003	13	8	0.6	8	15	15.8	35.1	12.2	27	117	2.7	143	34.6	36	956	809	0
12/07/2003	14	8	0.5	8	14	14.6	28.6	11.6	26	122	2.7	142	35.1	34	956	920	0
12/07/2003	15	6	0.5	8	13	13.2	30.3	10.3	26	133	3.1	151	34.8	29	956	817	0
12/07/2003	16	6	0.5	8	13	11.3	28.7	8.5	25	148	2.7	149	35	24	956	693	0
12/07/2003	17	6	0.5	8	13	10.2	31.2	7.4	25	156	2.1	151	34.9	21	956	511	0
12/07/2003	18	6	0.5	8	13	9.8	24.1	7.5	25	147	1.2	144	33.8	23	956	299	0
12/07/2003	19	6	0.4	8	14	11.2	36.4	8.4	26	135	0.7	142	30.1	30	956	72	0
12/07/2003	20	6	0.4	8	24	13.6	34.4	10.8	36	96	0.6	131	24.8	48	956	0	0
12/07/2003	21	6	0.5	8	27	16.6	64.9	12.9	39	58	0.6	1	21.9	61	956	0	0
12/07/2003	22	5	0.4	8	31	16.3	33.4	13.6	43	35	0.7	358	19.3	69	957	0	0
12/07/2003	23	5		8	30	15.7	30.3	12.9	42	30	0.7	353	18.2	73	957	0	0
13/07/2003	00	6	0.4	8	24	14.5	22.7	12.1	36	51	0.8	11	18	70	957	0	0
13/07/2003	01	6	0.3	8	21	13.7	19.4	11.4	33	46	0.5	346	16.3	76	956	0	0
13/07/2003	02	6	0.2	8	15	12.4	22.3	10	27	66	0.6	316	16.4	69	956	0	0
13/07/2003	03	5	0.2	8	14	11.2	17.5	9	26	78	0.7	283	17	61	955	0	0
13/07/2003	04	5	0.2	8	13	11.4	20.5	9	25	86	0.8	307	16.8	59	955	0	0
13/07/2003	05	6	0.2	8	16	12.2	29	9.5	28	70	0.6	251	16.5	61	955	0	0
13/07/2003	06	6	0.2	8	15	12	29.6	9.4	27	74	0.6	290	17	61	955	20	0
13/07/2003	07	6	0.3	8	19	14	31.2	11.4	32	62	0.5	143	24.4	45	955	165	0
13/07/2003	08	6	0.4	8	15	13.1	27.6	10.4	27	87	0.4	140	30.5	31	955	363	0
13/07/2003	09	6	0.4	8	13	10.1	28.2	7.7	26	122	0.6	159	33.6	24	955	558	0
13/07/2003	10	6	0.5	8	13	10.6	22.5	8.3	25	125	1.1	163	34.7	23	954	722	0
13/07/2003	11	6	0.6	8	13	11	23.1	8.7	25	132	1.2	178	35.3	23	954	852	0
13/07/2003	12	7	0.6	8	13	12.8	24.1	10.4	25	141	1.4	155	35.6	25	954	914	0
13/07/2003	13	8	0.6	8	13	14.2	24.6	11.6	25	148	1.4	150	36.2	26	953	937	0
13/07/2003	14	7	0.6	8	13	14.3	27.9	11.6	25	139	2.2	151	36.1	28	953	895	0
13/07/2003	15	7	0.6	8	13	12.5	19.7	10.3	25	139	1.8	161	37.1	24	952	837	0
13/07/2003	16	7	0.6	8	13	11.9	21.1	9.7	26	141	1.8	162	36.6	24	952	644	0
13/07/2003	17	7	0.6	8	14	14.2	25.6	11.6	27	143	1.5	148	35.4	24	952	341	0
13/07/2003	18	7	0.6	8	13	12.3	24.5	9.9	25	115	1.3	174	32.3	31	952	226	0
13/07/2003	19	6	0.5	8	13	11.4	30.5	8.8	26	121	0.8	146	30	30	952	70	0
13/07/2003	20	6	0.5	8	37	14.5	59.5	10.4	49	44	0.6	187	23.5	47	952	0	0
13/07/2003	21	6	0.5	9	53	16.3	77.7	11.3	67	12	0.7	359	20.5	56	952	0	0
13/07/2003	22	6	0.5	8	47	14.2	37.7	10.9	60	16	0.9	354	19.2	59	953	0	0
13/07/2003	23	6		8	39	13.8	29.1	11.1	51	22	0.7	338	18.3	61	953	0	0
14/07/2003	00	6	0.4	8	31	14	29	11.4	43	28	0.6	349	17.2	67	952	0	0
14/07/2003	01	5	0.3	8	21	14	25.9	11.3	33	38	0.8	331	16.3	69	952	0	0
14/07/2003	02	5	0.2	8	18	13.5	21.6	11	30	47	0.6	350	16.1	68	952	0	0
14/07/2003	03	5	0.2	8	15	13	20.4	10.8	27	45	0.6	347	15.4	71	952	0	0
14/07/2003	04	5	0.2	8	16	13	20.2	10.7	28	46	1.1	352	15.6	69	952	0	0
14/07/2003	05	5	0.2	8	23	12.8	23.5	10.4	34	60	1	316	16.6	62	952	0	0
14/07/2003	06	5	0.2	9	30	14.2	38.3	11.2	43	48	0.7	338	17.8	61	952	21	0
14/07/2003	07	6	0.3	12	41	17	60.1	12.6	59	32	0.5	157	24	49	951	165	0
14/07/2003	08	6	0.3	8	19	14.5	44.1	11.5	31	74	0.5	152	29.9	35	951	356	0
14/07/2003	09	6	0.3	8	21	14.2	47.6	10.7	33	95	0.8	138	33.1	29	951	556	0
14/07/2003	10	6	0.4	8	16	12.6	29.8	9.9	28	112	1.2	127	34.5	28	951	712	0
14/07/2003	11	6	0.5	8	16	13	30.4	10.3	28	133	2	132	34.9	27	950	851	0
14/07/2003	12	7	0.5	8	18	16	45.9	12.3	30	126	2.9	138	34	32	950	903	0
14/07/2003	13	8	0.5	8	19	17.9	48	13.9	31	123	3.1	137	33.6	34	950	918	0
14/07/2003	14	7	0.5	8	15	16.5	35.7	13.1	27	124	3.4	142	33.6	35	950	887	0
14/07/2003	15	7	0.5	8	15	15.8	31.5	12.7	27	117	3	141	34	35	950	797	0
14/07/2003	16	7	0.5	8	14	16.4	39.5	13.2	25	109	2.8	144	33.7	37	950	662	0
14/07/2003	17	6	0.4	8	16	16.1	43.8	12.7	27	97	2.4	140	33	40	950	484	0
14/07/2003	18	7	0.4	8	14	15.9	31.9	12.6	26	91	2	143	31.5	44	950	273	0
14/07/2003	19	7	0.4	8	14	17.6	34.4	13.8	25	84	1.5	142	27.8	56	950	66	0
14/07/2003	20	6	0.4	8	15	17.1	33.8	13.7	27	89	0.9	163	24.2	62	950	0	0
14/07/2003	21	6	0.4	8	30	20.4	31.2	16.8	42	62	0.6	143	21.9	75	951	0	0
14/07/2003	22	6	0.3	11	45	22.4	31.2	18.7	62	26	0.6	345	20.1	85	952	0	0
14/07/2003	23	6		8	54	20.7	27	17.6	67	16	0.8	350	19.1	85	952	0	0
15/07/2003	00	5		8	34	20.7	26.7	17.6	46	35	0.5	341	19.3	83	951	0	0
15/07/2003	01	5	0.3	10	28	20.7	26.1	17.8	43	29	0.5	12	18.3	87	951	0	0
15/07/2003	02	6	0.3	8	26	23.1	28.6	20	38	34	0.5	5	17	95	950	0	0
15/07/2003	03	6	0.3	8	27	22.5	26.6	19.5	39	32	0.7	332	16.8	94	950	0	0
15/07/2003	04	6	0.3	8	21	20.9	25.3	18.1	34	37	0.6	340	16	94	950	0	0
15/07/2003	05	6	0.3	17	41	22.9	28.7	19.6	65	19	1.1	350	15.4	97	950	0	0
15/07/2003	06	6	0.3	10	37	24	32.4	20.3	52	28	0.7	338	16.8	91	950	20	0
15/07/2003	07	8	0.3	29	32	22.9	34.8	19.4	76	32	0.5	26	22.1	69	951	160	0
15/07/2003	08	8	0.4	8	18	27.6	41.8	23.7	31	65	0.5	164	26.1	61	951	216	0
15/07/2003	09	8	0.4	8	13	21.6	28.1	18.2	26	80	0.6	156	29.4	51	951	561	0
15/07/2003	10	8	0.5	8	14	21	29.6	17.7	26	88	0.7	149	31.8	43	951	622	0
15/07/2003	11	8	0.5	8	14	20.8	32.2	17.4	26	95	1.5	139	32.5	41	951	848	0
15/07/2003	12	8	0.6	8	14	20.5	34.1	16.9	26	96	2.3	130	32.9	41	950	918	0
15/07/2003	13	8	0.6	8	15	23.4	39.3	19	27	106	3.2	137	33.4	44	950	953	0
15/07/2003	14	9	0.6	8	15	23.1	39.3	18.7	27	109	3	134	33.7	43	950	897	0
15/07/2003	15	8	0.6	8	14	19.7	36.1	15.7	26	113	3	135	34.6	38	949	797	0
15/07/2003	16	8	0.6	8	14	20.7	38.4	16.3	26	105	2.9	144	34	41	949	646	0
15/07/2003	17	8	0.6	8	14	21.4	36.6	17.1	26	96	2.6	145	32.5	46	949	453	0
15/07/2003	18	7	0.6	8	14	23.1	37.2	18.6	26	86	2.1	145	30.4	55	949	260	0
15/07/2003	19	7	0.6	8	15	23.5	39.3	18.8	27	82	1.2	132	27.2	64	949	56	0
15/07/2003	20	7	0.5	8	21	24.3	32.6	19.6	33	62	1.3	132	23.1	79	950	0	0
15/07/2003	21	6	0.4	8	16	22	27.9	17.6	28	66	0.7	139	21.8	87	951	0	0
15/07/2003	22	6	0.4	8	23	23.3	29.9	18.9	35	45	0.5	175	20.6	91	951	0	0
15/07/2003	23	5	0.4	8	16	23.3	29.3	18.9	28	47	0.5	292	19.6	96	951	0	0
16/07/2003	00	6		9	23	23.6	29.6	19.4	36	22	0.7	342	18.5	98	951	0	0
16/07/2003	01	6	0.4	9	25	21.4	29	17.5	38	25	0.7	325	17.3	96	951	0	0
16/07/2003	02	6	0.3	8	13	9.1	28.6	6.4	25	89	3.2	335	20.8	53	951	0	0
16/07/2003	03	6	0.3	8	13	8.6	36.5	5.7	25	91	4.4	332	21.3	50	951	0	0
16/07/2003	04	6	0.3	8	15	7.5	17.8	5.2	27	86	1.7	359	19.6	52	951	0	0
16/07/2003	05	6	0.3	8	14	7.4	16.7	5.2	26	89	1.3	342	18	56	952	0	0
16/07/2003	06	6	0.3	8	20	7.3	17.7	5.1	33	87	1.5	348	18.7	50	953	28	0
16/07/2003	07	6	0.3	8	19	6.9	16.5	4.7	31	95	3.4	347	22.6	39	953	199	0
16/07/2003	08	5	0.4	8	15	6.3	16.1	4.2	27	112	3.9	350	24.8	34	954	407	0
16/07/2003	09	6	0.4	11	33	5.8	11.5	4	50	97	2.7	16	27.7	29	954	605	0
16/07/2003	10	6	0.5	9	17	5.2	9.8	3.5	30	122	2.5	357	29.8	24	954	778	0
16/07/2003	11					5.1	10.6	3.4			1	348	31.6	21		904	0
16/07/2003	12		0.5	8	13	5.1	10.7	3.3	25	137	0.9	8	32.6	20	954	970	0
16/07/2003	13	5	0.5	8	14	5.1	10.3	3.4	26	150	0.8	8	34.3	18	954	986	0
16/07/2003	14	5	0.5	8	16	6.3	21.1	4	28	152	1.4	120	35.7	17	954	949	0
16/07/2003	15	5	0.5	8	16	8.1	53.4	4.6	29	165	3	142	35.4	19	953	856	0
16/07/2003	16	5	0.5	8	15	8.3	46.7	4.8	28	168	3.1	137	34	23	954	709	0
16/07/2003	17	5	0.5	8	15	7.5	34.3	4.5	27	158	3	140	33.4	24	954	524	0
16/07/2003	18	5	0.5	8	16	8.4	33.3	5	28	129	2.4	145	31	33	954	314	0
16/07/2003	19	6	0.4	8	16	10.1	44.1	6	28	128	1.4	146	27.3	40	954	71	0
16/07/2003	20	5	0.4	8	15	10.2	38.2	6.2	27	119	1	147	22.8	54	955	0	0
16/07/2003	21	5	0.4	8	18	11.5	51.5	7.1	30	81	0.7	199	19.4	68	956	0	0
16/07/2003	22	5	0.3	8	27	11.4	17.6	7.5	39	55	1	348	17.1	76	957	0	0
16/07/2003	23	5	0.3	8	41	10.8	16.1	7.4	53	43	0.7	4	16.4	79	958	0	0
17/07/2003	00	5	0.2	8	20	9.4	17.1	6.5	33	79	0.6	321	15.3	76	958	0	0
17/07/2003	01					9.2	14.3	6.5		55	0.5	166	14.2	77		0	0
17/07/2003	02	4	0.3	8	16	8	16.5	5.5	28	99	0.7	297	15.2	66	957	0	0
17/07/2003	03	4	0.3	8	16	8.6	17.5	5.8	28	102	0.6	233	15.8	66	957	0	0
17/07/2003	04	4	0.3	8	16	8.7	17.4	6	29	89	0.5	197	15	71	957	0	0
17/07/2003	05	4	0.4	8	16	8.8	23	5.9	28	87	0.5	224	14.2	72	958	0	0
17/07/2003	06	4	0.4	10	24	9.3	35.7	6	40	74	0.8	347	15.6	66	958	23	0
17/07/2003	07	5	0.6	11	38	10.9	58.6	6.4	55	66	0.5	176	23.3	45	959	182	0
17/07/2003	08	7	0.6	8	15	8.5	26.7	5.6	27	119	0.6	161	28.6	33	959	384	0
17/07/2003	09	13	0.6	8	14	9	24.8	6	26	118	1.1	162	29.8	37	959	578	0
17/07/2003	10	12	0.7	8	13	9.4	21.9	6.5	26	121	1.1	155	31.2	36	959	748	0
17/07/2003	11	8	0.7	8	14	10	22.9	6.9	26	121	1.2	133	32	36	959	872	0
17/07/2003	12	7	0.7	8	13	10.3	24.8	7	25	129	1.1	127	32.7	35	959	943	0
17/07/2003	13	7	0.7	8	14	13.4	40.2	9.3	26	126	2.5	139	32.8	39	958	951	0
17/07/2003	14	7	0.7	8	16	14.1	39.2	10.1	28	108	2.6	143	31.7	45	958	657	0
17/07/2003	15	7	0.7	8	13	13.7	34.8	9.6	25	100	3	149	32	46	958	763	0
17/07/2003	16	6	0.7	8	13	12.5	27.5	9	25	99	2.6	152	32	46	958	622	0
17/07/2003	17	6	0.7	8	13	11.4	28.5	7.8	25	100	2.6	147	31.5	47	958	486	0
17/07/2003	18	5	0.7	8	14	10.9	29	7.3	26	96	2.1	153	29.7	51	958	286	0
17/07/2003	19	5	0.6	8	14	12.3	39.2	8	26	93	1.4	150	27	59	959	66	0
17/07/2003	20	5	0.6	8	14	11.1	28.9	7.1	26	86	1	154	22.7	75	959	0	0
17/07/2003	21	5	0.6	8	17	11.2	16.5	7.5	30	59	0.5	172	20.3	87	960	0	0
17/07/2003	22	4	0.5	8	27	12.4	17.9	8.5	39	34	0.5	350	18.5	94	960	0	0
17/07/2003	23	4	0.5	8	28	12.6	18	9.1	40	22	0.5	345	17.9	96	960	0	0
18/07/2003	00	4	0.5	8	23	12.6	17.2	9.4	35	28	0.5	330	17.2	97	960	0	0
18/07/2003	01	4		8	17	13.5	18.9	9.8	29	36	0.6	333	17	98	960	0	0
18/07/2003	02	4	0.4	8	21	12.2	16	9.2	33	34	0.6	210	16.8	98	960	0	0
18/07/2003	03	4	0.4	8	21	12.3	15.7	9.4	33	35	0.6	336	16.1	99	960	0	0
18/07/2003	04	5	0.4	8	19	11.9	14.9	9.2	31	35	0.5	345	15.4	100	960	0	0
18/07/2003	05	4	0.4	9	19	12	15.9	9.1	34	31	0.6	348	14.6	100	960	0	0
18/07/2003	06	5	0.4	23	32	13.7	19.2	10	67	20	0.5	335	15.6	97	960	19	0
18/07/2003	07	5	0.6	20	30	13.5	31.1	9.6	60	34	0.4	142	22.4	70	960	173	0
18/07/2003	08	5	0.6	8	17	12.1	30.6	8.6	30	79	0.5	137	28.6	49	960	376	0
18/07/2003	09					11.2	32	7.5			0.9	136	31	42		576	0
18/07/2003	10		0.4	8	15	11.8	37.7	7.9	27	111	1.2	136	33	37	960	749	0
18/07/2003	11					11.9	32.9	8.3			1.5	128	34	36		868	0
18/07/2003	12	8	0.4	11	17	12.7	32.5	8.9	33	118	2.3	127	33.9	40	959	932	0
18/07/2003	13	8	0.5	9	18	14.8	37.8	10.5	32	131	2.4	132	34.6	40	959	942	0
18/07/2003	14	8	0.6	9	18	16.7	43.3	12.2	32	155	3.5	134	35.1	40	958	890	0
18/07/2003	15	8	0.6	9	16	15.5	38.5	11.2	30	138	3.1	136	34.9	42	958	798	0
18/07/2003	16	8	0.6	9	16	13.6	34.6	9.4	30	122	3.2	139	34	43	958	664	0
18/07/2003	17	7	0.6	9	16	12.9	34.2	8.7	30	116	2.6	140	33.3	42	958	490	0
18/07/2003	18	7	0.5	9	16	12.9	38.7	8.5	29	110	1.8	140	32.1	44	958	288	0
18/07/2003	19	6	0.4	8	16	11.8	37.5	7.9	29	92	1.1	139	28.5	52	958	65	0
18/07/2003	20	5	0.4	8	38	15.2	76.3	9.5	51	44	0.5	191	23.3	70	958	0	0
18/07/2003	21	5	0.4	8	40	14.1	21.1	9.6	52	31	0.6	351	20.6	79	959	0	0
18/07/2003	22	4	0.3	10	50	13.5	20.1	9.7	66	20	0.6	343	19.6	83	959	0	0
18/07/2003	23	5	0.3	16	34	12.2	24.8	8.4	60	38	0.5	2	17.9	78	959	0	0
19/07/2003	00	4	0.3	8	22	11.1	35.6	7.5	34	62	0.6	341	16.8	67	959	0	0
19/07/2003	01	4	0.2	8	26	11.2	30.4	7.5	38	57	0.6	346	16	68	959	0	0
19/07/2003	02	4	0.2	8	17	12.2	24.5	8.2	29	63	0.6	339	16	76	958	0	0
19/07/2003	03	5	0.2	11	41	13.4	19.8	9.3	57	36	0.6	352	15.9	82	958	0	0
19/07/2003	04	4	0.2	9	27	12.3	18.2	8.5	41	54	0.9	344	16.2	79	958	0	0
19/07/2003	05	4	0.2	8	22	12	17.9	8.3	34	57	0.7	339	15.6	80	958	0	0
19/07/2003	06	5	0.2	12	25	12.5	25.1	8.2	43	53	0.6	339	16.2	75	958	14	0
19/07/2003	07	5	0.2	13	38	11.3	42.3	7.3	58	41	0.6	338	22.9	56	958	149	0
19/07/2003	08	5	0.4	11	34	11	49.4	6.9	50	52	0.5	22	31.1	39	958	342	0
19/07/2003	09	6	0.4	8	20	11.9	63.9	7	33	105	0.5	152	35.3	27	958	537	0
19/07/2003	10	5	0.5	8	19	10.8	45.8	6.7	31	123	0.8	141	37.4	25	958	706	0
19/07/2003	11	7		8	17	12.9	54.9	7.9	30	129	2	146	37.4	26	958	815	0
19/07/2003	12	8	0.5	8	17	16.6	59.2	10.3	30	125	2.5	135	38.3	29	957	886	0
19/07/2003	13	7	0.5	9	14	18.8	63.3	10.8	28	146	3.3	160	39.1	25	956	906	0
19/07/2003	14	7	0.6	9	14	21.3	60.2	12	27	153	3.3	174	40.4	23	956	877	0
19/07/2003	15	10	0.5	9	17	20.1	51.5	13.3	30	142	3	133	39.4	32	955	765	0
19/07/2003	16	9	0.4	9	17	17.7	35.9	12.6	31	133	2.8	125	36.6	39	955	608	0
19/07/2003	17	9	0.5	9	16	19	36.3	13.6	30	126	2.3	134	34.7	45	956	441	0
19/07/2003	18	8	0.5	8	17	19.9	39.4	14.2	30	109	1.7	137	32.4	52	956	243	0
19/07/2003	19	6	0.4	8	17	18	35.6	13.3	29	80	1.1	133	28.6	65	956	62	0
19/07/2003	20	5	0.3	8	23	20.8	34.6	15.3	36	53	0.6	360	24.8	79	956	0	0
19/07/2003	21	5	0.4	9	32	22.5	33.6	16.5	45	27	0.6	2	22.2	87	956	0	0
19/07/2003	22	4	0.3	13	33	21.5	31.8	15	53	22	0.8	5	20.7	86	956	0	0
19/07/2003	23	4	0.2	9	32	20.8	45.9	11.8	45	29	0.7	12	20.3	72	956	0	0
20/07/2003	00	4	0.2	9	26	21	33.4	13	39	32	0.7	347	19	81	956	0	0
20/07/2003	01	5	0.2	13	28	20.4	30.6	12.2	48	25	0.6	353	18.3	80	956	0	0
20/07/2003	02	5	0.2	8	18	19.9	31.7	11.5	31	40	0.7	336	18	79	956	0	0
20/07/2003	03	5	0.2	8	21	20.1	40	11.2	34	44	0.6	355	18	75	955	0	0
20/07/2003	04	5	0.2	8	19	19.4	41.7	10.9	32	47	0.6	333	18.4	74	955	0	0
20/07/2003	05	4	0.2	8	19	19.4	57.6	10.8	32	52	0.8	328	20.5	64	955	0	0
20/07/2003	06	4	0.2	8	18	19.9	52.2	12	31	60	1.1	317	21.4	59	955	0	0
20/07/2003	07	4	0.2	8	20	18.3	59.2	10.2	33	57	0.6	6	23.7	54	955	55	0
20/07/2003	08	5	0.2	8	19	19.5	47.3	11.9	31	59	1	140	26	57	956	222	0
20/07/2003	09	6	0.3	8	20	22.7	44.8	15.3	33	57	0.8	120	29	57	956	368	0
20/07/2003	10	7	0.3	8	19	23.4	46.3	15.9	32	60	0.8	138	32	52	956	555	0
20/07/2003	11	7		8	16	21.2	48.4	13.6	28	87	1.1	146	34.5	41	956	529	0
20/07/2003	12	6		8	18	24.3	56.3	16.1	31	85	1.2	128	31.9	50	955	218	0.2
20/07/2003	13	6	0.4	8	16	28.8	51	19.9	28	72	2	148	31.3	59	955	513	0
20/07/2003	14	6	0.4	8	13	26.7	44.9	17.8	26	71	2.2	132	32.2	57	955	464	0
20/07/2003	15	6	0.4	8	14	25.8	43	17.1	26	74	2.3	146	33.1	55	955	701	0
20/07/2003	16	6	0.4	8	13	23.9	42.4	15.1	26	82	2.3	147	34.1	48	954	621	0
20/07/2003	17	5	0.4	8	13	25	47	14.4	26	80	2.8	145	32.4	50	954	432	0
20/07/2003	18	5	0.3	8	14	26.7	53.1	14.7	26	72	1.4	202	29.3	56	954	88	0
20/07/2003	19	5	0.3	8	21	27.6	60.9	15.1	34	53	0.9	145	27.5	64	954	91	0.2
20/07/2003	20	4	0.3	8	32	27.9	56.9	15.2	44	31	0.6	349	24.5	76	954	2	0
20/07/2003	21	4	0.2	9	32	27.1	40.5	15.1	45	19	0.7	335	22.2	85	955	0	0
20/07/2003	22	5	0.2	11	28	25.6	37.9	14.8	46	20	0.7	338	21.2	90	955	0	0
20/07/2003	23	5	0.2	10	29	24.1	35.4	14.2	44	15	0.7	342	20.3	92	955	0	0
21/07/2003	00	5	0.2	9	28	22.9	33.4	13.6	42	16	0.9	345	19.5	93	955	0	0
21/07/2003	01	4	0.2	8	23	19.6	27.9	11.3	35	26	0.5	348	19	89	955	0	0
21/07/2003	02	5	0.2	10	23	20.4	29.9	11	38	27	0.6	352	18.8	86	954	0	0
21/07/2003	03	5	0.2	8	21	23.3	34.4	12.2	33	28	1.1	336	18.6	84	955	0	0
21/07/2003	04	4	0.2	9	19	25	37.3	12.9	33	33	0.9	1	18.9	83	954	0	0
21/07/2003	05	5	0.2	15	29	25.5	38	13.4	52	17	0.5	187	17.7	89	954	0	0
21/07/2003	06	5	0.2	17	31	25.5	38	13.6	57	14	0.6	345	18.2	87	954	10	0
21/07/2003	07	5	0.2	28	29	24.9	47.8	13.1	71	18	0.7	353	23	70	954	134	0
21/07/2003	08	5	0.2	13	28	25.9	65.8	13.2	47	42	0.5	138	30.4	48	955	330	0
21/07/2003	09	5	0.3	9	18	25.4	57.1	13	31	63	0.5	140	33.6	40	954	535	0
21/07/2003	10	5	0.3	8	16	25	57.3	13	28	73	1.2	139	35.3	38	954	705	0
21/07/2003	11	5	0.3	8	16	24.8	60.6	13.3	29	81	1.2	129	36.3	38	954	827	0
10/12/2003	17	3		2	6	11.4	14.1	9.4	9	38	0.7	184	7.3	69	959	1	0
10/12/2003	18	3		3	6	9.9	11.5	8	10	30	1.1	312	4.5	84	959	0	0
10/12/2003	19	3		4	12	10.6	11.5	8.8	18	24	1.2	307	3.6	86	960	0	0
10/12/2003	20	4		36	27	10.5	13.2	8.4	81	12	0.9	326	3.3	82	961	0	0
10/12/2003	21	3		32	31	8.8	11	6.7	80	14	0.9	350	3.4	77	961	0	0
10/12/2003	22	3		19	33	8.1	10.3	6.1	62	15	0.8	339	2.6	77	962	0	0
10/12/2003	23	3		2	19	6.9	8.1	5.1	23	29	0.8	323	3	72	962	0	0
11/12/2003	00	3		5	22	8.5	10.1	6.7	30	26	0.7	319	2.2	79	962	0	0
11/12/2003	01	3		8	17	5.8	7	4.1	29	30	0.8	360	2.6	78	961	0	0
11/12/2003	02	3		2	6	5	5.8	3.3	9	44	2.8	338	5	66	961	0	0
11/12/2003	03	3		2	5	4.6	5.3	3.1	8	47	3.8	339	6.1	62	961	0	0
11/12/2003	04	3		2	6	5	5.5	3.4	9	46	6.1	342	6.4	62	960	0	0
11/12/2003	05	3		2	6	5.6	5.9	4	9	45	5.4	339	6.4	62	960	0	0
11/12/2003	06	3		2	8	8.5	8.7	6.8	12	39	5.7	335	6.1	65	960	0	0
11/12/2003	07	3		2	7	8.9	9.3	7.2	11	42	3.6	328	6	66	961	0	0
11/12/2003	08	3		4	8	8.3	11.2	6.5	13	42	0.8	212	6	63	961	20	0
11/12/2003	09	3		3	9	7.2	10	5.5	13	44	1.7	318	10.2	53	961	158	0
11/12/2003	10	3		3	7	8.6	10.5	6.8	11	46	2.3	347	13.4	45	961	321	0
11/12/2003	11	4		3	7	6.7	8.8	5.1	12	50	2.1	3	15.7	37	961	423	0
11/12/2003	12	4		4	10	4.9	6.7	3.4	17	51	3.2	13	16.7	35	960	501	0
11/12/2003	13	4		4	9	4.9	6	3.4	15	54	7.5	340	16.1	38	959	515	0
11/12/2003	14	4		3	7	5.4	6.1	3.9	12	55	7.4	343	16	38	958	420	0
11/12/2003	15	3		3	5	5	5.6	3.5	9	57	5.9	343	12.5	46	959	86	0
11/12/2003	16	3		3	14	5.5	6.8	3.9	19	46	2.9	347	12.5	48	959	63	0
11/12/2003	17	3		3	13	5.1	6.4	3.5	18	45	4.1	342	11.9	49	960	1	0
11/12/2003	18	3		8	26	6.9	8.1	5.2	39	29	2	346	10.6	55	960	0	0
11/12/2003	19	3		8	27	7.6	8.5	5.9	39	26	1.9	348	9.8	60	961	0	0
11/12/2003	20	3		8	27	6.2	7.2	4.6	39	27	3.7	341	10	59	962	0	0
11/12/2003	21	3		3	15	6.1	6.7	4.5	19	36	5.5	341	10.2	63	962	0	0
11/12/2003	22	3		3	13	5.6	5.9	4	17	36	5.8	343	9.8	69	962	0	0
11/12/2003	23	3		3	9	4.5	4.8	3	13	38	5.1	343	9.7	73	962	0	0
12/12/2003	00	3		3	9	3.8	3.9	2.4	14	38	5.3	342	10.1	73	962	0	0
12/12/2003	01	3		3	6	3.5	3.6	2.2	10	41	3.3	359	9.8	74	962	0	0
12/12/2003	02	3		3	6	4.7	4.9	3.2	10	40	3.1	1	9.1	74	962	0	0
12/12/2003	03	3		2	6	5.7	6	4.1	9	39	1.3	24	8.7	75	962	0	0
12/12/2003	04	3		2	4	6.4	6.9	4.7	7	40	2.9	178	8.8	75	962	0	0
12/12/2003	05	3		2	6	6.1	6.4	4.6	9	38	5.3	337	9.9	73	961	0	0
12/12/2003	06	3		2	6	4.2	4.4	2.8	9	36	6.2	343	10.6	73	961	0	0
12/12/2003	07	3		3	10	3.5	3.5	2.2	14	31	6	341	10.8	73	961	0	0
12/12/2003	08	3		2	7	3.6	3.7	2.2	11	33	7.1	342	11.5	71	962	17	0
12/12/2003	09	3		3	8	3.6	3.8	2.3	12	33	6.7	340	13.9	63	962	155	0
12/12/2003	10	4		4	8	3.8	4.2	2.4	13	33	7.2	340	16.1	57	962	300	0
12/12/2003	11	4		3	8	4.4	5.5	2.9	12	38	7.2	339	17.4	54	962	412	0
12/12/2003	12	4		3	6	5.1	5.8	3.7	11	43	8	341	18	53	961	472	0
12/12/2003	13	4		3	6	5.3	5.8	3.9	11	43	8.4	341	18.4	53	960	481	0
12/12/2003	14	3		4	7	5.6	6.4	4.2	13	42	7.3	339	18.7	52	960	422	0
12/12/2003	15	3		4	7	5.7	6.1	4.3	12	42	6.4	340	18.3	53	960	311	0
12/12/2003	16	3		4	9	5.2	5.9	3.8	15	40	6	342	16.7	57	961	137	0
12/12/2003	17	3		3	16	5.6	6.1	4.2	21	32	4.9	342	13.1	69	961	1	0
12/12/2003	18	3		3	17	6.2	6.7	4.7	22	30	3.5	335	12.2	73	962	0	0
12/12/2003	19	3		3	13	6.3	6.7	4.8	17	32	2.8	331	12	74	962	0	0
12/12/2003	20	3		3	14	7	7.6	5.5	17	30	2.4	336	11.9	75	963	0	0
12/12/2003	21	3		2	14	7.8	8.4	6.2	17	28	2.3	333	11.4	76	963	0	0
12/12/2003	22	3		2	9	7.5	7.8	5.9	12	30	2.1	318	11.1	77	964	0	0
12/12/2003	23	3		3	9	5.8	6.1	4.4	13	31	2.8	324	11.2	76	964	0	0
13/12/2003	00	3		3	11	6	6.3	4.5	16	28	2	355	10.7	78	964	0	0
13/12/2003	01	3		2	5	6.4	6.9	4.9	9	31	1.8	335	10.5	79	964	0	0
13/12/2003	02	3		2	4	6.2	6.5	4.7	7	34	0.9	292	10.1	80	964	0	0
13/12/2003	03	3		2	4	5.7	5.8	4.3	7	34	0.9	306	9.8	80	964	0	0
13/12/2003	04	3		5	5	5.1	5.3	3.7	12	31	1	322	9.8	78	964	0	0
13/12/2003	05	3		6	10	4.9	5.4	3.5	20	23	0.7	354	7.5	86	964	0	0
13/12/2003	06	3		2	5	4	4.2	2.6	8	30	1.1	300	8.7	78	964	0	0
13/12/2003	07	3		3	6	3.5	3.8	2.2	10	29	1.2	301	7.9	81	964	0	0
13/12/2003	08	3		12	16	3.9	5.4	2.5	33	16	0.7	328	7.2	82	964	11	0
13/12/2003	09	3		13	12	4.7	7.6	3.1	32	19	0.7	340	12.5	66	964	138	0
13/12/2003	10	3		3	4	5	8.2	3.4	9	31	0.6	162	18.9	46	964	305	0
13/12/2003	11	3		3	6	8.2	14.2	6.3	11	39	0.9	164	20.4	44	964	418	0
13/12/2003	12	3		3	6	5.2	9.5	3.6	11	46	1.1	143	21.7	41	962	475	0
13/12/2003	13	3		3	5	5.8	9.2	4.2	10	51	1.1	145	22.7	40	961	479	0
13/12/2003	14	3		4	8	10.9	15.8	8.8	14	45	1.9	137	21.8	46	960	420	0
13/12/2003	15	3		4	12	11.9	17.3	9.7	17	38	1.1	130	21.7	48	960	300	0
13/12/2003	16	3		4	14	12.7	18.2	10.5	19	34	0.9	143	19	57	961	119	0
13/12/2003	17	3		6	20	13.4	16.4	11.2	29	18	0.6	17	12.9	79	962	2	0
13/12/2003	18	3		14	22	15.8	18.7	13.4	44	9	0.6	332	9.3	92	962	0	0
13/12/2003	19	3		13	22	19.9	22.1	17.3	42	9	1.1	340	8.7	93	963	0	0
13/12/2003	20	3		18	19	10.5	11.5	8.6	45	18	1	335	9.5	83	964	0	0
13/12/2003	21	3		5	19	4.9	5.3	3.4	27	26	0.9	345	11.4	66	964	0	0
13/12/2003	22	3		3	8	7	7.5	5.5	12	34	0.6	191	10.8	65	964	0	0
13/12/2003	23	3		2	6	2.8	3.1	1.6	10	38	1.6	356	12	62	964	0	0
14/12/2003	00	3		3	6	1.9	2.2	0.9	10	38	1.7	7	12.1	61	963	0	0
14/12/2003	01	3		3	6	1.8	2	0.9	10	40	3.2	348	12.8	57	962	0	0
14/12/2003	02	3		2	4	1.6	2.1	0.7	7	42	1.7	345	11.9	57	962	0	0
14/12/2003	03	3		3	4	1.5	2	0.7	7	44	1.7	9	11.4	57	962	0	0
14/12/2003	04	3		2	4	1.7	2.1	0.8	7	43	4.8	333	13.3	54	962	0	0
14/12/2003	05	3		3	4	1.2	1.3	0.5	7	44	6.1	334	13.8	53	961	0	0
14/12/2003	06	3		3	4	1	1.3	0.4	7	46	5.7	334	14.2	50	961	0	0
14/12/2003	07	3		2	4	1.1	1.5	0.4	7	47	2.3	339	14.4	47	961	0	0
14/12/2003	08	3		3	4	1.5	2	0.6	8	46	5.1	332	15.3	46	961	16	0
14/12/2003	09	3		3	5	1.7	4	0.8	9	46	4.1	325	16.6	42	961	93	0
14/12/2003	10	3		3	6	4.1	5.7	2.8	11	49	2.8	5	19.8	33	961	280	0
14/12/2003	11	3		3	6	2.6	4.6	1.4	11	51	2.3	18	23.9	27	960	484	0
14/12/2003	12	4		4	6	2.7	3.6	1.5	12	52	2.7	357	22.7	30	959	411	0
14/12/2003	13	3		4	7	3.4	4.6	2.1	12	50	1.5	48	21.4	36	958	308	0
14/12/2003	14	3		4	7	2.6	4.7	1.4	13	47	2.6	6	24.5	34	957	442	0
14/12/2003	15	3		4	6	2.9	3.6	1.7	12	47	2.3	331	22.9	39	957	297	0
14/12/2003	16	3		3	6	2.5	3.6	1.3	11	44	2.6	332	21.2	46	957	166	0
14/12/2003	17	3		3	8	3	3.7	1.7	13	38	4.2	348	16.8	60	957	9	0
14/12/2003	18	3		3	8	3.3	4.2	2	13	37	4.3	336	15.6	63	958	0	0
14/12/2003	19	3		3	6	3.8	8	2.2	10	38	3.4	317	15	64	957	0	0
14/12/2003	20	3		3	6	3.5	6.3	2	11	37	10.4	334	15.1	63	957	0	0
14/12/2003	21	3		3	5	3.8	4.2	2.5	9	36	7.7	338	14.3	65	958	0	0
14/12/2003	22	3		3	4	4	4.1	2.6	8	36	6.7	338	13.5	65	958	0	0
14/12/2003	23	3		3	4	3.8	4.3	2.4	8	36	9.3	340	13.1	65	958	0	0
15/12/2003	00	3		3	4	3.5	3.5	2.2	8	36	2.6	327	12.2	68	958	0	0
15/12/2003	01	3		3	4	3.3	3.5	2	8	37	8.9	338	12.2	66	958	0	0
15/12/2003	02	3		2	4	3.7	4.1	2.3	7	36	12.1	341	12.1	66	957	0	0
15/12/2003	03	3		3	4	4.1	4.4	2.7	7	37	11	340	11.6	64	957	0	0
15/12/2003	04	3		3	4	4.8	5	3.4	8	37	11.1	341	10.8	66	958	0	0
15/12/2003	05	3		2	5	5.3	5.7	3.8	9	36	9.6	335	10	67	958	0	0
15/12/2003	06	3		3	4	3.9	4.2	2.5	8	40	9.1	335	9.6	65	958	0	0
15/12/2003	07	3		3	5	3.1	3.3	1.8	9	42	8.3	335	9.4	62	958	0	0
15/12/2003	08	3		3	8	2.9	3.4	1.7	12	44	4.5	8	9.8	55	958	14	0
15/12/2003	09	3		4	9	3.2	3.8	1.9	15	43	4.1	34	12	48	959	153	0
15/12/2003	12	3		4	9	3.8	5.7	2.3	15	47	6.9	339	16.4	38	958	494	0
15/12/2003	13	3		5	8	3.9	5.4	2.4	15	50	6.8	333	16.8	36	958	500	0
15/12/2003	14	3		4	9	4.3	6.6	2.7	15	50	6.9	338	16.8	35	957	444	0
15/12/2003	15	3	0.5	4	9	4.3	5.6	2.7	14	50	6.5	341	16.2	37	957	324	0
15/12/2003	16	3	0.4	3	10	4.7	6.5	2.9	15	45	5.5	342	14.5	43	957	139	0
15/12/2003	17	3	0.4	3	16	4.8	7.2	2.8	20	41	4.6	342	11.1	51	958	2	0
15/12/2003	18	3	0.7	4	24	4.7	6.6	2.8	29	34	5.7	342	9.9	54	958	0	0
15/12/2003	19	3	0.7	3	16	5.1	7.2	3.1	21	39	4.8	338	9.3	55	959	0	0
15/12/2003	20	3	0.6	8	24	5.3	6.4	3.4	37	32	2.8	359	8.6	58	959	0	0
15/12/2003	21	3	0.7	15	33	7.1	10.1	4.7	56	22	1.2	10	7.3	70	959	0	0
15/12/2003	22	3	0.8	27	32	6.4	9.5	4.3	74	9	0.8	350	4.1	84	960	0	0
15/12/2003	23	3	0.6	13	17	5.2	7.2	3.3	36	20	0.7	342	2.8	85	960	0	0
16/12/2003	00	3	0.6	62	23	5.3	7.6	3.4	118	6	0.7	352	1.8	86	961	0	0
16/12/2003	01	3	0.7	35	25	5.2	7.6	3.4	78	6	0.6	7	1	91	961	0	0
16/12/2003	02	3	0.7	8	18	4.4	5.3	2.8	30	20	0.7	203	1.7	84	961	0	0
16/12/2003	03	3	0.7	4	13	4.3	5.5	2.7	18	24	0.6	335	1.1	84	961	0	0
16/12/2003	04	3	0.7	5	16	4.3	5.4	2.7	24	21	0.7	340	0.9	86	961	0	0
16/12/2003	05	3	0.7	2	6	5.1	6.2	3.3	9	26	0.8	322	1.6	85	961	0	0
16/12/2003	06	3	0.7	9	18	5.4	7.1	3.5	32	16	0.7	327	1.2	89	961	0	0
16/12/2003	07	3	0.7	4	11	4.2	5.3	2.5	17	28	1	318	1.4	80	961	0	0
16/12/2003	08	3	0.7	6	14	4.1	6.1	2.5	24	24	0.7	341	1.1	79	961	10	0
16/12/2003	09	3	0.8	22	25	6.8	14.3	4.6	59	17	0.6	13	7.3	58	961	147	0
16/12/2003	10	3	0.8	9	14	12.3	27.1	9.4	27	25	0.5	159	14.4	41	961	312	0
16/12/2003	11	3	0.8	3	7	9.3	15.3	6.9	12	40	0.7	153	16.3	38	961	414	0
16/12/2003	12	3	0.8	4	11	10.2	17.1	7.3	16	42	1.1	138	16.5	46	960	448	0
16/12/2003	13	3	0.9	4	10	12.6	19.4	9.5	16	44	1.5	131	17	50	959	469	0
16/12/2003	14	3		4	11	18.4	23.2	14.4	17	43	1.4	131	16.3	55	959	354	0
16/12/2003	15	3	0.5	3	9	15.3	20.6	11.6	14	43	1.4	137	14.5	63	959	214	0
16/12/2003	16	3	0.5	3	17	16	21.6	12	22	34	1.2	143	13.4	69	959	132	0
16/12/2003	17	3	0.5	3	24	17.5	26.3	12.9	29	26	0.9	137	9.6	84	959	12	0
16/12/2003	18	3	0.5	17	34	15.9	25.9	12	61	13	0.6	145	6.7	91	960	0	0
16/12/2003	19	3	0.4	22	35	19.6	29.9	15.7	69	8	0.5	15	6.4	96	961	0	0
16/12/2003	20	3	0.5	3	21	25	30.3	21.2	25	22	0.6	191	7.5	94	961	0	0
16/12/2003	21	3	0.5	3	18	27.1	29.5	23.4	23	23	0.9	231	7.4	92	961	0	0
16/12/2003	22	3	0.7	2	14	29.1	30.8	25.8	18	25	0.6	329	7.8	90	961	0	0
16/12/2003	23	3	0.5	3	12	24.3	30.2	20.6	17	20	0.5	325	7.9	89	961	0	0
17/12/2003	00	3	0.5	2	12	25.7	29.1	22	16	20	0.5	231	8	89	961	0	0
17/12/2003	01	3	0.5	3	17	26.4	28.5	22.8	22	16	0.5	330	7.5	92	961	0	0
17/12/2003	02	3	0.5	4	22	24.3	25.7	21	28	9	0.6	202	6.6	94	961	0	0
17/12/2003	03	3	0.4	13	12	21.3	22	18.5	32	9	0.5	219	5.3	95	961	0	0
17/12/2003	04	3	0.4	20	14	16.4	17.4	14.2	45	7	1	354	5	96	961	0	0
17/12/2003	05	3	0.4	5	15	15.7	16.6	13.4	23	10	0.7	3	5.4	96	960	0	0
17/12/2003	06	3	0.4	6	10	16.9	18.2	14.5	18	11	0.5	225	5.5	95	960	0	0
17/12/2003	07	3	0.4	4	13	16	17.9	13.6	18	9	0.5	338	4.9	95	960	0	0
17/12/2003	08	3	0.4	29	12	15	18.8	12.7	56	8	0.5	358	4.5	96	960	5	0
17/12/2003	09	3	0.4	25	11	14.9	22.1	12.3	48	11	0.5	6	7	89	961	81	0
17/12/2003	10	3	0.5	5	11	15.6	25.6	12.7	19	18	0.5	34	10.5	78	961	147	0
17/12/2003	11	3	0.5	5	12	18.2	22.3	15.1	20	33	0.5	159	13.2	67	960	228	0
17/12/2003	12	3	0.5	3	5	14.4	17.8	11.3	10	44	0.7	152	12.8	65	959	225	0
17/12/2003	13	3	0.5	3	8	12.8	17.5	9.7	13	44	1.2	145	13.9	61	959	279	0
17/12/2003	14	3	0.5	3	7	14.3	20.2	11	12	45	1.3	139	13.2	64	958	215	0
17/12/2003	15	3		3	12	15.6	20.7	12.4	16	41	1.6	137	12.3	68	957	160	0
17/12/2003	16	3	0.5	3	12	15	19.9	11.7	17	40	1.6	142	10.7	79	958	60	0
17/12/2003	17	3	0.6	2	14	16	26	12.4	18	34	0.7	160	8.2	90	958	1	0
17/12/2003	18	3	0.6	3	27	18.4	30.4	14.4	31	23	0.5	212	7.8	94	959	0	0
17/12/2003	19	3	0.6	4	36	25.3	32.7	21.4	42	17	0.5	205	7.3	95	959	0	0
17/12/2003	20	3	0.6	3	10	17.7	22	14.5	14	29	0.6	306	7.3	94	959	0	0
17/12/2003	21	3	0.5	12	30	17.1	20.7	13.8	47	12	0.6	348	7.3	95	959	0	0
17/12/2003	22	3	0.5	10	34	21.4	25.4	17.2	50	11	0.5	4	7.6	94	959	0	0
17/12/2003	23	3	0.5	3	23	13.9	16.6	10.7	27	19	0.5	328	7.7	94	959	0	0
18/12/2003	00	3	0.5	5	14	14.1	15.9	11.1	21	21	0.5	326	7.5	94	959	0	0
18/12/2003	01	3	0.5	3	14	12.2	13.8	9.6	18	23	0.5	3	7.5	95	958	0	0
18/12/2003	02	3	0.5	3	15	9.8	11.9	7.2	19	26	0.5	351	7.5	95	958	0	0
18/12/2003	03	3	0.5	3	7	10	11.9	7.5	11	26	0.5	347	7.5	94	958	0	0
18/12/2003	04	3	0.5	3	12	10.2	12.5	7.5	16	23	0.5	344	7.5	94	957	0	0
18/12/2003	05	3	0.5	8	15	10.5	12.8	7.9	27	19	0.5	2	7.5	94	957	0	0
18/12/2003	06	3	0.5	3	19	10.5	12.9	8	23	14	0.5	36	7.4	95	957	0	0
18/12/2003	07	3	0.5	6	21	11.4	12.9	8.8	30	17	0.5	327	7.4	94	957	0	0
18/12/2003	08	3	0.5	3	7	11.5	13.3	8.9	11	27	0.5	302	7.4	93	957	3	0
18/12/2003	09	3	0.5	5	7	10.3	11.7	7.9	13	27	0.5	338	8.4	88	957	43	0
18/12/2003	10	3	0.5	5	12	14.4	16.5	11.7	19	24	0.5	172	9.8	82	958	113	0
18/12/2003	11	3	0.6	3	9	13.8	15.8	10.9	14	34	0.5	147	11.4	72	958	144	0
18/12/2003	12	3	0.5	4	16	13.1	16.4	10.2	22	32	0.5	127	11.5	72	957	143	0
18/12/2003	13	3	0.5	4	11	16.6	19.7	13.6	17	35	0.8	144	12	71	956	175	0
18/12/2003	14	3	0.6	6	19	13.6	19	10.5	29	29	0.8	142	11.8	73	956	102	0
18/12/2003	15	3		5	16	12.5	17.6	9.4	23	34	0.7	66	12.1	72	955	131	0
18/12/2003	16	3	0.5	4	12	11.6	18.3	8.4	17	34	0.5	143	11.6	74	956	53	0
18/12/2003	17	3	0.6	6	12	14.8	20.2	11.7	20	27	0.5	321	9.8	83	956	10	0.1
18/12/2003	18	3	0.6	20	10	11	13.3	8.8	41	24	0.9	309	8.6	85	957	0	0
18/12/2003	19	3	0.6	3	4	6.4	6.7	4.8	8	37	1.4	261	9.7	75	958	0	0
18/12/2003	20	3	0.6	3	4	8.3	8.6	6.6	8	35	0.8	287	8.6	79	958	0	0
18/12/2003	21	3	0.6	3	4	3.6	3.7	2.3	8	42	0.9	306	8.4	76	958	0	0
18/12/2003	22	3	0.5	10	12	3	3.5	1.7	28	30	0.7	345	7.6	78	958	0	0
18/12/2003	23	3	0.6	10	13	2.8	5.6	1.4	29	23	0.7	308	5.7	86	958	0	0
19/12/2003	00	3	0.5	17	19	2.9	4	1.6	44	18	1.2	331	5.5	86	958	0	0
19/12/2003	01	3	0.5	13	14	2.8	3.5	1.5	34	22	0.7	327	4.9	88	958	0	0
19/12/2003	02	3	0.5	3	6	3	3.4	1.8	11	39	1.3	9	8.2	69	958	0	0
19/12/2003	03	3	0.5	3	4	3.6	3.7	2.3	7	40	0.6	180	7.5	72	959	0	0
19/12/2003	04	3	0.5	2	5	3.6	4.2	2.2	8	41	2.6	201	8.4	68	958	0	0
19/12/2003	05	3	0.5	3	4	3.8	4.3	2.4	7	43	1.7	345	8.9	65	959	0	0
19/12/2003	06	3	0.5	3	5	3.8	4.1	2.4	9	42	2.1	333	8.7	66	959	0	0
19/12/2003	07	3	0.5	2	7	3.8	4.1	2.3	10	41	1.2	326	8.3	67	959	0	0
19/12/2003	08	3	0.5	3	4	3.8	4.2	2.4	7	44	1.9	235	8.9	64	960	16	0
19/12/2003	09	3	0.5	2	4	4.3	4.9	2.7	8	42	1.5	308	10.5	59	961	57	0
19/12/2003	10	3	0.6	2	4	4.4	5.5	2.8	7	43	1.9	294	11.1	57	961	140	0
19/12/2003	11	3	0.6	3	5	4.8	9.8	2.8	9	42	3.2	313	11.5	56	961	123	0
19/12/2003	12	3	0.6	3	6	4.2	7.2	2.3	10	45	6.4	339	11.4	56	961	71	0
19/12/2003	13	3	0.6	3	7	3.9	5.4	2.2	11	46	7.3	345	11.7	54	960	53	0
19/12/2003	14	3	0.5	3	5	4.1	5.5	2.3	9	47	3.7	342	12.7	51	960	88	0
19/12/2003	15	3		3	9	4.3	5.7	2.6	13	43	4.8	356	16.8	41	959	388	0
19/12/2003	16	3	0.5	6	17	4.5	6	2.8	27	36	2.8	13	15.3	46	959	131	0
19/12/2003	17	3	0.5	4	18	5.5	8.5	3.5	23	32	0.6	151	12.4	56	960	10	0
19/12/2003	18	3	0.5	6	20	4.2	5.1	2.6	30	28	2.3	348	10.7	64	960	0	0
19/12/2003	19	3	0.5	3	14	3.8	4.9	2.3	18	33	2.6	341	10.7	65	961	0	0
19/12/2003	20	3	0.4	3	20	4.1	5.2	2.5	24	25	2.1	344	10.2	70	962	0	0
19/12/2003	21	3	0.4	3	8	4.9	5.5	3.3	12	33	1.2	312	9.9	72	962	0	0
19/12/2003	22	3	0.5	4	9	5	6.1	3.3	15	30	0.9	314	9.6	74	962	0	0
19/12/2003	23	3	0.5	3	8	5.3	6.2	3.6	13	31	1.4	329	8.7	76	962	0	0
20/12/2003	00	3	0.4	4	18	5.9	6.7	4.1	24	25	1	342	8.4	77	963	0	0
20/12/2003	01	3	0.4	4	11	6.9	8.4	4.9	18	22	0.6	322	7.7	81	963	0	0
20/12/2003	02	3	0.4	7	22	7	8.5	5.1	33	15	0.9	7	6.5	86	963	0	0
20/12/2003	03	3	0.4	3	17	9.3	12.4	6.9	21	17	0.6	343	6.4	88	963	0	0
20/12/2003	04	3	0.4	10	15	11.6	13.6	9.2	31	12	0.7	345	5	94	963	0	0
20/12/2003	05	3	0.4	2	6	13.5		11.2	10	18	1.1	346	5.1	97	963	0	0
20/12/2003	06	3	0.4	2	8	10.5		8.5	11	15	0.8	343	4.6	96	963	0	0
20/12/2003	07	3	0.4	3	7	8.7	9.3	7	11	20	1.7	338	5.5	94	963	0	0
20/12/2003	08	3	0.6	25	9	8.7	15	6.7	48	14	0.6	213	5.5	90	963	9	0
20/12/2003	09	3	0.5	5	11	7.7	13	5.8	19	17	0.7	332	10.1	74	964	139	0
20/12/2003	10	3	0.4	4	6	6.9	12.6	5.1	12	21	0.5	16	16.5	52	964	278	0
20/12/2003	11	3	0.6	3	5	6.9	19	4.7	10	32	0.7	153	18.9	44	963	394	0
20/12/2003	12	3	0.6	3	6	8.1	12	6.1	11	42	1.3	133	19.3	43	963	464	0
20/12/2003	13	3	0.8	3	6	8.3	11.1	6.4	11	47	1.9	129	19.6	43	961	478	0
20/12/2003	14	3	0.5	4	6	7.4	9.7	5.5	11	49	1.7	127	19.7	43	961	411	0
20/12/2003	15	3		4	8	9.6	14	7.3	14	44	2	132	18.8	47	960	320	0
20/12/2003	16	3		4	20	15.7	19.7	12.8	27	29	1.6	128	15.7	60	961	122	0
20/12/2003	17	3	0.7	4	28	19.9	25.7	16.6	34	22	1	134	11.2	76	961	10	0
20/12/2003	18	3	0.7	11	33	17.5	21.5	14.4	50	13	0.7	7	8	87	962	0	0
20/12/2003	19	3	0.7	6	26	16.7	19.1	13.9	35	10	1	346	6.3	93	962	0	0
20/12/2003	20	3	0.5	6	24	17.1	19.2	14.4	33	7	0.7	343	5.2	94	962	0	0
20/12/2003	21	3	0.6	8	20	17.8	20.4	15.1	31	9	0.7	340	4.9	95	962	0	0
20/12/2003	22	3	0.6	18	15	18.2	21.2	15.7	42	9	0.6	349	4.6	96	962	0	0
20/12/2003	23	3	0.6	4	9	13.4	15	11.2	14	14	0.9	341	5.5	96	962	0	0
21/12/2003	00	3	0.5	8	14	9.7	13	7.6	25	13	0.7	21	6.6	93	961	0	0
21/12/2003	01	3	0.5	3	7	6.6	7.3	4.9	12	22	0.7	317	6.8	90	961	0	0
21/12/2003	02	3	0.4	3	5	3.9	4.4	2.5	8	29	1.4	327	9.9	73	961	0	0
21/12/2003	03	3	0.4	3	4	3.5	4	2.2	8	30	0.8	322	9.5	73	961	0	0
21/12/2003	04	3	0.4	3	4	2.6	2.7	1.4	8	36	1.6	314	11.5	62	960	0	0
21/12/2003	05	3	0.5	3	4	2.2	2.3	1.1	7	41	1.6	253	12.7	53	959	0	0
21/12/2003	06	3	0.5	3	4	2.3	3	1.2	8	41	1.6	249	12.3	53	959	0	0
21/12/2003	07	3	0.5	3	4	2.4	2.8	1.3	7	41	1.2	262	12.1	51	958	0	0
21/12/2003	08	3	0.5	3	4	2.7	4.5	1.4	7	40	1	281	11.9	50	959	0	0
21/12/2003	09	3	0.5	3	4	6.2	12.7	4.1	8	45	2.6	331	14.3	40	959	48	0
21/12/2003	10	3	0.5	3	6	8.4	12.8	5.9	10	41	3.2	338	16.2	37	959	138	0
21/12/2003	11	3	0.5	3	8	7	20.4	4.2	13	38	1.2	339	16.6	39	960	207	0
21/12/2003	12	3	0.6	4	6	5.6	10.4	3.2	11	44	6	332	21.4	29	958	467	0
21/12/2003	13	3	0.6	4	6	5.8	8.5	3.4	12	47	5.3	337	22.6	27	957	505	0
21/12/2003	14	3	0.3	4	7	5.4	7.8	3.1	13	51	5.8	331	22.5	26	956	427	0
21/12/2003	15	3	0.2	4	6	5.5	7.9	3.1	12	51	5.2	331	22.3	27	955	314	0
21/12/2003	16	3		4	8	5.7	7.9	3.2	13	48	5	330	20.3	30	955	167	0
21/12/2003	17	3	0.5	4	9	6.2	8.8	3.6	14	44	5	335	16.1	39	956	5	0
21/12/2003	18	3	0.7	3	7	10.8	16.6	7.8	11	38	1	322	12.6	53	957	0	0
21/12/2003	19	3	0.7	3	7	7	10.9	4.4	11	25	0.6	330	8.4	70	957	0	0
21/12/2003	20	3	0.7	15	18	7.5	11.6	4.8	41	16	0.8	348	8.2	70	958	0	0
21/12/2003	21	3	0.7	5	16	9.9	15.9	7.1	24	21	0.6	328	8.4	69	958	0	0
21/12/2003	22	3	0.7	4	14	8.4	11.9	5.6	19	25	1	352	9.9	64	958	0	0
21/12/2003	23	3	0.7	2	9	8.1	13	5.3	13	28	0.8	14	10.7	64	958	0	0
22/12/2003	00	3	0.7	3	9	7.5	10.2	4.8	13	28	2	355	9.9	69	958	0	0
22/12/2003	01	3	0.6	3	5	9.6	11.7	6.9	9	30	2.9	358	10.7	69	958	0	0
22/12/2003	02	3	0.6	3	5	12.6	14	10.1	9	30	2.8	338	10.6	69	958	0	0
22/12/2003	03	3	0.6	3	4	10.8	11.8	9	7	36	3.4	334	10	68	958	0	0
22/12/2003	04	3	0.6	2	4	5.7	6.5	4.2	7	44	2.7	342	8.5	67	958	0	0
22/12/2003	05	3	0.7	2	5	3.4	4.9	2	8	45	2.8	359	7.2	66	958	0	0
22/12/2003	06	3	0.7	3	6	3	3.6	1.7	10	42	1.5	9	6.2	68	958	0	0
22/12/2003	07	3	0.7	3	8	2.1	2.8	0.9	12	44	2.8	340	5.7	63	959	0	0
22/12/2003	08	3	0.6	2	4	1.9	2.8	0.8	7	48	2.7	326	6	59	959	8	0
22/12/2003	09	3	0.5	3	7	2.1	3.8	0.9	11	43	2.7	327	9.2	49	960	165	0
22/12/2003	12	3	0.5	4	6	4	18.8	2.1	11	42	10.4	14	10.1	37	959	256	0
22/12/2003	13	3	0.6	3	5	3.2	12.1	1.6	10	44	11.5	348	12.2	31	959	485	0
22/12/2003	14	3	0.6	3	7	2.9	8.5	1.3	12	42	9.5	345	11.6	34	959	393	0
22/12/2003	15	3	0.6	3	5	2.9	8.2	1.3	10	43	11.1	350	10.4	35	960	296	0
22/12/2003	23	3	0.4	2	5	3.8	5.4	2	9	46	7.8	336	2.1	54	965	0	0
23/12/2003	00	3	0.4	3	4	3.8	7.4	2.1	8	48	13.3	338	2.6	51	964	0	0
23/12/2003	01	3	0.3	2	4	3.5	7.8	1.8	6	49	15.3	340	2.7	47	963	0	0
23/12/2003	02	3	0.3	2	4	3.5	8	1.7	6	50	14.8	335	2.5	45	963	0	0
23/12/2003	03	3	0.3	2	4	3.3	5.1	1.7	6	50	6.1	1	2.1	46	964	0	0
23/12/2003	04	3	0.3	2	4	3.4	4.5	1.7	6	49	2	166	1.8	50	965	0	0
23/12/2003	05	3	0.3	2	4	3.5	4.8	1.8	7	46	4.1	150	1.8	54	965	0	0
23/12/2003	06	3	0.3	3	5	3.5	5	1.8	8	44	5.6	17	1.8	55	965	0	0
23/12/2003	07	3	0.3	3	7	3.7	5.3	2	11	43	5	14	1.5	56	965	0	0
23/12/2003	08	3	0.3	2	4	3.8	5.2	2.1	7	45	2.4	25	1.7	54	966	11	0
23/12/2003	09	3	0.4	2	4	3.9	5.3	2.1	6	47	2.2	202	3.9	46	966	133	0
23/12/2003	10	3	0.4	3	6	3.8	5.1	2.1	10	47	3.7	339	7.7	36	966	309	0
23/12/2003	11	3	0.4	3	4	3.6	5.5	2	9	47	6.2	343	8.3	36	966	396	0
23/12/2003	12	3	0.5	3	5	3.3	4.6	1.8	10	50	8.9	342	8.2	35	965	424	0
23/12/2003	13	3	0.5	4	6	3.7	7.7	1.9	12	51	9.6	335	9	32	963	436	0
23/12/2003	14	3	0.5	3	6	3.9	7.8	2.1	10	50	10.1	333	9.9	33	962	431	0
23/12/2003	15	3	0.5	3	7	4.1	9.7	2.1	12	50	9.5	328	10.2	33	961	331	0
23/12/2003	16	3	0.5	3	7	3.4	4.9	1.9	12	51	9.1	317	9.3	36	962	161	0
23/12/2003	17	3	0.5	4	10	3.6	4.7	2.1	15	47	9.7	330	6	47	963	1	0
23/12/2003	18	3	0.5	2	7	3.3	4.2	1.9	11	47	9.2	329	5.3	51	964	0	0
23/12/2003	19	3	0.5	2	7	3.1	5.7	1.6	10	44	11.5	337	5.1	54	964	0	0
23/12/2003	20	3		2	5	3	4.9	1.6	9	43	10.9	338	4.9	57	964	0	0
23/12/2003	21	3	0.5	2	5	2.9	4.2	1.5	9	43	11.8	332	4.9	57	963	0	0
23/12/2003	22	3	0.5	2	4	3	3.8	1.6	7	42	10.9	337	4.6	58	963	0	0
23/12/2003	23	3	0.5	2	4	2.8	3.2	1.5	7	41	10.1	335	4.5	61	963	0	0
24/12/2003	00	3	0.5	2	4	2.8	3.7	1.5	6	40	9.9	333	4.6	61	963	0	0
24/12/2003	01	3	0.4	2	4	2.4	2.5	1.2	6	40	9.5	338	4.7	62	963	0	0
24/12/2003	02					2.3	2.4	1.1			10.6	341	4.8	64		0	0
24/12/2003	07	3	0.1	2	6	1.8	1.9	0.8	9		8.1	336	5.9	67	964	0	0
24/12/2003	08	3	0.1	2	4	1.9	2.1	0.9	8		9	337	6.7	66	964	11	0
24/12/2003	10	3	0.1	3	5	1.7	3	0.7	9	41	3.2	320	13.8	46	963	291	0
24/12/2003	11	3	0.1	3	7	1.5	2	0.6	12	42	9.1	318	13.9	48	962	413	0
24/12/2003	12	3	0.1	4	7	1.8	3.3	0.7	12	42	7.7	335	14.9	47	962	483	0
24/12/2003	13	3	0.1	4	5	1.6	1.9	0.7	10	44	7.1	342	15.8	45	961	511	0
24/12/2003	14	3	0.1	4	5	1.6	1.9	0.7	10	47	5.9	341	17.2	41	961	477	0
24/12/2003	15	3	0.1	4	6	1.7	2	0.8	11	49	7	328	16.3	43	961	338	0
24/12/2003	16	3	0.1	4	6	1.7	2.1	0.8	11	48	5.8	339	15.4	45	961	192	0
24/12/2003	17	3	0.1	3	10	2.7	3.7	1.5	15	41	3	4	11.9	57	961	13	0
24/12/2003	18					6.1	9.2	4.2			1.4	122	9.3	66		0	0
24/12/2003	19	3	0.5	3	20	6.6	11.5	4.6	25	24	0.9	347	5.8	81	963	0	0
24/12/2003	20	3	0.5	3	16	8	10.2	6.2	21	20	0.8	337	3.6	89	964	0	0
24/12/2003	21	3	0.6	4	15	7.7	9.5	5.9	20	19	0.9	340	2.9	92	965	0	0
24/12/2003	22	3	0.5	3	9	8.6	11.1	6.7	13	23	0.8	342	3	93	965	0	0
24/12/2003	23	3	0.5	2	6	6.4	9.7	4.6	10	21	0.6	334	2.2	93	965	0	0
25/12/2003	00	3	0.5	2	8	5	6.7	3.5	11	24	0.6	346	2.5	93	965	0	0
25/12/2003	01	3	0.6	2	5	5	5.5	3.6	8	30	1	164	3.8	89	965	0	0
25/12/2003	02	3	0.5	3	4	2.8	3.2	1.6	7	33	0.8	310	5.1	82	965	0	0
25/12/2003	03	3	0.5	2	4	2.1	2.7	1	7	31	0.5	315	3.9	85	965	0	0
25/12/2003	04	3	0.5	2	4	2.2	2.7	1.1	7	32	1.4	311	4	86	965	0	0
25/12/2003	05	3	0.5	2	4	2.5	2.8	1.3	7	29	1	352	3.5	85	965	0	0
25/12/2003	06	3	0.5	2	4	1.9	2.1	0.8	7	31	1.2	304	3.1	86	965	0	0
25/12/2003	07	3	0.5	2	4	1.9	2.2	0.9	8	30	0.9	330	3.2	84	965	0	0
25/12/2003	08	3	0.5	3	6	2.3	3.1	1.2	10	27	0.6	336	2.9	83	965	10	0
25/12/2003	09	3	0.5	4	9	3.9	4.9	2.6	16	23	0.6	18	7.1	67	965	137	0
25/12/2003	10	3	0.5	3	4	2.4	2.9	1.3	7	29	0.5	154	13.7	46	965	293	0
25/12/2003	11	3	0.6	3	4	3.8	5.3	2.4	8	37	0.6	161	17.1	37	965	416	0
25/12/2003	12	3	0.6	3	4	3.8	5.4	2.4	9	43	1.2	143	17.2	39	963	485	0
25/12/2003	13	3	0.6	3	5	4	7.1	2.5	10	48	1	140	18.3	37	962	500	0
25/12/2003	14	3	0.6	4	5	4.1	5.3	2.7	10	49	1.2	122	18.8	38	961	446	0
25/12/2003	15	3	0.7	4	4	3.6	4.4	2.2	10	49	1.3	157	19	37	961	338	0
25/12/2003	16	3	0.7	3	5	3.5	4.3	2.1	10	48	1	156	16.9	43	961	157	0
25/12/2003	17	3	0.8	3	7	7.9	11.3	6.2	12	35	0.5	212	10	67	961	4	0
25/12/2003	18	3		4	23	7.2	10.4	5.3	29	17	0.7	352	5.9	85	962	0	0
25/12/2003	19	3	0.7	4	25	8.8	10.1	7	30	15	1.4	346	4.2	92	963	0	0
25/12/2003	20	3	0.6	11	23	7.9	9.2	6.2	40	10	0.6	329	3.2	91	963	0	0
25/12/2003	21	3	0.6	7	20	6.1	7.1	4.5	30	11	0.8	348	2.5	94	963	0	0
25/12/2003	22	3	0.6	20	17	5.8	6.9	4.2	47	10	0.6	333	1.8	94	963	0	0
25/12/2003	23	3	0.6	9	16	5.4	6.6	3.8	30	12	0.7	324	1.4	95	963	0	0
26/12/2003	00	3	0.5	3	13	5.3	6.5	3.7	18	15	0.6	324	1.6	95	963	0	0
26/12/2003	01	3	0.5	3	6	4	5.1	2.6	11	18	0.6	341	1.2	94	962	0	0
26/12/2003	02	3	0.5	4	7	3.3	4.3	2	13	16	0.8	345	0.8	94	962	0	0
26/12/2003	03	3	0.5	3	7	3.3	4.1	1.9	13	17	0.8	355	0.7	94	962	0	0
26/12/2003	04	3	0.5	2	5	3.1	4.5	1.7	9	19	0.8	346	0.3	94	962	0	0
26/12/2003	05	3	0.5	3	5	2.5	4.7	1.3	9	21	0.7	336	0.3	92	961	0	0.1
26/12/2003	06	3	0.5	3	7	2.3	3.1	1.2	11	20	0.5	338	0	91	961	0	0.1
26/12/2003	07	3	0.5	10	14	2.9	4.3	1.6	29	16	0.7	350	-.2	90	961	0	0
26/12/2003	08	3	0.5	23	16	3.5	6.2	2	52	14	0.6	359	-.2	91	961	5	0
26/12/2003	09	3	0.5	28	22	4.3	7.5	2.7	64	12	0.6	344	3.9	76	961	106	0
26/12/2003	10	3	0.7	21	19	11.7	17.7	9.1	51	19	0.5	131	11.2	50	961	225	0
26/12/2003	11	3	0.7	3	6	6.8	11.3	5	11	32	0.6	144	16	37	960	398	0
26/12/2003	12	3	0.7	3	5	5.8	7.3	4.3	9	44	0.6	164	19.7	28	958	500	0
26/12/2003	13	3	0.8	3	5	6	8.4	4.4	11	55	1	144	19.1	27	956	483	0
26/12/2003	14	3	0.8	4	6	8	11.5	6.2	12	52	1.9	141	17.7	33	955	436	0
26/12/2003	15	3	0.8	4	8	8	11	6.2	13	46	2	138	16.8	37	955	343	0
26/12/2003	16	3	0.8	3	14	9.9	15.3	7.9	19	37	1.6	134	14.4	46	955	143	0
26/12/2003	17	3	0.9	3	27	12.7	22	10.3	32	26	0.8	138	8.7	65	956	4	0
26/12/2003	18	3		15	42	18.7	29.8	15.7	64	10	0.8	158	5.1	80	957	0	0
26/12/2003	19	3	0.6	15	35	16	22.8	13.3	59	8	1	343	3	88	957	0	0
26/12/2003	20	3	0.6	23	33	12.9	16.9	10.6	67	6	0.9	340	1.9	92	957	0	0
26/12/2003	21	3	0.7	19	31	14.5	17.9	12.2	61	7	0.6	215	1	93	958	0	0
26/12/2003	22	3	0.7	19	23	15.4	19.5	13.1	52	9	0.6	342	0.8	94	957	0	0
26/12/2003	23	3	0.6	15	22	12.3	14.1	10.1	45	10	0.7	27	1	92	957	0	0
27/12/2003	00	3	0.5	4	7	4.8	6.8	3.3	13	27	1.2	314	3.1	71	957	0	0
27/12/2003	01	3	0.5	2	4	3.5	4.2	2.2	7	34	1.6	308	3.9	62	957	0	0
27/12/2003	02	3	0.5	2	6	3.7	4.1	2.3	9	33	0.9	350	3.6	63	957	0	0
27/12/2003	03	3	0.5	3	4	3.5	4.1	2.2	7	38	2.1	317	5.6	56	957	0	0
27/12/2003	04	3	0.4	2	4	4.5	5	3	7	37	2.4	336	6.1	57	956	0	0
27/12/2003	05	3	0.5	3	4	4.9	5.7	3.4	8	34	1.1	315	4.5	65	955	0	0
27/12/2003	06	3	0.5	2	4	5.9	6.6	4.4	7	35	2.1	332	5.7	62	955	0	0
27/12/2003	07	3	0.5	2	4	6.1	6.7	4.5	8	34	0.9	310	5	65	955	0	0
27/12/2003	08	3	0.5	2	4	6.4	7.5	4.8	8	32	0.8	294	5	67	955	0	0
27/12/2003	09	3	0.6	4	8	8	10.3	6.2	13	30	0.8	325	8.2	58	955	112	0
27/12/2003	10	3	0.5	3	6	6.5	8.5	4.7	11	36	4.1	341	13.8	44	955	290	0
27/12/2003	11	3	0.5	3	6	6.2	7.8	4.5	11	40	3.7	342	15.8	40	955	397	0
27/12/2003	12	3	0.5	3	6	6	9.5	4.3	11	44	3.6	344	17.4	35	953	474	0
27/12/2003	13	3	0.6	3	6	7	8.3	5.3	11	47	2.5	343	18.7	32	952	496	0
27/12/2003	14	3	0.7	3	5	6.3	7.6	4.6	11	50	1.3	332	19.1	32	952	393	0
27/12/2003	15	3	0.7	4	11	8.6	13	6.6	16	43	1.4	24	17.6	38	952	290	0
27/12/2003	16	3	0.7	4	19	11.9	17.6	9.5	25	32	1.2	127	13	54	951	86	0
28/12/2003	01	3	0.5	3	4	8.3	10.3	6.3	8	38	1.1	220	9.6	60	948	0	0
28/12/2003	02	3	0.5	4	6	7.8	9.7	5.9	11	38	1.1	310	9.6	60	947	0	0
28/12/2003	03	3	0.5	3	4	8.2	10.5	6.1	8	41	2.5	284	9.9	60	947	0	0
28/12/2003	04	3	0.4	3	4	7.5	10.6	5.6	8	41	3.3	304	9.8	62	946	0	0
28/12/2003	05	3	0.4	3	4	6.5	6.9	4.9	8	40	2.1	298	9.7	61	946	0	0
28/12/2003	06	3	0.4	3	4	6.4	6.6	4.7	7	39	2.5	278	9.6	61	945	0	0
28/12/2003	07	3	0.4	3	4	5.4	5.7	3.9	8	40	2.9	262	9.8	60	945	0	0
28/12/2003	08	3	0.4	3	4	6.1	6.2	4.6	7	37	3.3	259	9.2	66	945	0	0
28/12/2003	09	3	0.5	3	4	4	4.4	2.7	8	33	2.1	312	8.8	72	946	48	0.2
28/12/2003	10	3	0.5	3	4	2.6	2.8	1.4	8	39	8	336	9	63	945	144	0
28/12/2003	11	3	0.5	3	5	3.7	4.4	2.3	9	42	11	330	10.1	50	946	286	0
28/12/2003	12	3	0.5	3	6	4.1	6.9	2.6	10	45	11.7	326	11.9	42	946	491	0
28/12/2003	13	3	0.5	3	5	3	4.4	1.7	9	48	11.1	329	12.1	39	946	502	0
28/12/2003	14	3	0.5	3	4	2.2	3.7	1	9	48	11.8	333	11.2	43	947	389	0
28/12/2003	15	3	0.5	3	4	2.1	5.4	0.9	8	49	13.7	333	9.5	45	947	197	0
28/12/2003	16	3	0.5	3	5	2.5	9.7	1.1	9	50	14.9	331	9.8	39	947	170	0
28/12/2003	17	3	0.5	3	5	2.5	7.6	1.1	9	49	14.9	330	7.7	41	948	2	0
28/12/2003	18	3	0.5	3	4	2.6	5.4	1.2	9	46	15.7	336	6.8	47	949	0	0
28/12/2003	19	3		3	5	2.7	5.1	1.3	9	47	14.8	334	6	48	950	0	0
28/12/2003	20	3	0.4	3	5	2.5	3.9	1.2	8	44	12.7	330	5.6	52	951	0	0
28/12/2003	21	3	0.5	3	4	2.7	4.3	1.3	7	43	12.3	331	5.3	54	952	0	0
28/12/2003	22	3	0.5	2	4	2.2	2.9	1	7	42	10.6	320	5	57	953	0	0
28/12/2003	23	3	0.4	2	4	2.3	3.8	1	7	43	13.5	320	4.9	56	952	0	0
29/12/2003	00	3	0.4	2	4	2.1	2.8	0.9	7	41	12.3	320	4.7	57	952	0	0
29/12/2003	01	3	0.4	2	4	2.4	2.7	1.1	7	41	3.5	313	3.7	61	954	0	0
29/12/2003	02	3	0.4	2	4	2.2	3.1	1	6	41	2.1	319	3.5	62	955	0	0
29/12/2003	03	3	0.4	3	4	2.1	2.7	0.9	7	41	2.2	309	3.8	60	956	0	0
29/12/2003	04	3	0.4	2	4	2.1	2.4	0.9	6	41	1.2	294	4.2	60	956	0	0
29/12/2003	05	3	0.4	2	4	2	2.5	0.9	6	41	1.8	324	3.6	61	955	0	0
29/12/2003	06	3	0.4	2	4	2	2.6	0.9	7	41	1.6	317	3.5	62	955	0	0
29/12/2003	07	3	0.4	2	4	2.1	2.7	0.9	7	40	2.6	333	3.6	59	955	0	0
29/12/2003	08	3	0.4	2	4	2.3	3.5	1	7	39	2.3	341	4.1	58	955	10	0
29/12/2003	09	3	0.4	2	4	2	2.8	0.9	7	40	7.6	341	7	50	955	166	0
29/12/2003	10	3	0.4	3	4	2.1	2.6	1	7	41	11	341	8.5	46	955	273	0
29/12/2003	11					2.8	3.5	1.5		30	5.1	339	8.6	45	955	178	0
29/12/2003	12	8	0.5	3	8	2.5	3	1.3	13	33	5.2	337	9.2	41	954	194	0
29/12/2003	13	8	0.6	5	15	2.8	3.3	1.4	22	27	4.1	338	9.7	41	953	146	0
29/12/2003	14	8	0.6	4	12	3.8	4.6	2.4	18	28	3.3	339	10.3	40	952	148	0
29/12/2003	15	9	0.6	5	16	3.5	5.7	2.1	23	25	1.9	4	10.3	42	951	102	0
29/12/2003	16	8	0.6	4	13	3.6	4.9	2.2	19	25	2.8	329	9.2	55	951	39	0
29/12/2003	17	8	0.6	3	6	4.7	5.8	3.3	10	29	1.9	216	8.9	54	951	3	0
29/12/2003	18	9	0.7	8	24	6.2	8	4.6	35	19	1.1	354	8.3	56	950	0	0
29/12/2003	19	8		3	7	4.1	5.3	2.7	12	27	2.1	329	8.9	57	950	0	0
29/12/2003	20	8	0.6	3	6	3.5	5.3	2.1	10	28	5.7	333	9.6	54	950	0	0
29/12/2003	21	8	0.6	3	4	2.7	3.6	1.4	9	29	6.3	330	10.3	52	950	0	0
29/12/2003	22	8	0.6	3	4	2.5	2.9	1.3	8	28	6	331	10.1	53	950	0	0
29/12/2003	23	8	0.6	3	4	2.3	2.5	1.2	8	27	4.4	333	9.8	56	950	0	0
30/12/2003	00	7	0.6	3	4	2.2	2.3	1.1	8	28	2.4	334	9.7	56	950	0	0
30/12/2003	01	7	0.5	3	4	2.4	2.6	1.3	8	28	1.5	304	9.2	59	950	0	0
30/12/2003	02	6	0.6	3	4	2.8	2.9	1.6	8	27	2.8	329	9	60	950	0	0
30/12/2003	12					3.7	7.2	2.1			6.4	340	11.9	42		125	0
30/12/2003	13	5	0.1	2	5	3.4	7.3	1.7	8		10.3	330	14.7	34	953	393	0
30/12/2003	14	5	0.1	2	5	3.1	5.8	1.6	8	38	9.1	327	16.2	30	952	426	0
30/12/2003	15	4	0.1	2	5	2.5	3.6	1.2	8	38	7.3	335	14.4	34	952	179	0
30/12/2003	16	4	0.1	2	5	3	9.6	1.5	9	36	6.3	335	14.1	35	953	135	0
30/12/2003	17	4	0.1	2	11	4.3	10.9	2.5	14	29	3.5	338	11.1	46	953	3	0
30/12/2003	18	4	0.1	2	8	3.9	6.2	2.2	11	28	3.3	340	9.9	51	954	0	0
30/12/2003	19	4	0.1	2	7	3.8	6	2.1	10	28	3.4	336	9.2	53	954	0	0
30/12/2003	20	4	0.1	2	8	4.4	6.4	2.5	11	28	6.2	331	9	53	954	0	0
30/12/2003	21	4	0.1	2	5	4.6	7.1	2.8	7	28	9.3	326	9.1	55	954	0	0
30/12/2003	22	4	0.1	2	4	4.5	7.6	2.7	7	27	9.6	321	9.3	58	954	0	0
30/12/2003	23	4	0.1	2	4	4.3	5.9	2.6	6	24	9.3	331	9.2	64	954	0	0
31/12/2003	00	4	0.1	2	4	3.9	4.2	2.3	6	25	3	338	8.7	66	955	0	0
31/12/2003	01	4	0.1	2	4	4	4.4	2.4	6	24	2.5	331	8.6	68	955	0	0
31/12/2003	02	4	0.1	3	5	4.4	4.7	2.8	8	22	1.6	320	8.4	69	955	0	0
31/12/2003	03	4	0.1	3	5	4.3	4.4	2.9	8	21	1.6	324	8.8	71	955	0	0
31/12/2003	04	4	0.1	2	5	4.5	4.8	3.1	7	21	2.6	342	8.4	69	955	0	0
31/12/2003	05	4	0.1	2	4	4.6	4.7	3.2	6	25	2.7	333	8.1	65	955	0	0
31/12/2003	06	4	0.1	2	4	5.1	5.5	3.6	6	23	1.4	313	7.5	68	955	0	0
31/12/2003	07	4	0.1	2	4	5.5	6.2	4	7	20	1.1	318	7.2	71	955	0	0
31/12/2003	08	3	0.1	2	6	6.2	7.3	4.7	10	19	1.9	338	8.1	69	955	1	0
31/12/2003	09	3	0.1	2	6	6.3	7.3	4.8	9	21	3	328	9.7	63	956	51	0
31/12/2003	10	4	0.1	2	5	4.9	6.3	3.4	8	26	6.7	341	12.2	51	956	163	0
31/12/2003	11	4	0.1	3	5	4.5	9.5	2.8	8	32	10.3	333	13.3	43	955	298	0
31/12/2003	12	4		2	4	3.6	13.3	2	7	38	13.3	315	14.8	35	953	497	0.1
31/12/2003	13	4	0.4	2	4	3.3	12.6	1.7	7	40	14.9	317	14.7	33	952	510	0.1
31/12/2003	14	4	0.4	3	4	2.7	8.3	1.3	7	41	13.7	320	14.8	33	952	458	0
31/12/2003	15	4	0.4	2	4	2.6	8.6	1.2	7	43	15	304	13.8	33	952	355	0
31/12/2003	16	3	0.4	2	4	2.5	5.1	1.2	7	41	13.3	324	12.3	35	954	192	0
31/12/2003	17	3	0.4	2	4	2.3	3.8	1.1	7	39	12.8	322	9.3	42	954	5	0
31/12/2003	18	3	0.4	2	4	2.3	4	1.1	6	39	14.4	324	8	41	955	0	0
31/12/2003	19	3	0.4	2	4	2.5	5.9	1.2	6	39	16.1	330	7.3	43	955	0	0
31/12/2003	20	3	0.4	2	4	2.5	3.8	1.3	6	35	14.3	335	6.7	48	955	0	0.2
31/12/2003	21	3	0.4	2	4	2.7	4.4	1.4	6	36	12.1	335	6.4	46	956	0	0
31/12/2003	22	3	0.5	2	4	3.7	4.5	2.3	6	36	2	36	5.2	49	958	0	0
31/12/2003	23	3	0.5	2	4	3.2	4.3	1.8	6	34	2.5	316	4.1	53	958	0	0
