Red: Red de Vigilancia y Control de la Contaminación Atmosférica
Estación: 12053002-Xilxes UM Polígono
	
FECHA	HORA	PM2.5	PM1	C8H10	NH3	H2S	Veloc.	Direc.	Temp.	H.Rel.	Pres.	R.Sol.	Precip.	C7H8	C6H6	SO2	CO	NO	NO2	PM10	NOx	O3
		µg/m³	µg/m³	µg/m³	µg/m³N	µg/m³N	m/s	grados	°C	% H.R.	mb	W/m²	l/m²	µg/m³	µg/m³	µg/m³	mg/m³	µg/m³	µg/m³	µg/m³	µg/m³	µg/m³
31/08/2023	13												0									
31/08/2023	14			0	2	3	5,8	133	28	60	1018	892	0	0	0		0,11	27	40		81	52
31/08/2023	15			0	2	3	5,7	129	27,7	61	1018	758	0	0	0		0,14	14	29		50	61
31/08/2023	16			0	2	3	5	124	27,7	62	1017	565	0	0	0		0,11	9	22		35	60
31/08/2023	17			0	1	3	4,2	116	27,8	63	1017	370	0	0	0		0,1	6	16		24	76
31/08/2023	18			0	1	3	3,3	117	27,9	58	1018	152	0	0	0		0,1	2	10		13	83
31/08/2023	19			0	1	4	2	107	26,5	62	1019	10	0	0	0		0,1	1	14		15	84
31/08/2023	20			0	1	4	0,9	75	25	75	1020	0	0	0	0		0,1	1	19		20	80
31/08/2023	21			0	1	4	1	32	24,8	83	1020	0	0	0	0		0,1	2	13		15	75
31/08/2023	22			0	1	4	1,4	352	24,3	81	1020	0	0	0	0		0,1	1	13		15	71
31/08/2023	23			0	1	4	1,1	331	24,3	85	1020	0	0	0	0		0,13	2	20		23	60
01/09/2023	00			0	1	4	1,3	313	23,8	87	1020	0	0	0	0		0,11	3	15		19	58
01/09/2023	01			0	1	1	1,9	315	23,3	90	1020	0	0	0	0		0,12	2	16		19	55
01/09/2023	02			0	1	1	2,4	320	23,3	93	1020	0	0	0	0		0,12	2	13		16	57
01/09/2023	03			0	1	1	2	314	22,8	97	1019	0	0	0	0		0,11	1	13		15	53
01/09/2023	04			0	1	1	2	320	22,4	98	1019	0	0	0	0		0,11	4	15		21	44
01/09/2023	05			0	1	1	1,7	344	22,2	99	1019	0	0	0	0		0,14	2	30		33	29
01/09/2023	06			0	1	1	0,9	351	22	98	1019	8	0	0	0		0,13	4	34		39	23
01/09/2023	07			0	2	2	0,3	231	24,1	87	1019	70	0	0	0		0,14	24	36		72	22
01/09/2023	08			0	1	1	1,9	35	26,9	74	1019	331	0	0	0		0,13	3	15		19	59
01/09/2023	09			0	1	1	1,3	62	27,9	72	1019	449	0	0	0		0,13	3	13		18	71
01/09/2023	10			0	3	1	3,8	115	28,3	71	1019	536	0	0	0		0,15	8	16		27	74
01/09/2023	11			0	11	1	4,8	134	28	73	1019	638	0	0	0		0,21	17	38		64	61
01/09/2023	12			0	1	1	6,1	129	28,1	74	1018	908	0	0	0		0,19	13	38		57	71
01/09/2023	13			0	1	1	6,3	136	27,6	76	1018	914	0	0	0		0,21	14	42		64	76
01/09/2023	14			0	2	1	5,9	129	27,7	79	1017	822	0	0	0		0,18	11	33		50	75
01/09/2023	15			0	2	1	5,7	133	27,5	80	1016	544	0	0	0		0,21	16	38		62	62
01/09/2023	16			0	2	1	5,8	133	27,5	77	1016	529	0	0	0		0,16	19	41		70	59
01/09/2023	17			0	1	1	4,8	128	26,6	80	1016	142	0	0	0		0,14	10	32		46	56
01/09/2023	18			0	1	1	4	112	26,5	81	1017	76	0	0	0		0,13	1	13		15	71
01/09/2023	19			0	1	1	2,1	89	25,6	85	1017	4	0	0	0		0,12	1	10		12	61
01/09/2023	20			0	1	1	1,1	78	24,9	89	1018	0	0	0	0		0,12	2	12		14	59
01/09/2023	21			0	1	1	1,2	37	24,7	90	1018	0	0	0	0		0,11	1	11		13	54
01/09/2023	22			0	1	1	1,3	3	24,4	93	1018	0	0	0	0		0,11	1	13		14	46
01/09/2023	23			0	1	1	1,7	6	24,1	96	1018	0	0	0	0		0,1	1	11		12	49
02/09/2023	00			0	1	1	1,9	10	23,6	99	1018	0	0	0	0		0,11	1	12		13	43
02/09/2023	01			0	1	2	1,8	8	23,2	100	1017	0	0	0	0	2	0,11	1	12		13	40
02/09/2023	02			0	1	2	2,4	7	23,1	100	1016	0	0	0	0	2	0,12	1	12		13	37
02/09/2023	03			0	1	2	1,8	357	23,3	99	1016	0	0	0	0	13	0,12	2	15		18	39
02/09/2023	04			0	1	4	1,3	346	22,2	100	1017	0	0	0	0	7	0,11	1	13		15	25
02/09/2023	05			0	1	3	2	354	22,1	100	1016	0	0	0	0	5	0,11	2	26		28	16
02/09/2023	06			0	1	2	3,1	343	23,3	92	1016	4	0	0	0	29	0,11	2	19		23	41
02/09/2023	07			0	1	2	2,6	4	23,3	91	1017	30	0	0	0	12	0,11	2	14		16	46
02/09/2023	08			0	1	2	3	356	23,9	85	1017	89	0	0	0	6	0,11	2	15		18	45
02/09/2023	09			0	1	2	2	12	24,8	83	1017	134	0	0	0	5	0,12	2	15		18	50
02/09/2023	10			0	1	2	3,3	6	24,6	83	1017	94	0	0	0	6	0,14	3	18		23	46
02/09/2023	11			0	2	3	4,7	114	21,9	95	1017	12	4,1	0	0	27	0,11					67
02/09/2023	12			0	1	2	3,9	311	19,3	100	1018	84	2,1	0	0	14	0,11					79
02/09/2023	13			0	1	2	6,9	349	20,2	100	1018	467	0,2	0	0	7	0,13					73
02/09/2023	14			0	1	2	6,2	347	22,3	91	1017	659	0	0	0	6	0,12					78
02/09/2023	15			0	1	2	7,7	340	23,2	79	1017	742	0	0	0	6	0,16					77
02/09/2023	16			0	1	2	8,3	341	23,4	78	1017	334	0,1	0	0	10	0,16					74
02/09/2023	17			0	1	2	9,1	340	23,8	74	1016	421	0	0	0	9	0,16					75
02/09/2023	18			0	1	2	4,4	6	23,8	74	1016	115	0	0	0	5	0,19					75
02/09/2023	19			0	1	2	3,4	6	22,7	80	1016	7	0	0	0	2	0,17					67
02/09/2023	20			0	1	2	2,7	5	22	83	1018	0	0	0	0	2	0,17					59
02/09/2023	21			0	1	2	3	355	22	81	1018	0	0	0	0	2	0,19					51
02/09/2023	22			0	1	3	4,2	349	22,1	79	1017	0	0	0	0	2	0,18					59
02/09/2023	23			0	1	2	2,8	8	22,2	80	1018	0	0	0	0	2	0,2					53
03/09/2023	00			0	1	3	3,5	353	21,6	89	1019	0	0	0	0	2	0,19					48
03/09/2023	01			0	1	3	6,9	339	20,6	100	1018	1	1,3	0	0	2	0,23					55
03/09/2023	02			0	1	4	8	340	20,4	100	1019	1	1,8	0	0	3	0,22					58
03/09/2023	03			0	1	4	6,4	339	20,4	100	1019	1	2,7	0	0	32	0,21					53
03/09/2023	04			0	1	4	6,5	343	20,1	100	1017	1	1,8	0	0	8	0,2					57
03/09/2023	05			0	1	4	5,3	346	20,7	100	1018	1	0,1	0	0	6	0,21					52
03/09/2023	06			0	1	4	5,8	340	21,5	100	1018	2	0	0	0	14	0,2					60
03/09/2023	07			0	1	4	7	337	22,6	93	1019	5	0	0	0	10	0,19					73
03/09/2023	08			0	1	4	11,5	340	21,4	100	1018	38	1,3	0	0	8	0,19					75
03/09/2023	09			0	1	4	8,4	346	22,5	100	1017	208	0	0	0	6	0,2					71
03/09/2023	10			0	1	4	6	346	22,9	100	1018	300	0,6	0	0	5	0,22					60
03/09/2023	11			0	1	4	6,5	1	23,9	100	1018	326	0	0	0	5	0,22					66
03/09/2023	12			0	1	4	9	19	24,5	100	1017	255	0	0	0	4	0,24					72
03/09/2023	13			0	1	4	11,5	27	24,7	100	1018	355	0,1	0	0	4	0,24					79
03/09/2023	14			0	1	4	10,6	21	24,3	96	1018	165	0	0	0	5	0,22					80
03/09/2023	15			0	1	4	10,2	19	24,3	98	1017	117	0	0	0	6	0,23					81
03/09/2023	16			0	1	4	9,4	14	23,9	100	1017	76	0	0	0	5	0,22					81
03/09/2023	17			0	1	4	9,3	15	24,2	100	1017	37	0	0	0	4	0,22					81
03/09/2023	18			0	1	4	8,9	11	24,3	97	1017	19	0	0	0	4	0,23					79
03/09/2023	19			0	1	4	8,8	15	24,5	95	1017	3	0	0	0	4	0,21					76
03/09/2023	20			0	1	4	8,6	13	24,5	96	1017	1	0	0	0	4	0,21					74
03/09/2023	21			0	1	4	8	12	24,4	95	1017	1	0	0	0	3	0,2					68
03/09/2023	22			0	1	4	6,6	11	24,3	94	1017	1	0	0	0	4	0,2					66
03/09/2023	23			0	1	4	7,6	10	24,5	92	1017	1	0	0	0	4	0,21					68
04/09/2023	00			0	1	4	5,9	7	24,3	90	1017	1	0	0	0	3	0,2					60
04/09/2023	01			0	1	2	5,5	358	24,3	87	1017	1	0	0	0	1	0,2					60
04/09/2023	02			0	1	2	5,5	0	24,3	85	1017	1	0	0	0	1	0,23					55
04/09/2023	03			0	1	1	5,6	351	24,4	82	1016	1	0	0	0	1	0,2					61
04/09/2023	04			0	1	1	5,1	357	24,3	81	1016	1	0	0	0	1	0,2					60
04/09/2023	05			0	1	1	5,4	355	24,3	82	1016	1	0	0	0	1	0,21					60
04/09/2023	06			0	1	2	5,7	344	24,5	79	1017	1	0	0	0	1	0,22					52
04/09/2023	07			0	1	2	5,7	340	24,6	77	1017	14	0	0	0	1	0,22					62
04/09/2023	08			0	1	1	6,7	335	24,6	76	1017	39	0	0	0	1	0,21					60
04/09/2023	09			0	1	2	7,5	334	24,9	76	1017	72	0	0	0	1	0,19					65
04/09/2023	10			0	1	1	8,2	337	25	79	1018	91	0	0	0	1	0,23					65
04/09/2023	11			0	1	2	5,6	357	24,5	91	1018	124	0	0	0	1	0,27					56
04/09/2023	12			0	2	2	5,1	350	24,3	99	1017	124	0	0	0	1	0,26					63
04/09/2023	13			0	1	2	7,3	339	25,2	92	1017	152	0	0	0	1	0,24					62
04/09/2023	14			0	1	2	8,1	339	25,1	96	1017	155	0	0	0	1	0,22					64
04/09/2023	15			0	1	2	5,1	352	25,5	97	1016	87	0	0	0	1	0,14					63
04/09/2023	16			0	2	1	5,6	19	26	100	1016	96	0	0	0	1	0,14					74
04/09/2023	17			0	1	1	7,1	26	25,9	100	1015	108	0	0	0	1	0,12					75
04/09/2023	18			0	1	1	6,1	18	25,3	100	1016	43	0	0	0	1	0,14					74
04/09/2023	19			0	1	1	4,8	12	24,9	100	1016	3	0	0	0	1	0,14					68
04/09/2023	20			0	1	1	3,7	2	24,8	100	1017	1	0	0	0	1	0,15					60
04/09/2023	21			0	1	1	4,1	345	25	100	1018	1	0	0	0	1	0,15					53
04/09/2023	22			0	1	1	6,7	342	25,1	100	1018	1	0	0	0	5	0,12					54
04/09/2023	23			0	1	1	2,7	353	24,9	100	1018	1	0	0	0	2	0,12					52
05/09/2023	00			0	1	1	2,3	6	24,5	100	1018	1	0	0	0	2	0,12					29
05/09/2023	01			0	1	3	2,5	13	24,4	100	1018	1	0	0	0	4	0,11					31
05/09/2023	02			0	1	3	2,3	3	24,2	100	1018	1	0	0	0	3	0,12					29
05/09/2023	03			0	1	3	3,8	349	24,4	100	1018	1	0	0	0	3	0,11					33
05/09/2023	04			0	1	3	5,1	341	24,5	100	1018	1	0	0	0	3	0,12					38
05/09/2023	05			0	1	3	3,4	350	24,5	100	1018	1	0	0	0	4	0,12					43
05/09/2023	06			0	1	3	2,4	353	24,5	100	1018	6	0	0	0	4	0,1					36
05/09/2023	07			0	1	3	2,6	2	24,7	100	1019	55	0	0	0	2	0,12					32
05/09/2023	08			0	1	3	3,5	8	25,4	97	1019	182	0	0	0	3	0,13					28
05/09/2023	09			0	2	3	4,4	25	26,4	89	1019	318	0	0	0	4	0,1					49
05/09/2023	10			0	2	3	5,1	32	27,5	82	1019	587	0	0	0	4	0,11					60
05/09/2023	11			0	1	2	7,7	52	28,1	76	1018	713	0	0	0	3	0,11					75
05/09/2023	12			0	1	2	8,7	45	28,1	79	1018	851	0	0	0	2	0,11					80
05/09/2023	13			0	1	2	8,2	50	27,9	85	1018	744	0	0	0	1	0,12					81
05/09/2023	14			0	1	2	7,7	49	28,5	82	1017	792	0	0	0	1	0,12					78
05/09/2023	15			0	1	2	7,9	64	27,8	90	1016	672	0	0	0	1	0,11					84
05/09/2023	16			0	1	2	6,4	57	27,8	90	1016	499	0	0	0	1	0,12					82
05/09/2023	17			0	1	2	6	47	27,1	93	1016	308	0	0	0	1	0,11					83
05/09/2023	18			0	1	1	4,2	46	26,4	97	1017	104	0	0	0	1	0,1					84
05/09/2023	19			0	1	2	2,8	27	24,9	100	1018	5	0	0	0	1	0,11					81
05/09/2023	20			0	1	3	2,4	358	24,5	100	1019	1	0	0	0	1	0,1					73
05/09/2023	21			0	1	3	2,4	352	24,2	100	1019	1	0	0	0	1	0,11					64
05/09/2023	22			0	1	3	2,8	347	24,1	100	1020	1	0	0	0	1	0,11					57
05/09/2023	23			0	1	3	2	318	23,5	100	1020	1	0	0	0	2	0,1					43
06/09/2023	00			0	1	3	3	339	23,6	100	1020	1	0	0	0	24	0,11					30
06/09/2023	01			0	1	3	3,7	348	23,8	97	1020	1	0	0	0	10	0,1					49
06/09/2023	02			0	1	3	2	4	23,5	94	1020	1	0	0	0	5	0,1					47
06/09/2023	03			0	1	3	1,6	9	22,5	98	1020	1	0	0	0	5	0,1					19
06/09/2023	04			0	1	4	2,8	2	21,6	100	1020	1	0	0	0	5	0,1					21
06/09/2023	05						3,3	341	22,5	95	1020	1	0									
06/09/2023	06						2,9	342	22,5	94	1020	6	0									
06/09/2023	07						4,7	344	23,4	87	1020	71	0									
06/09/2023	08						4	344	24,9	77	1020	265	0									
06/09/2023	09	14	7	0	1	2	4,5	351	25,9	78	1021	502	0	0	0	4	0,13	7	18	34	28	65
06/09/2023	10	11	7	0	1	2	5	33	27,4	75	1021	692	0	0	0	5	0,12	5	16	29	23	70
06/09/2023	11	7	4	0	1	2	6,7	59	27,5	77	1021	791	0	0	0	4	0,12	3	9	17	14	88
06/09/2023	12	7	4	0	1	2	7	67	27,5	81	1021	903	0	0	0	2	0,11	2	8	14	12	91
06/09/2023	13	7	4	0	2	2	6,7	71	27,7	81	1020	874	0	0	0	1	0,12	6	9	13	19	87
06/09/2023	14	7	5	0	3	2	6,1	64	27,8	81	1020	807	0	0	0	1	0,12	12	14	13	32	81
06/09/2023	15	7	5	0	1	2	4,9	68	27,6	81	1019	695	0	0	0	1	0,1	2	7	14	11	86
06/09/2023	16	7	5	0	1	2	4,2	76	27,7	79	1019	541	0	0	0	1	0,13	1	6	12	8	90
06/09/2023	17	7	5	0	1	1	4	60	26,8	83	1018	280	0	0	0	1	0,14	2	7	12	10	88
06/09/2023	18	7	5	0	1	2	3	52	26,1	89	1019	94	0	0	0	1	0,11	1	7	13	9	88
06/09/2023	19	8	5	0	1	2	2,3	42	24,8	98	1020	5	0	0	0	1	0,11	1	10	16	11	79
06/09/2023	20	8	5	0	1	3	2,3	14	24,3	100	1020	1	0	0	0	1	0,12	1	15	17	17	73
06/09/2023	21	8	5	0	2	3	2,3	360	24,1	100	1021	1	0	0	0	1	0,14	4	14	16	20	79
06/09/2023	22	10	6	0	1	3	1,9	349	23,8	100	1021	1	0	0	0	2	0,12	5	18	22	26	67
06/09/2023	23	9	6	0	1	3	2	5	23,7	100	1021	1	0	0	0	3	0,12	1	12	20	14	74
07/09/2023	00	10	7	0	1	3	1,2	317	23	100	1021	1	0	0	0	3	0,11	1	11	18	13	64
07/09/2023	01	11	8	0	1	3	0,7	323	22,8	100	1021	1	0	0	0	2	0,12	1	13	24	15	50
07/09/2023	02	13	9	0	1	4	1,4	342	22	100	1020	1	0	0	0	2	0,1	1	15	24	16	34
07/09/2023	03	17	12	0	1	3	2,2	347	22,3	100	1020	1	0	0	0	2	0,1	2	26	37	28	31
07/09/2023	04	18	12	0	1	3	2,1	328	22,5	100	1020	1	0	0	0	5	0,11	2	28	40	30	30
07/09/2023	05	15	11	0	1	3	0,5	301	22	100	1020	1	0	0	0	7	0,11	2	23	26	26	34
07/09/2023	06	18	13	0	1	4	1,3	3	21,5	100	1021	7	0	0	0	5	0,11	7	28	41	38	15
07/09/2023	07	24	17	0	1	4	1,8	319	22,1	100	1021	63	0	0	0	11	0,12	17	30	54	56	9
07/09/2023	08	17	12	0	1	3	1,9	356	24,9	89	1021	285	0	0	0	14	0,11	10	25	36	40	43
07/09/2023	09	14	9	0	1	3	2,5	37	26,2	76	1022	499	0	0	0	13	0,11	5	18	31	24	70
07/09/2023	10	12	9	0	1	3	3,3	75	27,5	69	1021	684	0	0	0	10	0,11	2	11	23	15	82
07/09/2023	11	9	7	0	1	2	5,3	88	27,4	70	1021	796	0	0	0	6	0,12	2	8	15	10	92
07/09/2023	12	8	6	0	1	2	5,5	89	27,4	75	1020	884	0	0	0	3	0,11	3	9	14	13	93
07/09/2023	13	7	5	0	1	2	6,1	90	27,6	72	1020	832	0	0	0	2	0,12	2	7	12	9	96
07/09/2023	14	9	7	0	3	2	5,5	94	27,4	71	1020	738	0	0	0	2	0,11	4	8	14	14	97
07/09/2023	15	7	5	0	2	2	5,5	86	28	69	1019	611	0	0	0	3	0,12	9	14	13	28	89
07/09/2023	16	7	5	0	2	2	4,2	83	27,5	74	1019	445	0	0	0	2	0,12	11	13	12	29	85
07/09/2023	17	7	5	0	1	3	3,7	77	26,2	85	1019	161	0	0	0	1	0,12	2	8	12	10	93
07/09/2023	18	7	5	0	1	3	2,6	67	25,5	91	1020	51	0	0	0	1	0,11	1	9	12	10	89
07/09/2023	19	7	5	0	1	3	1,7	52	24,9	97	1020	6	0	0	0	1	0,1	1	12	14	14	85
07/09/2023	20	8	5	0	1	3	1,6	29	24,6	99	1021	1	0	0	0	2	0,11	1	14	19	15	78
07/09/2023	21	8	6	0	1	4	1,5	360	24,1	100	1021	1	0	0	0	3	0,11	4	16	16	22	69
07/09/2023	22	8	6	0	1	4	1,2	304	23,7	100	1021	1	0	0	0	2	0,1	1	11	13	13	68
07/09/2023	23	8	6	0	1	4	1,1	334	24,1	100	1021	1	0	0	0	3	0,1	1	9	14	10	79
08/09/2023	00	9	6	0	1	4	1	4	24	100	1021	1	0	0	0	2	0,11	1	9	19	10	76
08/09/2023	01	9	6	0	1	3	0,9	20	23,7	100	1021	1	0	0	0	1	0,12	1	9	21	11	71
08/09/2023	02	10	8	0	1	3	0,9	316	22,7	100	1020	1	0	0	0	1	0,1	1	12	16	14	48
08/09/2023	03	11	8	0	1	3	0,7	298	22,4	100	1020	1	0	0	0	3	0,1	2	14	19	16	48
08/09/2023	04	12	10	0	1	3	0,2	221	21,9	100	1020	1	0	0	0	2	0,11	2	21	21	24	22
08/09/2023	05	10	8	0	1	3	0,9	284	21,8	100	1020	1	0	0	0	1	0,1	2	19	20	22	24
08/09/2023	06	15	10	0	1	4	0,7	328	21,2	100	1020	5	0	0	0	1	0,11	8	30	41	41	9
08/09/2023	07	20	12	0	1	4	1	352	22,3	100	1020	57	0	0	0	2	0,11	9	33	57	47	23
08/09/2023	08	25	13	0	1	4	1,7	3	23,7	99	1021	188	0	0	0	4	0,11	9	34	93	49	33
08/09/2023	09	33	10	0	1	4	1,1	249	25,9	85	1021	320	0	0	0	7	0,11	9	27	183	40	57
08/09/2023	10	27	12	0	2	3	2,4	145	25,8	85	1021	105	0	0	0	12	0,11	5	20	115	28	75
08/09/2023	11	21	16	0	2	3	2,9	117	25,8	84	1021	143	0	0	0	36	0,1	4	18	46	24	79
08/09/2023	12	52	50	0	1	3	2,6	120	26,3	80	1021	252	0	0	0	138	0,1	3	16	58	21	85
08/09/2023	13	15	13	0	1	3	3,3	107	27	77	1021	355	0	0	0	38	0,1	2	9	20	12	94
08/09/2023	14	28	26	0	1	3	4,3	114	27,4	73	1020	633	0	0	0	66	0,11	3	10	33	15	89
08/09/2023	15	58	56	0	2	3	4,9	119	27,2	75	1019	552	0	0	0	188	0,1	5	16	63	23	90
08/09/2023	16	57	56	0	1	2	4,3	120	26,8	76	1019	326	0	0	0	198	0,1	6	18	65	27	83
08/09/2023	17	60	58	0	1	3	2,8	137	26,1	80	1019	127	0	0	0	195	0,1	4	21	65	27	80
08/09/2023	18	57	55	0	1	3	2,1	142	26	83	1019	79	0	0	0	179	0,1	3	22	64	27	79
08/09/2023	19	60	58	0	1	3	2,2	175	24,5	91	1019	4	0	0	0	183	0,1	2	20	65	23	79
08/09/2023	20	17	15	0	1	3	1,7	221	23,9	93	1020	1	0	0	0	38	0,1	1	14	23	15	70
08/09/2023	21	7	5	0	1	4	1	277	23,2	98	1020	1	0	0	0	13	0,1	1	10	11	11	62
08/09/2023	22	8	7	0	1	4	0,8	269	22,5	100	1020	1	0	0	0	11	0,1	1	12	13	14	55
08/09/2023	23	8	6	0	1	5	1,2	250	22	100	1020	1	0	0	0	9	0,1	1	9	11	10	56
09/09/2023	00	6	5	0	1	4	0,5	259	21,8	100	1020	1	0	0	0	6	0,1	1	6	9	7	57
09/09/2023	01	7	6	0	1	3	1	247	21,4	100	1020	1	0	0	0	3	0,1	1	7	11	8	49
09/09/2023	02	8	7	0	1	2	0,6	235	21,4	100	1020	1	0	0	0	2	0,1	1	8	11	10	50
09/09/2023	03	9	7	0	1	2	0,2	303	21	100	1019	1	0	0	0	2	0,1	1	12	13	13	39
09/09/2023	04	9	8	0	1	2	1	290	20,7	100	1019	1	0	0	0	3	0,1	1	9	13	11	40
09/09/2023	05	8	7	0	1	2	0,2	257	20,5	100	1019	1	0	0	0	4	0,1	1	8	11	10	37
09/09/2023	06	10	8	0	1	2	0,4	256	20,5	100	1020	6	0	0	0	4	0,1	1	13	14	15	33
09/09/2023	07	12	10	0	1	3	0,1	327	23,1	95	1020	72	0	0	0	5	0,1	5	23	20	31	23
09/09/2023	08	11	8	0	1	3	0,6	341	25,3	82	1020	273	0	0	0	8	0,1	2	14	22	16	48
09/09/2023	09	27	24	0	1	2	1,4	96	26,9	76	1020	540	0	0	0	74	0,1	4	18	38	24	54
09/09/2023	10	68	66	0	1	2	3,6	127	27,5	69	1020	672	0	0	0	352	0,1	5	19	73	27	60
09/09/2023	11	25	23	0	1	2	5,5	109	27,3	70	1019	807	0	0	0	57	0,1	2	8	28	12	74
09/09/2023	12	59	57	0	2	2	6,3	115	27	74	1019	873	0	0	0	182	0,1	4	14	63	20	75
09/09/2023	13	50	48	0	1	2	5,7	118	27,4	75	1019	864	0	0	0	223	0,1	3	14	54	19	79
09/09/2023	14	82	80	0	2	2	5,4	122	27,4	75	1019	810	0	0	0	368	0,1	6	20	85	28	74
09/09/2023	15	86	84	0	2	2	5	120	27,3	74	1018	694	0	0	0	552	0,1	11	20	89	37	61
09/09/2023	16	113	111	0	1	2	4,2	125	27,4	74	1018	512	0	0	0	421	0,1	7	24	117	35	61
09/09/2023	17	22	21	0	1	2	3,2	101	27,2	74	1018	276	0	0	0	279	0,1	1	7	24	8	70
09/09/2023	18	7	6	0	1	2	2,2	94	26,5	79	1019	90	0	0	0	23	0,1	1	7	9	8	72
09/09/2023	19	5	4	0	1	2	0,9	88	24,8	90	1019	4	0	0	0	9	0,1	1	8	8	10	76
09/09/2023	20	6	4	0	1	2	0,7	63	24,3	95	1020	1	0	0	0	6	0,1	1	9	8	10	69
09/09/2023	21	7	5	0	1	3	1,3	287	23,8	98	1021	1	0	0	0	5	0,1	1	9	10	10	57
09/09/2023	22	8	6	0	1	3	0,8	285	23,5	99	1021	1	0	0	0	6	0,1	1	11	11	12	48
09/09/2023	23	10	9	0	1	3	0,9	285	23,1	100	1020	1	0	0	0	11	0,1	1	14	16	16	45
10/09/2023	00	8	7	0	1	3	0,8	253	22,4	100	1020	1	0	0	0	13	0,1	1	10	14	12	47
10/09/2023	01	7	6	0	1	2	0,1	263	22,2	100	1020	1	0	0	0	5	0,1	1	8	11	10	45
10/09/2023	02	11	9	0	1	3	0,3	280	21,6	100	1020	1	0	0	0	5	0,1	1	13	17	14	32
10/09/2023	03	11	9	0	1	3	1,2	296	21,6	100	1020	1	0	0	0	6	0,1	1	12	16	14	36
10/09/2023	04	9	8	0	1	2	2,1	291	21,3	100	1020	1	0	0	0	6	0,1	1	8	12	10	38
10/09/2023	05	8	7	0	1	2	0,9	299	21,3	100	1020	1	0	0	0	4	0,1	1	7	11	8	44
10/09/2023	06	10	8	0	1	2	0,4	246	21,2	100	1020	5	0	0	0	4	0,1	1	9	15	10	38
10/09/2023	07	9	8	0	1	2	0,3	267	22	98	1020	69	0	0	0	3	0,1	1	7	12	8	35
10/09/2023	08	13	11	0	1	3	2	11	24,3	90	1021	276	0	0	0	5	0,1	2	12	23	15	35
10/09/2023	09	15	12	0	1	2	1,7	49	26,5	77	1021	495	0	0	0	8	0,1	4	19	24	26	49
10/09/2023	10	26	25	0	1	1	3	106	28	69	1020	706	0	0	0	80	0,1	2	12	32	15	70
10/09/2023	11	7	6	0	1	1	4,6	97	27,8	71	1020	805	0	0	0	11	0,1	1	6	10	7	79
10/09/2023	12	7	6	0	1	1	5,9	99	27,5	77	1020	838	0	0	0	3	0,1	1	7	9	8	82
10/09/2023	13	10	9	0	1	1	6,1	100	27,4	78	1020	804	0	0	0	6	0,1	1	7	11	8	82
10/09/2023	14	6	5	0	1	1	5,9	90	27	80	1019	701	0	0	0	3	0,13	1	5	8	7	82
10/09/2023	15	28	27	0	1	1	5,7	111	27,3	77	1019	591	0	0	0	82	0,22	4	14	30	19	78
10/09/2023	16	59	58	0	1	1	3,2	100	27,6	74	1019	385	0	0	0	214	0,22	3	12	62	16	78
10/09/2023	17	12	11	0	1	1	3,6	104	27,4	75	1019	254	0	0	0	29	0,17	1	7	13	9	72
10/09/2023	18	5	4	0	1	1	1,9	94	26,9	77	1019	88	0	0	0	8	0,21	2	7	6	9	74
10/09/2023	19	6	5	0	1	1	1,2	53	24,9	91	1019	5	0	0	0	3	0,18	1	9	10	9	74
10/09/2023	20	6	5	0	1	2	1,1	332	24,3	94	1019	1	0	0	0	1	0,19	2	11	11	13	59
10/09/2023	21	6	5	0	1	2	0,7	284	23,7	98	1020	1	0	0	0	1	0,17	1	10	9	12	55
10/09/2023	22	7	6	0	1	2	0,9	265	23,2	99	1020	1	0	0	0	3	0,17	1	10	10	11	47
10/09/2023	23	8	7	0	1	2	1	285	23	99	1020	1	0	0	0	7	0,18	1	16	11	16	44
11/09/2023	00	8	7	0	1	2	1	275	22,9	100	1019	1	0	0	0	10	0,18	1	11	10	13	53
11/09/2023	01	8	7	0	1	2	0,9	270	22,6	100	1019	1	0	0	0	11	0,19	1	11	10	13	51
11/09/2023	02	8	7	0	1	2	0,4	231	22,1	100	1019	1	0	0	0	7	0,19	1	8	10	9	48
11/09/2023	03	7	6	0	1	2	0,5	232	21,6	100	1018	1	0	0	0	3	0,15	1	6	9	7	43
11/09/2023	04	8	7	0	1	2	0,8	199	20,9	100	1018	1	0	0	0	2	0,16	1	11	12	13	29
11/09/2023	05	13	8	0	1	4	0,2	338	20,4	100	1018	1	0	0	0	2	0,18	3	26	37	32	11
11/09/2023	06	12	8	0	1	4	0,1	185	20,3	100	1018	5	0	0	0	3	0,16	14	34	34	56	4
11/09/2023	07	13	9	0	1	4	0,3	119	22	97	1018	77	0	0	0	3	0,17	15	34	37	57	7
11/09/2023	08	19	13	0	1	4	0,7	38	24,8	82	1018	283	0	0	0	14	0,21	18	33	57	60	18
11/09/2023	09	37	33	0	2	3	2,3	112	26,1	78	1019	444	0	0	0	76	0,19	13	27	57	47	31
11/09/2023	10	75	71	0	2	3	3,9	144	27,4	73	1018	675	0	0	0	487	0,26	14	33	94	54	51
11/09/2023	11	113	110	0	2	2	5,5	133	27,7	71	1017	835	0	0	0	782	0,24	15	40	125	62	55
11/09/2023	12	111	108	0	2	2	5	123	28,7	69	1016	763	0	0	0	474	0,25	35	47	120	101	51
11/09/2023	13	65	64	0	3	3	5,5	113	28,1	75	1016	679	0	0	0	301	0,2	26	29	70	68	60
11/09/2023	14	34	32	0	1	2	4,7	108	28,5	73	1015	740	0	0	0	168	0,17	11	19	38	36	70
11/09/2023	15	40	39	0	1	2	4,3	106	28,6	68	1015	733	0	0	0	211	0,17	2	10	46	13	81
11/09/2023	16	10	9	0	1	1	4,8	95	27,7	73	1014	486	0	0	0	23	0,17	2	8	16	10	88
11/09/2023	17	8	7	0	1	2	4,4	98	27	77	1014	199	0	0	0	10	0,14	1	8	12	10	79
11/09/2023	18	9	8	0	1	2	3,4	99	26,3	85	1015	39	0	0	0	7	0,16	1	9	13	11	79
11/09/2023	19	8	7	0	1	2	1,9	93	25,7	87	1016	4	0	0	0	6	0,13	1	10	13	12	74
11/09/2023	20	8	7	0	1	2	0,8	66	25	88	1016	1	0	0	0	4	0,15	1	12	13	13	80
11/09/2023	21	10	8	0	1	2	1	357	24,5	94	1017	1	0	0	0	4	0,14	1	11	14	12	67
11/09/2023	22	11	9	0	1	2	1,2	356	24,2	96	1016	1	0	0	0	7	0,16	2	12	18	14	61
11/09/2023	23	11	10	0	1	3	1,8	283	23,5	98	1016	1	0	0	0	14	0,13	1	11	17	13	55
12/09/2023	00	10	9	0	1	3	0,8	271	23,5	96	1016	1	0	0	0	10	0,14	1	12	15	13	59
12/09/2023	01	15	13	0	1	2	0,4	181	23,2	98	1015	1	0	0	0	11	0,14	2	25	27	28	36
12/09/2023	02	12	10	0	1	3	1	114	22,4	100	1015	1	0	0	0	10	0,13	1	21	21	22	29
12/09/2023	03	11	10	0	2	3	0,4	242	22,3	100	1015	1	0	0	0	5	0,13	8	18	18	30	32
12/09/2023	04	12	10	0	1	3	0,4	297	22,4	100	1015	1	0	0	0	4	0,12	3	17	19	20	26
12/09/2023	05	12	10	0	1	3	0,4	284	22,6	100	1015	1	0	0	0	3	0,14	2	23	21	26	26
12/09/2023	06	22	15	0	1	3	3	354	22,3	100	1016	7	0	0	0	9	0,14	3	35	52	38	21
12/09/2023	07	25	15	0	1	3	4,2	346	23,5	97	1016	62	0	0	0	14	0,15	5	33	67	41	28
12/09/2023	08	23	16	0	1	3	2,5	354	24,4	93	1016	136	0	0	0	21	0,14	11	27	51	44	38
12/09/2023	09	14	10	0	1	3	1,6	39	26,7	84	1017	412	0	0	0	12	0,15	5	17	27	24	59
12/09/2023	10	11	9	0	1	2	2,4	46	27,3	75	1017	470	0	0	0	8	0,14	5	14	21	22	68
12/09/2023	11	13	10	0	1	2	2,8	32	28,3	68	1017	619	0	0	0	7	0,14	4	15	25	21	71
12/09/2023	12	11	10	0	1	2	4,8	70	28,3	73	1017	766	0	0	0	5	0,15	2	8	18	11	80
12/09/2023	13	10	9	0	1	2	5,3	68	28,1	75	1016	694	0	0	0	2	0,14	2	7	14	10	79
12/09/2023	14	9	8	0	1	2	5,5	68	27	87	1015	348	0	0	0	1	0,14	2	7	13	10	77
12/09/2023	15	9	7	0	1	2	5,2	54	26,2	89	1015	219	0	0	0	1	0,1	2	8	14	11	74
12/09/2023	16	10	5	0	1	2	6,6	3	23,8	87	1017	231	0,2	0	0	1	0,1	1	11	33	14	79
12/09/2023	17	23	17	0	1	3	5,3	346	20,4	97	1017	52	0	0	0	22	0,1	3	24	43	29	71
12/09/2023	18	11	8	0	1	3	1,9	359	21,1	99	1017	14	0,1	0	0	11	0,1	3	30	26	34	53
12/09/2023	19	9	6	0	1	3	1	240	21,4	99	1017	2	0	0	0	7	0,1	1	21	21	23	49
12/09/2023	20	11	9	0	1	4	0,7	280	21,2	100	1018	1	0	0	0	6	0,1	2	31	25	33	23
12/09/2023	21	12	9	0	1	4	0,9	269	21,5	100	1018	1	0	0	0	9	0,1	1	27	25	28	25
12/09/2023	22	10	8	0	1	4	0,6	344	21,8	100	1018	1	0	0	0	8	0,1	3	28	20	31	22
12/09/2023	23	17	14	0	1	4	1,1	253	21,2	100	1019	1	0	0	0	7	0,1	3	31	32	35	9
13/09/2023	00	9	7	0	1	4	1,4	263	21,6	99	1019	1	0	0	0	5	0,1	1	9	13	11	34
13/09/2023	01	9	7	0	1	4	1,1	316	21,4	100	1018	1	0	0	0	5	0,1	2	14	14	17	31
13/09/2023	02	11	9	0	1	4	0,6	244	20,8	100	1018	1	0	0	0	5	0,1	2	20	20	23	21
13/09/2023	03	14	11	0	1	4	0,7	357	20,8	100	1019	1	0	0	0	7	0,1	4	30	29	37	16
13/09/2023	04	17	14	0	1	4	0,6	285	20,4	100	1019	1	0	0	0	7	0,1	4	31	35	37	9
13/09/2023	05	29	15	0	1	4	4,3	345	22,1	81	1019	1	0	0	0	24	0,1	4	27	71	34	28
13/09/2023	06	21	8	0	1	4	4,8	342	22,2	72	1019	3	0	0	0	23	0,1	4	21	64	27	39
13/09/2023	07	19	11	0	1	4	1,9	336	22,2	79	1020	62	0	0	0	12	0,1	16	46	53	70	9
13/09/2023	08	18	9	0	1		2,5	14	23,2	78	1020	268	0	0	0		0,1	17	31	63	57	17
13/09/2023	09	14	8	0	2		3,8	2	24,9	65	1020	476	0	0	0		0,1	15	28	36	50	23
13/09/2023	10	10	5	0	1	2	3,4	13	27	52	1020	651	0	0	0	13	0,1	6	19	29	29	46
13/09/2023	11	5	4	0	1	3	5,7	80	26,6	63	1020	485	0	0	0	7	0,1	3	11	10	16	67
13/09/2023	12	5	3	0	1	3	4,9	66	26,6	66	1021	554	0	0	0	3	0,1	2	8	13	11	72
13/09/2023	13	4	3	0	1	3	5,5	57	27,2	60	1020	732	0	0	0	2	0,1	2	8	8	11	72
13/09/2023	14	5	4	0	1	3	5,9	64	27,4	67	1020	831	0	0	0	2	0,1	2	8	10	10	80
13/09/2023	15	6	4	0	1	3	5,7	49	27	74	1019	688	0	0	0	2	0,1	3	8	11	12	81
13/09/2023	16	6	4	0	1	3	5,3	66	27,1	76	1019	493	0	0	0	2	0,1	2	7	11	10	84
13/09/2023	17	7	5	0	1	3	4,2	62	26,4	85	1019	241	0	0	0	2	0,1	1	7	13	9	87
13/09/2023	18	8	5	0	1	3	3,2	54	25,2	95	1019	45	0	0	0	2	0,1	1	8	14	10	87
13/09/2023	19	9	5	0	1	3	2,1	7	24,2	100	1020	3	0	0	0	2	0,1	1	9	18	11	77
13/09/2023	20	11	6	0	1	3	2,7	351	24	100	1020	1	0	0	0	1	0,1	1	14	24	16	69
13/09/2023	21	11	6	0	1	3	2,9	354	23,7	100	1020	1	0	0	0	2	0,1	1	16	28	18	59
13/09/2023	22	12	7	0	1	3	2,3	359	23,4	100	1021	1	0	0	0	2	0,1	2	26	28	29	39
13/09/2023	23	25	12	0	1	3	4,7	346	23,5	100	1022	1	0	0	0	4	0,1	3	34	59	39	40
14/09/2023	00	19	10	0	1	3	3,9	342	23,4	100	1022	1	0	0	0	15	0,1	2	21	47	23	49
14/09/2023	01	24	11	0	1	3	5,5	340	23,3	100	1021	1	0	0	0	15	0,1	2	22	58	26	52
14/09/2023	02	28	16	0	1	2	4,9	344	23,3	98	1020	1	0	0	0	28	0,1	2	23	64	25	54
14/09/2023	03	21	10	0	1	2	3,7	347	23	100	1020	1	0	0	0	18	0,1	2	15	56	18	56
14/09/2023	04	16	8	0	1	2	5,2	343	22,8	97	1020	1	0	0	0	8	0,1	2	15	38	17	57
14/09/2023	05	18	8	0	1	2	5,3	338	22,9	93	1020	1	0	0	0	7	0,1	2	15	44	17	58
14/09/2023	06	19	9	0	1	2	6,7	339	22,8	94	1020	2	0	0	0	7	0,1	3	17	48	21	55
14/09/2023	07	21	9	0	1	3	6,8	338	23	91	1021	34	0	0	0	7	0,12	2	16	57	20	58
14/09/2023	08	16	7	0	1	3	6,3	340	24,1	82	1021	258	0	0	0	5	0,13	5	15	49	23	57
14/09/2023	09	13	6	0	1	3	5,2	345	25,1	79	1021	376	0	0	0	5	0,14	5	16	35	24	57
14/09/2023	10	10	6	0	1	3	4,3	18	26,4	75	1021	529	0	0	0	5	0,14	6	15	27	24	58
14/09/2023	11	5	3	0	1	2	5,9	51	27	76	1021	731	0	0	0	4	0,11	2	8	12	11	71
14/09/2023	12	6	4	0	1	2	7	48	27	79	1020	872	0	0	0	2	0,1	3	7	12	12	76
14/09/2023	13	5	3	0	2	2	7,1	77	27,6	72	1020	903	0	0	0	2	0,1	2	7	9	10	80
14/09/2023	14	3	2	0	1	2	5,9	90	27,4	71	1019	825	0	0	0	1	0,12	2	6	6	9	87
14/09/2023	15	3	2	0	2	2	4,6	88	27,7	71	1018	642	0	0	0	1	0,21	6	9	5	18	84
14/09/2023	16	3	2	0	1	2	4	84	27,3	74	1018	420	0	0	0	1	0,21	2	6	5	8	87
14/09/2023	17	4	3	0	1	2	3,2	85	26,6	78	1018	170	0	0	0	1	0,2	1	7	7	9	86
14/09/2023	18	4	3	0	1	2	2,2	67	26,1	84	1017	64	0	0	0	1	0,22	1	7	8	8	82
14/09/2023	19	5	3	0	1	2	1,8	79	24,9	92	1018	2	0	0	0	1	0,22	1	9	10	10	76
14/09/2023	20	5	3	0	1	2	1,7	71	24,7	94	1019	1	0	0	0	1	0,2	1	10	10	11	72
14/09/2023	21	6	4	0	1	4	1,2	16	24,2	98	1019	1	0	0	0	1	0,21	3	19	16	24	53
14/09/2023	22	10	6	0	1	3	2,3	2	23,9	99	1019	1	0	0	0	1	0,22	4	22	24	28	48
14/09/2023	23	8	5	0	1	2	1,3	349	23,4	100	1019	1	0	0	0	2	0,23	1	17	17	18	48
15/09/2023	00	7	5	0	1	3	1,1	309	23,4	100	1019	1	0	0	0	4	0,22	1	12	14	14	47
15/09/2023	01	9	6	0	1	3	1,5	302	23,4	100	1019	1	0	0	0	10	0,23	2	12	16	15	44
15/09/2023	02	11	6	0	1	2	2,7	356	23,3	100	1018	1	0	0	0	10	0,21	1	15	25	16	45
15/09/2023	03	9	5	0	1	2	3	353	23	100	1017	1	0	0	0	3	0,22	1	16	23	17	43
15/09/2023	04	12	7	0	1	2	2,2	2	22,5	100	1016	1	0	0	0	2	0,21	2	32	27	35	25
15/09/2023	05	13	9	0	1	2	2,2	3	22,1	100	1016	1	0	0	0	2	0,21	5	34	27	42	17
15/09/2023	06	17	8	0	1	2	4	344	22,7	100	1016	1	0	0	0	3	0,2	4	21	49	28	36
15/09/2023	07	15	7	0	1	2	3,9	345	22,8	100	1016	13	0	0	0	3	0,23	5	29	43	35	34
15/09/2023	08	18	10	0	1	2	4,1	347	22,4	100	1015	10	0	0	0	5	0,22	6	27	46	36	31
15/09/2023	09	15	10	0	1	2	2,2	271	21,6	100	1016	3	2,7	0	0	9	0,21	5	22	30	28	33
15/09/2023	10	11	8	0	2	2	2,7	348	20,8	100	1016	4	4	0	0	2	0,22	16	27	23	51	28
15/09/2023	11	17	12	0	1	2	2,7	313	20,7	100	1016	26	0,3	0	0	1	0,21	7	30	32	41	28
15/09/2023	12	12	10	0	1	2	0,7	153	22	100	1015	206	0	0	0	2	0,16	6	23	23	32	31
15/09/2023	13	21	18	0	1	2	1,2	34	24,8	95	1015	407	0	0	0	14	0,1	6	23	30	32	42
15/09/2023	14	9	8	0	1	2	4,7	83	24,9	93	1014	632	0	0	0	10	0,1	3	12	14	16	57
15/09/2023	15	6	4	0	1	2	4,5	60	24,7	94	1014	522	0	0	0	4	0,1	2	8	14	12	73
15/09/2023	16	4	1	0	1	2	4	49	23,2	100	1013	166	0	0	0	1	0,1	1	9	14	11	75
15/09/2023	17	4	1	0	1	2	2,7	43	22,7	100	1013	42	0	0	0	1	0,1	2	8	12	11	77
15/09/2023	18	3	1	0	1	2	2,2	27	22,6	100	1013	37	0,1	0	0	1	0,1	1	9	11	11	73
15/09/2023	19	4	2	0	1	2	1,2	344	22,4	100	1014	1	0	0	0	1	0,1	1	10	15	11	71
15/09/2023	20	3	2	0	1	2	1,1	269	22,3	100	1015	1	0	0	0	1	0,1	1	12	8	13	62
15/09/2023	21	5	4	0	1	2	1,7	354	21,8	100	1015	1	0	0	0	2	0,1	2	16	11	19	46
15/09/2023	22	5	3	0	1	2	1,4	272	21,6	100	1015	1	0	0	0	5	0,1	1	12	10	13	43
15/09/2023	23	5	4	0	1	2	1,4	286	21,5	100	1015	1	0	0	0	4	0,1	1	12	9	13	48
16/09/2023	00	11	9	0	2	2	1,5	333	21,3	100	1014	1	0	0	0	5	0,1	3	15	19	20	35
16/09/2023	01	10	6	0	1	2	0,7	353	21,1	100	1013	1	0	0	0	4	0,1	1	28	24	30	20
16/09/2023	02	5	3	0	1	2	0,4	250	20,9	100	1013	1	0	0	0	1	0,1	1	12	12	13	38
16/09/2023	03	4	3	0	1	2	1,1	276	20,8	100	1013	1	0	0	0	1	0,1	1	10	9	11	39
16/09/2023	04	5	3	0	1	2	1,2	289	20,6	100	1013	1	0	0	0	2	0,1	1	12	12	13	42
16/09/2023	05	6	4	0	1	2	1,1	309	20,5	100	1013	1	0	0	0	2	0,1	1	12	14	13	35
16/09/2023	06	10	7	0	1	2	0,5	273	20,1	100	1013	4	0	0	0	8	0,1	1	14	20	16	25
16/09/2023	07	7	5	0	1	2	0,8	241	20,8	100	1014	73	0	0	0	3	0,1	1	12	14	14	25
16/09/2023	08	12	9	0	1	2	1	64	24,6	92	1014	279	0	0	0	5	0,1	4	16	22	22	29
16/09/2023	09	15	11	0	1	2	1,6	79	25,2	85	1014	403	0	0	0	18	0,1	4	18	26	24	36
16/09/2023	10	15	12	0	1	2	3	97	26,5	77	1015	692	0	0	0	39	0,1	4	12	22	18	55
16/09/2023	11	9	6	0	1	2	4,5	100	25,8	85	1015	604	0	0	0	16	0,1	2	10	13	12	72
16/09/2023	12	9	7	0	1	2	3,7	101	26,5	84	1014	639	0	0	0	10	0,1	2	9	14	11	82
16/09/2023	13	6	4	0	1	2	3,9	91	26,8	83	1013	735	0	0	0	8	0,1	1	7	11	8	81
16/09/2023	14	8	5	0	1	2	4,2	92	26,3	87	1013	490	0	0	0	6	0,1	1	6	12	8	84
16/09/2023	15	8	5	0	1	2	3,4	94	27	83	1013	542	0	0	0	5	0,1	1	6	14	7	81
16/09/2023	16	18	14	0	1	2	3,3	111	26,7	85	1013	330	0	0	0	38	0,1	3	10	27	14	77
16/09/2023	17	20	15	0	1	2	1,6	109	27,7	79	1013	250	0	0	0	41	0,1	2	9	34	12	77
16/09/2023	18	9	4	0	1	2	2	82	25,5	93	1013	64	0	0	0	12	0,1	1	6	25	8	78
16/09/2023	19	10	4	0	1	2	0,9	59	24,1	100	1013	2	0	0	0	3	0,1	1	11	26	13	67
16/09/2023	20	11	5	0	1	2	0,6	345	23,8	100	1014	1	0	0	0	3	0,1	1	12	30	13	61
16/09/2023	21	10	5	0	1	2	1,3	303	22,9	100	1015	1	0	0	0	4	0,1	1	11	25	12	50
16/09/2023	22	10	5	0	1	3	1,1	300	22,7	100	1015	1	0	0	0	2	0,13	1	11	24	12	48
16/09/2023	23	10	5	0	1	3	1,7	296	22,2	100	1015	1	0	0	0	2	0,28	1	10	21	11	41
17/09/2023	00	11	6	0	1	3	0,6	258	22,1	100	1015	1	0	0	0	2	0,28	1	12	24	13	39
17/09/2023	01	13	8	0	1	3	1,2	227	21,5	100	1016	1	0	0	0	3	0,28	2	15	30	18	29
17/09/2023	02	21	15	0	1	3	1,9	322	21,7	100	1015	1	0	0	0	26	0,28	2	17	39	19	28
17/09/2023	03	37	22	0	1	3	3	322	21,7	100	1014	1	0	0	0	37	0,28	3	23	77	28	29
17/09/2023	04	17	8	0	1	3	2,4	264	21,3	100	1013	1	0	0	0	14	0,25	1	10	40	12	34
17/09/2023	05	32	22	0	1	3	2,2	187	21,4	100	1014	1	0	0	0	36	0,24	1	18	59	20	27
17/09/2023	06	15	8	0	1	3	1,5	294	21,5	100	1014	5	0	0	0	9	0,28	2	12	37	14	28
17/09/2023	07	24	14	0	1	3	2,5	6	21,7	100	1014	56	0	0	0	21	0,29	5	25	54	32	19
17/09/2023	08	21	12	0	1	3	2,8	12	23,4	95	1014	236	0	0	0	22	0,31	8	28	47	39	16
17/09/2023	09	27	15	0	1	3	2,5	343	25,9	76	1014	434	0	0	0	53	0,28	3	13	58	18	48
17/09/2023	10	19	9	0	1	3	1,4	70	27,8	66	1014	417	0	0	0	27	0,27	2	10	44	13	64
17/09/2023	11	21	9	0	1	3	5	105	27,7	75	1014	767	0	0	0	25	0,28	2	7	56	10	73
17/09/2023	12	22	12	0	1	3	5	105	27,6	84	1014	812	0	0	0	24	0,3	1	9	51	10	74
17/09/2023	13	42	31	0	2	3	4,6	116	28,3	80	1014	806	0	0	0	101	0,3	4	13	74	20	69
17/09/2023	14	36	26	0	1	3	5,3	111	27,9	85	1013	730	0	0	0	144	0,31	3	11	65	15	75
17/09/2023	15	27	17	0	1	3	4,9	104	27,7	89	1012	601	0	0	0	84	0,3	2	7	51	10	76
17/09/2023	16	19	8	0	1	3	3,2	95	26,5	99	1012	77	0	0	0	19	0,31	1	7	50	8	70
17/09/2023	17	26	18	0	1	3	4,7	59	21,4	100	1013	10	15	0	0	18	0,26	2	12	53	15	70
17/09/2023	18	11	5	0	1	3	1,8	225	19,9	100	1014	6	0,4	0	0	8	0,23	1	13	26	14	57
17/09/2023	19	12	5	0	1	3	2	233	20,3	100	1014	1	0	0	0	4	0,25	1	10	26	11	47
17/09/2023	20	14	5	0	1	3	1,1	243	21,4	100	1015	1	0,1	0	0	3	0,25	1	8	29	10	44
17/09/2023	21	16	8	0	1	4	0,2	75	21,3	100	1016	1	0	0	0	4	0,28	3	25	31	30	15
17/09/2023	22	21	13	0	1	4	0,8	194	21	100	1016	1	0,1	0	0	7	0,26	4	21	41	27	16
17/09/2023	23	18	11	0	1	3	1	273	21,2	100	1016	1	0	0	0	13	0,25	2	13	37	16	23
18/09/2023	00	27	18	0	1	3	0,8	236	21,1	100	1016	1	0	0	0	27	0,26	2	22	53	25	13
18/09/2023	01	15	8	0	1	3	1,7	204	21	100	1015	1	0	0	0	8	0,25	3	15	40	20	16
18/09/2023	02	16	9	0	1	3	0,2	318	20,7	100	1015	1	0	0	0	6	0,25	2	17	40	21	12
18/09/2023	03	27	21	0	1	4	1,1	199	21,1	98	1016	1	0	0	0	53	0,24	6	22	51	31	11
18/09/2023	04	4	3	0	1	3	3,7	242	22,6	69	1016	1	0	0	0	20	0,22	1	6	9	7	41
18/09/2023	05	3	2	0	1	3	4,1	245	22,1	65	1016	1	0	0	0	9	0,23	1	7	7	10	47
18/09/2023	06	4	3	0	1	3	2,6	229	21,4	64	1016	2	0	0	0	9	0,23	3	9	13	13	51
18/09/2023	07	4	2	0	1	2	3,5	256	21,3	63	1016	57	0	0	0	6	0,24	2	10	10	13	50
18/09/2023	08	5	3	0	1	3	3,3	229	23,7	52	1017	263	0	0	0	4	0,28	2	10	16	13	50
18/09/2023	09	5	3	0	2	3	6,2	224	25,1	40	1017	408	0	0	0	3	0,23	2	9	18	12	63
18/09/2023	10												0									
20/09/2023	10												0									
20/09/2023	11	109	105	0		3	4,7	170	24,8	63	1016	812	0	0	0	866	0,33			137		32
20/09/2023	12	103	100	0	2	4	4,3	164	25,8	57	1015	881	0	0	0	857	0,26	19	40	119	68	43
20/09/2023	13	102	99	0	2	4	5,1	159	27,3	57	1014	883	0	0	0	783	0,25	21	44	120	76	47
20/09/2023	14	145	141	0	2	4	6,3	150	27,5	64	1013	817	0	0	0	948	0,23	23	45	163	80	53
20/09/2023	15	147	143	0	2	4	7,1	154	27	72	1012	613	0	0	0	831	0,14	22	43	163	77	51
20/09/2023	16	179	174	0	2	4	5,8	172	27,9	67	1011	491	0	0	0	1000	0,11	27	56	196	97	40
20/09/2023	17	142	137	0	2	5	5,5	183	27,4	67	1011	199	0	0	0	1000	0,11	27	61	161	101	33
20/09/2023	18	128	122	0	2	4	5,3	188	26,4	71	1011	56	0	0	0	879	0,1	23	64	148	99	36
20/09/2023	19	73	65	0	2	5	3,1	226	25,2	74	1011	2	0	0	0	237	0,1	16	43	105	67	41
20/09/2023	20	8	4	0	2	4	1,4	263	23,8	68	1012	2	0	0	0	35	0,1	1	26	23	27	39
20/09/2023	21	12	7	0	2	5	1,2	75	22,9	90	1013	2	0	0	0	21	0,1	2	29	33	32	38
20/09/2023	22	15	8	0	2	4	1,1	26	21,9	98	1013	2	0	0	0	18	0,1	2	30	39	31	30
20/09/2023	23	14	9	0	2	4	0,6	259	20,6	100	1013	2	0	0	0	15	0,1	1	25	33	26	25
21/09/2023	00	10	6	0	2	4	0,5	268	20,4	92	1013	2	0	0	0	11	0,1	1	17	21	18	29
21/09/2023	01	7	5	0	2	3	0,5	250	19,8	81	1012	2	0	0	0	9	0,1	1	12	13	13	34
21/09/2023	02	9	7	0	2	3	1,7	266	19,7	75	1012	2	0	0	0	15	0,1	1	10	17	11	42
21/09/2023	03	5	3	0	2	2	1,4	247	19,1	78	1011	2	0	0	0	13	0,1	1	9	14	10	42
21/09/2023	04	5	3	0	2	2	2,5	265	19,9	68	1011	2	0	0	0	7	0,1	1	8	15	9	53
21/09/2023	05	8	6	0	2	2	2,8	249	20,7	60	1010	2	0	0	0	7	0,1	4	15	18	20	55
21/09/2023	06	38	32	0	2	2	2	208	20,1	62	1011	5	0	0	0	97	0,1	8	40	79	52	32
21/09/2023	07	66	60	0	2	3	3,5	210	20,8	60	1011	53	0	0	0	238	0,1	9	33	95	46	32
21/09/2023	08	18	8	0	5	3	6,5	227	20,9	61	1011	159	0	0	0	22	0,1	32	35	57	83	30
21/09/2023	09	37	23	0	4	3	5	208	23,5	52	1011	505	0	0	0	266	0,1	45	47	96	117	24
21/09/2023	10	17	10	0	3	3	8	232	25,6	41	1011	666	0	0	0	72	0,1	11	16	53	33	54
21/09/2023	11	6	3	0	2	2	8,6	233	26,6	37	1009	809	0	0	0	11	0,1	2	8	21	12	70
21/09/2023	12	6	3	0	3	2	8,3	229	27,6	33	1008	836	0	0	0	7	0,1	6	11	22	20	69
21/09/2023	13	6	3	0	2	2	9,8	236	28,3	33	1008	819	0	0	0	4	0,1	2	8	21	10	77
21/09/2023	14	12	5	0	5	1	7,7	227	28,3	34	1007	549	0	0	0	4	0,1	23	23	37	59	66
21/09/2023	15	5	2	0	2	1	9,6	240	28,7	33	1006	536	0	0	0	2	0,1	1	7	18	9	75
21/09/2023	16	4	2	0	2	1	7,6	242	28,7	36	1006	252	0	0	0	2	0,1	1	7	12	9	70
21/09/2023	17	3	2	0	2	1	6,1	239	28,1	38	1007	115	0	0	0	1	0,1	1	7	13	9	69
21/09/2023	18	3	1	0	2	1	5,8	270	27,3	41	1007	35	0	0	0	1	0,1	1	7	10	8	60
21/09/2023	19	2	1	0	2	2	2,9	269	25,9	47	1008	2	0	0	0	1	0,1	1	9	7	10	51
21/09/2023	20	3	1	0	2	2	2	257	25	50	1009	2	0	0	0	2	0,1	1	12	8	13	47
21/09/2023	21	2	1	0	2	2	4	262	24,9	52	1010	2	0	0	0	2	0,1	1	8	5	9	50
21/09/2023	22	1	1	0	2	2	4,9	256	24,9	53	1010	2	0	0	0	2	0,1	1	7	3	7	54
21/09/2023	23	1	1	0	2	3	3,7	253	24,2	58	1010	2	0	0	0	2	0,1	1	14	3	15	40
22/09/2023	00	6	5	0	2	3	3,1	239	23,7	63	1010	2	0	0	0	16	0,1	4	16	16	22	39
22/09/2023	01	2	1	0	2	3	3,3	261	22,7	70	1010	2	0	0	0	9	0,1	1	9	7	10	43
22/09/2023	02	2	1	0	3	3	3,9	276	22,6	70	1010	2	0	0	0	6	0,1	9	12	3	25	42
22/09/2023	03	3	2	0	2	3	2,5	332	22	69	1010	2	0	0	0	6	0,1	1	11	8	12	40
22/09/2023	04	5	3	0	2	3	1,2	347	20,5	64	1011	2	0	0	0	12	0,1	2	25	20	27	25
22/09/2023	05	7	4	0	2	3	0,9	263	19,8	62	1011	2	0	0	0	15	0,1	2	19	18	22	32
22/09/2023	06	4	1	0	2	3	2,5	284	20,3	47	1012	3	0	0	0	7	0,1	1	14	23	16	53
22/09/2023	07	4	1	0	2	3	3,7	299	19,9	47	1013	32	0	0	0	5	0,1	2	12	24	15	56
22/09/2023	08	4	1	0	2	3	6,3	284	21,1	45	1014	274	0	0	0	4	0,1	2	8	24	11	59
22/09/2023	09	3	1	0	2	3	7,2	281	22,1	42	1015	500	0	0	0	2	0,1	2	7	13	10	60
22/09/2023	10	4	3	0	2	3	4,2	297	23,6	38	1014	662	0	0	0	5	0,1	4	10	7	15	58
22/09/2023	11	5	3	0	2	3	2,3	50	25,3	31	1014	831	0	0	0	8	0,1	4	11	13	18	63
22/09/2023	12	2	1	0	2	3	4,4	109	25,9	31	1014	901	0	0	0	3	0,1	3	8	7	12	73
22/09/2023	13	2	1	0	2	2	6,1	123	25,8	33	1013	899	0	0	0	1	0,1	2	8	6	10	77
22/09/2023	14	2	1	0	2	2	6,7	122	25,2	36	1013	833	0	0	0	3	0,1	2	7	5	10	80
22/09/2023	15	15	14	0	2	2	6,3	132	24,8	40	1013	692	0	0	0	24	0,1	4	10	18	16	80
22/09/2023	16	2	1	0	2	2	5,2	118	25,1	41	1013	505	0	0	0	6	0,1	2	8	4	10	82
22/09/2023	17	2	1	0	2	2	3,4	109	25,2	42	1014	273	0	0	0	3	0,1	1	10	4	11	86
22/09/2023	18	2	1	0	2	3	1,1	101	23,9	49	1015	50	0	0	0	2	0,1	1	12	5	14	83
22/09/2023	19	5	3	0	2	3	0,6	17	21,6	59	1016	2	0	0	0	7	0,11	1	16	10	18	69
22/09/2023	20	5	4	0	2	3	1,7	315	20	66	1017	2	0	0	0	13	0,1	1	16	10	18	59
22/09/2023	21	4	2	0	2	3	1,7	311	19,8	66	1018	2	0	0	0	11	0,1	1	16	8	17	60
22/09/2023	22	4	2	0	2	3	1,1	316	19,6	65	1018	2	0	0	0	6	0,1	1	14	10	15	63
22/09/2023	23	4	2	0	2	4	0,3	300	18,7	69	1019	2	0	0	0	5	0,1	1	15	13	16	56
23/09/2023	00	3	2	0	2	3	0,1	288	18,6	67	1019	2	0	0	0	4	0,1	1	11	9	13	56
23/09/2023	01	13	9	0	2	3	2,7	346	18,4	58	1020	2	0	0	0	42	0,1	2	18	30	20	41
23/09/2023	02	11	9	0	2	2	0,7	264	18,1	57	1019	2	0	0	0	81	0,1	1	11	17	12	42
23/09/2023	03	6	3	0	2	2	0,5	40	16,5	68	1020	2	0	0	0	12	0,1	2	27	21	29	19
23/09/2023	04	12	7	0	2	2	1,6	8	15,8	69	1020	2	0	0	0	34	0,1	8	44	31	56	8
23/09/2023	05	22	13	0	1	3	4,2	359	16,1	63	1021	2	0	0	0	90	0,1	5	26	52	34	25
23/09/2023	06	33	16	0	2	2	5,4	0	16,7	59	1021	3	0	0	0	90	0,11	5	28	77	35	30
23/09/2023	07	7	3	0	2	3	1,7	2	17,6	57	1022	53	0	0	0	26	0,1	9	21	26	35	31
23/09/2023	08	6	4	0	2	2	0,4	148	20	51	1023	271	0	0	0	34	0,1	4	17	20	23	32
23/09/2023	09	8	6	0	2	2	0,8	262	21,8	43	1023	480	0	0	0	41	0,1	4	15	17	21	44
23/09/2023	10	18	15	0	5	2	1,6	223	23,5	39	1023	650	0	0	0	93	0,1	18	29	27	56	49
23/09/2023	11	91	89	0	5	1	4,2	180	24	38	1023	813	0	0	0	653	0,12	26	34	101	74	45
23/09/2023	12	138	136	0	2	2	5,6	168	23,9	43	1023	879	0	0	0	937	0,11	25	40	149	78	41
23/09/2023	13	162	160	0	3	3	6	161	24,1	47	1022	881	0	0	0	1000	0,14	25	41	173	78	45
23/09/2023	14	153	151	0	3	3	5,8	169	24,7	45	1022	813	0	0	0	951	0,12	22	52	164	86	47
23/09/2023	15	163	161	0	3	3	6,4	165	24,6	51	1021	679	0	0	0	965	0,13	21	48	172	81	47
23/09/2023	16	162	160	0	2	4	5,2	171	24,7	55	1021	489	0	0	0	1000	0,12	24	52	172	89	41
23/09/2023	17	142	140	0	2	3	3,7	177	24,5	58	1022	268	0	0	0	950	0,11	14	47	151	69	42
23/09/2023	18	117	115	0	2	3	1,9	177	23,5	67	1022	48	0	0	0	859	0,1	9	42	127	56	40
23/09/2023	19	33	31	0	2	3	1	252	22	74	1023	2	0	0	0	236	0,1	3	22	40	26	46
23/09/2023	20	3	2	0	2	2	1,2	314	20,6	83	1024	2	0	0	0	23	0,1	2	18	8	19	35
23/09/2023	21	4	2	0	2	2	1,8	312	20,3	84	1024	2	0	0	0	12	0,1	1	16	7	16	42
23/09/2023	22	4	3	0	2	3	1,4	341	20,1	86	1025	2	0	0	0	10	0,1	1	14	9	16	41
23/09/2023	23	22	20	0	2	3	2,4	338	19,8	88	1025	2	0	0	0	63	0,1	3	24	35	28	31
24/09/2023	00	3	2	0	2	3	0,8	309	19,1	94	1025	2	0	0	0	16	0,1	2	13	6	16	35
24/09/2023	01	3	2	0	2	3	0,3	310	18,8	97	1025	2	0	0	0	8	0,1	2	11	6	14	36
24/09/2023	02	3	2	0	2	3	0,1	346	18,2	100	1024	2	0	0	0	6	0,1	1	14	6	15	26
24/09/2023	03	4	3	0	2	3	0,2	17	18	100	1024	2	0	0	0	6	0,1	1	16	11	18	21
24/09/2023	04	5	3	0	2	3	0,3	258	17,6	100	1024	2	0	0	0	6	0,1	3	15	14	19	23
24/09/2023	05	6	3	0	2	3	0,2	341	17,1	100	1025	2	0	0	0	5	0,1	1	17	17	19	17
24/09/2023	06	7	4	0	2	3	0,1	140	16,9	100	1025	3	0	0	0	4	0,1	3	25	19	30	9
24/09/2023	07	5	4	0	2	3	0,3	102	18,1	97	1025	51	0	0	0	4	0,1	3	21	9	25	14
24/09/2023	08	8	6	0	2	3	0,7	102	20,9	90	1025	253	0	0	0	5	0,1	6	19	17	27	17
24/09/2023	09	25	21	0	2	3	1,4	115	24,1	76	1026	481	0	0	0	45	0,1	6	19	36	27	26
24/09/2023	10	31	29	0	2	3	3,1	134	25,3	68	1025	637	0	0	0	160	0,1	3	14	35	19	44
24/09/2023	11	51	50	0	2	3	4,7	137	25,1	70	1025	799	0	0	0	215	0,1	5	14	55	21	52
24/09/2023	12	68	67	0	4	3	5,3	140	25,2	70	1025	865	0	0	0	283	0,1	7	17	72	27	57
24/09/2023	13	88	86	0	3	3	5,6	144	25,3	71	1024	845	0	0	0	351	0,1	10	24	92	39	56
24/09/2023	14	145	142	0	2	4	5,8	164	25,5	64	1023	795	0	0	0	897	0,11	16	44	153	67	44
24/09/2023	15	165	163	0	2	4	5,8	169	25,5	63	1022	669	0	0	0	986	0,17	19	50	175	79	44
24/09/2023	16	158	156	0	2	4	5,1	174	25,4	68	1022	482	0	0	0	917	0,17	16	46	166	70	46
24/09/2023	17	116	114	0	2	4	3,8	182	25,2	72	1022	247	0	0	0	769	0,15	12	42	123	60	47
24/09/2023	18	93	90	0	2	4	3	191	23,8	80	1022	45	0	0	0	563	0,13	8	41	103	54	47
24/09/2023	19	26	25	0	2	4	1,7	227	22,5	84	1023	2	0	0	0	114	0,11	5	26	35	33	48
24/09/2023	20	5	2	0	2	4	1,1	272	21,6	89	1024	2	0	0	0	20	0,11	1	12	19	13	55
24/09/2023	21	3	2	0	2	4	0,7	278	21,2	91	1024	2	0	0	0	12	0,14	1	10	6	12	52
24/09/2023	22	3	2	0	2	3	0,9	274	20,6	94	1024	2	0	0	0	9	0,13	1	8	6	9	49
24/09/2023	23	3	2	0	2	4	1,1	259	19,9	98	1024	2	0	0	0	7	0,16	1	8	5	8	48
25/09/2023	00	3	2	0	2	4	0,8	249	19,4	100	1023	2	0	0	0	5	0,14	1	7	6	8	42
25/09/2023	01	3	2	0	2	3	0,7	245	19,3	100	1023	2	0	0	0	3	0,17	1	7	6	8	39
25/09/2023	02	4	3	0	2	3	0,6	272	19,2	100	1023	2	0	0	0	3	0,15	1	8	6	9	37
25/09/2023	03	6	4	0	2	3	0,1	301	18,5	100	1022	2	0	0	0	3	0,15	4	20	13	25	19
25/09/2023	04	6	4	0	2	3	0,3	233	17,8	100	1022	2	0	0	0	3	0,16	2	21	15	24	12
25/09/2023	05	8	4	0	2	4	0,2	58	17,6	100	1023	2	0	0	0	3	0,14	10	30	26	46	4
25/09/2023	06	8	4	0	2	4	0,4	309	17,2	100	1023	3	0	0	0	3	0,12	11	25	28	41	6
25/09/2023	07	15	5	0	2	4	0,2	70	19,8	96	1023	49	0	0	0	3	0,15	32	35	82	84	5
25/09/2023	08	17	8	0	2	4	1,4	22	21,8	86	1024	250	0	0	0	5	0,14	23	38	66	73	10
25/09/2023	09	17	12	0	2	4	1,9	48	23,8	75	1024	470	0	0	0	8	0,14	14	31	40	52	25
25/09/2023	10	6	4	0	2	3	1,8	98	25,6	73	1024	644	0	0	0	11	0,12	4	13	15	19	50
25/09/2023	11	21	20	0	2	3	3,1	112	26,3	72	1024	820	0	0	0	28	0,15	15	18	27	40	53
25/09/2023	12	7	5	0	3	3	3,3	114	26,5	73	1024	888	0	0	0	17	0,13	8	14	13	26	58
25/09/2023	13	14	13	0	2	3	4	123	27,2	67	1024	851	0	0	0	71	0,13	10	12	19	27	53
25/09/2023	14	48	47	0	4	3	3,8	129	26,6	70	1023	794	0	0	0	240	0,17	18	19	54	48	50
25/09/2023	15	38	37	0	6	3	3,9	127	26,4	71	1023	645	0	0	0	146	0,13	32	23	42	72	44
25/09/2023	16	36	35	0	2	3	3,2	125	26,3	68	1022	470	0	0	0	151	0,13	3	12	39	17	60
25/09/2023	17	16	15	0	2	2	2,4	126	26,4	63	1023	252	0	0	0	108	0,13	3	10	18	14	67
25/09/2023	18	7	6	0	2	2	1,3	119	24,5	74	1023	42	0	0	0	46	0,13	2	11	9	13	70
25/09/2023	19	2	1	0	2	2	0,2	86	22,6	89	1024	2	0	0	0	8	0,12	1	18	5	19	59
25/09/2023	20	5	2	0	2	3	0,1	324	21,5	93	1024	2	0	0	0	5	0,12	1	15	14	16	47
25/09/2023	21	4	2	0	2	3	0,7	313	20,6	96	1024	2	0	0	0	4	0,13	1	16	14	18	34
25/09/2023	22	5	3	0	2	3	0,5	279	20,3	97	1025	2	0	0	0	6	0,1	1	13	9	15	39
25/09/2023	23	6	5	0	2	3	0,2	286	19,8	100	1025	2	0	0	0	9	0,11	1	16	13	17	37
26/09/2023	00	3	2	0	2	3	0,2	265	19,4	100	1024	2	0	0	0	8	0,1	1	9	5	9	41
26/09/2023	01	6	5	0	2	3	0,1	275	18,9	100	1024	2	0	0	0	8	0,11	1	19	10	20	30
26/09/2023	02	6	4	0	2	3	0,6	293	18,6	100	1024	2	0	0	0	9	0,11	2	23	12	25	24
26/09/2023	03	3	2	0	2	3	0,4	282	18,4	100	1024	2	0	0	0	6	0,11	1	8	7	9	36
26/09/2023	04	7	5	0	2	3	0,3	137	18,1	100	1024	2	0	0	0	6	0,11	3	23	16	26	21
26/09/2023	05	6	4	0	2	3	0,2	141	17,5	100	1023	2	0	0	0	7	0,11	8	33	18	45	8
26/09/2023	06	7	4	0	2	3	0,1	256	17	100	1023	3	0	0	0	4	0,11	3	27	25	32	12
26/09/2023	07	12	5	0	2	4	0,3	20	18,8	97	1024	53	0	0	0	4	0,13	30	40	52	86	5
26/09/2023	08	13	7	0	2	4	0,3	283	21,4	87	1024	250	0	0	0	6	0,14	22	33	45	68	11
26/09/2023	09	36	29	0	2	4	1,6	115	23,7	77	1024	464	0	0	0	26	0,15	18	36	60	62	19
26/09/2023	10	16	13	0	2	4	2,5	134	24,8	70	1024	618	0	0	0	39	0,14	8	19	25	32	39
26/09/2023	11	51	49	0	2	3	4	142	25,2	74	1024	781	0	0	0	251	0,15	16	25	59	49	40
26/09/2023	12	59	57	0	3	3	5,1	145	25,4	72	1023	851	0	0	0	528	0,14	13	27	68	47	50
26/09/2023	13	96	94	0	2	3	5,1	150	25,2	72	1022	853	0	0	0	587	0,21	16	31	105	56	45
26/09/2023	14	53	52	0	2	3	5	142	25,2	76	1022	780	0	0	0	376	0,13	7	18	58	28	62
26/09/2023	15	34	33	0	2	3	4,2	130	25,4	79	1022	637	0	0	0	131	0,1	2	11	38	14	69
26/09/2023	16	15	14	0	2	3	3,3	121	26	76	1022	443	0	0	0	53	0,1	3	11	19	15	70
26/09/2023	17	16	15	0	2	3	2,2	124	25	82	1022	129	0	0	0	39	0,1	4	12	19	18	67
26/09/2023	18	3	2	0	2	3	1,2	120	24,2	83	1022	32	0	0	0	16	0,1	2	12	6	15	63
26/09/2023	19	3	2	0	2	3	0,1	66	23	89	1023	2	0	0	0	8	0,1	1	14	7	14	52
26/09/2023	20	5	2	0	2	3	0,2	311	22,2	94	1024	2	0	0	0	6	0,1	1	12	18	14	40
26/09/2023	21	4	3	0	2	4	0,8	273	21,6	100	1024	2	0	0	0	6	0,1	1	12	9	13	41
26/09/2023	22	4	3	0	2	3	0,5	283	21,2	100	1024	2	0	0	0	5	0,1	1	9	6	10	42
26/09/2023	23	4	3	0	2	3	0,5	277	21,1	100	1024	2	0	0	0	4	0,1	1	8	6	9	42
27/09/2023	00	7	6	0	2	3	0,2	225	20,7	100	1024	2	0	0	0	3	0,1	2	15	11	18	31
27/09/2023	01	9	8	0	2	3	0,1	11	20,1	100	1024	2	0	0	0	3	0,1	2	28	16	32	14
27/09/2023	02	8	7	0	2	2	0,2	275	19,8	100	1023	2	0	0	0	3	0,1	1	11	11	12	30
27/09/2023	03	10	9	0	2	2	0,1	88	19,2	100	1023	2	0	0	0	3	0,1	3	30	16	35	11
27/09/2023	04	9	7	0	2	2	0,1	251	19	100	1023	2	0	0	0	1	0,1	1	11	17	13	27
27/09/2023	05	8	6	0	2	2	0,4	256	19,1	100	1022	2	0	0	0	1	0,1	2	17	21	20	26
27/09/2023	06	14	9	0	2	2	0,3	24	18,5	100	1023	3	0	0	0	1	0,1	19	41	37	70	3
27/09/2023	07	14	9	0	2	3	0,1	246	20,2	95	1023	51	0	0	0	2	0,1	14	34	44	56	9
27/09/2023	08	14	10	0	2	3	1	111	21,4	94	1024	221	0	0	0	3	0,1	21	30	37	62	8
27/09/2023	09	28	26	0	3	3	1,2	135	24,4	78	1024	465	0	0	0	97	0,1	12	25	41	43	27
27/09/2023	10	88	85	0	3	3	3	174	25,2	75	1024	613	0	0	0	397	0,1	18	33	100	60	35
27/09/2023	11	86	83	0	3	3	4,5	152	25,8	74	1023	773	0	0	0	556	0,1	21	34	97	66	38
27/09/2023	12	72	70	0	3	3	4,6	150	26,5	71	1023	842	0	0	0	562	0,1	29	40	84	84	34
27/09/2023	13	114	111	0	3	3	5,2	153	26,2	75	1022	842	0	0	0	759	0,1	19	38	123	66	46
27/09/2023	14	137	134	0	2	3	4,7	165	25,7	80	1021	769	0	0	0	841	0,1	18	40	148	67	53
27/09/2023	15	130	128	0	2	3	4,5	164	25,5	78	1021	634	0	0	0	793	0,1	15	38	139	61	49
27/09/2023	16	116	114	0	2	3	3,9	162	25,6	77	1020	437	0	0	0	633	0,1	14	33	122	55	49
27/09/2023	17	104	102	0	2	3	2,8	175	25,3	76	1021	186	0	0	0	680	0,1	14	38	110	59	42
27/09/2023	18	90	88	0	2	3	2,1	192	23,9	79	1021	18	0	0	0	646	0,1	9	36	100	50	42
27/09/2023	19	30	28	0	2	3	1,1	211	23,3	84	1021	2	0	0	0	234	0,1	2	24	39	27	50
27/09/2023	20	5	2	0	2	3	0,7	267	22,7	87	1022	2	0	0	0	27	0,1	1	19	16	20	46
27/09/2023	21	3	2	0	2	3	0,9	288	22,1	91	1022	2	0	0	0	17	0,1	1	14	7	15	43
27/09/2023	22	4	3	0	2	3	1,2	276	21,5	94	1022	2	0	0	0	16	0,1	1	13	7	14	43
27/09/2023	23	3	2	0	2	3	0,5	285	21,4	93	1022	2	0	0	0	11	0,1	1	9	5	10	46
28/09/2023	00	3	2	0	2	3	0,2	305	20,7	96	1022	2	0	0	0	9	0,1	1	10	6	11	38
28/09/2023	01	6	5	0	2	2	0,8	328	20,2	97	1022	2	0	0	0	9	0,1	1	14	12	15	32
28/09/2023	02	4	3	0	2	2	0,3	306	19,8	98	1021	2	0	0	0	8	0,1	1	10	8	11	31
28/09/2023	03	5	3	0	2	2	0,5	326	19,5	99	1021	2	0	0	0	5	0,1	1	11	10	12	32
28/09/2023	04	7	5	0	2	2	1,4	329	19,8	99	1021	2	0	0	0	11	0,1	1	15	14	17	33
28/09/2023	05	6	4	0	2	3	1,5	324	19,6	100	1021	2	0	0	0	15	0,1	2	17	12	20	29
28/09/2023	06	12	9	0	2	3	1,8	344	19,9	100	1022	3	0	0	0	16	0,1	5	30	26	38	21
28/09/2023	07	20	13	0	2	3	1,4	338	20,9	100	1022	48	0	0	0	42	0,1	10	38	52	52	17
28/09/2023	08	10	6	0	2	3	2,2	16	23,1	87	1023	220	0	0	0	26	0,1	9	23	29	36	24
28/09/2023	09	11	7	0	2	3	3,2	28	24,3	81	1023	449	0	0	0	17	0,1	9	27	28	41	28
28/09/2023	10	7	4	0	2	3	2,4	46	25,8	75	1023	609	0	0	0	15	0,1	4	15	21	21	44
28/09/2023	11	10	8	0	2	2	3	107	27,4	69	1022	760	0	0	0	19	0,1	3	13	20	18	50
28/09/2023	12	35	33	0	2	2	4,3	129	26,7	77	1022	831	0	0	0	65	0,1	3	12	39	17	61
28/09/2023	13	44	42	0	2	2	3,9	132	26,9	80	1021	823	0	0	0	164	0,1	4	15	49	21	65
28/09/2023	14	76	74	0	2	2	4,3	145	26,3	79	1021	754	0	0	0	271	0,12	11	27	85	44	62
28/09/2023	15	99	97	0	3	2	3,7	156	26,3	74	1021	635	0	0	0	516	0,21	13	32	107	51	57
28/09/2023	16	75	74	0	3	2	3,7	145	26,5	77	1021	450	0	0	0	363	0,21	9	25	80	39	58
28/09/2023	17	78	77	0	2	2	3,1	152	25,9	81	1021	229	0	0	0	571	0,22	7	28	83	39	51
28/09/2023	18	39	37	0	2	2	1,6	144	24,8	85	1022	33	0	0	0	422	0,2	4	24	44	29	53
28/09/2023	19	10	9	0	2	2	0,6	123	23,3	95	1022	2	0	0	0	107	0,16	1	16	15	17	55
28/09/2023	20	5	3	0	2	2	0,2	332	22,3	99	1023	2	0	0	0	27	0,16	1	18	14	20	38
28/09/2023	21	5	3	0	2	2	0,2	296	21,9	100	1023	2	0	0	0	15	0,2	1	16	11	18	33
28/09/2023	22	6	4	0	2	3	0,6	276	21,2	100	1023	2	0	0	0	14	0,15	1	13	10	14	36
28/09/2023	23	4	3	0	2	3	0,8	269	20,9	100	1023	2	0	0	0	9	0,15	1	9	7	10	39
29/09/2023	00	5	4	0	2	3	0,1	285	20,5	100	1023	2	0	0	0	7	0,16	1	10	8	10	31
29/09/2023	01	6	5	0	2	3	0,2	229	20,3	100	1023	2	0	0	0	8	0,16	3	26	12	31	18
29/09/2023	02	6	5	0	2	3	0,1	296	20	100	1023	2	0	0	0	10	0,16	2	14	10	16	27
29/09/2023	03	7	5	0	2	3	0,2	100	19,3	100	1023	2	0	0	0	12	0,15	11	28	14	46	13
29/09/2023	04	9	7	0	2	3	0,4	293	18,8	100	1023	2	0	0	0	9	0,16	2	21	18	23	15
29/09/2023	05	12	10	0	2	3	2,1	329	19,4	100	1023	2	0	0	0	27	0,16	2	21	21	24	25
29/09/2023	06	18	15	0	2	3	2,1	334	19,9	100	1024	3	0	0	0	74	0,18	5	29	33	36	22
29/09/2023	07	12	8				1,3	330	21	99	1024	43	0							31		
29/09/2023	08	15	8	0	2	3	2,4	18	23	83	1025	228	0	0	0	22	0,18	15	34	47	57	20
29/09/2023	09	14	9	0	3	3	2,3	53	24,6	79	1026	441	0	0	0	19	0,18	14	28	40	50	26
29/09/2023	10	8	5	0	2	3	1,9	77	26,2	79	1027	603	0	0	0	13	0,13	4	13	18	18	47
29/09/2023	11	5	4	0	2	2	3,1	96	26,7	76	1026	756	0	0	0	9	0,15	2	9	11	13	53
29/09/2023	12	5	4	0	2	2	3,9	99	27,1	75	1026	830	0	0	0	6	0,15	1	8	9	10	58
29/09/2023	13	6	4	0	2	3	4,2	105	27,4	74	1025	831	0	0	0	5	0,16	1	8	9	9	59
29/09/2023	14	6	5	0	2	2	4,2	98	27,1	78	1025	759	0	0	0	4	0,18	1	8	10	9	65
29/09/2023	15	8	7	0	2	2	3,8	95	27,1	78	1025	624	0	0	0	3	0,17	2	9	12	12	76
29/09/2023	16	8	6	0	2	2	2,8	93	27,1	76	1025	411	0	0	0	2	0,14	1	9	11	10	80
29/09/2023	17	7	6	0	2	2	2,7	107	26,2	90	1025	178	0	0	0	2	0,17	1	9	11	10	77
29/09/2023	18	9	7	0	2	2	1,7	129	25	98	1026	29	0	0	0	2	0,18	1	14	14	15	74
29/09/2023	19	26	24	0	2	2	1,6	196	23,2	100	1026	2	0	0	0	22	0,19	2	15	32	18	77
29/09/2023	20	16	14	0	2	3	1,2	233	22,9	100	1027	2	0	0	0	10	0,18	1	14	24	15	69
29/09/2023	21	18	15	0	2	3	0,8	261	22,1	100	1027	2	0	0	0	4	0,2	1	14	25	16	52
29/09/2023	22	18	16	0	2	3	0,8	271	21,6	100	1027	2	0	0	0	2	0,17	1	11	22	13	46
29/09/2023	23	18	15	0	2	3	0,3	248	21,1	100	1027	2	0	0	0	1	0,18	1	11	25	12	37
30/09/2023	00	14	12	0	2	3	0,1	70	20	100	1027	2	0	0	0	1	0,16	2	21	21	24	13
30/09/2023	01	14	11	0	2	3	0,1	331	19,8	100	1027	2	0	0	0	1	0,16	4	25	24	31	12
30/09/2023	02	11	9	0	2	3	0,1	290	19,6	100	1027	2	0	0	0	2	0,12	1	14	16	14	21
30/09/2023	03	12	10	0	2	4	0,1	223	19,1	100	1026	2	0	0	0	2	0,15	2	22	21	24	14
30/09/2023	04	12	10	0	2	5	0,1	239	19,1	100	1026	2	0	0	0	2	0,14	2	20	19	23	16
30/09/2023	05	19	15	0	2	4	0,1	339	18,9	100	1026	2	0	0	0	1	0,15	3	23	36	27	13
30/09/2023	06	13	10	0	2	3	0,1	317	18,9	100	1026	3	0	0	0	2	0,12	1	18	27	19	21
30/09/2023	07	12	10	0	2	3	0,2	291	20,6	95	1027	42	0	0	0	5	0,13	3	17	21	21	24
30/09/2023	08	15	12	0	2	3	0,2	238	23,4	82	1028	242	0	0	0	8	0,14	3	18	26	23	28
30/09/2023	09	21	17	0	2	3	0,2	69	26,1	76	1028	452	0	0	0	16	0,18	5	20	35	27	31
30/09/2023	10	27	22	0	2	3	0,9	99	28,1	65	1028	604	0	0	0	38	0,16	5	24	43	31	36
30/09/2023	11	34	30	0	2	3	2,6	134	28,8	64	1027	766	0	0	0	81	0,18	5	21	45	28	40
30/09/2023	12	91	89	0	2	3	3,4	156	28,5	61	1027	837	0	0	0	522	0,19	11	37	102	54	42
30/09/2023	13	134	131	0	2	3	3,8	174	28,8	56	1027	842	0	0	0	905	0,21	13	42	149	63	43
30/09/2023	14	122	119	0	2	3	4,3	171	29	53	1026	771	0	0	0	938	0,22	15	49	137	72	47
30/09/2023	15	116	114	0	2	3	4,4	180	28,1	62	1025	635	0	0	0	904	0,23	13	45	129	65	51
30/09/2023	16	103	101	0	2	3	3,8	174	27,8	63	1025	449	0	0	0	962	0,17	14	46	118	68	50
30/09/2023	17	168	155	0	2	3	3	176	27,1	68	1025	224	0	0	0	768	0,12	9	41	181	55	43
30/09/2023	18	56	54	0	2	3	2,1	200	25,2	80	1025	27	0	0	0	436	0,12	5	30	71	37	44
30/09/2023	19	69	67	0	2	3	0,8	230	24,2	86	1026	2	0	0	0	351	0,12	4	34	79	40	38
30/09/2023	20	15	12	0	2	3	1	328	22,6	83	1026	2	0	0	0	64	0,12	2	32	24	35	21
30/09/2023	21	9	7	0	2	3	0,7	313	22,3	68	1026	2	0	0	0	24	0,12	2	22	17	24	31
30/09/2023	22	8	6	0	2	4	0,2	264	21,6	66	1026	2	0	0	0	15	0,1	1	14	15	15	39
30/09/2023	23	7	6	0	2	3	0,2	358	21	69	1026	2	0	0	0	12	0,1	2	18	12	21	35
01/10/2023	00	8	7	0	2	3	0,1	14	20	77	1026	2	0	0	0	9	0,13	1	24	16	25	21
01/10/2023	01	10	7	0	2	3	0,1	312	20,1	74	1026	2	0	0	0	11	0,18	1	20	27	22	26
01/10/2023	02	9	7	0	2	3	0,2	260	19,7	77	1025	2	0	0	0	17	0,2	1	17	17	18	27
01/10/2023	03	8	7	0	2	2	0,5	258	19,5	74	1025	2	0	0	0	15	0,22	1	13	14	14	35
01/10/2023	04	11	8	0	2	3	0,3	1	18,8	82	1025	2	0	0	0	18	0,2	4	21	25	27	18
01/10/2023	05	23	18	0	2	3	1	342	19,6	78	1025	2	0	0	0	57	0,2	5	37	45	43	15
01/10/2023	06	15	11	0	2	3	0,3	284	18,9	86	1025	3	0	0	0	25	0,2	1	29	30	31	15
01/10/2023	07	13	9	0	2	3	0,2	21	19,8	82	1026	37	0	0	0	14	0,19	4	28	28	34	11
01/10/2023	08	13	9	0	2	3	1,2	26	22,8	66	1026	229	0	0	0	17	0,21	8	29	26	41	19
01/10/2023	09	15	10	0	2	3	2	35	25	60	1026	448	0	0	0	44	0,2	10	33	32	49	23
01/10/2023	10	10	8	0	2	3	1,4	65	27,1	60	1026	611	0	0	0	25	0,22	4	19	20	25	36
01/10/2023	11	12	10	0	2	3	2,6	89	27,8	65	1026	767	0	0	0	20	0,24	2	15	20	19	55
01/10/2023	12	13	11	0	2	3	2,8	96	28,5	57	1025	841	0	0	0	17	0,26	2	17	21	19	71
01/10/2023	13	13	10	0	2	3	2,9	98	28,7	51	1024	842	0	0	0	19	0,24	2	16	19	19	81
01/10/2023	14	13	12	0	2	2	2,8	119	29,4	49	1024	764	0	0	0	34	0,2	1	12	19	14	81
01/10/2023	15	8	7	0	2	2	2,8	111	29,1	57	1023	629	0	0	0	12	0,22	1	9	11	10	76
01/10/2023	16	7	6	0	2	2	2,7	94	28,1	73	1023	434	0	0	0	5	0,24	1	10	11	11	76
01/10/2023	17	8	6	0	2	2	3,3	61	26,8	86	1023	204	0	0	0	4	0,28	2	12	15	14	74
01/10/2023	18	10	7	0	2	2	3,5	50	24,9	99	1024	23	0	0	0	3	0,26	1	15	21	16	72
01/10/2023	19	10	8	0	2	3	3,7	46	23,8	100	1024	2	0	0	0	3	0,24	2	23	19	24	60
01/10/2023	20	12	10	0	2	3	2,7	30	23,2	100	1025	2	0	0	0	3	0,25	5	25	22	32	48
01/10/2023	21	16	12	0	2	4	2,7	15	23,3	97	1026	2	0	0	0	3	0,22	5	39	30	46	37
01/10/2023	22	18	12	0	2	3	3	16	23,2	94	1026	2	0	0	0	5	0,23	2	27	39	29	44
01/10/2023	23	21	13	0	2	3	3,3	17	22,7	99	1026	2	0	0	0	5	0,22	2	29	43	31	42
02/10/2023	00	19	13	0	2	3	3,3	14	22,2	91	1026	2	0	0	0	7	0,2	2	37	36	38	27
02/10/2023	01	15	10	0	2	3	3,5	18	22,6	85	1026	2	0	0	0	7	0,22	2	31	35	33	38
02/10/2023	02	16	10	0	2	2	2,9	17	22,5	92	1025	2	0	0	0	7	0,21	1	31	35	32	37
02/10/2023	03	15	10	0	2	2	2,5	22	21,6	88	1025	2	0	0	0	7	0,22	1	35	30	36	27
02/10/2023	04	62	55	0	2	3	3	348	21,5	83	1025	2	0	0	0	274	0,24	6	50	88	58	25
02/10/2023	05	19	17	0	2	2	2	321	20,3	91	1025	2	0	0	0	78	0,18	1	18	27	19	36
02/10/2023	06	17	15	0	2	2	2,4	324	20,2	90	1025	2	0	0	0	48	0,18	2	24	23	26	31
02/10/2023	07	30	27	0	5	2	2	328	21,5	92	1026	38	0	0	0	120	0,23	19	41	43	71	28
02/10/2023	08	17	11	0	5	3	2,1	13	23,5	85	1027	217	0	0	0	50	0,25	19	34	45	64	25
02/10/2023	09	13	8	0	2	3	3,1	27	25	81	1027	428	0	0	0	18	0,22	6	23	35	33	38
02/10/2023	10	11	7	0	2	3	2,4	41	26,2	80	1027	591	0	0	0	14	0,21	5	18	28	25	44
02/10/2023	11	9	7	0	2	2	2,8	83	27,5	74	1026	736	0	0	0	11	0,21	5	12	20	20	52
02/10/2023	12	8	6	0	2	2	4,9	98	27,4	78	1025	814	0	0	0	7	0,21	2	10	12	13	57
02/10/2023	13	7	5	0	2	2	4,9	95	27,4	80	1025	812	0	0	0	4	0,19	2	8	10	10	58
02/10/2023	14	7	6	0	2	2	4,5	80	27,2	85	1024	743	0	0	0	3	0,24	1	8	12	10	62
02/10/2023	15	9	6	0	2	2	4	82	27,4	84	1024	604	0	0	0	2	0,3	3	9	15	13	63
02/10/2023	16	9	7	0	2	2	3,2	81	27,2	87	1023	411	0	0	0	1	0,28	1	9	15	11	71
02/10/2023	17	9	7	0	2	1	2,6	91	26,1	95	1024	137	0	0	0	1	0,34	1	9	14	11	70
02/10/2023	18	8	6	0	2	2	1,2	93	24,6	100	1024	14	0	0	0	1	0,31	1	11	13	12	64
02/10/2023	19	10	7	0	2	2	0,2	60	23,7	100	1025	2	0	0	0	1	0,3	1	18	20	20	58
02/10/2023	20	14	11	0	2	2	0,4	3	23,1	100	1026	2	0	0	0	1	0,29	1	20	27	22	41
02/10/2023	21	16	12	0	2	2	0,2	6	22,7	100	1026	2	0	0	0	1	0,29	3	26	37	30	30
02/10/2023	22	13	11	0	2	2	0,1	301	22	100	1026	2	0	0	0	1	0,25	2	15	22	17	29
02/10/2023	23	15	13	0	2	2	0,2	275	21,4	100	1026	2	0	0	0	1	0,27	1	11	22	12	27
03/10/2023	00	28	23	0	2	3	0,1	287	21,2	100	1026	2	0	0	0	1	0,3	1	21	39	23	19
03/10/2023	01	32	26	0	2	3	0,9	224	20,4	100	1026	2	0	0	0	2	0,34	2	21	46	23	12
03/10/2023	02	13	12	0	2	3	0,7	269	20,4	100	1025	2	0	0	0	2	0,25	1	9	18	10	24
03/10/2023	03	15	13	0	2	3	0,1	25	20,1	100	1025	2	0	0	0	1	0,24	2	16	25	18	16
03/10/2023	04	16	13	0	2	3	0,3	317	19,6	100	1025	2	0	0	0	3	0,25	2	15	29	18	19
03/10/2023	05	15	13				0,2	349			1026	0	0							28		
03/10/2023	11												0									
03/10/2023	12												0									
