Red: Red de Vigilancia y Control de la Contaminación Atmosférica
Estación: 46250055-València Olivereta
	
FECHA	HORA	PM2.5	NO	NO2	PM10	NOx
		µg/m³	µg/m³	µg/m³	µg/m³	µg/m³
01/01/2025	00	25	8	26	26	38
01/01/2025	01		11	37		53
01/01/2025	02		5	27		35
01/01/2025	03		3	17		22
01/01/2025	04	19	3	13	20	17
01/01/2025	05	14	4	13	16	19
01/01/2025	06	12	3	14	15	19
01/01/2025	07	13	12	22	15	40
01/01/2025	08	11	6	24	15	34
01/01/2025	09	12	7	19	14	29
01/01/2025	10	10	5	13	13	21
01/01/2025	11	8	5	12	12	19
01/01/2025	12	11	7	15	14	25
01/01/2025	13	11	8	20	15	31
01/01/2025	14	12	4	19	18	26
01/01/2025	15	10	4	13	18	18
01/01/2025	16	10	6	25	22	34
01/01/2025	17	12	15	43	28	66
01/01/2025	18	15	17	45	28	71
01/01/2025	19	14	23	49	18	85
01/01/2025	20	17	45	61	21	130
01/01/2025	21	22	44	54	24	121
01/01/2025	22	21	44	47	23	114
01/01/2025	23	20	40	45	22	106
02/01/2025	00	19	17	38	20	64
02/01/2025	01	19	6	27	21	36
02/01/2025	02	20	7	21	21	32
02/01/2025	03	14	2	11	17	14
02/01/2025	04	10	3	16	15	21
02/01/2025	05	10	11	26	19	43
02/01/2025	06	8	31	37	19	85
02/01/2025	07	10	76	49	27	166
02/01/2025	08	14	85	51	39	181
02/01/2025	09	14	60	49	45	140
02/01/2025	10	14	31	39	38	86
02/01/2025	11	14	18	24	29	52
02/01/2025	12	8	11	19	22	35
02/01/2025	13	7	9	16	19	30
02/01/2025	14	5	8	14	16	26
02/01/2025	15	4	6	14	15	23
02/01/2025	16	5	8	20	18	34
02/01/2025	17	9	13	31	28	51
02/01/2025	18	12	21	50	34	82
02/01/2025	19	15	20	52	39	82
02/01/2025	20	16	44	60	44	128
02/01/2025	21	21	79	67	50	188
02/01/2025	22	27	93	66	61	209
02/01/2025	23	17	25	53	35	92
03/01/2025	00	11	5	36	24	43
03/01/2025	01	10	4	31	24	36
03/01/2025	02	9	3	23	19	27
03/01/2025	03	9	5	23	20	31
03/01/2025	04	8	6	26	22	35
03/01/2025	05	9	22	42	24	76
03/01/2025	06	13	31	50	39	97
03/01/2025	07	18	102	72	53	229
03/01/2025	08	21	61	64	57	158
03/01/2025	09	17	20	44	46	75
03/01/2025	10	19			50	
03/01/2025	11	12	12	27	35	44
03/01/2025	12	9	10	24	26	40
03/01/2025	13	11	14	28	29	49
03/01/2025	14	8	9	22	26	35
03/01/2025	15	9	13	38	31	58
03/01/2025	16	9	8	31	34	43
03/01/2025	17	9	11	36	32	52
03/01/2025	18	10	12	44	32	62
03/01/2025	19	9	12	45	29	63
03/01/2025	20	8	14	44	25	65
03/01/2025	21	9	6	26	21	36
03/01/2025	22	7	4	17	15	23
03/01/2025	23	7	3	22	17	26
04/01/2025	00	8	2	22	21	25
04/01/2025	01	8	2	16	18	18
04/01/2025	02	7	2	10	14	12
04/01/2025	03	7	1	10	14	12
04/01/2025	04	7	1	8	13	10
04/01/2025	05	8	1	9	14	11
04/01/2025	06	9	3	21	17	27
04/01/2025	07	9	4	22	18	29
04/01/2025	08	11	5	28	23	35
04/01/2025	09	11	7	27	24	38
04/01/2025	10	12	11	30	26	46
04/01/2025	11	10	7	22	22	33
04/01/2025	12	9	7	18	20	29
04/01/2025	13	8	5	16	18	24
04/01/2025	14	7	4	12	15	19
04/01/2025	15	7	5	11	15	18
04/01/2025	16	7	5	20	16	27
04/01/2025	17	7	7	25	16	36
04/01/2025	18	8	8	35	19	47
04/01/2025	19	11	22	61	26	95
04/01/2025	20	15	21	60	33	92
04/01/2025	21	14	19	57	30	86
04/01/2025	22	17	41	64	42	127
04/01/2025	23	13	8	43	25	55
05/01/2025	00	13	6	31	22	40
05/01/2025	01	10	2	16	16	19
05/01/2025	02	8	1	7	14	9
05/01/2025	03	9	1	5	15	7
05/01/2025	04	10	1	6	15	7
05/01/2025	05	9	1	6	15	8
05/01/2025	06	9	2	5	15	7
05/01/2025	07	9	3	10	15	13
05/01/2025	08	10	4	10	17	16
05/01/2025	09	9	3	9	17	13
05/01/2025	10	10	8	16	20	27
05/01/2025	11	10	4	11	18	17
05/01/2025	12	11	4	11	18	17
05/01/2025	13	11	4	13	18	19
05/01/2025	14	10	5	10	18	17
05/01/2025	15	10	4	13	17	19
05/01/2025	16	9	6	18	17	26
05/01/2025	17	11	6	33	24	42
05/01/2025	18	18	8	44	38	56
05/01/2025	19	28	23	59	50	94
05/01/2025	20	27	24	47	54	84
05/01/2025	21	20	6	40	50	49
05/01/2025	22	23	9	41	55	54
05/01/2025	23	23	9	43	55	58
06/01/2025	00	23	3	28	48	32
06/01/2025	01	22	3	25	46	30
06/01/2025	02	21	5	26	44	33
06/01/2025	03	18	3	20	37	24
06/01/2025	04	13	3	24	31	29
06/01/2025	05	15	7	37	38	48
06/01/2025	06	14	10	42	35	58
06/01/2025	07	21	28	55	41	98
06/01/2025	08	8	3	14	20	18
06/01/2025	09	3	2	8	11	11
06/01/2025	10	3	3	13	10	17
06/01/2025	11	2	5	13	9	20
06/01/2025	12	3	4	16	13	21
06/01/2025	13	3	4	12	12	17
06/01/2025	14	3	3	11	11	17
06/01/2025	15	2	2	6	9	10
06/01/2025	16	2	2	11	9	15
06/01/2025	17	5	5	25	16	33
06/01/2025	18	5	7	35	17	46
06/01/2025	19	4	5	29	13	36
06/01/2025	20	3	4	29	14	36
06/01/2025	21	4	4	33	15	38
06/01/2025	22	4	7	41	16	52
06/01/2025	23	5	6	29	17	37
07/01/2025	00	3	1	14	9	16
07/01/2025	01	2	1	9	8	10
07/01/2025	08	10	34	59	35	111
07/01/2025	09	10	39	54	35	114
07/01/2025	10	8	18	33	26	61
07/01/2025	11	5	10	19	22	34
07/01/2025	12	6	9	17	25	31
07/01/2025	13	6	8	14	25	25
07/01/2025	14	7	6	12	26	22
07/01/2025	15	6	6	14	23	22
07/01/2025	16	7	7	22	29	33
07/01/2025	17	7	8	31	27	44
07/01/2025	18	6	7	21	20	32
07/01/2025	19	8	7	23	18	33
07/01/2025	20	6	5	17	15	24
07/01/2025	21	5	4	13	14	19
07/01/2025	22	5	3	12	13	16
07/01/2025	23	4	1	7	10	10
08/01/2025	00	3	1	5	9	7
08/01/2025	01	3	1	6	9	7
08/01/2025	02	3	1	5	8	6
08/01/2025	03	3	1	4	8	6
08/01/2025	04	2	1	3	8	5
08/01/2025	05	4	3	11	12	15
08/01/2025	06	5	5	25	15	34
08/01/2025	07	6	15	41	17	65
08/01/2025	08	7	27	55	26	96
08/01/2025	09	20	19	44	39	72
08/01/2025	10	9	14	33	26	54
08/01/2025	11	10	12	27	32	46
08/01/2025	12	6	8	19	23	32
08/01/2025	13	7	9	20	26	34
08/01/2025	14	8	10	23	29	38
08/01/2025	15	6	8	19	26	31
08/01/2025	16	6	8	23	21	34
08/01/2025	17	7	12	34	20	52
08/01/2025	18	7	9	33	19	47
08/01/2025	19	11	12	39	24	58
08/01/2025	20	10	6	26	24	35
08/01/2025	21	7	4	19	17	24
08/01/2025	22	7	2	9	21	12
08/01/2025	23	6	1	5	21	7
09/01/2025	00	5	1	4	14	6
09/01/2025	01	4	1	4	9	6
09/01/2025	02	3	1	4	8	6
09/01/2025	03	2	1	3	7	5
09/01/2025	04	2	1	4	7	5
09/01/2025	05	3	1	8	9	10
09/01/2025	06	3	4	15	11	20
09/01/2025	07	4	12	29	15	48
09/01/2025	08	9	13	35	23	54
09/01/2025	09	9	17	44	29	70
09/01/2025	10	9	13	31	29	50
09/01/2025	11	7	8	17	29	29
09/01/2025	12	8	10	14	28	30
09/01/2025	13	10	6	13	40	22
09/01/2025	14	7	6	11	26	19
09/01/2025	15	7	6	15	28	25
09/01/2025	16	7	7	22	25	33
09/01/2025	17	8	13	43	31	63
09/01/2025	18	8	11	34	24	50
09/01/2025	19	8	12	39	21	57
09/01/2025	20	10	26	44	27	84
09/01/2025	21	13	14	48	36	70
09/01/2025	22	10	5	29	23	37
09/01/2025	23	8	3	14	16	17
10/01/2025	00	8	1	9	18	11
10/01/2025	01	6	1	7	13	9
10/01/2025	02	5	1	9	10	11
10/01/2025	03	5	1	7	10	9
10/01/2025	04	5	1	7	11	9
10/01/2025	05	6	2	16	17	19
10/01/2025	06	7	7	27	21	37
10/01/2025	07	7	14	31	23	51
10/01/2025	08	7	15	32	23	56
10/01/2025	09	7	17	37	24	62
10/01/2025	10	8	13	27	29	47
10/01/2025	11	8	11	20	29	36
10/01/2025	12	7	11	20	27	36
10/01/2025	13	5	8	16	23	29
10/01/2025	14	5	9	16	22	30
10/01/2025	15	5	7	16	23	26
10/01/2025	16	5	8	17	22	29
10/01/2025	17	6	8	21	20	33
10/01/2025	18	6	7	21	20	32
10/01/2025	19	7	6	19	26	28
10/01/2025	20	8	8	31	24	43
10/01/2025	21	8	7	36	21	47
10/01/2025	22	7	4	25	20	32
10/01/2025	23	5	3	14	13	18
11/01/2025	00	5	2	12	15	15
11/01/2025	01	6	2	9	14	12
11/01/2025	02	5	1	8	13	10
11/01/2025	03	5	1	7	11	8
11/01/2025	04	4	1	8	13	9
11/01/2025	05	3	1	7	10	9
11/01/2025	06	2	2	7	9	10
11/01/2025	07	2	2	10	9	13
11/01/2025	08	3	3	13	11	18
11/01/2025	09	3	4	13	13	20
11/01/2025	10	3	6	12	14	22
11/01/2025	11	5	8	16	22	28
11/01/2025	12	3	7	12	14	23
11/01/2025	13	3	6	11	14	20
11/01/2025	14	3	8	18	14	30
11/01/2025	15	3	7	20	17	30
11/01/2025	16	5	6	15	28	24
11/01/2025	17	3	6	18	20	28
11/01/2025	18	3	8	23	12	36
11/01/2025	19	3	4	26	13	33
11/01/2025	20	6	20	56	19	86
11/01/2025	21	10	37	68	32	125
11/01/2025	22	8	18	43	23	70
11/01/2025	23	3	1	9	14	11
12/01/2025	00	3	2	7	11	9
12/01/2025	01	5	1	3	25	5
12/01/2025	02	7	1	2	39	3
12/01/2025	03	4	1	2	21	4
12/01/2025	04	2	1	1	8	3
12/01/2025	05	2	1	2	8	3
12/01/2025	06	2	1	3	8	5
12/01/2025	07	2	1	3	9	5
12/01/2025	08	2	1	4	15	6
12/01/2025	09	2	2	7	12	10
12/01/2025	10	3	4	10	16	16
12/01/2025	11	3	5	12	19	20
12/01/2025	12	3	6	14	16	23
12/01/2025	13	2	6	15	9	23
12/01/2025	14	3	4	12	11	18
12/01/2025	15	3	4	16	10	22
12/01/2025	16	3	4	23	11	29
12/01/2025	17	4	7	26	16	36
12/01/2025	18	7	12	46	24	64
12/01/2025	19	8	7	40	24	50
12/01/2025	20	14	6	34	33	44
12/01/2025	21	14	4	27	34	33
12/01/2025	22	14	3	26	34	31
12/01/2025	23	13	2	23	33	26
13/01/2025	00	15	3	33	35	37
13/01/2025	01	22	4	38	42	44
13/01/2025	02	18	2	19	32	21
13/01/2025	03	9	1	12	19	14
13/01/2025	04	9	1	11	18	13
13/01/2025	05	9	4	24	18	30
13/01/2025	06	7	7	29	18	40
13/01/2025	07	7	29	48	20	93
13/01/2025	08	10	49	64	33	139
13/01/2025	09	10	38	49	33	107
13/01/2025	10	7	17	34	23	60
13/01/2025	11	14	22	40	57	73
13/01/2025	12	13	14	32	49	53
13/01/2025	13	7	8	20	22	32
13/01/2025	14	6	12	27	18	45
13/01/2025	15	8	15	40	23	62
13/01/2025	16	7	10	33	22	48
13/01/2025	17	7	12	41	21	60
13/01/2025	18	9	17	52	25	78
13/01/2025	19	14	36	73	36	128
13/01/2025	20	16	32	73	40	121
13/01/2025	21	14	20	58	32	88
13/01/2025	22	16	20	57	34	87
13/01/2025	23	21	7	46	36	57
14/01/2025	00	16	1	20	25	22
14/01/2025	01	10	1	11	18	12
14/01/2025	02	8	2	9	16	11
14/01/2025	03	7	1	8	15	10
14/01/2025	04	7	1	9	15	11
14/01/2025	05	7	3	21	17	25
14/01/2025	06	7	18	37	18	64
14/01/2025	07	9	41	59	26	122
14/01/2025	08	8	28	48	26	90
14/01/2025	09	7	21	40	23	72
14/01/2025	10	7	15	31	20	53
14/01/2025	11	10	20	36	33	66
14/01/2025	12	11	12	28	36	47
14/01/2025	13	9	11	24	23	41
14/01/2025	14	7	10	25	22	40
14/01/2025	15	14	12	32	41	49
14/01/2025	16	13	17	46	36	72
14/01/2025	17	8	17	54	25	79
14/01/2025	18	12	47	82	36	155
14/01/2025	19	17	75	90	49	205
14/01/2025	20	28	99	93	73	244
14/01/2025	21	36	89	85	84	222
14/01/2025	22	37	19	60	56	90
14/01/2025	23	27	13	49	44	68
15/01/2025	00	22	2	30	35	33
15/01/2025	01	17	1	22	28	24
15/01/2025	02	13	1	19	24	21
15/01/2025	03	14	1	21	25	22
15/01/2025	04	18	2	29	31	31
15/01/2025	05	20	14	46	39	67
15/01/2025	06	18	40	53	41	114
15/01/2025	07	23	123	70	54	258
15/01/2025	08	30	189	81	80	371
15/01/2025	09	41	162	76	133	324
15/01/2025	10	34	60	57	87	150
15/01/2025	11	23	23	37	48	73
15/01/2025	12	15	17	28	36	54
15/01/2025	13	15	17	30	34	55
15/01/2025	14	14	13	33	37	53
15/01/2025	15	16	12	32	42	50
15/01/2025	16	21	29	54	54	98
15/01/2025	17	21	17	55	49	81
15/01/2025	18	28	38	83	65	140
15/01/2025	19	29	55	89	70	173
15/01/2025	20	31	51	83	69	161
15/01/2025	21	47	108	86	92	251
15/01/2025	22	52	85	80	83	211
15/01/2025	23	43	27	53	67	95
16/01/2025	00	35	10	44	56	59
16/01/2025	01	27	5	34	44	42
16/01/2025	02	20	3	24	34	28
16/01/2025	03	16	2	25	29	28
16/01/2025	04	14	3	23	27	27
16/01/2025	05	13	6	26	24	35
16/01/2025	06	17	51	50	38	129
16/01/2025	07	17	90	62	38	201
16/01/2025	08	15	55	56	36	141
16/01/2025	09	21	56	58	50	144
16/01/2025	10	21	59	57	51	146
16/01/2025	11	18	18	33	42	61
16/01/2025	12	15	21	21	39	53
16/01/2025	13	15	10	21	40	37
16/01/2025	14	13	9	20	32	34
16/01/2025	15	12	7	19	32	30
16/01/2025	16	9	9	24	26	37
16/01/2025	17	8	10	30	17	45
16/01/2025	18	5	24	50	10	86
16/01/2025	19	5	23	52	11	87
16/01/2025	20	3	10	33	8	48
16/01/2025	21	5	7	29	10	39
16/01/2025	22	7	6	29	11	39
16/01/2025	23	6	4	18	11	23
17/01/2025	00	5	1	9	10	11
17/01/2025	01	5	1	8	10	10
17/01/2025	02	4	2	5	8	8
17/01/2025	03	2	1	5	6	6
17/01/2025	04	2	1	7	6	9
17/01/2025	05	2	3	10	7	14
17/01/2025	06	2	6	16	7	25
17/01/2025	07	2	28	44	8	87
17/01/2025	08	4	22	40	8	73
17/01/2025	09	4	14	31	9	52
17/01/2025	10	6	18	38	11	65
17/01/2025	11	6	14	28	10	48
17/01/2025	12	4	25	40	10	78
17/01/2025	13	8	28	40	15	84
17/01/2025	14	9	15	31	15	54
17/01/2025	15	9	13	31	15	51
17/01/2025	16	9	10	30	20	45
17/01/2025	17	10	14	36	23	57
17/01/2025	18	11	20	48	26	79
17/01/2025	19	12	29	53	30	98
17/01/2025	20	14	33	59	30	109
17/01/2025	21	20	38	65	40	124
17/01/2025	22	30	14	48	41	70
17/01/2025	23	29	9	36	36	50
18/01/2025	00	21	4	26	28	32
18/01/2025	01	16	3	20	21	24
18/01/2025	02	16	2	16	21	19
18/01/2025	03	8	2	12	14	14
18/01/2025	04	6	1	11	12	14
18/01/2025	05	5	1	12	11	15
18/01/2025	06	6	4	22	13	28
18/01/2025	07	7	10	38	16	53
18/01/2025	08	8	12	39	20	57
18/01/2025	09	9	14	34	23	55
18/01/2025	10	8	11	25	17	42
18/01/2025	11	9	16	27	20	51
18/01/2025	12	6	14	29	18	52
18/01/2025	13	5	14	30	16	52
18/01/2025	14	4	7	20	12	31
18/01/2025	15	8	9	31	21	45
18/01/2025	16	9	16	46	20	70
18/01/2025	17	11	12	43	29	61
18/01/2025	18	16	38	77	44	136
18/01/2025	19	27	111	90	62	261
18/01/2025	20	34	213	105	82	432
18/01/2025	21	40	152	86	78	320
18/01/2025	22	50	37	56	64	113
18/01/2025	23	37	19	44	44	73
19/01/2025	00	22	10	34	30	48
19/01/2025	01	20	5	27	26	34
19/01/2025	02	17	2	17	21	20
19/01/2025	03	13	1	11	18	13
19/01/2025	04	12	1	11	16	13
19/01/2025	05	9	2	12	16	16
19/01/2025	06	10	2	18	19	22
19/01/2025	07	10	4	23	19	29
19/01/2025	08	9	8	31	20	43
19/01/2025	09	10	8	27	21	40
19/01/2025	10	13	9	24	24	37
19/01/2025	11	12	6	16	21	25
19/01/2025	12	11	8	19	20	30
19/01/2025	13	7	5	15	14	23
19/01/2025	14	7	5	17	19	24
19/01/2025	15	10	5	18	23	26
19/01/2025	16	8	4	20	17	26
19/01/2025	17	9	8	29	20	41
19/01/2025	18	14	15	58	35	81
19/01/2025	19	21	32	75	55	124
19/01/2025	20	30	67	82	58	184
19/01/2025	21	29	90	82	58	219
19/01/2025	22	35	37	61	52	117
19/01/2025	23	28	8	38	35	50
20/01/2025	00	21	3	34	29	39
20/01/2025	01	20	2	29	31	33
20/01/2025	02	16	2	24	22	26
20/01/2025	03	16	2	19	24	22
20/01/2025	04	14	2	21	20	25
20/01/2025	05	16	13	32	24	51
20/01/2025	06	15	19	38	26	67
20/01/2025	07	15	88	61	37	195
20/01/2025	08	19	104	66	55	225
20/01/2025	09	17	31	50	42	97
20/01/2025	10	13	11	30	29	47
20/01/2025	11	13	10	33	30	48
20/01/2025	12	13	11	27	28	43
20/01/2025	13	13	10	26	30	42
20/01/2025	14	10	10	27	23	44
20/01/2025	15	11	19	46	29	75
20/01/2025	16	16	34	64	44	116
20/01/2025	17	20	39	72	51	131
20/01/2025	18	22	50	87	56	164
20/01/2025	19	27	122	103	71	290
20/01/2025	20	33	105	87	74	247
20/01/2025	21	37	85	80	84	211
20/01/2025	22	36	46	64	62	134
20/01/2025	23	37	16	53	49	77
21/01/2025	00	32	11	45	46	62
21/01/2025	01	29	4	37	36	43
21/01/2025	02	23	4	32	26	38
21/01/2025	03	22	7	31	25	41
21/01/2025	04	19	3	26	21	31
21/01/2025	05	14	6	30	16	39
21/01/2025	06	12	29	40	16	85
21/01/2025	07	14	100	52	19	206
21/01/2025	08	19	138	56	28	267
21/01/2025	09	20	116	52	28	230
21/01/2025	10	32	100	52	44	205
21/01/2025	11	35	74	49	65	164
21/01/2025	12	32	57	49	70	136
21/01/2025	13	32	51	55	69	133
21/01/2025	14	37	56	59	82	144
21/01/2025	15	33	30	55	74	102
21/01/2025	16	24	33	54	60	104
21/01/2025	17	26	30	58	53	104
21/01/2025	18	25	39	69	54	129
21/01/2025	19	32	88	79	73	213
21/01/2025	20	38	120	75	82	259
21/01/2025	21	44	113	70	83	243
21/01/2025	22	49	120	64	85	248
21/01/2025	23	45	75	51	69	165
22/01/2025	00	39	42	42	58	107
22/01/2025	01	37	39	37	55	97
22/01/2025	02	34	32	32	47	81
22/01/2025	03	34	32	29	45	79
22/01/2025	04	26	15	27	33	51
22/01/2025	05	17	20	28	30	59
22/01/2025	06	28	57	36	51	124
22/01/2025	07	39	194	65	87	362
22/01/2025	08	41	167	53	90	308
22/01/2025	09	37	117	56	81	235
22/01/2025	10	32	89	59	78	195
22/01/2025	11	32	51	52	70	130
22/01/2025	12	35	49	56	76	130
22/01/2025	13	40	29	61	93	104
22/01/2025	14	25	11	33	60	50
22/01/2025	15	28	14	39	72	60
22/01/2025	16	34	21	47	94	80
22/01/2025	17	26	9	39	77	52
22/01/2025	18	25	16	59	73	82
22/01/2025	19	20	10	47	60	62
22/01/2025	20	14	4	26	40	32
22/01/2025	21	15	10	40	39	56
22/01/2025	22	17	8	40	43	53
22/01/2025	23	14	5	36	34	44
23/01/2025	00	14	3	31	32	35
23/01/2025	01	7	1	8	17	9
23/01/2025	02	7	1	13	17	15
23/01/2025	03	8	3	18	21	23
23/01/2025	04	7	1	11	18	12
23/01/2025	05	8	2	11	21	15
23/01/2025	06	12	16	43	34	67
23/01/2025	07	12	20	43	35	73
23/01/2025	08	12	28	49	36	91
23/01/2025	09	14	26	45	45	84
23/01/2025	10	11	10	27	31	41
23/01/2025	11	9	9	21	37	35
23/01/2025	12	6	8	19	24	32
23/01/2025	13	6	9	24	20	39
23/01/2025	14	5	8	20	19	31
23/01/2025	15	5	8	23	18	36
23/01/2025	16	5	9	30	20	44
23/01/2025	17	6	12	46	25	63
23/01/2025	18	12	19	63	43	92
23/01/2025	19	10	12	49	32	67
23/01/2025	20	10	14	59	38	80
23/01/2025	21	13	19	57	45	86
23/01/2025	22	13	16	55	41	79
23/01/2025	23	11	6	42	28	51
24/01/2025	00	8	2	22	16	25
24/01/2025	01	8	2	22	18	25
24/01/2025	02	8	1	19	18	21
24/01/2025	03	6	1	11	13	13
24/01/2025	04	6	2	17	13	19
24/01/2025	05	7	3	24	15	28
24/01/2025	06	10	16	39	26	64
24/01/2025	07	15	80	65	40	188
24/01/2025	08	18	55	68	47	153
24/01/2025	09	23	79	65	62	186
24/01/2025	10	20	23	40	42	75
24/01/2025	11	12	10	22	29	37
24/01/2025	12	8	7	16	23	27
24/01/2025	13	7	8	20	21	32
24/01/2025	14	6	8	21	17	34
24/01/2025	15	6	9	24	20	39
24/01/2025	16	7	9	31	24	45
24/01/2025	17	7	11	39	24	55
24/01/2025	18	9	16	58	29	82
24/01/2025	19	14	20	70	41	101
24/01/2025	20	13	18	65	36	92
24/01/2025	21	13	11	53	35	70
24/01/2025	22	15	6	43	32	52
24/01/2025	23	10	3	28	21	33
25/01/2025	00	9	2	31	19	34
25/01/2025	01	8	1	16	16	18
25/01/2025	02	6	2	12	13	15
25/01/2025	03	5	1	7	10	9
25/01/2025	04	6	1	11	12	13
25/01/2025	05	7	2	9	13	11
25/01/2025	06	7	2	17	15	20
25/01/2025	07	8	4	18	17	24
25/01/2025	08	10	5	19	24	26
25/01/2025	09	9	5	15	20	23
25/01/2025	10	10	6	17	20	26
25/01/2025	11	10	6	15	20	23
25/01/2025	12	9	6	14	19	23
25/01/2025	13	7	4	12	21	18
25/01/2025	14	5	4	11	20	17
25/01/2025	15	5	3	12	18	17
25/01/2025	16	5	4	14	18	19
25/01/2025	17	5	6	24	14	32
25/01/2025	18	4	5	20	14	27
25/01/2025	19	5	5	27	14	35
25/01/2025	20	5	5	25	13	33
25/01/2025	21	5	8	38	15	50
25/01/2025	22	5	4	25	13	31
25/01/2025	23	4	4	24	13	29
26/01/2025	00	4	2	20	12	23
26/01/2025	01	3	2	11	11	14
26/01/2025	02	3	1	8	9	10
26/01/2025	03	3	1	8	9	10
26/01/2025	04	3	2	9	9	11
26/01/2025	05	3	1	7	9	9
26/01/2025	06	3	2	9	9	11
26/01/2025	07	4	2	16	10	19
26/01/2025	08	5	2	14	13	18
26/01/2025	09	6	3	13	12	18
26/01/2025	10	4	3	10	11	15
26/01/2025	11	4	4	7	10	13
26/01/2025	12	4	5	11	12	18
26/01/2025	13	4	3	9	15	14
26/01/2025	14	3	3	9	10	14
26/01/2025	15	3	2	9	9	12
26/01/2025	16	3	3	11	10	16
26/01/2025	17	3	3	15	10	20
26/01/2025	18	6	7	33	17	43
26/01/2025	19	16	8	45	29	57
26/01/2025	20	10	5	43	22	51
26/01/2025	21	21	6	39	30	47
26/01/2025	22	7	2	19	15	23
26/01/2025	23	6	4	25	16	31
27/01/2025	00	10	6	31	23	40
27/01/2025	01	5	1	10	12	12
27/01/2025	02	4	1	6	10	8
27/01/2025	03	3	2	5	9	7
27/01/2025	04	2	1	3	7	5
27/01/2025	05	1	3	8	8	13
27/01/2025	06	2	4	11	9	17
27/01/2025	07	3	12	28	12	46
27/01/2025	08	5	21	39	23	71
27/01/2025	09	5	13	28	23	48
27/01/2025	10	4	6	13	20	23
27/01/2025	11	6	7	12	34	22
27/01/2025	12	5	8	14	30	27
27/01/2025	13	10	5	11	58	18
27/01/2025	14	12	5	9	73	16
27/01/2025	15	12	5	13	69	20
27/01/2025	16	3	9	21	18	34
27/01/2025	17	6	8	21	27	34
27/01/2025	18	4	12	28	21	47
27/01/2025	19	6	21	42	25	74
27/01/2025	20	5	3	10	29	15
27/01/2025	21	6	3	9	37	14
27/01/2025	22	4	2	7	25	9
27/01/2025	23	9	1	3	50	5
28/01/2025	00	4	1	2	26	4
28/01/2025	01	5	1	2	27	3
28/01/2025	02	5	1	2	28	3
28/01/2025	03	4	1	2	22	3
28/01/2025	04	5	1	4	22	6
28/01/2025	05	6	2	7	19	9
28/01/2025	06	7	2	11	17	15
28/01/2025	07	8	7	27	22	38
28/01/2025	08	7	7	27	24	37
28/01/2025	09	5	6	20	25	29
28/01/2025	10	3	5	15	18	23
28/01/2025	11	2	6	17	13	25
28/01/2025	12	3	6	17	19	26
28/01/2025	13	4	7	16	22	26
28/01/2025	14	4	6	15	22	24
28/01/2025	15	3	7	16	18	26
28/01/2025	16	3	6	21	15	31
28/01/2025	17	3	10	35	13	49
28/01/2025	18	4	10	42	14	57
28/01/2025	19	3	7	28	14	40
28/01/2025	20	4	6	21	12	30
28/01/2025	21	3	3	12	10	16
28/01/2025	22	3	2	10	11	14
28/01/2025	23	3	1	8	10	9
29/01/2025	00	3	1	4	11	6
29/01/2025	01	3	1	5	9	7
29/01/2025	02	4	2	5	9	8
29/01/2025	03	4	1	4	10	5
29/01/2025	04	4	1	3	11	5
29/01/2025	05	6	2	8	15	11
29/01/2025	06	7	4	16	19	22
29/01/2025	07	9	16	31	22	56
29/01/2025	08	10	11	28	24	45
29/01/2025	09	10	8	23	25	35
29/01/2025	10	9	6	17	20	27
29/01/2025	11	10	6	17	25	26
29/01/2025	12	9	7	21	27	31
29/01/2025	13	9	5	17	28	25
29/01/2025	14	8	8	22	22	34
29/01/2025	15	7	9	23	20	36
29/01/2025	16	6	7	24	20	34
29/01/2025	17	8	12	40	28	59
29/01/2025	18	5	8	30	15	42
29/01/2025	19	8	11	42	21	59
29/01/2025	20	10	12	42	27	61
29/01/2025	21	12	15	48	27	71
29/01/2025	22	7	3	23	18	27
29/01/2025	23	5	4	33	15	40
30/01/2025	00	8	2	17	15	20
30/01/2025	01	4	3	7	10	11
30/01/2025	02	3	1	5	13	7
30/01/2025	03	4	1	4	11	6
30/01/2025	04	6	1	5	12	7
30/01/2025	05	6	2	11	15	13
30/01/2025	06	8	7	28	21	39
30/01/2025	07	9	22	56	26	90
30/01/2025	08	13	31	61	40	108
30/01/2025	09	10	18	43	31	70
30/01/2025	10	9	16	38	28	62
30/01/2025	11	7	9	22	27	36
30/01/2025	12	4	6	14	17	23
30/01/2025	13	3	9	19	15	33
30/01/2025	14	3	7	17	14	28
30/01/2025	15	3	11	29	14	46
30/01/2025	16	5	27	55	22	97
30/01/2025	17	7	47	68	29	140
30/01/2025	18	7	39	63	28	123
30/01/2025	19	3	6	16	18	25
30/01/2025	20	3	3	12	17	17
30/01/2025	21	2	5	16	9	23
30/01/2025	22	2	4	14	8	20
30/01/2025	23	1	2	10	6	13
31/01/2025	00	1	2	8	7	11
31/01/2025	01	1	1	6	6	8
31/01/2025	02	1	1	3	5	5
31/01/2025	03	1	1	4	6	5
31/01/2025	04	1	1	5	7	7
31/01/2025	05	1	2	10	7	12
31/01/2025	06	3	7	27	9	38
31/01/2025	07	6	28	51	15	94
31/01/2025	08	7	22	49	18	83
31/01/2025	09	6	20	39	25	69
31/01/2025	10	4	10	24	16	39
31/01/2025	12	4	7	15	13	26
31/01/2025	13	4	6	16	14	26
31/01/2025	14	5	9	17	15	31
31/01/2025	15	4	6	16	15	26
31/01/2025	16	6	7	25	20	36
31/01/2025	17	9	8	29	23	42
31/01/2025	18	9	16	47	22	71
31/01/2025	19	8	14	55	19	77
31/01/2025	20	7	13	50	19	69
31/01/2025	21	11	14	53	24	74
31/01/2025	22	15	25	71	29	108
31/01/2025	23	17	24	58	29	95
01/02/2025	00	20	5	38	27	45
01/02/2025	01	17	5	30	24	38
01/02/2025	02	15	2	21	22	24
01/02/2025	03	9	1	13	15	15
01/02/2025	04	8	1	14	15	16
01/02/2025	05	7	3	21	15	26
01/02/2025	06	6	4	29	14	35
01/02/2025	07	12	11	36	22	53
01/02/2025	08	12	10	30	23	45
01/02/2025	09	14	17	35	30	62
01/02/2025	10	10	11	30	26	47
01/02/2025	11	15	9	21	30	34
01/02/2025	12	5	6	14	17	24
01/02/2025	13	3	5	14	11	22
01/02/2025	14	4	6	17	11	25
01/02/2025	15	5	7	23	13	34
01/02/2025	16	5	4	16	15	23
01/02/2025	17	8	8	28	17	40
01/02/2025	18	6	12	45	13	64
01/02/2025	19	6	22	57	13	91
01/02/2025	20	9	20	50	14	80
01/02/2025	21	13	26	53	22	92
01/02/2025	22	18	18	48	32	76
01/02/2025	23	26	10	34	34	50
02/02/2025	00	23	5	24	30	31
02/02/2025	01	17	3	15	22	19
02/02/2025	02	11	1	9	15	12
02/02/2025	03	8	1	8	12	10
02/02/2025	04	6	1	7	10	9
02/02/2025	05	6	2	6	9	9
02/02/2025	06	4	2	11	8	13
02/02/2025	07	4	3	19	10	22
02/02/2025	08	5	4	21	14	28
02/02/2025	09	6	7	19	17	29
02/02/2025	10	7	8	17	17	29
02/02/2025	11	7	6	13	16	21
02/02/2025	12	5	3	8	14	13
02/02/2025	13	4	4	9	13	14
02/02/2025	14	3	6	13	10	22
02/02/2025	15	4	5	13	11	20
02/02/2025	16	4	4	13	10	19
02/02/2025	17	4	5	22	11	30
02/02/2025	18	5	6	34	14	42
02/02/2025	19	10	27	67	26	108
02/02/2025	20	13	62	79	31	173
02/02/2025	21	21	48	68	35	141
02/02/2025	22	29	9	45	35	59
02/02/2025	23	23	4	26	27	31
03/02/2025	00	14	2	21	19	25
03/02/2025	01	11	1	14	15	16
03/02/2025	02	9	1	8	13	10
03/02/2025	03	8	1	7	13	9
03/02/2025	04	5	1	7	9	9
03/02/2025	05	5	4	14	10	19
03/02/2025	06	5	14	29	12	51
03/02/2025	07	7	47	53	19	125
03/02/2025	08	6	36	42	17	97
03/02/2025	09	7	33	40	22	90
03/02/2025	10	7	18	27	17	55
03/02/2025	11	9	23	33	27	68
03/02/2025	12	5	12	26	18	44
03/02/2025	13	5	10	23	16	38
03/02/2025	14	5	12	28	15	45
03/02/2025	15	6	19	42	17	72
03/02/2025	16	5	13	38	15	58
03/02/2025	17	8	24	65	22	102
03/02/2025	18	13	48	83	39	157
03/02/2025	19	15	46	83	43	153
03/02/2025	20	38	79	86	68	208
03/02/2025	21	34	91	81	71	221
03/02/2025	22	35	93	73	68	215
03/02/2025	23	26	23	47	48	82
04/02/2025	00	21	10	40	37	54
04/02/2025	01	19	3	27	30	30
04/02/2025	02	13	1	18	22	20
04/02/2025	03	12	1	16	21	18
04/02/2025	04	8	1	18	15	20
04/02/2025	05	8	3	24	16	29
04/02/2025	06	6	11	35	16	52
04/02/2025	07	15	84	64	42	194
04/02/2025	08	21	132	68	63	270
04/02/2025	09	39	91	68	87	207
04/02/2025	10	23	53	54	65	135
04/02/2025	11	17	29	44	48	90
04/02/2025	12	30	12	31	54	49
04/02/2025	13	19	12	29	37	48
04/02/2025	14	10	7	21	24	32
04/02/2025	15	5	6	19	18	29
04/02/2025	16	5	7	23	18	33
04/02/2025	17	7	12	45	25	63
04/02/2025	18	14	30	81	49	126
04/02/2025	19	21	75	101	62	216
04/02/2025	20	20	52	83	48	163
04/02/2025	21	24	16	61	40	85
04/02/2025	22	24	12	52	39	71
04/02/2025	23	24	11	50	37	66
05/02/2025	00	26	11	42	36	58
05/02/2025	01	23	2	25	31	28
05/02/2025	02	14	2	21	23	24
05/02/2025	03	10	2	16	20	18
05/02/2025	04	13	2	23	23	26
05/02/2025	05	16	13	38	31	57
05/02/2025	06	26	44	44	52	112
05/02/2025	07	25	108	63	56	228
05/02/2025	08	27	158	71	87	314
05/02/2025	09	34	142	71	114	289
05/02/2025	10	13	30	40	40	85
05/02/2025	11	10	20	35	34	65
05/02/2025	12	10	17	36	30	62
05/02/2025	13	17	20	44	43	75
05/02/2025	14	11	16	41	27	65
05/02/2025	15	12	18	45	24	72
05/02/2025	16	16	23	57	32	91
05/02/2025	17	17	25	61	32	99
05/02/2025	18	16	20	60	32	90
05/02/2025	19	19	43	80	38	146
05/02/2025	20	28	91	87	55	228
05/02/2025	21	33	72	76	54	187
05/02/2025	22	40	87	72	59	206
05/02/2025	23	44	61	61	61	154
06/02/2025	00	44	9	40	53	54
06/02/2025	01	38	2	25	42	28
06/02/2025	02	26	2	19	32	21
06/02/2025	03	16	1	13	23	15
06/02/2025	04	14	1	13	21	15
06/02/2025	05	13	3	16	21	21
06/02/2025	06	12	13	33	22	53
06/02/2025	07	15	53	56	32	138
06/02/2025	08	18	68	55	42	159
06/02/2025	09	22	62	58	56	152
06/02/2025	10	36	70	57	100	164
06/02/2025	11	19	22	39	45	72
06/02/2025	12	19	17	39	37	65
06/02/2025	13	18	15	36	36	60
06/02/2025	14	28	29	58	54	101
06/02/2025	15	16	14	44	30	66
06/02/2025	16	14	20	55	27	86
06/02/2025	17	14	13	48	27	67
06/02/2025	18	17	16	57	33	81
06/02/2025	19	23	39	84	42	144
06/02/2025	20	28	78	96	51	216
06/02/2025	21	33	90	90	63	227
06/02/2025	22	43	46	75	59	146
06/02/2025	23	42	19	55	53	84
07/02/2025	00	35	4	32	41	39
07/02/2025	01	29	2	26	34	29
07/02/2025	02	28	1	22	33	24
07/02/2025	03	30	1	22	39	23
07/02/2025	04	32	4	31	47	38
07/02/2025	05	28	15	41	43	63
07/02/2025	06	30	47	49	47	122
07/02/2025	07	36	114	57	64	231
07/02/2025	08	45	155	58	85	296
07/02/2025	09	47	93	58	91	200
07/02/2025	10	37	62	60	68	155
07/02/2025	11	36	40	52	68	113
07/02/2025	12	23	14	29	44	49
07/02/2025	13	12	9	21	26	35
07/02/2025	14	10	9	20	27	33
07/02/2025	15	19	8	29	35	42
07/02/2025	16	21	9	31	43	44
07/02/2025	17	17	13	47	35	68
07/02/2025	18	18	30	76	35	122
07/02/2025	19	28	29	86	47	131
07/02/2025	20	22	10	49	35	64
07/02/2025	21	12	5	28	21	36
07/02/2025	22	10	4	33	20	40
07/02/2025	23	14	4	39	26	45
08/02/2025	00	13	3	29	23	34
08/02/2025	01	8	2	14	15	16
08/02/2025	02	7	1	9	13	11
08/02/2025	03	6	1	8	11	9
08/02/2025	04	8	1	12	12	14
08/02/2025	05	8	1	9	12	12
08/02/2025	06	8	2	15	13	18
08/02/2025	07	11	12	36	19	55
08/02/2025	08	17	25	38	34	76
08/02/2025	09	13	20	32	23	63
08/02/2025	10	12	25	35	27	73
08/02/2025	11	5	6	15	18	23
08/02/2025	12	3	4	12	15	18
08/02/2025	13	3	6	15	12	24
08/02/2025	14	2	6	15	10	24
08/02/2025	15	3	7	20	10	30
08/02/2025	16	4	7	27	14	37
08/02/2025	17	5	6	25	14	34
08/02/2025	18	6	11	52	16	70
08/02/2025	19	6	10	46	15	62
08/02/2025	20	7	17	62	17	88
08/02/2025	21	9	12	54	21	72
08/02/2025	22	14	30	65	28	110
08/02/2025	23	19	15	53	28	76
09/02/2025	00	21	7	34	28	46
09/02/2025	01	19	4	27	24	33
09/02/2025	02	15	2	18	19	21
09/02/2025	03	11	1	12	14	14
09/02/2025	04	8	1	10	12	12
09/02/2025	05	6	1	9	11	11
09/02/2025	06	6	3	17	12	21
09/02/2025	07	9	5	24	15	31
09/02/2025	08	10	12	35	18	53
09/02/2025	09	8	10	24	16	39
09/02/2025	10	7	6	16	14	26
09/02/2025	11	7	8	18	14	31
09/02/2025	12	9	6	18	17	27
09/02/2025	13	12	14	30	20	52
09/02/2025	14	15	14	35	23	57
09/02/2025	15	13	7	23	20	33
09/02/2025	16	10	8	29	16	41
09/02/2025	17	8	7	35	14	45
09/02/2025	18	8	8	38	15	51
09/02/2025	19	10	11	42	18	57
09/02/2025	20	14	18	52	24	79
09/02/2025	21	18	15	44	27	67
09/02/2025	22	20	11	47	29	63
09/02/2025	23	24	5	37	31	46
10/02/2025	00	24	2	20	27	23
10/02/2025	01	19	2	19	26	21
10/02/2025	02	16	1	16	29	18
10/02/2025	03	16	1	16	28	18
10/02/2025	04	18	2	26	28	29
10/02/2025	05	14	11	31	22	47
10/02/2025	06	14	19	43	24	71
10/02/2025	07	19	74	53	38	166
10/02/2025	08	25	98	61	67	211
10/02/2025	09	20	51	46	50	124
10/02/2025	10	18	33	48	43	99
10/02/2025	11	22	37	53	51	109
10/02/2025	12	26	31	54	55	101
10/02/2025	13	21	17	39	35	65
10/02/2025	14	19	15	40	34	63
10/02/2025	15	14	10	30	28	45
10/02/2025	16	14	10	34	23	49
10/02/2025	17	14	13	41	24	61
10/02/2025	18	12	14	47	23	68
10/02/2025	19	6	11	41	16	57
10/02/2025	20	7	7	37	17	47
10/02/2025	21	7	8	37	17	50
10/02/2025	22	7	4	32	18	37
10/02/2025	23	6	2	24	14	27
11/02/2025	00	5	1	20	14	22
11/02/2025	01	5	1	18	13	20
11/02/2025	02	7	2	25	18	27
11/02/2025	03	10	2	23	21	26
11/02/2025	04	12	8	36	22	49
11/02/2025	05	17	27	44	29	85
11/02/2025	06	24	118	57	45	238
11/02/2025	07	25	140	58	44	273
11/02/2025	08	25	144	59	51	280
11/02/2025	09	27	121	58	62	244
11/02/2025	10	19	32	46	38	95
11/02/2025	11	11	13	29	23	48
11/02/2025	12	11	8	23	22	36
11/02/2025	13	14	9	27	29	40
11/02/2025	14	18	12	33	39	52
11/02/2025	15	15	8	26	31	39
11/02/2025	16	14	7	26	29	37
11/02/2025	17	11	9	26	24	41
11/02/2025	18	10	13	40	22	59
11/02/2025	19	10	12	52	21	71
11/02/2025	20	13	15	62	25	84
11/02/2025	21	17	12	52	30	70
11/02/2025	22	18	10	41	29	56
11/02/2025	23	16	4	27	24	32
12/02/2025	00	24	2	23	29	26
12/02/2025	01	21	1	15	25	17
12/02/2025	02	20	2	17	25	20
12/02/2025	03	24	1	16	31	18
12/02/2025	04	24	1	15	31	18
12/02/2025	05	26	5	24	32	32
12/02/2025	06	30	23	42	39	77
12/02/2025	07	31	64	47	37	145
12/02/2025	08	36	48	50	48	123
12/02/2025	09	37	60	54	54	147
12/02/2025	10	26	11	28	43	44
12/02/2025	11	23	11	26	34	42
12/02/2025	12	26	23	45	42	79
12/02/2025	13	22	13	28	37	47
12/02/2025	14	13	12	25	27	43
12/02/2025	15	5	9	25	19	38
12/02/2025	16	7	18	48	18	76
12/02/2025	17	20	16	49	28	73
12/02/2025	18	27	22	56	39	90
12/02/2025	19	29	20	62	48	94
12/02/2025	20	35	20	61	59	92
12/02/2025	21	33	24	51	64	87
12/02/2025	22	6	5	26	19	34
12/02/2025	23	5	3	16	14	20
13/02/2025	00	3	1	10	10	12
13/02/2025	01	3	2	10	9	14
13/02/2025	02	5	1	11	13	13
13/02/2025	03	2	1	5	7	7
13/02/2025	04	5	2	16	12	18
13/02/2025	05	8	7	34	19	45
13/02/2025	06	13	35	51	38	105
13/02/2025	07	17	74	58	55	171
13/02/2025	08	11	54	51	43	135
13/02/2025	09	13	41	43	50	105
13/02/2025	10	12	18	28	32	56
13/02/2025	11	10	13	24	28	43
13/02/2025	12	6	6	15	18	24
13/02/2025	13	5	9	19	16	32
13/02/2025	14	8	9	21	22	34
13/02/2025	15	8	10	27	22	41
13/02/2025	16	9	12	40	25	59
13/02/2025	17	8	14	38	26	58
13/02/2025	18	8	12	43	27	61
13/02/2025	19	10	20	56	29	87
13/02/2025	20	12	17	55	36	82
13/02/2025	21	14	19	60	31	89
13/02/2025	22	15	20	59	28	90
13/02/2025	23	17	9	52	28	64
14/02/2025	00	17	5	44	27	51
14/02/2025	01	17	3	35	28	40
14/02/2025	02	16	8	36	26	48
14/02/2025	03	17	3	30	27	34
14/02/2025	04	22	3	30	34	35
14/02/2025	05	16	15	38	27	60
14/02/2025	06	16	47	46	33	117
14/02/2025	07	18	94	58	43	201
14/02/2025	08	19	103	62	53	221
14/02/2025	09	16	43	47	47	113
14/02/2025	10	17	37	42	56	98
14/02/2025	11	11	10	23	32	38
14/02/2025	12	8			25	
14/02/2025	13	8	13	27	25	46
14/02/2025	14	14	11	30	36	46
14/02/2025	15	10	12	31	27	50
14/02/2025	16	10	9	30	23	43
14/02/2025	17	10	16	46	33	70
14/02/2025	18	9	26	68	29	108
14/02/2025	19	10	24	67	25	104
14/02/2025	20	12	27	68	24	109
14/02/2025	21	17	51	79	35	157
14/02/2025	22	25	90	84	53	222
14/02/2025	23	30	67	72	59	174
15/02/2025	00	31	83	66	57	193
15/02/2025	01	26	34	49	43	101
15/02/2025	02	27	23	40	37	75
15/02/2025	03	35	16	33	49	58
15/02/2025	04	27	7	28	37	37
15/02/2025	05	28	3	19	33	24
15/02/2025	06	31	4	17	34	23
15/02/2025	07	31	7	22	35	32
15/02/2025	08	30	18	31	36	59
15/02/2025	09	41	29	33	53	77
15/02/2025	10	43	18	29	46	57
15/02/2025	11	29	11	28	34	45
15/02/2025	12	23	6	20	29	29
15/02/2025	13	16	7	21	23	31
15/02/2025	14	15	5	17	22	24
15/02/2025	15	12	5	16	18	23
15/02/2025	16	13	4	17	21	24
15/02/2025	17	11	5	21	19	29
15/02/2025	18	10	4	23	18	29
15/02/2025	19	11	6	34	21	43
15/02/2025	20	14	15	45	26	67
15/02/2025	21	17	17	54	30	80
15/02/2025	22	19	15	55	32	78
15/02/2025	23	23	20	60	33	91
16/02/2025	00	26	29	63	38	108
16/02/2025	01	36	22	45	47	79
16/02/2025	02	41	8	31	50	44
16/02/2025	03	33	4	23	38	30
16/02/2025	04	35	7	27	41	38
16/02/2025	05	29	8	25	34	38
16/02/2025	06	24	8	25	27	38
16/02/2025	07	23	22	32	28	66
16/02/2025	08	22	17	27	27	52
16/02/2025	09	32	22	32	38	65
16/02/2025	10	27	16	27	37	52
16/02/2025	11	24	6	16	30	25
16/02/2025	12	20	4	11	31	16
16/02/2025	13	18	3	12	29	17
16/02/2025	14	17	6	17	27	26
16/02/2025	15	17	4	13	26	18
16/02/2025	16	15	4	17	23	23
16/02/2025	17	17	5	27	23	34
16/02/2025	18	19	4	27	23	33
16/02/2025	19	17	5	24	22	31
16/02/2025	20	21	5	33	26	40
16/02/2025	21	23	7	36	29	47
16/02/2025	22	25	4	33	32	38
16/02/2025	23	30	2	21	33	24
17/02/2025	00	36	1	21	40	23
17/02/2025	01	40	1	14	43	16
17/02/2025	02		1	10		12
17/02/2025	03	37	1	11	39	12
17/02/2025	04	31	1	13	32	15
17/02/2025	05	30	5	23	33	30
17/02/2025	06	32	36	38	42	94
17/02/2025	07	39	92	45	59	187
17/02/2025	08	40	165	57	62	309
17/02/2025	09	34	91	47	56	186
17/02/2025	10	41	37	40	56	96
17/02/2025	11	54	23	35	65	70
17/02/2025	12	43	16	32	53	56
17/02/2025	13	32	15	31	44	54
17/02/2025	14	31	11	28	42	45
17/02/2025	15	25	8	24	33	36
17/02/2025	16	22	7	22	29	32
17/02/2025	17	22	7	27	30	37
17/02/2025	18	28	8	32	33	44
17/02/2025	19	30	10	48	35	63
17/02/2025	20	31	12	47	37	65
17/02/2025	21	31	10	41	37	56
17/02/2025	22	36	7	38	41	49
17/02/2025	23	33	2	23	37	27
18/02/2025	00	28	1	16	32	17
18/02/2025	01	26	1	13	30	14
18/02/2025	02	24	1	12	28	14
18/02/2025	03	40	1	16	43	17
18/02/2025	04	44	1	15	46	16
18/02/2025	05	42	2	19	44	22
18/02/2025	06	40	8	32	44	45
18/02/2025	07	37	34	50	45	103
18/02/2025	08	33	42	53	47	117
18/02/2025	09	34	40	50	56	111
18/02/2025	10	36	29	48	62	92
18/02/2025	11	28	12	35	43	53
18/02/2025	12	25	7	26	36	36
18/02/2025	13	19	6	22	32	32
18/02/2025	14	17	6	23	28	33
18/02/2025	15	19	6	22	31	32
18/02/2025	16	19	6	27	29	37
18/02/2025	17	19	8	34	27	46
18/02/2025	18	22	13	53	32	73
18/02/2025	19	23	8	45	32	57
18/02/2025	20	22	5	32	32	40
18/02/2025	21	20	4	31	28	37
18/02/2025	22	20	6	34	31	42
18/02/2025	23	14	2	14	21	16
19/02/2025	00	26	1	24	34	26
19/02/2025	01	32	1	23	38	24
19/02/2025	02	28	1	21	34	23
19/02/2025	03	41	1	20	45	22
19/02/2025	04	29	1	17	35	19
19/02/2025	05	30	6	31	40	40
19/02/2025	06	37	27	50	49	91
19/02/2025	07	46	67	64	62	166
19/02/2025	08	41	67	57	60	160
19/02/2025	09	42	54	57	63	139
19/02/2025	10	47	20	43	60	73
19/02/2025	11	46	12	35	58	54
19/02/2025	12	43	12	33	56	51
19/02/2025	13	39	11	32	52	49
19/02/2025	14	31	8	30	42	42
19/02/2025	15	24	8	27	34	38
19/02/2025	16	18	7	24	29	34
19/02/2025	17	14	7	30	25	40
19/02/2025	18	18	6	33	27	43
19/02/2025	19	21	8	42	31	54
19/02/2025	20	20	11	50	32	67
19/02/2025	21	25	8	53	37	66
19/02/2025	22	29	19	66	41	94
19/02/2025	23	33	7	45	42	55
20/02/2025	00	36	6	48	45	56
20/02/2025	01	40	3	39	55	44
20/02/2025	02	43	2	31	55	34
20/02/2025	03	38	1	20	47	22
20/02/2025	04	31	1	20	37	22
20/02/2025	05	32	3	24	38	28
20/02/2025	06	32	7	29	38	39
20/02/2025	07	29	35	57	43	111
20/02/2025	08	30	44	65	57	133
20/02/2025	09	30	26	42	48	82
20/02/2025	10	29	20	35	43	65
20/02/2025	11	32	17	35	53	61
20/02/2025	12	26	7	19	38	29
20/02/2025	13	28	9	24	43	37
20/02/2025	14	26	7	21	38	32
20/02/2025	15	25	8	28	38	39
20/02/2025	16	21	7	26	32	37
20/02/2025	17	20	9	39	31	53
20/02/2025	18	20	7	36	30	46
20/02/2025	19	17	7	38	26	48
20/02/2025	20	17	6	33	26	41
20/02/2025	21	17	4	30	25	37
20/02/2025	22	18	4	37	27	43
20/02/2025	23	17	3	22	25	26
21/02/2025	00	15	1	11	22	13
21/02/2025	01	14	1	8	22	9
21/02/2025	02	14	1	6	21	7
21/02/2025	03	15	1	6	23	8
21/02/2025	04	16	1	9	23	11
21/02/2025	05	17	1	12	24	13
21/02/2025	06	20	6	27	29	35
21/02/2025	07	23	23	48	35	83
21/02/2025	08	26	21	54	42	85
21/02/2025	09	29	11	46	49	62
21/02/2025	10	31	9	42	57	55
21/02/2025	11	29	9	30	49	43
21/02/2025	12	26	5	25	39	33
21/02/2025	13	25	8	27	39	40
21/02/2025	14	26	9	31	38	44
21/02/2025	15	22	9	32	34	46
21/02/2025	16	19	7	30	30	40
21/02/2025	17	16	7	30	28	39
21/02/2025	18	18	10	48	30	63
21/02/2025	19	20	10	61	31	76
21/02/2025	20	23	18	62	38	90
21/02/2025	21	25	11	47	39	65
21/02/2025	22	23	8	42	35	54
21/02/2025	23	22	4	29	32	34
22/02/2025	00	21	3	33	31	39
22/02/2025	01	27	3	34	35	39
22/02/2025	02	29	2	29	35	32
22/02/2025	03	31	1	25	39	27
22/02/2025	04	35	3	31	45	36
22/02/2025	05	34	5	32	42	40
22/02/2025	06	29	8	36	37	49
22/02/2025	07	29	21	45	39	77
22/02/2025	08	30	31	45	47	93
22/02/2025	09	45	20	38	61	68
22/02/2025	10	37	27	43	60	83
22/02/2025	11	34	20	36	52	67
22/02/2025	12	20	13	30	35	49
22/02/2025	13	12	7	23	27	34
22/02/2025	14	7	5	18	19	25
22/02/2025	15	27	7	26	36	37
22/02/2025	16	29	7	30	36	41
22/02/2025	17	25	6	37	33	47
22/02/2025	18	23	5	28	33	35
22/02/2025	19	22	6	32	30	41
22/02/2025	20	27	9	39	32	53
22/02/2025	21	18	4	26	21	32
22/02/2025	22	10	4	29	14	36
22/02/2025	23	6	3	32	10	37
23/02/2025	00	8	4	34	12	39
23/02/2025	01	9	2	22	13	25
23/02/2025	02	12	2	15	15	18
23/02/2025	03	15	2	12	17	15
23/02/2025	04	18	2	15	22	18
23/02/2025	05	20	4	21	29	27
23/02/2025	06	18	4	20	28	25
23/02/2025	07	16	6	24	22	33
23/02/2025	08	11	4	22	17	28
23/02/2025	09	10	7	26	16	37
23/02/2025	10	9	6	20	14	29
23/02/2025	11	7	4	15	15	21
23/02/2025	12	10	5	21	21	29
23/02/2025	13	9	5	18	19	25
23/02/2025	14	7	5	17	18	24
23/02/2025	15	5	4	12	13	18
23/02/2025	16	4	4	15	11	20
23/02/2025	17	4	4	19	13	24
23/02/2025	18	5	7	39	16	49
23/02/2025	19	10	16	66	27	90
23/02/2025	20	15	48	80	41	153
23/02/2025	21	17	66	78	40	179
23/02/2025	22	22	43	66	44	132
23/02/2025	23	19	9	44	30	58
24/02/2025	00	15	3	32	27	37
24/02/2025	01	15	2	23	34	26
24/02/2025	02	11	2	20	21	23
24/02/2025	03	9	1	15	17	17
24/02/2025	04	7	1	16	14	18
24/02/2025	05	9	7	33	21	44
24/02/2025	06	14	30	47	33	93
24/02/2025	07	22	93	60	59	203
24/02/2025	08	27	49	50	51	125
24/02/2025	09	23	26	38	38	78
24/02/2025	10	17	18	34	38	62
24/02/2025	11	19	26	38	48	77
24/02/2025	12	15	15	27	38	49
24/02/2025	13	5	8	19	16	30
24/02/2025	14	6	7	20	17	31
24/02/2025	15	7	9	23	20	36
24/02/2025	16	6	6	23	16	32
24/02/2025	17	10	13	37	21	57
24/02/2025	18	12	13	56	30	75
24/02/2025	19	16	32	66	45	115
24/02/2025	20	10	8	47	28	59
24/02/2025	21	11	8	49	32	62
24/02/2025	22	12	4	38	29	44
24/02/2025	23	11	2	24	23	26
25/02/2025	00	9	2	17	21	19
25/02/2025	01	7	1	10	15	11
25/02/2025	02	6	1	9	14	11
25/02/2025	03	6	1	7	13	8
25/02/2025	04	6	1	8	14	10
25/02/2025	05	6	2	16	18	19
25/02/2025	06	9	19	42	26	71
25/02/2025	07	11	32	57	35	105
25/02/2025	08	11	25	50	40	88
25/02/2025	09	10	17	41	34	67
25/02/2025	10	11	12	35	45	54
25/02/2025	11	10	9	29	34	43
25/02/2025	12	9	9	24	28	37
25/02/2025	13	10	8	20	25	32
25/02/2025	14	11	13	29	26	49
25/02/2025	15	7	10	27	21	43
25/02/2025	16	9	9	33	27	47
25/02/2025	17	11	29	57	33	100
25/02/2025	18	7	10	33	23	48
25/02/2025	19	8	20	54	24	85
25/02/2025	20	4	8	33	12	46
25/02/2025	21	4	4	23	11	28
25/02/2025	22	4	3	24	10	28
25/02/2025	23	4	2	15	11	18
26/02/2025	00	4	1	10	11	12
26/02/2025	01	5	1	15	15	18
26/02/2025	02	4	3	15	12	20
26/02/2025	03	4	1	13	14	15
26/02/2025	04	7	2	22	21	25
26/02/2025	05	8	6	37	27	46
26/02/2025	06	10	19	56	34	85
26/02/2025	07	14	66	71	48	172
26/02/2025	08	14	58	66	50	155
26/02/2025	09	9	24	43	33	80
26/02/2025	10	7	12	27	23	46
26/02/2025	11	5	8	19	16	31
26/02/2025	12	3	9	18	12	32
26/02/2025	13	3	8	15	12	27
26/02/2025	14	3	6	14	11	24
26/02/2025	15	3	7	16	12	27
26/02/2025	16	6	8	22	23	34
26/02/2025	17	6	8	23	19	34
26/02/2025	18	7	9	34	22	48
26/02/2025	19	9	13	51	24	71
26/02/2025	20	12	25	65	30	103
26/02/2025	21	13	17	54	28	80
26/02/2025	22	13	7	48	27	59
26/02/2025	23	14	3	30	26	35
27/02/2025	00	12	2	23	21	26
27/02/2025	01	11	1	19	23	22
27/02/2025	02	14	2	24	33	26
27/02/2025	03	12	1	23	27	25
27/02/2025	04	9	2	27	23	31
27/02/2025	05	11	13	41	27	60
27/02/2025	06	11	43	51	29	116
27/02/2025	07	16	88	59	46	194
27/02/2025	08	13	66	59	46	160
27/02/2025	09	22	71	58	78	166
27/02/2025	10	14	31	47	42	94
27/02/2025	11	16	27	49	48	90
27/02/2025	12	14	21	46	42	77
27/02/2025	13	15	25	47	44	85
27/02/2025	14	22	23	50	47	85
27/02/2025	15	15	20	47	29	78
27/02/2025	16	15	14	42	30	63
27/02/2025	17	10	11	38	21	55
27/02/2025	18	10	11	41	21	58
27/02/2025	19	10	14	52	21	74
27/02/2025	20	13	15	55	25	79
27/02/2025	21	17	12	49	32	67
27/02/2025	22	14	8	38	26	51
27/02/2025	23	10	4	29	20	35
28/02/2025	00	20	13	53	35	72
28/02/2025	01	22	2	29	39	33
28/02/2025	02	18	2	22	26	24
28/02/2025	03	13	1	18	22	20
28/02/2025	04	13	3	19	22	23
28/02/2025	05	14	6	26	24	35
28/02/2025	06	17	21	42	29	73
28/02/2025	07	15	55	60	36	145
28/02/2025	08	18	34	50	41	103
28/02/2025	09	19	39	50	45	109
28/02/2025	10	20	20	41	40	71
28/02/2025	11	15	8	26	27	37
28/02/2025	12	13	8	25	25	38
28/02/2025	14	10	8	24	20	35
28/02/2025	15	12	7	23	20	34
28/02/2025	16	13	7	26	20	36
28/02/2025	17	15	9	34	24	47
28/02/2025	18	15	7	38	23	49
28/02/2025	19	16	6	37	25	46
28/02/2025	20	15	11	46	23	62
28/02/2025	21	18	9	44	26	56
28/02/2025	22	25	7	43	34	54
28/02/2025	23	20	4	29	27	35
01/03/2025	00	17	5	33	24	41
01/03/2025	01	18	4	39	26	44
01/03/2025	02	27	3	27	32	31
01/03/2025	03	19	1	17	24	19
01/03/2025	04	13	1	14	20	16
01/03/2025	05	12	1	16	18	18
01/03/2025	06	12	2	17	18	19
01/03/2025	07	8	3	17	13	21
01/03/2025	08	7	4	15	13	21
01/03/2025	09	10	6	22	20	30
01/03/2025	10	10	6	24	21	33
01/03/2025	11	10	5	17	25	26
01/03/2025	12	10	6	17	29	25
01/03/2025	13	10	4	12	28	19
01/03/2025	14	10	5	14	21	21
01/03/2025	15	9	4	13	20	19
01/03/2025	16	9	3	13	20	17
01/03/2025	17	10	4	18	21	24
01/03/2025	18	10	4	20	21	26
01/03/2025	19	10	3	21	22	26
01/03/2025	20	11	5	24	23	31
01/03/2025	21	13	8	35	27	47
01/03/2025	22	14	5	33	26	41
01/03/2025	23	13	4	25	24	31
02/03/2025	00	11	3	20	17	25
02/03/2025	01	9	3	18	14	22
02/03/2025	02	8	2	12	13	15
02/03/2025	03	7	2	12	12	15
02/03/2025	04	7	1	10	12	12
02/03/2025	05	7	2	11	13	14
02/03/2025	06	7	3	11	12	15
02/03/2025	07	7	2	11	12	14
02/03/2025	08	8	3	16	16	21
02/03/2025	09	9	4	20	15	26
02/03/2025	10	11	4	20	18	25
02/03/2025	11	10	4	17	17	24
02/03/2025	12	8	4	12	18	18
02/03/2025	13	8	3	10	18	15
02/03/2025	14	8	3	12	17	16
02/03/2025	15	9	2	9	16	12
02/03/2025	16	9	3	11	18	15
02/03/2025	17	10	4	14	18	19
02/03/2025	18	11	4	15	20	21
02/03/2025	19	11	4	15	18	20
02/03/2025	20	13	7	22	19	32
02/03/2025	21	15	3	17	23	22
02/03/2025	22	16	2	9	28	11
02/03/2025	23	17	1	6	28	8
03/03/2025	00	17	1	5	29	7
03/03/2025	01	17	1	4	29	5
03/03/2025	02	15	1	3	26	5
03/03/2025	03	14	1	3	23	4
03/03/2025	04	15	1	5	25	7
03/03/2025	05	16	1	10	25	12
03/03/2025	06	16	3	14	27	18
03/03/2025	07	16	9	29	28	42
03/03/2025	08	17	11	30	28	47
03/03/2025	09	17	7	26	29	37
03/03/2025	10	18	7	23	28	33
03/03/2025	11	19	6	23	30	32
03/03/2025	12	20	10	26	32	41
03/03/2025	13	21	9	24	36	37
03/03/2025	14	27	8	27	45	39
03/03/2025	15	25	9	29	45	44
03/03/2025	16	24	7	27	44	37
03/03/2025	17	22	11	34	40	50
03/03/2025	18	18	8	36	33	48
03/03/2025	19	17	8	35	30	47
03/03/2025	20	19	6	30	34	38
03/03/2025	21	20	4	23	36	28
03/03/2025	22	21	3	19	37	24
03/03/2025	23	21	1	13	35	15
04/03/2025	00	22	1	11	36	13
04/03/2025	01	22	1	9	37	10
04/03/2025	02	26	1	13	42	15
04/03/2025	03	25	1	12	41	13
04/03/2025	04	25	1	9	41	11
04/03/2025	05	19	2	8	30	10
04/03/2025	06	20	4	14	32	20
04/03/2025	07	20	7	24	34	35
04/03/2025	08	20	9	26	36	38
04/03/2025	09	19	6	23	28	33
04/03/2025	10	18	6	20	34	28
04/03/2025	11	20	7	21	39	31
04/03/2025	12	19	6	17	37	25
04/03/2025	13	17	5	19	35	26
04/03/2025	14	17	6	20	29	29
04/03/2025	15	17	4	18	30	25
04/03/2025	16	17	4	17	32	23
04/03/2025	17	16	5	23	29	30
04/03/2025	18	15	4	19	29	25
04/03/2025	19	15	5	22	24	30
04/03/2025	20	17	4	23	28	28
04/03/2025	21	17	2	17	26	21
04/03/2025	22	15	2	14	22	18
04/03/2025	23	18	2	15	27	18
05/03/2025	00	19	1	7	31	9
05/03/2025	01	18	1	4	29	6
05/03/2025	02	19	1	3	32	5
05/03/2025	03	17	1	3	29	4
05/03/2025	04	17	1	3	28	5
05/03/2025	05	16	1	6	26	8
05/03/2025	06	16	4	13	24	19
05/03/2025	07	16	5	23	25	31
05/03/2025	08	16	3	16	26	21
05/03/2025	09	16	4	15	28	20
05/03/2025	10	15	4	15	24	20
05/03/2025	11	15	4	16	25	21
05/03/2025	12	13	4	18	21	25
05/03/2025	13	11	5	21	17	29
05/03/2025	14	10	7	22	14	32
05/03/2025	15	12	4	18	17	25
05/03/2025	16	15	5	17	24	24
05/03/2025	17	16	4	19	26	26
05/03/2025	18	16	4	18	24	23
05/03/2025	19	17	3	15	27	19
05/03/2025	20	18	3	14	28	19
05/03/2025	21	19	2	10	30	13
05/03/2025	22	19	2	8	32	11
05/03/2025	23	20	1	6	33	8
06/03/2025	00	20	1	4	33	6
06/03/2025	01	20	1	4	34	5
06/03/2025	02	20	1	3	34	5
06/03/2025	03	21	1	2	35	4
06/03/2025	04	21	1	2	35	4
06/03/2025	05	20	2	6	33	8
06/03/2025	06	20	2	11	32	14
06/03/2025	07	21	4	22	33	29
06/03/2025	08	22	4	20	35	26
06/03/2025	09	22	5	20	35	27
06/03/2025	10	20	4	17	35	23
06/03/2025	11	21	5	17	36	24
06/03/2025	12	21	5	15	38	22
06/03/2025	13	21	5	15	36	22
06/03/2025	14	22	6	14	38	22
06/03/2025	15	21	5	14	37	22
06/03/2025	16	21	4	15	36	21
06/03/2025	17	20	4	18	34	25
06/03/2025	18	22	6	22	37	30
06/03/2025	19	21	4	23	35	30
06/03/2025	20	23	4	23	37	29
06/03/2025	21	23	4	21	37	26
06/03/2025	22	24	3	19	38	23
06/03/2025	23	24	2	17	38	20
07/03/2025	00	25	1	14	43	16
07/03/2025	01	19	1	8	29	10
07/03/2025	02	15	1	10	27	11
07/03/2025	03	12	1	7	21	9
07/03/2025	04	11	1	11	19	12
07/03/2025	05	13	4	25	23	31
07/03/2025	06	16	16	41	29	65
07/03/2025	07	23	63	54	40	150
07/03/2025	08	21	43	53	35	119
07/03/2025	09	19	31	54	34	101
07/03/2025	10	19	24	46	32	83
07/03/2025	11	10	14	33	18	54
07/03/2025	12	7	10	25	15	40
07/03/2025	13	5	9	21	13	35
07/03/2025	14	6	12	33	12	51
07/03/2025	15	15	10	33	22	49
07/03/2025	16	10	7	25	21	35
07/03/2025	17	5	9	28	16	41
07/03/2025	18	7	9	39	20	53
07/03/2025	19	10	8	39	20	51
07/03/2025	20	12	8	38	24	51
07/03/2025	21	18	9	42	33	55
07/03/2025	22	25	5	36	36	43
07/03/2025	23	26	3	34	38	39
08/03/2025	00	30	6	47	49	55
08/03/2025	01	26	5	35	37	42
08/03/2025	02	26	3	29	35	33
08/03/2025	03	29	2	31	38	34
08/03/2025	04	21	2	24	30	27
08/03/2025	05	11	2	16	19	20
08/03/2025	06	15	4	21	24	26
08/03/2025	07	16	6	35	31	45
08/03/2025	08	18	4	27	34	33
08/03/2025	09	20	8	22	42	34
08/03/2025	10	20	5	15	37	22
08/03/2025	11	22	4	13	45	18
08/03/2025	12	21	6	15	38	24
08/03/2025	13	22	5	21	41	29
08/03/2025	14	25	7	30	44	40
08/03/2025	15	25	5	24	42	32
08/03/2025	16	25	4	22	44	28
08/03/2025	17	27	4	21	44	28
08/03/2025	18	29	5	31	47	38
08/03/2025	19	29	4	30	45	36
08/03/2025	20	33	6	40	49	49
08/03/2025	21	33	7	46	45	57
08/03/2025	22	27	5	31	36	39
08/03/2025	23	5	2	10	11	13
09/03/2025	00	4	3	13	10	16
09/03/2025	01	4	1	11	12	13
09/03/2025	02	2	1	7	10	9
09/03/2025	03	2	1	6	8	8
09/03/2025	04	2	1	9	9	11
09/03/2025	05	3	1	10	11	12
09/03/2025	06	2	1	10	9	12
09/03/2025	07	2	2	10	9	12
09/03/2025	08	3	2	8	9	11
09/03/2025	09	3	2	9	10	12
09/03/2025	10	2	3	8	10	12
09/03/2025	11	2	2	6	9	10
09/03/2025	12	2	3	8	8	12
09/03/2025	13	3	4	11	10	17
09/03/2025	14	4	3	8	10	12
09/03/2025	15	2	2	5	8	8
09/03/2025	16	3	3	9	11	14
09/03/2025	17	4	3	12	13	17
09/03/2025	18	6	3	19	14	24
09/03/2025	19	11	13	45	23	64
09/03/2025	20	19	6	41	32	50
09/03/2025	21	3	3	14	9	18
09/03/2025	22	2	2	18	7	21
09/03/2025	23	2	1	16	8	18
10/03/2025	00	3	1	14	9	16
10/03/2025	01	3	1	11	10	13
10/03/2025	02	2	1	7	8	8
10/03/2025	03	5	1	12	12	14
10/03/2025	04	4	1	15	13	17
10/03/2025	05	5	3	23	15	28
10/03/2025	06	9	16	42	25	65
10/03/2025	07	11	46	56	24	127
10/03/2025	08	8	41	50	23	114
10/03/2025	09	7	22	34	25	67
10/03/2025	10	6	11	23	22	39
10/03/2025	11	4	7	21	17	32
10/03/2025	12	3	6	17	14	27
10/03/2025	13	3	7	15	13	26
10/03/2025	14	2	6	14	12	23
10/03/2025	15	2	8	20	11	32
10/03/2025	16	2	6	18	11	27
10/03/2025	17	3	8	27	16	38
10/03/2025	18	8	6	33	23	43
10/03/2025	19	6	3	26	20	31
10/03/2025	20	9	3	37	25	42
10/03/2025	21	14	5	42	35	49
10/03/2025	22	18	5	44	33	50
10/03/2025	23	14	3	38	26	43
11/03/2025	00	14	2	28	23	32
11/03/2025	01	9	1	11	14	13
11/03/2025	02	4	1	7	8	9
11/03/2025	03	3	1	6	7	8
11/03/2025	04	1	1	8	7	10
11/03/2025	05	3	2	17	12	20
11/03/2025	06	4	10	40	19	55
11/03/2025	07	9	31	65	30	113
11/03/2025	08	8	32	62	22	111
11/03/2025	09	11	39	60	31	119
11/03/2025	10	8	19	39	24	68
11/03/2025	11	4	7	20	15	30
11/03/2025	12	2	5	13	11	21
11/03/2025	13	3	6	18	12	28
11/03/2025	14	2	5	11	12	18
11/03/2025	15	2	5	15	11	23
11/03/2025	16	4	5	19	15	26
11/03/2025	17	3	9	34	16	47
11/03/2025	18	4	5	22	21	30
11/03/2025	19	5	6	27	21	36
11/03/2025	20	5	4	30	21	36
11/03/2025	21	5	4	29	20	36
11/03/2025	22	5	3	21	16	25
11/03/2025	23	10	2	14	18	16
12/03/2025	00	3	1	11	10	13
12/03/2025	01	4	2	6	10	9
12/03/2025	02	3	2	10	9	12
12/03/2025	03	4	1	12	13	13
12/03/2025	04	4	1	15	15	17
12/03/2025	05	6	7	36	21	46
12/03/2025	06	9	37	61	33	117
12/03/2025	07	13	56	65	42	150
12/03/2025	08	11	39	53	38	112
12/03/2025	09	7	13	24	23	44
12/03/2025	10	4	11	19	17	35
12/03/2025	11	4	6	15	20	25
12/03/2025	12	4	6	11	21	20
12/03/2025	13	3	5	12	15	19
12/03/2025	14	3	6	16	19	25
12/03/2025	15	3	6	15	18	25
12/03/2025	16	3	6	19	15	27
12/03/2025	17	4	7	18	17	28
12/03/2025	18	5	5	22	24	30
12/03/2025	19	5	6	26	18	34
12/03/2025	20	7	6	28	19	38
12/03/2025	21	6	4	16	15	22
12/03/2025	22	5	2	16	15	19
12/03/2025	23	6	2	17	14	20
13/03/2025	00	5	1	7	11	9
13/03/2025	01	4	1	3	9	5
13/03/2025	02	4	1	4	10	6
13/03/2025	03	4	1	4	10	6
13/03/2025	04	5	1	7	11	9
13/03/2025	05	6	2	22	14	25
13/03/2025	06	7	4	20	16	26
13/03/2025	07	8	12	28	19	47
13/03/2025	08	10	31	46	28	93
13/03/2025	09	13	27	46	44	88
13/03/2025	10	9	16	34	29	58
13/03/2025	11	11	16	39	33	62
13/03/2025	12	14	11	35	43	53
13/03/2025	13	11	16	45	28	69
13/03/2025	14	11	28	56	22	98
13/03/2025	15	13	28	55	23	98
13/03/2025	16	9	24	45	16	82
13/03/2025	17	8	17	42	13	69
13/03/2025	18	9	20	48	15	79
13/03/2025	19	9	20	57	14	87
13/03/2025	20	10	25	65	15	102
13/03/2025	21	14	22	60	17	94
13/03/2025	22	21	23	62	24	98
13/03/2025	23	30	27	61	31	102
14/03/2025	00	21	13	59	25	78
14/03/2025	01	20	3	34	22	39
14/03/2025	02	18	5	36	22	44
14/03/2025	03	20	2	18	24	21
14/03/2025	04	12	2	13	19	16
14/03/2025	05	9	4	25	22	32
14/03/2025	06	11	13	37	20	56
14/03/2025	07	11	27	46	18	88
14/03/2025	08	9	32	48	15	97
14/03/2025	09	5	24	42	11	79
14/03/2025	10	4	14	34	11	54
14/03/2025	11	4	14	29	10	51
14/03/2025	12	7			14	
14/03/2025	13	7	17	38	14	64
14/03/2025	14	8	16	39	14	64
14/03/2025	15	8	14	41	14	62
14/03/2025	16	5	21	43	10	75
14/03/2025	17	7	18	47	11	74
14/03/2025	18	8	23	53	15	87
14/03/2025	19	10	29	62	17	106
14/03/2025	20	13	29	63	20	107
14/03/2025	21	14	29	59	20	102
14/03/2025	22	17	15	53	21	77
14/03/2025	23	19	8	36	21	48
15/03/2025	00	16	6	32	18	42
15/03/2025	01	13	4	27	16	33
15/03/2025	02	11	3	22	14	26
15/03/2025	03	9	3	19	12	24
15/03/2025	04	5	2	10	9	12
15/03/2025	05	4	3	18	9	23
15/03/2025	06	6	3	26	13	30
15/03/2025	07	6	5	27	13	35
15/03/2025	08	8	7	25	19	36
15/03/2025	09	7	6	16	17	25
15/03/2025	10	5	4	12	14	18
15/03/2025	11	3	5	13	10	20
15/03/2025	12	2	6	12	9	20
15/03/2025	13	2	6	12	9	21
15/03/2025	14	3	5	13	9	20
15/03/2025	15	2	3	11	7	14
15/03/2025	16	2	5	14	8	21
15/03/2025	17	3	3	20	10	25
15/03/2025	18	7	8	34	17	46
15/03/2025	19	12	5	34	23	43
15/03/2025	20	17	9	52	31	66
15/03/2025	21	36	12	64	56	83
15/03/2025	22	33	9	54	50	69
15/03/2025	23	28	7	43	38	55
16/03/2025	00	35	7	34	41	44
16/03/2025	01	18	3	27	27	32
16/03/2025	02	12	3	27	20	31
16/03/2025	03	12	6	32	25	41
16/03/2025	04	13	6	31	23	40
16/03/2025	05	10	2	20	17	24
16/03/2025	06	8	4	23	17	29
16/03/2025	07	7	6	25	15	34
16/03/2025	08	9	9	26	18	39
16/03/2025	09	8	6	19	15	27
16/03/2025	10	9	4	16	16	23
16/03/2025	11	9	5	16	18	23
16/03/2025	12	9	6	18	16	27
16/03/2025	13	8	7	14	13	25
16/03/2025	14	10	6	17	16	27
16/03/2025	15	8	3	13	13	18
16/03/2025	16	5	2	11	9	14
16/03/2025	17	6	3	15	11	20
16/03/2025	18	6	3	18	13	23
16/03/2025	19	8	8	35	19	47
16/03/2025	20	24	31	57	41	105
16/03/2025	21	39	32	61	61	109
16/03/2025	22	34	16	50	47	74
16/03/2025	23	24	4	29	30	36
17/03/2025	00	19	4	27	29	34
17/03/2025	01	12	5	30	22	38
17/03/2025	02	19	5	24	26	31
17/03/2025	03	9	3	11	16	16
17/03/2025	04	5	2	12	12	15
17/03/2025	05	5	3	21	13	26
17/03/2025	06	5	10	21	10	37
17/03/2025	07	4	28	40	9	82
17/03/2025	08	6	38	46	12	104
17/03/2025	09	10	34	47	16	98
17/03/2025	10	13	30	43	20	88
17/03/2025	11	12	21	36	23	68
17/03/2025	12	9	21	33	18	64
17/03/2025	13	11	18	40	17	67
17/03/2025	14	12	9	31	17	46
17/03/2025	15	6	9	25	16	38
17/03/2025	16	8	5	24	18	32
17/03/2025	17	11	10	39	23	54
17/03/2025	18	14	10	43	26	59
17/03/2025	19	15	8	40	25	52
17/03/2025	20	17	11	45	29	62
17/03/2025	21	18	8	43	28	56
17/03/2025	22	20	8	37	26	49
17/03/2025	23	21	7	27	27	37
18/03/2025	00	19	3	25	27	29
18/03/2025	01	17	4	19	23	25
18/03/2025	02	21	2	16	26	19
18/03/2025	03	16	2	14	21	18
18/03/2025	04	14	2	15	20	17
18/03/2025	05	13	4	21	18	26
18/03/2025	06	12	10	29	17	43
18/03/2025	07	9	5	26	15	34
18/03/2025	08	9	6	26	15	35
18/03/2025	09	12	6	30	17	39
18/03/2025	10	13	7	33	19	44
18/03/2025	11	11	11	36	19	52
18/03/2025	12	10	8	31	16	43
18/03/2025	13	7	6	23	14	32
18/03/2025	14	7	5	25	15	34
18/03/2025	15	7	6	22	14	30
18/03/2025	16	5	3	16	12	20
18/03/2025	17	6	5	22	14	29
18/03/2025	18	9	7	30	17	41
18/03/2025	19	10	7	31	15	42
18/03/2025	20	11	6	29	16	38
18/03/2025	21	13	6	32	17	40
18/03/2025	22	10	4	23	14	29
18/03/2025	23	9	3	21	12	26
19/03/2025	00	9	2	14	12	17
19/03/2025	01	6	2	13	10	16
19/03/2025	02	4	1	10	7	12
19/03/2025	03	4	2	10	9	13
19/03/2025	04	4	1	9	8	12
19/03/2025	05	6	1	11	10	13
19/03/2025	06	6	1	8	10	10
19/03/2025	07	4	2	13	8	15
19/03/2025	08	6	3	15	10	18
19/03/2025	09	8	3	15	12	20
19/03/2025	10	10	5	20	15	26
19/03/2025	11	12	6	22	18	30
19/03/2025	12	11	4	14	18	20
19/03/2025	13	12	4	13	21	19
19/03/2025	14	50	5	14	57	21
19/03/2025	15	42	3	9	49	14
19/03/2025	16	12	2	8	21	11
19/03/2025	17	13	3	11	23	15
19/03/2025	18	23	3	18	33	23
19/03/2025	19	26	3	26	36	30
19/03/2025	20	60	3	27	68	32
19/03/2025	21	55	3	21	64	25
19/03/2025	22	59	2	18	65	21
19/03/2025	23	75	2	18	80	21
20/03/2025	00	71	2	22	79	25
20/03/2025	01	38	1	18	46	20
20/03/2025	02	21	1	9	32	10
20/03/2025	03	21	1	6	31	8
20/03/2025	04	18	1	5	29	7
20/03/2025	05	20	1	6	32	8
20/03/2025	06	20	3	14	33	19
20/03/2025	07	21	11	28	31	44
20/03/2025	08	20	7	25	31	36
20/03/2025	09	20	8	26	31	38
20/03/2025	10	21	7	20	35	30
20/03/2025	11	23	6	17	40	25
20/03/2025	12	24	7	21	44	31
20/03/2025	13	25	6	19	46	28
20/03/2025	14	29	7	18	57	29
20/03/2025	15	33	6	17	73	26
20/03/2025	16	38	5	17	75	25
20/03/2025	17	38	6	20	78	29
20/03/2025	18	45	6	26	101	36
20/03/2025	19	49	6	22	112	31
20/03/2025	20	50	4	20	110	25
20/03/2025	21	48	3	19	105	23
20/03/2025	22	45	2	13	90	16
20/03/2025	23	45	2	13	88	16
21/03/2025	00	40	1	12	82	14
21/03/2025	01	37	2	13	77	16
21/03/2025	02	47	2	15	103	17
21/03/2025	03	46	1	13	101	15
21/03/2025	04	47	2	16	102	18
21/03/2025	05	53	7	28	115	38
21/03/2025	06	57	40	44	124	105
21/03/2025	07	59	63	49	127	146
21/03/2025	08	48	40	49	97	109
21/03/2025	09	32	22	52	65	86
21/03/2025	10	13	11	41	26	59
21/03/2025	11	8	9	18	20	31
21/03/2025	12	3	5	14	16	21
22/03/2025	01	11	2	26	22	30
22/03/2025	02	10	2	24	18	27
22/03/2025	03	8	2	14	16	16
22/03/2025	13	3	6	11	14	20
22/03/2025	14	3	2	6	13	10
22/03/2025	15	2	2	5	14	9
22/03/2025	16	2	2	5	9	9
22/03/2025	17	2	3	7	9	11
22/03/2025	18	2	4	14	9	20
22/03/2025	19	3	4	14	10	20
22/03/2025	20	3	3	11	9	17
22/03/2025	21	3	3	12	9	17
22/03/2025	22	3	3	13	10	17
22/03/2025	23	2	2	7	7	10
23/03/2025	00	2	1	7	6	8
23/03/2025	01	1	1	4	6	6
23/03/2025	02	1	1	3	6	4
23/03/2025	03	1	1	3	7	4
23/03/2025	04	1	1	3	7	4
23/03/2025	05	2	1	5	7	7
23/03/2025	06	3	1	5	7	7
23/03/2025	07	2	1	9	8	11
23/03/2025	08	2	2	6	8	9
23/03/2025	09	2	2	5	8	7
23/03/2025	10	3	2	4	9	7
23/03/2025	11	2	3	6	11	10
23/03/2025	12	2	2	6	9	9
23/03/2025	13	2	2	6	8	10
23/03/2025	14	2	2	5	7	8
23/03/2025	15	2	2	4	8	7
23/03/2025	16	2	3	6	8	10
23/03/2025	17	2	2	7	8	10
23/03/2025	18	2	4	19	10	25
23/03/2025	19	3	5	26	11	34
23/03/2025	20	5	6	32	15	41
23/03/2025	21	9	5	35	21	43
23/03/2025	22	6	3	26	16	30
23/03/2025	23	7	4	33	17	39
24/03/2025	00	11	4	38	25	44
24/03/2025	01	5	1	12	15	13
24/03/2025	02	6	1	12	17	13
24/03/2025	03	5	1	11	16	12
24/03/2025	04	6	2	16	16	19
24/03/2025	05	5	3	20	15	25
24/03/2025	06	5	11	34	20	51
24/03/2025	07	13	59	56	44	146
24/03/2025	08	12	34	45	47	97
24/03/2025	09	9	23	35	34	71
24/03/2025	10	4	8	16	16	28
24/03/2025	11	3	6	13	13	23
24/03/2025	12	2	6	12	10	21
24/03/2025	13	2	10	18	11	33
24/03/2025	14	4	7	21	20	32
24/03/2025	15	5	9	27	19	41
24/03/2025	16	6	6	19	22	28
24/03/2025	17	6	14	38	19	60
24/03/2025	18	6	9	32	16	45
24/03/2025	19	5	6	28	15	36
24/03/2025	20	6	6	31	15	40
24/03/2025	21	9	8	36	21	48
24/03/2025	22	10	6	29	20	37
24/03/2025	23	8	1	17	16	19
25/03/2025	00	9	1	19	16	21
25/03/2025	01	13	1	19	23	21
25/03/2025	02	21	2	27	37	30
25/03/2025	03	15	1	21	29	23
25/03/2025	04	6	1	10	12	11
25/03/2025	05	11	5	25	24	33
25/03/2025	06	12	23	40	24	75
25/03/2025	07	15	73	51	42	163
25/03/2025	08	13	38	41	34	99
25/03/2025	09	13	41	48	45	111
25/03/2025	10	9	21	38	30	70
25/03/2025	11	6	10	24	18	40
25/03/2025	12	3	6	16	12	26
25/03/2025	13	4	10	23	15	38
25/03/2025	14	4	9	23	15	37
25/03/2025	15	4	9	28	14	41
25/03/2025	16	5	10	42	18	58
25/03/2025	17	6	13	49	18	69
25/03/2025	18	6	8	38	22	50
25/03/2025	19	8	4	35	28	41
25/03/2025	20	10	16	54	26	78
25/03/2025	21	8	10	38	20	54
25/03/2025	22	7	6	31	16	40
25/03/2025	23	8	2	19	15	22
26/03/2025	00	8	2	19	16	22
26/03/2025	01	6	1	9	11	11
26/03/2025	02	5	1	14	12	16
26/03/2025	03	4	1	13	11	15
26/03/2025	04	11	1	13	15	15
26/03/2025	05	10	3	24	17	29
26/03/2025	06	10	26	45	25	85
26/03/2025	07	13	67	57	33	160
26/03/2025	08	13	47	52	37	125
26/03/2025	09	11	23	40	34	75
26/03/2025	10	5	8	20	17	32
26/03/2025	11	3	5	14	11	22
26/03/2025	12	6	10	25	18	40
26/03/2025	13	8	9	27	21	41
26/03/2025	14	6	10	30	18	45
26/03/2025	15	6	7	26	19	36
26/03/2025	16	6	6	23	21	33
26/03/2025	17	5	9	25	19	38
26/03/2025	18	6	8	30	18	41
26/03/2025	19	7	5	32	22	40
26/03/2025	20	9	10	45	27	60
26/03/2025	21	13	10	56	34	72
26/03/2025	22	15	18	64	37	91
26/03/2025	23	13	5	43	28	51
27/03/2025	00	12	2	25	24	28
27/03/2025	01	9	1	13	19	15
27/03/2025	02	7	1	11	13	13
27/03/2025	03	6	1	10	12	12
27/03/2025	04	6	1	10	12	12
27/03/2025	05	7	3	19	14	23
27/03/2025	06	9	15	46	22	69
27/03/2025	07	14	47	63	40	135
27/03/2025	08	17	35	55	54	109
27/03/2025	09	19	23	43	62	78
27/03/2025	10	10	8	20	28	32
27/03/2025	11	12	6	19	29	29
27/03/2025	12	13	7	20	27	31
27/03/2025	13	10	7	20	25	32
27/03/2025	14	9	9	22	21	35
27/03/2025	15	9	5	16	22	24
27/03/2025	16	8	7	18	19	29
27/03/2025	17	8	6	20	20	30
27/03/2025	18	9	5	24	19	32
27/03/2025	19	9	6	25	19	33
27/03/2025	20	11	5	34	23	41
27/03/2025	21	15	7	43	27	54
27/03/2025	22	14	5	32	24	39
27/03/2025	23	11	3	24	19	28
28/03/2025	00	14	2	20	21	22
28/03/2025	01	15	2	16	21	19
28/03/2025	02	15	1	15	20	16
28/03/2025	03	16	1	15	23	16
28/03/2025	04	22	1	24	36	26
28/03/2025	05	19	4	28	30	34
28/03/2025	06	17	19	43	31	72
28/03/2025	07	19	43	51	45	116
28/03/2025	08	13	29	41	37	85
28/03/2025	10	6	8	14	16	25
28/03/2025	11	7	7	16	21	26
28/03/2025	12	9	12	26	24	45
28/03/2025	13	9	11	27	28	44
28/03/2025	14	11	11	28	40	44
28/03/2025	15	8	12	33	21	51
28/03/2025	16	7	13	37	20	57
28/03/2025	17	7	12	36	20	54
28/03/2025	18	9	8	30	27	43
28/03/2025	19	10	8	41	27	53
28/03/2025	20	12	7	48	36	58
28/03/2025	21	14	6	48	37	57
28/03/2025	22	22	23	71	50	107
28/03/2025	23	16	10	48	38	63
29/03/2025	00	7	2	8	31	11
29/03/2025	01	5	1	7	17	9
29/03/2025	02	8	2	7	38	9
29/03/2025	03	12	1	2	71	3
29/03/2025	04	7	1	2	37	3
29/03/2025	05	5	1	3	25	5
29/03/2025	06	5	3	21	14	25
29/03/2025	07	6	6	29	20	38
29/03/2025	08	6	4	16	21	22
29/03/2025	09	3	3	9	19	13
29/03/2025	10	6	6	20	19	29
29/03/2025	11	4	3	10	18	15
29/03/2025	12	6	3	10	31	15
29/03/2025	13	10	5	9	61	16
29/03/2025	14	8	4	10	46	16
29/03/2025	15	6	2	7	31	10
29/03/2025	16	4	3	8	21	12
29/03/2025	17	5	3	7	23	11
29/03/2025	18	4	3	9	22	14
29/03/2025	19	3	3	12	13	17
29/03/2025	20	3	4	18	11	24
29/03/2025	21	4	3	14	12	19
29/03/2025	22	4	3	16	11	20
29/03/2025	23	4	2	19	13	22
30/03/2025	00	4	2	13	11	15
30/03/2025	01	4	1	14	12	16
30/03/2025	02	4	2	11	10	14
30/03/2025	04	5	1	10	12	12
30/03/2025	05	5	1	16	15	18
30/03/2025	06	5	2	18	13	21
30/03/2025	07	7	4	24	17	29
30/03/2025	08	4	2	8	11	11
30/03/2025	09	4	2	8	11	11
30/03/2025	10	4	3	9	12	13
30/03/2025	11	4	3	6	11	11
30/03/2025	12	4	2	8	11	11
30/03/2025	13	4	3	8	13	12
30/03/2025	14	5	2	7	13	10
30/03/2025	15	4	3	11	14	15
30/03/2025	16	4	3	13	13	18
30/03/2025	17	5	4	16	14	22
30/03/2025	18	5	3	17	15	22
30/03/2025	19	7	4	28	21	35
30/03/2025	20	10	12	49	26	68
30/03/2025	21	12	7	51	30	61
30/03/2025	22	14	9	59	32	73
30/03/2025	23	14	7	49	28	60
31/03/2025	00	14	3	30	31	34
31/03/2025	01	10	1	20	23	22
31/03/2025	02	8	1	14	18	16
31/03/2025	03	10	1	23	25	26
31/03/2025	04	9	4	35	25	40
31/03/2025	05	13	30	48	34	93
31/03/2025	06	20	79	64	64	186
31/03/2025	07	26	88	60	97	195
31/03/2025	08	30	87	64	116	197
31/03/2025	09	24	46	56	95	127
31/03/2025	10	15	18	40	59	68
31/03/2025	11	10	11	27	35	44
31/03/2025	12	15	10	30	45	45
31/03/2025	13	14	8	28	42	40
31/03/2025	14	10	9	29	27	42
31/03/2025	15	9	7	26	25	37
31/03/2025	16	8	8	29	24	41
31/03/2025	17	6	8	37	19	50
31/03/2025	18	8	8	40	21	52
31/03/2025	19	8	16	74	23	98
31/03/2025	20	13	16	69	40	94
31/03/2025	21	15	7	51	32	62
31/03/2025	22	14	2	32	34	35
31/03/2025	23	15	1	23	24	25
01/04/2025	00	17	1	12	24	13
01/04/2025	01	16	1	8	22	10
01/04/2025	02	17	1	11	22	13
01/04/2025	03	23	1	13	27	15
01/04/2025	04	19	3	23	27	27
01/04/2025	05	24	13	34	32	54
01/04/2025	06	29	30	55	42	102
01/04/2025	07	28	61	59	58	152
01/04/2025	08	32	65	63	78	162
01/04/2025	09	22	23	46	52	81
01/04/2025	10	18	10	31	36	46
01/04/2025	11	17	10	33	38	48
01/04/2025	12	16	11	34	37	50
01/04/2025	13	19	10	31	33	46
01/04/2025	14	22	10	36	37	50
01/04/2025	15	15	8	37	28	49
01/04/2025	16	15	6	25	25	33
01/04/2025	17	12	5	24	23	32
01/04/2025	18	7	5	22	18	29
01/04/2025	19	7	4	22	19	28
01/04/2025	20	8	4	25	18	31
01/04/2025	21	8	2	15	16	18
01/04/2025	22	9	1	13	19	15
01/04/2025	23	10	1	13	19	15
02/04/2025	00	8	4	8	16	14
02/04/2025	01	8	1	7	16	8
02/04/2025	02	8	1	6	16	8
02/04/2025	03	8	1	7	16	9
02/04/2025	04	10	2	15	18	17
02/04/2025	05	12	7	36	26	47
02/04/2025	06	14	15	45	29	68
02/04/2025	07	15	17	48	32	74
02/04/2025	08	17	16	45	38	69
02/04/2025	09	17	17	44	37	69
02/04/2025	10	20	8	28	45	40
02/04/2025	11	16	7	21	38	32
02/04/2025	12	21	12	35	42	52
02/04/2025	13	20	10	32	36	46
02/04/2025	14	14	7	23	28	34
02/04/2025	15	14	5	20	28	27
02/04/2025	16	11	6	27	23	36
02/04/2025	17	11	8	33	22	45
02/04/2025	18	11	6	38	22	48
02/04/2025	19	12	5	28	23	34
02/04/2025	20	12	2	20	21	23
02/04/2025	21	11	2	13	20	16
02/04/2025	22	11	1	10	20	12
02/04/2025	23	11	1	7	21	9
03/04/2025	00	10	1	5	20	7
03/04/2025	01	9	2	6	19	8
03/04/2025	02	10	1	7	20	9
03/04/2025	03	11	1	5	23	6
03/04/2025	04	12	1	6	25	8
03/04/2025	05	13	3	16	26	21
03/04/2025	06	14	8	32	30	45
03/04/2025	07	14	7	27	29	38
03/04/2025	08	13	5	21	29	29
03/04/2025	09	11	5	16	25	23
03/04/2025	10	10	4	15	24	22
03/04/2025	11	11	4	17	24	24
03/04/2025	12	11	5	14	24	21
03/04/2025	13	11	4	15	27	22
03/04/2025	14	13	5	19	26	26
03/04/2025	15	14	4	13	29	19
03/04/2025	16	14	5	17	29	24
03/04/2025	17	15	5	19	32	26
03/04/2025	18	14	4	17	27	22
03/04/2025	19	16	3	20	27	25
03/04/2025	20	16	2	14	27	18
03/04/2025	21	16	2	11	25	14
03/04/2025	22	16	2	8	26	11
03/04/2025	23	16	1	7	26	8
04/04/2025	00	15	1	5	23	7
04/04/2025	01	13	1	4	22	5
04/04/2025	02	14	1	2	24	4
04/04/2025	03	15	1	3	26	4
04/04/2025	04	14	1	8	24	11
04/04/2025	05	12	5	27	17	35
04/04/2025	06	14	22	48	18	81
04/04/2025	07	12	11	31	17	49
04/04/2025	08	15	14	40	30	62
04/04/2025	09	14	7	23	42	34
04/04/2025	10	12	6	17	28	26
04/04/2025	11	15	6	19	30	29
04/04/2025	12	16	7	25	31	36
04/04/2025	13	17	8	29	34	40
04/04/2025	14	17	7	24	32	35
04/04/2025	15	16	6	22	30	31
04/04/2025	16	16	8	23	30	34
04/04/2025	17	16	6	22	29	31
04/04/2025	18	18	5	24	33	32
04/04/2025	19	18	6	29	33	39
04/04/2025	20	18	4	31	28	37
04/04/2025	21	17	4	31	21	36
04/04/2025	22	18	2	23	24	27
04/04/2025	23	18	1	16	23	18
05/04/2025	00	11	1	10	15	13
05/04/2025	01	9	1	11	15	12
05/04/2025	02	11	2	13	17	15
05/04/2025	03	12	1	11	18	13
05/04/2025	04	14	5	21	26	28
05/04/2025	05	16	11	31	28	48
05/04/2025	06	11	10	27	22	41
05/04/2025	07	9	9	28	23	42
05/04/2025	08	6	5	18	19	25
05/04/2025	09	5	4	11	16	17
05/04/2025	10	4	3	7	12	12
05/04/2025	11	3	4	10	12	16
05/04/2025	12	3	4	10	12	15
05/04/2025	13	3	4	9	10	16
05/04/2025	14	2	2	5	8	9
05/04/2025	15	2	2	6	8	9
05/04/2025	16	3	2	6	9	10
05/04/2025	17	3	3	9	10	13
05/04/2025	18	3	6	24	12	33
05/04/2025	19	7	14	53	18	73
05/04/2025	20	8	8	46	23	59
05/04/2025	21	8	8	34	19	47
05/04/2025	22	7	3	20	15	25
05/04/2025	23	4	3	16	12	20
06/04/2025	00	3	1	12	10	13
06/04/2025	01	3	1	8	9	10
06/04/2025	02	3	1	8	9	10
06/04/2025	03	4	1	13	13	15
06/04/2025	04	5	1	9	12	11
06/04/2025	05	5	1	15	14	17
06/04/2025	06	6	3	23	17	28
06/04/2025	07	7	5	23	18	32
06/04/2025	08	5	5	17	13	24
06/04/2025	09	6	4	11	14	17
06/04/2025	10	4	4	9	12	15
06/04/2025	11	3	3	6	9	9
06/04/2025	12	2	2	6	9	9
06/04/2025	13	3	2	5	9	8
06/04/2025	14	3	2	6	10	9
06/04/2025	15	3	2	7	10	10
06/04/2025	16	3	3	8	10	12
06/04/2025	17	3	3	12	12	17
06/04/2025	18	4	3	13	11	18
06/04/2025	19	4	3	21	14	26
06/04/2025	20	6	8	45	17	57
06/04/2025	21	10	8	46	23	57
06/04/2025	22	9	5	42	21	49
06/04/2025	23	9	2	31	19	34
07/04/2025	00	8	1	16	16	17
07/04/2025	01	8	1	13	20	15
07/04/2025	02	7	1	11	18	12
07/04/2025	03	14	2	20	49	23
07/04/2025	04	17	8	41	55	54
07/04/2025	05	19	20	49	45	79
07/04/2025	06	30	64	63	135	161
07/04/2025	07	30	80	61	128	183
07/04/2025	08	23	53	51	86	132
07/04/2025	09	15	14	28	40	49
07/04/2025	10	10	11	21	25	37
07/04/2025	11	6	6	12	18	20
07/04/2025	12	10	9	28	28	42
07/04/2025	13	9	10	29	24	44
07/04/2025	14	8	10	32	22	48
07/04/2025	15	8	8	27	21	39
07/04/2025	16	9	13	40	22	59
07/04/2025	17	9	9	36	23	50
07/04/2025	18	9	5	30	21	39
07/04/2025	19	11	5	32	24	39
07/04/2025	20	12	4	33	25	38
07/04/2025	21	12	2	22	24	25
07/04/2025	22	14	1	19	24	22
07/04/2025	23	27	1	16	36	18
08/04/2025	00	20	1	12	29	14
08/04/2025	01	22	1	18	31	21
08/04/2025	02	22	1	22	30	24
08/04/2025	03	21	2	23	31	26
08/04/2025	04	23	3	25	44	30
08/04/2025	05	26	48	44	50	118
08/04/2025	06	39	101	53	76	208
08/04/2025	07	32	105	49	65	209
08/04/2025	08	34	53	48	68	129
08/04/2025	09	34	13	34	49	54
08/04/2025	10	35	11	27	48	43
08/04/2025	11	37	12	33	60	51
08/04/2025	12	31	14	39	50	60
08/04/2025	13	26	10	32	38	48
08/04/2025	14	24	5	20	38	28
08/04/2025	15	12	5	16	25	24
08/04/2025	16	13	6	19	24	28
08/04/2025	17	15	6	19	24	28
08/04/2025	18	15	5	22	24	29
08/04/2025	19	15	5	24	24	32
08/04/2025	20	15	2	15	22	18
08/04/2025	21	15	2	13	23	15
08/04/2025	22	14	1	9	20	11
08/04/2025	23	15	1	9	21	11
09/04/2025	00	23	1	10	28	11
09/04/2025	01	29	1	9	33	11
09/04/2025	02	29	2	10	34	13
09/04/2025	03	29	1	8	34	10
09/04/2025	04	32	1	12	38	14
09/04/2025	05	34	6	38	46	47
09/04/2025	06	32	13	42	44	62
09/04/2025	07	32	19	39	46	69
09/04/2025	08	42	20	39	60	68
09/04/2025	09	34	12	31	46	50
09/04/2025	10	30	10	30	51	46
09/04/2025	11	33	18	40	51	67
09/04/2025	12	30	15	39	43	62
09/04/2025	13	27	13	37	42	57
09/04/2025	14	16	6	19	30	28
09/04/2025	15	14	4	18	32	25
09/04/2025	16	10	10	33	21	48
09/04/2025	17	10	9	41	22	54
09/04/2025	18	12	5	29	23	36
09/04/2025	19	12	4	26	23	32
09/04/2025	20	14	3	19	22	22
09/04/2025	21	16	2	20	25	23
09/04/2025	22	21	1	17	31	19
09/04/2025	23	20	1	13	28	15
10/04/2025	00	22	1	14	29	16
10/04/2025	01	21	1	10	28	11
10/04/2025	02	21	1	9	27	11
10/04/2025	03	25	1	20	33	21
10/04/2025	04	22	6	25	32	33
10/04/2025	05	22	13	36	34	56
10/04/2025	06	19	25	54	38	93
10/04/2025	07	23	33	58	50	108
10/04/2025	08	24	33	47	53	97
10/04/2025	09	23	9	29	41	43
10/04/2025	10	16	5	20	29	28
10/04/2025	11	16	6	21	29	30
10/04/2025	12	13	6	21	25	30
10/04/2025	13	14	5	16	33	23
10/04/2025	14	13	5	17	29	24
10/04/2025	15	13	6	18	31	27
10/04/2025	16	13	6	21	28	30
10/04/2025	17	12	6	21	23	29
10/04/2025	18	12	5	27	23	35
10/04/2025	19	13	5	39	23	46
10/04/2025	20	13	3	23	23	27
10/04/2025	21	12	2	14	22	17
10/04/2025	22	12	2	12	21	14
10/04/2025	23	13	1	12	22	13
11/04/2025	00	15	1	9	23	10
11/04/2025	01	15	1	7	23	8
11/04/2025	02	17	1	8	24	9
11/04/2025	03	20	1	12	27	14
11/04/2025	04	23	2	18	31	21
11/04/2025	05	21	7	33	29	43
11/04/2025	06	24	19	49	34	78
11/04/2025	07	21	15	48	34	72
11/04/2025	08	18	11	37	31	54
11/04/2025	09	18	9	30	29	43
11/04/2025	10	19	6	24	32	33
11/04/2025	11	16	6	18	32	26
11/04/2025	12	14	6	17	40	25
11/04/2025	13	13	7	18	26	28
11/04/2025	14	11	11	25	24	41
11/04/2025	15	11	6	17	25	25
11/04/2025	16	11	6	19	21	27
11/04/2025	17	12	5	21	22	29
11/04/2025	18	12	6	29	22	38
11/04/2025	19	14	4	26	25	33
11/04/2025	20	13	3	20	20	25
11/04/2025	21	13	3	22	22	26
11/04/2025	22	16	4	25	26	30
11/04/2025	23	19	3	21	32	25
12/04/2025	00	20	2	15	29	18
12/04/2025	01	23	1	12	29	14
12/04/2025	02	26	2	13	32	15
12/04/2025	03	21	1	13	25	15
12/04/2025	04	21	2	19	26	22
12/04/2025	05	20	3	27	28	31
12/04/2025	06	19	6	34	31	44
12/04/2025	07	19	9	34	32	47
12/04/2025	08	23	12	31	36	49
12/04/2025	09	25	11	31	40	47
12/04/2025	10	24	7	21	38	32
12/04/2025	11	26	10	28	36	43
12/04/2025	12	23	7	19	32	29
12/04/2025	13	24	6	18	33	26
12/04/2025	14	32	4	14	40	20
12/04/2025	15	33	4	16	42	22
12/04/2025	16	30	4	18	38	24
12/04/2025	17	26	4	18	33	23
12/04/2025	18	23	4	16	29	22
12/04/2025	19	23	6	21	31	29
12/04/2025	20	23	4	26	30	32
12/04/2025	21	31	6	42	37	51
12/04/2025	22	35	5	36	39	43
12/04/2025	23	33	6	35	40	44
13/04/2025	00	37	4	31	40	36
13/04/2025	01	42	3	24	45	28
13/04/2025	02	43	3	27	45	31
13/04/2025	03	43	3	26	45	30
13/04/2025	04	44	6	25	46	34
13/04/2025	05	45	9	24	46	38
13/04/2025	06	44	13	23	45	44
13/04/2025	07	44	15	21	47	43
13/04/2025	08	34	8	18	37	30
13/04/2025	09	21	5	14	26	22
13/04/2025	10	31	7	18	36	29
13/04/2025	11	36	5	17	42	24
13/04/2025	12	47	6	20	52	28
13/04/2025	13	38	4	16	44	22
13/04/2025	14	23	2	12	28	16
13/04/2025	15	19	3	15	25	18
13/04/2025	16	21	4	26	26	32
13/04/2025	17	26	4	30	30	37
13/04/2025	18	26	3	20	31	24
13/04/2025	19	24	3	21	29	25
13/04/2025	20	24	3	23	29	27
13/04/2025	21	26	2	21	32	24
13/04/2025	22	29	1	24	35	26
13/04/2025	23	26	2	25	31	28
14/04/2025	00	36	2	22	41	24
14/04/2025	01	40	1	19	43	21
14/04/2025	02		1	13		15
14/04/2025	03	27	1	14	30	16
14/04/2025	04	19	3	20	23	25
14/04/2025	05	24	14	35	30	56
14/04/2025	06	29	31	48	38	95
14/04/2025	07	34	40	57	70	118
14/04/2025	08	29	32	55	50	104
14/04/2025	09	32	23	49	50	84
14/04/2025	10	27	9	28	39	41
14/04/2025	11	25	9	28	37	43
14/04/2025	13	23	7	21	37	32
14/04/2025	14	24	6	22	38	32
14/04/2025	15	21	7	26	31	36
14/04/2025	16	18	6	25	28	35
14/04/2025	17	21	7	32	29	42
14/04/2025	18	19	9	42	28	54
14/04/2025	19	20	7	41	29	51
14/04/2025	20	23	5	33	30	40
14/04/2025	21	27	4	36	35	41
14/04/2025	22	24	3	33	36	38
14/04/2025	23	10	1	13	21	15
15/04/2025	00	7	1	7	17	9
15/04/2025	01	8	1	7	19	9
15/04/2025	02	9	1	5	21	7
15/04/2025	03	6	1	7	18	8
15/04/2025	04	3	1	11	14	14
15/04/2025	05	2	3	17	12	22
15/04/2025	06	5	8	28	29	39
15/04/2025	07	9	8	28	40	41
15/04/2025	08	13	6	18	70	27
15/04/2025	09	6	5	16	23	24
15/04/2025	10	6	4	14	29	20
15/04/2025	11	6	5	14	28	22
15/04/2025	12	5	4	11	24	17
15/04/2025	13	5	4	11	25	17
15/04/2025	14	7	5	13	33	20
15/04/2025	15	6	5	14	31	21
15/04/2025	16	9	5	12	49	19
15/04/2025	17	7	3	11	38	16
15/04/2025	18	4	3	14	21	19
15/04/2025	19	4	3	22	19	27
15/04/2025	20	5	4	30	17	35
15/04/2025	21	4	3	22	14	26
15/04/2025	22	3	1	14	15	16
15/04/2025	23	3	1	9	12	11
16/04/2025	00	2	1	6	9	7
16/04/2025	01	2	1	6	10	8
16/04/2025	02	2	1	5	10	7
16/04/2025	03	2	1	9	11	11
16/04/2025	04	3	2	16	14	19
16/04/2025	05	5	7	39	20	50
16/04/2025	06	6	15	46	25	69
16/04/2025	07	5	10	34	20	50
16/04/2025	08	5	9	24	24	38
16/04/2025	09	3	5	13	17	20
16/04/2025	10	3	5	13	15	21
16/04/2025	11	3	5	14	18	22
16/04/2025	12	4	7	14	21	24
16/04/2025	13	3	8	15	21	27
16/04/2025	14	4	6	15	20	24
16/04/2025	15	6	6	15	36	23
16/04/2025	16	7	6	16	38	25
16/04/2025	17	7	6	19	41	28
16/04/2025	18	13	4	16	81	21
16/04/2025	19	6	3	16	36	21
16/04/2025	20	3	3	21	13	25
16/04/2025	21	4	3	16	14	20
16/04/2025	22	2	2	9	10	12
16/04/2025	23	2	1	7	8	9
17/04/2025	00	2	1	5	10	6
17/04/2025	01	3	1	4	7	6
17/04/2025	02	2	1	5	7	7
17/04/2025	03	3	1	12	11	14
17/04/2025	04	3	2	12	10	14
17/04/2025	05	5	12	37	15	56
17/04/2025	06	8	23	46	23	81
17/04/2025	07	10	34	52	36	105
17/04/2025	08	13	29	43	47	87
17/04/2025	09	6	7	18	25	29
17/04/2025	10	5	5	14	18	22
17/04/2025	11	4	6	11	13	20
17/04/2025	12	4	6	13	15	22
17/04/2025	13	4	5	11	17	19
17/04/2025	14	7	4	9	35	14
17/04/2025	15	6	2	8	26	11
17/04/2025	16	4	3	10	19	15
17/04/2025	17	5	3	12	19	17
17/04/2025	18	5	3	14	20	19
17/04/2025	19	5	4	18	18	24
17/04/2025	20	5	4	24	16	29
17/04/2025	21	10	7	42	25	53
17/04/2025	22	14	2	30	29	33
17/04/2025	23	12	1	21	26	23
18/04/2025	00	12	1	25	23	27
18/04/2025	01	14	1	38	25	41
18/04/2025	02	15	2	43	25	46
18/04/2025	03	14	3	35	22	39
18/04/2025	04	13	5	30	24	38
18/04/2025	05	12	8	35	25	47
18/04/2025	06	10	16	39	23	64
18/04/2025	07	7	9	29	20	42
18/04/2025	08	7	4	13	21	20
18/04/2025	09	5	3	9	14	14
18/04/2025	10	3	2	5	11	8
18/04/2025	11	3	2	5	10	9
18/04/2025	12	3	2	5	10	9
18/04/2025	13	6	3	7	20	11
18/04/2025	14	6	2	5	18	8
18/04/2025	15	5	2	6	18	9
18/04/2025	16	5	2	7	15	9
18/04/2025	17	5	2	8	13	13
18/04/2025	18	6	4	23	15	29
18/04/2025	19	7	3	28	18	34
18/04/2025	20	8	3	25	16	30
18/04/2025	21	10	2	30	18	33
18/04/2025	22	11	2	19	19	23
18/04/2025	23	15	2	18	26	21
19/04/2025	00	17	2	20	28	22
19/04/2025	01	17	2	20	27	23
19/04/2025	02	19	2	24	32	26
19/04/2025	03	18	2	18	37	21
19/04/2025	04	10	1	9	19	11
19/04/2025	05	2	2	7	8	9
19/04/2025	06	2	3	13	10	17
19/04/2025	07	4	2	8	18	11
19/04/2025	08	7	2	4	38	7
19/04/2025	09	7	2	3	36	6
19/04/2025	10	7	2	5	40	8
19/04/2025	11	6	3	8	41	12
19/04/2025	12	10	2	5	65	9
19/04/2025	13	13	1	4	79	6
19/04/2025	14	7	2	4	37	6
19/04/2025	15	5	1	3	25	6
19/04/2025	16	4	2	4	23	7
19/04/2025	17	3	2	7	16	10
19/04/2025	18	3	2	8	15	10
19/04/2025	19	3	2	9	13	12
19/04/2025	20	4	2	10	17	13
19/04/2025	21	3	2	8	10	12
19/04/2025	22	3	2	6	10	8
19/04/2025	23	2	1	6	8	8
20/04/2025	00	2	1	4	9	6
20/04/2025	01	2	1	3	8	4
20/04/2025	02	2	1	4	8	6
20/04/2025	03	2	1	4	7	5
20/04/2025	04	2	1	4	8	6
20/04/2025	05	2	1	3	8	5
20/04/2025	06	4	1	9	11	11
20/04/2025	07	4	2	8	12	10
20/04/2025	08	3	1	4	12	6
20/04/2025	09	4	2	4	11	7
20/04/2025	10	4	2	4	12	7
20/04/2025	11	3	2	4	11	7
20/04/2025	12	2	2	4	10	7
20/04/2025	13	2	2	4	9	6
20/04/2025	14	2	2	3	8	6
20/04/2025	15	1	2	5	7	7
20/04/2025	16	1	2	6	8	9
20/04/2025	17	1	3	11	8	15
20/04/2025	18	4	4	23	11	28
20/04/2025	19	4	3	28	12	33
20/04/2025	20	4	3	23	12	27
20/04/2025	21	4	1	18	12	20
20/04/2025	22	6	3	24	14	28
20/04/2025	23	6	2	28	15	31
21/04/2025	00	7	1	22	15	23
21/04/2025	01	9	1	18	19	20
21/04/2025	02	7	1	14	19	15
21/04/2025	03	6	2	17	15	20
21/04/2025	04	4	1	15	10	17
21/04/2025	05	4	2	19	12	21
21/04/2025	06	5	4	22	15	28
21/04/2025	07	5	4	17	14	23
21/04/2025	08	5	4	12	13	17
21/04/2025	09	4	3	8	11	13
21/04/2025	10	3	2	5	10	8
21/04/2025	11	3	2	5	10	8
21/04/2025	12	3	3	8	10	13
21/04/2025	13	5	6	19	17	28
21/04/2025	14	4	5	16	15	23
21/04/2025	15	6	2	7	21	10
21/04/2025	16	4	3	11	11	15
21/04/2025	17	5	4	21	12	27
21/04/2025	18	6	3	16	14	20
21/04/2025	19	6	2	16	14	19
21/04/2025	20	8	3	21	15	25
21/04/2025	21	6	2	20	13	23
21/04/2025	22	8	2	20	17	23
21/04/2025	23	10	1	17	21	19
22/04/2025	00	11	1	23	19	25
22/04/2025	01	14	1	16	21	17
22/04/2025	02	12	1	18	20	19
22/04/2025	03	11	1	22	23	24
22/04/2025	04	11	2	28	22	32
22/04/2025	05	12	13	41	24	62
22/04/2025	06	14	52	51	27	130
22/04/2025	07	14	46	53	25	124
22/04/2025	08	12	31	53	23	100
22/04/2025	09	15	43	52	24	118
22/04/2025	10	17	34	45	29	97
22/04/2025	11	17	15	26	28	49
22/04/2025	13	15	12	31	25	50
22/04/2025	14	11	11	28	19	45
22/04/2025	15	11	8	25	24	37
22/04/2025	16	13	8	33	18	46
22/04/2025	17	9	11	35	14	52
22/04/2025	18	9	8	35	13	47
22/04/2025	19	12	8	38	18	50
22/04/2025	20	17	8	46	20	58
22/04/2025	21	18	4	36	21	43
22/04/2025	22	16	6	32	21	41
22/04/2025	23	18	3	28	19	33
23/04/2025	00	17	2	26	21	29
23/04/2025	01	15	3	19	19	23
23/04/2025	02	11	1	15	16	16
23/04/2025	03	7	1	12	13	15
23/04/2025	04	7	6	23	17	32
23/04/2025	05	8	22	35	22	69
23/04/2025	06	13	53	47	36	129
23/04/2025	07	19	59	52	53	142
23/04/2025	08	16	35	45	45	99
23/04/2025	09	14	19	36	34	65
23/04/2025	10	9	8	20	22	32
23/04/2025	11	6	7	18	17	28
23/04/2025	12	9	6	20	23	29
23/04/2025	13	10	8	25	24	37
23/04/2025	14	7	5	17	20	26
23/04/2025	15	6	4	14	18	21
23/04/2025	16	7	5	16	20	24
23/04/2025	17	7	8	24	18	36
23/04/2025	18	7	4	25	15	32
23/04/2025	19	9	5	35	22	42
23/04/2025	20	10	3	27	19	33
23/04/2025	21	14	6	37	24	46
23/04/2025	22	12	3	35	21	39
23/04/2025	23	10	1	19	18	21
24/04/2025	00	10	1	11	16	13
24/04/2025	01	10	1	9	15	11
24/04/2025	02	10	1	13	17	14
24/04/2025	03	9	1	14	17	16
24/04/2025	04	13	5	26	23	32
24/04/2025	05	18	26	44	36	84
24/04/2025	06	19	63	51	46	147
24/04/2025	07	22	54	49	57	131
24/04/2025	08	21	34	41	54	93
24/04/2025	09	12	11	23	35	39
24/04/2025	10	9	6	17	24	25
24/04/2025	11	10	6	19	27	28
24/04/2025	12	11	8	22	27	33
24/04/2025	13	7	8	21	18	33
24/04/2025	14	7	9	25	17	38
24/04/2025	15	7	7	20	17	30
24/04/2025	16	7	5	18	17	26
24/04/2025	17	7	7	22	17	32
24/04/2025	18	8	7	36	17	46
24/04/2025	19	9	5	41	20	49
24/04/2025	20	10	4	35	18	41
24/04/2025	21	11	4	29	22	34
24/04/2025	22	11	2	23	20	27
24/04/2025	23	12	2	24	20	27
25/04/2025	00	18	1	26	27	27
25/04/2025	01	20	3	22	33	26
25/04/2025	02	19	2	24	30	27
25/04/2025	03	19	3	21	27	25
25/04/2025	04	16	4	17	23	23
25/04/2025	05	20	27	33	36	75
25/04/2025	06	21	52	40	36	120
25/04/2025	07	26	50	44	46	121
25/04/2025	08	21	9	29	30	44
25/04/2025	09	27	9	26	34	40
25/04/2025	10	28	8	22	37	34
25/04/2025	11	27	8	23	36	34
25/04/2025	12	23	10	29	31	44
25/04/2025	13	16	7	21	23	31
25/04/2025	14	13	6	17	19	26
25/04/2025	15	12	6	21	19	30
25/04/2025	16	15	6	24	22	32
25/04/2025	17	12	5	21	18	28
25/04/2025	18	10	3	17	15	22
25/04/2025	19	10	3	19	16	25
25/04/2025	20	11	4	23	17	29
25/04/2025	21	16	4	31	22	37
25/04/2025	22	19	2	25	28	29
25/04/2025	23	21	1	23	29	25
26/04/2025	00	18	2	16	23	18
26/04/2025	01	19	2	18	24	21
26/04/2025	02	24	1	23	29	25
26/04/2025	03	26	2	25	31	28
26/04/2025	04	27	8	32	32	44
26/04/2025	05	28	4	21	35	26
26/04/2025	06	30	11	35	39	52
26/04/2025	07	30	13	36	40	55
26/04/2025	08	36	11	30	46	47
26/04/2025	09	29	9	24	36	37
26/04/2025	10	14	5	14	22	22
26/04/2025	11	8	6	17	16	26
26/04/2025	12	7	5	15	14	23
26/04/2025	13	7	6	19	14	29
26/04/2025	14	7	4	12	13	19
26/04/2025	15	6	4	13	13	19
26/04/2025	16	5	3	9	13	13
26/04/2025	17	4	5	17	13	24
26/04/2025	18	7	5	34	18	42
26/04/2025	19	6	4	33	18	39
26/04/2025	20	6	6	29	15	38
26/04/2025	21	6	2	19	14	22
26/04/2025	22	6	2	13	14	15
26/04/2025	23	6	4	19	14	25
27/04/2025	00	6	2	17	13	20
27/04/2025	01	3	2	10	9	12
27/04/2025	02	3	1	4	20	5
27/04/2025	03	2	1	4	11	5
27/04/2025	04	1	1	4	9	6
27/04/2025	05	2	1	6	7	8
27/04/2025	06	2	3	19	9	23
27/04/2025	07	4	4	19	14	24
27/04/2025	08	3	2	10	9	13
27/04/2025	09	2	2	7	9	10
27/04/2025	10	1	4	11	7	18
27/04/2025	11	2	7	18	9	28
27/04/2025	12	2	5	14	9	21
27/04/2025	13	2	2	9	9	13
27/04/2025	14	2	4	14	10	19
27/04/2025	15	2	4	17	9	23
27/04/2025	16	2	3	15	10	20
27/04/2025	17	2	3	12	10	16
27/04/2025	18	3	2	14	11	18
27/04/2025	19	4	3	24	11	27
27/04/2025	20	4	3	19	13	24
27/04/2025	21	3	1	10	11	12
27/04/2025	22	4	1	14	12	16
27/04/2025	23	3	1	12	10	14
28/04/2025	00	4	1	12	10	13
28/04/2025	01	6	1	14	13	16
28/04/2025	02	8	1	11	15	13
28/04/2025	03	10	1	20	19	22
28/04/2025	04	4	1	10	10	12
28/04/2025	05	5	5	26	12	32
28/04/2025	06	5	6	24	14	33
28/04/2025	07	6	10	27	18	42
28/04/2025	08	7	8	23	24	34
28/04/2025	09	5	4	15	18	22
28/04/2025	10	5	2	8	14	11
28/04/2025	11	5	4	12	14	18
29/04/2025	09	11	7	20	24	30
29/04/2025	10	8	6	18	16	26
29/04/2025	11	8	5	17	18	24
29/04/2025	12	6	7	18	14	28
29/04/2025	13	6	4	14	16	21
29/04/2025	14	7	5	16	18	24
29/04/2025	15	6	5	13	19	20
29/04/2025	16	7	5	17	15	24
29/04/2025	17	6	5	17	13	24
29/04/2025	18	6	5	18	13	26
29/04/2025	19	7	3	17	14	22
29/04/2025	20	7	2	15	15	18
29/04/2025	21	6	2	11	13	14
29/04/2025	22	6	1	8	12	10
29/04/2025	23	6	1	4	12	5
30/04/2025	00	6	1	3	13	5
30/04/2025	01	9	1	6	14	8
30/04/2025	02	10	1	7	16	9
30/04/2025	03	9	1	9	15	10
30/04/2025	04	8	2	12	15	14
30/04/2025	05	10	5	23	15	30
30/04/2025	06	12	11	38	19	56
30/04/2025	07	15	12	43	28	61
30/04/2025	08	12	9	28	26	42
30/04/2025	09	9	6	16	21	25
30/04/2025	10	9	6	17	20	25
30/04/2025	11	9	4	13	23	19
30/04/2025	12	8	6	15	23	24
30/04/2025	13	8	6	13	27	22
30/04/2025	14	7	5	13	24	21
30/04/2025	15	7	5	16	18	23
30/04/2025	16	8	5	17	18	25
30/04/2025	17	9	7	20	19	30
30/04/2025	18	9	6	19	19	28
30/04/2025	19	10	5	18	19	25
30/04/2025	20	10	3	16	18	20
30/04/2025	21	10	2	11	17	14
30/04/2025	22	11	1	13	17	15
30/04/2025	23	10	1	12	18	14
