Red: Red de Vigilancia y Control de la Contaminación Atmosférica
Estación: 03099002-Orihuela
	
FECHA	HORA	Temp.	H.Rel.	O3
		°C	% H.R.	µg/m³
01/01/2025	00	10,9	100	20
01/01/2025	01	11,2	100	32
01/01/2025	02	11,2	100	31
01/01/2025	03	11,5	100	47
01/01/2025	04	11,4	100	47
01/01/2025	05	11,3	100	34
01/01/2025	06	11	100	29
01/01/2025	07	10,5	100	27
01/01/2025	08	10,6	100	26
01/01/2025	09	11	100	21
01/01/2025	10	11,4	100	29
01/01/2025	11	12,6	100	35
01/01/2025	12	15,2	93	41
01/01/2025	13	17,1	79	42
01/01/2025	14	18,7	74	57
01/01/2025	15	18,3	73	71
01/01/2025	16	18	73	62
01/01/2025	17	16,5	82	36
01/01/2025	18	14,4	95	31
01/01/2025	19	13,9	95	28
01/01/2025	20	12,5	99	17
01/01/2025	21	10,9	100	9
01/01/2025	22	10,6	100	16
01/01/2025	23	10,1	100	15
02/01/2025	00	9,1	100	8
02/01/2025	01	8,6	100	11
02/01/2025	02	9,1	100	14
02/01/2025	03	9,4	100	22
02/01/2025	04	8,6	100	19
02/01/2025	05	9,3	100	29
02/01/2025	06	8,6	100	26
02/01/2025	07	9,1	100	27
02/01/2025	08	9,1	100	25
02/01/2025	09	10,5	96	27
02/01/2025	10	12,4	87	34
02/01/2025	11	14,2	81	34
02/01/2025	12	15,8	76	39
02/01/2025	13	17,2	69	51
02/01/2025	14	18,2	65	58
02/01/2025	15	18,9	61	61
02/01/2025	16	18,9	59	62
02/01/2025	17	17,2	66	47
02/01/2025	18	12,6	85	23
02/01/2025	19	11,1	89	27
02/01/2025	20	9,8	97	22
02/01/2025	21	9,9	100	20
02/01/2025	22	9,8	100	5
02/01/2025	23	9,2	100	4
03/01/2025	00	9,1	100	12
03/01/2025	01	9	100	14
03/01/2025	02	9,5	100	15
03/01/2025	03	9,2	96	18
03/01/2025	04	9,4	90	29
03/01/2025	05	8,4	94	26
03/01/2025	06	7,9	94	26
03/01/2025	07	7,7	94	20
03/01/2025	08	8	90	22
03/01/2025	09	8,9	86	18
03/01/2025	10	12,1	72	36
03/01/2025	11	15	59	64
03/01/2025	12	16,7	57	59
03/01/2025	13	19,1	50	68
03/01/2025	14	20,8	46	73
03/01/2025	15	20,6	43	86
03/01/2025	16	20,2	46	75
03/01/2025	17	18,5	57	40
03/01/2025	18	15,2	69	44
03/01/2025	19	14,2	69	37
03/01/2025	20	13,7	75	30
03/01/2025	21	13,2	74	30
03/01/2025	22	12,3	73	37
03/01/2025	23	12,3	69	54
04/01/2025	00	11,9	70	55
04/01/2025	01	11,8	69	53
04/01/2025	02	11,2	70	51
04/01/2025	03	11,7	67	61
04/01/2025	04	10,9	69	60
04/01/2025	05	10,4	69	60
04/01/2025	06	10,3	70	61
04/01/2025	07	10,7	69	64
04/01/2025	08	11,3	67	62
04/01/2025	09	12,5	65	65
04/01/2025	10	14,8	58	68
04/01/2025	11	17,1	54	76
04/01/2025	12	18,8	52	84
04/01/2025	13	20	49	92
04/01/2025	14	20,9	45	95
04/01/2025	15	20,8	47	88
04/01/2025	16	20,5	45	90
04/01/2025	17	17,2	56	71
04/01/2025	18	14,4	65	65
04/01/2025	19	12,8	72	54
04/01/2025	20	10,9	84	32
04/01/2025	21	11,8	82	33
04/01/2025	22	11,3	88	32
04/01/2025	23	9,9	92	24
05/01/2025	00	9,4	92	18
05/01/2025	01	8,6	95	12
05/01/2025	02	8,3	93	15
05/01/2025	03	9	87	30
05/01/2025	04	8,7	85	34
05/01/2025	05	8,4	84	34
05/01/2025	06	8,3	81	39
05/01/2025	07	7,6	82	43
05/01/2025	08	7,5	83	33
05/01/2025	09	8,6	83	27
05/01/2025	10	11,1	72	38
05/01/2025	11	13,9	63	49
05/01/2025	12	15,5	59	54
05/01/2025	13	15,4	62	52
05/01/2025	14	17,4	54	62
05/01/2025	15	17,8	60	46
05/01/2025	16	17,4	68	32
05/01/2025	17	14,7	80	28
05/01/2025	18	12,2	89	24
05/01/2025	19	12,6	83	47
05/01/2025	20	10,7	93	14
05/01/2025	21	10,2	97	3
05/01/2025	22	9,8	97	3
05/01/2025	23	9,6	100	2
06/01/2025	00	9,9	100	2
06/01/2025	01	9,8	100	2
06/01/2025	02	9,8	100	2
06/01/2025	03	10,1	100	2
06/01/2025	04	9,7	100	2
06/01/2025	05	9,7	100	3
06/01/2025	06	9,6	100	2
06/01/2025	07	9,7	100	2
06/01/2025	08	10,4	100	3
06/01/2025	09	11,5	100	11
06/01/2025	10	12,5	100	9
06/01/2025	11	13,6	97	15
06/01/2025	12	15,3	87	29
06/01/2025	13	16,2	84	38
06/01/2025	14	17,3	82	38
06/01/2025	15	17,9	75	57
06/01/2025	16	18,1	72	59
06/01/2025	17	17,1	71	70
06/01/2025	18	16,6	67	77
06/01/2025	19	15,4	72	70
06/01/2025	20	14,1	78	65
06/01/2025	21	12,8	83	55
06/01/2025	22	13,9	74	76
06/01/2025	23	14,5	67	87
07/01/2025	00	14,3	68	85
07/01/2025	01	13,7	71	79
07/01/2025	02	13,5	70	77
07/01/2025	03	13,2	68	81
07/01/2025	04	12,4	71	79
07/01/2025	05	12,6	67	80
07/01/2025	06	12,4	67	77
07/01/2025	07	11,1	73	55
07/01/2025	08	9,9	81	40
07/01/2025	09	12,4	74	50
07/01/2025	10	14,9	66	61
07/01/2025	11	16,4	59	73
07/01/2025	12	17,7	52	84
07/01/2025	13	18,3	48	89
07/01/2025	14	18,9	46	90
07/01/2025	15	19,7	43	90
07/01/2025	16	19,6	45	77
07/01/2025	17	18	49	73
07/01/2025	18	14,6	64	53
07/01/2025	19	12,4	79	38
07/01/2025	20	10,6	89	30
07/01/2025	21	10,4	91	27
07/01/2025	22	10,9	89	11
07/01/2025	23	11,5	89	23
08/01/2025	00	11	89	19
08/01/2025	01	10,6	86	29
08/01/2025	02	8,6	93	20
08/01/2025	03	8,2	94	25
08/01/2025	04	7,9	94	25
08/01/2025	05	7,9	94	23
08/01/2025	06	8,7	88	29
08/01/2025	07	9,4	82	36
08/01/2025	08	8,6	86	21
08/01/2025	09	11,3	72	33
08/01/2025	10	13,2	67	33
08/01/2025	11	15,8	60	47
08/01/2025	12	18,3	55	51
08/01/2025	13	20,4	47	59
08/01/2025	14	21,5	45	66
08/01/2025	15	22,5	44	53
08/01/2025	16	21,2	55	51
08/01/2025	17	18,8	66	28
08/01/2025	18	16,3	77	35
08/01/2025	19	14,7	88	32
08/01/2025	20	13,3	93	16
08/01/2025	21	12,5	97	14
08/01/2025	22	13	97	15
08/01/2025	23	13,2	96	14
09/01/2025	00	12,6	93	16
09/01/2025	01	12,5	87	18
09/01/2025	02	12,4	84	24
09/01/2025	03	12,3	83	23
09/01/2025	04	12,2	86	17
09/01/2025	05	12,7	83	17
09/01/2025	06	11,7	87	14
09/01/2025	07	10,8	91	10
09/01/2025	08	9,9	97	2
09/01/2025	09	11,2	95	3
09/01/2025	10	16,3	75	13
09/01/2025	11	17,9	72	25
09/01/2025	12	19	71	33
09/01/2025	13	21,7	56	53
09/01/2025	14	21,8	54	62
09/01/2025	15	21,6	52	68
09/01/2025	16	22	48	64
09/01/2025	17	20,2	55	48
09/01/2025	18	19	60	62
09/01/2025	19	17,1	68	52
09/01/2025	20	17,6	66	59
09/01/2025	21	17,2	70	60
09/01/2025	22	16,4	74	56
09/01/2025	23	15,4	78	51
10/01/2025	00	14,2	83	45
10/01/2025	01	15,2	78	51
10/01/2025	02	15,2	78	52
10/01/2025	03	14,5	82	52
10/01/2025	04	13,8	85	47
10/01/2025	05	13,5	85	45
10/01/2025	06	12,8	87	44
10/01/2025	07	14	83	48
10/01/2025	08	14,4	82	44
10/01/2025	09	15,6	79	35
10/01/2025	10	18,2	71	45
10/01/2025	11	20,4	65	49
10/01/2025	12	21,7	60	61
10/01/2025	13	22,6	56	65
10/01/2025	14	24	50	72
10/01/2025	15	24,3	48	71
10/01/2025	16	23,7	51	67
10/01/2025	17	21,2	59	61
10/01/2025	18	19,1	65	64
10/01/2025	19	18,1	67	64
10/01/2025	20	17,3	69	67
10/01/2025	21	16,1	74	56
10/01/2025	22	14,2	83	46
10/01/2025	23	15,9	75	61
11/01/2025	00	16,1	74	68
11/01/2025	01	16,3	75	71
11/01/2025	02	15,4	78	62
11/01/2025	03	16,7	74	67
11/01/2025	04	16,9	74	69
11/01/2025	05	16,6	76	68
11/01/2025	06	16,9	76	69
11/01/2025	07	16,2	79	63
11/01/2025	08	16	80	47
11/01/2025	09	16,9	77	53
11/01/2025	10	17,1	77	54
11/01/2025	11	18,3	76	51
11/01/2025	12	22,1	64	61
11/01/2025	13	24,1	59	71
11/01/2025	14	24,6	58	75
11/01/2025	15	24,8	57	71
11/01/2025	16	24,2	57	77
11/01/2025	17	23,4	58	74
11/01/2025	18	22,3	60	70
11/01/2025	19	21,4	63	65
11/01/2025	20	20,3	70	61
11/01/2025	21	18,6	78	49
11/01/2025	22	18,2	80	45
11/01/2025	23	19,8	71	62
12/01/2025	00	19,5	69	63
12/01/2025	01	20,6	48	87
12/01/2025	02	20,4	36	96
12/01/2025	03	18,2	44	77
12/01/2025	04	16,6	46	77
12/01/2025	05	16	49	79
12/01/2025	06	15	52	77
12/01/2025	07	13,9	56	75
12/01/2025	08	15	51	78
12/01/2025	09	16,4	49	77
12/01/2025	10	16,7	49	77
12/01/2025	11	18,8	47	66
12/01/2025	12	19,9	45	77
12/01/2025	13	21,6	39	76
12/01/2025	14	21,6	40	82
12/01/2025	15	20,8	48	91
12/01/2025	16	19,6	55	88
12/01/2025	17	18,2	63	83
12/01/2025	18	15,1	81	58
12/01/2025	19	12,2	93	31
12/01/2025	20	11	96	20
12/01/2025	21	10	97	17
12/01/2025	22	8,9	99	6
12/01/2025	23	8,3	100	11
13/01/2025	00	8	100	16
13/01/2025	01	8	99	18
13/01/2025	02	8,2	99	20
13/01/2025	03	7,8	98	17
13/01/2025	04	5,8	100	9
13/01/2025	05	5,7	100	10
13/01/2025	06	5,6	100	9
13/01/2025	07	5,9	100	8
13/01/2025	08	5,3	100	2
13/01/2025	09	8,3	100	7
13/01/2025	10	11,4	84	25
13/01/2025	11	13,5	70	44
13/01/2025	12	15,8	59	52
13/01/2025	13	17,4	51	58
13/01/2025	14	18,2	46	66
13/01/2025	15	18,1	45	73
13/01/2025	16	17,7	46	76
13/01/2025	17	15,5	56	81
13/01/2025	18	12,1	74	43
13/01/2025	19	9,3	88	4
13/01/2025	20	9,7	85	13
13/01/2025	21	7,3	94	7
13/01/2025	22	6,7	99	6
13/01/2025	23	6,6	100	6
14/01/2025	00	6,4	100	4
14/01/2025	01	5,8	100	8
14/01/2025	02	5,2	100	5
14/01/2025	03	4,7	100	8
14/01/2025	04	4,6	100	13
14/01/2025	05	4	100	15
14/01/2025	06	4,2	100	23
14/01/2025	07	5,2	96	28
14/01/2025	08	5,6	91	28
14/01/2025	09	7,9	81	38
14/01/2025	10	10	72	47
14/01/2025	11	12,3	66	55
14/01/2025	12	14,8	59	63
14/01/2025	13	16,7	50	66
14/01/2025	14	17,5	45	71
14/01/2025	15	18,4	39	62
14/01/2025	16	18,1	39	65
14/01/2025	17	15,3	55	70
14/01/2025	18	11,8	75	35
14/01/2025	19	8,4	90	12
14/01/2025	20	6,4	97	8
14/01/2025	21	5,4	99	7
14/01/2025	22	4,2	100	12
14/01/2025	23	3,9	100	8
15/01/2025	00	3,3	100	8
15/01/2025	01	3,5	100	10
15/01/2025	02	3,7	100	15
15/01/2025	03	3,5	97	22
15/01/2025	04	3	91	26
15/01/2025	05	2,6	87	29
15/01/2025	06	1,6	90	21
15/01/2025	07	1	94	15
15/01/2025	08	1,3	98	9
15/01/2025	09	4,5	86	15
15/01/2025	10	8,1	62	32
15/01/2025	11	10	52	38
15/01/2025	12	13,2	43	48
15/01/2025	13	15,6	38	60
15/01/2025	14	17,4	32	73
15/01/2025	15	18,6	30	64
15/01/2025	16	18,8	34	67
15/01/2025	17	16,4	53	55
15/01/2025	18	12,7	76	50
15/01/2025	19	10,1	85	35
15/01/2025	20	7,2	95	4
15/01/2025	21	5,4	99	11
15/01/2025	22	4,2	100	5
15/01/2025	23	3,9	100	5
16/01/2025	00	3,8	100	5
16/01/2025	01	3,7	100	5
16/01/2025	02	3,3	100	8
16/01/2025	03	3	100	9
16/01/2025	04	2,6	100	9
16/01/2025	05	2,7	100	12
16/01/2025	06	2,9	96	14
16/01/2025	07	2,8	94	14
16/01/2025	08	3,1	89	8
16/01/2025	09	6,6	78	12
16/01/2025	10	11,4	57	26
16/01/2025	11	14,3	45	41
16/01/2025	12	17,2	45	44
16/01/2025	13	18,3	56	50
16/01/2025	14	18,6	58	62
16/01/2025	15	18,9	56	62
16/01/2025	16	18	59	60
16/01/2025	17	17,3	60	54
16/01/2025	18	15,7	69	58
16/01/2025	19	13,6	91	81
16/01/2025	20	13,3	88	89
16/01/2025	21	12,7	91	78
16/01/2025	22	12,1	94	56
16/01/2025	23	11,6	97	36
17/01/2025	00	10,4	98	29
17/01/2025	01	9,3	100	26
17/01/2025	02	7,8	100	23
17/01/2025	03	7,1	100	23
17/01/2025	04	7,1	100	25
17/01/2025	05	7,6	98	33
17/01/2025	06	6,9	100	25
17/01/2025	07	7,4	98	25
17/01/2025	08	6,6	100	13
17/01/2025	09	9,4	98	19
17/01/2025	10	14,9	80	45
17/01/2025	11	17,6	64	65
17/01/2025	12	18,5	62	69
17/01/2025	13	16,5	76	63
17/01/2025	14	16,4	77	62
17/01/2025	15	16,7	72	65
17/01/2025	16	16,4	71	64
17/01/2025	17	15,8	74	56
17/01/2025	18	14,5	82	46
17/01/2025	19	14	83	41
17/01/2025	20	13	92	21
17/01/2025	21	12,4	97	22
17/01/2025	22	12,3	100	14
17/01/2025	23	12,8	98	35
18/01/2025	00	10,9	100	17
18/01/2025	01	10,3	100	15
18/01/2025	02	9,9	100	19
18/01/2025	03	9,1	100	22
18/01/2025	04	8,4	100	19
18/01/2025	05	7,6	100	21
18/01/2025	06	7,4	100	26
18/01/2025	07	6,8	100	22
18/01/2025	08	8,8	100	32
18/01/2025	09	10,5	97	35
18/01/2025	10	13,6	79	52
18/01/2025	11	16,4	66	62
18/01/2025	12	18,2	58	68
18/01/2025	13	19,8	49	76
18/01/2025	14	20,7	44	78
18/01/2025	15	21,4	42	75
18/01/2025	16	20,6	43	78
18/01/2025	17	19	47	73
18/01/2025	18	14,1	64	54
18/01/2025	19	11,2	70	56
18/01/2025	20	10	74	49
18/01/2025	21	7,7	86	22
18/01/2025	22	6,2	92	15
18/01/2025	23	5,6	95	9
19/01/2025	00	5,4	94	4
19/01/2025	01	5,1	95	7
19/01/2025	02	5,4	92	15
19/01/2025	03	5,4	93	19
19/01/2025	04	6	91	27
19/01/2025	05	6,6	87	33
19/01/2025	06	6,7	87	33
19/01/2025	07	6,4	89	34
19/01/2025	08	7,5	84	39
19/01/2025	09	9,9	75	44
19/01/2025	10	12,5	68	44
19/01/2025	11	15,4	59	52
19/01/2025	12	17,4	54	57
19/01/2025	13	19,1	54	60
19/01/2025	14	19,8	51	77
19/01/2025	15	20,4	49	78
19/01/2025	16	19	60	91
19/01/2025	17	16,8	68	86
19/01/2025	18	13,5	81	47
19/01/2025	19	11,3	91	20
19/01/2025	20	8,4	97	10
19/01/2025	21	7,2	100	14
19/01/2025	22	6,3	100	13
19/01/2025	23	5,9	100	13
20/01/2025	00	5,6	100	10
20/01/2025	01	5,5	100	8
20/01/2025	02	5,7	100	13
20/01/2025	03	5,5	100	11
20/01/2025	04	5,6	100	12
20/01/2025	05	5,5	100	14
20/01/2025	06	5,3	100	12
20/01/2025	07	5,1	100	11
20/01/2025	08	5,2	100	8
20/01/2025	09	7,8	99	11
20/01/2025	10	11,1	87	26
20/01/2025	11	13,7	77	35
20/01/2025	12	16	70	27
20/01/2025	13	19,5	63	43
20/01/2025	14	20,7	62	49
20/01/2025	15	21,3	60	55
20/01/2025	16	20	66	61
20/01/2025	17	18,2	77	52
20/01/2025	18	16,5	85	64
20/01/2025	19	15,7	93	53
20/01/2025	20	15,2	96	30
20/01/2025	21	14	100	2
20/01/2025	22	13,7	100	2
20/01/2025	23	13,5	100	2
21/01/2025	00	12,9	100	2
21/01/2025	01	12,8	100	2
21/01/2025	02	12,7	100	2
21/01/2025	03	12,7	100	2
21/01/2025	04	12,7	100	2
21/01/2025	05	12,7	100	3
21/01/2025	06	12,7	100	3
21/01/2025	07	12,7	100	3
21/01/2025	08	12,1	100	4
21/01/2025	09	13,8	100	4
21/01/2025	10	15,9	97	15
21/01/2025	11	17,4	89	28
21/01/2025	12	18,8	84	37
21/01/2025	13	19,3	83	45
21/01/2025	14	19,9	82	37
21/01/2025	15	20,3	80	34
21/01/2025	16	20,1	82	19
21/01/2025	17	18,7	89	10
21/01/2025	18	16,5	98	2
21/01/2025	19	15,3	100	2
21/01/2025	20	14,5	100	2
21/01/2025	21	13,6	100	2
21/01/2025	22	13,2	100	2
21/01/2025	23	12,5	100	2
22/01/2025	00	12	100	2
22/01/2025	01	11,7	100	2
22/01/2025	02	10,8	100	2
22/01/2025	03	10	100	2
22/01/2025	04	9,8	100	2
22/01/2025	05	10,1	100	2
22/01/2025	06	9,8	100	2
22/01/2025	07	10	100	2
22/01/2025	08	10,1	100	2
22/01/2025	09	10,8	100	2
22/01/2025	10	13,3	100	2
22/01/2025	11	16	98	3
22/01/2025	12	20,1	81	6
22/01/2025	13	24,4	64	11
22/01/2025	14	24,4	65	21
22/01/2025	15	24,5	64	20
22/01/2025	16	25,3	50	70
22/01/2025	17	24,4	49	85
22/01/2025	18	22,5	54	83
22/01/2025	19	19,1	68	36
22/01/2025	20	16,5	80	31
22/01/2025	21	15,3	84	15
22/01/2025	22	13,6	92	8
22/01/2025	23	13,1	93	8
23/01/2025	00	12,1	98	3
23/01/2025	01	11,7	99	3
23/01/2025	02	11,2	100	3
23/01/2025	03	11,2	99	4
23/01/2025	04	10,6	99	9
23/01/2025	05	10,5	99	7
23/01/2025	06	11,3	94	14
23/01/2025	07	12,1	87	12
23/01/2025	08	11,7	90	11
23/01/2025	09	15,3	81	12
23/01/2025	10	18,1	76	14
23/01/2025	11	22,3	66	27
23/01/2025	12	24,7	59	46
23/01/2025	13	26,8	52	56
23/01/2025	14	28,1	47	71
23/01/2025	15	28,8	45	71
23/01/2025	16	28,8	45	75
23/01/2025	17	26	56	63
23/01/2025	18	22,2	66	48
23/01/2025	19	19,6	71	35
23/01/2025	20	17	79	23
23/01/2025	21	15,9	86	8
23/01/2025	22	13,7	96	3
23/01/2025	23	12,8	99	4
24/01/2025	00	12,3	100	7
24/01/2025	01	12,8	99	12
24/01/2025	02	13,6	94	13
24/01/2025	03	13	97	15
24/01/2025	04	12,9	97	16
24/01/2025	05	12,6	99	14
24/01/2025	06	11,9	100	16
24/01/2025	07	11,5	100	14
24/01/2025	08	11,6	100	9
24/01/2025	09	15,1	94	10
24/01/2025	10	18,2	82	20
24/01/2025	11	21,3	73	36
24/01/2025	12	23,9	67	36
24/01/2025	13	26,4	58	40
24/01/2025	14	28,1	51	58
24/01/2025	15	28,1	49	78
24/01/2025	16	27,4	48	91
24/01/2025	17	25,7	54	85
24/01/2025	18	21,9	70	56
24/01/2025	19	18,4	94	9
24/01/2025	20	17,2	100	5
24/01/2025	21	16	100	7
24/01/2025	22	12,8	100	2
24/01/2025	23	11,7	100	5
25/01/2025	00	12,4	100	3
25/01/2025	01	12,5	100	2
25/01/2025	02	11,9	100	2
25/01/2025	03	11,9	100	3
25/01/2025	04	11,2	100	3
25/01/2025	05	10,3	100	2
25/01/2025	06	10,4	100	5
25/01/2025	07	10,7	100	6
25/01/2025	08	11,1	100	6
25/01/2025	09	14,5	99	9
25/01/2025	10	17,8	87	22
25/01/2025	11	21,6	72	39
25/01/2025	12	21,9	71	46
25/01/2025	13	23,8	65	53
25/01/2025	14	25,3	58	62
25/01/2025	15	25,7	55	74
25/01/2025	16	24,6	56	74
25/01/2025	17	23,3	64	61
25/01/2025	18	21,1	73	43
25/01/2025	19	18,4	79	38
25/01/2025	20	16	89	16
25/01/2025	21	14,8	93	17
25/01/2025	22	14,2	96	20
25/01/2025	23	14	96	22
26/01/2025	00	14,9	92	36
26/01/2025	01	12,9	96	25
26/01/2025	02	11,4	100	19
26/01/2025	03	11,8	100	16
26/01/2025	04	11,7	100	20
26/01/2025	05	11,3	100	18
26/01/2025	06	10,7	100	12
26/01/2025	07	9,4	100	7
26/01/2025	08	9,5	100	10
26/01/2025	09	13,2	98	20
26/01/2025	10	16,2	84	34
26/01/2025	11	19,3	74	46
26/01/2025	12	21,8	66	47
26/01/2025	13	23,5	62	55
26/01/2025	14	24,4	59	59
26/01/2025	15	24	63	74
26/01/2025	16	23,1	73	76
26/01/2025	17	22	75	77
26/01/2025	18	19,1	82	62
26/01/2025	19	18	87	58
26/01/2025	20	16,9	93	15
26/01/2025	21	15,2	100	11
26/01/2025	22	14,3	100	11
26/01/2025	23	13,7	100	11
27/01/2025	00	13,4	100	10
27/01/2025	01	13	100	5
27/01/2025	02	12,9	100	3
27/01/2025	03	13,4	100	2
27/01/2025	04	13,9	100	3
27/01/2025	05	13,9	100	3
27/01/2025	06	13,6	100	3
27/01/2025	07	13,1	100	2
27/01/2025	08	13,3	100	2
27/01/2025	09	15,2	100	2
27/01/2025	10	19,2	96	2
27/01/2025	11	25,9	73	42
27/01/2025	12	28,4	64	60
27/01/2025	13	29,1	63	71
27/01/2025	14	30	60	73
27/01/2025	15	31,8	48	73
27/01/2025	16	29	64	76
27/01/2025	17	29,6	51	66
27/01/2025	18	26,8	66	63
27/01/2025	19	26	64	57
27/01/2025	20	25,5	60	51
27/01/2025	21	23,6	67	49
27/01/2025	22	26,3	53	74
27/01/2025	23	24,4	59	76
28/01/2025	00	22,8	62	84
28/01/2025	01	22,1	57	94
28/01/2025	02	21,2	56	98
28/01/2025	03	20,3	52	99
28/01/2025	04	19,7	50	101
28/01/2025	05	18,9	54	99
28/01/2025	06	15,8	69	77
28/01/2025	07	13,9	77	58
28/01/2025	08	14,9	69	39
28/01/2025	09	18,3	61	37
28/01/2025	10	21,3	49	70
28/01/2025	11	19,5	57	89
28/01/2025	12	19,1	57	89
28/01/2025	13	19,6	53	96
28/01/2025	14	20,1	52	100
28/01/2025	15	20,7	50	98
28/01/2025	16	19,7	51	98
28/01/2025	17	19,5	50	94
28/01/2025	18	18,3	53	87
28/01/2025	19	18,2	52	90
28/01/2025	20	17,7	55	90
28/01/2025	21	17,3	58	88
28/01/2025	22	17,4	57	91
28/01/2025	23	17,5	56	92
29/01/2025	00	16,7	59	88
29/01/2025	01	16,3	59	85
29/01/2025	02	14,8	66	75
29/01/2025	03	12,4	76	58
29/01/2025	04	12,2	76	55
29/01/2025	05	12,8	75	56
29/01/2025	06	14	71	70
29/01/2025	07	13,3	74	55
29/01/2025	08	14,3	68	59
29/01/2025	09	14,6	68	51
29/01/2025	10	16	65	59
29/01/2025	11	17,4	60	67
29/01/2025	12	18,6	58	65
29/01/2025	13	19,4	57	68
29/01/2025	14	19,2	57	68
29/01/2025	15	18,6	60	58
29/01/2025	16	18,3	61	57
29/01/2025	17	17,4	66	33
29/01/2025	18	15,6	74	29
29/01/2025	19	15,1	78	16
29/01/2025	20	13,9	87	2
29/01/2025	21	12,9	93	2
29/01/2025	22	12,2	97	2
29/01/2025	23	12,3	98	3
30/01/2025	00	11,3	100	2
30/01/2025	01	10,5	98	10
30/01/2025	02	13,5	88	63
30/01/2025	03	12	91	44
30/01/2025	04	11,8	94	57
30/01/2025	05	11,9	91	63
30/01/2025	06	12,1	88	68
30/01/2025	08	10,2	80	54
30/01/2025	09	12,8	68	72
30/01/2025	10	15,3	61	81
30/01/2025	11	16,6	56	85
30/01/2025	12	17,3	54	89
30/01/2025	13	18,2	50	87
30/01/2025	14	19,2	48	87
30/01/2025	15	19,8	45	86
30/01/2025	16	19,4	45	86
30/01/2025	17	18,5	45	83
30/01/2025	18	17,4	46	77
30/01/2025	19	16,8	48	76
30/01/2025	20	16,3	52	79
30/01/2025	21	16,4	50	85
30/01/2025	22	16,5	48	85
30/01/2025	23	16,4	48	84
31/01/2025	00	16	51	84
31/01/2025	01	15,2	55	76
31/01/2025	02	14,9	56	75
31/01/2025	03	14,6	57	72
31/01/2025	04	14	58	69
31/01/2025	05	13,9	59	67
31/01/2025	06	13,6	62	62
31/01/2025	07	13,4	62	55
31/01/2025	08	13,2	65	34
31/01/2025	09	14,7	61	39
31/01/2025	10	15,9	56	44
31/01/2025	11	16,6	55	65
31/01/2025	12	16,9	55	61
31/01/2025	13	17,7	56	64
31/01/2025	14	18,7	55	71
31/01/2025	15	18,1	62	86
31/01/2025	16	17,9	66	89
31/01/2025	17	16,9	69	92
31/01/2025	18	14,6	81	63
31/01/2025	19	11,6	93	25
31/01/2025	20	9,8	98	12
31/01/2025	21	8,4	100	9
31/01/2025	22	8,1	100	13
31/01/2025	23	7,3	100	12
01/02/2025	00	8,2	100	14
01/02/2025	01	8	100	8
01/02/2025	02	8,5	98	13
01/02/2025	03	6,9	99	12
01/02/2025	04	7,6	95	23
01/02/2025	05	7,9	88	34
01/02/2025	06	7,3	86	35
01/02/2025	07	7,5	82	38
01/02/2025	08	8,7	75	45
01/02/2025	09	11,7	63	57
01/02/2025	10	14,4	53	70
01/02/2025	11	16,7	44	82
01/02/2025	12	18,8	39	88
01/02/2025	13	20,3	36	91
01/02/2025	14	21,6	35	85
01/02/2025	15	21,6	35	96
01/02/2025	16	21	37	91
01/02/2025	17	19,2	46	80
01/02/2025	18	17	58	65
01/02/2025	19	15,4	77	61
01/02/2025	20	14,6	71	88
01/02/2025	21	11,9	94	63
01/02/2025	22	10,9	100	38
01/02/2025	23	10,3	100	30
02/02/2025	00	8,4	100	12
02/02/2025	01	7,4	100	16
02/02/2025	02	8,7	96	35
02/02/2025	03	7,6	97	30
02/02/2025	04	6,3	100	23
02/02/2025	05	5,8	100	16
02/02/2025	06	6,3	100	28
02/02/2025	07	5,3	100	19
02/02/2025	08	6	100	24
02/02/2025	09	10	91	33
02/02/2025	10	12,9	77	50
02/02/2025	11	15	68	62
02/02/2025	12	16,8	59	73
02/02/2025	13	18,4	50	79
02/02/2025	14	19,4	46	83
02/02/2025	15	19,8	43	88
02/02/2025	16	19	48	90
02/02/2025	17	16,6	63	95
02/02/2025	18	14,7	71	83
02/02/2025	19	12,5	83	55
02/02/2025	20	10,7	90	40
02/02/2025	21	9,2	96	19
02/02/2025	22	9	98	16
02/02/2025	23	8,9	99	13
03/02/2025	00	9,2	99	5
03/02/2025	01	8,6	100	4
03/02/2025	02	7,7	100	4
03/02/2025	03	6,5	100	4
03/02/2025	04	5,5	100	5
03/02/2025	05	5,1	100	5
03/02/2025	06	6,1	100	7
03/02/2025	07	6,5	100	7
03/02/2025	08	5,8	100	3
03/02/2025	09	9,4	100	7
03/02/2025	10	12,7	84	22
03/02/2025	11	16,4	71	27
03/02/2025	12	18,6	67	61
03/02/2025	13	18,2	68	85
03/02/2025	14	18,5	67	94
03/02/2025	15	17,9	70	97
03/02/2025	16	17,9	67	96
03/02/2025	17	17,2	65	92
03/02/2025	18	14,5	78	64
03/02/2025	19	11,7	90	8
03/02/2025	20	9,8	96	4
03/02/2025	21	8,5	100	2
03/02/2025	22	7,7	100	3
03/02/2025	23	7,5	100	5
04/02/2025	00	7,1	100	5
04/02/2025	01	6,9	100	8
04/02/2025	02	6,6	100	8
04/02/2025	03	5,9	100	5
04/02/2025	04	5,4	100	5
04/02/2025	05	6	100	11
04/02/2025	06	6,2	100	18
04/02/2025	07	5,9	100	19
04/02/2025	08	6	100	14
04/02/2025	09	10,1	94	26
04/02/2025	10	13,1	77	38
04/02/2025	11	15,8	67	46
04/02/2025	12	18,9	54	55
04/02/2025	13	20,3	45	76
04/02/2025	14	21,3	42	83
04/02/2025	15	21	39	96
04/02/2025	16	20,4	42	98
04/02/2025	17	18,3	53	98
04/02/2025	18	15,5	72	64
04/02/2025	19	12,4	87	47
04/02/2025	20	11,2	92	45
04/02/2025	21	8,9	98	15
04/02/2025	22	7,4	100	12
04/02/2025	23	6,4	100	8
05/02/2025	00	6,8	100	12
05/02/2025	01	7,1	100	13
05/02/2025	02	6,8	100	13
05/02/2025	03	6,9	96	18
05/02/2025	04	6,7	93	18
05/02/2025	05	6	95	20
05/02/2025	06	6	94	22
05/02/2025	07	5,5	94	19
05/02/2025	08	6,3	91	14
05/02/2025	09	10,5	75	25
05/02/2025	10	14	61	39
05/02/2025	11	16,6	54	44
05/02/2025	12	19,4	44	54
05/02/2025	13	21,5	39	66
05/02/2025	14	21,7	41	90
05/02/2025	15	20,9	51	104
05/02/2025	16	19,7	63	101
05/02/2025	17	18,1	73	107
05/02/2025	18	15,7	88	79
05/02/2025	19	13,5	96	52
05/02/2025	20	10,4	100	16
05/02/2025	21	9,5	100	8
05/02/2025	22	8,6	100	7
05/02/2025	23	7,1	100	4
06/02/2025	00	7	100	10
06/02/2025	01	6,5	100	8
06/02/2025	02	6,1	100	6
06/02/2025	03	6	100	9
06/02/2025	04	6,1	100	13
06/02/2025	05	5,8	100	13
06/02/2025	06	5,3	100	11
06/02/2025	07	5,2	100	9
06/02/2025	08	6,6	100	8
06/02/2025	09	8,8	99	11
06/02/2025	10	11,4	85	20
06/02/2025	11	14,8	73	39
06/02/2025	12	17,7	71	52
06/02/2025	13	19,5	65	69
06/02/2025	14	20,5	59	81
06/02/2025	15	18,8	68	95
06/02/2025	16	18,8	67	108
06/02/2025	17	17,5	71	108
06/02/2025	18	15,7	83	97
06/02/2025	19	13,2	91	57
06/02/2025	20	10,3	98	21
06/02/2025	21	9	100	7
06/02/2025	22	7,8	100	6
06/02/2025	23	7,3	100	8
07/02/2025	00	6,4	100	6
07/02/2025	01	6	100	9
07/02/2025	02	6,1	100	12
07/02/2025	03	6,9	100	13
07/02/2025	04	7	100	16
07/02/2025	05	6,6	100	16
07/02/2025	06	6	100	14
07/02/2025	07	5,9	100	13
07/02/2025	08	6,3	100	10
07/02/2025	09	9,1	100	17
07/02/2025	10	12,2	92	39
07/02/2025	11	14,9	79	47
07/02/2025	12	17,7	67	60
07/02/2025	13	20,8	60	62
07/02/2025	14	21,6	59	98
07/02/2025	15	21	57	110
07/02/2025	16	20,2	61	113
07/02/2025	17	18,9	68	114
07/02/2025	18	17	78	107
07/02/2025	19	16	85	93
07/02/2025	20	15,4	89	91
07/02/2025	21	15	92	60
07/02/2025	22	14,5	93	53
07/02/2025	23	14,3	96	25
08/02/2025	00	13,2	100	5
08/02/2025	01	12,1	100	3
08/02/2025	02	11,4	100	2
08/02/2025	03	11,1	100	3
08/02/2025	04	10,8	100	5
08/02/2025	05	10	100	6
08/02/2025	06	9,7	100	9
08/02/2025	07	9,2	100	7
08/02/2025	08	10,5	100	14
08/02/2025	09	13,3	98	26
08/02/2025	10	16,5	81	46
08/02/2025	11	20,4	57	76
08/02/2025	12	22,4	47	89
08/02/2025	13	23,5	45	88
08/02/2025	14	24,4	42	84
08/02/2025	15	24,7	38	83
08/02/2025	16	24,6	37	86
08/02/2025	17	23,5	43	85
08/02/2025	18	19,8	66	91
08/02/2025	19	17,4	77	62
08/02/2025	20	15,9	94	47
08/02/2025	21	15,7	94	49
08/02/2025	22	14,9	96	34
08/02/2025	23	14,7	97	30
09/02/2025	00	13,7	100	23
09/02/2025	01	11,6	100	12
09/02/2025	02	9,7	100	5
09/02/2025	03	9,1	100	9
09/02/2025	04	9,9	100	11
09/02/2025	05	10,2	100	10
09/02/2025	06	9,6	100	11
09/02/2025	07	9,4	100	10
09/02/2025	08	9,8	100	21
09/02/2025	09	12,3	89	29
09/02/2025	10	15	74	46
09/02/2025	11	17,7	64	54
09/02/2025	12	20,4	56	66
09/02/2025	13	22,2	50	80
09/02/2025	14	23,3	47	87
09/02/2025	15	22,9	56	93
09/02/2025	16	21,4	67	102
09/02/2025	17	20,3	72	100
09/02/2025	18	18,3	84	86
09/02/2025	19	16,8	93	65
09/02/2025	20	15,5	100	49
09/02/2025	21	14,4	100	29
09/02/2025	22	13,1	100	10
09/02/2025	23	12	100	4
10/02/2025	00	12	100	3
10/02/2025	01	12	100	10
10/02/2025	02	11,4	100	4
10/02/2025	03	11,2	100	8
10/02/2025	04	11,6	100	13
10/02/2025	05	11,1	100	10
10/02/2025	06	11,6	100	10
10/02/2025	07	12,3	100	9
10/02/2025	08	12,7	100	7
10/02/2025	09	14,7	100	16
10/02/2025	10	16,7	100	35
10/02/2025	11	19	91	46
10/02/2025	12	20,8	78	66
10/02/2025	13	20,9	72	90
10/02/2025	14	20,8	72	98
10/02/2025	15	20,6	75	100
10/02/2025	16	20,7	74	99
10/02/2025	17	19,7	78	100
10/02/2025	18	17,8	87	82
10/02/2025	19	15,8	96	30
10/02/2025	20	13,7	100	3
10/02/2025	21	12,2	100	11
10/02/2025	22	11,6	100	8
10/02/2025	23	11	100	9
11/02/2025	00	10,3	100	6
11/02/2025	01	9,3	100	4
11/02/2025	02	8,7	100	6
11/02/2025	03	8,5	100	6
11/02/2025	04	8,1	100	5
11/02/2025	05	7,6	100	5
11/02/2025	06	7,3	100	4
11/02/2025	07	6,9	100	4
11/02/2025	08	7,7	100	3
11/02/2025	09	12,7	100	5
11/02/2025	10	17,7	94	11
11/02/2025	11	20,5	76	45
11/02/2025	12	22,2	71	67
11/02/2025	13	23,6	67	76
11/02/2025	14	22,6	73	98
11/02/2025	15	22	76	96
11/02/2025	16	21,5	80	99
11/02/2025	17	20,6	84	99
11/02/2025	18	18,3	93	79
11/02/2025	19	16,8	99	46
11/02/2025	20	14,7	100	19
11/02/2025	21	13,3	100	9
11/02/2025	22	11,5	100	8
11/02/2025	23	10,8	100	8
12/02/2025	00	10,6	100	9
12/02/2025	01	10,3	100	7
12/02/2025	02	10,2	100	10
12/02/2025	03	10,4	100	6
12/02/2025	04	10,6	100	2
12/02/2025	05	10,9	100	3
12/02/2025	06	10,1	100	2
12/02/2025	07	9,8	100	3
12/02/2025	08	10,8	100	7
12/02/2025	09	14,1	100	10
12/02/2025	10	17,6	96	22
12/02/2025	11	20,8	83	38
12/02/2025	12	23,6	69	61
12/02/2025	13	26,5	52	80
12/02/2025	14	24,5	58	83
12/02/2025	15	24,7	57	81
12/02/2025	16	23,4	60	83
12/02/2025	17	22,6	59	81
12/02/2025	18	21,4	62	76
12/02/2025	19	20	67	69
12/02/2025	20	19,7	68	72
12/02/2025	21	19,5	70	74
12/02/2025	22	18,4	73	69
12/02/2025	23	18,2	73	70
13/02/2025	00	17,6	74	69
13/02/2025	01	17,4	74	68
13/02/2025	02	16,1	78	63
13/02/2025	03	16,4	75	67
13/02/2025	04	15,2	78	57
13/02/2025	05	14,1	82	58
13/02/2025	06	14,6	78	64
13/02/2025	07	14,5	78	60
13/02/2025	08	16	72	63
13/02/2025	09	17,7	69	57
13/02/2025	10	20,2	60	68
13/02/2025	11	22,2	52	74
13/02/2025	12	23,6	47	73
13/02/2025	13	25	43	65
13/02/2025	14	25,8	41	76
13/02/2025	15	24,8	45	93
13/02/2025	16	22,9	54	97
13/02/2025	17	21,5	61	97
13/02/2025	18	19,9	69	74
13/02/2025	19	17,5	84	38
13/02/2025	20	16	93	27
13/02/2025	21	16	94	28
13/02/2025	22	11,9	100	8
13/02/2025	23	10,8	100	7
14/02/2025	00	10,4	100	6
14/02/2025	01	10,6	100	10
14/02/2025	02	11,2	100	12
14/02/2025	03	11,9	100	16
14/02/2025	04	11,8	99	20
14/02/2025	05	11,5	98	20
14/02/2025	06	11,3	97	22
14/02/2025	07	11,5	94	25
14/02/2025	08	12,9	86	24
14/02/2025	09	16,3	72	35
14/02/2025	10	19,2	64	45
14/02/2025	11	22,2	57	55
14/02/2025	12	24,7	51	70
14/02/2025	13	27,2	46	80
14/02/2025	14	28,2	43	91
14/02/2025	15	28,7	42	91
14/02/2025	16	28,8	42	91
14/02/2025	17	27	45	92
14/02/2025	18	23,8	52	91
14/02/2025	19	21	59	80
14/02/2025	20	18	71	44
14/02/2025	21	15,9	80	20
14/02/2025	22	13,6	91	13
14/02/2025	23	13,2	92	18
15/02/2025	00	13,7	92	25
15/02/2025	01	14,1	92	33
15/02/2025	02	14,5	92	34
15/02/2025	03	13,3	95	28
15/02/2025	04	13,6	91	30
15/02/2025	05	12,8	92	23
15/02/2025	06	12,2	94	23
15/02/2025	07	11,9	95	18
15/02/2025	08	13,2	91	18
15/02/2025	09	16,6	77	29
15/02/2025	10	19,8	68	40
15/02/2025	11	22,9	58	45
15/02/2025	12	25,3	53	65
15/02/2025	13	26,7	49	88
15/02/2025	14	25,6	60	96
15/02/2025	15	24,2	62	109
15/02/2025	16	22,7	74	113
15/02/2025	17	21	91	109
15/02/2025	18	19,6	100	97
15/02/2025	19	18,8	100	68
15/02/2025	20	17,9	100	38
15/02/2025	21	16,2	100	14
15/02/2025	22	15,1	100	3
15/02/2025	23	14,6	100	5
16/02/2025	00	13,6	100	6
16/02/2025	01	14,7	100	8
16/02/2025	02	15,4	100	17
16/02/2025	03	14,9	100	18
16/02/2025	04	14,6	100	9
16/02/2025	05	13,4	100	8
16/02/2025	06	12,7	100	5
16/02/2025	07	12	100	2
16/02/2025	08	11,9	100	3
16/02/2025	09	15,1	100	16
16/02/2025	10	18	96	36
16/02/2025	11	20,2	86	55
16/02/2025	12	23,7	71	58
16/02/2025	13	26	60	65
16/02/2025	14	27,3	54	82
16/02/2025	15	28,6	47	82
16/02/2025	16	28,6	45	86
16/02/2025	17	25,2	63	107
16/02/2025	18	21,3	84	93
16/02/2025	19	18,8	99	59
16/02/2025	20	16,6	100	14
16/02/2025	21	14,8	100	17
16/02/2025	22	13,3	100	9
16/02/2025	23	12	100	6
17/02/2025	00	12,7	100	20
17/02/2025	01	12,3	100	19
17/02/2025	02	12,8	100	20
17/02/2025	03	12,3	100	21
17/02/2025	04	12,2	100	22
17/02/2025	05	11,4	100	19
17/02/2025	06	11,2	100	20
17/02/2025	07	11,4	100	20
17/02/2025	08	14	92	31
17/02/2025	09	19,4	74	50
17/02/2025	10	22,3	65	60
17/02/2025	11	24,9	58	67
17/02/2025	12	27,2	50	78
17/02/2025	13	28,7	45	78
17/02/2025	14	29,1	45	87
17/02/2025	15	27,4	51	107
17/02/2025	16	26,6	51	112
17/02/2025	17	26	55	101
17/02/2025	18	23,1	66	70
17/02/2025	19	20,1	92	62
17/02/2025	20	19	99	49
17/02/2025	21	18,4	100	41
17/02/2025	22	18,3	100	41
17/02/2025	23	17,7	100	20
18/02/2025	00	17	100	30
18/02/2025	01	16,9	100	29
18/02/2025	02	16,5	100	22
18/02/2025	03	16,6	100	17
18/02/2025	04	16,7	100	17
18/02/2025	05	16,8	100	21
18/02/2025	06	17	100	18
18/02/2025	07	17	100	23
18/02/2025	08	16,8	100	12
18/02/2025	09	18,3	99	15
18/02/2025	10	20,7	89	51
18/02/2025	11	21,6	87	89
18/02/2025	12	22,2	85	108
18/02/2025	13	22,9	82	121
18/02/2025	14	22,5	82	123
18/02/2025	15	22,4	84	120
18/02/2025	16	21,7	88	114
18/02/2025	17	20,7	93	111
18/02/2025	18	19,8	98	104
18/02/2025	19	19,5	100	89
18/02/2025	20	19,1	100	70
18/02/2025	21	19,3	100	64
18/02/2025	22	18,3	100	36
18/02/2025	23	16,8	100	21
19/02/2025	00	15,2	100	14
19/02/2025	01	15,6	100	36
19/02/2025	02	16,6	100	58
19/02/2025	03	16,6	100	65
19/02/2025	04	16,9	100	55
19/02/2025	05	16,9	100	63
19/02/2025	06	16,8	100	62
19/02/2025	07	16,1	100	53
19/02/2025	08	15,9	100	19
19/02/2025	09	19,2	93	43
19/02/2025	10	21,4	83	56
19/02/2025	11	24,2	74	61
19/02/2025	12	26,8	62	68
19/02/2025	13	27,8	53	79
19/02/2025	14	27,3	69	103
19/02/2025	15	25,5	77	112
19/02/2025	16	23,9	78	118
19/02/2025	17	22,4	86	112
19/02/2025	18	20,8	96	104
19/02/2025	19	19,5	100	82
19/02/2025	20	18,1	100	36
19/02/2025	21	16,3	100	15
19/02/2025	22	15	100	8
19/02/2025	23	14,9	100	9
20/02/2025	00	15,3	100	7
20/02/2025	01	15,3	100	4
20/02/2025	02	16	100	17
20/02/2025	03	16,6	100	25
20/02/2025	04	16,8	100	25
20/02/2025	05	17,1	100	20
20/02/2025	06	17	100	26
20/02/2025	07	17,1	100	30
20/02/2025	08	17,1	100	20
20/02/2025	09	18,3	100	33
20/02/2025	10	19,9	93	61
20/02/2025	11	22	83	56
20/02/2025	12	24	76	59
20/02/2025	13	25,3	71	71
20/02/2025	14	26	71	98
20/02/2025	15	23,9	79	111
20/02/2025	16	23,1	84	111
20/02/2025	17	22	88	110
20/02/2025	18	20,5	94	91
20/02/2025	19	19,3	99	72
20/02/2025	20	19,4	100	62
20/02/2025	21	19,4	100	60
20/02/2025	22	19,3	100	65
20/02/2025	23	19,1	100	68
21/02/2025	00	19,1	100	53
21/02/2025	01	19	100	44
21/02/2025	02	18,5	100	30
21/02/2025	03	17,8	100	28
21/02/2025	04	17,1	100	13
21/02/2025	05	17,3	100	7
21/02/2025	06	17,6	100	9
21/02/2025	07	17,7	100	9
21/02/2025	08	18,1	100	5
21/02/2025	09	19,5	98	15
21/02/2025	10	20,9	86	56
21/02/2025	11	22,1	76	92
21/02/2025	12	22,3	77	85
21/02/2025	13	23,1	74	113
21/02/2025	14	22,6	75	122
21/02/2025	15	22	78	121
21/02/2025	16	21,3	80	121
21/02/2025	17	20,3	84	119
21/02/2025	18	19,3	89	111
21/02/2025	19	18,5	94	86
21/02/2025	20	17,4	97	44
21/02/2025	21	16	100	22
21/02/2025	22	15,2	100	14
21/02/2025	23	16,2	100	19
22/02/2025	00	16,8	100	20
22/02/2025	01	16,8	100	22
22/02/2025	02	16,9	100	23
22/02/2025	03	15	100	15
22/02/2025	04	13,1	100	15
22/02/2025	05	13,1	100	26
22/02/2025	06	13,4	100	25
22/02/2025	07	13,7	100	17
22/02/2025	08	15	100	23
22/02/2025	09	17,8	98	43
22/02/2025	10	19,1	91	54
22/02/2025	11	21,5	81	73
22/02/2025	12	22	78	74
22/02/2025	13	22,3	78	74
22/02/2025	14	20,3	89	76
22/02/2025	15	18,3	100	60
22/02/2025	16	18,3	100	53
22/02/2025	17	18,5	100	45
22/02/2025	18	18,4	100	35
22/02/2025	19	18	100	14
22/02/2025	20	17,3	100	5
22/02/2025	21	16,6	100	8
22/02/2025	22	15,6	100	5
22/02/2025	23	14,5	100	2
23/02/2025	00	13,4	100	2
23/02/2025	01	12,9	100	2
23/02/2025	02	12,4	100	2
23/02/2025	03	12,4	100	2
23/02/2025	04	12,6	100	6
23/02/2025	05	12	100	10
23/02/2025	06	12,5	100	26
23/02/2025	07	13,2	100	30
23/02/2025	08	14,2	100	35
23/02/2025	09	16,3	95	42
23/02/2025	10	18,2	89	50
23/02/2025	11	21,3	79	65
23/02/2025	12	22,3	72	80
23/02/2025	13	22,3	70	83
23/02/2025	14	21,8	73	87
23/02/2025	15	20,5	85	92
23/02/2025	16	20,6	87	89
23/02/2025	17	20,6	88	89
23/02/2025	18	19,9	91	82
23/02/2025	19	17,6	99	46
23/02/2025	20	15,7	100	17
23/02/2025	21	14,5	100	10
23/02/2025	22	13,5	100	7
23/02/2025	23	13,3	100	10
24/02/2025	00	14,7	100	15
24/02/2025	01	15,1	100	12
24/02/2025	02	14,6	100	10
24/02/2025	03	13,2	100	7
24/02/2025	04	13,3	100	10
24/02/2025	05	13	100	11
24/02/2025	06	12,4	100	10
24/02/2025	07	11,7	100	7
24/02/2025	08	13,3	100	9
24/02/2025	09	15,8	99	17
24/02/2025	10	18,6	86	26
24/02/2025	11	21,2	74	45
24/02/2025	12	23,4	66	56
24/02/2025	13	25,2	59	71
24/02/2025	14	25,4	56	85
24/02/2025	15	25,7	54	84
24/02/2025	16	24,2	67	94
24/02/2025	17	23	70	91
24/02/2025	18	21,7	75	83
24/02/2025	19	19,3	85	71
24/02/2025	20	17	93	47
24/02/2025	21	15,7	98	39
24/02/2025	22	15,4	100	37
24/02/2025	23	15,1	100	26
25/02/2025	00	14,8	100	21
25/02/2025	01	14,8	100	22
25/02/2025	02	14,9	100	26
25/02/2025	03	14,5	100	25
25/02/2025	04	13,3	100	21
25/02/2025	05	13,3	100	21
25/02/2025	06	13,6	99	27
25/02/2025	07	13	99	17
25/02/2025	08	14,3	94	13
25/02/2025	09	16,9	80	22
25/02/2025	10	20,6	63	44
25/02/2025	11	23,2	56	57
25/02/2025	12	25,7	50	63
25/02/2025	13	26,4	47	74
25/02/2025	14	26,5	47	74
25/02/2025	15	27,1	48	77
25/02/2025	16	26,8	53	78
25/02/2025	17	23,2	72	75
25/02/2025	18	21,6	81	59
25/02/2025	19	17,3	91	39
25/02/2025	20	17	81	48
25/02/2025	21	17,5	72	70
25/02/2025	22	17	71	75
25/02/2025	23	16,7	70	73
26/02/2025	00	15,7	73	60
26/02/2025	01	13,6	83	45
26/02/2025	02	11,1	95	30
26/02/2025	03	13,3	74	69
26/02/2025	04	13,2	67	82
26/02/2025	05	12,8	68	81
26/02/2025	06	12,1	67	77
26/02/2025	07	11,5	69	73
26/02/2025	08	11,7	73	54
26/02/2025	09	14,4	66	56
26/02/2025	10	16,8	53	73
26/02/2025	11	18,8	46	68
26/02/2025	12	19,6	46	85
26/02/2025	13	20,3	43	87
26/02/2025	14	20	48	103
26/02/2025	15	19,3	55	112
26/02/2025	16	18,6	60	115
26/02/2025	17	17,7	67	113
26/02/2025	18	16,2	75	107
26/02/2025	19	14,5	81	81
26/02/2025	20	13,7	86	75
26/02/2025	21	12,7	91	66
26/02/2025	22	11,1	97	32
26/02/2025	23	10	98	24
27/02/2025	00	7,9	100	14
27/02/2025	01	6,9	100	14
27/02/2025	02	6,6	100	13
27/02/2025	03	6,8	100	11
27/02/2025	04	7,4	100	17
27/02/2025	05	7,9	100	20
27/02/2025	06	7,7	100	17
27/02/2025	08	5,6	94	6
27/02/2025	09	8,1	83	18
27/02/2025	10	9,6	74	27
27/02/2025	11	13,8	59	54
27/02/2025	12	16,5	51	63
27/02/2025	13	17,9	48	84
27/02/2025	14	17,4	57	107
27/02/2025	15	17,2	57	118
27/02/2025	16	16,6	56	120
27/02/2025	17	15,6	55	118
27/02/2025	18	13,6	70	104
27/02/2025	19	12,2	79	82
27/02/2025	20	11	84	52
27/02/2025	21	9,6	91	27
27/02/2025	22	8,5	92	13
27/02/2025	23	7,4	96	14
28/02/2025	00	6,9	98	16
28/02/2025	01	6,3	98	8
28/02/2025	02	5,9	100	5
28/02/2025	03	5,9	100	6
28/02/2025	04	6,1	100	4
28/02/2025	05	6,4	100	7
28/02/2025	06	6,7	100	4
28/02/2025	07	6,8	100	4
28/02/2025	08	7,2	100	2
28/02/2025	09	10	96	8
28/02/2025	10	13,6	77	49
28/02/2025	11	14,4	73	98
28/02/2025	12	15	67	114
28/02/2025	13	14,9	67	117
28/02/2025	14	13,9	66	123
28/02/2025	15	14,5	63	121
28/02/2025	16	14,7	64	114
28/02/2025	17	13,7	71	110
28/02/2025	18	12,8	75	118
28/02/2025	19	12,5	76	112
28/02/2025	20	12,3	76	114
28/02/2025	21	12,3	76	119
28/02/2025	22	12,3	77	116
28/02/2025	23	11,9	78	112
01/03/2025	00	11,1	82	91
01/03/2025	01	10,1	88	74
01/03/2025	02	11,2	81	82
01/03/2025	03	11,5	79	85
01/03/2025	04	11,5	78	74
01/03/2025	05	11,2	82	71
01/03/2025	06	10,9	83	71
01/03/2025	07	10,5	89	90
01/03/2025	08	10,7	90	81
01/03/2025	09	10,3	94	96
01/03/2025	10	10,6	94	101
01/03/2025	11	10,9	96	96
01/03/2025	12	11	94	98
01/03/2025	13	11,6	89	101
01/03/2025	14	11,2	93	98
01/03/2025	15	10,9	97	91
01/03/2025	16	10,7	97	88
01/03/2025	17	10,3	97	83
01/03/2025	18	10,1	98	67
01/03/2025	19	10	96	55
01/03/2025	20	9,8	94	44
01/03/2025	21	9,7	95	33
01/03/2025	22	9,7	94	18
01/03/2025	23	9,4	98	9
02/03/2025	00	9,5	93	36
02/03/2025	01	9,9	85	58
02/03/2025	02	9,9	85	51
02/03/2025	03	9	96	21
02/03/2025	04	8,7	99	24
02/03/2025	05	8,7	100	21
02/03/2025	06	8,7	100	8
02/03/2025	07	9,1	99	37
02/03/2025	08	10,2	94	78
02/03/2025	09	10,9	92	95
02/03/2025	10	11,3	97	97
02/03/2025	11	11,9	88	102
02/03/2025	12	12,3	88	102
02/03/2025	13	11,8	93	102
02/03/2025	14	12	94	101
02/03/2025	15	12,3	90	104
02/03/2025	16	12,3	89	104
02/03/2025	17	12,2	90	104
02/03/2025	18	12,4	89	104
02/03/2025	19	12,2	90	103
02/03/2025	20	11,8	92	98
02/03/2025	21	11,8	94	97
02/03/2025	22	11,8	95	94
02/03/2025	23	12,1	95	98
03/03/2025	00	12,2	94	99
03/03/2025	01	12,3	95	
03/03/2025	02	12,4	94	
03/03/2025	03	12,2	95	
03/03/2025	04	12,1	96	
03/03/2025	05	12,3	96	
03/03/2025	06	12,4	95	
03/03/2025	07	12,4	95	
03/03/2025	08	12,5	93	
03/03/2025	09	13,3	90	
03/03/2025	10	14,4	87	
03/03/2025	11	14,6	86	
03/03/2025	12	15,2	84	
03/03/2025	13	15,1	84	
03/03/2025	14	15,5	83	
03/03/2025	15	16	80	
03/03/2025	16	15,5	82	
03/03/2025	17	15	84	
03/03/2025	18	14,2	87	
03/03/2025	19	13,3	91	
03/03/2025	20	13	94	
03/03/2025	21	12,8	95	
03/03/2025	22	12,6	96	
03/03/2025	23	12,6	95	
04/03/2025	00	12,3	94	
04/03/2025	01	11,5	93	
04/03/2025	02	10,1	95	
04/03/2025	03	9,5	95	
04/03/2025	04	7,9	99	
04/03/2025	05	8,2	100	
04/03/2025	06	7,6	100	
04/03/2025	07	7,6	100	
04/03/2025	08	8,6	100	
04/03/2025	09	10,5	100	
04/03/2025	10	12,5	98	
04/03/2025	11	14,7	83	
04/03/2025	12	15,3	79	
04/03/2025	13	15,6	74	
04/03/2025	14	15,1	80	
04/03/2025	15	14,7	84	
04/03/2025	16	14,9	86	
04/03/2025	17	14	92	
04/03/2025	18	13,9	92	
04/03/2025	19	13,6	94	
04/03/2025	20	13,6	95	
04/03/2025	21	13,5	95	
04/03/2025	22	13,6	94	
04/03/2025	23	13,6	94	
05/03/2025	00	13,6	93	
05/03/2025	01	13,4	94	
05/03/2025	02	13,4	93	
05/03/2025	03	13,4	91	
05/03/2025	04	13,4	92	
05/03/2025	05	13,4	93	
05/03/2025	06	13,4	93	
05/03/2025	07	13	96	
05/03/2025	08	13,1	98	
05/03/2025	09	13,4	96	
05/03/2025	10	13,4	97	
05/03/2025	11	13,1	100	
05/03/2025	12	13,4	100	
05/03/2025	13	13,2	100	
05/03/2025	14	12,9	100	
05/03/2025	15	13	100	
05/03/2025	16	13,4	100	
05/03/2025	17	13,4	100	
05/03/2025	18	13,4	100	
05/03/2025	19	13,3	100	
05/03/2025	20	13,3	100	
05/03/2025	21	13,4	100	
05/03/2025	22	13,5	100	
05/03/2025	23	13,5	100	
06/03/2025	00	13,4	100	
06/03/2025	01	13,1	100	
06/03/2025	02	12,9	100	
06/03/2025	03	12,8	100	
06/03/2025	04	12,8	100	
06/03/2025	05	13,1	100	
06/03/2025	06	13,2	100	
06/03/2025	07	13,2	100	
06/03/2025	08	13,5	100	
06/03/2025	09	14,1	100	
06/03/2025	10	14,8	96	
06/03/2025	11	14,8	95	
06/03/2025	12	14,8	97	
06/03/2025	13	15,7	91	
06/03/2025	14	16,1	88	
06/03/2025	15	17,4	81	
06/03/2025	16	15,9	86	
06/03/2025	17	14,9	93	
06/03/2025	18	14,4	97	
06/03/2025	19	14	98	
06/03/2025	20	13,8	99	
06/03/2025	21	13,7	100	
06/03/2025	22	13,7	100	
06/03/2025	23	13,5	100	
07/03/2025	00	13,5	99	
07/03/2025	01	13,2	100	
07/03/2025	02	12,6	100	
07/03/2025	03	11,1	100	
07/03/2025	04	11,2	100	
07/03/2025	05	11	100	
07/03/2025	06	11,3	100	
07/03/2025	07	11,6	100	
07/03/2025	08	12,2	100	
07/03/2025	09	13,4	100	
07/03/2025	10	15	95	
07/03/2025	11	15,4	75	
07/03/2025	12	15,4	65	
07/03/2025	13	14,4	68	
07/03/2025	14	14,5	68	
07/03/2025	15	13,9	67	
07/03/2025	16	13,3	74	
07/03/2025	17	12,4	81	
07/03/2025	18	11,9	84	
07/03/2025	19	11,4	88	
07/03/2025	20	11,3	90	
07/03/2025	21	11,3	90	
07/03/2025	22	11,3	91	
07/03/2025	23	11,2	91	
08/03/2025	00	11	92	
08/03/2025	01	11,1	94	
08/03/2025	02	11,2	94	
08/03/2025	03	10,8	96	
08/03/2025	04	10,6	97	
08/03/2025	05	10	98	
08/03/2025	06	9,3	98	
08/03/2025	07	8,4	99	
08/03/2025	08	10	100	
08/03/2025	09	11,9	98	
08/03/2025	10	12,9	87	
08/03/2025	11	13,2	82	
08/03/2025	12	13,9	79	
08/03/2025	13	13,9	81	
08/03/2025	14	14,6	77	77
08/03/2025	15	14,6	77	85
08/03/2025	16	13,9	81	89
08/03/2025	17	12,9	87	87
08/03/2025	18	12,6	89	68
08/03/2025	19	12,1	93	47
08/03/2025	20	11,4	97	36
08/03/2025	21	11	98	30
08/03/2025	22	10,8	98	32
08/03/2025	23	10,3	98	33
09/03/2025	00	9,7	97	23
09/03/2025	01	8,9	97	26
09/03/2025	02	8,5	93	40
09/03/2025	03	7,4	87	50
09/03/2025	04	6,9	81	56
09/03/2025	05	5,5	87	45
09/03/2025	06	5,2	88	40
09/03/2025	07	5,7	87	47
09/03/2025	08	7,8	82	40
09/03/2025	09	10,2	69	56
09/03/2025	10	12	55	77
09/03/2025	11	13,3	48	85
09/03/2025	12	13,9	48	81
09/03/2025	13	15,3	43	80
09/03/2025	14	16,3	42	87
09/03/2025	15	14,6	51	99
09/03/2025	16	13,2	59	98
09/03/2025	17	12,2	62	99
09/03/2025	18	11,3	66	90
09/03/2025	19	9	76	67
09/03/2025	20	8	84	57
09/03/2025	21	7,7	86	46
09/03/2025	22	7,5	88	43
09/03/2025	23	7,4	89	31
10/03/2025	00	7,5	90	26
10/03/2025	01	7,9	88	28
10/03/2025	02	7,8	90	15
10/03/2025	03	8,1	91	14
10/03/2025	04	8,3	89	20
10/03/2025	05	8,4	90	31
10/03/2025	06	9	86	38
10/03/2025	07	8,9	87	46
10/03/2025	08	10,7	80	53
10/03/2025	09	12,1	70	64
10/03/2025	10	13,4	63	70
10/03/2025	11	15,3	53	75
10/03/2025	12	15,9	46	80
10/03/2025	13	16,6	44	80
10/03/2025	14	17,3	42	82
10/03/2025	15	16,6	48	97
10/03/2025	16	16,6	47	98
10/03/2025	17	16	51	98
10/03/2025	18	14,5	61	97
10/03/2025	19	12,7	71	86
10/03/2025	20	11,9	75	80
10/03/2025	21	10,3	84	39
10/03/2025	22	9,3	87	31
10/03/2025	23	8,4	92	18
11/03/2025	00	7,8	93	18
11/03/2025	01	7,5	95	20
11/03/2025	02	6,9	96	14
11/03/2025	03	7,7	95	27
11/03/2025	04	7,4	94	27
11/03/2025	05	7,7	93	11
11/03/2025	06	7,7	93	21
11/03/2025	07	8	91	22
11/03/2025	08	9,5	83	33
11/03/2025	09	10,8	77	54
11/03/2025	10	12,7	70	66
11/03/2025	11	15,3	57	75
11/03/2025	12	17,5	48	78
11/03/2025	13	17,6	45	89
11/03/2025	14	18,3	45	101
11/03/2025	15	17,7	51	104
11/03/2025	16	16,7	59	107
11/03/2025	17	15,4	66	107
11/03/2025	18	13,8	73	100
11/03/2025	19	11,2	80	69
11/03/2025	20	9,5	88	68
11/03/2025	21	8,7	93	39
11/03/2025	22	8,3	94	31
11/03/2025	23	8,2	94	38
12/03/2025	00	8,9	92	37
12/03/2025	01	8,2	93	26
12/03/2025	02	8,1	89	40
12/03/2025	03	7,2	88	40
12/03/2025	04	7,2	85	51
12/03/2025	05	7,6	83	55
12/03/2025	06	7,2	85	53
12/03/2025	07	6,6	89	40
12/03/2025	08	9,9	76	46
12/03/2025	09	13,2	61	64
12/03/2025	10	14,7	55	78
12/03/2025	11	15,2	50	85
12/03/2025	12	16,5	44	87
12/03/2025	13	16,6	43	87
12/03/2025	14	17	39	88
12/03/2025	15	16,8	39	88
12/03/2025	16	16,7	36	87
12/03/2025	17	16,3	37	83
12/03/2025	18	14,5	42	80
12/03/2025	19	13,9	37	92
12/03/2025	20	13,2	41	84
12/03/2025	21	11,1	53	64
12/03/2025	22	10	61	53
12/03/2025	23	9,9	67	32
13/03/2025	00	9,4	67	41
13/03/2025	01	8,3	73	33
13/03/2025	02	7,6	75	30
13/03/2025	03	7,2	76	39
13/03/2025	04	5,7	85	24
13/03/2025	05	5,8	86	25
13/03/2025	06	5,8	89	17
13/03/2025	07	6,2	89	8
13/03/2025	08	7,4	86	4
13/03/2025	09	9,1	76	17
13/03/2025	10	11,5	62	33
13/03/2025	11	11,1	73	26
13/03/2025	12	11,9	80	30
13/03/2025	13	14,5	70	55
13/03/2025	14	13	79	87
13/03/2025	15	12,7	87	67
13/03/2025	16	14	75	65
13/03/2025	17	12,6	80	63
13/03/2025	18	10,2	94	74
13/03/2025	19	9,8	94	61
13/03/2025	20	9,6	90	52
13/03/2025	21	9,3	81	70
13/03/2025	22	8,6	80	61
13/03/2025	23	7,7	83	60
14/03/2025	00	7,2	83	50
14/03/2025	01	6,1	88	39
14/03/2025	02	5,4	92	21
14/03/2025	03	5,5	95	22
14/03/2025	04	5,9	95	12
14/03/2025	05	6,3	95	10
14/03/2025	06	6,4	95	9
14/03/2025	07	6,7	96	5
14/03/2025	08	7,2	96	8
14/03/2025	09	9,6	87	25
14/03/2025	10	11	75	32
14/03/2025	11	13,9	68	37
14/03/2025	12	14,5	63	64
14/03/2025	13	15,4	58	68
14/03/2025	14	15,2	55	73
14/03/2025	15	14,6	57	77
14/03/2025	16	8,9	88	90
14/03/2025	17	7,6	100	67
14/03/2025	18	8,4	100	58
14/03/2025	19	8,7	99	52
14/03/2025	20	7,8	98	49
14/03/2025	21	7,1	98	26
14/03/2025	22	6,3	99	19
14/03/2025	23	6	100	15
15/03/2025	00	6,4	100	21
15/03/2025	01	6,8	100	25
15/03/2025	02	6,5	100	19
15/03/2025	03	5,7	100	23
15/03/2025	04	5,1	100	30
15/03/2025	05	4,3	99	31
15/03/2025	06	3,6	99	29
15/03/2025	07	3	99	26
15/03/2025	08	5,7	96	31
15/03/2025	09	8,7	82	37
15/03/2025	10	11	65	56
15/03/2025	11	13	55	66
15/03/2025	12	13,4	51	80
15/03/2025	13	13,3	48	90
15/03/2025	14	14	47	90
15/03/2025	15	13,5	49	88
15/03/2025	16	13,3	46	87
15/03/2025	17	13,2	43	78
15/03/2025	18	11,6	62	82
15/03/2025	19	9,9	75	49
15/03/2025	20	7,9	82	39
15/03/2025	21	6,5	88	27
15/03/2025	22	5,4	91	20
15/03/2025	23	4,6	94	16
16/03/2025	00	4,2	94	15
16/03/2025	01	4,1	94	14
16/03/2025	02	3,9	93	11
16/03/2025	03	2,6	95	6
16/03/2025	04	2,8	96	11
16/03/2025	05	3,4	95	13
16/03/2025	06	3,7	94	13
16/03/2025	07	3,6	93	11
16/03/2025	08	6,2	85	21
16/03/2025	09	9,9	67	32
16/03/2025	10	10,7	62	52
16/03/2025	11	13,2	50	58
16/03/2025	12	15,2	46	75
16/03/2025	13	16,3	43	87
16/03/2025	14	16,9	40	95
16/03/2025	15	16,2	43	100
16/03/2025	16	15,5	52	97
16/03/2025	17	15,2	56	98
16/03/2025	18	14,2	62	95
16/03/2025	19	12,1	73	77
16/03/2025	20	11,1	77	40
16/03/2025	21	9,7	79	32
16/03/2025	22	8,1	78	33
16/03/2025	23	7,1	83	31
17/03/2025	00	7,6	83	30
17/03/2025	01	7,7	85	32
17/03/2025	02	8	82	32
17/03/2025	03	7,8	86	21
17/03/2025	04	7,7	89	14
17/03/2025	05	7,6	92	7
17/03/2025	06	7,7	90	13
17/03/2025	07	8,3	86	10
17/03/2025	08	9,7	85	44
17/03/2025	09	10,4	82	68
17/03/2025	10	10,3	81	68
17/03/2025	11	9,9	85	65
17/03/2025	12	9,5	93	64
17/03/2025	13	9,2	93	72
17/03/2025	14	8,8	93	60
17/03/2025	15	8,8	96	46
17/03/2025	16	9,4	96	54
17/03/2025	17	9,6	92	64
17/03/2025	18	9,2	90	65
17/03/2025	19	8,9	90	64
17/03/2025	20	8,7	92	60
17/03/2025	21	8,7	91	54
17/03/2025	22	8,9	91	43
17/03/2025	23	8,9	89	44
18/03/2025	00	9,2	87	41
18/03/2025	01	9,1	86	40
18/03/2025	02	9,4	83	38
18/03/2025	03	9,2	86	46
18/03/2025	04	9,4	88	50
18/03/2025	05	9,9	89	75
18/03/2025	06	10,1	90	73
18/03/2025	07	10,2	93	67
18/03/2025	08	10,6	92	67
18/03/2025	09	11,2	91	75
18/03/2025	10	12,1	87	90
18/03/2025	11	12,2	85	94
18/03/2025	12	12,2	84	95
18/03/2025	13	11,8	89	94
18/03/2025	14	11,4	95	91
18/03/2025	15	11,4	97	87
18/03/2025	16	11,3	98	82
18/03/2025	17	11,3	98	79
18/03/2025	18	10,9	99	76
18/03/2025	19	10,6	100	76
18/03/2025	20	10,9	100	67
18/03/2025	21	11	100	52
18/03/2025	22	10,8	100	58
18/03/2025	23	9,7	100	71
19/03/2025	00	9,1	100	61
19/03/2025	01	8,5	100	55
19/03/2025	02	7,8	100	43
19/03/2025	03	7,5	100	41
19/03/2025	04	6,8	100	34
19/03/2025	05	6,4	100	31
19/03/2025	06	5,6	100	20
19/03/2025	07	5,5	100	19
19/03/2025	08	8,1	100	31
19/03/2025	09	10,8	92	44
19/03/2025	10	13,8	74	49
19/03/2025	11	14,9	69	64
19/03/2025	12	14,8	74	95
19/03/2025	13	15,3	73	100
19/03/2025	14	15,4	72	101
19/03/2025	15	14,9	75	104
19/03/2025	16	14,3	78	103
19/03/2025	17	13,1	85	99
19/03/2025	18	12,5	89	96
19/03/2025	19	12,2	92	91
19/03/2025	20	11,9	94	84
19/03/2025	21	11,9	95	86
19/03/2025	22	12,2	90	98
19/03/2025	23	11,6	91	87
20/03/2025	00	10,5	94	71
20/03/2025	01	9,7	95	48
20/03/2025	02	8,4	97	27
20/03/2025	03	7,6	99	17
20/03/2025	04	9,7	98	51
20/03/2025	05	10,9	92	74
20/03/2025	06	11,7	88	89
20/03/2025	07	12,2	85	87
20/03/2025	08	12,6	85	45
20/03/2025	09	15	76	61
20/03/2025	10	16	71	86
20/03/2025	11	17,4	66	82
20/03/2025	12	17,7	64	82
20/03/2025	13	18,6	61	81
20/03/2025	14	18,5	60	93
20/03/2025	15	18,6	62	91
20/03/2025	16	17,8	64	86
20/03/2025	17	16,7	67	91
20/03/2025	18	15,2	74	84
20/03/2025	19	13,2	85	73
20/03/2025	20	12,1	90	42
20/03/2025	21	11,6	93	42
20/03/2025	22	10,5	95	23
20/03/2025	23	10,4	97	42
21/03/2025	00	11,2	93	45
21/03/2025	01	11,5	89	45
21/03/2025	02	11,4	89	45
21/03/2025	03	11,3	88	50
21/03/2025	04	11,1	87	55
21/03/2025	05	11,3	84	61
21/03/2025	06	11,3	84	54
21/03/2025	07	11,6	77	89
21/03/2025	08	9,5	91	90
21/03/2025	09	9,9	90	80
21/03/2025	10	12,5	79	68
21/03/2025	11	16,5	57	78
21/03/2025	12	18,2	48	74
21/03/2025	13	19,1	40	86
21/03/2025	14	19,6	31	97
21/03/2025	15	18,6	43	104
21/03/2025	16	16,1	58	109
21/03/2025	17	15,2	63	104
21/03/2025	18	14,2	69	96
21/03/2025	19	13,4	69	99
21/03/2025	20	12,1	77	75
21/03/2025	21	12	75	83
21/03/2025	22	12	79	90
21/03/2025	23	10,6	85	61
22/03/2025	00	8,7	92	30
22/03/2025	01	7,7	95	18
22/03/2025	02	7,2	96	16
22/03/2025	03	6,3	97	13
22/03/2025	04	6,2	98	11
22/03/2025	05	6,2	98	11
22/03/2025	06	6,8	97	22
22/03/2025	07	8,5	86	60
22/03/2025	08	10,7	73	65
22/03/2025	09	11,2	66	71
22/03/2025	10	11	71	74
22/03/2025	11	13,7	56	81
22/03/2025	12	15,6	41	97
22/03/2025	13	16,9	34	101
22/03/2025	14	17,8	32	99
22/03/2025	15	17,5	32	100
22/03/2025	16	17,7	32	98
22/03/2025	17	17,2	34	95
22/03/2025	18	15,6	40	84
22/03/2025	19	12,5	57	51
22/03/2025	20	11,3	60	60
22/03/2025	21	11,2	59	63
22/03/2025	22	10,8	59	67
22/03/2025	23	10,1	61	80
23/03/2025	00	8,4	69	64
23/03/2025	01	7,4	74	62
23/03/2025	02	6,9	74	69
23/03/2025	03	6,8	73	74
23/03/2025	04	6,7	73	80
23/03/2025	05	6,6	72	83
23/03/2025	06	6,5	70	84
23/03/2025	07	6,4	72	70
23/03/2025	08	8,5	65	72
23/03/2025	09	9,7	57	80
23/03/2025	10	10,8	53	80
23/03/2025	11	12,9	44	83
23/03/2025	12	14,8	38	84
23/03/2025	13	15,8	35	87
23/03/2025	14	16,2	34	85
23/03/2025	15	14,8	41	98
23/03/2025	16	14,4	44	100
23/03/2025	17	13,4	56	97
23/03/2025	18	12,5	61	96
23/03/2025	19	11,2	68	89
23/03/2025	20	10,6	71	89
23/03/2025	21	10,2	76	60
23/03/2025	22	10,4	67	72
23/03/2025	23	9,1	72	90
24/03/2025	00	7,8	82	68
24/03/2025	01	7,1	87	61
24/03/2025	02	6,2	89	50
24/03/2025	03	6,1	82	53
24/03/2025	04	6,2	78	60
24/03/2025	05	7,1	73	70
24/03/2025	06	6,1	77	60
24/03/2025	07	7,5	70	61
24/03/2025	08	9,8	61	64
24/03/2025	09	11,3	57	70
24/03/2025	10	13,3	47	77
24/03/2025	11	14,8	44	80
24/03/2025	12	16	40	85
24/03/2025	13	16	37	86
24/03/2025	14	16,9	34	88
24/03/2025	15	16,5	36	83
24/03/2025	16	16,1	36	85
24/03/2025	17	16,3	35	77
24/03/2025	18	14,6	44	69
24/03/2025	19	12,3	57	63
24/03/2025	20	10,7	65	69
24/03/2025	21	10,4	64	71
24/03/2025	22	9,9	67	64
24/03/2025	23	10	70	50
25/03/2025	00	9,6	75	41
25/03/2025	01	9,7	74	39
25/03/2025	02	9,7	71	46
25/03/2025	03	8,2	78	39
25/03/2025	04	8,3	78	43
25/03/2025	05	8,6	74	54
25/03/2025	06	7,5	81	44
25/03/2025	07	7,9	78	39
25/03/2025	08	10	70	50
25/03/2025	09	12,9	58	66
25/03/2025	10	15,3	48	62
25/03/2025	11	16,2	44	73
25/03/2025	12	16,8	40	78
25/03/2025	13	15,4	52	98
25/03/2025	14	14	58	100
25/03/2025	15	14,1	61	98
25/03/2025	16	13,7	64	106
25/03/2025	17	13	72	107
25/03/2025	18	12,7	74	102
25/03/2025	19	11,2	81	75
25/03/2025	20	9,7	88	40
25/03/2025	21	8,4	92	17
25/03/2025	22	8,2	95	13
25/03/2025	23	7,7	96	13
26/03/2025	00	6,8	97	7
26/03/2025	01	5,8	98	7
26/03/2025	02	5,4	99	6
26/03/2025	03	5,6	99	8
26/03/2025	04	5,6	99	10
26/03/2025	05	5,5	100	14
26/03/2025	06	5,9	99	16
26/03/2025	07	6,6	97	9
26/03/2025	08	9,3	87	30
26/03/2025	09	11,8	72	42
26/03/2025	10	14,2	61	51
26/03/2025	11	16,3	51	65
26/03/2025	12	18,2	41	78
26/03/2025	13	19,2	35	85
26/03/2025	14	19,1	34	85
26/03/2025	15	19,3	32	90
26/03/2025	16	19,1	31	90
26/03/2025	17	19	28	99
26/03/2025	18	17,4	31	90
26/03/2025	19	15,7	42	66
26/03/2025	20	12,9	76	85
26/03/2025	21	11,4	85	66
26/03/2025	22	9,5	89	33
26/03/2025	23	7,8	95	12
27/03/2025	00	6,5	97	8
27/03/2025	01	6,3	98	16
27/03/2025	02	6,5	98	19
27/03/2025	03	6	98	15
27/03/2025	04	5,5	97	14
27/03/2025	05	6,4	94	18
27/03/2025	06	6,3	93	8
27/03/2025	08	8,2	88	11
27/03/2025	09	10	78	15
27/03/2025	10	14	56	25
27/03/2025	11	16,1	42	62
27/03/2025	12	17,8	35	70
27/03/2025	13	17,6	44	97
27/03/2025	14	16,5	54	116
27/03/2025	15	16,3	56	116
27/03/2025	16	16,7	55	115
27/03/2025	17	16,5	56	112
27/03/2025	18	14,5	68	104
27/03/2025	19	12	83	102
27/03/2025	20	10,9	88	81
27/03/2025	21	9,9	92	54
27/03/2025	22	9	94	28
27/03/2025	23	7,8	95	19
28/03/2025	00	7	97	9
28/03/2025	01	6,7	98	16
28/03/2025	02	7,1	99	20
28/03/2025	03	7,4	99	23
28/03/2025	04	6,9	100	28
28/03/2025	05	7	98	30
28/03/2025	06	6,3	95	25
28/03/2025	07	7,3	89	26
28/03/2025	08	9,8	77	30
28/03/2025	09	13,9	54	42
28/03/2025	10	16,2	42	65
28/03/2025	11	17,4	36	76
28/03/2025	12	18,3	34	82
28/03/2025	13	19,4	32	91
28/03/2025	14	20,6	28	96
28/03/2025	15	21,1	21	99
28/03/2025	16	19,1	34	104
28/03/2025	17	15,9	60	102
28/03/2025	18	13,8	72	107
28/03/2025	19	11,5	84	98
28/03/2025	20	10,3	86	69
28/03/2025	21	9,5	85	51
28/03/2025	22	7,4	92	20
28/03/2025	23	6,2	94	12
29/03/2025	00	5,7	96	17
29/03/2025	01	6,1	96	26
29/03/2025	02	6,6	88	37
29/03/2025	03	8,3	67	64
29/03/2025	04	9,2	57	71
29/03/2025	05	8,2	59	65
29/03/2025	06	7,8	60	69
29/03/2025	07	9,6	51	74
29/03/2025	08	12,4	41	78
29/03/2025	09	14,4	33	88
29/03/2025	10	16	29	95
29/03/2025	11	17,2	26	99
29/03/2025	12	18,9	24	94
29/03/2025	13	20,4	21	102
29/03/2025	14	20,8	21	103
29/03/2025	15	21	20	106
29/03/2025	16	20,7	20	107
29/03/2025	17	20,4	20	105
29/03/2025	18	15,4	38	114
29/03/2025	19	12,5	51	99
29/03/2025	20	10,5	62	70
29/03/2025	21	8	76	30
29/03/2025	22	6,5	83	23
29/03/2025	23	5,6	87	17
30/03/2025	00	5,2	88	19
30/03/2025	01	4,8	89	20
30/03/2025	02	4,8	89	24
30/03/2025	03	4	89	19
30/03/2025	04	3,3	91	21
30/03/2025	05	2,9	87	30
30/03/2025	06	3	76	49
30/03/2025	07	4,4	69	59
30/03/2025	08	7,6	52	68
30/03/2025	09	10,2	44	70
30/03/2025	10	12,8	34	78
30/03/2025	11	14,6	27	77
30/03/2025	12	16	24	81
30/03/2025	13	16,7	23	92
30/03/2025	14	17,7	20	92
30/03/2025	15	17,2	27	103
30/03/2025	16	16,6	31	110
30/03/2025	17	15,7	38	111
30/03/2025	18	14,6	43	105
30/03/2025	19	12	53	87
30/03/2025	20	9,9	65	68
30/03/2025	21	8,5	74	59
30/03/2025	22	6,9	82	28
30/03/2025	23	5,7	87	23
31/03/2025	00	4,7	90	17
31/03/2025	01	4	92	15
31/03/2025	02	3,9	93	22
31/03/2025	03	4,4	91	29
31/03/2025	04	3,9	93	27
31/03/2025	05	3,4	93	25
31/03/2025	06	3,5	93	24
31/03/2025	07	4,9	90	18
31/03/2025	08	9	72	33
31/03/2025	09	11,5	56	52
31/03/2025	10	14,4	47	55
31/03/2025	11	17,2	34	74
31/03/2025	12	19,4	29	90
31/03/2025	13	21,3	21	98
31/03/2025	14	22,7	18	96
31/03/2025	15	23,3	18	103
31/03/2025	16	22,4	19	116
31/03/2025	17	21,9	18	114
31/03/2025	18	20,5	22	105
31/03/2025	19	16,6	33	75
31/03/2025	20	13,1	44	62
31/03/2025	21	10,7	56	32
31/03/2025	22	8,5	71	11
31/03/2025	23	6,6	80	9
01/04/2025	00	5,7	84	7
01/04/2025	01	5,3	84	9
01/04/2025	02	4,3	88	6
01/04/2025	03	4,1	89	6
01/04/2025	04	3,3	90	6
01/04/2025	05	3,5	93	5
01/04/2025	06	5,3	93	4
01/04/2025	07	6,3	92	2
01/04/2025	08	9	82	15
01/04/2025	09	11,3	72	36
01/04/2025	10	14,9	62	58
01/04/2025	11	17,8	42	68
01/04/2025	12	19,7	31	84
01/04/2025	13	19,3	31	108
01/04/2025	14	19,1	32	122
01/04/2025	15	18,6	29	125
01/04/2025	16	18,3	31	132
01/04/2025	17	18,1	31	128
01/04/2025	18	16,1	44	119
01/04/2025	19	13,8	48	104
01/04/2025	20	11,9	59	80
01/04/2025	21	10,8	76	49
01/04/2025	22	9,5	84	47
01/04/2025	23	7,6	90	20
02/04/2025	00	7	92	20
02/04/2025	01	6,8	94	18
02/04/2025	02	6,3	93	17
02/04/2025	03	5,3	94	9
02/04/2025	04	6	95	6
02/04/2025	05	6,7	95	5
02/04/2025	06	7,4	96	7
02/04/2025	07	7,7	96	10
02/04/2025	08	10,5	89	20
02/04/2025	09	13,1	75	43
02/04/2025	10	15,1	63	75
02/04/2025	11	16,3	55	102
02/04/2025	12	16,7	51	118
02/04/2025	13	17	48	134
02/04/2025	14	16,8	48	138
02/04/2025	15	16,2	49	133
02/04/2025	16	15,9	52	129
02/04/2025	17	15,5	52	128
02/04/2025	18	14	65	123
02/04/2025	19	12,1	76	107
02/04/2025	20	11,1	83	84
02/04/2025	21	10,8	85	67
02/04/2025	22	10,3	87	54
02/04/2025	23	10,3	90	64
03/04/2025	00	8,8	93	30
03/04/2025	01	8,3	94	33
03/04/2025	02	9,7	94	51
03/04/2025	03	10,5	88	68
03/04/2025	04	10,4	87	71
03/04/2025	05	10,1	87	64
03/04/2025	06	9,4	86	35
03/04/2025	07	9,9	82	32
03/04/2025	08	12,1	78	76
03/04/2025	09	12,8	77	109
03/04/2025	10	13,5	71	108
03/04/2025	11	14,4	68	108
03/04/2025	12	15,5	65	110
03/04/2025	13	16,6	61	113
03/04/2025	14	17,1	58	115
03/04/2025	15	16,8	61	116
03/04/2025	16	16,2	62	114
03/04/2025	17	14,9	72	104
03/04/2025	18	13,6	77	103
03/04/2025	19	12,9	78	97
03/04/2025	20	12,4	79	87
03/04/2025	21	11,5	83	61
03/04/2025	22	10,2	90	29
03/04/2025	23	9,7	92	28
04/04/2025	00	9,8	93	33
04/04/2025	01	10,5	90	44
04/04/2025	02	11,2	83	60
04/04/2025	03	12,2	76	76
04/04/2025	04	13,2	70	80
04/04/2025	05	13,7	67	87
04/04/2025	06	11,6	78	53
04/04/2025	07	11,3	81	55
04/04/2025	08	14,1	68	69
04/04/2025	09	16,5	59	65
04/04/2025	10	17,6	54	88
04/04/2025	11	18,3	57	101
04/04/2025	12	18,4	59	110
04/04/2025	13	20	48	120
04/04/2025	14	20,3	45	120
04/04/2025	15	20,1	47	120
04/04/2025	16	19,3	48	123
04/04/2025	17	18,5	52	118
04/04/2025	18	17,3	57	114
04/04/2025	19	15,9	64	108
04/04/2025	20	13,7	80	77
04/04/2025	21	12,7	90	78
04/04/2025	22	12,1	93	66
04/04/2025	23	11,3	94	40
05/04/2025	00	10,9	95	37
05/04/2025	01	10,8	96	32
05/04/2025	02	9,8	97	16
05/04/2025	03	10,1	97	9
05/04/2025	04	9	98	7
05/04/2025	05	8,8	99	18
05/04/2025	06	9,1	100	27
05/04/2025	07	9,5	100	26
05/04/2025	08	12,1	92	43
05/04/2025	09	15,3	60	69
05/04/2025	10	17,2	44	87
05/04/2025	11	18,4	37	88
05/04/2025	12	19,3	33	92
05/04/2025	13	20	30	96
05/04/2025	14	20,8	27	98
05/04/2025	15	21,3	25	92
05/04/2025	16	20,6	25	95
05/04/2025	17	18,5	40	96
05/04/2025	18	16,5	44	99
05/04/2025	19	14,8	48	86
05/04/2025	20	13	55	70
05/04/2025	21	12	62	45
05/04/2025	22	11,2	66	41
05/04/2025	23	10,7	72	40
06/04/2025	00	10,6	76	42
06/04/2025	01	10	75	34
06/04/2025	02	10,3	69	51
06/04/2025	03	10,7	64	58
06/04/2025	04	9,4	69	50
06/04/2025	05	8,6	71	44
06/04/2025	06	9,7	63	65
06/04/2025	07	11	57	71
06/04/2025	08	13,4	51	74
06/04/2025	09	15,6	47	77
06/04/2025	10	17,8	41	83
06/04/2025	11	19,8	35	86
06/04/2025	12	21,1	32	83
06/04/2025	13	21,5	30	89
06/04/2025	14	21,5	30	86
06/04/2025	15	19,8	35	101
06/04/2025	16	19,6	36	105
06/04/2025	17	19,6	34	103
06/04/2025	18	18,3	38	102
06/04/2025	19	16,1	45	88
06/04/2025	20	13,6	54	65
06/04/2025	21	12,3	63	34
06/04/2025	22	10,6	74	24
06/04/2025	23	8,5	83	8
07/04/2025	00	7,9	86	11
07/04/2025	01	8,7	80	21
07/04/2025	02	8,8	79	23
07/04/2025	03	8,4	80	25
07/04/2025	04	9,7	70	45
07/04/2025	05	10,2	66	52
07/04/2025	06	10,2	66	52
07/04/2025	07	11,8	60	50
07/04/2025	08	14,5	52	51
07/04/2025	09	17,3	45	56
07/04/2025	10	19,8	37	67
07/04/2025	11	21,4	32	67
07/04/2025	12	22,5	30	83
07/04/2025	13	22,3	30	105
07/04/2025	14	22,3	30	106
07/04/2025	15	21,6	33	109
07/04/2025	16	20,4	34	111
07/04/2025	17	19,3	38	114
07/04/2025	18	17,9	43	110
07/04/2025	19	15,5	51	89
07/04/2025	20	13	65	45
07/04/2025	21	11,5	73	28
07/04/2025	22	9,6	81	17
07/04/2025	23	8,2	87	13
08/04/2025	00	7,8	90	10
08/04/2025	01	7,2	92	5
08/04/2025	02	6,8	93	3
08/04/2025	03	6,2	94	5
08/04/2025	04	6	95	7
08/04/2025	05	6,1	95	8
08/04/2025	06	5,7	95	5
08/04/2025	07	8,1	91	2
08/04/2025	08	11,7	75	13
08/04/2025	09	15,7	58	28
08/04/2025	10	17,2	56	71
08/04/2025	11	18,1	52	101
08/04/2025	12	19	45	111
08/04/2025	13	20	42	114
08/04/2025	14	20,2	38	112
08/04/2025	15	19,8	41	116
08/04/2025	16	18,6	50	126
08/04/2025	17	17,5	58	123
08/04/2025	18	16	67	114
08/04/2025	19	13,6	80	102
08/04/2025	20	11,9	88	49
08/04/2025	21	11	91	32
08/04/2025	22	9,3	91	16
08/04/2025	23	8	94	7
09/04/2025	00	7,1	94	2
09/04/2025	01	7	96	5
09/04/2025	02	7,1	98	7
09/04/2025	03	8,5	99	23
09/04/2025	04	9,1	100	39
09/04/2025	05	8,7	100	39
09/04/2025	06	8,4	100	33
09/04/2025	07	8,5	100	24
09/04/2025	08	10,5	93	22
09/04/2025	09	14,4	66	32
09/04/2025	10	18	43	62
09/04/2025	11	19	42	97
09/04/2025	12	18,9	42	111
09/04/2025	13	19,1	43	114
09/04/2025	14	19,3	41	112
09/04/2025	15	19,7	38	111
09/04/2025	16	19,7	33	115
09/04/2025	17	18,7	42	110
09/04/2025	18	16,6	53	103
09/04/2025	19	13,7	75	86
09/04/2025	20	12,1	87	59
09/04/2025	21	11,2	90	44
09/04/2025	22	9,9	92	29
09/04/2025	23	9,1	94	20
10/04/2025	00	8,1	95	6
10/04/2025	01	7,8	96	6
10/04/2025	02	7,3	97	6
10/04/2025	03	6,9	97	7
10/04/2025	04	6,4	97	4
10/04/2025	05	6,2	98	4
10/04/2025	06	6	98	2
10/04/2025	07	7,2	98	5
10/04/2025	08	9,6	94	9
10/04/2025	09	13,4	72	30
10/04/2025	10	16,1	60	73
10/04/2025	11	15,6	61	105
10/04/2025	12	15,7	63	111
10/04/2025	13	16,7	59	112
10/04/2025	14	17,1	57	108
10/04/2025	15	16,1	60	115
10/04/2025	16	15,8	59	122
10/04/2025	17	15	65	123
10/04/2025	18	13,8	74	120
10/04/2025	19	13	78	116
10/04/2025	20	12,7	80	110
10/04/2025	21	12,4	82	104
10/04/2025	22	12,1	84	98
10/04/2025	23	12	84	97
11/04/2025	00	11,9	84	73
11/04/2025	01	11,3	87	66
11/04/2025	02	9,5	91	30
11/04/2025	03	10	91	52
11/04/2025	04	11,2	85	85
11/04/2025	05	12	79	98
11/04/2025	06	12	78	95
11/04/2025	07	12,4	76	92
11/04/2025	08	13,1	73	100
11/04/2025	09	13,5	72	102
11/04/2025	10	13,8	72	103
11/04/2025	11	14,3	69	107
11/04/2025	12	14,9	66	110
11/04/2025	13	14,8	67	111
11/04/2025	14	14,9	67	109
11/04/2025	15	14,6	69	110
11/04/2025	16	14,4	71	110
11/04/2025	17	14,5	71	111
11/04/2025	18	14,1	73	106
11/04/2025	19	13,5	76	98
11/04/2025	20	13	80	102
11/04/2025	21	12,4	87	67
11/04/2025	22	11,5	93	50
11/04/2025	23	11,4	96	45
12/04/2025	00	11,2	98	40
12/04/2025	01	11,1	98	37
12/04/2025	02	11	99	30
12/04/2025	03	11	100	29
12/04/2025	04	11	100	34
12/04/2025	05	11	100	28
12/04/2025	06	11	100	16
12/04/2025	07	11,1	100	22
12/04/2025	08	11,2	100	35
12/04/2025	09	11,6	100	34
12/04/2025	10	12	100	36
12/04/2025	11	13	99	48
12/04/2025	12	13,1	96	63
12/04/2025	13	13,6	95	60
12/04/2025	14	13,7	95	51
12/04/2025	15	14,2	91	48
12/04/2025	16	15,3	86	47
12/04/2025	17	15,4	85	55
12/04/2025	18	15,4	87	40
12/04/2025	19	14,5	91	15
12/04/2025	20	13,4	94	16
12/04/2025	21	12,7	95	9
12/04/2025	22	12,7	96	14
12/04/2025	23	12,3	95	11
13/04/2025	00	12	96	5
13/04/2025	01	11,6	96	3
13/04/2025	02	11	97	2
13/04/2025	03	10,6	98	2
13/04/2025	04	10,6	99	3
13/04/2025	05	10,8	99	3
13/04/2025	06	10,4	99	6
13/04/2025	07	10,7	98	7
13/04/2025	08	11,9	96	8
13/04/2025	09	14,4	85	20
13/04/2025	10	15,3	79	21
13/04/2025	11	15,5	78	30
13/04/2025	12	15,6	78	31
13/04/2025	13	15,4	84	35
13/04/2025	14	16,7	77	37
13/04/2025	15	17	69	45
13/04/2025	16	17	69	63
13/04/2025	17	16,3	75	61
13/04/2025	18	15,8	75	56
13/04/2025	19	15	82	22
13/04/2025	20	14,1	92	13
13/04/2025	21	13,2	96	12
13/04/2025	22	12,7	96	15
13/04/2025	23	12,5	96	12
14/04/2025	00	12,1	96	15
14/04/2025	01	12	96	13
14/04/2025	02	11,8	96	10
14/04/2025	03	11,3	97	3
14/04/2025	04	11	97	2
14/04/2025	05	10,8	98	2
14/04/2025	06	10,6	98	2
14/04/2025	07	11,7	99	3
14/04/2025	08	13,4	98	16
14/04/2025	09	14,8	90	17
14/04/2025	10	17,3	74	18
14/04/2025	11	19,8	64	40
14/04/2025	12	21,3	53	61
14/04/2025	13	22,6	44	66
14/04/2025	14	21,1	53	91
14/04/2025	15	17	67	99
14/04/2025	16	17,1	65	80
14/04/2025	17	17,8	57	69
14/04/2025	18	16,7	65	66
14/04/2025	19	14,7	83	63
14/04/2025	20	13	91	30
14/04/2025	21	12,1	94	12
14/04/2025	22	11,1	96	3
14/04/2025	23	10,8	98	9
15/04/2025	00	10,9	99	13
15/04/2025	01	10,2	99	10
15/04/2025	02	10,1	97	16
15/04/2025	03	9,1	94	13
15/04/2025	04	8,7	93	19
15/04/2025	05	8,7	91	24
15/04/2025	06	9,2	86	25
15/04/2025	07	10,3	81	32
15/04/2025	08	12,5	66	57
15/04/2025	09	12,6	56	84
15/04/2025	10	12,7	59	71
15/04/2025	11	14,2	51	80
15/04/2025	12	16	43	86
15/04/2025	13	17,4	40	91
15/04/2025	14	16,5	45	98
15/04/2025	15	16,1	52	102
15/04/2025	16	12,6	64	98
15/04/2025	17	16,7	50	87
15/04/2025	18	16,5	42	96
15/04/2025	19	13,7	49	100
15/04/2025	20	12,3	55	89
15/04/2025	21	12,8	51	97
15/04/2025	22	12,7	53	95
15/04/2025	23	12,5	53	96
16/04/2025	00	12,1	56	93
16/04/2025	01	12	55	93
16/04/2025	02	11,7	57	87
16/04/2025	03	11,9	55	91
16/04/2025	04	10,7	59	87
16/04/2025	05	10,4	60	87
16/04/2025	06	10	62	81
16/04/2025	07	11,1	57	75
16/04/2025	08	12,9	50	85
16/04/2025	09	14,1	44	89
16/04/2025	10	15,3	38	93
16/04/2025	11	16,9	34	94
16/04/2025	12	17,4	32	95
16/04/2025	13	18,1	28	96
16/04/2025	14	19,6	27	95
16/04/2025	15	20,4	25	93
16/04/2025	16	20,2	26	92
16/04/2025	17	20,3	25	92
16/04/2025	18	18,5	27	92
16/04/2025	19	17,5	31	90
16/04/2025	20	16,7	35	91
16/04/2025	21	15,6	41	84
16/04/2025	22	14,5	49	64
16/04/2025	23	13,5	59	37
17/04/2025	00	13	64	27
17/04/2025	01	13,3	60	39
17/04/2025	02	12,8	65	51
17/04/2025	03	12,8	65	44
17/04/2025	04	12,6	68	39
17/04/2025	05	11,8	75	20
17/04/2025	06	11,7	79	9
17/04/2025	07	13	74	19
17/04/2025	08	16,9	58	38
17/04/2025	09	19,2	49	53
17/04/2025	10	20,9	41	70
17/04/2025	11	21,8	34	90
17/04/2025	12	22,7	31	92
17/04/2025	13	24,1	30	90
17/04/2025	14	25,1	28	90
17/04/2025	15	25,8	27	88
17/04/2025	16	25,2	31	92
17/04/2025	17	23,8	35	94
17/04/2025	18	22,6	37	92
17/04/2025	19	20,3	45	81
17/04/2025	20	17,4	55	58
17/04/2025	21	15,9	63	38
17/04/2025	22	15,9	63	39
17/04/2025	23	14	73	22
18/04/2025	00	12,8	79	14
18/04/2025	01	12,4	81	16
18/04/2025	02	12,5	81	23
18/04/2025	03	12,7	78	26
18/04/2025	04	12,2	79	26
18/04/2025	05	12,1	78	24
18/04/2025	06	11,8	79	20
18/04/2025	07	13,6	74	23
18/04/2025	08	17,5	60	34
18/04/2025	09	19,8	53	46
18/04/2025	10	22,6	42	54
18/04/2025	11	24	35	53
18/04/2025	12	24,5	37	63
18/04/2025	13	24,7	35	74
18/04/2025	14	24,9	35	79
18/04/2025	15	23,7	36	86
18/04/2025	16	22,3	45	89
18/04/2025	17	22	56	94
18/04/2025	18	20,9	59	83
18/04/2025	19	19,7	64	59
18/04/2025	20	17,2	82	48
18/04/2025	21	16	89	41
18/04/2025	22	15,1	93	30
18/04/2025	23	13,9	94	15
19/04/2025	00	11,7	95	3
19/04/2025	01	11	96	2
19/04/2025	02	11,2	97	2
19/04/2025	03	10,7	98	3
19/04/2025	04	11,1	99	10
19/04/2025	05	10,9	98	8
19/04/2025	06	10,6	98	6
19/04/2025	07	12,8	96	3
19/04/2025	08	17,6	67	34
19/04/2025	09	21,1	41	70
19/04/2025	10	22,6	31	88
19/04/2025	11	22,7	31	90
19/04/2025	12	21,2	35	90
19/04/2025	13	22,2	28	100
19/04/2025	14	21,7	23	110
19/04/2025	15	21,8	23	110
19/04/2025	16	21,7	23	108
19/04/2025	17	20,8	23	107
19/04/2025	18	19,7	24	107
19/04/2025	19	18	27	102
19/04/2025	20	16,2	31	91
19/04/2025	21	15,3	34	89
19/04/2025	22	13,6	42	76
19/04/2025	23	12	51	54
20/04/2025	00	10,4	58	46
20/04/2025	01	8,4	70	28
20/04/2025	02	8	72	28
20/04/2025	03	6,9	79	23
20/04/2025	04	6,9	79	26
20/04/2025	05	6,9	77	29
20/04/2025	06	6,5	81	20
20/04/2025	07	9,7	73	17
20/04/2025	08	12,5	60	42
20/04/2025	09	15,2	47	57
20/04/2025	10	15,9	44	76
20/04/2025	11	16,7	41	95
20/04/2025	12	18,9	34	93
20/04/2025	13	20,2	30	93
20/04/2025	14	19,7	31	96
20/04/2025	15	14,7	68	78
20/04/2025	16	17,2	54	69
20/04/2025	17	14,6	63	86
20/04/2025	18	13,7	73	78
20/04/2025	19	13,2	75	66
20/04/2025	20	12	78	55
20/04/2025	21	11,2	80	46
20/04/2025	22	11	81	40
20/04/2025	23	10,3	85	34
21/04/2025	00	10,8	80	43
21/04/2025	01	11,4	73	51
21/04/2025	02	10,9	75	51
21/04/2025	03	11,3	73	49
21/04/2025	04	10,4	78	48
21/04/2025	05	9	85	35
21/04/2025	06	9,2	86	31
21/04/2025	07	12,4	72	38
21/04/2025	08	15,8	60	50
21/04/2025	09	18,6	50	64
21/04/2025	10	21,5	40	71
21/04/2025	11	23,1	34	75
21/04/2025	12	24,2	28	77
21/04/2025	13	24,9	25	91
21/04/2025	14	25,4	23	93
21/04/2025	15	24,4	28	106
21/04/2025	16	22,5	31	103
21/04/2025	17	21,8	33	102
21/04/2025	18	21,3	34	98
21/04/2025	19	19,2	42	86
21/04/2025	20	16,7	50	77
21/04/2025	21	14,9	58	53
21/04/2025	22	13,8	65	40
21/04/2025	23	12,1	78	16
22/04/2025	00	12,2	81	10
22/04/2025	01	11,7	86	7
22/04/2025	02	12,1	86	7
22/04/2025	03	12,4	86	5
22/04/2025	04	12,8	85	14
22/04/2025	05	12,2	89	10
22/04/2025	06	11,7	92	3
22/04/2025	07	12,4	93	3
22/04/2025	08	14,9	79	23
22/04/2025	09	18,3	64	42
22/04/2025	10	20,8	49	51
22/04/2025	11	23,2	38	51
22/04/2025	12	24,8	35	80
22/04/2025	13	22,8	40	106
22/04/2025	14	19,8	56	94
22/04/2025	15	15,8	87	77
22/04/2025	16	17,9	71	80
22/04/2025	17	18,1	64	89
22/04/2025	18	17,6	59	91
22/04/2025	19	16,3	69	75
22/04/2025	20	15,4	72	57
22/04/2025	21	14,1	80	42
22/04/2025	22	13,7	86	16
22/04/2025	23	12,8	89	12
23/04/2025	00	11,3	92	10
23/04/2025	01	10,3	93	9
23/04/2025	02	9,8	95	9
23/04/2025	03	9,4	95	7
23/04/2025	04	8,8	95	3
23/04/2025	05	8,3	96	2
23/04/2025	06	8,1	97	2
23/04/2025	07	11,7	95	5
23/04/2025	08	15,3	82	23
23/04/2025	09	18,9	64	45
23/04/2025	10	21	52	57
23/04/2025	11	23,3	40	60
23/04/2025	12	24,1	39	76
23/04/2025	13	23,2	47	106
23/04/2025	14	22,7	51	111
23/04/2025	15	22	53	113
23/04/2025	16	21,2	55	109
23/04/2025	17	20,8	59	103
23/04/2025	18	19,7	65	96
23/04/2025	19	17,5	76	94
23/04/2025	20	16	84	78
23/04/2025	21	15	89	46
23/04/2025	22	14,3	92	37
23/04/2025	23	12,9	94	17
24/04/2025	00	11,6	95	4
24/04/2025	01	11	96	4
24/04/2025	02	11	97	8
24/04/2025	03	11,2	98	15
24/04/2025	04	11,1	98	13
24/04/2025	05	11,3	99	15
24/04/2025	07	13,8	96	14
24/04/2025	08	16,9	78	21
24/04/2025	09	19,6	66	24
24/04/2025	10	23	51	45
24/04/2025	11	25,4	43	63
24/04/2025	12	26,7	39	87
24/04/2025	13	25,1	47	113
24/04/2025	14	24,9	48	108
24/04/2025	15	24,1	51	96
24/04/2025	16	23,2	54	99
24/04/2025	17	21,9	55	106
24/04/2025	18	20,5	58	100
24/04/2025	19	18,8	64	89
24/04/2025	20	16,4	76	43
24/04/2025	21	14,5	83	18
24/04/2025	22	13,5	86	10
24/04/2025	23	12,9	88	6
25/04/2025	00	12	89	7
25/04/2025	01	11,7	91	5
25/04/2025	02	11,1	92	3
25/04/2025	03	10,7	93	3
25/04/2025	04	10,1	94	2
25/04/2025	05	9,9	95	2
25/04/2025	06	10,5	95	3
25/04/2025	07	13	91	9
25/04/2025	08	16,2	76	18
25/04/2025	09	19	64	38
25/04/2025	10	20,7	55	37
25/04/2025	11	23,1	39	57
25/04/2025	12	24,8	37	82
25/04/2025	13	26,2	37	100
25/04/2025	14	25,1	42	100
25/04/2025	15	22,5	48	103
25/04/2025	16	22,5	50	95
25/04/2025	17	23,2	48	86
25/04/2025	18	23,2	53	86
25/04/2025	19	20,6	64	68
25/04/2025	20	18,6	72	43
25/04/2025	21	17,7	76	35
25/04/2025	22	15,8	86	20
25/04/2025	23	13,9	92	7
26/04/2025	00	13	94	3
26/04/2025	01	12,3	94	4
26/04/2025	02	12,1	95	6
26/04/2025	03	13,3	92	29
26/04/2025	04	13,6	88	27
26/04/2025	05	13,6	87	23
26/04/2025	06	14	83	28
26/04/2025	07	17,2	73	25
26/04/2025	08	21,5	58	56
26/04/2025	09	24,6	46	78
26/04/2025	10	26,6	35	93
26/04/2025	11	27,4	34	90
26/04/2025	12	24,7	53	103
26/04/2025	13	23,4	54	114
26/04/2025	14	23,7	52	105
26/04/2025	15	23,4	53	101
26/04/2025	16	22,6	54	102
26/04/2025	17	21,7	54	100
26/04/2025	18	20,8	55	97
26/04/2025	19	19,2	63	89
26/04/2025	20	17,3	71	61
26/04/2025	21	15,8	78	28
26/04/2025	22	14,5	84	12
26/04/2025	23	13,2	88	11
27/04/2025	00	12	91	5
27/04/2025	01	11,3	93	4
27/04/2025	02	12,2	93	10
27/04/2025	03	12,2	93	13
27/04/2025	04	11,3	94	8
27/04/2025	05	10,8	94	8
27/04/2025	06	11	95	8
27/04/2025	07	14,2	88	15
27/04/2025	08	17,3	71	38
27/04/2025	09	20,2	56	54
27/04/2025	10	22,3	48	68
27/04/2025	11	22,2	50	90
27/04/2025	12	21,9	50	98
27/04/2025	13	21,4	50	100
27/04/2025	14	21,3	47	105
27/04/2025	15	21	51	107
27/04/2025	16	20,6	51	106
27/04/2025	17	20	51	102
27/04/2025	18	19,2	53	102
27/04/2025	19	17,7	61	93
27/04/2025	20	15,7	71	71
27/04/2025	21	14,5	76	50
27/04/2025	22	12,4	86	13
27/04/2025	23	11,4	90	13
28/04/2025	00	10,7	92	7
28/04/2025	01	10	92	6
28/04/2025	02	9,4	94	4
28/04/2025	03	8,9	95	3
28/04/2025	04	8,7	95	5
28/04/2025	05	8,5	96	7
28/04/2025	06	9	97	8
28/04/2025	07	12,5	91	14
28/04/2025	08	15,8	74	32
28/04/2025	09	18,8	56	45
28/04/2025	10	20,3	50	79
28/04/2025	11	20,7	50	94
28/04/2025	12	21	51	95
28/04/2025	13	21,3	50	109
28/04/2025	14	21,3	52	97
28/04/2025	15	21,4	50	97
28/04/2025	16	20,7	52	98
30/04/2025	10	20,7	68	55
30/04/2025	11	21,2	66	76
30/04/2025	12	21,9	59	88
30/04/2025	13	22,2	58	88
30/04/2025	14	21,9	59	93
30/04/2025	15	21,4	63	93
30/04/2025	16	21,5	64	100
30/04/2025	17	21,2	65	101
30/04/2025	18	20,6	67	99
30/04/2025	19	19,6	74	94
30/04/2025	20	18,9	79	91
30/04/2025	21	18,2	83	80
30/04/2025	22	17,2	88	52
30/04/2025	23	15,8	94	37
