Red: Red de Vigilancia y Control de la Contaminación Atmosférica
Estación: 46250054-València - Centre
	
FECHA	HORA	PM2.5	NO	NO2	PM10	NOx
		µg/m³	µg/m³	µg/m³	µg/m³	µg/m³
01/01/2025	00	101	3	25	111	29
01/01/2025	01	47	2	25	50	28
01/01/2025	02	30	2	28	33	32
01/01/2025	03	23	2	22	25	25
01/01/2025	04	21	2	16	23	19
01/01/2025	05	14	4	14	16	19
01/01/2025	06	11	2	12	13	15
01/01/2025	07	10			11	
01/01/2025	08	10	4	19	11	24
01/01/2025	09	11	2	15	12	18
01/01/2025	10	10	4	15	11	20
01/01/2025	11	10	3	16	11	21
01/01/2025	12	12	6	18	14	27
01/01/2025	13	14	4	15	16	22
01/01/2025	14	15	2	15	20	18
01/01/2025	15	15	2	15	20	18
01/01/2025	16	11	2	14	20	17
01/01/2025	17	12	2	16	22	20
01/01/2025	18	15	2	22	24	25
01/01/2025	19	16	1	23	20	25
01/01/2025	20	21	7	37	25	49
01/01/2025	21	23	6	39	28	49
01/01/2025	22	25	12	36	30	53
01/01/2025	23	31	9	39	35	53
02/01/2025	00	22	4	33	24	40
02/01/2025	01	17	4	25	20	32
02/01/2025	02	18	2	20	20	22
02/01/2025	03	13	1	13	16	15
02/01/2025	04	8	1	10	11	11
02/01/2025	05	7	1	12	12	14
02/01/2025	06	5	2	10	13	13
02/01/2025	07	7	14	33	21	54
02/01/2025	08	10	43	42	32	107
02/01/2025	09	13	57	45	49	131
02/01/2025	10	16	50	44	53	121
02/01/2025	11	12	21	30	35	63
02/01/2025	12	9	13	24	31	44
02/01/2025	13	8	10	21	28	36
02/01/2025	14	6	5	17	20	25
02/01/2025	15	7	7	20	23	31
02/01/2025	16	10	7	25	36	35
02/01/2025	17	11	12	36	38	54
02/01/2025	18	13	5	37	44	45
02/01/2025	19	15	10	50	49	64
02/01/2025	20	18	9	48	44	61
02/01/2025	21	27	15	52	53	76
02/01/2025	22	27	18	50	53	77
02/01/2025	23	17	7	45	36	56
03/01/2025	00	13	14	45	29	67
03/01/2025	01	10	12	30	24	49
03/01/2025	02	7	14	23	16	43
03/01/2025	03	5	7	16	10	26
03/01/2025	04	6	2	19	12	22
03/01/2025	05	6	3	25	13	30
03/01/2025	06	7	11	43	19	60
03/01/2025	07	9	32	53	26	103
03/01/2025	08	16	39	54	51	113
03/01/2025	09	17	28	45	38	88
03/01/2025	10	13	24	41	40	78
03/01/2025	11	13	17	38	45	63
03/01/2025	12	9	11	25	31	42
03/01/2025	13	8	7	19	25	29
03/01/2025	14	10	8	22	30	34
03/01/2025	15	12	7	30	38	41
03/01/2025	16	14	13	42	48	62
03/01/2025	17	12	6	35	42	44
03/01/2025	18	13	2	32	42	34
03/01/2025	19	14	2	36	42	38
03/01/2025	20	16	1	36	39	38
03/01/2025	21	14	11	41	33	57
03/01/2025	22	9	4	23	16	29
03/01/2025	23	7	2	16	15	19
04/01/2025	00	8	6	21	20	30
04/01/2025	01	7	11	25	17	42
04/01/2025	02	6	5	13	13	20
04/01/2025	03	6	2	13	12	16
04/01/2025	04	7			13	
04/01/2025	05	7	1	9	10	11
04/01/2025	06	7	1	11	14	13
04/01/2025	07	8	3	17	16	21
04/01/2025	08	9	4	19	19	25
04/01/2025	09	9	4	18	17	24
04/01/2025	10	10	6	23	22	32
04/01/2025	11	10	8	21	22	33
04/01/2025	12	9	9	19	22	33
04/01/2025	13	10	8	20	22	33
04/01/2025	14	10	8	19	18	30
04/01/2025	15	7	5	16	16	23
04/01/2025	16	8	5	23	19	30
04/01/2025	17	11	4	26	32	32
04/01/2025	18	11	4	32	29	38
04/01/2025	19	16	5	49	44	57
04/01/2025	20	22	9	51	52	65
04/01/2025	21	23	7	54	52	64
04/01/2025	22	22	14	54	49	75
04/01/2025	23	23	19	60	45	90
05/01/2025	00	14	2	29	26	32
05/01/2025	01	9	4	10	13	16
05/01/2025	02	8	4	9	12	15
05/01/2025	03	8	2	6	12	8
05/01/2025	04	9	1	6	14	8
05/01/2025	05	9	2	6	12	8
05/01/2025	06	8	1	6	12	7
05/01/2025	07	8	1	6	13	8
05/01/2025	08	9	2	12	15	14
05/01/2025	09	9	2	13	17	17
05/01/2025	10	9	4	13	18	19
05/01/2025	11	12	6	17	24	25
05/01/2025	12	11	6	15	22	24
05/01/2025	13	12	7	19	23	30
05/01/2025	14	13	6	18	25	28
05/01/2025	15	11	4	18	20	25
05/01/2025	16	9	5	24	19	32
05/01/2025	17	16	3	27	43	32
05/01/2025	18	22	2	32	55	34
05/01/2025	19	26	6	38	60	47
05/01/2025	20	34	6	40	91	49
05/01/2025	21	28	2	32	79	36
05/01/2025	22	26	7	42	69	52
05/01/2025	23	22	4	27	62	34
06/01/2025	00	23	9	31	62	46
06/01/2025	01	21	10	26	55	40
06/01/2025	02	19	3	22	49	27
06/01/2025	03	15	2	15	38	17
06/01/2025	04	11	1	9	29	11
06/01/2025	05	11	2	17	28	20
06/01/2025	06	10	2	19	25	22
06/01/2025	07	10	35	57	24	111
06/01/2025	08	8	5	29	23	36
06/01/2025	09	3	4	13	10	18
06/01/2025	10	3	4	11	10	18
06/01/2025	11	2	3	11	8	15
06/01/2025	12	4	4	14	13	20
06/01/2025	13	3	5	12	10	20
06/01/2025	14	5	5	12	12	20
06/01/2025	15	4	3	10	11	15
06/01/2025	16	4	9	16	12	31
06/01/2025	17	7	8	24	18	36
06/01/2025	18	7	9	26	21	39
06/01/2025	19	6	9	20	18	35
06/01/2025	20	8	7	20	19	32
06/01/2025	21	7	4	22	17	28
06/01/2025	22	13	7	30	24	41
06/01/2025	23	8	6	21	20	31
07/01/2025	00	3	10	16	7	30
07/01/2025	01	2	9	19	6	33
07/01/2025	02	2	2	11	5	14
07/01/2025	03	2	3	8	4	11
07/01/2025	04	2	1	10	5	12
07/01/2025	05	2	3	13	5	18
07/01/2025	06	3	2	18	10	22
07/01/2025	07	5	6	35	17	44
07/01/2025	08	9	30	54	38	100
07/01/2025	09	8	16	39	32	63
07/01/2025	10	8	19	34	30	63
07/01/2025	11	7	12	21	29	39
07/01/2025	12	6	9	18	25	31
07/01/2025	13	6	9	15	24	29
07/01/2025	14	8	6	13	33	23
07/01/2025	15	7	3	12	30	17
07/01/2025	16	7	3	19	27	24
07/01/2025	17	8	7	30	32	41
07/01/2025	18	5	4	20	20	25
07/01/2025	19	7	6	30	22	39
07/01/2025	20	7	6	30	18	39
07/01/2025	21	6	4	23	13	29
07/01/2025	22	5	3	13	12	18
07/01/2025	23	4	3	8	8	14
08/01/2025	00	3	3	8	6	12
08/01/2025	01	3			5	
08/01/2025	02	3	3	8	6	13
08/01/2025	03	3	2	6	5	8
08/01/2025	04	3	1	5	6	7
08/01/2025	05	3	1	6	7	8
08/01/2025	06	3	4	25	8	32
08/01/2025	07	4	3	25	11	29
08/01/2025	08	6	13	42	25	61
08/01/2025	09	9	17	39	39	65
08/01/2025	10	9	17	33	34	60
08/01/2025	11	9	16	27	32	52
08/01/2025	12	9	11	22	43	39
08/01/2025	13	6	7	17	23	28
08/01/2025	14	8	6	19	35	29
08/01/2025	15	9	7	21	43	31
08/01/2025	16	6	5	20	29	28
08/01/2025	17	6	7	27	18	38
08/01/2025	18	6	6	25	17	34
08/01/2025	19	7	11	26	18	42
08/01/2025	20	8	6	28	21	36
08/01/2025	21	7	12	22	16	41
08/01/2025	22	7	5	15	19	24
08/01/2025	23	6	5	10	25	17
09/01/2025	00	5	2	8	13	10
09/01/2025	01	5	5	11	11	19
09/01/2025	02	4	5	10	9	17
09/01/2025	03	2	2	4	4	7
09/01/2025	04	2	1	5	3	7
09/01/2025	05	2	1	6	4	8
09/01/2025	06	3	2	10	6	13
09/01/2025	07	3	3	22	11	27
09/01/2025	08	4	10	32	14	47
09/01/2025	09	7	19	35	25	63
09/01/2025	10	9	11	25	33	41
09/01/2025	11	10	11	19	42	36
09/01/2025	12	9	7	14	42	25
09/01/2025	13	10	8	14	45	26
09/01/2025	14	9	5	11	36	19
09/01/2025	15	9	6	12	37	22
09/01/2025	16	9	11	19	44	35
09/01/2025	17	9	5	23	39	30
09/01/2025	18	10	4	28	36	34
09/01/2025	19	9	4	24	22	31
09/01/2025	20	13	6	34	28	43
09/01/2025	21	15	16	46	35	70
09/01/2025	22	12	16	33	26	57
09/01/2025	23	9	8	18	16	31
10/01/2025	00	7	2	13	15	17
10/01/2025	01	6	5	12	13	19
10/01/2025	02	5	2	9	8	13
10/01/2025	03	5	2	8	8	11
10/01/2025	04	5	1	8	8	9
10/01/2025	05	5	1	10	9	11
10/01/2025	06	5	1	12	12	14
10/01/2025	07	6	4	24	18	29
10/01/2025	08	6	10	25	21	40
10/01/2025	09	9	10	28	38	44
10/01/2025	10	10	13	26	39	45
10/01/2025	11	10	11	21	40	38
10/01/2025	12	9	10	20	39	34
10/01/2025	13	6	8	15	28	28
10/01/2025	14	7	6	14	29	23
10/01/2025	15	6	6	16	25	24
10/01/2025	16	7	7	19	31	30
10/01/2025	17	8	8	28	30	41
10/01/2025	18	10	11	31	36	47
10/01/2025	19	8	5	21	30	29
10/01/2025	20	9	7	24	27	35
10/01/2025	21	11	9	28	27	41
10/01/2025	22	11	5	28	24	36
10/01/2025	23	6	5	17	13	25
11/01/2025	00	6	4	12	16	18
11/01/2025	01	6	5	11	14	19
11/01/2025	02	6	2	8	12	10
11/01/2025	03	5	1	7	9	9
11/01/2025	04	4	1	6	10	8
11/01/2025	05	3	1	6	8	8
11/01/2025	06	3	1	8	7	9
11/01/2025	07	2	3	10	5	14
11/01/2025	08	2	3	11	9	15
11/01/2025	09	3	3	13	11	18
11/01/2025	10	3	5	12	14	19
11/01/2025	11	6	8	15	27	27
11/01/2025	12	4	7	12	20	23
11/01/2025	13	5	5	11	16	19
11/01/2025	14	11	3	10	30	14
11/01/2025	15	7	2	8	28	11
11/01/2025	16	8	2	8	41	12
11/01/2025	17	7	3	9	31	12
11/01/2025	18	5	3	9	15	14
11/01/2025	19	8	3	17	22	22
11/01/2025	20	12	4	22	31	28
11/01/2025	21	12	3	16	24	21
11/01/2025	22	9	3	16	19	21
11/01/2025	23	5	1	7	22	8
12/01/2025	00	3	1	5	11	6
12/01/2025	01	3	2	4	14	7
12/01/2025	02	4	1	3	22	5
12/01/2025	03	4	1	3	24	4
12/01/2025	04	3	1	4	10	5
12/01/2025	05	2	2	3	5	5
12/01/2025	06	2	1	3	5	5
12/01/2025	07	2	2	3	7	7
12/01/2025	08	2	1	5	12	7
12/01/2025	09	2	2	5	14	9
12/01/2025	10	2	1	6	14	7
12/01/2025	11	4	2	5	22	8
12/01/2025	12	4	2	7	18	10
12/01/2025	13	5	4	14	18	20
12/01/2025	14	6	4	9	17	15
12/01/2025	15	6	2	12	19	15
12/01/2025	16	6	3	14	18	18
12/01/2025	17	7	1	16	20	18
12/01/2025	18	9	1	20	27	21
12/01/2025	19	12	1	15	32	17
12/01/2025	20	19	1	21	43	23
12/01/2025	21	18	1	12	42	12
12/01/2025	22	17	1	11	42	13
12/01/2025	23	14	1	9	36	11
13/01/2025	00	12	2	7	32	10
13/01/2025	01	17	5	18	42	25
13/01/2025	02	19	3	15	39	20
13/01/2025	03	10	2	9	20	12
13/01/2025	04	7	2	6	16	9
13/01/2025	05	9	2	7	20	9
13/01/2025	06	8	2	13	19	17
13/01/2025	07	8	9	29	22	42
13/01/2025	08	9	11	37	30	53
13/01/2025	09	10	27	42	37	83
13/01/2025	10	10	17	31	32	57
13/01/2025	11	11	19	32	50	61
13/01/2025	12	16	17	32	73	59
13/01/2025	13	10	5	14	33	22
13/01/2025	14	9	3	11	27	16
13/01/2025	15	11	4	23	40	30
13/01/2025	16	10	3	13	35	19
13/01/2025	17	11	1	19	35	20
13/01/2025	18	13	2	27	34	29
13/01/2025	19	14	2	32	39	36
13/01/2025	20	18	3	46	45	51
13/01/2025	21	15	2	41	36	45
13/01/2025	22	14	2	31	27	35
13/01/2025	23	12	5	29	24	36
14/01/2025	00	16	7	30	31	41
14/01/2025	01	12	15	22	20	45
14/01/2025	02	9	4	13	16	19
14/01/2025	03	7	8	13	14	25
14/01/2025	04	7	2	8	14	11
14/01/2025	05	6	2	8	15	11
14/01/2025	06	6	2	13	15	16
14/01/2025	07	6	2	27	19	30
14/01/2025	08	9	10	42	32	57
14/01/2025	09	11	20	43	44	74
14/01/2025	10	12	30	40	41	86
14/01/2025	11	13	21	34	48	65
14/01/2025	12	10	14	30	37	51
14/01/2025	13	13	15	28	47	50
14/01/2025	14	11	15	26	41	48
14/01/2025	15	17	11	31	65	48
14/01/2025	16	15	5	29	55	36
14/01/2025	17	12	4	31	39	36
14/01/2025	18	12	2	35	36	38
14/01/2025	19	12	3	42	31	46
14/01/2025	20	21	28	65	58	107
14/01/2025	21	29	76	77	75	193
14/01/2025	22	31	35	69	58	122
14/01/2025	23	28	12	49	48	67
15/01/2025	00	19	7	28	36	39
15/01/2025	01	15	21	24	31	56
15/01/2025	02	12	3	18	26	23
15/01/2025	03	11	3	17	24	21
15/01/2025	04	13	3	21	28	26
15/01/2025	05	14	3	29	30	34
15/01/2025	06	15	4	38	36	44
15/01/2025	07	14	34	49	36	101
15/01/2025	08	17	106	61	53	224
15/01/2025	09	31	149	66	123	294
15/01/2025	10	33	97	57	110	206
15/01/2025	11	22	36	42	61	97
15/01/2025	12	17	15	27	50	50
15/01/2025	13	15	11	23	45	41
15/01/2025	14	15	8	22	44	35
15/01/2025	15	18	10	29	57	44
15/01/2025	16	24	6	30	76	39
15/01/2025	17	22	4	32	60	38
15/01/2025	18	26	10	59	74	74
15/01/2025	19	24	39	77	69	137
15/01/2025	20	24	29	69	58	114
15/01/2025	21	36	41	72	77	135
15/01/2025	22	39	44	75	74	142
15/01/2025	23	42	49	66	79	140
16/01/2025	00	34	20	52	65	83
16/01/2025	01	27	6	40	51	49
16/01/2025	02	21	12	27	41	46
16/01/2025	03	16	2	19	33	21
16/01/2025	04	13	1	15	24	17
16/01/2025	05	10	1	14	20	16
16/01/2025	06	10	2	24	22	26
16/01/2025	07	13	17	46	30	72
16/01/2025	08	14	61	53	50	147
16/01/2025	09	17	51	55	60	134
16/01/2025	10	18	56	54	63	140
16/01/2025	11	21	11	28	63	45
16/01/2025	12	18	6	13	56	22
16/01/2025	13	16	4	11	49	17
16/01/2025	14	15	3	11	46	14
16/01/2025	15	14	3	10	49	14
16/01/2025	16	12	3	14	37	18
16/01/2025	17	9	2	11	23	15
16/01/2025	18	5	2	15	8	17
16/01/2025	19	5	1	15	11	17
16/01/2025	20	4	3	14	5	19
16/01/2025	21	6	4	19	7	26
16/01/2025	22	8	3	20	11	25
16/01/2025	23	6	1	11	9	12
17/01/2025	00	5	1	11	9	12
17/01/2025	01	5	5	12	8	19
17/01/2025	02	3	1	6	5	7
17/01/2025	03	2	1	6	3	7
17/01/2025	04	2	1	6	3	7
17/01/2025	05	2	1	6	4	7
17/01/2025	06	2	1	8	4	8
17/01/2025	07	2	1	12	4	13
17/01/2025	08	4	2	14	9	17
17/01/2025	09	5	2	14	14	18
17/01/2025	10	7	3	16	13	21
17/01/2025	11	7	3	13	14	18
17/01/2025	12	6			16	
17/01/2025	13	10			25	
17/01/2025	14	10	2	16	17	19
17/01/2025	15	11	1	16	26	19
17/01/2025	16	11	2	14	30	17
17/01/2025	17	11	1	16	31	18
17/01/2025	18	11	2	20	21	22
17/01/2025	19	11	3	25	23	29
17/01/2025	20	15	3	30	30	34
17/01/2025	21	20	9	34	37	47
17/01/2025	22	25	11	52	45	68
17/01/2025	23	23	28	46	35	89
18/01/2025	00	19	7	30	31	41
18/01/2025	01	14	5	21	22	29
18/01/2025	02	11	17	22	18	49
18/01/2025	03	7	4	12	10	17
18/01/2025	04	5	2	9	8	13
18/01/2025	05	4	1	7	6	9
18/01/2025	06	5	1	9	11	11
18/01/2025	07	4	9	18	8	31
18/01/2025	08	7	8	19	21	31
18/01/2025	09	6	13	24	15	44
18/01/2025	10	8	12	22	17	40
18/01/2025	11	9	14	22	22	43
18/01/2025	12	8	8	18	22	30
18/01/2025	13	9	7	21	20	31
18/01/2025	14	9	2	14	18	17
18/01/2025	15	14	7	31	32	42
18/01/2025	16	13	7	30	29	40
18/01/2025	17	11	8	35	30	47
18/01/2025	18	12	2	35	29	37
18/01/2025	19	17	25	68	40	106
18/01/2025	20	27	43	70	63	135
18/01/2025	21	48	70	67	99	175
18/01/2025	22	53	59	61	82	152
18/01/2025	23	44	16	46	59	71
19/01/2025	00	25	4	30	36	36
19/01/2025	01	16	3	20	24	24
19/01/2025	02	15	6	19	20	27
19/01/2025	03	12	2	12	17	14
19/01/2025	04	8	1	9	12	11
19/01/2025	05	7	1	10	9	11
19/01/2025	06	8	1	13	13	15
19/01/2025	07	8	2	16	15	19
19/01/2025	08	8	3	27	17	32
19/01/2025	09	9	11	33	19	50
19/01/2025	10	11	14	28	22	50
19/01/2025	11	11	7	20	23	31
19/01/2025	12	11	7	18	24	28
19/01/2025	13	9	5	14	20	22
19/01/2025	14	10	4	16	24	22
19/01/2025	15	12	4	21	28	26
19/01/2025	16	12	6	33	26	41
19/01/2025	17	11	5	35	24	42
19/01/2025	18	15	3	23	35	28
19/01/2025	19	19	5	37	51	44
19/01/2025	20	23	4	45	52	50
19/01/2025	21	27	9	61	53	74
19/01/2025	22	29	33	60	53	111
19/01/2025	23	30	5	37	42	44
20/01/2025	00	19	4	23	27	28
20/01/2025	01	16	17	28	26	53
20/01/2025	02	14	8	25	21	37
20/01/2025	03	13	2	17	19	19
20/01/2025	04	12	2	17	18	20
20/01/2025	05	12	4	24	18	30
20/01/2025	06	13	17	38	26	64
20/01/2025	07	10	8	34	23	46
20/01/2025	08	16	72	62	52	173
20/01/2025	09	16	35	50	58	104
20/01/2025	10	14	15	29	36	51
20/01/2025	11	12	10	26	31	42
20/01/2025	12	12	8	25	37	37
20/01/2025	13	11	9	23	30	36
20/01/2025	14	12	11	25	31	42
20/01/2025	15	15	5	27	41	34
20/01/2025	16	17	3	33	55	38
20/01/2025	17	21	10	54	59	70
20/01/2025	18	20	42	81	47	145
20/01/2025	19	21	43	82	45	148
20/01/2025	20	28	42	68	66	133
20/01/2025	21	37	68	73	86	177
20/01/2025	22	35	41	64	70	127
20/01/2025	23	35	30	57	57	103
21/01/2025	00	31	33	48	55	100
21/01/2025	01	25	5	34	39	41
21/01/2025	02	16	30	28	22	75
21/01/2025	03	15	4	24	19	30
21/01/2025	04	16	2	21	20	24
21/01/2025	05	12	2	17	14	19
21/01/2025	06	11	24	47	14	84
21/01/2025	07	9	28	43	12	86
21/01/2025	08	14	71	44	26	152
21/01/2025	09	23	89	47	62	183
21/01/2025	10	22	113	50	44	223
21/01/2025	11	31	107	51	72	216
21/01/2025	12	25	32	40	62	89
21/01/2025	13	32	46	56	83	126
21/01/2025	14	41	76	60	110	177
21/01/2025	15	34	32	51	94	100
21/01/2025	16	25	24	50	61	87
21/01/2025	17	26	11	47	52	64
21/01/2025	18	22	4	44	41	49
21/01/2025	19	26	9	60	51	74
21/01/2025	20	33	56	62	65	148
21/01/2025	21	41	84	61	80	190
21/01/2025	22	43	101	59	81	214
21/01/2025	23	42	96	54	76	201
22/01/2025	00	38	61	44	66	137
22/01/2025	01	34	43	40	58	105
22/01/2025	02	31	31	37	52	84
22/01/2025	03	31	38	34	51	92
22/01/2025	04	24	19	28	36	58
22/01/2025	05	13	1	23	22	25
22/01/2025	06	15	49	41	32	116
22/01/2025	07	18	39	41	40	101
22/01/2025	08	22	90	43	57	181
22/01/2025	09	27	87	45	69	179
22/01/2025	10	28	88	56	79	191
22/01/2025	11	33	61	59	97	153
22/01/2025	12	37	61	57	116	150
22/01/2025	13	33	23	45	95	80
22/01/2025	14	26	10	30	74	45
22/01/2025	15	31	15	37	92	59
22/01/2025	16	42	30	52	146	98
22/01/2025	17	40	8	28	133	40
22/01/2025	18	37	6	39	115	48
22/01/2025	19	25	14	36	80	58
22/01/2025	20	21	9	34	63	48
22/01/2025	21	20	5	37	54	45
22/01/2025	22	17	7	33	48	44
22/01/2025	23	14	2	29	36	31
23/01/2025	00	12	3	19	30	24
23/01/2025	01	7	1	9	17	11
23/01/2025	02	7	1	8	15	10
23/01/2025	03	7	1	9	17	11
23/01/2025	04	7	1	10	17	11
23/01/2025	05	8	1	11	21	13
23/01/2025	06	9	20	29	25	59
23/01/2025	07	10	11	34	33	51
23/01/2025	08	12	11	39	39	56
23/01/2025	09	15	12	41	55	60
23/01/2025	10	11	6	26	35	35
23/01/2025	11	10	10	22	40	38
23/01/2025	12	9	9	20	36	33
23/01/2025	13	8	6	15	28	25
23/01/2025	14	6	7	14	23	25
23/01/2025	15	8	5	17	25	25
23/01/2025	16	11	2	18	42	22
23/01/2025	17	10	5	26	36	33
23/01/2025	18	12	7	53	46	64
23/01/2025	19	11	12	49	39	68
23/01/2025	20	13	4	46	44	53
23/01/2025	21	15	6	43	45	52
23/01/2025	22	17	21	56	45	88
23/01/2025	23	13	8	45	36	57
24/01/2025	00	8	13	24	18	43
24/01/2025	01	6	5	16	12	23
24/01/2025	02	7	13	21	16	40
24/01/2025	03	6	2	12	12	14
24/01/2025	04	5	1	10	10	12
24/01/2025	05	5	5	19	10	27
24/01/2025	06	8	7	25	17	35
24/01/2025	07	12	11	49	33	66
24/01/2025	08	17	51	57	54	134
24/01/2025	09	23	71	61	74	169
24/01/2025	10	23	29	39	55	82
24/01/2025	11	12	9	21	28	34
24/01/2025	12	9	7	17	27	27
24/01/2025	13	9	7	15	29	27
24/01/2025	14	7	3	12	21	16
24/01/2025	15	8	3	15	27	20
24/01/2025	16	9	3	17	30	22
24/01/2025	17	9	5	25	31	33
24/01/2025	18	11	3	35	40	40
24/01/2025	19	13	5	41	39	48
24/01/2025	20	17	9	48	42	61
24/01/2025	21	16	11	49	38	66
24/01/2025	22	12	4	33	24	39
24/01/2025	23	10	13	42	20	62
25/01/2025	00	11	9	28	24	42
25/01/2025	01	8	3	19	16	24
25/01/2025	02	6	3	11	9	15
25/01/2025	03	5	2	7	7	10
25/01/2025	04	6	2	10	8	12
25/01/2025	05	6	1	8	10	10
25/01/2025	06	7	3	24	11	29
25/01/2025	07	7	3	13	14	18
25/01/2025	08	8	3	12	15	17
25/01/2025	09	9	3	16	21	20
25/01/2025	10	10	5	14	22	22
25/01/2025	11	11	5	15	27	22
25/01/2025	12	9	5	14	21	22
25/01/2025	13	8	8	13	23	25
25/01/2025	14	6	3	11	22	16
25/01/2025	15	7	5	10	22	17
25/01/2025	16	6	2	10	19	12
25/01/2025	17	8	2	13	20	16
25/01/2025	18	8	1	16	29	17
25/01/2025	19	27	2	19	54	21
25/01/2025	20	7	7	20	16	30
25/01/2025	21	21	8	28	40	39
25/01/2025	22	12	3	18	21	22
25/01/2025	23	7	2	13	15	16
26/01/2025	00	6	1	21	15	22
26/01/2025	01	4			12	
26/01/2025	02	3	1	7	8	10
26/01/2025	03	3	1	6	5	7
26/01/2025	04	3	1	6	6	7
26/01/2025	05	3			6	
26/01/2025	06	3	2	10	5	13
26/01/2025	07	3	2	20	6	23
26/01/2025	08	4	1	10	9	12
26/01/2025	09	5	2	10	9	13
26/01/2025	10	4	2	9	9	13
26/01/2025	11	4	2	8	9	10
26/01/2025	12	3	2	8	8	11
26/01/2025	13	5	4	8	15	13
26/01/2025	14	4	4	9	13	14
26/01/2025	15	6	4	13	16	19
26/01/2025	16	4	4	12	10	18
26/01/2025	17	6	5	14	15	22
26/01/2025	18	9	3	22	21	26
26/01/2025	19	9	5	32	25	41
26/01/2025	20	12	7	41	27	52
26/01/2025	21	16	7	37	35	48
26/01/2025	22	14	3	31	31	36
26/01/2025	23	7	4	17	15	23
27/01/2025	00	8	8	21	16	33
27/01/2025	01	4	13	14	9	35
27/01/2025	02	5	2	10	11	12
27/01/2025	03	4	1	7	8	9
27/01/2025	04	2	1	6	5	8
27/01/2025	05	2	1	4	4	6
27/01/2025	06	1	2	7	9	10
27/01/2025	07	2	3	17	9	21
27/01/2025	08	3	8	29	16	41
27/01/2025	09	6	12	28	30	47
27/01/2025	10	3	7	15	16	26
27/01/2025	11	4	6	10	25	19
27/01/2025	12	5	6	13	30	22
27/01/2025	13	9	6	10	63	20
27/01/2025	14	13	4	11	85	17
27/01/2025	15	15	4	9	96	16
27/01/2025	16	6	3	11	31	16
27/01/2025	17	7	6	18	34	27
27/01/2025	18	6	6	21	28	29
27/01/2025	19	5	8	26	20	39
27/01/2025	20	5	5	12	26	19
27/01/2025	21	5	4	10	30	16
27/01/2025	22	4	3	7	23	11
27/01/2025	23	7	2	4	47	7
28/01/2025	00	4	2	3	28	5
28/01/2025	01	4	4	5	24	11
28/01/2025	02	4	1	2	21	4
28/01/2025	03	4	1	3	14	5
28/01/2025	04	5	1	3	18	3
28/01/2025	05	5	1	3	18	4
28/01/2025	06	6			16	
28/01/2025	07	7	4	13	19	19
28/01/2025	08	7	3	16	26	22
28/01/2025	09	5	5	13	24	20
28/01/2025	10	4	6	13	19	22
28/01/2025	11	3	10	14	15	29
28/01/2025	12	4	5	12	19	20
28/01/2025	13	4	4	9	18	15
28/01/2025	14	4	3	7	20	12
28/01/2025	15	5	3	11	20	16
28/01/2025	16	4	3	11	18	15
28/01/2025	17	3	5	15	12	23
28/01/2025	18	3	8	22	12	34
28/01/2025	19	4	9	24	13	37
28/01/2025	20	4	5	18	11	25
28/01/2025	21	4	2	14	10	17
28/01/2025	22	3	1	10	8	11
28/01/2025	23	4	2	8	10	11
29/01/2025	00	3	5	6	8	12
29/01/2025	01	4	2	5	7	8
29/01/2025	02	4	2	4	8	8
29/01/2025	03	4	5	3	8	10
29/01/2025	04	4	2	5	8	7
29/01/2025	05	5	1	6	8	8
29/01/2025	06	6	2	17	12	19
29/01/2025	07	7	3	21	14	26
29/01/2025	08	9	8	25	25	37
29/01/2025	09	10	4	20	25	26
29/01/2025	10	9	5	16	22	23
29/01/2025	11	9	4	14	21	21
29/01/2025	12	11	5	19	33	27
29/01/2025	13	10	5	18	35	26
29/01/2025	14	9	7	20	26	31
29/01/2025	15	10	8	21	26	33
29/01/2025	16	9	7	20	33	31
29/01/2025	17	14	11	45	53	61
29/01/2025	18	12	7	36	43	47
29/01/2025	19	9	8	36	26	48
29/01/2025	20	12	8	33	27	45
29/01/2025	21	13	10	41	30	55
29/01/2025	22	9	12	27	22	45
29/01/2025	23	8	10	27	21	42
30/01/2025	00	6	2	16	13	19
30/01/2025	01	3	1	7	5	8
30/01/2025	02	2	1	4	6	6
30/01/2025	03	4	2	4	8	7
30/01/2025	04	5	1	5	9	6
30/01/2025	05	5	1	6	10	9
30/01/2025	06	6	1	10	13	12
30/01/2025	07	7	2	28	19	32
30/01/2025	08	11	20	56	36	87
30/01/2025	09	12	23	41	41	76
30/01/2025	10	10	20	35	38	65
30/01/2025	11	8	13	21	28	40
30/01/2025	12	6	5	11	26	19
30/01/2025	13	6	4	11	24	18
30/01/2025	14	6	12	11	17	29
30/01/2025	15	9	2	12	41	16
30/01/2025	16	17	2	25	80	29
30/01/2025	17	12	5	41	53	48
30/01/2025	18	9	4	39	31	45
30/01/2025	19	5	2	10	29	13
30/01/2025	20	3	3	10	16	14
30/01/2025	21	5	2	11	10	14
30/01/2025	22	4	3	12	7	17
30/01/2025	23	2	2	7	5	10
31/01/2025	00	1	5	10	3	17
31/01/2025	01	1	2	5	2	8
31/01/2025	02	1	2	5	2	7
31/01/2025	03	1	1	5	2	6
31/01/2025	04	1			2	
31/01/2025	05	1	1	4	2	5
31/01/2025	06	2	1	8	5	10
31/01/2025	07	2	3	21	10	26
31/01/2025	08	5	12	46	18	65
31/01/2025	09	8	15	40	37	62
31/01/2025	10	6	10	23	23	38
31/01/2025	11	7	9	20	24	34
31/01/2025	12	8	7	15	33	25
31/01/2025	13	6	6	14	20	24
31/01/2025	14	5	5	12	15	20
31/01/2025	15	7	4	13	23	20
31/01/2025	16	11	4	17	40	23
31/01/2025	17	12	4	17	36	24
31/01/2025	18	11	4	27	28	33
31/01/2025	19	10	3	35	25	40
31/01/2025	20	13	3	28	31	32
31/01/2025	21	13	2	25	26	29
31/01/2025	22	14	3	26	27	31
31/01/2025	23	17	9	37	30	50
01/02/2025	00	16	6	43	27	52
01/02/2025	01	15	6	26	24	34
01/02/2025	02	15	3	19	22	24
01/02/2025	03	12	1	11	17	12
01/02/2025	04	6	1	10	10	11
01/02/2025	05	6	2	13	13	15
01/02/2025	06	4	1	13	9	15
01/02/2025	07	8	3	20	22	24
01/02/2025	08	12	3	24	22	29
01/02/2025	09	12	8	21	28	32
01/02/2025	10	12	12	30	31	48
01/02/2025	11	12	10	23	29	37
01/02/2025	12	7	6	12	18	20
01/02/2025	13	4	3	10	12	14
01/02/2025	14	9	4	16	21	22
01/02/2025	15	10	4	17	25	24
01/02/2025	16	8	2	12	22	15
01/02/2025	17	6	1	10	16	13
01/02/2025	18	7	5	21	13	28
01/02/2025	19	8			14	
01/02/2025	20	16	4	26	20	31
01/02/2025	21	20	5	36	26	43
01/02/2025	22	23	3	30	30	35
01/02/2025	23	22	4	28	31	33
02/02/2025	00	17	2	24	23	27
02/02/2025	01	15	2	18	22	22
02/02/2025	02	10	2	14	17	16
02/02/2025	03	6	2	11	8	13
02/02/2025	04	6	1	8	7	11
02/02/2025	05	5	2	7	7	10
02/02/2025	06	4			6	
02/02/2025	07	3			8	
02/02/2025	08	4	6	15	11	24
02/02/2025	09	5	2	10	10	13
02/02/2025	10	5	9	15	13	28
02/02/2025	11	7	11	17	16	33
02/02/2025	12	5	4	10	14	16
02/02/2025	13	5	3	9	13	14
02/02/2025	14	6	2	8	16	11
02/02/2025	15	8	2	9	19	12
02/02/2025	16	7	3	7	17	12
02/02/2025	17	6	2	11	15	15
02/02/2025	18	8	2	16	18	19
02/02/2025	19	10	2	28	23	31
02/02/2025	20	14	3	38	28	43
02/02/2025	21	21	26	59	37	98
02/02/2025	22	21	23	59	33	94
02/02/2025	23	22	5	45	31	53
03/02/2025	00	16	7	27	23	38
03/02/2025	01	10	5	15	15	21
03/02/2025	02	8	1	13	11	15
03/02/2025	03	7	1	10	10	12
03/02/2025	04	5	1	8	8	10
03/02/2025	05	4	1	9	7	10
03/02/2025	06	4	9	15	8	29
03/02/2025	07	5	10	31	14	46
03/02/2025	08	8	31	48	25	96
03/02/2025	09	10	42	43	32	108
03/02/2025	10	11	33	39	30	89
03/02/2025	11	11	16	29	33	53
03/02/2025	12	7	7	18	27	28
03/02/2025	13	6	5	15	19	22
03/02/2025	14	5	4	15	15	22
03/02/2025	15	6	6	27	18	37
03/02/2025	16	6	7	29	21	40
03/02/2025	17	7	7	42	25	53
03/02/2025	18	11	11	64	35	80
03/02/2025	19	12	11	69	30	86
03/02/2025	20	12	22	67	32	100
03/02/2025	21	28	51	73	67	151
03/02/2025	22	28	83	73	68	201
03/02/2025	23	29	72	63	60	173
04/02/2025	00	21	26	37	37	77
04/02/2025	01	15	23	25	27	60
04/02/2025	02	12	13	19	20	40
04/02/2025	03	7	1	12	14	15
04/02/2025	04	6	1	11	12	13
04/02/2025	05	6	2	14	12	17
04/02/2025	06	5	2	16	13	19
04/02/2025	07	7	20	35	22	66
04/02/2025	08	13	56	52	43	138
04/02/2025	09	22	95	58	73	204
04/02/2025	10	20	42	47	66	111
04/02/2025	11	16	43	43	61	108
04/02/2025	12	27	22	41	70	75
04/02/2025	13	24	22	40	69	74
04/02/2025	14	14	7	25	40	36
04/02/2025	15	9	4	17	29	24
04/02/2025	16	12	5	25	50	33
04/02/2025	17	11	7	34	47	44
04/02/2025	18	13	6	44	61	53
04/02/2025	19	14	8	61	42	74
04/02/2025	20	17	6	59	38	67
04/02/2025	21	24	2	47	46	50
04/02/2025	22	26	2	41	45	44
04/02/2025	23	21	1	33	35	35
05/02/2025	00	19	3	35	30	40
05/02/2025	01	19	2	26	31	29
05/02/2025	02	20	3	19	35	24
05/02/2025	03	10	1	12	17	15
05/02/2025	04	5	1	9	11	10
05/02/2025	05	6	1	14	12	16
05/02/2025	06	10	6	33	22	43
05/02/2025	07	11	30	46	30	93
05/02/2025	08	12	50	52	44	129
05/02/2025	09	19	72	54	86	165
05/02/2025	10	12	28	37	44	80
05/02/2025	11	12	25	34	40	72
05/02/2025	12	14	13	29	47	48
05/02/2025	13	18	16	38	60	62
05/02/2025	14	10	5	19	26	26
05/02/2025	15	17	6	29	36	38
05/02/2025	16	19	13	46	41	65
05/02/2025	17	17	14	54	38	76
05/02/2025	18	17	7	46	35	57
05/02/2025	19	18	5	60	36	68
05/02/2025	20	21	14	70	38	92
05/02/2025	21	31	25	68	55	106
05/02/2025	22	31	9	57	46	70
05/02/2025	23	31	24	54	46	90
06/02/2025	00	40	22	50	55	84
06/02/2025	01	48	15	30	70	54
06/02/2025	02	26	2	21	36	25
06/02/2025	03	21	1	17	29	19
06/02/2025	04	18	1	15	25	17
06/02/2025	05	18	3	14	25	18
06/02/2025	06	18	3	19	29	24
06/02/2025	07	12	8	33	27	45
06/02/2025	08	13	34	47	35	100
06/02/2025	09	17	43	44	53	110
06/02/2025	10	17	35	42	50	96
06/02/2025	11	18	13	29	56	49
06/02/2025	12	16	7	22	39	32
06/02/2025	13	23	12	34	58	51
06/02/2025	14	26	11	31	57	49
06/02/2025	15	17	7	25	33	35
06/02/2025	16	14	7	37	33	48
06/02/2025	17	17	6	42	33	52
06/02/2025	18	19	4	42	36	47
06/02/2025	19	22	2	46	38	50
06/02/2025	20	23	7	68	40	79
06/02/2025	21	28	21	70	50	102
06/02/2025	22	35	48	78	63	151
06/02/2025	23	38	19	67	59	95
07/02/2025	00	36	5	48	51	56
07/02/2025	01	26	6	28	36	37
07/02/2025	02	24	3	19	33	23
07/02/2025	03	24	1	17	35	18
07/02/2025	04	26	1	20	44	21
07/02/2025	05	22	2	19	36	21
07/02/2025	06	21	2	24	34	27
07/02/2025	07	20	22	40	37	74
07/02/2025	08	28	77	50	61	168
07/02/2025	09	30	61	49	73	143
07/02/2025	10	28	41	46	62	109
07/02/2025	11	34	40	49	82	111
07/02/2025	12	39	34	48	100	99
07/02/2025	13	16	9	24	46	38
07/02/2025	14	18	6	25	39	35
07/02/2025	15	23	3	19	47	23
07/02/2025	16	21	3	19	42	24
07/02/2025	17	18	3	26	39	31
07/02/2025	18	19	4	61	41	67
07/02/2025	19	23	4	61	49	66
07/02/2025	20	24	4	39	44	45
07/02/2025	21	18	2	21	32	25
07/02/2025	22	17	7	23	30	34
07/02/2025	23	13	2	28	25	31
08/02/2025	00	12	2	26	23	30
08/02/2025	01	12	2	10	19	14
08/02/2025	02	25	2	9	29	11
08/02/2025	03	33	2	11	37	14
08/02/2025	04	48	1	10	53	12
08/02/2025	05	19	1	9	21	10
08/02/2025	06	13	2	8	17	11
08/02/2025	07	11	2	17	16	20
08/02/2025	08	13	6	31	26	39
08/02/2025	09	14	11	25	27	41
08/02/2025	10	15	10	24	32	40
08/02/2025	11	8	8	14	25	27
08/02/2025	12	5	6	9	19	18
08/02/2025	13	6	4	8	19	14
08/02/2025	14	10	3	7	17	11
08/02/2025	15	7	3	15	18	20
08/02/2025	16	9	6	30	25	39
08/02/2025	17	9	4	31	22	38
08/02/2025	18	8	4	35	22	42
08/02/2025	19	10	2	30	24	34
08/02/2025	20	10	3	38	23	42
08/02/2025	21	14	3	40	26	44
08/02/2025	22	13	1	29	25	32
08/02/2025	23	26	8	61	42	73
09/02/2025	00	20	7	43	32	53
09/02/2025	01	15	1	30	24	32
09/02/2025	02	16	2	22	22	26
09/02/2025	03	11	2	15	15	17
09/02/2025	04	7	2	10	10	13
09/02/2025	05	5	2	9	8	12
09/02/2025	06	5	1	11	9	13
09/02/2025	07	6	1	15	10	17
09/02/2025	08	11	4	24	36	30
09/02/2025	09	7	6	20	14	29
09/02/2025	10	7	6	18	17	27
09/02/2025	11	8	5	14	19	22
09/02/2025	12	8	4	15	17	21
09/02/2025	13	15	17	31	34	58
09/02/2025	14	16	15	27	32	50
09/02/2025	15	14	6	17	28	26
09/02/2025	16	12	6	21	24	30
09/02/2025	17	10	4	20	19	25
09/02/2025	18	11	2	21	23	25
09/02/2025	19	13	2	19	29	21
09/02/2025	20	15	1	21	25	22
09/02/2025	21	18	2	30	30	34
09/02/2025	22	21	2	26	31	29
09/02/2025	23	19	2	26	29	29
10/02/2025	00	20	8	26	29	39
10/02/2025	01	16	18	20	24	47
10/02/2025	02	12	1	11	17	11
10/02/2025	03	11	9	14	17	28
10/02/2025	04	12	1	13	17	14
10/02/2025	05	12	1	14	15	16
10/02/2025	06	11	2	19	16	23
10/02/2025	07	12	23	34	26	69
10/02/2025	08	21	79	49	60	170
10/02/2025	09	21	60	49	68	142
10/02/2025	10	17	36	45	47	101
10/02/2025	11	20	35	48	64	101
10/02/2025	12	22	25	48	58	86
10/02/2025	13	22	14	32	49	53
10/02/2025	14	19	9	20	39	33
10/02/2025	15	17	5	20	31	28
10/02/2025	16	17	5	21	31	28
10/02/2025	17	16	3	20	29	25
10/02/2025	18	12	3	21	23	26
10/02/2025	19	8	2	21	17	25
10/02/2025	20	9	1	22	17	24
10/02/2025	21	9	2	29	19	32
10/02/2025	22	8	2	30	17	33
10/02/2025	23	7	2	23	13	25
11/02/2025	00	5	2	26	10	28
11/02/2025	01	4	1	26	8	27
11/02/2025	02	5	1	26	10	28
11/02/2025	03	9	2	19	20	23
11/02/2025	04	8	1	16	14	18
11/02/2025	05	9	1	19	14	21
11/02/2025	06	10	3	24	19	27
11/02/2025	07	15	30	44	28	89
11/02/2025	08	19	62	46	41	140
11/02/2025	09	22	82	49	56	174
11/02/2025	10	19	40	46	45	108
11/02/2025	11	8	8	23	18	34
11/02/2025	12	10	9	22	26	36
11/02/2025	13	16	12	29	44	47
11/02/2025	14	18	6	20	43	29
11/02/2025	15	16	7	29	37	39
11/02/2025	16	14	8	33	31	45
11/02/2025	17	13	5	26	31	33
11/02/2025	18	11	2	20	24	24
11/02/2025	19	11	2	29	23	32
11/02/2025	20	12	1	33	23	35
11/02/2025	21	19	2	38	33	41
11/02/2025	22	19	2	29	30	31
11/02/2025	23	16	1	20	24	21
12/02/2025	00	15	2	14	21	17
12/02/2025	01	17			22	
12/02/2025	02	17	1	10	23	12
12/02/2025	03	19	2	12	26	15
12/02/2025	04	22	2	12	30	14
12/02/2025	05	22	2	12	29	15
12/02/2025	06	24	6	25	32	34
12/02/2025	07	27			37	
12/02/2025	08	33			52	
12/02/2025	09	37	71	56	83	165
12/02/2025	10	33	35	50	74	103
12/02/2025	11	29	17	37	59	63
12/02/2025	12	26	12	37	55	54
12/02/2025	13	24	17	32	61	57
12/02/2025	14	16	7	22	38	33
12/02/2025	15	13	5	22	39	29
12/02/2025	16	9	4	24	29	30
12/02/2025	17	22	3	20	37	26
12/02/2025	18	24	3	21	34	25
12/02/2025	19	26	2	22	37	25
12/02/2025	20	30	2	24	44	27
12/02/2025	21	33	3	34	51	39
12/02/2025	22	15	3	23	35	28
12/02/2025	23	7	3	18	18	23
13/02/2025	00	4	11	15	10	31
13/02/2025	01	4	4	9	9	15
13/02/2025	02	4	3	11	9	15
13/02/2025	03	2	1	7	4	8
13/02/2025	04	3	1	8	6	8
13/02/2025	05	5	1	15	13	17
13/02/2025	06	6	2	26	17	30
13/02/2025	07	10	26	45	35	85
13/02/2025	08	12	35	46	51	100
13/02/2025	09	16	62	47	65	143
13/02/2025	10	12	29	33	43	77
13/02/2025	11	13	16	26	39	50
13/02/2025	12	10	11	19	33	35
13/02/2025	13	11	8	18	38	30
13/02/2025	14	11	5	16	32	23
13/02/2025	15	11	8	29	30	40
13/02/2025	16	13	28	50	48	92
13/02/2025	17	11	24	44	31	81
13/02/2025	18	9	9	23	27	36
13/02/2025	19	11	3	25	29	30
13/02/2025	20	12	3	24	29	28
13/02/2025	21	15	3	43	35	49
13/02/2025	22	19	8	43	36	55
13/02/2025	23	15			27	
14/02/2025	00	16	8	34	29	46
14/02/2025	01	14	10	32	26	47
14/02/2025	02	14	4	28	28	34
14/02/2025	03	13	3	24	24	29
14/02/2025	04	16	2	26	29	30
14/02/2025	05	12	2	21	22	24
14/02/2025	06	9	3	26	17	30
14/02/2025	07	10	15	41	24	64
14/02/2025	08	14	66	47	44	149
14/02/2025	09	19	71	51	65	160
14/02/2025	10	18	41	44	66	107
14/02/2025	11	13	17	30	49	55
14/02/2025	12	12	12	24	45	42
14/02/2025	13	12	10	20	41	35
14/02/2025	14	17	6	22	50	31
14/02/2025	15	13	5	18	34	26
14/02/2025	16	12	3	17	32	22
14/02/2025	17	11	3	21	29	25
14/02/2025	18	12	2	27	33	30
14/02/2025	19	16	2	38	37	41
14/02/2025	20	17	1	34	32	36
14/02/2025	21	25	2	40	45	43
14/02/2025	22	24	4	50	44	55
14/02/2025	23	31	65	74	59	173
15/02/2025	00	30	54	64	60	146
15/02/2025	01	25	36	57	53	112
15/02/2025	02	26	19	43	50	71
15/02/2025	03	30	3	36	49	41
15/02/2025	04	19	2	26	28	30
15/02/2025	05	26	1	19	34	21
15/02/2025	06	29	2	12	35	14
15/02/2025	07	29	1	11	36	13
15/02/2025	08	25	2	19	34	22
15/02/2025	09	27	7	22	40	32
15/02/2025	10	25	7	23	36	34
15/02/2025	11	25	7	23	39	33
15/02/2025	12	22	3	17	36	22
15/02/2025	13	16	3	12	30	16
15/02/2025	14	17	3	11	32	15
15/02/2025	15	15	3	8	29	14
15/02/2025	16	16	2	9	28	12
15/02/2025	17	13	1	8	24	10
15/02/2025	18	12	1	9	24	11
15/02/2025	19	14	2	9	25	12
15/02/2025	20	19	2	14	34	16
15/02/2025	21	25	2	13	37	15
15/02/2025	22	44	3	28	56	33
15/02/2025	23	26	2	28	38	31
16/02/2025	00	21	2	27	32	31
16/02/2025	01	21	6	36	32	45
16/02/2025	02	32	9	40	47	53
16/02/2025	03	32	3	22	48	26
16/02/2025	04	26	2	17	34	20
16/02/2025	05	27	1	20	35	22
16/02/2025	06	22	2	19	28	23
16/02/2025	07	20	1	20	25	22
16/02/2025	08	20	5	17	33	24
16/02/2025	09	20	9	21	29	34
16/02/2025	10	27	13	27	40	47
16/02/2025	11	22	7	21	33	31
16/02/2025	12	22	6	17	39	26
16/02/2025	13	20	5	12	36	20
16/02/2025	14	19	4	11	35	17
16/02/2025	15	18	3	10	31	14
16/02/2025	16	16	4	18	25	24
16/02/2025	17	19	2	14	28	17
16/02/2025	18	19	2	11	28	15
16/02/2025	19	19			29	
16/02/2025	20	23			30	
16/02/2025	21	25	2	12	35	15
16/02/2025	22	28	5	21	34	28
16/02/2025	23	30	2	16	39	19
17/02/2025	00	34	2	16	42	19
17/02/2025	01	37	4	15	50	22
17/02/2025	02	43	6	12	49	20
17/02/2025	03	42	4	12	52	18
17/02/2025	04	29	2	11	36	13
17/02/2025	05	27	1	12	34	14
17/02/2025	06	25	10	20	32	35
17/02/2025	07	28	49	44	49	119
17/02/2025	08	32	62	41	68	136
17/02/2025	09	32	38	38	64	96
17/02/2025	10	38	24	32	62	68
17/02/2025	11	53	16	28	80	53
17/02/2025	12	41	12	26	67	44
17/02/2025	13	34	10	22	58	37
17/02/2025	14	31	7	18	51	28
17/02/2025	15	24	2	13	35	16
17/02/2025	16	22	2	10	35	13
17/02/2025	17	23	2	11	40	15
17/02/2025	18	28	1	11	39	12
17/02/2025	19	31	1	17	42	18
17/02/2025	20	31	1	19	41	21
17/02/2025	21	30	1	16	39	18
17/02/2025	22	32	1	16	41	18
17/02/2025	23	30	1	16	41	17
18/02/2025	00	29	1	14	39	15
18/02/2025	01	27	1	12	35	14
18/02/2025	02	25	1	11	34	12
18/02/2025	03	28	2	12	36	15
18/02/2025	04	38	1	12	47	14
18/02/2025	05	35	1	11	43	13
18/02/2025	06	36	1	16	45	18
18/02/2025	07	37	10	35	59	50
18/02/2025	08	41	28	46	94	88
18/02/2025	09	34	41	48	74	110
18/02/2025	10	33	30	43	72	90
18/02/2025	11	26	6	24	48	34
18/02/2025	12	22	4	18	47	24
18/02/2025	13	19	45	37	41	106
18/02/2025	14	19	4	14	38	21
18/02/2025	15	21	2	13	39	16
18/02/2025	16	19	2	12	36	15
18/02/2025	17	20	2	15	37	18
18/02/2025	18	22	2	18	39	21
18/02/2025	19	25	1	22	42	25
18/02/2025	20	24	2	17	39	21
18/02/2025	21	22	2	17	35	20
18/02/2025	22	16	1	11	29	13
18/02/2025	23	14	2	8	22	10
19/02/2025	00	13	1	7	21	8
19/02/2025	01	15	1	6	24	6
19/02/2025	02	20	1	9	28	10
19/02/2025	03	27	1	11	37	13
19/02/2025	04	28	1	12	37	13
19/02/2025	05	26	1	11	36	12
19/02/2025	06	29	5	32	44	40
19/02/2025	07	35	9	40	54	55
19/02/2025	08	40	69	49	79	155
19/02/2025	09	43	61	47	85	141
19/02/2025	10	46	42	42	74	105
19/02/2025	11	46	36	40	76	95
19/02/2025	12	39	16	28	66	52
19/02/2025	13	35	12	23	58	42
19/02/2025	14	28	12	22	47	40
19/02/2025	15	23	23	27	40	62
19/02/2025	16	17	19	25	32	54
19/02/2025	17	16	6	16	31	25
19/02/2025	18	20	1	14	35	16
19/02/2025	19	23	1	15	39	18
19/02/2025	20	20	1	16	35	17
19/02/2025	21	24	2	24	40	27
19/02/2025	22	33	3	36	51	41
19/02/2025	23	46	3	31	65	35
20/02/2025	00	35	2	24	49	28
20/02/2025	01	33	9	27	48	41
20/02/2025	02	36	2	21	56	24
20/02/2025	03	37	4	21	54	27
20/02/2025	04	30	2	13	40	15
20/02/2025	05	27	1	11	36	13
20/02/2025	06	28	2	16	40	19
20/02/2025	07	27	4	26	41	32
20/02/2025	08	27	20	48	55	78
20/02/2025	09	29	40	42	63	103
20/02/2025	10	30	18	34	60	61
20/02/2025	11	29	18	32	58	59
20/02/2025	12	28	11	25	57	41
20/02/2025	13	29	10	21	57	36
20/02/2025	14	26	7	15	46	25
20/02/2025	15	23	6	15	37	23
20/02/2025	16	24	9	21	41	34
20/02/2025	17	25	14	32	41	55
20/02/2025	18	22	1	16	37	18
20/02/2025	19	18	1	14	31	16
20/02/2025	20	17	1	12	28	14
20/02/2025	21	19	1	11	28	13
20/02/2025	22	19	1	30	30	32
20/02/2025	23	17	2	37	26	41
21/02/2025	00	15	2	10	24	13
21/02/2025	01	14	3	7	22	10
21/02/2025	02	15	1	5	23	8
21/02/2025	03	15	2	9	24	13
21/02/2025	04	16	1	5	25	6
21/02/2025	05	18	2	8	27	11
21/02/2025	06	19	2	11	29	15
21/02/2025	07	21			34	
21/02/2025	08	24	2	26	43	29
21/02/2025	09	26	7	44	57	55
21/02/2025	10	27	7	35	56	47
21/02/2025	11	33	10	38	72	53
21/02/2025	12	29	7	26	62	37
21/02/2025	13	31	5	26	66	33
21/02/2025	14	25	5	20	45	28
21/02/2025	15	25	3	17	42	22
21/02/2025	16	21	3	16	39	20
21/02/2025	17	18	3	21	34	25
21/02/2025	18	19	2	34	36	37
21/02/2025	19	22	3	58	40	63
21/02/2025	20	24	2	38	41	41
21/02/2025	21	28	2	25	46	28
21/02/2025	22	27	3	21	44	25
21/02/2025	23	24	1	17	40	18
22/02/2025	00	20	1	13	34	15
22/02/2025	01	23	4	18	35	24
22/02/2025	02	28	3	17	41	21
22/02/2025	03	29	3	19	41	24
22/02/2025	04	31	2	22	45	25
22/02/2025	05	31	1	18	42	20
22/02/2025	06	29	1	19	40	21
22/02/2025	07	27	2	24	40	28
22/02/2025	08	27	5	27	44	35
22/02/2025	09	36	17	35	57	61
22/02/2025	10	36	14	32	65	52
22/02/2025	11	34	15	32	69	56
22/02/2025	12	26	10	27	53	41
22/02/2025	13	18	9	23	42	37
22/02/2025	14	13	3	17	31	22
22/02/2025	15	32	3	17	50	22
22/02/2025	16	30	2	15	48	18
22/02/2025	17	25	2	19	40	22
22/02/2025	18	25	1	18	41	21
22/02/2025	19	25	2	16	40	18
22/02/2025	20	29	1	17	39	18
22/02/2025	21	23	2	17	28	19
22/02/2025	22	13	1	17	17	18
22/02/2025	23	9	1	18	11	19
23/02/2025	00	8	1	17	9	19
23/02/2025	01	9	2	20	11	22
23/02/2025	02	10	2	14	12	16
23/02/2025	03	13	2	10	16	13
23/02/2025	04	16	1	10	21	11
23/02/2025	05	15	1	9	21	10
23/02/2025	06	15	2	9	21	11
23/02/2025	07	85	1	10	105	11
23/02/2025	08	448	2	13	489	16
23/02/2025	09	15	4	17	22	23
23/02/2025	10	11	2	13	17	16
23/02/2025	11	9	3	12	22	16
23/02/2025	12	10	3	11	25	15
23/02/2025	13	21	3	11	48	15
23/02/2025	14	56	6	12	113	20
23/02/2025	15	11	7	15	44	25
23/02/2025	16	8	3	8	28	12
23/02/2025	17	9			29	
23/02/2025	18	11	3	15	31	19
23/02/2025	19	13	1	24	34	26
23/02/2025	20	14	2	25	43	28
23/02/2025	21	20	3	47	54	52
23/02/2025	22	19	7	55	46	66
23/02/2025	23	27	3	37	43	41
24/02/2025	00	17	3	25	30	30
24/02/2025	01	12	6	18	28	27
24/02/2025	02	9	4	14	18	21
24/02/2025	03	8	4	15	17	21
24/02/2025	04	6	2	8	10	11
24/02/2025	05	6	2	8	12	11
24/02/2025	06	8	4	25	23	32
24/02/2025	07	16	33	48	47	98
24/02/2025	08	14	38	48	40	107
24/02/2025	09	14	32	41	41	90
24/02/2025	10	19	36	41	62	96
24/02/2025	11	21	32	36	65	85
24/02/2025	12	23	22	33	73	66
24/02/2025	13	11	10	20	44	35
24/02/2025	14	10	10	23	36	39
24/02/2025	15	6	5	16	21	24
24/02/2025	16	9	4	21	29	28
24/02/2025	17	8	4	24	26	31
24/02/2025	18	13	7	44	49	54
24/02/2025	19	14	19	55	55	84
24/02/2025	20	12	7	35	32	46
24/02/2025	21	13	10	41	38	57
24/02/2025	22	17	19	38	44	67
24/02/2025	23	14	1	25	34	27
25/02/2025	00	10	4	22	29	28
25/02/2025	01	7	10	16	17	30
25/02/2025	02	6	8	12	14	24
25/02/2025	03	5	2	8	11	11
25/02/2025	04	5	1	8	11	10
25/02/2025	05	6			15	
25/02/2025	06	6	4	29	20	35
25/02/2025	07	8	7	39	30	50
25/02/2025	08	12	22	48	55	82
25/02/2025	09	13	19	39	62	67
25/02/2025	10	10	8	24	45	36
25/02/2025	11	12	11	28	50	44
25/02/2025	12	11	7	21	41	31
25/02/2025	13	10	8	19	34	30
25/02/2025	14	9	15	23	30	45
25/02/2025	15	11	6	28	34	36
25/02/2025	16	10	11	28	36	45
25/02/2025	17	13	9	36	45	50
25/02/2025	18	11	2	19	37	23
25/02/2025	19	10	2	22	28	25
25/02/2025	20	8	2	20	15	23
25/02/2025	21	7	3	19	12	23
25/02/2025	22	5	3	13	8	17
25/02/2025	23	5	3	14	11	19
26/02/2025	00	4	4	11	13	17
26/02/2025	01	4	3	8	9	13
26/02/2025	02	3	2	6	8	10
26/02/2025	03	2	2	9	7	11
26/02/2025	04	3			10	
26/02/2025	05	4	2	11	9	14
26/02/2025	06	6	1	22	21	24
26/02/2025	07	8	18	51	30	80
26/02/2025	08	13	42	63	56	127
26/02/2025	09	11	27	47	50	88
26/02/2025	10	8	18	30	32	58
26/02/2025	11	7	11	21	27	37
26/02/2025	12	7	17	25	34	51
26/02/2025	13	4	11	17	17	34
26/02/2025	14	4	7	11	14	21
26/02/2025	15	7	4	12	23	18
26/02/2025	16	8	4	14	30	20
26/02/2025	17	10	4	16	41	21
26/02/2025	18	9	2	18	23	21
26/02/2025	19	10	1	21	26	22
26/02/2025	20	15	3	39	35	43
26/02/2025	21	18	1	32	34	33
26/02/2025	22	21	3	32	35	37
26/02/2025	23	13	5	34	27	42
27/02/2025	00	10	6	26	21	36
27/02/2025	01	10	3	19	22	23
27/02/2025	02	9	2	14	24	17
27/02/2025	03	10	1	18	29	19
27/02/2025	04	8	1	18	23	20
27/02/2025	05	7	1	20	18	21
27/02/2025	06	9	1	21	20	22
27/02/2025	07	8	12	44	27	63
27/02/2025	08	11	34	49	43	101
27/02/2025	09	16	58	50	72	138
27/02/2025	10	16	39	46	57	105
27/02/2025	11	18	36	48	66	103
27/02/2025	12	19	29	47	72	91
27/02/2025	13	22	35	49	78	102
27/02/2025	14	23	22	46	58	79
27/02/2025	15	18	13	35	42	55
27/02/2025	16	18	14	37	45	58
27/02/2025	17	13	10	30	35	45
27/02/2025	18	12	5	25	28	33
27/02/2025	19	12	25	33	27	70
27/02/2025	20	16	37	38	32	96
27/02/2025	21	20	1	36	35	39
27/02/2025	22	19	1	29	34	31
27/02/2025	23	13	1	22	23	23
28/02/2025	00	12	4	19	20	24
28/02/2025	01	15	9	27	31	41
28/02/2025	02	15			27	
28/02/2025	03	12	1	17	23	19
28/02/2025	04	11	1	15	21	17
28/02/2025	05	11	2	14	20	17
28/02/2025	06	11	3	19	21	24
28/02/2025	07	12	16	45	27	70
28/02/2025	08	16	47	56	47	128
28/02/2025	09	21	49	53	71	127
28/02/2025	10	21	18	37	55	65
28/02/2025	11	16	4	21	35	27
28/02/2025	12	16	8	22	35	34
28/02/2025	13	14	7	19	30	30
28/02/2025	14	12	5	15	25	22
28/02/2025	15	14	2	14	26	16
28/02/2025	16	15	3	13	28	17
28/02/2025	17	16	3	17	30	21
28/02/2025	18	17	5	22	29	29
28/02/2025	19	18	2	20	33	22
28/02/2025	20	16	2	18	30	21
28/02/2025	21	13	2	16	26	18
28/02/2025	22	28	1	20	41	22
28/02/2025	23	29	1	20	43	21
01/03/2025	00	25	1	16	37	17
01/03/2025	01	17	2	15	26	17
01/03/2025	02	19	1	14	30	16
01/03/2025	03	15	1	14	24	15
01/03/2025	04	15	1	14	24	16
01/03/2025	05	13	2	14	20	16
01/03/2025	06	15	1	17	22	20
01/03/2025	07	9	2	14	14	17
01/03/2025	08	7	2	9	13	12
01/03/2025	09	11	2	15	20	18
01/03/2025	10	11	2	16	24	19
01/03/2025	11	12	3	11	33	15
01/03/2025	12	14	3	11	38	16
01/03/2025	13	22	3	11	51	16
01/03/2025	14	131	10	19	193	35
01/03/2025	15	18	11	24	49	41
01/03/2025	16	15	3	11	38	15
01/03/2025	17	17	3	13	39	18
01/03/2025	18	14	2	10	37	14
01/03/2025	19	15	1	9	37	11
01/03/2025	20	18	1	10	42	11
01/03/2025	21	21	1	10	45	11
01/03/2025	22	20	2	9	42	12
01/03/2025	23	18			35	
02/03/2025	00	23			34	
02/03/2025	01	12	1	13	18	15
02/03/2025	02	11	3	10	16	13
02/03/2025	03	8	3	9	11	12
02/03/2025	04	7	2	6	10	9
02/03/2025	05	7	1	7	12	9
02/03/2025	06	6	1	8	10	9
02/03/2025	07	7	1	12	12	14
02/03/2025	08	9	1	14	15	16
02/03/2025	09	10	1	16	20	17
02/03/2025	10	11	1	13	21	15
02/03/2025	11	10	2	11	22	14
02/03/2025	12	10	3	7	23	11
02/03/2025	13	19	2	10	37	13
02/03/2025	14	78	13	20	117	39
02/03/2025	15	15	3	9	33	14
02/03/2025	16	20			41	
02/03/2025	17	14	2	8	29	11
02/03/2025	18	25	2	10	41	13
02/03/2025	19	22	3	8	35	12
02/03/2025	20	39	2	9	55	13
02/03/2025	21	24	1	8	39	10
02/03/2025	22	23	1	8	40	10
02/03/2025	23	20	6	12	36	21
03/03/2025	00	18	1	6	34	7
03/03/2025	01	18	3	10	36	14
03/03/2025	02	16	2	6	33	9
03/03/2025	03	16	2	5	30	8
03/03/2025	04	18	2	3	35	5
03/03/2025	05	18	1	5	34	6
03/03/2025	06	16	2	6	31	7
03/03/2025	07	17	2	11	33	15
03/03/2025	08	17	2	15	33	19
03/03/2025	09	18	6	17	35	26
03/03/2025	10	20	5	17	36	25
03/03/2025	11	21	6	16	38	26
03/03/2025	12	23	4	15	42	21
03/03/2025	13	29	7	16	55	27
03/03/2025	14		25	30		69
03/03/2025	15		7	19		30
03/03/2025	16		5	20		27
03/03/2025	17		4	20		26
03/03/2025	18		2	17		20
03/03/2025	19		2	16		19
03/03/2025	20		3	18		22
03/03/2025	21		3	16		20
03/03/2025	22		2	17		20
03/03/2025	23		2	12		15
04/03/2025	00		2	9		12
04/03/2025	01		3	8		12
04/03/2025	02		1	10		12
04/03/2025	03		1	10		11
04/03/2025	04		1	8		8
04/03/2025	05		1	6		7
04/03/2025	06		1	6		7
04/03/2025	07		2	9		12
04/03/2025	08		2	11		13
04/03/2025	09		2	14		17
04/03/2025	10		4	13		19
04/03/2025	11		3	15		20
04/03/2025	12		5	14		22
04/03/2025	13		4	11		17
04/03/2025	14		2	12		15
04/03/2025	15		2	12		15
04/03/2025	16		3	10		14
04/03/2025	17		2	10		12
04/03/2025	18		2	10		13
04/03/2025	19		1	9		11
04/03/2025	20		2	13		16
04/03/2025	21		2	16		19
04/03/2025	22		1	13		16
05/03/2025	00		1	8		9
05/03/2025	01		1	4		4
05/03/2025	02		1	4		4
05/03/2025	03		1	4		4
05/03/2025	04		1	4		6
05/03/2025	06		1	5		7
05/03/2025	07	17			30	
05/03/2025	08	17	2	11	34	14
05/03/2025	09	17	3	16	34	21
05/03/2025	10	18	4	17	37	23
05/03/2025	11	19	3	14	37	18
05/03/2025	12	17	4	15	33	22
05/03/2025	13	14	6	18	25	27
05/03/2025	14	14	2	13	21	16
05/03/2025	15	15	2	11	27	14
05/03/2025	16	19	2	10	35	13
05/03/2025	17	19	1	8	35	10
05/03/2025	18	20	2	10	40	13
05/03/2025	19	21	2	10	42	12
05/03/2025	20	21	2	11	43	13
05/03/2025	21	22	1	9	43	11
05/03/2025	22	22	2	11	44	13
05/03/2025	23	22	1	6	42	7
06/03/2025	00	22	3	7	44	11
06/03/2025	01	22	1	6	43	8
06/03/2025	02	23	1	5	47	7
06/03/2025	03	23	2	8	48	11
06/03/2025	04	22	1	4	43	5
06/03/2025	05	22	1	5	43	7
06/03/2025	06	22	2	6	41	8
06/03/2025	07	23	3	15	43	19
06/03/2025	08	25	2	15	46	18
06/03/2025	09	26	3	18	48	22
06/03/2025	10	24	3	15	48	20
06/03/2025	11	24	4	14	52	20
06/03/2025	12	25	4	12	54	18
06/03/2025	13	25	5	14	54	21
06/03/2025	14	25	3	12	52	16
06/03/2025	15	25	3	10	53	14
06/03/2025	16	25	2	9	53	12
06/03/2025	17	24	2	10	50	13
06/03/2025	18	25	2	10	50	12
06/03/2025	19	25	1	11	45	12
06/03/2025	20	25	2	10	48	13
06/03/2025	21	25	2	10	45	13
06/03/2025	22	25	1	9	44	10
06/03/2025	23	24	1	9	42	11
07/03/2025	00	24	2	12	41	14
07/03/2025	01	18	1	9	32	11
07/03/2025	02	15	1	8	28	10
07/03/2025	03	14	2	11	26	15
07/03/2025	04	11	2	7	18	9
07/03/2025	05	10	1	6	17	8
07/03/2025	06	11	2	10	19	12
07/03/2025	07	17	7	33	35	43
07/03/2025	08	18	6	32	37	41
07/03/2025	09	17	12	42	45	61
07/03/2025	10	16	7	31	37	42
07/03/2025	11	11	3	17	25	21
07/03/2025	12	11	3	15	23	19
07/03/2025	13	10	3	12	19	16
07/03/2025	14	13	6	25	20	34
07/03/2025	15	17	7	25	29	36
07/03/2025	16	11	4	17	21	24
07/03/2025	17	7	3	14	18	19
07/03/2025	18	8	2	18	19	20
07/03/2025	19	11	1	20	23	22
07/03/2025	20	17	2	25	40	27
07/03/2025	21	37	2	26	65	29
07/03/2025	22	60	2	22	89	25
07/03/2025	23	32	2	32	58	35
08/03/2025	00		74	42		156
08/03/2025	01		12	36		55
08/03/2025	02		4	36		42
08/03/2025	03		5	35		43
08/03/2025	04		2	16		19
08/03/2025	05		1	8		9
08/03/2025	06		1	9		9
08/03/2025	07		2	15		18
08/03/2025	08		2	27		29
08/03/2025	09		8	24		35
08/03/2025	10		6	21		30
08/03/2025	11		3	11		16
08/03/2025	12		3	14		19
08/03/2025	13		4	13		19
08/03/2025	14	68	58	27	86	116
08/03/2025	15	1	7	21	1	31
08/03/2025	16	1	4	16	1	22
08/03/2025	17	1	2	12	1	15
08/03/2025	18	1	3	17	1	21
08/03/2025	19	1	7	25	1	36
08/03/2025	20	1	5	25	1	33
08/03/2025	21	7	4	36	8	42
08/03/2025	22	1	3	29	1	33
08/03/2025	23	1	1	11	1	13
09/03/2025	00	1	2	9	1	12
09/03/2025	02		2	7		10
09/03/2025	03		1	7		8
09/03/2025	04		5	7		15
09/03/2025	05		1	7		8
09/03/2025	06		1	8		9
09/03/2025	07		1	7		9
09/03/2025	08		1	7		8
09/03/2025	09		2	9		12
09/03/2025	10		3	8		13
09/03/2025	11		3	8		12
09/03/2025	12		2	8		11
09/03/2025	13		2	8		12
09/03/2025	14		24	23		59
09/03/2025	15		4	11		18
09/03/2025	16		4	11		16
09/03/2025	17		4	11		18
09/03/2025	18		3	13		18
09/03/2025	19		17	31		57
09/03/2025	20		45	38		107
09/03/2025	21		10	15		30
09/03/2025	22		4	15		21
09/03/2025	23		2	13		16
10/03/2025	00		4	17		24
10/03/2025	01		7	16		26
10/03/2025	02		2	11		15
10/03/2025	03		2	13		17
10/03/2025	04		1	12		13
10/03/2025	05		1	10		10
10/03/2025	06		4	29		35
10/03/2025	07		6	37		46
10/03/2025	08		31	47		94
10/03/2025	09	8	19	33	31	63
10/03/2025	10	8	17	25	32	51
10/03/2025	11	6	9	21	23	35
10/03/2025	12	5	5	15	21	22
10/03/2025	13	10	2	11	26	15
10/03/2025	14	10	6	15	27	24
10/03/2025	15	8	7	14	24	25
10/03/2025	16	5	5	16	20	23
10/03/2025	17	7	14	24	24	46
10/03/2025	18	10	8	24	31	36
10/03/2025	19	14	21	36	36	68
10/03/2025	20	17	23	40	43	76
10/03/2025	21	14	22	45	34	78
10/03/2025	22	12	4	28	32	35
10/03/2025	23	15	4	34	32	41
11/03/2025	00	14	13	33	27	53
11/03/2025	01	8	3	11	12	15
11/03/2025	02	4	2	8	6	11
11/03/2025	03	2			3	
11/03/2025	04	1	1	7	4	9
11/03/2025	05	2	1	9	7	11
11/03/2025	06	4	2	28	17	32
11/03/2025	07	8	14	43	31	65
11/03/2025	08	8	33	53	31	104
11/03/2025	09	11	67	62	49	165
11/03/2025	10	10	35	43	42	95
11/03/2025	11	6	8	23	22	34
11/03/2025	12	4	6	12	15	21
11/03/2025	13	12	5	17	31	25
11/03/2025	14	90	21	19	135	52
11/03/2025	15	16	16	30	57	54
11/03/2025	16	7	5	16	27	24
11/03/2025	17	4	3	17	12	22
11/03/2025	18	5	5	18	26	26
11/03/2025	19	6	5	25	23	33
11/03/2025	20	8	11	32	23	49
11/03/2025	21	10	11	34	26	51
11/03/2025	22	8	9	26	24	40
11/03/2025	23	5	3	16	12	20
12/03/2025	00	3	3	9	7	14
12/03/2025	01	3	2	7	6	11
12/03/2025	02	3	2	6	6	10
12/03/2025	03	4	3	9	9	14
12/03/2025	04	3	1	8	7	9
12/03/2025	05	3	1	10	8	10
12/03/2025	06	4	1	18	16	20
12/03/2025	07	7	30	47	28	93
12/03/2025	08	10	29	47	37	91
12/03/2025	09	8	18	26	32	53
12/03/2025	10	8	16	22	25	46
12/03/2025	11	6	9	14	26	27
12/03/2025	12	5	4	11	22	17
12/03/2025	13	11	5	12	30	19
12/03/2025	14	12	4	11	34	17
12/03/2025	15	6	5	14	25	21
12/03/2025	16	6	10	21	25	36
12/03/2025	17	5	8	17	19	30
12/03/2025	18	6	6	18	31	27
12/03/2025	19	6	5	21	20	29
12/03/2025	20	9	10	33	26	48
12/03/2025	21	7	4	17	17	23
12/03/2025	22	7	3	12	17	17
12/03/2025	23	6	4	14	13	21
13/03/2025	00	5	5	10	11	17
13/03/2025	01	4	4	8	8	14
13/03/2025	02	4	6	9	7	18
13/03/2025	03	4	1	5	9	7
13/03/2025	04	4	2	5	9	8
13/03/2025	05	4	1	8	9	10
13/03/2025	06	6	2	20	13	23
13/03/2025	07	7	5	24	15	32
13/03/2025	08	10	19	37	32	66
13/03/2025	09	13	32	38	51	88
13/03/2025	10	12	15	33	42	56
13/03/2025	11	10	11	31	34	48
13/03/2025	12	17	10	34	56	49
13/03/2025	13	21	10	39	61	54
13/03/2025	14	109	55	44	152	128
13/03/2025	15	20	9	37	35	51
13/03/2025	16	11	5	24	19	33
13/03/2025	17	8	3	21	13	26
13/03/2025	18	11	3	25	17	30
13/03/2025	19	11	1	32	17	35
13/03/2025	20	12	3	33	18	37
13/03/2025	21	24	3	33	33	38
13/03/2025	22	23	2	29	31	33
13/03/2025	23	29	3	38	36	43
14/03/2025	00	20	28	59	26	102
14/03/2025	01	14	7	40	21	51
14/03/2025	02	17	2	34	23	37
14/03/2025	03	15	2	17	21	20
14/03/2025	04	9	1	12	13	14
14/03/2025	05	6	1	13	10	14
14/03/2025	06	7	1	17	12	19
14/03/2025	07	8	3	24	13	29
14/03/2025	08	10	7	32	19	42
14/03/2025	09	6	4	22	10	28
14/03/2025	10	5	7	21	9	32
14/03/2025	11	8	5	21	14	29
14/03/2025	12	11	5	21	19	28
14/03/2025	13	15	5	23	25	31
14/03/2025	14	15	7	22	24	34
14/03/2025	15	10	3	19	14	23
14/03/2025	16	8	4	20	11	26
14/03/2025	17	12	4	26	20	32
14/03/2025	18	14	3	31	25	35
14/03/2025	19	18	4	33	28	38
14/03/2025	20	19	4	36	35	43
14/03/2025	21	30	6	50	42	60
14/03/2025	22	32	6	42	39	51
14/03/2025	23	22	10	38	28	54
15/03/2025	00	22	3	31	26	36
15/03/2025	01	17	4	30	21	36
15/03/2025	02	14	3	27	18	31
15/03/2025	03	11	3	18	13	23
15/03/2025	04	6	1	11	8	13
15/03/2025	05	4	1	9	8	11
15/03/2025	06	5	2	14	12	17
15/03/2025	07	6	3	17	15	21
15/03/2025	08	9	4	21	23	27
15/03/2025	09	8	9	17	20	30
15/03/2025	10	6	3	11	14	15
15/03/2025	11	7	2	9	20	13
15/03/2025	12	12	2	9	24	12
15/03/2025	13	20	2	9	30	12
15/03/2025	14	20	2	10	43	14
15/03/2025	15	18	4	12	38	17
15/03/2025	16	20	4	9	35	16
15/03/2025	17	20	2	16	39	19
15/03/2025	18	24	2	25	47	29
15/03/2025	19	30	2	20	62	23
15/03/2025	20	53	4	40	92	46
15/03/2025	21	56	16	64	102	88
15/03/2025	22	55	4	40	88	47
15/03/2025	23	55	4	34	73	40
16/03/2025	00	58	3	24	82	29
16/03/2025	01	33	5	22	51	30
16/03/2025	02	18	4	25	34	31
16/03/2025	03	12	4	20	25	26
16/03/2025	04	12	1	21	27	23
16/03/2025	05	12	4	25	22	31
16/03/2025	06	9	3	21	17	25
16/03/2025	07	6	3	16	12	21
16/03/2025	08	8	9	23	19	36
16/03/2025	09	9	4	18	18	23
16/03/2025	10	15	4	16	28	22
16/03/2025	11	12	2	14	26	17
16/03/2025	12	23	3	13	30	18
16/03/2025	13	24	3	11	30	16
16/03/2025	14	91	52	24	119	104
16/03/2025	15	23	7	19	29	30
16/03/2025	16	16	4	15	20	21
16/03/2025	17	13	3	17	19	22
16/03/2025	18	13	2	21	20	25
16/03/2025	19	33	2	22	44	25
16/03/2025	20	50	1	30	65	32
16/03/2025	21	79	4	48	102	54
16/03/2025	22	70	3	34	88	38
16/03/2025	23	35	2	22	49	25
17/03/2025	00	19	2	18	30	21
17/03/2025	01	15	1	18	25	20
17/03/2025	02	22	5	24	34	32
17/03/2025	03	13			23	
17/03/2025	04	12	1	12	21	13
17/03/2025	05	5	1	9	10	11
17/03/2025	06	4	2	10	8	13
17/03/2025	07	3	3	17	5	22
17/03/2025	08	8	5	28	13	36
17/03/2025	09	12	20	36	20	67
17/03/2025	10	16	19	33	24	62
17/03/2025	11	16	13	34	28	54
17/03/2025	12	16	10	27	28	43
17/03/2025	13	21	7	22	28	33
17/03/2025	14	21	11	24	29	42
17/03/2025	15	15	6	19	24	27
17/03/2025	16	31	8	20	46	32
17/03/2025	17	15	3	18	31	22
17/03/2025	18	20	3	21	42	26
17/03/2025	19	23	1	17	48	18
17/03/2025	20	32	2	20	52	23
17/03/2025	21	39	2	19	52	22
17/03/2025	22	30	2	17	40	19
17/03/2025	23	38	3	21	47	25
18/03/2025	00	23	2	16	30	18
18/03/2025	01	24	3	16	32	20
18/03/2025	02	17	2	13	24	15
18/03/2025	03	15	2	11	20	13
18/03/2025	04	14	1	12	20	14
18/03/2025	05	15	1	12	19	13
18/03/2025	06	9	1	13	13	14
18/03/2025	07	10	1	22	16	24
18/03/2025	08	12			17	
18/03/2025	09	13	9	28	17	42
18/03/2025	10	12	7	28	18	39
18/03/2025	11	10	6	18	20	27
18/03/2025	12	11	4	16	21	22
18/03/2025	13	14	9	22	24	36
18/03/2025	14	199	34	41	243	93
18/03/2025	15	12	8	25	20	38
18/03/2025	16	11	4	16	19	22
18/03/2025	17	13	3	14	23	18
18/03/2025	18	14	2	17	24	19
18/03/2025	19	14	1	21	20	23
18/03/2025	20	16	1	19	20	21
18/03/2025	21	21	2	19	25	22
18/03/2025	22	27	1	19	33	21
18/03/2025	23	31	2	12	36	15
19/03/2025	00	17	2	11	20	13
19/03/2025	01	12	2	8	14	11
19/03/2025	02	7	2	11	8	13
19/03/2025	03	9	1	7	11	9
19/03/2025	04	8	1	7	9	9
19/03/2025	05	9	1	7	11	8
19/03/2025	06	6	1	8	8	9
19/03/2025	07	4	1	7	4	8
19/03/2025	08	18	1	11	22	13
19/03/2025	09	8	6	20	11	29
19/03/2025	10	12	7	22	18	32
19/03/2025	11	14	9	22	23	35
19/03/2025	12	18	7	18	27	28
19/03/2025	13	22	7	21	35	31
19/03/2025	14	94	56	32	126	118
19/03/2025	15	22	11	23	41	39
19/03/2025	16	24	4	14	45	21
19/03/2025	17	22	7	18	43	29
19/03/2025	18	46	4	16	69	22
19/03/2025	19	111	5	21	137	28
19/03/2025	20	58	6	25	81	34
19/03/2025	21	116	6	23	147	33
19/03/2025	22	68	7	22	95	33
19/03/2025	23	99	11	23	130	41
20/03/2025	00	56	28	23	78	66
20/03/2025	01	52	3	16	73	21
20/03/2025	02	42	2	14	68	17
20/03/2025	03	18	1	8	32	10
20/03/2025	04	17	1	7	33	8
20/03/2025	05	22	2	5	39	8
20/03/2025	06	22	2	7	43	10
20/03/2025	07	22	3	13	40	17
20/03/2025	08	22	14	24	39	46
20/03/2025	09	21	5	13	39	21
20/03/2025	10	24	7	19	46	30
20/03/2025	11	28	12	22	69	41
20/03/2025	12	29	7	16	74	26
20/03/2025	13	32	9	21	77	35
20/03/2025	14	33	5	14	85	22
20/03/2025	15	36	8	20	90	32
20/03/2025	16	38	5	12	95	19
20/03/2025	17	43	3	10	113	13
20/03/2025	18	51	3	12	143	17
20/03/2025	19	54	3	10	155	14
20/03/2025	20	55	2	12	151	16
20/03/2025	21	51	1	13	140	15
20/03/2025	22	48	2	11	122	13
20/03/2025	23	49	3	13	118	18
21/03/2025	00	40	1	12	102	13
21/03/2025	01	37	3	14	89	18
21/03/2025	02	53	6	16	140	25
21/03/2025	03	51	1	10	132	12
21/03/2025	04	49	2	11	128	13
21/03/2025	05	54	2	15	146	17
21/03/2025	06	57	4	27	155	33
21/03/2025	07	57	20	38	154	68
21/03/2025	08	47	30	45	118	90
21/03/2025	09	32	18	44	74	71
21/03/2025	10	12	13	42	28	61
21/03/2025	11	9	14	30	28	51
21/03/2025	12	6	5	16	30	25
21/03/2025	13	5	5	13	29	21
21/03/2025	14	4	3	10	21	14
21/03/2025	15	6	3	10	21	15
21/03/2025	16	4	4	10	17	16
21/03/2025	17	5	5	15	18	22
21/03/2025	18	6	4	22	19	28
21/03/2025	19	8	4	23	25	29
21/03/2025	20	14	4	28	33	34
21/03/2025	21	14	5	34	34	43
21/03/2025	22	14	12	45	36	64
21/03/2025	23	12	12	45	30	64
22/03/2025	00	10	9	37	27	51
22/03/2025	01	9	9	25	22	38
22/03/2025	02	8	7	20	20	32
22/03/2025	03	7	1	14	15	16
22/03/2025	04	4	2	8	11	10
22/03/2025	05	2	1	4	6	6
22/03/2025	06	2	1	6	5	6
22/03/2025	07	3	2	7	9	9
22/03/2025	08	4	3	11	11	15
22/03/2025	09	5	4	12	14	17
22/03/2025	10	6	3	9	18	14
22/03/2025	11	6	3	7	18	13
22/03/2025	12	6	3	6	21	12
22/03/2025	13	5	3	7	15	12
22/03/2025	14	5	3	6	16	10
22/03/2025	15	5	4	7	18	13
22/03/2025	16	2	6	8	9	18
22/03/2025	17	3	4	9	10	16
22/03/2025	18	4	4	10	9	16
22/03/2025	19	6	2	13	15	15
22/03/2025	20	5	1	10	14	13
22/03/2025	21	4	19	17	10	47
22/03/2025	22	3	4	13	7	20
22/03/2025	23	3	1	7	7	9
23/03/2025	00	2	2	6	5	9
23/03/2025	01	2	2	7	5	9
23/03/2025	02	1	2	4	4	6
23/03/2025	03	1	2	4	5	7
23/03/2025	04	1	1	4	5	5
23/03/2025	05	1	3	3	3	7
23/03/2025	06	3	1	4	4	6
23/03/2025	07	2	1	6	5	7
23/03/2025	08	2	2	7	7	10
23/03/2025	09	2	2	5	5	8
23/03/2025	10	3	3	6	9	11
23/03/2025	11	3	2	6	9	8
23/03/2025	12	3	3	6	9	12
23/03/2025	13	5	2	6	10	8
23/03/2025	14	4	2	7	9	10
23/03/2025	15	4	2	5	8	8
23/03/2025	16	3	2	6	7	10
23/03/2025	17	3	2	7	7	11
23/03/2025	18	5	2	11	15	15
23/03/2025	19	7	1	14	19	16
23/03/2025	20	10	1	16	23	18
23/03/2025	21	12	1	22	25	24
23/03/2025	22	8	2	19	17	22
23/03/2025	23	8	1	19	17	20
24/03/2025	00	9	1	27	21	30
24/03/2025	01	5	2	12	12	15
24/03/2025	02	3	2	6	8	8
24/03/2025	03	2	1	5	5	7
24/03/2025	04	3	1	7	9	8
24/03/2025	05	4	2	12	11	14
24/03/2025	06	4	3	20	13	24
24/03/2025	07	8	17	41	29	68
24/03/2025	08	15	46	46	63	116
24/03/2025	09	10	17	27	39	54
24/03/2025	10	5	7	16	15	27
24/03/2025	11	4	7	11	14	22
24/03/2025	12	3	5	9	11	16
24/03/2025	13	4	3	11	18	15
24/03/2025	14	7	6	25	26	34
24/03/2025	15	8	10	30	32	44
24/03/2025	16	8	6	18	28	27
24/03/2025	17	8	4	19	23	24
24/03/2025	18	7	2	11	20	15
24/03/2025	19	7	2	10	18	13
24/03/2025	20	8	1	14	17	16
24/03/2025	21	10	1	16	19	19
24/03/2025	22	11	2	20	22	23
24/03/2025	23	8	1	15	16	17
25/03/2025	00	7	2	11	14	14
25/03/2025	01	10	8	21	19	33
25/03/2025	02	15	16	24	31	48
25/03/2025	03	13	3	20	27	24
25/03/2025	04	7	2	11	12	13
25/03/2025	05	5	1	11	10	12
25/03/2025	06	8	2	20	20	23
25/03/2025	07	8	17	34	23	60
25/03/2025	08	10	36	42	34	97
25/03/2025	09	10	26	40	37	80
25/03/2025	10	9	16	30	32	54
25/03/2025	11	5	4	13	18	20
25/03/2025	12	5	3	11	18	16
25/03/2025	13	5	5	13	20	21
25/03/2025	14	6	7	16	18	26
25/03/2025	15	7	6	19	21	28
25/03/2025	16	7	3	27	21	31
25/03/2025	17	7	4	25	21	32
25/03/2025	18	8	3	34	20	39
25/03/2025	19	9	5	30	36	37
25/03/2025	20	15	3	34	44	39
25/03/2025	21	11	3	29	25	33
25/03/2025	22	8	1	20	16	22
25/03/2025	23	8	2	17	16	20
26/03/2025	00	7	2	17	13	20
26/03/2025	01	4	4	9	7	15
26/03/2025	02	5	3	11	12	15
26/03/2025	03	4	3	11	10	16
26/03/2025	04	4	1	11	9	12
26/03/2025	05	5	2	13	10	15
26/03/2025	06	6	3	28	18	32
26/03/2025	07	10	27	42	28	83
26/03/2025	08	12	44	53	43	120
26/03/2025	09	12	23	41	47	77
26/03/2025	10	7	10	21	25	36
26/03/2025	11	5	6	14	18	24
26/03/2025	12	10	12	25	37	43
26/03/2025	13	9	6	16	33	24
26/03/2025	14	8	4	15	22	21
26/03/2025	15	7	3	12	23	17
26/03/2025	16	7	5	20	23	28
26/03/2025	17	7	4	16	22	22
26/03/2025	18	8	3	14	21	18
26/03/2025	19	10	2	17	26	20
26/03/2025	20	11	3	22	26	26
26/03/2025	21	17	4	38	40	44
26/03/2025	22	15	4	45	37	51
26/03/2025	23	16			35	
27/03/2025	00	10	5	30	26	38
27/03/2025	01	8	3	13	18	17
27/03/2025	02	6	1	10	13	12
27/03/2025	03	5	1	8	10	10
27/03/2025	04	5	2	7	8	8
27/03/2025	05	5	1	7	8	8
27/03/2025	06	6	2	14	11	16
27/03/2025	07	9	9	39	25	53
27/03/2025	08	11	15	36	38	60
27/03/2025	09	12	17	33	41	59
27/03/2025	10	12	9	22	40	36
27/03/2025	11	13	8	20	39	32
27/03/2025	12	13	5	17	37	25
27/03/2025	13	11	8	23	30	36
27/03/2025	14	11	7	18	26	28
27/03/2025	15	10	6	21	22	30
27/03/2025	16	10	4	19	21	26
27/03/2025	17	10	4	13	27	19
27/03/2025	18	10	3	16	21	20
27/03/2025	19	11	2	17	22	20
27/03/2025	20	13	2	35	25	38
27/03/2025	21	15	2	32	25	35
27/03/2025	22	17	3	19	26	23
27/03/2025	23	15	1	13	23	14
28/03/2025	00	14	1	14	22	16
28/03/2025	01	14	14	23	22	43
28/03/2025	02	13	3	14	19	18
28/03/2025	03	13	2	13	22	16
28/03/2025	04	14	1	11	22	13
28/03/2025	05	14	1	15	23	17
28/03/2025	06	17	12	35	32	54
28/03/2025	07	14	22	43	40	76
28/03/2025	08	11	17	30	36	55
28/03/2025	09	9	13	24	30	44
28/03/2025	10	7	12	19	23	36
28/03/2025	11	9	8	16	29	29
28/03/2025	12	11	6	16	34	25
28/03/2025	13	9	6	16	28	25
28/03/2025	14	9	5	15	23	23
28/03/2025	15	10	5	18	28	25
28/03/2025	16	10	5	29	34	36
28/03/2025	17	9	4	20	27	26
28/03/2025	18	11	2	16	27	19
28/03/2025	19	11	3	19	27	24
28/03/2025	20	14	3	35	44	40
28/03/2025	21	17	5	41	43	49
28/03/2025	22	20	3	41	41	46
28/03/2025	23	15	3	28	39	32
29/03/2025	00	10	1	5	58	7
29/03/2025	01	5	2	6	25	9
29/03/2025	02	5	2	5	29	7
29/03/2025	03	8	1	3	53	4
29/03/2025	04	3	1	3	15	4
29/03/2025	05	3	1	3	20	5
29/03/2025	06	3	1	6	10	8
29/03/2025	07	4	1	10	14	12
29/03/2025	08	5	3	12	20	16
29/03/2025	09	3	1	5	18	7
29/03/2025	10	4	2	13	17	16
29/03/2025	11	4	2	8	17	12
29/03/2025	12	8	4	6	50	12
29/03/2025	13	9	2	6	57	9
29/03/2025	14	10	3	5	52	10
29/03/2025	15	8	3	6	32	11
29/03/2025	16	5	1	6	17	7
29/03/2025	17	4	2	5	17	8
29/03/2025	18	5	1	4	19	5
29/03/2025	19	5	1	6	14	8
29/03/2025	20	8	1	6	16	8
29/03/2025	21	13	2	13	20	16
29/03/2025	22	12	3	14	18	18
29/03/2025	23	6	1	11	13	13
30/03/2025	00	4	1	14	11	16
30/03/2025	01	4	1	8	8	10
30/03/2025	02	4	1	8	8	10
30/03/2025	03	3	1	6	6	7
30/03/2025	04	3	1	8	7	9
30/03/2025	05	3	1	10	7	11
30/03/2025	06	3	1	11	8	12
30/03/2025	07	4	2	10	13	13
30/03/2025	08	4	2	8	11	11
30/03/2025	09	5	2	7	12	11
30/03/2025	10	4	2	8	11	11
30/03/2025	11	4	5	10	11	17
30/03/2025	12	6	4	8	17	14
30/03/2025	13	7	3	7	19	11
30/03/2025	14	7	2	11	20	14
30/03/2025	15	7	7	25	21	36
30/03/2025	16	6	5	13	18	20
30/03/2025	17	7	3	10	22	14
30/03/2025	18	9	1	11	23	12
30/03/2025	19	9	3	11	25	15
30/03/2025	20	9	2	9	22	12
30/03/2025	21	15	1	31	32	33
30/03/2025	22	16	1	35	34	37
30/03/2025	23	12	3	41	27	46
31/03/2025	00	11	2	26	25	29
31/03/2025	01	9	2	18	20	21
31/03/2025	02	8	1	14	18	16
31/03/2025	03	5	1	8	12	10
31/03/2025	04	5	1	12	13	13
31/03/2025	05	6	2	29	16	33
31/03/2025	06	11	24	50	42	88
31/03/2025	07	22	82	56	96	182
31/03/2025	08	27	97	64	125	213
31/03/2025	09	25	61	60	116	153
31/03/2025	10	21	31	48	85	95
31/03/2025	11	13	18	33	50	61
31/03/2025	12	19	12	33	75	52
31/03/2025	13	15	4	22	46	29
31/03/2025	14	14	13	41	46	61
31/03/2025	15	12	12	36	41	54
31/03/2025	16	11	7	36	36	47
31/03/2025	17	10	13	55	33	74
31/03/2025	18	11	8	64	34	77
31/03/2025	19	13	8	72	38	84
31/03/2025	20	10	2	29	26	32
31/03/2025	21	11	2	30	23	33
31/03/2025	22	12	2	24	26	26
31/03/2025	23	15	1	21	27	23
01/04/2025	00	17	1	14	26	15
01/04/2025	01	14	1	9	22	11
01/04/2025	02	16			23	
01/04/2025	03	19	1	12	31	13
01/04/2025	04	15	1	15	23	17
01/04/2025	05	19	2	17	32	20
01/04/2025	06	23	3	27	34	31
01/04/2025	07	20	17	43	47	69
01/04/2025	08	23	40	50	67	111
01/04/2025	09	22	22	49	59	83
01/04/2025	10	19	13	35	55	55
01/04/2025	11	21	12	38	58	55
01/04/2025	12	15	6	18	38	27
01/04/2025	13	17	6	19	34	27
01/04/2025	14	19	6	23	38	32
01/04/2025	15	15	5	23	34	31
01/04/2025	16	15	2	12	29	15
01/04/2025	17	15	1	13	29	15
01/04/2025	18	9	2	10	22	13
01/04/2025	19	8	2	12	22	15
01/04/2025	20	9	1	10	20	12
01/04/2025	21	8			18	
01/04/2025	22	9	2	9	18	11
01/04/2025	23	13	2	11	21	15
02/04/2025	00	10	1	11	18	12
02/04/2025	01	10	1	10	18	12
02/04/2025	02	8	1	7	14	9
02/04/2025	03	7	1	6	13	7
02/04/2025	04	7	2	6	14	8
02/04/2025	05	8	1	6	16	8
02/04/2025	06	10	4	25	24	30
02/04/2025	07	16	10	43	41	59
02/04/2025	08	20	12	42	53	60
02/04/2025	09	19	12	34	48	52
02/04/2025	10	16	7	26	40	37
02/04/2025	11	21	9	26	55	40
02/04/2025	12	21	11	27	48	44
02/04/2025	13	18	5	19	32	26
02/04/2025	14	12	4	14	24	20
02/04/2025	15	14	2	10	30	13
02/04/2025	16	12	1	14	25	16
02/04/2025	17	11	2	22	21	25
02/04/2025	18	12	3	25	20	30
02/04/2025	19	13	2	17	23	20
02/04/2025	20	13	1	12	24	14
02/04/2025	21	12	1	12	22	13
02/04/2025	22	11	1	8	21	10
02/04/2025	23	10	2	7	20	9
03/04/2025	00	10	1	5	19	7
03/04/2025	01	9	1	4	19	6
03/04/2025	02	10	1	7	21	7
03/04/2025	03	12	1	6	23	7
03/04/2025	04	13	1	5	26	5
03/04/2025	05	13	1	6	27	7
03/04/2025	06	13	1	9	27	11
03/04/2025	07	13	4	17	31	23
03/04/2025	08	13	4	18	31	23
03/04/2025	09	14	5	19	34	27
03/04/2025	10	13	5	13	33	20
03/04/2025	11	13	3	11	32	16
03/04/2025	12	13	3	12	37	18
03/04/2025	13	14	2	8	34	11
03/04/2025	14	16	2	10	38	13
03/04/2025	15	17	3	9	41	13
03/04/2025	16	16	2	8	42	11
03/04/2025	17	16	1	8	36	11
03/04/2025	18	16	2	9	33	12
03/04/2025	19	17	1	8	33	10
03/04/2025	20	18	1	7	35	8
03/04/2025	21	18	1	7	34	10
03/04/2025	22	17	1	6	33	8
03/04/2025	23	16	1	5	31	7
04/04/2025	00	15	2	5	27	7
04/04/2025	01	13	1	5	25	7
04/04/2025	02	15	2	4	30	7
04/04/2025	03	16	1	4	35	6
04/04/2025	04	14	1	4	27	7
04/04/2025	05	11	1	6	15	9
04/04/2025	06	11	2	15	14	18
04/04/2025	07	11	2	18	19	22
04/04/2025	08	12	5	25	28	33
04/04/2025	09	11	4	18	33	23
04/04/2025	10	12	2	11	28	14
04/04/2025	11	17	3	14	41	19
04/04/2025	12	17	3	14	42	18
04/04/2025	13	20	3	16	50	20
04/04/2025	14	18	3	10	43	15
04/04/2025	15	17	2	9	40	12
04/04/2025	16	16	2	8	33	11
04/04/2025	17	18	1	9	38	11
04/04/2025	18	20	2	10	42	13
04/04/2025	19	20	1	10	40	11
04/04/2025	20	22	1	14	35	15
04/04/2025	21	18	1	19	24	22
04/04/2025	22	20	1	12	28	13
04/04/2025	23	19	1	16	24	18
05/04/2025	00	11	3	11	16	16
05/04/2025	01	8	2	10	14	14
05/04/2025	02	8	1	10	16	13
05/04/2025	03	9	2	10	17	11
05/04/2025	04	11	1	10	20	12
05/04/2025	05	14	6	24	29	33
05/04/2025	06	9	4	20	21	27
05/04/2025	07	6	2	18	19	21
05/04/2025	08	6	4	20	21	26
05/04/2025	09	6	3	14	18	18
05/04/2025	10	5	3	7	15	13
05/04/2025	11	5	4	7	16	12
05/04/2025	12	5	1	7	13	8
05/04/2025	13	5	2	6	12	10
05/04/2025	14	4	4	7	11	12
05/04/2025	15	4	3	7	10	11
05/04/2025	16	4	3	9	11	14
05/04/2025	17	4	2	7	11	11
05/04/2025	18	6	1	11	16	13
05/04/2025	19	10	1	24	19	26
05/04/2025	20	15	1	23	30	25
05/04/2025	21	16	1	24	31	26
05/04/2025	22	14	1	21	27	23
05/04/2025	23	8	1	16	18	17
06/04/2025	00	4	2	10	11	12
06/04/2025	01	3	1	8	9	10
06/04/2025	02	2	2	6	6	9
06/04/2025	03	3	1	6	6	7
06/04/2025	04	3	1	7	5	8
06/04/2025	05	4	1	11	12	12
06/04/2025	06	5	1	14	15	16
06/04/2025	07	5	2	13	13	16
06/04/2025	08	5	4	16	13	23
06/04/2025	09	5	8	15	13	27
06/04/2025	10	6	5	12	16	19
06/04/2025	11	4	2	8	11	11
06/04/2025	12	4	4	7	12	13
06/04/2025	13	5	3	5	15	9
06/04/2025	14	7	2	6	20	9
06/04/2025	15	7	2	6	19	9
06/04/2025	16	6	2	7	19	10
06/04/2025	17	6	2	9	17	12
06/04/2025	18	7	2	11	20	14
06/04/2025	19	7	3	12	18	17
06/04/2025	20	11	2	17	24	20
06/04/2025	21	12	2	29	24	33
06/04/2025	22	10	1	27	19	29
06/04/2025	23	8	3	25	16	29
07/04/2025	00	6	1	13	14	15
07/04/2025	01	5	2	9	11	12
07/04/2025	02	5	1	7	10	9
07/04/2025	03	5	1	9	15	10
07/04/2025	04	8	1	14	30	16
07/04/2025	05	8	3	32	26	37
07/04/2025	06	9	7	42	32	52
07/04/2025	07	11	27	42	44	83
07/04/2025	08	18	58	53	79	142
07/04/2025	09	17	24	36	53	72
07/04/2025	10	11	15	24	36	47
07/04/2025	11	9	6	16	30	25
07/04/2025	12	16	10	30	50	44
07/04/2025	13	11	5	18	35	26
07/04/2025	14	12	4	20	40	27
07/04/2025	15	14	5	20	55	28
07/04/2025	16	11	5	18	34	25
07/04/2025	17	11	3	21	29	26
07/04/2025	18	11	2	17	27	20
07/04/2025	19	12	2	18	25	22
07/04/2025	20	12	1	14	23	17
07/04/2025	21	14	1	16	28	18
07/04/2025	22	13	2	15	24	17
07/04/2025	23	25	1	14	39	16
08/04/2025	00	20	1	13	32	14
08/04/2025	01	20	1	13	33	15
08/04/2025	02	18	1	13	27	15
08/04/2025	03	16	1	11	25	14
08/04/2025	04	16	1	12	26	14
08/04/2025	05	19	2	16	34	18
08/04/2025	06	27	25	40	58	78
08/04/2025	07	30	62	47	76	142
08/04/2025	08	29	16	39	59	63
08/04/2025	09	28	9	24	48	37
08/04/2025	10	31	8	22	53	34
08/04/2025	11	30	7	21	53	31
08/04/2025	12	26	10	31	48	46
08/04/2025	13	25	7	19	48	30
08/04/2025	14	19	3	12	37	16
08/04/2025	15	13	2	9	29	12
08/04/2025	16	14	2	8	29	12
08/04/2025	17	16	2	9	28	11
08/04/2025	18	16	2	8	28	11
08/04/2025	19	15	1	8	26	9
08/04/2025	20	15	1	7	26	9
08/04/2025	21	14	2	6	22	8
08/04/2025	22	12	1	6	20	8
08/04/2025	23	13	2	5	20	7
09/04/2025	00	23	2	8	33	10
09/04/2025	01	29	1	9	38	9
09/04/2025	02	32	1	9	42	11
09/04/2025	03	29	1	8	37	10
09/04/2025	04	29	2	8	38	11
09/04/2025	05	33	2	10	45	13
09/04/2025	06	32	5	23	55	29
09/04/2025	07	33	9	35	54	49
09/04/2025	08	34	15	33	62	56
09/04/2025	09	32	14	34	61	56
09/04/2025	10	32	18	36	70	63
09/04/2025	11	34	22	34	62	67
09/04/2025	12	30	10	24	49	39
09/04/2025	13	26	9	30	45	43
09/04/2025	14	21	8	29	37	42
09/04/2025	15	14	8	22	35	34
09/04/2025	16	12	6	23	28	32
09/04/2025	17	12	4	22	26	29
09/04/2025	18	14	2	15	26	18
09/04/2025	19	13	1	12	23	14
09/04/2025	20	16	2	10	26	12
09/04/2025	21	18	2	12	27	16
09/04/2025	22	19	2	12	31	14
09/04/2025	23	18	1	9	30	10
10/04/2025	00	21	1	10	32	11
10/04/2025	01	19	1	10	29	12
10/04/2025	02	19	2	8	29	10
10/04/2025	03	21	2	8	30	11
10/04/2025	04	19	1	10	29	13
10/04/2025	05	19	2	13	28	16
10/04/2025	06	17	2	32	32	35
10/04/2025	07	20	12	46	47	65
10/04/2025	08	25	21	42	71	75
10/04/2025	09	23	4	17	46	23
10/04/2025	10	16	3	13	38	17
10/04/2025	11	16	3	13	36	17
10/04/2025	12	13	3	10	28	14
10/04/2025	13	13	2	9	30	12
10/04/2025	14	13	3	8	30	13
10/04/2025	15	13	2	6	33	9
10/04/2025	16	12	1	6	26	7
10/04/2025	17	13	1	8	26	8
10/04/2025	18	13	2	12	25	14
10/04/2025	19	14	2	20	25	23
10/04/2025	20	15	2	16	28	19
10/04/2025	21	13			25	
10/04/2025	22	12	1	8	22	9
10/04/2025	23	12	1	7	21	9
11/04/2025	00	15	2	8	26	11
11/04/2025	01	15	2	10	24	13
11/04/2025	02	16	1	8	27	10
11/04/2025	03	18	1	10	28	12
11/04/2025	04	21	1	12	33	14
11/04/2025	05	19	2	12	30	15
11/04/2025	06	22	2	19	39	22
11/04/2025	07	21	2	22	46	26
11/04/2025	08	19	3	23	41	28
11/04/2025	09	17	3	19	33	23
11/04/2025	10	18	3	15	40	20
11/04/2025	11	16	2	11	36	14
11/04/2025	12	13	3	9	31	13
11/04/2025	13	13	1	7	30	9
11/04/2025	14	12	1	6	28	8
11/04/2025	15	12	2	6	28	9
11/04/2025	16	12	2	6	23	9
11/04/2025	17	12			24	
11/04/2025	18	13	1	8	26	10
11/04/2025	19	16	2	11	30	14
11/04/2025	20	15	1	11	26	12
11/04/2025	21	14	1	8	23	9
11/04/2025	22	16			27	
11/04/2025	23	17	1	11	31	13
12/04/2025	00	19	1	9	29	11
12/04/2025	01	22	1	9	32	11
12/04/2025	02	23	1	10	34	12
12/04/2025	03	18	2	8	25	11
12/04/2025	04	17	1	8	24	11
12/04/2025	05	17	2	15	29	18
12/04/2025	06	17	1	18	28	20
12/04/2025	07	18	6	30	32	39
12/04/2025	08	17	4	19	31	26
12/04/2025	09	20	8	29	38	41
12/04/2025	10	23	9	24	42	38
12/04/2025	11	22	4	13	37	20
12/04/2025	12	28	4	20	50	25
12/04/2025	13	26	6	16	44	25
12/04/2025	14	35	5	18	52	26
12/04/2025	15	31	2	11	49	15
12/04/2025	16	30	5	23	47	31
12/04/2025	17	25	4	23	39	29
12/04/2025	18	25	2	13	38	16
12/04/2025	19	25	3	19	38	23
12/04/2025	20	27	1	28	43	30
12/04/2025	21	29	1	36	39	38
12/04/2025	22	35	2	31	49	33
12/04/2025	23	31	2	19	43	21
13/04/2025	00	31	2	22	42	25
13/04/2025	01	38	2	21	48	24
13/04/2025	02	36	1	20	46	22
13/04/2025	03	39	1	24	49	27
13/04/2025	04	39	1	25	48	28
13/04/2025	05	41	1	17	49	19
13/04/2025	06	38	3	15	47	19
13/04/2025	07	38	3	15	48	20
13/04/2025	08	30	3	13	38	18
13/04/2025	09	29	3	15	40	20
13/04/2025	10	33	6	16	47	25
13/04/2025	11	41	4	15	62	21
13/04/2025	12	45	4	16	64	21
13/04/2025	13	40	3	11	57	15
13/04/2025	14	27	2	9	42	11
13/04/2025	15	24	1	8	35	11
13/04/2025	16	25	2	18	36	22
13/04/2025	17	29	2	20	41	23
13/04/2025	18	26	1	11	38	12
13/04/2025	19	24	2	8	35	11
13/04/2025	20	26	1	9	38	11
13/04/2025	21	25	2	15	35	19
13/04/2025	22	29	1	17	39	19
13/04/2025	23	25	1	15	34	17
14/04/2025	00	30	1	18	40	19
14/04/2025	01	37	11	22	48	37
14/04/2025	02	35	2	13	45	16
14/04/2025	03	14	1	11	22	13
14/04/2025	04	19	1	10	24	10
14/04/2025	05	28	1	12	37	13
14/04/2025	06	28	1	16	38	18
14/04/2025	07	24	2	20	36	23
14/04/2025	08	25	19	41	49	70
14/04/2025	09	26	8	34	47	46
14/04/2025	10	29	7	34	53	45
14/04/2025	11	25	9	34	48	47
14/04/2025	12	24	8	25	46	38
14/04/2025	13	24	6	23	44	33
14/04/2025	14	22	5	18	39	26
14/04/2025	15	20	5	17	35	24
14/04/2025	16	19	3	23	32	27
14/04/2025	17	21	3	32	36	37
14/04/2025	18	19	4	26	30	32
14/04/2025	19	21	2	22	34	25
14/04/2025	20	24	1	18	37	19
14/04/2025	21	26	3	26	39	31
14/04/2025	22	17	4	23	29	28
14/04/2025	23	8	5	12	18	19
15/04/2025	00	8	14	14	21	34
15/04/2025	01	7	8	11	20	23
15/04/2025	02	7	6	9	19	17
15/04/2025	03	6	2	5	16	7
15/04/2025	04	2	1	7	9	9
15/04/2025	05	2	1	10	9	11
15/04/2025	06	5	2	17	27	21
15/04/2025	07	8	5	23	45	31
15/04/2025	08	12	9	20	74	35
15/04/2025	09	7	7	16	28	27
15/04/2025	10	6	6	14	29	24
15/04/2025	11	6	15	18	26	41
15/04/2025	12	5	4	12	21	17
15/04/2025	13	5	4	9	19	15
15/04/2025	14	5	3	9	19	13
15/04/2025	15	6	5	10	25	17
15/04/2025	16	6	3	9	35	13
15/04/2025	17	6	3	10	28	14
15/04/2025	18	4	5	13	18	20
15/04/2025	19	5	4	13	18	19
15/04/2025	20	6	3	18	16	23
15/04/2025	21	5	6	16	12	25
15/04/2025	22	3	3	13	9	18
15/04/2025	23	3	3	8	8	12
16/04/2025	00	2	2	6	6	8
16/04/2025	01	2	2	4	7	6
16/04/2025	02	2	1	6	6	8
16/04/2025	03	2	2	6	6	8
16/04/2025	04	3	1	10	11	11
16/04/2025	05	3	2	19	12	21
16/04/2025	06	3	2	18	12	22
16/04/2025	07	4	6	25	21	33
16/04/2025	08	5	10	21	22	37
16/04/2025	09	3	5	12	14	19
16/04/2025	10	4	4	11	18	18
16/04/2025	11	4	7	12	17	22
16/04/2025	12	4	7	12	20	22
16/04/2025	13	4	3	6	16	12
16/04/2025	14	4	6	11	17	20
16/04/2025	15	4	2	8	21	12
16/04/2025	16	4	4	13	22	20
16/04/2025	17	5	4	10	26	16
16/04/2025	18	7	2	9	39	11
16/04/2025	19	7	4	10	39	16
16/04/2025	20	4	5	15	12	22
16/04/2025	21	4	3	13	11	17
16/04/2025	22	3	3	11	7	16
16/04/2025	23	2	5	13	7	20
17/04/2025	00	2	4	8	5	13
17/04/2025	01	2	2	6	4	8
17/04/2025	02	2	2	6	5	9
17/04/2025	03	2	2	7	4	10
17/04/2025	04	2	1	9	4	10
17/04/2025	05	3	1	14	11	15
17/04/2025	06	4	4	22	13	28
17/04/2025	07	8	18	39	29	67
17/04/2025	08	11	21	37	47	70
17/04/2025	09	9	8	20	31	33
17/04/2025	10	5	5	12	19	19
17/04/2025	11	5	4	11	18	18
17/04/2025	12	5	4	9	16	15
17/04/2025	13	7	4	15	21	21
17/04/2025	14	6	3	9	21	13
17/04/2025	15	5	5	11	19	19
17/04/2025	16	4	6	13	16	21
17/04/2025	17	5	2	9	16	13
17/04/2025	18	4	3	11	14	17
17/04/2025	19	4	4	15	14	21
17/04/2025	20	8	5	20	21	28
17/04/2025	21	15	1	21	37	23
17/04/2025	22	16	1	24	38	26
17/04/2025	23	10	1	13	23	15
18/04/2025	00	9	2	22	20	25
18/04/2025	01	11	2	26	24	29
18/04/2025	02	11	2	24	23	26
18/04/2025	03	11	2	40	20	43
18/04/2025	04	9	2	22	18	25
18/04/2025	05	8	2	20	20	22
18/04/2025	06	5	3	15	12	20
18/04/2025	07	5	2	15	14	19
18/04/2025	08	6	7	18	18	29
18/04/2025	09	5	7	12	16	22
18/04/2025	10	4	5	9	10	16
18/04/2025	11	3	4	7	9	12
18/04/2025	12	4	5	6	10	13
18/04/2025	13	8	5	11	23	19
18/04/2025	14	8	5	13	21	20
18/04/2025	15	7	6	16	23	25
18/04/2025	16	7	6	17	20	26
18/04/2025	17	8	6	19	23	27
18/04/2025	18	10	7	36	26	46
18/04/2025	19	11	3	21	28	26
18/04/2025	20	13	2	17	26	20
18/04/2025	21	13	2	17	23	19
18/04/2025	22	13	1	13	22	15
18/04/2025	23	16	1	13	28	14
19/04/2025	00	16	1	15	29	17
19/04/2025	01	13	1	13	22	15
19/04/2025	02	15	1	16	25	17
19/04/2025	03	16	1	19	30	21
19/04/2025	04	9	1	14	18	16
19/04/2025	05	2	1	7	6	8
19/04/2025	06	1	2	8	6	9
19/04/2025	07	3	3	10	10	15
19/04/2025	08	4	2	6	20	8
19/04/2025	09	4	3	6	14	11
19/04/2025	10	5	2	6	25	8
19/04/2025	11	4	3	7	25	12
19/04/2025	12	5	4	6	27	13
19/04/2025	13	8	4	6	45	12
19/04/2025	14	5	4	7	25	12
19/04/2025	15	4	7	9	15	19
19/04/2025	16	3	4	7	15	13
19/04/2025	17	3	6	8	11	16
19/04/2025	18	4	3	8	13	12
19/04/2025	19	4	4	9	13	16
19/04/2025	20	4	3	10	14	14
19/04/2025	21	4	4	11	10	17
19/04/2025	22	3	2	7	7	9
19/04/2025	23	2	2	7	6	10
20/04/2025	00	2	4	8	6	14
20/04/2025	01	2	2	4	5	7
20/04/2025	02	2	1	5	5	7
20/04/2025	03	2	1	4	4	5
20/04/2025	04	2	1	3	5	5
20/04/2025	05	2	1	4	5	6
20/04/2025	06	3	3	6	7	11
20/04/2025	07	4	2	8	9	11
20/04/2025	08	3	2	5	8	8
20/04/2025	09	3	2	4	9	7
20/04/2025	10	4	3	6	10	10
20/04/2025	11	4	5	7	8	15
20/04/2025	12	3	3	6	7	11
20/04/2025	13	2	4	7	6	13
20/04/2025	14	3	4	5	9	10
20/04/2025	15	2	2	6	7	10
20/04/2025	16	3	2	5	11	8
20/04/2025	17	4	3	9	13	15
20/04/2025	18	6	3	20	19	24
20/04/2025	19	8	2	19	24	22
20/04/2025	20	9			25	
20/04/2025	21	6	1	11	15	13
20/04/2025	22	7	1	13	14	14
20/04/2025	23	5	3	18	16	23
21/04/2025	00	6	4	20	16	26
21/04/2025	01	6	3	15	15	20
21/04/2025	02	5	1	13	14	15
21/04/2025	03	3	1	10	7	11
21/04/2025	04	3	1	9	5	11
21/04/2025	05	3	1	12	6	14
21/04/2025	06	3	1	18	9	20
21/04/2025	07	4	3	12	13	17
21/04/2025	08	4	5	14	12	22
21/04/2025	09	4	6	10	12	19
21/04/2025	10	3	4	5	9	10
21/04/2025	11	4	5	8	10	16
21/04/2025	12	6	4	11	20	17
21/04/2025	13	7	5	17	24	24
21/04/2025	14	6	4	14	21	19
21/04/2025	15	7	4	11	18	16
21/04/2025	16	6	3	11	15	15
21/04/2025	17	7	3	16	17	20
21/04/2025	18	8	2	11	21	14
21/04/2025	19	8	1	11	19	13
21/04/2025	20	9	1	10	16	12
21/04/2025	21	9	1	13	15	14
21/04/2025	22	8	1	13	14	15
21/04/2025	23	10	3	13	20	17
22/04/2025	00	10	7	19	18	29
22/04/2025	01	12	8	16	18	28
22/04/2025	02	10	1	14	18	15
22/04/2025	03	8	1	15	16	17
22/04/2025	04	6	1	12	14	15
22/04/2025	05	7	2	19	15	22
22/04/2025	06	9	6	36	19	46
22/04/2025	07	11	34	47	20	99
22/04/2025	08	13	31	51	28	99
22/04/2025	09	14	42	46	28	111
22/04/2025	10	14	41	44	28	106
22/04/2025	11	16	16	29	36	54
22/04/2025	12	21	18	35	43	63
22/04/2025	13	17	7	30	31	41
22/04/2025	14	12	7	20	25	31
22/04/2025	15	11	5	14	22	21
22/04/2025	16	12	2	16	21	19
22/04/2025	17	9	3	13	15	17
22/04/2025	18	8	2	11	12	14
22/04/2025	19	12	2	13	16	16
22/04/2025	20	12	1	14	16	16
22/04/2025	21	14	3	25	18	30
22/04/2025	22	16	3	27	24	32
22/04/2025	23	15	2	18	18	21
23/04/2025	00	15			20	
23/04/2025	01	11	1	12	16	14
23/04/2025	02	10	1	11	16	12
23/04/2025	03	6	2	7	11	10
23/04/2025	04	5	2	10	11	13
23/04/2025	05	7	3	20	18	24
23/04/2025	06	8	17	31	25	57
23/04/2025	07	11	29	40	34	84
23/04/2025	08	10	17	30	33	56
23/04/2025	09	14	29	41	44	85
23/04/2025	10	10	6	22	29	31
23/04/2025	11	9	5	17	27	25
23/04/2025	12	11	4	15	30	21
23/04/2025	13	10	8	25	24	37
23/04/2025	14	9	6	16	26	26
23/04/2025	15	9	3	10	31	14
23/04/2025	16	7	3	13	21	17
23/04/2025	17	8	4	21	21	28
23/04/2025	18	9	7	42	27	52
23/04/2025	19	11	2	24	23	27
23/04/2025	20	12	1	18	23	19
23/04/2025	21	13	1	17	23	19
23/04/2025	22	13	3	23	25	27
23/04/2025	23	8	4	21	18	27
24/04/2025	00	7	4	15	15	21
24/04/2025	01	8	1	10	15	12
24/04/2025	02	8	1	9	14	10
24/04/2025	03	7	1	10	12	12
24/04/2025	04	10	1	15	21	16
24/04/2025	05	11	2	28	23	31
24/04/2025	06	11	15	37	28	60
24/04/2025	07	17	55	49	52	133
24/04/2025	08	16	36	44	53	99
24/04/2025	09	16	21	36	50	68
24/04/2025	10	11	11	23	37	40
24/04/2025	11	13	6	18	34	28
24/04/2025	12	12	5	17	28	25
24/04/2025	13	9	7	19	25	31
24/04/2025	14	11	7	23	31	34
24/04/2025	15	10	8	21	29	33
24/04/2025	16	8	4	14	20	20
24/04/2025	17	9	4	23	20	30
24/04/2025	18	10	4	32	22	37
24/04/2025	19	11	3	26	23	31
24/04/2025	20	12	2	17	21	19
24/04/2025	21	12	1	13	19	15
24/04/2025	22	11	2	13	20	15
24/04/2025	23	10	5	16	17	23
25/04/2025	00	12	5	23	21	31
25/04/2025	01	17	2	22	32	26
25/04/2025	02	17			29	
25/04/2025	03	16	1	16	27	18
25/04/2025	04	13	2	12	21	15
25/04/2025	05	13	2	13	22	16
25/04/2025	06	17	7	27	31	37
25/04/2025	07	21	11	32	39	50
25/04/2025	08	18	5	18	28	25
25/04/2025	09	25	5	20	41	28
25/04/2025	10	26	6	19	45	28
25/04/2025	11	22	4	17	39	23
25/04/2025	12	20	3	15	34	19
25/04/2025	13	14	2	10	23	14
25/04/2025	14	12	3	8	23	12
25/04/2025	15	12	2	9	24	13
25/04/2025	16	14	2	11	24	14
25/04/2025	17	12	2	7	21	10
25/04/2025	18	12			20	
25/04/2025	19	11	2	9	19	11
25/04/2025	20	13	1	8	20	8
25/04/2025	21	16	2	11	24	14
25/04/2025	22	18	2	18	28	21
25/04/2025	23	15	1	18	27	20
26/04/2025	00	17	2	18	25	21
26/04/2025	01	17	5	15	26	22
26/04/2025	02	20	1	16	28	17
26/04/2025	03	24	2	14	31	16
26/04/2025	04	25			33	
26/04/2025	05	24	1	15	34	17
26/04/2025	06	24	2	18	35	20
26/04/2025	07	25	2	17	35	21
26/04/2025	08	26	4	18	38	24
26/04/2025	09	30	8	21	45	33
26/04/2025	10	13	4	11	26	18
26/04/2025	11	10	4	12	21	17
26/04/2025	12	9	3	10	22	15
26/04/2025	13	9	4	11	19	17
26/04/2025	14	8	4	12	16	19
26/04/2025	15	8	2	10	15	14
26/04/2025	16	7	2	7	18	9
26/04/2025	17	7	2	9	19	12
26/04/2025	18	8	3	24	19	29
26/04/2025	19	9	3	20	23	25
26/04/2025	20	9	1	16	22	18
26/04/2025	21	8	2	12	16	14
26/04/2025	22	9	1	9	16	11
26/04/2025	23	6	1	11	13	12
27/04/2025	00	6	1	11	13	12
27/04/2025	01	3	1	7	10	9
27/04/2025	02	2	1	4	11	5
27/04/2025	03	1	1	3	7	5
27/04/2025	04	1	1	3	4	5
27/04/2025	05	1	1	3	3	5
27/04/2025	06	2	1	5	6	7
27/04/2025	07	2	2	8	8	10
27/04/2025	08	2	1	9	8	10
27/04/2025	09	2	2	6	7	9
27/04/2025	10	4	2	5	13	9
27/04/2025	11	5	4	13	17	19
27/04/2025	12	4	3	10	16	15
27/04/2025	13	5	4	9	15	15
27/04/2025	14	5	3	11	16	16
27/04/2025	15	5	3	12	16	16
27/04/2025	16	4	3	11	13	15
27/04/2025	17	4	2	12	12	14
27/04/2025	18	5	2	17	13	20
27/04/2025	19	5	2	15	12	17
27/04/2025	20	8	2	20	19	22
27/04/2025	21	5	2	11	10	14
27/04/2025	22	4	1	13	9	15
27/04/2025	23	3	1	8	8	9
28/04/2025	00	3	1	7	7	9
28/04/2025	01	8	1	11	13	13
28/04/2025	02	3	1	10	7	11
28/04/2025	03	5	1	9	9	10
28/04/2025	04	5	1	10	10	12
28/04/2025	05	3	1	9	8	12
28/04/2025	06	4	2	12	10	15
28/04/2025	07	4	6	16	15	25
28/04/2025	08	5	5	15	19	22
28/04/2025	09	5	27	17	17	58
28/04/2025	10	6	2	8	17	12
28/04/2025	20	8	2	40	16	44
28/04/2025	21	6			10	
28/04/2025	22	5	2	25	9	27
28/04/2025	23	4			8	
29/04/2025	00	8	2	18	13	20
29/04/2025	01	9	2	13	17	17
29/04/2025	02	8			11	
29/04/2025	03	8			13	
29/04/2025	04	8			13	
29/04/2025	05	9			16	
29/04/2025	06	10	7	29	22	40
29/04/2025	07	11	4	29	26	35
29/04/2025	08	13	4	22	32	27
29/04/2025	09	11	5	16	24	23
29/04/2025	10	10	2	12	23	14
29/04/2025	11	8			21	
29/04/2025	12	8	3	10	19	14
29/04/2025	13	7	1	8	16	10
29/04/2025	14	8			21	
29/04/2025	15	8	4	8	22	14
29/04/2025	16	7	3	8	18	12
29/04/2025	17	7	1	10	16	12
29/04/2025	18	8	3	8	17	13
29/04/2025	19	9			17	
29/04/2025	20	8	2	8	16	11
29/04/2025	21	7			13	
29/04/2025	22	7	2	6	12	8
29/04/2025	23	6	2	4	11	8
30/04/2025	00	6	2	5	12	8
30/04/2025	01	9	1	9	15	10
30/04/2025	02	12			19	
30/04/2025	03	9			15	
30/04/2025	04	8	1	8	14	10
30/04/2025	05	10			16	
30/04/2025	06	14	2	17	25	19
30/04/2025	07	15	2	23	34	26
30/04/2025	08	10	4	14	25	20
30/04/2025	09	9	3	9	24	14
30/04/2025	10	10	4	12	31	18
30/04/2025	11	10	4	11	30	16
30/04/2025	12	10	3	10	28	14
30/04/2025	13	8	1	6	23	8
30/04/2025	14	8	2	6	26	9
30/04/2025	15	10	3	9	28	14
30/04/2025	16	10	1	10	24	11
30/04/2025	17	10	1	9	23	10
30/04/2025	18	10	3	7	23	11
30/04/2025	19	12	2	8	26	12
30/04/2025	20	11			23	
30/04/2025	21	12	1	6	21	8
30/04/2025	22	10	1	7	19	9
30/04/2025	23	10	1	5	19	7
