Red: Red de Vigilancia y Control de la Contaminación Atmosférica
Estación: 46244003-Torrent-El Vedat
	
FECHA	HORA	NOx	O3	Veloc.	Direc.	Temp.	H.Rel.	Pres.	R.Sol.	Precip.	SO2	CO	NO	NO2
		µg/m³	µg/m³	m/s	grados	°C	% H.R.	mb	W/m²	l/m²	µg/m³	mg/m³	µg/m³	µg/m³
26/10/2015	07									0				
26/10/2015	08			0.2	265	14.5	89			0				
26/10/2015	09			0.1	265	15.4	85			0				
26/10/2015	10			0.1	260	16.1	80	1003		0				
26/10/2015	11			0.1	227	16.7	70	1000	196	0				
26/10/2015	12			0.1	38	17.3	63	999	217	0				
26/10/2015	13			0.1	120	17.5	61	998	216	0				
26/10/2015	14			0.1	110	17.5	61	997	200	0				
26/10/2015	15			0.1	143	17.9	60	997	240	0				
26/10/2015	16			0.1	129	17.3	60	997	168	0				
26/10/2015	17			0.1	137	16.3	65	997		0				
26/10/2015	18			0.1	108	15.9	70	997		0				
26/10/2015	19			0.1	200	15.7	73	998		0				
26/10/2015	20			0.1	221	15.4	75	998		0				
26/10/2015	21			0.1	190	15.3	76	998		0				
26/10/2015	22			0.1	230	15.1	77	998		0				
26/10/2015	23			0.1	228	15	77	998		0				
27/10/2015	00			0.1	238	14.3	81	997		0				
27/10/2015	01			0.1	232	13.6	83	997		0				
27/10/2015	02			0.1	232	13.4	84	997		0				
27/10/2015	03			0.1	218	13	83	997		0				
27/10/2015	04			0.1	197	12.7	84	997		0				
27/10/2015	05			0.1	216	12.5	84	996		0				
27/10/2015	06			0.1	204	12	84	997		0				
27/10/2015	07			0.1	199	12.5	82	997		0				
27/10/2015	08			0.1	259	13.6	78	997	158	0				
27/10/2015	09			0.1	238	14.5	74	998	232	0				
27/10/2015	10			0.4	131	17.4	64	997	463	0				
27/10/2015	11			1	108	19.1	59	997	545	0				
27/10/2015	12			1.6	108	20.1	53	996	552	0				
27/10/2015	13			2	101	20.2	51	994	447	0				
27/10/2015	14			2	98	18.7	61	993	302	0				
03/11/2015	05									0				
03/11/2015	06			0.2	289	10.2	80	1006		0				
03/11/2015	07			0.2	253	9.9	77	1004		0				
03/11/2015	08			0.1	245	11	70	1004	241	0				
03/11/2015	09			0.3	266	13.3	61	1004	388	0				
03/11/2015	10			0.3	252	14.9	55	1004	501	0		0.1		
03/11/2015	11			0.2	290	16.7	50	1004	613	0		0.1		
03/11/2015	12			0.3	275	18.1	46	1003	612	0		0.1		
03/11/2015	13			0.4	254	19	43	1003	654	0		0.1		
03/11/2015	14			0.1	280	18.8	44	1002	458	0		0.1		
03/11/2015	15			0.1	234	18.3	48	1002	287	0		0.1		
03/11/2015	16			0.1	181	18	51	1002	257	0		0.1		
03/11/2015	17			0.1	164	16.3	62	1002	200	0		0.1		
03/11/2015	18			0.8	169	15.5	64	1003		0		0.1		
03/11/2015	19			1.4	175	14.7	67	1004		0		0.1		
03/11/2015	20			0.7	189	13.9	70	1005		0		0.1		
03/11/2015	21			1.2	181	13.6	71	1005		0		0.1		
03/11/2015	22			1	177	13.7	69	1006		0		0.1		
03/11/2015	23			1.4	188	13	73	1006		0		0.1		
04/11/2015	00			0.6	222	12.4	75	1006		0		0.1		
04/11/2015	01			0.3	190	11.8	77	1006		0		0.1		
04/11/2015	02			0.5	204	11.7	78	1006		0		0.1		
04/11/2015	03			0.3	244	11.9	77	1006		0		0.1		
04/11/2015	04			1.8	220	12.7	74	1007		0		0.1		
05/11/2015	05									0				
05/11/2015	06			3.1	194	15.3	67	1008		0		0.1		
05/11/2015	07			1.6	226	14.7	66	1006		0		0.1		
05/11/2015	08			1.2	209	14.8	64	1006		0		0.1		
05/11/2015	09			1.2	210	16.1	60	1006		0		0.1		
05/11/2015	10			1.4	197	18	54	1006		0		0.1		
05/11/2015	11			2.1	188	19.7	48	1006		0		0.1		
05/11/2015	12			1.6	213	21.9	40	1005		0		0.1		
05/11/2015	13			1.3	223	23	35	1004		0		0.1		
05/11/2015	14			1.8	196	22.4	36	1003		0		0.1		
05/11/2015	15			1.7	196	22.6	35	1003		0		0.1		
05/11/2015	16			1.5	168	21.8	38	1003		0		0.1		
05/11/2015	17			1.3	158	19.6	45	1003		0		0.1		
05/11/2015	18			2	169	17.8	51	1004		0		0.1		
05/11/2015	19			0.7	233	17.2	57	1005		0		0.1		
05/11/2015	20			0.1	240	16.2	73	1005		0		0.1		
05/11/2015	21			0.1	219	15.6	75	1006		0		0.1		
05/11/2015	22			0.2	180	15.2	76	1006		0		0.1		
05/11/2015	23			0.5	173	15.2	72	1007		0		0.1		
06/11/2015	00			0.3	229	14.8	64	1007		0		0.1		
06/11/2015	01			0.2	237	14	68	1007		0		0.1		
06/11/2015	02			1.1	186	14.6	63	1007		0		0.1		
06/11/2015	03			0.2	224	14.4	64	1007		0		0.1		
06/11/2015	04			0.5	255	13.4	69	1007		0		0.1		
06/11/2015	05			0.3	229	12.8	71	1007		0		0.1		
06/11/2015	06			0.2	223	13.2	68	1008		0		0.1		
06/11/2015	07			0.3	219	13.1	68	1008		0		0.1		
06/11/2015	08			0.2	227	14.1	65	1009		0		0.1		
06/11/2015	09			0.2	237	16.7	57	1009		0		0.1		
06/11/2015	10			0.1	356	18.8	50	1009		0		0.1		
06/11/2015	11			0.5	100	20.8	45	1009		0		0.1		
06/11/2015	12			1.7	111	21.3	45	1009		0		0.1		
06/11/2015	13			1.5	108	21.7	43	1009		0		0.1		
06/11/2015	14			1.4	99	21.9	41	1008		0		0.1		
06/11/2015	15			1.6	103	21.6	43	1007		0		0.1		
06/11/2015	16			1.3	98	20.6	47	1007		0		0.1		
06/11/2015	17			0.9	100	17.1	70	1007		0		0.1		
06/11/2015	18			0.2	110	15.7	79	1008		0		0.1		
06/11/2015	19			0.1	184	15.3	81	1008		0		0.1		
06/11/2015	20			0.1	215	14.9	83	1009		0		0.1		
06/11/2015	21			0.1	223	14.4	82	1009		0		0.1		
06/11/2015	22			0.1	202	14.1	81	1010		0		0.1		
06/11/2015	23			0.1	220	13.8	83	1010		0		0.1		
07/11/2015	00			0.1	244	13.2	83	1010		0		0.1		
07/11/2015	01			0.1	242	12.7	82	1010		0		0.1		
07/11/2015	02			0.1	203	12.4	82	1010		0		0.1		
07/11/2015	03			0.1	224	12	82	1010		0		0.1		
07/11/2015	04			0.2	207	11.8	82	1009		0		0.1		
07/11/2015	05			0.5	236	12.1	79	1010		0		0.1		
07/11/2015	06			0.1	93	12	78	1010		0		0.1		
07/11/2015	07			0.1	75	11.3	80	1010		0		0.1		
07/11/2015	08			0.1	226	12.7	74	1011		0		0.1		
07/11/2015	09			0.1	56	16.1	64	1011		0		0.1		
07/11/2015	10			0.2	95	18.3	57	1011		0		0.1		
07/11/2015	11			0.8	115	20.3	52	1010		0		0.1		
07/11/2015	12			0.8	114	21.6	46	1010		0		0.1		
07/11/2015	13			1.7	107	22.3	45	1009		0		0.1		
07/11/2015	14			2.3	106	22.1	45	1008		0		0.1		
07/11/2015	15			2.2	102	21.5	48	1008		0		0.1		
07/11/2015	16			2.3	102	19.6	56	1008		0		0.1		
07/11/2015	17			0.7	100	16.5	71	1008		0		0.1		
07/11/2015	18			0.1	129	15.2	80	1009		0		0.1		
07/11/2015	19			0.1	201	14.9	82	1010		0		0.1		
07/11/2015	20			0.1	214	14.4	83	1011		0		0.1		
07/11/2015	21			0.2	232	13.6	83	1011		0		0.1		
07/11/2015	22			0.3	223	13.1	84	1012		0		0.1		
07/11/2015	23			0.2	211	13.6	85	1012		0		0.1		
08/11/2015	00			0.1	158	13	87	1012		0		0.1		
08/11/2015	01			0.1	240	12.4	86	1012		0		0.1		
08/11/2015	02			0.1	236	11.8	84	1012		0		0.1		
08/11/2015	03			0.1	214	11.7	82	1012		0		0.1		
08/11/2015	04			0.1	240	11.1	82	1012		0		0.1		
08/11/2015	05			0.1	238	11.3	80	1012		0		0.1		
08/11/2015	06			0.2	281	11.7	77	1013		0		0.1		
08/11/2015	07			0.6	236	11.4	76	1013		0		0.1		
08/11/2015	08			0.7	248	11.5	78	1014		0		0.1		
08/11/2015	09			0.7	243	12.8	74	1014		0		0.1		
08/11/2015	10			0.6	240	15	67	1014		0		0.1		
08/11/2015	11			0.4	142	18.4	57	1014		0		0.1		
08/11/2015	12			1.1	106	18.4	58	1013		0		0.1		
08/11/2015	13			0.8	108	19	56	1012		0		0.1		
08/11/2015	14			0.8	120	20.3	51	1012		0		0.1		
08/11/2015	15			0.4	108	20.7	50	1011		0		0.1		
08/11/2015	16			1.4	101	19	56	1011		0		0.1		
08/11/2015	17			1	103	15.7	69	1011		0		0.1		
08/11/2015	18			0.2	116	14.3	77	1012		0		0.1		
08/11/2015	19			0.1	146	13.7	81	1013		0		0.1		
08/11/2015	20			0.1	221	13.5	82	1013		0		0.1		
08/11/2015	21			0.1	247	13.9	80	1014		0		0.1		
08/11/2015	22			0.2	242	13.4	80	1014		0		0.1		
08/11/2015	23			0.3	217	12.4	81	1014		0		0.1		
09/11/2015	00			0.2	228	12.5	83	1014		0		0.1		
09/11/2015	01			0.1	217	12.2	84	1014		0		0.1		
09/11/2015	02			0.2	209	11.8	84	1014		0		0.1		
09/11/2015	03			1.1	234	11.1	85	1014		0		0.1		
09/11/2015	04			0.2	225	10.7	87	1014		0		0.1		
09/11/2015	05			0.1	181	10.4	86	1014		0		0.1		
09/11/2015	06			0.1	191	9.8	80	1015		0		0.1		
09/11/2015	07			0.1	194	9.6	81	1015		0		0.1		
09/11/2015	08			0.1	272	10.2	80	1016		0		0.1		
09/11/2015	09			0.2	273	12	74	1016		0		0.1		
09/11/2015	10			0.4	276	14.7	64	1016		0		0.1		
09/11/2015	11			0.1	350	17.3	55	1016		0		0.1		
09/11/2015	12			0.6	124	18.7	53	1015		0		0.1		
09/11/2015	13			1.3	112	19.6	52	1014		0		0.1		
09/11/2015	14			1	101	20	52	1014		0		0.1		
09/11/2015	15			0.9	98	20	51	1013		0		0.1		
09/11/2015	16			1	97	18	61	1013		0		0.1		
09/11/2015	17			0.3	102	14.9	74	1013		0		0.1		
09/11/2015	18			0.1	125	13.5	81	1014		0		0.1		
09/11/2015	19			0.1	181	12.9	83	1014		0		0.1		
09/11/2015	20			0.2	177	12.8	85	1014		0		0.1		
09/11/2015	21			0.1	189	12.2	86	1015		0		0.1		
09/11/2015	22			0.1	199	11.5	87	1015		0		0.1		
09/11/2015	23			0.3	199	11.4	83	1014		0		0.1		
10/11/2015	00			0.1	252	10.3	82	1014		0		0.1		
10/11/2015	01			0.1	160	9.7	83	1014		0		0.1		
10/11/2015	02			0.1	161	9.8	80	1014		0		0.1		
10/11/2015	03			0.2	257	9.5	76	1013		0		0.1		
10/11/2015	04			0.1	154	8.9	77	1013		0		0.1		
10/11/2015	05			0.2	124	9	75	1013		0		0.1		
10/11/2015	06			0.2	322	9.5	69	1013		0		0.1		
10/11/2015	07			0.1	300	8.4	74	1013		0		0.1		
10/11/2015	08			0.2	244	10.5	62	1013		0		0.1		
10/11/2015	09			0.2	327	12.9	57	1013		0		0.1		
10/11/2015	10			0.2	207	16.1	49	1013		0		0.1		
10/11/2015	11			0.1	23	18.3	46	1013		0		0.1		
10/11/2015	12			0.4	101	20.3	41	1012		0		0.1		
10/11/2015	13			1.1	107	21.6	41	1010		0		0.1		
10/11/2015	14			2.2	108	21.1	44	1009		0		0.1		
10/11/2015	15			2	103	20.2	48	1008		0		0.1		
10/11/2015	16			1.9	102	18.9	54	1008		0		0.1		
10/11/2015	17			0.5	97	15.4	67	1008		0		0.1		
10/11/2015	18			0.1	162	13.7	76	1009		0		0.1		
10/11/2015	19			0.1	200	13	79	1009		0		0.1		
10/11/2015	20			0.1	230	12.6	80	1010		0		0.1		
10/11/2015	21			0.1	225	12.4	81	1010		0		0.1		
10/11/2015	22			0.1	229	12.3	81	1010		0		0.1		
10/11/2015	23			0.1	229	12	81	1010		0		0.1		
11/11/2015	00			0.1	224	11.6	81	1010		0		0.1		
11/11/2015	01			0.2	246	10.7	81	1010		0		0.1		
11/11/2015	02			0.1	238	10.4	76	1009		0		0.1		
11/11/2015	03			0.1	55	10	72	1009		0		0.1		
11/11/2015	04			0.1	201	9.8	69	1008		0		0.1		
11/11/2015	05			0.1	261	8.8	73	1008		0		0.1		
11/11/2015	06			0.1	47	8.3	76	1009		0		0.1		
11/11/2015	07			0.1	287	8.6	72	1009		0		0.1		
11/11/2015	08			0.1	288	9.5	69	1010		0		0.1		
11/11/2015	09			0.1	259	12.7	59	1010		0		0.1		
11/11/2015	10			0.1	353	15.3	58	1011		0		0.1		
11/11/2015	11			0.2	76	16.9	57	1010		0		0.1		
11/11/2015	12			0.4	140	18	52	1009		0		0.1		
11/11/2015	13			0.5	97	19.8	45	1008		0		0.1		
11/11/2015	14			0.9	106	20.3	41	1007		0		0.1		
11/11/2015	15			1.4	110	19.9	48	1007		0		0.1		
11/11/2015	16			1.8	102	18.2	56	1006		0		0.1		
11/11/2015	17			0.7	105	14.8	70	1006		0		0.1		
11/11/2015	18			0.1	124	13.3	78	1007		0		0.1		
11/11/2015	19			0.1	159	12.8	80	1007		0		0.1		
11/11/2015	20			0.1	224	12.4	83	1008		0		0.1		
11/11/2015	21			0.1	232	12.1	83	1008		0		0.1		
11/11/2015	22			0.1	236	11.7	83	1008		0		0.1		
11/11/2015	23			0.1	239	11.5	84	1008		0		0.1		
12/11/2015	00			0.1	228	11.2	84	1008		0		0.1		
12/11/2015	01			0.1	198	10.9	84	1008		0		0.1		
12/11/2015	02			0.1	165	10.2	84	1008		0		0.1		
12/11/2015	03			0.1	256	10.2	81	1009		0		0.1		
12/11/2015	04			0.2	247	10.5	80	1008		0		0.1		
12/11/2015	05			0.2	249	10.5	83	1009		0		0.1		
12/11/2015	06			0.4	238	10.3	84	1009		0		0.1		
12/11/2015	07			0.5	236	10.8	85	1009		0		0.1		
12/11/2015	08			0.5	242	11.1	83	1010		0		0.1		
12/11/2015	09			0.6	238	11.7	80	1010		0		0.1		
12/11/2015	10			0.9	235	12.6	75	1010		0		0.1		
12/11/2015	11			0.5	256	13.9	70	1010		0		0.1		
12/11/2015	12			0.1	213	14.9	65	1009		0		0.1		
12/11/2015	13			0.1	231	15.3	61	1009		0		0.1		
12/11/2015	14			0.2	82	16	57	1008		0		0.1		
12/11/2015	15			0.1	147	16.8	55	1007		0		0.1		
12/11/2015	16			0.3	112	16.5	55	1007		0		0.1		
12/11/2015	17			0.2	122	13.8	67	1007		0		0.1		
12/11/2015	18			0.1	190	12	75	1008		0		0.1		
12/11/2015	19			0.1	196	11.7	77	1009		0		0.1		
12/11/2015	20			0.1	235	12.8	74	1009		0		0.1		
12/11/2015	21			0.1	253	13	72	1009		0		0.1		
12/11/2015	22			0.1	211	12.9	72	1009		0		0.1		
12/11/2015	23			0.1	180	13	71	1010		0		0.1		
13/11/2015	00			0.1	183	13.1	69	1010		0		0.1		
13/11/2015	01			0.2	252	13.2	66	1010		0		0.1		
13/11/2015	02			0.1	227	13	67	1010		0		0.1		
13/11/2015	03			0.1	234	12.5	71	1010		0		0.1		
13/11/2015	04			0.2	239	12.2	72	1010		0		0.1		
13/11/2015	05			0.2	223	11.9	73	1010		0		0.1		
13/11/2015	06			0.5	202	11.2	75	1011		0		0.1		
13/11/2015	07			0.4	215	11.1	73	1011		0		0.1		
13/11/2015	08			0.5	219	11	73	1012		0		0.1		
13/11/2015	09			0.5	214	11.8	70	1013		0		0.1		
13/11/2015	10			0.5	231	13.9	63	1013		0		0.1		
13/11/2015	11			0.8	254	15.7	56	1013		0		0.1		
13/11/2015	12			0.3	253	17.2	50	1013		0		0.1		
13/11/2015	13			0.4	117	18.2	47	1012		0		0.1		
13/11/2015	14			1.3	118	19.1	44	1012		0		0.1		
13/11/2015	15			1.4	111	18.3	49	1011		0		0.1		
13/11/2015	16			1	98	16.8	59	1011		0		0.1		
13/11/2015	17			0.4	103	14.3	71	1012		0		0.1		
13/11/2015	18			0.1	139	13.2	76	1012		0		0.1		
13/11/2015	19			0.1	195	12.7	79	1013		0		0.1		
13/11/2015	20			0.1	224	12.6	80	1014		0		0.1		
13/11/2015	21			0.1	231	12.7	79	1015		0		0.1		
13/11/2015	22			0.3	242	13.2	78	1015		0		0.1		
13/11/2015	23			0.1	227	13.2	78	1015		0		0.1		
14/11/2015	00			0.1	218	12.9	79	1015		0		0.1		
14/11/2015	01			0.2	248	12	82	1015		0		0.1		
14/11/2015	02			0.2	233	11.5	83	1015		0		0.1		
14/11/2015	03			0.4	238	11.5	83	1015		0		0.1		
14/11/2015	04			0.5	234	11	82	1015		0		0.1		
14/11/2015	05			0.9	243	10.5	80	1015		0		0.1		
14/11/2015	06			0.4	234	10.3	78	1015		0		0.1		
14/11/2015	07			0.5	238	10	78	1016		0		0.1		
14/11/2015	08			0.4	229	10.2	76	1016		0		0.1		
14/11/2015	09			1.7	189	11.6	72	1016		0		0.1		
14/11/2015	10			0.8	226	14.4	64	1016		0		0.1		
14/11/2015	11			0.2	305	16.7	56	1016		0		0.1		
14/11/2015	12			0.4	166	18.3	51	1015		0		0.1		
14/11/2015	13			1.2	118	19	49	1014		0		0.1		
14/11/2015	14			1.2	115	19.5	46	1013		0		0.1		
14/11/2015	15			1.3	120	19.3	46	1012		0		0.1		
14/11/2015	16			1.8	104	17.9	51	1012		0		0.1		
14/11/2015	17			0.9	107	14.7	66	1012		0		0.1		
14/11/2015	18			0.7	119	13.2	74	1012		0		0.1		
14/11/2015	19			0.4	132	12.7	77	1012		0		0.1		
14/11/2015	20			0.2	173	12.3	79	1012		0		0.1		
14/11/2015	21			0.2	243	11.3	80	1012		0		0.1		
14/11/2015	22			0.2	245	11	81	1013		0		0.1		
14/11/2015	23			0.1	230	10.6	80	1012		0		0.1		
15/11/2015	00			0.1	234	10.6	79	1012		0		0.1		
15/11/2015	01			0.1	242	10.3	79	1012		0		0.1		
15/11/2015	02			0.1	253	9.3	79	1012		0		0.1		
15/11/2015	03			0.1	237	9.2	80	1011		0		0.1		
15/11/2015	04			0.1	229	9	79	1011		0		0.1		
15/11/2015	05			0.1	236	8.6	78	1011		0		0.1		
15/11/2015	06			0.2	243	8.4	77	1011		0		0.1		
15/11/2015	07			0.3	207	8.6	75	1010		0		0.1		
15/11/2015	08			0.2	215	9.2	73	1011		0		0.1		
15/11/2015	09			0.2	100	10.8	68	1011		0		0.1		
15/11/2015	10			0.2	150	14	59	1011		0		0.1		
15/11/2015	11			0.5	156	16.7	49	1010		0		0.1		
15/11/2015	12			1.3	128	18.2	46	1009		0		0.1		
15/11/2015	13			1.4	103	18.8	46	1007		0		0.1		
15/11/2015	14			1.2	108	19.4	44	1006		0		0.1		
15/11/2015	15			1.8	104	19.1	46	1006		0		0.1		
15/11/2015	16			1.6	105	17.5	53	1005		0		0.1		
15/11/2015	17			0.4	106	14.1	69	1005		0		0.1		
15/11/2015	18			0.1	134	12.4	77	1005		0		0.1		
15/11/2015	19			0.1	199	11.8	81	1006		0		0.1		
15/11/2015	20			0.1	233	11.5	82	1006		0		0.1		
15/11/2015	21			0.2	235	11.2	82	1006		0		0.1		
15/11/2015	22			0.1	215	10.9	81	1006		0		0.1		
15/11/2015	23			0.1	162	10.5	80	1006		0		0.1		
16/11/2015	00			0.3	238	10.2	72	1006		0		0.1		
16/11/2015	01			0.1	265	9.4	76	1006		0		0.1		
16/11/2015	02			0.1	5	8.5	78	1006		0		0.1		
16/11/2015	03			0.1	39	7.5	82	1005		0		0.1		
16/11/2015	04			1	197	10.1	72	1005		0		0.1		
16/11/2015	05			1	237	9.9	70	1005		0		0.1		
16/11/2015	06			0.4	273	8.8	71	1005		0		0.1		
16/11/2015	07			0.4	233	9	69	1005		0		0.1		
16/11/2015	08			1.3	214	9.5	64	1006		0		0.1		
16/11/2015	09			1.4	231	11.3	58	1006		0		0.1		
16/11/2015	10			0.9	243	14.5	48	1006		0		0.1		
16/11/2015	11			0.5	217	17.2	40	1006		0		0.1		
16/11/2015	12			0.5	189	19	33	1005		0		0.1		
16/11/2015	13			0.7	150	20.5	30	1004		0		0.1		
16/11/2015	14			0.7	106	21.4	33	1003		0		0.1		
16/11/2015	15			1.7	102	19.7	43	1003		0		0.1		
16/11/2015	16			0.8	92	17.9	47	1003		0		0.1		
16/11/2015	17			0.4	105	14.6	61	1003		0		0.1		
16/11/2015	18			0.1	145	12.6	69	1004		0		0.1		
16/11/2015	19			0.1	200	11.8	74	1005		0		0.1		
16/11/2015	20			0.1	234	11.7	75	1005		0		0.1		
16/11/2015	21			0.1	230	11.3	75	1006		0		0.1		
16/11/2015	22			0.3	240	11	76	1006		0		0.1		
16/11/2015	23			0.2	233	10.7	77	1006		0		0.1		
17/11/2015	00			0.1	238	10.8	77	1006		0		0.1		
17/11/2015	01			0.1	222	10.5	75	1006		0		0.1		
17/11/2015	02			0.6	230	10.4	67	1006		0		0.1		
17/11/2015	03			0.7	238	9.6	69	1006		0		0.1		
17/11/2015	04			1	212	10	65	1006		0		0.1		
17/11/2015	05			0.6	248	9.9	66	1007		0		0.1		
17/11/2015	06			0.9	246	9.9	64	1007		0	3	0.1		
17/11/2015	07			0.8	225	9.7	63	1007		0	3	0.1		
17/11/2015	08			1.5	233	9.9	61	1008		0	3	0.1		
17/11/2015	09			1.6	237	11.8	54	1008		0	3	0.1		
17/11/2015	10			1	242	15.1	46	1009		0	3	0.1		
17/11/2015	11			0.4	206	17.7	38	1009		0	3	0.1		
17/11/2015	12		6	0.1	190	19.7	32	1008		0	3	0.1		
17/11/2015	13		11	0.7	131	20.8	29	1007		0	3	0.1		
17/11/2015	14		10	1.2	103	20.8	32	1006		0	3	0.1		
17/11/2015	15		46	1.3	106	20.5	32	1007		0	3	0.1		
17/11/2015	16		27	1.2	112	19.1	40	1009		0	3	0.1		
17/11/2015	17		8	0.5	115	14.7	58	1008		0	3	0.1		
17/11/2015	18		3	0.1	145	12.6	70	1008		0	3	0.1		
17/11/2015	19		2	0.1	183	11.8	75	1009		0	3	0.1		
17/11/2015	20		2	0.1	199	11.1	79	1009		0	3	0.1		
17/11/2015	21		2	0.1	232	10.6	77	1010		0	3	0.1		
17/11/2015	22		2	0.2	239	9.9	76	1011		0	3	0.1		
17/11/2015	23		2	0.2	217	10.1	74	1011		0	3	0.1		
18/11/2015	00		3	0.2	225	10.3	72	1011		0	3	0.1		
18/11/2015	01		4	0.1	211	9.3	73	1010		0	3	0.1		
18/11/2015	02		14	0.4	217	9.1	68	1010		0	3	0.1		
18/11/2015	03		13	0.4	257	8.2	70	1010		0	3	0.1		
18/11/2015	04		13	0.1	213	8.3	68	1010		0	3	0.1		
18/11/2015	05		23	0.4	222	9.2	63	1010		0	3	0.1		
18/11/2015	06		20	1.3	228	9	63	1010		0	3	0.1		
18/11/2015	07		10	0.2	218	8.6	61	1011		0	3	0.1		
18/11/2015	08		6	0.8	205	9	61	1012		0	3	0.1		
18/11/2015	09		16	0.8	169	10.9	56	1012		0	3	0.1		
18/11/2015	10		7	0.2	277	13.7	50	1012		0	3	0.1		
18/11/2015	11		28	1.5	154	17.1	40	1012		0	3	0.1		
18/11/2015	12		21	1.1	107	18.3	42	1011		0	3	0.1		
18/11/2015	13		42	1.1	107	20	35	1010		0	3	0.1		
18/11/2015	14		50	1.3	103	20.2	34	1009		0	3	0.1		
18/11/2015	15		57	1.8	104	17.8	37	1009		0	3	0.1		
18/11/2015	16		66	1.4	103	16.7	50	1009		0	3	0.1		
18/11/2015	17		41	0.1	113	14	65	1009		0	3	0.1		
18/11/2015	18		3	0.1	181	12.3	74	1010		0	3	0.1		
18/11/2015	19		3	0.1	223	11.9	77	1010		0	3	0.1		
18/11/2015	20		3	0.1	231	11.6	73	1010		0	3	0.1		
18/11/2015	21		8	0.1	257	11.7	71	1010		0	3	0.1		
18/11/2015	22		4	0.1	304	11.4	69	1011		0	3	0.1		
18/11/2015	23		3	0.1	35	10.2	71	1010		0	3	0.1		
19/11/2015	00		4	0.1	296	9.8	68	1010		0	3	0.1		
19/11/2015	01		10	0.1	203	9.8	65	1010		0	3	0.1		
19/11/2015	02		16	0.1	244	10.2	61	1010		0	3	0.1		
19/11/2015	03		27	0.5	209	11.3	54	1010		0	3	0.1		
19/11/2015	04		29	0.3	266	11.4	54	1010		0	3	0.1		
19/11/2015	05		4	0.1	24	9.2	66	1010		0	3	0.1		
19/11/2015	06		5	0.3	308	9.8	62	1011		0	3	0.1		
19/11/2015	07		3	0.2	269	9.6	64	1012		0	3	0.1		
19/11/2015	08		7	1.2	205	11.4	56	1012		0	3	0.1		
19/11/2015	09		7	0.3	299	12.6	56	1013		0	3	0.1		
19/11/2015	10		5	0.3	274	15.7	49	1013		0	3	0.1		
19/11/2015	11		21	0.4	232	18.9	40	1012		0	3	0.1		
19/11/2015	12		32	0.9	129	20.9	37	1012		0	3	0.1		
19/11/2015	13		29	1.1	106	22	37	1011		0	3	0.1		
19/11/2015	14		40	1.3	102	22.4	35	1010		0	3	0.1		
19/11/2015	15		62	1.7	102	21.8	34	1009		0	3	0.1		
19/11/2015	16		63	2	103	19.3	45	1009		0	3	0.1		
19/11/2015	17		59	0.4	98	15.7	60	1010		0	3	0.1		
19/11/2015	18		13	0.1	168	14.3	67	1011		0	3	0.1		
19/11/2015	19		3	0.1	188	13.4	73	1011		0	3	0.1		
19/11/2015	20		3	0.2	233	12.9	75	1012		0	3	0.1		
19/11/2015	21		3	0.1	211	12.5	75	1013		0	3	0.1		
19/11/2015	22		3	0.1	206	11.8	78	1013		0	3	0.1		
19/11/2015	23		3	0.1	238	11.3	78	1013		0	3	0.1		
20/11/2015	00		3	0.1	313	11	78	1013		0	3	0.1		
20/11/2015	01		3	0.1	335	10.6	76	1012		0	3	0.1		
20/11/2015	02		4	0.1	268	10.2	77	1013		0	3	0.1		
20/11/2015	03		8	0.1	273	10.3	74	1012		0	3	0.1		
20/11/2015	04		19	1	215	11.9	64	1012		0	3	0.1		
20/11/2015	05		23	1.5	219	12.4	61	1012		0	3	0.1		
20/11/2015	06		25	1.7	221	12.3	60	1011		0	3	0.1		
20/11/2015	07		22	1.4	209	12.4	59	1011		0	3	0.1		
20/11/2015	08		17	1.4	226	12.6	58	1012		0	3	0.1		
20/11/2015	09		20	1.7	213	14.2	53	1012		0	3	0.1		
20/11/2015	10		30	1.8	208	16.8	46	1011		0	3	0.1		
20/11/2015	11		34	2.1	192	19	40	1011		0	3	0.1		
20/11/2015	12		42	2.2	193	20.9	34	1010		0	3	0.1		
20/11/2015	13		47	2.6	183	22.5	31	1008		0	3	0.1		
20/11/2015	14		51	3	182	23	31	1007		0	3	0.1		
20/11/2015	15		54	1.8	188	23	32	1005		0	3	0.1		
20/11/2015	16		49	3	175	22.4	31	1005		0	3	0.1		
20/11/2015	17		48	3	165	20.9	33	1005		0	3	0.1		
20/11/2015	18		57	3.1	184	20.2	32	1005		0	3	0.1		
20/11/2015	19		45	2.7	188	19.4	30	1005		0	3	0.1		
20/11/2015	20		43	2.5	187	18.6	33	1005		0	3	0.1		
20/11/2015	21		34	2.1	179	17.9	34	1005		0	3	0.1		
20/11/2015	22		36	1.7	177	17.3	35	1004		0	3	0.1		
20/11/2015	23		45	2.2	152	16.5	39	1003		0	3	0.1		
21/11/2015	00		49	1.6	141	15.7	39	1002		0	3	0.1		
21/11/2015	01		56	1.3	167	16.1	34	1001		0	3	0.1		
21/11/2015	02		63	2	157	15.9	34	999		0	3	0.1		
21/11/2015	03		65	2	221	16.5	30	998		0	3	0.1		
21/11/2015	04		63	2.7	177	15.8	34	996		0	3	0.1		
21/11/2015	05		55	2.5	178	14.8	43	995		0	3	0.1		
21/11/2015	06		61	4.1	218	15.8	37	993		0	3	0.1		
21/11/2015	07		54	2.9	192	14.4	47	995		0	3	0.1		
21/11/2015	08		44	3.4	166	13.4	55	994		0	3	0.1		
21/11/2015	09		42	2.8	172	13.7	53	993		0	3	0.1		
21/11/2015	10		41	4.1	175	14.7	48	993		0	3	0.1		
21/11/2015	11		44	2.9	189	17.6	39	992		0	3	0.1		
21/11/2015	12		58	2.6	243	18	33	992		0	3	0.1		
21/11/2015	13		73	1.5	264	18.6	27	992		0	3	0.1		
21/11/2015	14		78	2	254	19	23	992		0	3	0.1		
21/11/2015	15		83	2.3	253	17.7	21	993		0	3	0.1		
21/11/2015	16		82	2.2	251	16.3	20	994		0	3	0.1		
21/11/2015	17		81	1.8	246	13.9	23	995		0	3	0.1		
21/11/2015	18		75	1.1	253	12.5	25	996		0	3	0.1		
21/11/2015	19		81	1.6	269	11.7	25	998		0	3	0.1		
21/11/2015	20		76	1.5	278	10.9	27	999		0	3	0.1		
21/11/2015	21		74	1.9	267	9.9	30	999		0	3	0.1		
21/11/2015	22		85	1.8	275	9.4	30	999		0	3	0.1		
21/11/2015	23		87	2.5	263	8.9	32	999		0	3	0.1		
22/11/2015	00		83	2.8	245	8.3	34	999		0	3	0.1		
22/11/2015	01		85	3.5	249	8.4	34	998		0	3	0.1		
22/11/2015	02		85	2.2	236	8.3	36	998		0	3	0.1		
22/11/2015	03		84	2	240	8	38	998		0	3	0.1		
22/11/2015	04		81	1.5	260	7.8	39	998		0	3	0.1		
22/11/2015	05		81	1.8	245	7.8	39	998		0	3	0.1		
22/11/2015	06		79	1.7	229	7.2	41	998		0	3	0.1		
22/11/2015	07		67	1.1	197	6.1	44	998		0	3	0.1		
22/11/2015	08		67	1.8	212	6.9	43	998		0	3	0.1		
22/11/2015	09		62	0.9	197	8.4	41	998		0	3	0.1		
22/11/2015	10		77	2.3	249	11.2	31	998		0	3	0.1		
22/11/2015	11		81	2.7	254	12.1	29	998		0	3	0.1		
22/11/2015	12		84	3.4	245	12.8	27	997		0	3	0.1		
22/11/2015	13		85	2.4	254	13.7	25	996		0	3	0.1		
22/11/2015	14		87	2.4	241	14.5	22	995		0	3	0.1		
22/11/2015	15		88	1.8	253	14.3	22	994		0	3	0.1		
22/11/2015	16		87	1.3	255	13.2	23	994		0	3	0.1		
22/11/2015	17		73	0.2	232	10.9	28	995		0	3	0.1		
22/11/2015	18		22	0.1	197	9	34	996		0	3	0.1		
22/11/2015	19		17	0.1	193	8.2	37	997		0	3	0.1		
22/11/2015	20		38	0.2	208	8	38	997		0	3	0.1		
22/11/2015	21		44	0.4	214	7.4	42	998		0	3	0.1		
22/11/2015	22		36	0.6	194	7.1	43	999		0	3	0.1		
22/11/2015	23		46	0.9	206	6.9	44	999		0	3	0.1		
23/11/2015	00		54	0.6	203	6.4	46	999		0	3	0.1		
23/11/2015	01		56	0.7	199	5.9	49	999		0	3	0.1		
23/11/2015	02		57	0.4	209	5.8	49	999		0	3	0.1		
23/11/2015	03		58	0.3	212	5.9	49	999		0	3	0.1		
23/11/2015	04		56	0.1	215	5.8	51	999		0	3	0.1		
23/11/2015	05		52	0.4	202	5.4	53	999		0	3	0.1		
23/11/2015	06		48	0.7	225	5.2	51	1000		0	3	0.1		
23/11/2015	07		39	0.9	255	5.6	46	1000		0	3	0.1		
23/11/2015	08		3	0.4	271	4.9	42	1002		0	3	0.1		
23/11/2015	09		19	0.4	276	6.8	34	1004		0	3	0.1		
23/11/2015	10		34	0.2	272	7.9	30	1005		0	3	0.1		
23/11/2015	11		25	0.2	352	9.6	28	1006		0	3	0.1		
23/11/2015	12		36	0.5	299	10.2	33	1005		0	3	0.1		
23/11/2015	13		45	0.8	23	10.4	38	1005		0	3	0.1		
23/11/2015	14		52	0.6	50	11.6	36	1004		0	3	0.1		
23/11/2015	15		40	0.6	15	12.9	29	1004		0	3	0.1		
23/11/2015	16		32	0.2	141	11.3	29	1004		0	3	0.1		
23/11/2015	17		13	0.1	174	8.1	41	1005		0	3	0.2		
23/11/2015	18		6	0.7	180	7	46	1006		0	3	0.2		
23/11/2015	19		28	0.6	195	6.8	49	1007		0	3	0.1		
23/11/2015	20		24	0.7	229	5.6	53	1007		0	3	0.1		
23/11/2015	21		19	0.5	222	4.4	57	1008		0	3	0.1		
23/11/2015	22		11	0.9	198	4.1	55	1008		0	3	0.1		
23/11/2015	23		20	0.6	223	3.9	54	1008		0	3	0.1		
24/11/2015	00		32	0.2	222	4.3	45	1008		0	3	0.1		
24/11/2015	01		42	0.4	230	4.7	46	1008		0	3	0.1		
24/11/2015	02		53	0.7	224	5.9	46	1008		0	3	0.1		
24/11/2015	03		51	0.5	199	4.9	50	1009		0	3	0.1		
24/11/2015	04		56	0.2	220	5.1	50	1008		0	3	0.1		
24/11/2015	05		54	0.7	229	4.8	52	1008		0	3	0.1		
24/11/2015	06		49	0.4	229	4.6	54	1009		0	3	0.1		
24/11/2015	07		31	0.8	196	4	54	1009		0	3	0.1		
24/11/2015	08		12	0.5	201	3.8	55	1010		0	3	0.1		
24/11/2015	09		20	0.3	217	6.1	47	1010		0	3	0.1		
24/11/2015	10		38	0.3	249	10.1	34	1011		0	3	0.1		
24/11/2015	11		60	0.3	113	12.1	24	1011		0	3	0.1		
24/11/2015	12		67	0.5	179	13	21	1010		0	3	0.1		
24/11/2015	13		61	0.5	95	13.9	20	1010		0	3	0.1		
24/11/2015	14		76	0.4	147	13.6	20	1009		0	3	0.1		
24/11/2015	15		80	0.9	168	13.8	21	1008		0	3	0.1		
24/11/2015	16		69	0.7	189	12.9	23	1008		0	3	0.1		
24/11/2015	17		26	0.2	137	10.4	33	1008		0	3	0.1		
24/11/2015	18		14	0.2	140	8.3	44	1009		0	3	0.1		
24/11/2015	19		2	0.2	227	7.8	44	1009		0	3	0.1		
24/11/2015	20		2	0.1	255	7.4	46	1010		0	3	0.1		
24/11/2015	21		4	0.1	239	7.1	46	1010		0	3	0.1		
24/11/2015	22		22	0.2	208	7.5	46	1010		0	3	0.1		
24/11/2015	23		40	1.8	197	7.8	45	1009		0	3	0.1		
25/11/2015	00		47	1.2	202	7.9	45	1009		0	3	0.1		
25/11/2015	01		51	2.3	191	8.2	47	1008		0	3	0.1		
25/11/2015	02		54	3.1	188	8.3	49	1007		0	3	0.1		
25/11/2015	03		55	2.3	201	8.6	50	1007		0	3	0.1		
25/11/2015	04		57	2.6	200	9	49	1006		0	3	0.1		
25/11/2015	05		53	2	217	9.1	49	1006		0	3	0.1		
25/11/2015	06		41	3.6	192	8.9	48	1005		0	3	0.1		
25/11/2015	07		29	3.8	184	8.8	49	1005		0	3	0.1		
25/11/2015	08		29	3.4	186	9.3	48	1005		0	3	0.1		
25/11/2015	09		33	3.9	191	9.6	48	1005		0	3	0.1		
25/11/2015	10		37	2.7	188	11	46	1004		0	3	0.1		
25/11/2015	11		52	2.1	236	14.2	37	1004		0	3	0.1		
25/11/2015	12		63	3.2	253	17.8	28	1003		0	3	0.1		
25/11/2015	13		52	2.7	252	18.7	26	1001		0	3	0.1		
25/11/2015	14		74	2.3	251	19.6	26	1000		0	3	0.1		
25/11/2015	15		56	2	255	19	27	1000		0	3	0.1		
25/11/2015	16		46	2	216	17	31	999		0	3	0.1		
25/11/2015	17		46	3	219	15.4	34	999		0	3	0.1		
25/11/2015	18		62	3	195	15.2	36	999		0	3	0.1		
25/11/2015	19		62	2.5	194	15.2	38	999		0	3	0.1		
25/11/2015	20		53	1.6	182	15.2	39	999		0	3	0.1		
25/11/2015	21		58	2.9	184	14.8	40	999		0	3	0.1		
25/11/2015	22		62	3.2	191	14	42	999		0	3	0.1		
25/11/2015	23		64	1.6	215	13.7	42	1000		0	3	0.1		
26/11/2015	00		63	0.7	257	13.1	40	1000		0	3	0.1		
26/11/2015	01		75	0.2	276	12.5	40	1000		0	3	0.1		
26/11/2015	02		82	1.3	273	12.8	38	999		0	3	0.1		
26/11/2015	03		90	2.8	271	13.5	35	999		0	3	0.1		
26/11/2015	04		97	2	274	13.5	32	999		0	3	0.1		
26/11/2015	05		93	1.5	275	13	32	999		0	3	0.1		
26/11/2015	06		90	0.6	283	12.8	33	998		0	3	0.1		
26/11/2015	07		69	0.9	255	12.7	33	999		0	3	0.1		
26/11/2015	08		46	1.4	246	13.5	31	999		0	3	0.1		
26/11/2015	09		50	1.6	270	14.6	30	999		0	3	0.1		
26/11/2015	10		70	2	269	15.9	26	1000		0	3	0.1		
26/11/2015	11		80	4.3	270	16.3	25	999		0	3	0.1		
26/11/2015	12		85	4.4	267	16.8	24	999		0	3	0.1		
26/11/2015	13		82	2.9	262	17.2	24	998		0	3	0.1		
26/11/2015	14		95	2.5	261	18.6	21	997		0	3	0.1		
26/11/2015	15		78	0.4	232	19.9	19	997		0	3	0.1		
26/11/2015	16		71	0.3	135	19	21	996		0	3	0.1		
26/11/2015	17		7	0.1	168	15.2	31	996		0	3	0.2		
26/11/2015	18		9	0.3	183	14.3	31	997		0	3	0.1		
26/11/2015	19		8	0.3	168	13.5	32	997		0	3	0.1		
26/11/2015	20		2	0.2	223	12.3	36	998		0	3	0.2		
26/11/2015	21		66	2.1	266	13.9	36	998		0	3	0.1		
26/11/2015	22		92	3.1	270	14.4	35	998		0	3	0.1		
26/11/2015	23		93	2.2	267	14	37	998		0	3	0.1		
27/11/2015	00		93	2.1	267	13.4	39	998		0	3	0.1		
27/11/2015	01		95	1.2	267	13.2	39	998		0	3	0.1		
27/11/2015	02		91	0.9	257	12.3	42	998		0	3	0.1		
27/11/2015	03		87	0.7	265	12	43	998		0	3	0.1		
27/11/2015	04		89	0.7	273	11.9	42	998		0	3	0.1		
27/11/2015	05		83	0.1	265	11.2	44	999		0	3	0.1		
27/11/2015	06		51	0.1	198	9.3	54	999		0	3	0.1		
27/11/2015	07		8	0.1	214	8.9	64	1000		0	3	0.2		
27/11/2015	08		2	0.1	340	9	63	1000		0	4	0.2		
27/11/2015	09		12	0.4	153	10.7	63	1001		0	4	0.3		
27/11/2015	10		61	1.6	138	12.8	58	1001		0	3	0.1		
27/11/2015	11		79	2.7	131	13.9	52	1001		0	3	0.1		
27/11/2015	12		82	2.5	123	15	47	1000		0	3	0.1		
27/11/2015	13		86	2.3	126	15.9	44	1000		0	3	0.1		
27/11/2015	14		88	1.5	153	16.4	40	999		0	3	0.1		
27/11/2015	15		75	1.5	149	16.9	35	998		0	3	0.1		
27/11/2015	16		69	1.2	134	16.2	37	997		0	3	0.1		
27/11/2015	17		48	1.2	127	13.5	49	998		0	3	0.3		
27/11/2015	18		34	0.6	136	12.4	51	999		0	3	0.3		
27/11/2015	19		23	0.5	170	11.7	52	999		0	3	0.1		
27/11/2015	20		6	1.2	242	10.5	58	1000		0	3	0.1		
27/11/2015	21		2	1	243	9.4	65	1000		0	3	0.1		
27/11/2015	22		7	1	250	8.9	69	1001		0	3	0.1		
27/11/2015	23		16	0.1	246	8.6	69	1001		0	3	0.1		
28/11/2015	00		37	0.2	200	9.1	60	1001		0	3	0.1		
28/11/2015	01		50	0.2	198	9	59	1001		0	3	0.1		
28/11/2015	02		38	0.2	167	8.2	62	1001		0	3	0.1		
28/11/2015	03		57	0.5	194	8.9	59	1002		0	3	0.1		
28/11/2015	04		62	0.2	195	9.1	59	1002		0	3	0.1		
28/11/2015	05		62	1.6	192	9.1	58	1002		0	3	0.1		
28/11/2015	06		58	0.6	205	9	58	1002		0	3	0.1		
28/11/2015	07		50	2.4	189	8.5	59	1003		0	3	0.1		
28/11/2015	08		44	1.4	196	8.9	58	1003		0	3	0.1		
28/11/2015	09		43	2.2	196	10.2	54	1004		0	3	0.1		
28/11/2015	10		47	2	196	13.2	47	1005		0	3	0.1		
28/11/2015	11		48	1.9	181	15.8	39	1005		0	3	0.1		
28/11/2015	12		64	0.6	170	18.2	32	1004		0	3	0.1		
28/11/2015	13		72	0.3	141	20	29	1003		0	3	0.1		
28/11/2015	14		70	0.5	243	20.4	26	1003		0	3	0.1		
28/11/2015	15		72	0.9	155	19.8	29	1003		0	3	0.1		
28/11/2015	16		78	0.8	100	17.3	34	1003		0	3	0.2		
28/11/2015	17		42	0.1	159	14	44	1004		0	3	0.1		
28/11/2015	18		8	0.1	220	12.4	46	1006		0	3	0.1		
28/11/2015	19		42	0.1	241	12.3	36	1007		0	3	0.1		
28/11/2015	20		49	0.2	233	11.7	38	1008		0	3	0.1		
28/11/2015	21		42	0.2	234	10.9	39	1009		0	3	0.1		
28/11/2015	22		45	0.1	226	10.4	42	1011		0	3	0.1		
28/11/2015	23		32	0.1	51	8.9	50	1011		0	3	0.1		
29/11/2015	00		18	0.1	291	7.5	56	1012		0	3	0.1		
29/11/2015	01		31	0.3	201	7.8	54	1012		0	3	0.1		
29/11/2015	02		36	0.4	235	7.1	56	1013		0	3	0.1		
29/11/2015	03		52	0.3	221	7.5	54	1013		0	3	0.1		
29/11/2015	04		56	0.3	216	7.2	59	1013		0	3	0.1		
29/11/2015	05		56	0.7	233	6.8	60	1014		0	3	0.1		
29/11/2015	06		58	0.9	213	6.7	58	1014		0	3	0.1		
29/11/2015	07		57	1.4	236	6	58	1015		0	3	0.1		
29/11/2015	08		52	1.4	238	6.3	56	1016		0	3	0.1		
29/11/2015	09		52	1.3	252	7.7	53	1017		0	3	0.1		
29/11/2015	10		45	0.4	295	10.7	46	1018		0	3	0.1		
29/11/2015	11		58	0.7	242	13.1	38	1018		0	3	0.1		
29/11/2015	12		72	0.8	243	15.1	31	1017		0	3	0.1		
29/11/2015	13		79	0.5	179	16.5	27	1016		0	3	0.1		
29/11/2015	14		78	1.2	120	17.1	33	1015		0	3	0.1		
29/11/2015	15		80	2.2	105	15.6	42	1015		0	3	0.1		
29/11/2015	16		84	2.2	106	13.5	53	1015		0	3	0.1		
29/11/2015	17		76	0.6	110	11	67	1016		0	3	0.1		
29/11/2015	18		19	0.1	194	9.8	73	1017		0	3	0.1		
29/11/2015	19		5	0.1	243	9.3		1018		0	3	0.1		
29/11/2015	20		20	0.3	253	8.9		1018		0	3	0.1		
29/11/2015	21		15	0.9	241	8.3		1019		0	3	0.1		
29/11/2015	22		32	0.7	239	8.3		1019		0	3	0.1		
29/11/2015	23		40	0.9	240	8.1	73	1019		0	3	0.1		
30/11/2015	00		33	1	244	7.3	72	1019		0	3	0.1		
30/11/2015	01		41	0.9	236	7.5	70	1019		0	3			
30/11/2015	02		41	0.5	220	7.2	57	1019		0	3			
30/11/2015	03		49	0.3	237	6.7	51	1019		0	3			
30/11/2015	04		46	0.3	244	6.3	52	1018		0	3			
30/11/2015	05		35	0.1	278	5.4	58	1019		0	3			
30/11/2015	06		41	0.7	199	6.5	49	1019		0	3			
30/11/2015	07		25	0.5	312	5.8	53	1019		0	3			
30/11/2015	08		2	0.2	279	4.5	63	1020		0	4			
30/11/2015	09		7	0.2	235	7.2	50	1020		0	3			
30/11/2015	10		13	0.1	359	10.5	43	1020		0	3			
30/11/2015	11		29	0.1	53	13.4	34	1020		0	3			
30/11/2015	12		41	0.4	116	15.6	32	1019		0	3			
30/11/2015	13		63	0.9	116	16.5	40	1018		0	3			
30/11/2015	14		73	0.9	109	16.6	46	1017		0	3			
30/11/2015	15		76	0.6	111	16.6	47	1016		0	3			
30/11/2015	16		69	0.6	113	14.9	53	1015		0	3			
30/11/2015	17		22	0.1	120	11.4	68	1015		0	3			
30/11/2015	18		2	0.1	146	9.9	74	1016		0	3			
30/11/2015	19		2	0.1	223	8.9	78	1016		0	3			
30/11/2015	20		2	0.1	262	8.3	78	1017		0	3			
30/11/2015	21		2	0.1	245	8.2	72	1017		0	3			
30/11/2015	22		2	0.1	245	7.8	71	1017		0	3			
30/11/2015	23		2	0.1	324	6.2	73	1017		0	3			
01/12/2015	00		2	0.1	301	6.6	67	1017		0	3			
01/12/2015	01		4	0.1	316	6	63	1016		0	3			
01/12/2015	02		6	0.1	181	5.2	67	1016		0	3			
01/12/2015	03		19	0.1	229	5.4	63	1016		0	3			
01/12/2015	04		8	0.1	289	4.3	64	1016		0	3			
01/12/2015	05		12	0.2	258	4.9	60	1017		0	3			
01/12/2015	06		28	0.2	246	5.4	52	1017		0	3			
01/12/2015	07		37	0.2	236	6.2	44	1017		0	3			
01/12/2015	08		5	0.2	252	7	42	1017		0	3			
01/12/2015	09		5	0.2	257	7.5	43	1017		0	3			
01/12/2015	10		15	0.4	265	10.9	38	1018		0	3			
01/12/2015	11		11	0.5	267	13.3	37	1017		0	3			
01/12/2015	12		40	0.3	146	15.1	51	1017		0	3			
01/12/2015	13		58	0.4	113	16	50	1015		0	3			
01/12/2015	14		52	0.2	97	15.6	51	1014		0	3			
01/12/2015	15		40	0.5	106	16.4	50	1014		0	3			
01/12/2015	16		29	0.6	110	14.5	59	1013		0	3			
01/12/2015	17		9	0.1	116	11.3	72	1013		0	3			
01/12/2015	18		2	0.1	131	9.9	77	1014		0	3			
01/12/2015	19		2	0.1	166	9.5	80	1014		0	3			
01/12/2015	20		2	0.1	242	8.5	82	1014		0	3			
01/12/2015	21		2	0.1	245	7.8	80	1014		0	3			
01/12/2015	22		2	0.1	243	7.9	69	1014		0	3			
01/12/2015	23		3	0.1	269	7.5	69	1014		0	3			
02/12/2015	00		7	0.1	249	7.3	67	1014		0	3			
02/12/2015	01		16	0.1	269	7	66	1014		0	3			
02/12/2015	02		24	0.1	241	6.6	64	1014		0	3			
02/12/2015	03		20	0.1	237	6.3	66	1013		0	3			
02/12/2015	04		19	0.1	357	5.8	68	1013		0	3			
02/12/2015	05		39	0.3	224	7.2	54	1013		0	3			
02/12/2015	06		3	0.1	277	4.4	71	1013		0	3			
02/12/2015	07		2	0.1	249	4.5	71	1013		0	3			
02/12/2015	08		6	0.3	258	5.5	64	1014		0	3			
02/12/2015	09		2	0.1	315	7	59	1014		0	3			
02/12/2015	10		3	0.1	358	8.3	55	1014		0	4			
02/12/2015	11		5	0.1	39	11.7	43	1014		0	3			
02/12/2015	12		13	0.2	105	13.7	37	1013		0	3			
02/12/2015	13		16	0.2	114	15.7	31	1012		0	3			
02/12/2015	14		21	1	110	15.6	31	1011		0	3			
02/12/2015	15		9	0.3	111	14.6	33	1011		0	3			
02/12/2015	16		14	0.2	112	13.2	40	1011		0	3			
02/12/2015	17		2	0.1	185	10.3	52	1012		0	3			
02/12/2015	18		2	0.1	208	8.7	60	1013		0	4			
02/12/2015	19		2	0.1	206	8.3	60	1013		0	3			
02/12/2015	20		2	0.1	209	8	63	1014		0	3			
02/12/2015	21		2	0.1	313	6.6	67	1014		0	3			
02/12/2015	22		2	0.2	246	6.2	69	1014		0	3			
02/12/2015	23		2	0.4	243	6.6	66	1014		0	3			
03/12/2015	00		2	0.5	247	6.9	63	1014		0	3			
03/12/2015	01		2	0.3	258	6.7	66	1014		0	3			
03/12/2015	02		2	0.3	249	5.6	69	1014		0	3			
03/12/2015	03		6	0.1	247	5.9	75	1014		0	3			
03/12/2015	04		12	0.1	277	6	74	1014		0	3			
03/12/2015	05		4	0.2	290	4.9	71	1014		0	3			
03/12/2015	06		5	0.1	341	5.4	70	1014		0	3			
03/12/2015	07		2	0.1	319	5	68	1015		0	3			
03/12/2015	08		4	0.4	261	5.8	66	1015		0	3			
03/12/2015	09		15	0.4	261	7.7	58	1016		0	3			
03/12/2015	10		22	0.3	261	10.8	48	1016		0	3			
03/12/2015	11		35	0.2	92	13.6	43	1015		0	3			
03/12/2015	12		55	0.6	133	15.6	42	1014		0	3			
03/12/2015	13		63	1.3	120	16.1	45	1013		0	3			
03/12/2015	14		89	1.4	115	16	47	1013		0	3			
03/12/2015	15		104	1.4	112	15.6	49	1013		0	3			
03/12/2015	16		87	0.4	114	13.9	56	1013		0	3			
03/12/2015	17		34	0.1	141	11.5	66	1013		0	3			
03/12/2015	18		2	0.1	197	9.7	75	1014		0	3			
03/12/2015	19		2	0.1	200	9.1	79	1015		0	3			
03/12/2015	20		4	0.1	222	8.9	80	1015		0	3			
03/12/2015	21		4	0.1	294	8.1	79	1016		0	3			
03/12/2015	22		4	0.1	242	7.8	78	1016		0	3			
03/12/2015	23		12	0.1	240	7.8	76	1016		0	3			
04/12/2015	00		11	0.1	241	7.6	73	1016		0	3			
04/12/2015	01		21	0.1	274	7.1	71	1016		0	3			
04/12/2015	02		4	0.1	309	5.6	75	1016		0	3			
04/12/2015	03		20	0.1	244	6.3	72	1017		0	3			
04/12/2015	04		28	0.1	210	6.1	74	1017		0	3			
04/12/2015	05		7	0.2	354	5.4	75	1017		0	3			
04/12/2015	06		19	0.4	241	6.3	69	1017		0	3			
04/12/2015	07		14	0.3	227	6.6	66	1018		0	3			
04/12/2015	08		2	0.1	337	6.4	67	1018		0	3			
04/12/2015	09		2	0.2	342	7.5	64	1019		0	3			
04/12/2015	10		7	0.1	350	10.9	54	1019		0	3			
04/12/2015	11		12	0.2	97	14.5	46	1019		0	3			
04/12/2015	12		15	1.1	126	16.2	44	1018		0	3			
04/12/2015	13		57	1.3	117	17.3	35	1017		0	3			
04/12/2015	14		55	1.6	114	17.6	37	1016		0	3			
04/12/2015	15	9	82	1.9	115	16.1	47	1015		0	3		2	7
04/12/2015	16	7	78	1.2	108	13.8	65	1016		0	3		2	5
04/12/2015	17	23	29	0.2	126	11.7	75	1016		0	3		2	21
04/12/2015	18	74	2	0.1	231	10.8	78	1017		0	3		22	41
04/12/2015	19	76	2	0.1	268	10.1	75	1018		0	3		23	42
04/12/2015	20	65	2	0.1	251	10	75	1019		0	3		17	40
04/12/2015	21	49	2	0.1	256	10.2	73	1019		0	3		8	36
04/12/2015	22	48	2	0.1	306	8.7	79	1019		0	3		15	25
04/12/2015	23	25	8	0.1	285	8.7	82	1019		0	3		7	15
05/12/2015	00	14	18	0.5	273	8.2	82	1019		0	3		2	11
05/12/2015	01	18	4	0.4	283	7.2		1018		0	3		3	14
05/12/2015	02	9	21	0.3	219	7.9	83	1018		0	3		2	8
05/12/2015	03	11	20	0.2	251	7.9	78	1018		0	3		2	10
05/12/2015	04	11	10	0.2	244	7	79	1017		0	3		2	9
05/12/2015	05	6	24	0.2	216	7.4	74	1017		0	3		2	5
05/12/2015	06	7	25	0.3	279	6.9	73	1017		0	3		2	6
05/12/2015	07	18	3	0.1	287	6.1	76	1017		0	3		4	13
05/12/2015	08	7	23	0.2	267	7.4	68	1017		0	3		2	5
05/12/2015	09	26	5	0.1	306	7.2	69	1017		0	3		8	14
05/12/2015	10	17	12	0.2	305	10	61	1017		0	3		6	9
05/12/2015	11	11	20	0.1	338	12.9	54	1017		0	3		3	6
05/12/2015	12	7	39	0.5	74	14.9	50	1016		0	3		2	5
05/12/2015	13	6	88	1.7	124	15.8	55	1015		0	3		2	4
05/12/2015	14	6	98	1.4	109	15.8	57	1014		0	3		2	4
05/12/2015	15	6	92	0.5	108	15.6	57	1012		0	3		2	4
05/12/2015	16	7	86	0.2	125	13.7	66	1012		0	3		2	5
05/12/2015	17	8	41	0.1	173	11.8	75	1013		0	3		2	11
05/12/2015	18	19	29	0.1	312	11.2	80	1014		0	3		2	18
05/12/2015	19	23	22	0.1	268	10.8		1014		0	3		2	21
05/12/2015	20	19	22	0.4	256	10.5		1015		0	3		2	17
05/12/2015	21	17	31	0.5	269	11.1		1015		0	3		2	14
05/12/2015	22	14	27	0.5	275	10.8		1015		0	3		2	12
05/12/2015	23	7	36	0.5	260	10.6		1015		0	3		2	6
06/12/2015	00	6	43	0.2	248	10.5		1014		0	3		2	4
06/12/2015	01	6	50	0.2	245	10.8	78	1014		0	3		2	4
06/12/2015	02	6	56	0.3	251	11.1	76	1014		0	3		2	4
06/12/2015	03	6	54	0.1	244	11.2	74	1014		0	3		2	4
06/12/2015	04	6	56	0.1	254	11.5	72	1013		0	3		2	4
06/12/2015	05	6	51	0.1	255	11.4	72	1013		0	3		2	4
06/12/2015	06	6	47	0.2	258	11.3	72	1013		0	3		2	4
06/12/2015	07	6	41	0.2	275	11	72	1014		0	3		2	4
06/12/2015	08	6	34	0.1	239	10.4	74	1014		0	3		2	4
06/12/2015	09	7	40	0.1	266	11.3	70	1014		0	3		2	5
06/12/2015	10	6	45	0.1	249	12.5	66	1015		0	3		2	4
06/12/2015	11	8	42	0.1	260	13.3	63	1015		0	3		2	5
06/12/2015	12	6	62	0.1	103	15	59	1014		0	3		2	4
06/12/2015	13	6	78	0.1	33	15.6	57	1013		0	3		2	4
06/12/2015	14	6	88	0.1	322	15.1	56	1013		0	3		2	4
06/12/2015	15	7	73	0.1	3	15.5	56	1012		0	3		2	6
06/12/2015	16	6	62	0.1	232	14.7	64	1012		0	3		2	4
06/12/2015	17	6	56	0.1	134	13	72	1012		0	3		2	5
06/12/2015	18	22	12	0.1	141	11.5	79	1013		0	3		2	19
06/12/2015	19	40	2	0.1	218	10.6	83	1014		0	3		10	26
06/12/2015	20	33	2	0.1	252	10.4		1015		0	3		7	23
06/12/2015	21	25	2	0.1	255	10.9		1015		0	3		4	19
06/12/2015	22	15	2	0.3	267	11.1		1015		0	3		2	15
06/12/2015	23	16	5	0.2	266	11.2		1015		0	3		2	14
07/12/2015	00	10	18	0.2	252	11.3		1015		0	3		2	8
07/12/2015	01	6	29	0.1	246	11.3	81	1014		0	3		2	5
07/12/2015	02	6	38	0.1	246	11.1	81	1014		0	3		2	4
07/12/2015	03	6	41	0.1	251	10.6	81	1014		0	3		2	4
07/12/2015	04	6	38	0.1	267	10.4	82	1014		0	3		2	4
07/12/2015	05	6	19	0.1	254	9.3	84	1014		0	3		2	4
07/12/2015	06	7	17	0.1	220	9.3	86	1014		0	3		2	5
07/12/2015	07	7	32	0.1	219	10.1	82	1015		0	3		2	5
07/12/2015	08	25	14	0.1	221	10.7	78	1015		0	3		8	13
07/12/2015	09	10	4	0.1	338	11.2	77	1015		0	3		4	5
07/12/2015	10	8	11	0.1	285	12.5	71	1016		0	3		3	4
07/12/2015	11	9	40	0.1	337	13.9	65	1016		0	3		3	5
07/12/2015	12	7	52	0.1	304	14.4	63	1015		0	3		2	5
07/12/2015	13	6	71	0.2	124	15.3	58	1014		0	3		2	4
07/12/2015	14	6	84	0.2	118	15.8	56	1013		0	3		2	4
07/12/2015	15	6	84	0.2	133	15	59	1013		0	3		2	4
07/12/2015	16	6	70	0.2	116	14	67	1013		0	3		2	4
07/12/2015	17	6	48	0.1	125	12.6	74	1013		0	3		2	4
07/12/2015	18	7	24	0.1	139	11.7	79	1013		0	3		2	8
07/12/2015	19	11	22	0.1	177	11.9	78	1014		0	3		2	12
07/12/2015	20	16	10	0.1	210	11.7	80	1015		0	3		2	16
07/12/2015	21	14	7	0.1	269	11.1	80	1015		0	3		2	13
07/12/2015	22	12	2	0.2	266	10.4	82	1015		0	3		2	13
07/12/2015	23	6	14	0.1	260	10.5	81	1015		0	3		2	4
08/12/2015	00	6	14	0.2	254	10.1	81	1015		0	3		2	4
08/12/2015	01	6	22	0.1	255	10.4	79	1015		0	3		2	4
08/12/2015	02	6	25	0.1	263	10.4	79	1015		0	3		2	4
08/12/2015	03	6	26	0.1	255	10.3	78	1015		0	3		2	4
08/12/2015	04	6	27	0.1	191	10.4	77	1015		0	3		2	4
08/12/2015	05	6	16	0.1	281	10	78	1015		0	3		2	4
08/12/2015	06	6	8	0.1	294	9.3	79	1015		0	3		2	4
08/12/2015	07	6	15	0.2	234	9.2	79	1015		0	3		2	4
08/12/2015	08	7	17	0.1	282	9.1	78	1016		0	3		2	5
08/12/2015	09	6	18	0.1	104	10.1	75	1016		0	3		2	4
08/12/2015	10	6	28	0.2	123	13	65	1016		0	3		2	4
08/12/2015	11	6	54	0.1	103	15.4	56	1016		0	3		2	4
08/12/2015	12	6	64	0.6	113	16.6	52	1015		0	3		2	4
08/12/2015	13	6	67	0.8	116	17.5	50	1015		0	3		2	4
08/12/2015	14	6	69	1	112	18.2	47	1014		0	3		2	4
08/12/2015	15	6	73	0.9	113	17.7	49	1013		0	3		2	4
08/12/2015	16	6	74	0.7	114	15.3	58	1014		0	3		2	4
08/12/2015	17	7	63	0.5	117	12.8	71	1014		0	3		2	5
08/12/2015	18	20	35	0.1	151	11.5	77	1015		0	3		3	17
08/12/2015	19	40	2	0.1	211	10.7	80	1016		0	3		7	29
08/12/2015	20	49	2	0.1	257	10.4		1017		0	3		10	33
08/12/2015	21	32	2	0.1	242	10.2		1017		0	3		4	26
08/12/2015	22	18	18	0.1	260	10.2		1018		0	3		2	14
08/12/2015	23	12	26	0.1	247	10.3	79	1018		0	3		2	9
09/12/2015	00	12	23	0.2	273	9.6	80	1018		0	3		2	9
09/12/2015	01	9	23	0.1	256	9.6	79	1018		0	3		2	7
09/12/2015	02	9	17	0.1	301	9.2	79	1018		0	3		2	6
09/12/2015	03	9	8	0.1	331	9.1	79	1018		0	3		2	6
09/12/2015	04	8	11	0.1	269	9.1	77	1018		0	3		2	5
09/12/2015	05	9	15	0.3	274	9.1	74	1019		0	3		2	6
09/12/2015	06	17	17	0.1	274	9.6	75	1019		0	3		4	10
09/12/2015	07	32	7	1.2	267	9	75	1020		0	3		8	20
09/12/2015	08	41	2	0.2	242	9.7	73	1020		0	3		10	25
09/12/2015	09	47	2	0.1	299	10.8	69	1020		0	3		13	27
09/12/2015	10	45	2	0.1	285	12	64	1021		0	3		13	25
09/12/2015	11	57	3	0.1	325	13.6	62	1021		0	3		18	29
09/12/2015	12	57	7	0.2	107	15	62	1021		0	3		16	33
09/12/2015	13	28	34	1.2	120	14.6	66	1020		0	3		7	18
09/12/2015	14	26	41	1	131	15.1	65	1019		0	3		7	16
09/12/2015	15	31	34	0.6	120	14.4	66	1019		0	3		7	20
09/12/2015	16	31	36	0.4	114	14	65	1019		0	3		6	22
09/12/2015	17	49	11	0.1	158	12.8	69	1019		0	3		10	34
09/12/2015	18	65	2	0.1	218	12.6	69	1019		0	3		18	39
09/12/2015	19	63	2	0.1	229	12.6	74	1020		0	3		16	38
09/12/2015	20	61	2	0.1	260	12.3	75	1020		0	3		15	38
09/12/2015	21	55	2	0.1	277	12	80	1020		0	3		12	37
09/12/2015	22	31	2	0.1	266	11.5	82	1020		0	3		4	25
09/12/2015	23	28	2	0.1	239	11.5	81	1019		0	3		3	24
10/12/2015	00	22	4	0.1	283	11.3	80	1019		0	3		3	18
10/12/2015	01	14	4	0.1	243	10.4	83	1019		0	3		2	11
10/12/2015	02	8	18	0.1	245	10.3	84	1018		0	3		2	6
10/12/2015	03	6	28	0.1	252	10.5	81	1018		0	3		2	4
10/12/2015	04	6	32	0.1	250	10.3	81	1018		0	3		2	4
10/12/2015	05	6	36	0.1	259	10.2	81	1018		0	3		2	4
10/12/2015	06	6	29	0.1	256	9.7	82	1018		0	3		2	4
10/12/2015	07	13	13	0.1	277	9.2	83	1018		0	3		3	8
10/12/2015	08	42	2	0.2	275	9	83	1019		0	3		15	19
10/12/2015	09	25	5	0.3	261	9.9	79	1019		0	3		9	12
10/12/2015	10	16	7	0.6	257	11.1	73	1019		0	3		5	8
10/12/2015	11	17	14	0.2	283	13.1	66	1019		0	3		6	9
10/12/2015	12	15	29	0.1	267	13.9	64	1018		0	3		5	8
10/12/2015	13	7	69	0.2	142	14.6	63	1018		0	3		2	4
10/12/2015	14	6	75	0.1	140	14.7	62	1017		0	3		2	4
10/12/2015	15	14	68	0.5	123	14.4	65	1016		0	3		4	9
10/12/2015	16	27	29	0.3	119	13.7	68	1017		0	3		4	22
10/12/2015	17	25	25	0.2	118	12.8	73	1017		0	3		3	21
10/12/2015	18	41	3	0.1	141	11.8	78	1017		0	3		6	32
10/12/2015	19	69	2	0.1	204	11.3	79	1017		0	3		20	39
10/12/2015	20	76	2	0.1	228	11.4	79	1018		0	3		23	41
10/12/2015	21	56	2	0.1	207	10.8	82	1018		0	3		13	36
10/12/2015	22	42	2	0.1	238	10.7	82	1018		0	3		8	30
10/12/2015	23	45	2	0.1	238	9.7	84	1018		0	3		10	30
11/12/2015	00	47	2	0.1	234	9.4	86	1018		0	3		12	30
11/12/2015	01	40	2	0.1	235	9.2		1018		0	3		8	28
11/12/2015	02	31	2	0.1	248	9.2		1018		0	3		6	23
11/12/2015	03	30	4	0.1	251	9.2	86	1018		0	3		6	21
11/12/2015	04	27	9	0.3	251	9.1	85	1018		0	3		6	18
11/12/2015	05	22	12	0.4	258	8.7	84	1018		0	3		5	15
11/12/2015	06	14	16	0.1	202	8.8	82	1018		0	3		3	9
11/12/2015	07	30	3	0.1	294	8.8	81	1018		0	3		7	19
11/12/2015	08	52	2	0.3	300	9.2	80	1020		0	3		18	25
11/12/2015	09	64	2	0.2	299	9.3	78	1019		0	3		23	28
11/12/2015	10	51	3	0.1	288	10.9	72	1019		0	3		17	25
11/12/2015	11	38	13	0.3	268	12.7	66	1019		0	3		11	22
11/12/2015	12	30	27	0.4	147	12.7	69	1018		0	3		7	19
11/12/2015	13	21	48	0.1	151	13.9	66	1017		0	3		5	13
11/12/2015	14	14	71	0.1	333	14.5	60	1016		0	3		4	9
11/12/2015	15	19	74	0.1	102	14.4	59	1015		0	3		4	13
11/12/2015	16	29	29	1.3	120	13.4	67	1015		0	3		5	22
11/12/2015	17	37	2	0.7	131	12	75	1015		0	3		5	29
11/12/2015	18	43	2	0.1	140	11.4	78	1015		0	3		7	33
11/12/2015	19	50	2	0.1	162	11.2	79	1016		0	3		10	34
11/12/2015	20	57	2	0.1	213	10.5	80	1015		0	3		14	35
11/12/2015	21	49	2	0.1	270	10.5	80	1015		0	3		11	32
11/12/2015	22	35	2	0.1	271	10.5	79	1015		0	3		7	25
11/12/2015	23	38	2	0.1	253	10.4	80	1015		0	3		8	26
12/12/2015	00	34	2	0.1	257	10.4	79	1015		0	3		6	25
12/12/2015	01	26	2	0.1	250	10.4	79	1015		0	3		4	20
12/12/2015	02	19	6	0.1	258	10.5	78	1014		0	3		2	15
12/12/2015	03	18	4	0.1	256	10	80	1014		0	3		2	15
12/12/2015	04	18	2	0.1	252	9.5		1013		0	3		2	16
12/12/2015	05	14	3	0.1	246	9.2		1013		0	3		2	12
12/12/2015	06	12	7	0.1	241	9.4		1013		0	3		2	10
12/12/2015	07	10	11	0.1	248	9.4		1013		0	3		2	8
12/12/2015	08	11	9	0.1	255	9		1013		0	3		2	8
12/12/2015	09	20	12	0.1	253	9.6	80	1013		0	3		7	9
12/12/2015	10	20	18	0.4	262	10.9	73	1013		0	3		7	10
12/12/2015	11	16	14	0.2	270	11.5	73	1013		0	3		4	10
12/12/2015	12	15	24	0.4	270	12.7	68	1012		0	3		3	10
12/12/2015	13	11	45	0.2	272	13.4	64	1011		0	3		2	8
12/12/2015	14	17	59	0.1	256	12.9	63	1010		0	3		4	12
12/12/2015	15	7	70	0.1	349	13.1	60	1009		0	3		2	5
12/12/2015	16	7	62	0.1	127	12.9	63	1009		0	3		2	6
12/12/2015	17	16	32	0.2	138	11.9	70	1009		0	3		2	14
12/12/2015	18	24	18	0.1	151	11.5	72	1009		0	3		2	22
12/12/2015	19	20	19	0.1	160	11.3	73	1009		0	3		2	18
12/12/2015	20	32	21	0.1	176	11.3	73	1009		0	3		5	25
12/12/2015	21	29	9	0.1	207	11	74	1009		0	3		4	23
12/12/2015	22	21	10	0.1	261	10.9	75	1009		0	3		3	17
12/12/2015	23	13	11	0.1	251	10.3	78	1009		0	3		2	11
13/12/2015	00	13	13	0.1	262	9.9	77	1008		0	3		2	10
13/12/2015	01	7	24	0.1	255	9.7	76	1008		0	3		2	5
13/12/2015	02	6	30	0.1	245	9.3	75	1008		0	3		2	4
13/12/2015	03	7	37	0.3	247	9.1	74	1007		0	3		2	4
13/12/2015	04	7	32	0.3	212	7.9	76	1007		0	3		2	4
13/12/2015	05	7	33	0.2	211	7.7	76	1007		0	3		2	4
13/12/2015	06	6	38	0.4	221	7.7	76	1007		0	3		2	4
13/12/2015	07	6	36	0.3	256	7.4	76	1007		0	3		2	4
13/12/2015	08	6	29	0.1	286	7.5	77	1007		0	3		2	4
13/12/2015	09	6	36	0.4	261	9.2	70	1007		0	3		2	4
13/12/2015	10	7	34	0.3	289	11.3	64	1007		0	3		2	4
13/12/2015	11	7	36	0.2	290	13.2	57	1007		0	3		2	4
13/12/2015	12	19	54	0.4	285	15.3	47	1006		0	3		6	11
13/12/2015	13	19	67	1.3	201	15.7	43	1005		0	3		6	10
13/12/2015	14	18	73	1.4	185	16.4	39	1004		0	3		6	9
13/12/2015	15	17	73	0.7	176	15.6	40	1003		0	3		5	9
13/12/2015	16	21	64	0.4	165	14.9	44	1003		0	3		5	13
13/12/2015	17	38	21	0.2	176	12.6	54	1004		0	3		8	27
13/12/2015	18	29	29	0.5	128	11.2	66	1004		0	3		6	20
13/12/2015	19	29	38	0.8	148	10.6	70	1004		0	3		6	19
13/12/2015	20	39	17	0.7	246	9.7	70	1005		0	3		7	28
13/12/2015	21	32	12	0.9	253	9	71	1006		0	3		6	23
13/12/2015	22	27	22	0.3	237	8.9	73	1006		0	3		5	18
13/12/2015	23	23	35	0.1	235	9	73	1006		0	3		5	16
14/12/2015	00	22	46	0.3	231	8.9	66	1006		0	3		6	14
14/12/2015	01	19	55	0.9	250	8.4	65	1006		0	3		6	10
14/12/2015	02	19	54	0.6	247	8.2	67	1006		0	3		6	10
14/12/2015	03	10	57	1.2	228	8.3	67	1006		0	3		3	5
14/12/2015	04	13	55	2.8	206	8.2	68	1006		0	3		5	7
14/12/2015	05	14	51	3.3	194	8	69	1006		0	3		5	7
14/12/2015	06	20	47	3.3	193	8.1	70	1006		0	3		6	11
14/12/2015	07	27	35	3.4	194	8.4	69	1006		0	3		7	16
14/12/2015	08	34	25	3	187	9.4	67	1006		0	3		10	18
14/12/2015	09	22	31	1.9	200	10.3	65	1006		0	3		6	12
14/12/2015	10	23	33	1.4	236	10.7	64	1007		0	3		6	13
14/12/2015	11	22	40	0.8	249	13.8	54	1007		0	3		7	12
14/12/2015	12	39	33	2.1	196	14.4	51	1006		0	3		12	20
14/12/2015	13	33	46	2.3	200	16.4	43	1006		0	3		10	18
14/12/2015	14	26	63	2.3	196	16.9	40	1005		0	3		8	15
14/12/2015	15	35	58	1.9	193	17.3	35	1004		0	3		10	20
14/12/2015	16	37	42	2.1	189	16.1	37	1004		0	3		11	21
14/12/2015	17	30	35	2.2	179	14.6	42	1005		0	3		8	18
14/12/2015	18	59	16	1.4	188	14	44	1006		0	3		16	34
14/12/2015	19	37	25	0.6	185	12.9	47	1007		0	3		7	26
14/12/2015	20	42	20	0.8	194	12.3	47	1008		0	3		9	29
14/12/2015	21	31	39	1.1	210	12.1	47	1008		0	3		7	20
14/12/2015	22	28	46	0.5	217	11.8	49	1008		0	3		7	17
14/12/2015	23	23	57	0.9	210	11.8	49	1008		0	3		6	13
15/12/2015	00	22	57	0.4	244	11.5	51	1009		0	3		6	12
15/12/2015	01	21	56	0.8	232	11.1	52	1009		0	3		6	12
15/12/2015	02	20	59	2.1	201	11	52	1009		0	3		6	11
15/12/2015	03	20	59	1	217	10.6	54	1009		0	3		6	11
15/12/2015	04	20	56	2.1	201	10.5	55	1009		0	3		6	11
15/12/2015	05	19	56	2.9	194	10.3	54	1009		0	3		6	10
15/12/2015	06	12	56	2.1	196	10.5	52	1009		0	3		4	7
15/12/2015	07	10	45	1.4	207	10.8	50	1010		0	3		3	7
15/12/2015	08	46	15	2.8	193	11.2	49	1011		0	3		16	21
15/12/2015	09	28	23	2.5	195	11.9	47	1011		0	3		10	13
15/12/2015	10	16	41	3.3	173	13.7	43	1011		0	3		5	9
15/12/2015	11	23	38	2.1	202	16.6	35	1012		0	3		8	12
15/12/2015	12	30	42	1.8	220	17.7	32	1011		0	3		9	16
15/12/2015	13	30	41	1.1	220	18	32	1010		0	3		10	16
15/12/2015	14	26	46	1.3	196	18.9	30	1009		0	3		7	15
15/12/2015	15	44	39	2	196	19.3	27	1009		0	3		13	24
15/12/2015	16	45	35	2.4	190	18.8	28	1008		0	3		13	26
15/12/2015	17	45	32	2.8	183	17.5	30	1009		0	3		12	27
15/12/2015	18	40	34	2.6	198	17.1	29	1009		0	3		11	23
15/12/2015	19	35	35	2.4	187	16.3	29	1010		0	3		9	21
15/12/2015	20	25	54	2.3	195	15.8	30	1010		0	3		7	15
15/12/2015	21	27	47	0.6	242	14.9	32	1011		0	3		7	17
15/12/2015	22	39	16	0.1	306	13	38	1012		0	3		8	27
15/12/2015	23	35	15	0.1	170	12	41	1012		0	3		7	25
16/12/2015	00	26	39	0.5	207	13.3	36	1012		0	3		6	16
16/12/2015	01	19	61	1.1	216	13.7	34	1012		0	3		6	10
16/12/2015	02	19	61	1.7	225	13.5	36	1013		0	3		6	10
16/12/2015	03	19	55	1.4	251	12.7	39	1013		0	3		6	10
16/12/2015	04	19	56	0.8	235	12.8	38	1013		0	3		6	10
16/12/2015	05	19	56	0.8	238	12.5	38	1013		0	3		6	10
16/12/2015	06	20	54	1.4	238	12.2	39	1013		0	3		6	11
16/12/2015	07	23	47	1.7	230	12	39	1014		0	3		6	13
16/12/2015	08	49	27	1.1	249	11.6	41	1015		0	3		16	26
16/12/2015	09	33	28	1.1	234	12.2	40	1015		0	3		9	19
16/12/2015	10	53	12	0.3	314	13.7	39	1016		0	3		16	29
16/12/2015	11	51	9	0.2	315	16.4	34	1016		0	3		15	28
16/12/2015	12	39	23	0.1	313	18.4	28	1015		0	3		10	23
16/12/2015	13	43	22	0.1	281	19.7	27	1014		0	3		10	27
16/12/2015	14	45	23	0.1	81	20.8	25	1013		0	3		10	29
16/12/2015	15	52	16	0.5	105	20.9	28	1012		0	3		13	33
16/12/2015	16	54	3	1.4	113	16.3	56	1012		0	3		13	34
16/12/2015	17	49	2	0.5	111	13.6	72	1012		0	3		11	33
16/12/2015	18	67	2	0.1	203	12.4	80	1012		0	3		21	35
16/12/2015	19	82	2	0.1	246	12.3	80	1013		0	3		29	37
16/12/2015	20	78	2	0.1	249	11.8		1013		0	3		27	36
16/12/2015	21	65	2	0.1	246	11.4		1014		0	3		20	34
16/12/2015	22	57	2	0.1	246	11.1		1014		0	3		16	33
16/12/2015	23	58	2	0.2	252	10.7	78	1014		0	3		15	36
17/12/2015	00	43	2	0.3	278	10.8	73	1014		0	3		8	30
17/12/2015	01	30	2	0.1	315	9.2	72	1014		0	3		6	21
17/12/2015	02	19	4	0.1	247	9.9	61	1013		0	3		2	15
17/12/2015	03	14	9	0.1	278	9.3	59	1013		0	3		3	10
17/12/2015	04	10	21	0.1	280	9.2	57	1013		0	3		2	6
17/12/2015	05	14	6	0.1	289	8	64	1013		0	3		3	10
17/12/2015	06	18	2	0.1	257	7.9	64	1013		0	3		4	13
17/12/2015	07	32	2	0.1	286	8	65	1013		0	3		11	14
17/12/2015	08	33	2	0.1	272	8.3	62	1013		0	3		11	16
17/12/2015	09	44	5	0.2	287	9.6	57	1013		0	3		16	19
17/12/2015	10	24	11	0.5	276	12	49	1014		0	3		8	12
17/12/2015	11	28	10	0.2	319	14.5	44	1013		0	3		9	15
17/12/2015	12	29	14	0.1	53	15.7	40	1012		0	3		8	17
17/12/2015	13	17	30	0.8	119	17.8	36	1011		0	3		4	10
17/12/2015	14	37	23	1.2	111	17.8	39	1010		0	3		8	25
17/12/2015	15	28	42	1	113	16.9	41	1009		0	3		4	23
17/12/2015	16	18	42	0.8	112	14.4	52	1009		0	3		2	16
17/12/2015	17	29	9	0.2	120	12.6	72	1010		0	3		4	23
17/12/2015	18	58	2	0.1	226	11.9	78	1010		0	3		18	31
17/12/2015	19	78	2	0.1	251	11.3	79	1011		0	3		29	33
17/12/2015	20	85	2	0.1	250	10.9	79	1011		0	3		32	35
17/12/2015	21	60	2	0.1	249	10.8	77	1012		0	3		18	32
17/12/2015	22	42	2	0.1	249	10.1	80	1012		0	3		9	28
17/12/2015	23	44	2	0.1	261	9	82	1012		0	3		14	23
18/12/2015	00	34	2	0.1	240	8.7	84	1012		0	3		7	23
18/12/2015	01	32	2	0.2	283	7.2	84	1012		0	3		11	15
18/12/2015	02	39	2	0.1	230	7.1	82	1012		0	3		11	22
18/12/2015	03	32	2	0.1	256	7.6	79	1012		0	3		5	24
18/12/2015	04	27	2	0.1	309	7.2	77	1011		0	3		3	22
18/12/2015	05	37	2	0.1	331	6.6	73	1011		0	3		10	22
18/12/2015	06	43	2	0.1	331	6.5	69	1012		0	3		11	27
18/12/2015	07	55	2	0.1	6	6.7	65	1012		0	3		18	28
18/12/2015	08	96	2	0.1	10	6.8	65	1013		0	3		40	34
18/12/2015	09	118	2	0.1	5	7.8	61	1014		0	4		52	38
18/12/2015	10	89	3	0.1	353	10.6	51	1014		0	3		36	34
18/12/2015	11	36	25	0.1	24	14.5	34	1014		0	3		10	21
18/12/2015	12	45	25	0.1	44	16.5	32	1013		0	3		12	26
18/12/2015	13	43	24	0.5	111	18.1	33	1012		0	3		10	27
18/12/2015	14	53	26	0.7	125	18	36	1011		0	3		11	36
18/12/2015	15	37	37	0.5	126	19.2	31	1010		0	3		6	28
18/12/2015	16	45	15	1.1	117	15.2	46	1010		0	3		10	30
18/12/2015	17	36	2	0.2	124	12.8	71	1010		0	3		7	25
18/12/2015	18	91	2	0.1	193	11.5	77	1011		0	4		38	32
18/12/2015	19	93	2	0.1	234	11	80	1011		0	4		40	32
18/12/2015	20	72	2	0.1	260	10.6	81	1012		0	3		27	30
18/12/2015	21	49	2	0.3	256	10.6	78	1012		0	3		14	28
18/12/2015	22	36	2	0.2	263	10.1	80	1012		0	3		8	23
18/12/2015	23	30	2	0.1	250	9.9	83	1012		0	3		6	21
19/12/2015	00	29	2	0.1	256	9.5	85	1012		0	3		6	20
19/12/2015	01	23	2	0.1	181	8.6	85	1011		0	3		5	16
19/12/2015	02	21	2	0.1	280	7	83	1010		0	3		7	10
19/12/2015	03	19	2	0.1	253	6.9	83	1010		0	3		4	12
19/12/2015	04	25	2	0.1	7	7	81	1010		0	3		7	14
19/12/2015	05	32	2	0.1	138	6.3	82	1010		0	3		13	13
19/12/2015	06	34	2	0.1	212	6.1	81	1010		0	3		9	20
19/12/2015	07	38	2	0.1	273	6.2	77	1010		0	3		10	23
19/12/2015	08	40	2	0.3	286	6.7	73	1010		0	3		10	24
19/12/2015	09	45	3	0.3	304	8.6	63	1010		0	3		13	25
19/12/2015	10	30	19	0.2	281	12	49	1010		0	3		8	18
19/12/2015	11	35	17	0.1	342	14	45	1010		0	3		11	19
19/12/2015	12	28	23	0.7	116	16.4	45	1009		0	3		8	17
19/12/2015	13	25	36	0.7	114	17.9	38	1008		0	3		6	16
19/12/2015	14	24	42	1.5	117	18	35	1007		0	3		5	16
19/12/2015	15	24	53	1.8	114	16.8	37	1006		0	3		5	16
19/12/2015	16	43	18	1	110	14.6	48	1006		0	3		9	28
19/12/2015	17	45	4	0.1	152	11.7	60	1006		0	3		8	33
19/12/2015	18	66	2	0.1	212	10	67	1007		0	3		21	34
19/12/2015	19	72	2	0.1	197	9.4	71	1008		0	3		24	34
19/12/2015	20	56	2	0.1	232	9.4	76	1008		0	3		17	29
19/12/2015	21	53	2	0.1	189	9.4	78	1009		0	3		13	33
19/12/2015	22	60	2	0.1	285	9.1	81	1008		0	3		21	29
19/12/2015	23	41	2	0.1	310	7.5	80	1009		0	3		14	19
20/12/2015	00	41	2	0.1	333	7	82	1009		0	3		13	21
20/12/2015	01	29	2	0.1	294	6.6	84	1008		0	3		8	16
20/12/2015	02	19	2	0.2	296	7.5	80	1008		0	3		3	14
20/12/2015	03	16	2	0.1	264	7.3	80	1008		0	3		2	13
20/12/2015	04	10	7	0.1	256	8.4	79	1008		0	3		2	9
20/12/2015	05	8	16	0.2	260	8.7	78	1008		0	3		2	6
20/12/2015	06	9	18	0.1	265	9.1	77	1008		0	3		2	6
20/12/2015	07	8	15	0.1	264	8.8	75	1008		0	3		2	6
20/12/2015	08	6	22	0.3	256	8.4	75	1009		0	3		2	4
20/12/2015	09	7	22	0.6	255	8.8	78	1009		0	3		2	4
20/12/2015	10	8	21	1	264	10.3	73	1010		0	3		2	4
20/12/2015	11	8	31	0.4	292	12.9	64	1010		0	3		3	5
20/12/2015	12	9	55	0.2	49	14.3	60	1009		0	3		3	5
20/12/2015	13	11	64	0.4	114	14.8	59	1008		0	3		3	6
20/12/2015	14	10	67	0.9	121	14.9	57	1007		0	3		3	6
20/12/2015	15	10	73	1	124	14.1	61	1007		0	3		2	6
20/12/2015	16	13	70	0.7	117	13.3	65	1007		0	3		3	9
20/12/2015	17	36	33	0.1	161	11.4	73	1008		0	3		8	24
20/12/2015	18	65	2	0.1	185	10.1	78	1009		0	3		19	36
20/12/2015	19	64	2	0.1	196	9.9	81	1010		0	3		18	37
20/12/2015	20	33	11	0.1	222	9.6		1010		0	3		7	23
20/12/2015	21	29	17	0.1	273	9.2		1011		0	3		7	19
20/12/2015	22	26	7	0.1	281	8.3		1012		0	3		6	17
20/12/2015	23	17	9	0.1	265	8.3		1012		0	3		3	13
21/12/2015	00	17	8	0.6	254	8		1012		0	3		3	12
21/12/2015	01	9	28	0.5	249	8.3	82	1012		0	3		2	6
21/12/2015	02	7	34	0.4	251	8.5	80	1013		0	3		2	4
21/12/2015	03	6	37	0.3	250	8.6	80	1013		0	3		2	4
21/12/2015	04	6	37	0.2	253	8.5	79	1013		0	3		2	4
21/12/2015	05	6	27	0.7	255	7.8	81	1014		0	3		2	4
21/12/2015	06	15	31	0.5	253	7.8	78	1014		0	3		4	9
21/12/2015	07	27	23	0.3	254	7.9	74	1015		0	3		7	17
21/12/2015	08	39	6	0.2	248	7.7	70	1016		0	3		9	25
21/12/2015	09	35	8	0.6	249	8.1	64	1017		0	3		9	22
21/12/2015	10	30	15	0.9	271	9.8	60	1017		0	3		9	17
21/12/2015	11	38	16	0.7	273	12.9	59	1017		0	3		10	22
21/12/2015	12	30	37	0.2	318	14.8	57	1017		0	3		7	19
21/12/2015	13	25	67	0.4	145	16.3	50	1016		0	3		6	15
21/12/2015	14	24	79	0.7	133	16.8	49	1015		0	3		6	14
21/12/2015	15	34	57	1	116	16.7	48	1014		0	3		7	23
21/12/2015	16	32	53	0.9	117	15.1	52	1014		0	3		6	23
21/12/2015	17	47	29	0.3	126	12.1	64	1015		0	3		8	35
21/12/2015	18	59	2	0.1	134	10.5	73	1016		0	3		11	42
21/12/2015	19	86	2	0.1	212	9.9	77	1017		0	3		25	48
21/12/2015	20	103	2	0.1	248	9.1	81	1018		0	3		35	49
21/12/2015	21	66	2	0.2	269	8.9	79	1019		0	3		16	42
21/12/2015	22	52	2	0.4	254	8.5	78	1019		0	3		10	37
21/12/2015	23	44	2	0.3	255	8.7	78	1019		0	3		7	34
22/12/2015	00	33	10	0.9	258	9.3	75	1019		0	3		6	24
22/12/2015	01	28	16	1	256	9.6	74	1019		0	3		5	21
22/12/2015	02	27	15	0.5	270	9.6	74	1019		0	3		5	20
22/12/2015	03	31	3	0.2	279	8.7	77	1019		0	3		6	22
22/12/2015	04	31	6	0.1	260	7.8	78	1018		0	3		6	22
22/12/2015	05	35	2	0.1	323	7.2	80	1018		0	3		7	25
22/12/2015	06	32	5	0.2	316	7	81	1019		0	3		6	22
22/12/2015	07	35	3	0.2	291	6.7	82	1019		0	3		8	23
22/12/2015	08	39	6	0.8	266	6.7	81	1019		0	3		9	25
22/12/2015	09	45	3	1.5	263	7.4	76	1020		0	3		12	27
22/12/2015	10	34	13	1.9	266	9.7	67	1020		0	3		9	20
22/12/2015	11	17	24	0.9	274	12.9	58	1020		0	3		5	10
22/12/2015	12	9	61	0.3	338	14.8	55	1018		0	3		2	6
22/12/2015	13	6	86	0.8	120	16.1	52	1017		0	3		2	4
22/12/2015	14	12	86	0.8	106	16.4	52	1016		0	3		3	8
22/12/2015	15	13	84	1	114	16	54	1015		0	3		2	9
22/12/2015	16	13	77	1.1	116	14	62	1015		0	3		2	10
22/12/2015	17	20	42	0.3	120	11.4	73	1015		0	3		2	17
22/12/2015	18	46	7	0.1	154	10	79	1016		0	3		11	30
22/12/2015	19	75	2	0.1	225	9.4	82	1016		0	3		23	40
22/12/2015	20	54	4	0.2	250	9	84	1016		0	3		11	37
22/12/2015	21	42	2	0.8	261	8.6	83	1016		0	3		7	30
22/12/2015	22	26	2	1.1	266	8.6	83	1016		0	3		2	22
22/12/2015	23	21	5	0.7	266	8.6	84	1016		0	3		2	18
23/12/2015	00	13	14	0.6	267	8.4	83	1016		0	3		2	11
23/12/2015	01	16	6	0.1	316	7.5	83	1016		0	3		3	12
23/12/2015	02	13	2	0.1	257	6.6		1016		0	3		2	11
23/12/2015	03	9	2	0.1	243	6.2		1016		0	3		2	8
23/12/2015	04	11	2	0.1	270	6.2		1015		0	3		2	10
23/12/2015	05	6	14	0.1	259	6.2	83	1015		0	3		2	4
23/12/2015	06	11	7	0.1	294	5.9	79	1015		0	3		2	8
23/12/2015	07	12	4	0.1	263	5.9	81	1016		0	3		2	9
23/12/2015	08	39	3	0.1	321	5.7	81	1016		0	3		17	14
23/12/2015	09	27	2	0.2	264	6.3	78	1017		0	3		9	13
23/12/2015	10	26	8	0.1	261	8.4	70	1017		0	3		8	14
23/12/2015	11	24	23	0.2	260	11	66	1017		0	3		8	12
23/12/2015	12	37	17	0.2	263	12.2	66	1016		0	3		12	19
23/12/2015	13	15	45	0.1	287	12.6	64	1015		0	3		3	11
23/12/2015	14	9	60	0.1	149	12.5	66	1014		0	3		2	7
23/12/2015	15	18	47	0.1	177	12.4	67	1014		0	3		3	14
23/12/2015	16	17	33	0.1	164	12.4	67	1014		0	3		2	15
23/12/2015	17	23	11	0.1	270	12	70	1014		0	3		2	20
23/12/2015	18	40	2	0.1	234	11.5	72	1014		0	3		9	28
23/12/2015	19	52	2	0.1	255	11.4	72	1014		0	3		15	30
23/12/2015	20	52	2	0.1	260	11.2	71	1014		0	3		15	29
23/12/2015	21	40	2	0.1	271	11.3	70	1014		0	3		8	28
23/12/2015	22	33	6	0.1	250	11.1	70	1014		0	3		5	26
23/12/2015	23	13	23	0.1	247	11	70	1014		0	3		2	11
24/12/2015	00	9	39	0.1	239	11	69	1014		0	3		2	6
24/12/2015	01	6	44	0.1	197	10.6	70	1013		0	3		2	4
24/12/2015	02	10	19	0.1	188	9.9	74	1013		0	3		2	8
24/12/2015	03	6	47	0.1	198	10.2	71	1013		0	3		2	4
24/12/2015	04	7	53	0.1	227	9.5	73	1013		0	3		2	4
24/12/2015	05	6	51	0.4	217	8.8	76	1013		0	3		2	4
24/12/2015	06	6	50	0.3	233	8.6	75	1013		0	3		2	4
24/12/2015	07	7	49	0.4	223	8.5	72	1013		0	3		2	4
24/12/2015	08	31	31	0.3	245	7.7	74	1014		0	3		8	19
24/12/2015	09	31	29	0.9	244	7.6	72	1014		0	3		9	18
24/12/2015	10	27	36	0.9	255	9.6	66	1015		0	3		7	16
24/12/2015	11	30	31	0.5	280	12.3	57	1015		0	3		8	18
24/12/2015	12	23	53	0.7	242	13.9	50	1014		0	3		6	13
24/12/2015	13	15	72	1.1	177	14.7	45	1013		0	3		5	7
24/12/2015	14	19	69	0.4	165	16	41	1012		0	3		6	11
24/12/2015	15	25	66	0.5	127	16.4	42	1011		0	3		6	15
24/12/2015	16	18	68	0.2	111	14.5	49	1011		0	3		4	12
24/12/2015	17	12	53	0.6	121	11.3	65	1011		0	3		2	9
24/12/2015	18	19	31	0.1	133	9.7	75	1012		0	3		2	16
24/12/2015	19	51	6	0.1	217	9.2	79	1014		0	3		12	32
24/12/2015	20	65	2	0.1	234	8.5	82	1014		0	3		21	34
24/12/2015	21	25	12	0.3	268	8.1	81	1015		0	3		4	19
24/12/2015	22	12	25	0.4	262	7.8	80	1015		0	3		2	10
24/12/2015	23	12	23	0.2	255	7.8	79	1015		0	3		2	10
25/12/2015	00	14	20	0.2	257	7.9	79	1016		0	3		2	10
25/12/2015	01	13	20	0.3	257	8	76	1015		0	3		2	9
25/12/2015	02	11	11	0.5	258	6.6	78	1015		0	3		2	8
25/12/2015	03	7	20	0.5	262	6.8	76	1015		0	3		2	5
25/12/2015	04	8	17	0.2	249	6.2	76	1015		0	3		2	6
25/12/2015	05	8	27	0.2	205	6.4	74	1015		0	3		3	5
25/12/2015	06	11	31	0.3	278	6.3	73	1016		0	3		3	6
25/12/2015	07	6	24	0.1	275	6.1	74	1016		0	3		2	4
25/12/2015	08	19	26	1	259	6.5	74	1017		0	3		5	11
25/12/2015	09	22	29	1	257	7	72	1017		0	3		6	12
25/12/2015	10	22	31	0.9	257	8.6	67	1018		0	3		6	12
25/12/2015	11	25	34	1.5	263	11.2	61	1018		0	3		7	14
25/12/2015	12	26	46	0.3	282	13.3	58	1017		0	3		7	15
25/12/2015	13	30	53	0.1	61	14.4	54	1016		0	3		7	19
25/12/2015	14	26	72	0.2	81	15.3	51	1015		0	3		7	16
25/12/2015	15	22	91	0.5	114	15.1	53	1014		0	3		6	12
25/12/2015	16	24	79	0.6	116	13.6	59	1015		0	3		6	14
25/12/2015	17	33	39	0.1	141	11.5	69	1015		0	3		6	23
25/12/2015	18	42	7	0.1	145	9.9	76	1016		0	3		8	31
25/12/2015	19	58	2	0.1	194	9.3	78	1017		0	3		13	39
25/12/2015	20	64	3	0.1	252	9.2	80	1017		0	3		18	36
25/12/2015	21	36	14	0.8	273	8.6	78	1018		0	3		7	25
25/12/2015	22	28	23	1.4	263	8.6	78	1018		0	3		6	20
25/12/2015	23	12	35	0.9	264	9.2	76	1018		0	3		2	9
26/12/2015	00	8	42	0.4	258	9.6	76	1018		0	3		2	6
26/12/2015	01	7	48	0.2	252	9.7	76	1018		0	3		2	4
26/12/2015	02	7	52	0.2	253	9.8	74	1017		0	3		2	4
26/12/2015	03	7	52	0.3	258	9.6	74	1017		0	3		2	4
26/12/2015	04	6	54	0.7	264	9.2	73	1017		0	3		2	4
26/12/2015	05	6	55	0.2	260	8.8	73	1017		0	3		2	4
26/12/2015	06	6	56	1.2	272	8.3	72	1017		0	3		2	4
26/12/2015	07	6	43	0.9	267	7.9	74	1018		0	3		2	4
26/12/2015	08	6	48	1.3	258	8.6	70	1018		0	3		2	4
26/12/2015	09	6	48	1.3	260	9	69	1018		0	3		2	4
26/12/2015	10	7	45	0.8	277	10	65	1019		0	3		2	4
26/12/2015	11	7	47	0.8	279	11.9	58	1018		0	3		2	4
26/12/2015	12	7	61	0.2	300	14.6	51	1017		0	3		2	4
26/12/2015	13	7	80	0.3	153	16	48	1016		0	3		2	4
26/12/2015	14	6	91	0.8	121	16.4	47	1015		0	3		2	4
26/12/2015	15	8	91	0.7	116	16.2	49	1015		0	3		3	5
26/12/2015	16	7	90	1.1	116	14.8	53	1015		0	3		2	4
26/12/2015	17	7	79	0.4	123	11.7	66	1015		0	3		2	5
26/12/2015	18	19	53	0.2	134	10.3	74	1016		0	3		3	15
26/12/2015	19	35	42	0.1	158	10	77	1016		0	3		6	26
26/12/2015	20	57	2	0.1	227	9.2		1017		0	3		12	39
26/12/2015	21	57	6	0.1	288	8.7		1017		0	3		14	36
26/12/2015	22	31	18	0.2	279	8.3	80	1017		0	3		6	21
26/12/2015	23	25	28	0.5	259	8.4	78	1017		0	3		5	17
27/12/2015	00	24	28	0.7	257	8.2	77	1017		0	3		5	16
27/12/2015	01	19	28	1.2	259	7.7	78	1017		0	3		5	12
27/12/2015	02	6	40	1	263	7.7	79	1017		0	3		2	4
27/12/2015	03	6	39	2.1	270	6.9	80	1017		0	3		2	4
27/12/2015	04	6	37	1.5	265	6.5	77	1017		0	3		2	4
27/12/2015	05	6	41	0.8	264	6.5	77	1017		0	3		2	4
27/12/2015	06	6	37	0.5	264	6.5	77	1017		0	3		2	4
27/12/2015	07	6	41	0.1	257	6.6	76	1017		0	3		2	4
27/12/2015	08	7	27	0.2	282	5.9	79	1017		0	3		2	5
27/12/2015	09	6	29	0.4	260	6.2	77	1018		0	3		2	4
27/12/2015	10	9	27	0.5	268	8.7	69	1018		0	3		3	5
27/12/2015	11	6	42	0.4	283	11.8	57	1018		0	3		2	4
27/12/2015	12	6	66	0.4	323	13.4	55	1017		0	3		2	4
27/12/2015	13	6	83	0.2	32	15.1	52	1016		0	3		2	4
27/12/2015	14	6	89	0.5	99	15.6	50	1015		0	3		2	4
27/12/2015	15	6	92	1	118	15.5	50	1014		0	3		2	4
27/12/2015	16	6	83	0.8	112	12.7	63	1014		0	3		2	4
27/12/2015	17	10	57	0.2	118	10.8	75	1014		0	3		2	8
27/12/2015	18	10	54	0.1	121	11.1	77	1014		0	3		2	9
27/12/2015	19	25	31	0.1	204	10.6		1014		0	3		4	19
27/12/2015	20	33	4	0.1	251	10.3		1015		0	3		5	26
27/12/2015	21	35	2	0.1	271	10.4		1015		0	3		5	28
27/12/2015	22	27	4	0.1	273	10.3		1015		0	3		3	22
27/12/2015	23	16	22	0.2	252	10.5		1015		0	3		2	14
28/12/2015	00	14	26	0.1	270	10.5		1015		0	3		2	11
28/12/2015	01	8	36	0.2	263	10.5	78	1014		0	3		2	6
28/12/2015	02	7	43	0.1	245	10.6	78	1014		0	3		2	5
28/12/2015	03	6	49	0.1	272	10.7	78	1013		0	3		2	4
28/12/2015	04	6	48	0.2	254	10.2	80	1013		0	3		2	4
28/12/2015	05	6	49	0.1	263	10.2	81	1013		0	3		2	4
28/12/2015	06	7	41	0.2	261	10.3	80	1014		0	3		2	6
28/12/2015	07	11	32	0.1	243	10.1	80	1013		0	3		2	9
28/12/2015	08	39	4	0.1	246	9.4	82	1013		0	3		11	22
28/12/2015	09	35	2	0.3	293	10.3	79	1014		0	3		9	21
28/12/2015	10	28	5	0.2	256	10.9	76	1014		0	3		7	18
28/12/2015	11	24	16	0.2	276	12.2	71	1014		0	3		5	16
28/12/2015	12	20	36	0.2	268	14.3	63	1014		0	3		4	14
28/12/2015	13	10	70	0.4	135	15.1	58	1012		0	3		2	7
28/12/2015	14	9	74	0.2	125	14.1	60	1011		0	3		2	7
28/12/2015	15	6	93	0.5	118	14.5	58	1011		0	3		2	4
28/12/2015	16	6	87	1.2	114	14.2	61	1011		0	3		2	4
28/12/2015	17	18	45	0.3	127	11.6	74	1011		0	3		2	15
28/12/2015	18	30	7	0.1	142	10.5	80	1012		0	3		3	25
28/12/2015	19	47	3	0.1	207	10.1	82	1012		0	3		11	30
28/12/2015	20	59	2	0.1	259	9.6	84	1012		0	3		18	31
28/12/2015	21	43	2	0.3	256	9.2	83	1012		0	3		11	26
28/12/2015	22	37	2	0.4	257	9	83	1013		0	3		8	24
28/12/2015	23	20	5	0.1	256	9.3	82	1013		0	3		2	17
29/12/2015	00	10	22	0.1	249	9.4	82	1013		0	3		2	9
29/12/2015	01	6	40	0.1	244	9.4	81	1013		0	3		2	5
29/12/2015	02	6	37	0.3	250	8.9	82	1013		0	3		2	4
29/12/2015	03	6	44	0.2	237	9	81	1013		0	3		2	4
29/12/2015	04	6	45	0.2	209	8.8	81	1013		0	3		2	4
29/12/2015	05	6	50	1.1	210	8.9	79	1013		0	3		2	4
29/12/2015	06	6	40	0.2	246	9	77	1013		0	3		2	5
29/12/2015	07	6	38	0.5	216	9.7	73	1013		0	3		2	4
29/12/2015	08	10	39	1.2	190	11.1	66	1013		0	3		3	7
29/12/2015	09	31	15	0.3	277	12	64	1013		0	3		10	17
29/12/2015	10	12	33	0.6	243	13.9	59	1013		0	3		3	8
29/12/2015	11	9	45	1.3	216	14.2	59	1013		0	3		3	5
29/12/2015	12	6	52	1.4	206	15.1	56	1013		0	3		2	4
29/12/2015	13	6	54	2.4	198	15	55	1012		0	3		2	4
29/12/2015	14	6	60	1.2	203	15.9	51	1011		0	3		2	4
29/12/2015	15	6	74	1.9	241	18	36	1010		0	3		2	4
29/12/2015	16	11	68	1	225	17.5	33	1011		0	3		2	7
29/12/2015	17	13	47	0.4	184	15	40	1011		0	3		3	10
29/12/2015	18	13	53	1.1	202	13.5	43	1012		0	3		3	10
29/12/2015	19	35	11	0.1	224	12.4	61	1013		0	3		5	27
29/12/2015	20	50	2	0.1	245	11.5	73	1014		0	3		12	31
29/12/2015	21	39	2	0.1	239	11	72	1014		0	3		8	27
29/12/2015	22	13	27	0.6	213	10.9	61	1015		0	3		2	10
29/12/2015	23	6	46	1.7	198	9.8	60	1015		0	3		2	4
30/12/2015	00	6	50	1.3	225	9.4	61	1015		0	3		2	4
30/12/2015	01	8	25	1.1	257	8.2	67	1015		0	3		2	6
30/12/2015	02	6	40	0.9	238	8.3	65	1014		0	3		2	4
30/12/2015	03	6	44	0.9	244	8	65	1014		0	3		2	4
30/12/2015	04	6	43	1.2	248	7.8	64	1013		0	3		2	4
30/12/2015	05	6	43	1.4	225	7.5	64	1013		0	3		2	4
30/12/2015	06	6	43	1.1	240	7.5	63	1012		0	3		2	4
30/12/2015	07	6	38	1.3	255	7.1	64	1012		0	3		2	4
30/12/2015	08	8	36	1.2	247	7.2	63	1012		0	3		3	5
30/12/2015	09	7	36	2	232	7.9	61	1012		0	3		2	4
30/12/2015	10	6	47	2.3	207	10.4	53	1011		0	3		2	4
30/12/2015	11	6	49	2.2	219	13.3	46	1011		0	3		3	4
30/12/2015	12	7	63	2.4	222	15.6	39	1009		0	3		2	4
30/12/2015	13	6	72	2.8	222	16.8	33	1008		0	3		2	4
30/12/2015	14	6	77	3.2	231	16.9	33	1007		0	3		2	4
30/12/2015	15	6	71	2.5	210	17.2	32	1006		0	3		2	4
30/12/2015	16	6	72	2.1	207	17.1	30	1006		0	3		2	4
30/12/2015	17	7	64	1.1	200	15.1	33	1006		0	3		2	5
30/12/2015	18	6	69	0.8	222	13.6	38	1006		0	3		2	4
30/12/2015	19	6	69	0.9	255	12.7	42	1007		0	3		2	4
30/12/2015	20	7	62	0.5	227	11.8	45	1008		0	3		2	5
30/12/2015	21	15	38	0.2	226	11	48	1008		0	3		2	13
30/12/2015	22	6	67	1.2	253	11.5	48	1008		0	3		2	4
30/12/2015	23	12	80	2.3	258	12.1	48	1008		0	3		4	7
31/12/2015	00	6	77	1.5	259	11.9	51	1008		0	3		2	4
31/12/2015	01	6	70	0.3	245	11.2	55	1008		0	3		2	4
31/12/2015	02	6	71	0.4	239	11.2	55	1008		0	3		2	4
31/12/2015	03	6	81	1.2	235	11.9	54	1008		0	3		2	4
31/12/2015	04	6	75	3.2	200	11.6	57	1008		0	3		2	4
31/12/2015	05	6	73	2.2	197	11.7	57	1008		0	3		2	4
31/12/2015	06	6	68	1.4	193	11.6	57	1008		0	3		2	4
31/12/2015	07	6	55	0.5	200	11.3	58	1009		0	3		2	4
31/12/2015	08	9	41	0.6	196	11.9	57	1009		0	3		2	6
31/12/2015	09	8	42	1.5	197	12.6	56	1009		0	3		2	5
31/12/2015	10	7	50	0.6	208	13.7	55	1010		0	3		2	4
31/12/2015	11	6	60	1.7	258	14.9	51	1010		0	3		2	4
31/12/2015	12	6	66	1.9	243	15.8	49	1009		0	3		2	4
31/12/2015	13	6	73	2.2	247	16.1	50	1008		0	3		2	4
31/12/2015	14	6	64	0.7	246	15.5	52	1007		0	3		2	4
31/12/2015	15	8	49	0.2	304	15.4	53	1007		0	3		2	6
31/12/2015	16	13	27	0.3	188	15.1	55	1007		0	3		3	10
31/12/2015	17	6	60	1.3	237	15.2	56	1008		0	3		2	4
31/12/2015	18	9	43	0.7	264	14.8	60	1008		0	3		2	6
31/12/2015	19	7	45	0.8	218	14.6	61	1008		0	3		2	5
31/12/2015	20	7	43	0.6	223	14.2	63	1008		0	3		2	5
31/12/2015	21	17	17	0.1	137	13.1	70	1009		0	3		2	14
31/12/2015	22	17	20	0.1	189	12	76	1009		0	3		2	14
31/12/2015	23	11	27	0.1	243	11.3	79	1009		0	3		2	9
