Red: Red de Unidades Móviles de Control de la Contaminación Atmosférica
Estación: 12046001-Móvil Cirat
	
FECHA	HORA	SO2	CO	NO	NO2	PM2.5	PM10	PM1	NOx	O3	Veloc.	Direc.	Temp.	H.Rel.	Pres.	R.Sol.	Precip.
		µg/m³	mg/m³	µg/m³	µg/m³	µg/m³	µg/m³	µg/m³	µg/m³	µg/m³	m/s	grados	°C	% H.R.	mb	W/m²	l/m²
26/05/2003	17	5		8	14				26	91	1	82	23.7	32	969	206	0
26/05/2003	18	5		8	25				36	72	0.7	103	20.6	40	969	102	0
26/05/2003	19	5		7	30				41	64	0.9	71	18.2	46	970	7	0
26/05/2003	20	5		8	29				41	49	0.5	326	15.4	57	971	0	0
26/05/2003	21	5		7	24				35	37	0.6	242	13.3	67	972	0	0
26/05/2003	22	5		7	21				32	33	0.6	291	12.1	72	973	0	0
26/05/2003	23	5		7	16				27	28	0.6	285	11	77	973	0	0
27/05/2003	00	5		7	13				24	37	0.6	291	10.6	75	973	0	0
27/05/2003	01	5		7	12				23	42	0.6	273	10.4	73	973	0	0
27/05/2003	02	5		7	12				23	43	0.5	249	9.9	75	973	0	0
27/05/2003	03	5		7	12				23	43	0.5	252	9.3	77	973	0	0
27/05/2003	04	5		7	12				23	45	0.5	256	9.2	76	973	0	0
27/05/2003	05	5		7	12				23	42	0.5	254	8.9	78	973	0	0
27/05/2003	06	5		7	12				23	37	0.5	209	9.8	76	973	21	0
27/05/2003	07	5		7	12				23	35	0.5	8	15.6	57	973	113	0
27/05/2003	08	5		7	12				24	45	0.5	27	22	40	973	365	0
27/05/2003	09	5		8	12				24	56	0.6	33	25.3	34	973	629	0
27/05/2003	10	5		8	13				24	72	0.7	35	27.4	30	972	469	0
27/05/2003	11	5		8	12				24	77	0.7	67	28.1	28	971	419	0
27/05/2003	12	5		8	13				25	83	1.2	71	28.4	29	971	961	0
27/05/2003	13	5		8	17				29	80	1.7	85	29.2	30	971	980	0
27/05/2003	14	5		8	18				30	82	1.5	82	28.3	31	971	769	0
27/05/2003	15	5		8	19				31	81	1.9	80	28.7	33	970	753	0
27/05/2003	16	5		8	20				31	76	1.5	84	28.9	34	970	617	0
27/05/2003	17	5		8	21				33	78	1.2	80	23.5	44	971	457	0
27/05/2003	18	5		8	21				33	78	0.9	79	20.8	48	971	162	0
27/05/2003	19	5		8	24				36	71	0.8	110	19.5	51	971	11	0
27/05/2003	20	4		8	22				34	58	0.5	207	17	62	971	0	0
27/05/2003	21	4		8	23				35	44	0.5	44	15.2	71	972	0	0
27/05/2003	22	4		8	30	17.2	23.4	13.1	41	25	0.5	36	13.8	91	973	0	0
27/05/2003	23	4		7	22	15.6	20.3	11.8	34	20	0.5	228	13.5	91	973	0	0
28/05/2003	00	4		7	20	15.3	19.5	11.6	32	17	0.6	225	12.2	93	973	0	0
28/05/2003	01	4		7	15	11.9	14.5	8.9	26	17	0.5	224	10.6	96	973	0	0
28/05/2003	02	4		7	13	11.3	13.5	8.6	25	13	0.5	255	9.8	98	973	0	0
28/05/2003	03	4		7	13	10.6	12.2	8	24	12	0.5	251	9.3	98	972	0	0
28/05/2003	04	4		7	13	9.6	11.1	7.2	24	12	0.5	251	9	98	972	0	0
28/05/2003	05	4		7	12	8.9	10.4	6.6	23	13	0.5	244	8.7	97	972	0	0
28/05/2003	06	4		7	12	8.6	10.2	6.4	23	13	0.6	172	9.7	93	972	17	0
28/05/2003	07	4		7	13	8.8	12.5	6.3	24	13	0.5	168	15.1	70	972	109	0
28/05/2003	08	4		7	13	8.1	12.3	5.6	24	24	0.6	12	21.8	49	971	351	0
28/05/2003	09	4		8	13	7.5	12.4	5.1	25	48	0.6	41	25.6	41	971	616	0
28/05/2003	10	4		8	13	6.7	12	4.5	25	73	0.8	74	28.3	35	971	472	0
28/05/2003	11	4		8	12	6.2	10.7	4.2	24	92	1.2	81	29.5	32	970	419	0
28/05/2003	12	4		8	13	7.4	13	5.2	25	94	1.8	98	29.4	32	970	941	0
28/05/2003	13	4		8	17	12	23.3	9.1	29	89	2.3	95	29.7	35	970	956	0
28/05/2003	14	4		8	16	12.2	22.5	9.3	28	92	1.9	83	30.7	35	969	894	0
28/05/2003	15	4		8	16	12.2	21.9	9.4	28	88	2	84	30.9	34	969	782	0
28/05/2003	16	4		8	19	13	25.1	9.9	31	82	1.8	94	30.2	35	969	621	0
28/05/2003	17	5		8	21	13.3	23.5	10	33	82	1.1	81	25.2	45	969	441	0
28/05/2003	18	5		8	23	13.7	24.6	10.3	35	87	1.9	83	22.5	50	969	170	0
28/05/2003	19	4		8	27	14.7	25.9	11	38	79	1.4	80	21.1	54	969	20	0
28/05/2003	20	4		8	24	15	26.2	11.5	36	64	0.6	14	19.1	63	969	0	0
28/05/2003	21	4		8	23	15.1	22.2	11.7	34	46	0.5	248	16.5	75	969	0	0
28/05/2003	22	4		8	18	14.2	18.8	11.1	29	43	0.5	225	15.3	81	969	0	0
28/05/2003	23	4		8	15	13.7	17.6	10.8	27	38	0.5	306	14.4	84	969	0	0
29/05/2003	00	4		8	14	13.6	16.4	10.9	26	32	0.5	233	13.4	89	969	0	0
29/05/2003	01	4		8	13	13.4	16	10.8	25	30	0.5	246	12.8	91	969	0	0
29/05/2003	02	4		8	13	13.4	15.8	10.8	25	26	0.5	294	12.4	92	969	0	0
29/05/2003	03	5		8	13	13.8	16.3	11.2	25	24	0.5	222	12.1	94	969	0	0
29/05/2003	04	5		8	13	13.9	16.2	11.4	25	19	0.5	229	11.6	96	969	0	0
29/05/2003	05	5		8	13	14	16.1	11.6	24	16	0.5	219	11.2	97	969	0	0
29/05/2003	06	5		8	13	13.9	16	11.5	25	15	0.5	351	12	94	969	17	0
29/05/2003	07	5		8	13	13.3	16.8	10.9	24	18	0.5	36	17.5	71	969	114	0
29/05/2003	08	5		8	13	12.4	15.8	10	25	26	0.6	16	24.2	50	969	347	0
29/05/2003	09	5		8	13	11.3	14.7	9	25	49	0.5	41	27.9	41	968	616	0
29/05/2003	10	5		8	13	9.5	14.6	7.1	25	78	0.9	76	30.6	35	968	485	0
29/05/2003	11	5		8	14	9.2	14.3	6.7	26	83	1.3	82	31.1	32	968	409	0
29/05/2003	12	5		8	19	12.8	22.3	9.3	31	80	1.9	85	30.4	33	968	931	0
29/05/2003	13	5		8	17	12.3	20.1	9.1	29	82	1.6	85	31.5	31	968	951	0
29/05/2003	14	5		8	15	11.1	18.3	8.3	26	86	2	86	32.6	29	968	902	0
29/05/2003	15	5		8	16	11.5	20.5	8.4	28	88	2	84	32.8	29	967	799	0
29/05/2003	16	5		8	18	11.4	20.7	8.3	30	82	1.8	93	32.5	30	967	654	0
29/05/2003	17	5		8	21	13.3	22.8	9.9	33	89	2.3	84	26.6	41	967	466	0
29/05/2003	18	5		8	21	13.5	23.9	10.2	33	85	1.5	85	23.8	47	967	191	0
29/05/2003	19	5		8	21	14	26.9	10.5	33	76	0.9	71	22.1	53	968	15	0
29/05/2003	20	5		8	26	17.3	33.6	12.9	38	58	0.5	353	19.5	64	968	0	0
29/05/2003	21	5		8	26	18.1	27.4	13.5	38	40	0.5	308	17.2	75	969	0	0
29/05/2003	22	5		8	22	16.4	22.2	12.5	34	35	0.5	227	15.8	80	969	0	0
29/05/2003	23	5		8	17	14.4	18.6	11.2	29	31	0.5	252	14.6	84	970	0	0
30/05/2003	00	5		8	16	13.4	16.5	10.5	27	29	0.5	239	13.8	86	969	0	0
30/05/2003	01	5		8	15	12.6	14.9	10	26	24	0.5	259	13.2	89	969	0	0
30/05/2003	02	5		8	14	12.3	14.4	9.7	25	23	0.5	230	12.5	91	969	0	0
30/05/2003	03	5		8	13	12.1	14.2	9.6	25	22	0.5	234	12	93	969	0	0
30/05/2003	04	5		8	13	12	14	9.5	24	19	0.5	239	11.7	94	969	0	0
30/05/2003	05	5		8	12	11.9	13.6	9.4	24	18	0.5	247	11.4	94	969	0	0
30/05/2003	06	5		7	13	11.4	13.3	8.9	24	16	0.5	204	12.2	90	969	16	0
30/05/2003	07	5		8	13	10.5	14.1	8	25	21	0.5	155	17.4	68	969	118	0
30/05/2003	08	5		8	13	9.6	13.5	7.2	25	29	0.5	20	24.4	46	969	343	0
30/05/2003	09	5		8	13	9.1	13.6	6.7	25	43	0.5	42	28.6	37	968	619	0
30/05/2003	10	5		8	13	8.6	11.9	6.4	25	57	0.9	75	31.2	33	968	491	0
30/05/2003	11	5		8	22	13.5	27.6	9.7	35	52	1.4	97	32	34	968	394	0
30/05/2003	12	5		9	37	23	48	17.4	50	51	1	80	33.1	34	968	906	0
30/05/2003	13	5		8	28	17.7	37.3	13.4	40	68	1	78	34.1	33	968	921	0
30/05/2003	14	5		8	21	13.6	27.3	10.1	33	84	1.2	82	34.2	31	968	861	0
30/05/2003	15	5		8	17	11.1	21.8	8.2	29	85	1	83	34.7	31	967	756	0
30/05/2003	16	5		8	18	10.5	20.9	7.6	30	81	2.6	86	31.8	33	967	592	0
30/05/2003	17	5		8	20	9.8	20.8	6.9	32	71	2.2	83	27.1	41	968	410	0
30/05/2003	18	5		8	20	9.4	19.2	6.6	32	64	1.5	79	24.4	46	968	179	0
30/05/2003	19	5		8	21	10.3	21.9	7.2	33	50	0.6	50	22.4	53	968	29	0
30/05/2003	20	5		8	23	11.9	38.8	8.3	35	39	0.5	20	20	63	968	0	0
30/05/2003	21	5		8	22	12.1	21.7	8.6	34	29	0.5	304	18	73	968	0	0
30/05/2003	22	5		8	18	10.9	15.3	7.8	30	25	0.7	315	16.7	77	969	0	0
30/05/2003	23	5		8	15	9.5	12.7	6.8	27	25	0.6	234	15.9	78	969	0	0
31/05/2003	00	5		8	14	9.1	11.8	6.6	26	22	0.6	240	14.9	82	969	0	0
31/05/2003	01	5		8	14	9.1	11.7	6.6	26	22	0.5	248	14.5	84	970	0	0
31/05/2003	02	5		8	14	9.1	11.2	6.7	26	22	0.5	251	14.1	85	970	0	0
31/05/2003	03	5		8	13	8.9	10.9	6.5	25	19	0.5	282	13.4	87	969	0	0
31/05/2003	04	5		8	13	8.6	10.2	6.3	25	19	0.6	244	12.9	88	969	0	0
31/05/2003	05	5		8	13	8.7	10	6.4	25	16	0.6	223	12.3	90	969	0	0
31/05/2003	06	5		8	13	8.8	10.7	6.5	24	16	0.6	199	13.3	86	969	14	0
31/05/2003	07	5	0.1	8	13	8.7	12.2	6.4	24	20	0.5	153	18.3	66	968	119	0
31/05/2003	08	5	0.1	8	13	8.5	12.1	6.2	24	28	0.5	32	25	47	968	328	0
31/05/2003	09	5	0.1	8	13	8.4	16.5	6.1	25	41	0.5	30	30.4	36	968	593	0
31/05/2003	10	5	0.1	8	13	10.2	16.4	7.5	24	58	0.6	58	33.3	31	968	493	0
31/05/2003	11	6	0.1	8	18	12	22.6	8.9	30	68	1.9	83	33.4	30	968	405	0
31/05/2003	12	30	0.1	9	42	23.4	44.9	17.9	56	55	2.2	86	32	38	968	903	0
31/05/2003	13	21	0.1	8	25	19.4	31.9	15.5	37	75	2.5	85	31.2	39	968	899	0
31/05/2003	14	12		8	19	17.2	27	13.7	31	87	2.3	88	31.9	38	968	852	0
31/05/2003	15	10	0.1	8	23	15.3	27	11.7	34	83	1.8	86	32.9	34	967	751	0
31/05/2003	16	16	0.1	8	20	15.4	23.7	12.1	32	85	2.5	82	31.8	36	967	587	0
31/05/2003	17	5	0.1	8	18	16.4	23.8	12.9	29	85	2.2	82	26.4	49	967	165	0
31/05/2003	18	5	0.1	8	20	14.8	24	11.2	32	80	1.1	59	24.1	53	968	30	0
31/05/2003	19	5	0.1	8	26	16.1	25.6	12.1	38	64	0.5	21	22.6	56	968	10	0
31/05/2003	20	5	0.1	8	23	15.9	24.8	12.1	35	59	0.5	321	20.4	64	968	0	0
31/05/2003	21	5	0.1	8	18	14.6	21	11.3	30	47	0.6	211	19.1	70	968	0	0
31/05/2003	22	5	0.1	8	16	14.6	20	11.4	28	38	0.6	234	18.7	74	968	0	0
31/05/2003	23	5	0.1	8	15	13.9	19	11	26	37	0.5	307	18.5	75	968	0	0
01/06/2003	00	5	0.1	8	14	14	17.5	11.1	26	30	0.5	321	17.4	80	968	0	0
01/06/2003	01	5	0.1	8	13	12.5	15.4	9.7	25	28	0.5	301	16.4	82	968	0	0
01/06/2003	02	5	0.1	8	13	10.8	13	8.2	25	27	0.6	239	15.8	82	968	0	0
01/06/2003	03	5	0.1	8	13	9.6	11.3	7	25	28	0.5	236	15.3	83	968	0	0
01/06/2003	04	5	0.1	8	13	8.7	10.3	6.2	25	27	0.5	247	15	83	968	0	0
01/06/2003	05	5	0.1	8	13	8.4	9.6	6	25	24	0.6	240	14.3	85	968	0	0
01/06/2003	06	5	0.1	8	12	8.5	9.7	6.1	24	21	0.5	238	14.5	85	968	8	0
01/06/2003	07	5	0.1	8	13	8.5	10.7	6	24	20	0.5	173	18.2	71	968	96	0
01/06/2003	08	5	0.1	8	13	8.5	11.6	6.1	24	21	0.5	135	23.9	54	967	286	0
01/06/2003	09	5	0.1	8	13	8.4	13.6	5.9	25	28	0.5	34	26.3	47	967	296	0
01/06/2003	10	5	0.1	8	13	8.4	12.3	6	24	38	0.5	50	28.5	43	967	374	0
01/06/2003	11	5	0.1	8	19	12.5	20.7	8.9	31	38	0.6	55	29.3	43	967	283	0
01/06/2003	12	5	0.1	8	29	18	33	13.2	41	43	0.7	62	29.7	43	967	552	0
01/06/2003	13	5	0.1	8	21	14.5	23.9	11	34	68	0.8	75	33.4	33	966	865	0
01/06/2003	14	5		8	20	16.7	26.6	13.3	32	81	1.6	84	33.8	33	965	792	0
01/06/2003	15	5	0.1	8	16	15.6	22.9	12.7	28	101	2.2	96	32	34	965	602	0
01/06/2003	16	5	0.1	8	14	13.2	17.7	10.7	26	111	3.1	83	28.7	35	965	426	0
01/06/2003	17	5	0.1	8	14	10.7	13.8	8.6	26	110	2.3	79	27.4	34	965	364	0
01/06/2003	18	5	0.1	8	13	9.2	12.1	7.3	25	103	0.7	130	25.8	36	965	132	0
01/06/2003	19	5	0.1	8	14	10.1	14.8	8	26	83	0.5	353	23.7	45	966	18	0
01/06/2003	20	5	0.1	8	13	8	11.7	5.6	24	76	0.7	213	22	52	967	0	0
01/06/2003	21	5	0.1	8	13	7.4	9.4	5.1	24	74	1	229	20.9	54	966	0	0
01/06/2003	22	5	0.1	8	13	8	10.4	5.2	25	64	0.5	249	19.5	60	967	0	0
01/06/2003	23	5	0.1	8	13	8.7	10.8	5.8	24	56	0.6	229	18.6	66	967	0	0
02/06/2003	00	5	0.1	8	13	8.6	10.5	5.7	24	47	0.5	223	17.9	70	968	0	0
02/06/2003	01	5	0.1	8	13	8.3	10	5.6	24	39	0.5	219	17.1	73	968	0	0
02/06/2003	02	5	0.1	8	12	8.3	9.9	5.6	24	36	0.5	218	16.3	76	967	0	0
02/06/2003	03	5	0.1	8	12	8.5	10.1	5.8	24	27	0.6	248	15.3	81	967	0	0
02/06/2003	04	5	0.1	8	13	8.4	9.9	5.8	24	28	0.5	246	14.7	82	967	0	0
02/06/2003	05	5	0.1	8	12	8.4	9.9	5.8	24	21	0.5	228	14.5	84	967	0	0
02/06/2003	06	5	0.1	8	12	8.4	10.1	5.8	24	19	0.5	333	15.6	80	967	7	0
02/06/2003	07	5	0.1	8	12	8.3	10.2	5.7	24	14	0.5	331	17	76	968	36	0
02/06/2003	08	5	0.1	8	12	8.2	10.4	5.7	24	19	0.5	148	21	63	967	202	0
02/06/2003	10	5	0.1	8	12				24	75	0.5	62			966	540	0
02/06/2003	11	5	0.1	8	12	7.7	11.3	5.3	24	103	0.8	116	33.2	28	966	350	0
02/06/2003	12	7	0.1	8	28	19.6	39.5	14.7	41	81	1.4	81	32.5	36	966	755	0
02/06/2003	13	9	0.1	8	28	19.6	38.4	14.6	41	88	1.6	97	31.9	39	966	604	0
02/06/2003	14	10		8	23	16.5	28.6	12.6	35	103	1.5	80	27.4	45	966	230	0
02/06/2003	15	9	0.1	8	22	17	30.2	13.1	34	96	1.3	80	26.4	50	967	214	0
02/06/2003	16	9	0.1	8	18	16.6	27.9	12.9	30	99	1	63	27.3	48	966	324	0
02/06/2003	17	6	0.1	8	18	19.5	29.6	15.4	30	100	1.5	113	26.4	54	966	442	0
02/06/2003	18	5	0.1	8	20	18	29	13.8	33	103	1.6	93	24.1	56	966	166	0
02/06/2003	19	5	0.1	8	24	16.2	28.5	12.2	36	102	0.8	84	22.1	56	967	15	0
02/06/2003	20	5	0.1	8	21	15.8	25.9	12	34	84	0.5	297	20.3	65	968	0	0
02/06/2003	21	5	0.1	8	20	16.1	24.2	12.3	32	73	0.5	238	19.4	70	968	0	0
02/06/2003	22	5	0.1	8	16	15.6	22.7	12.2	28	66	0.5	234	19.1	72	968	0	0
02/06/2003	23	5	0.1	8	16	16.4	22.5	12.9	28	59	0.5	215	18.8	74	968	0	0
03/06/2003	00	5	0.1	8	31	24.9	33.8	19.7	43	36	0.5	9	18	83	968	0	0
03/06/2003	01	5	0.1	8	33	28.4	37.2	23	45	23	0.5	309	17	92	968	0	0
03/06/2003	02	5	0.1	8	21	23	28.9	18.8	33	26	0.5	293	15.9	93	968	0	0
03/06/2003	03	5	0.1	8	16	18.5	22.3	15	28	26	0.5	233	15.5	91	967	0	0
03/06/2003	04	5	0.1	8	14	16.8	20.2	13.6	26	29	0.5	237	15.4	90	967	0	0
03/06/2003	05	5	0.1	8	13	15.6	18.6	12.7	25	27	0.5	339	15.1	90	967	0	0
03/06/2003	06	5	0.1	8	13	14.7	17.2	11.8	25	25	0.5	304	15.5	88	968	4	0
03/06/2003	07	5	0.1	8	13	14.6	17.6	11.7	25	26	0.5	210	17.1	82	968	67	0
03/06/2003	08	5	0.1	8	13	15.5	20.6	12.5	25	33	0.5	126	19.9	72	968	174	0
03/06/2003	09	5	0.1	8	13	15.7	21.2	12.6	25	46	0.5	67	24.4	56	968	321	0
03/06/2003	10	5	0.1	8	14	15.4	21.7	12.3	26	61	0.7	67	28.2	46	968	479	0
03/06/2003	11	6	0.1	8	17	16.5	21.7	13.1	29	74	1.5	78	30.7	39	968	420	0
03/06/2003	12	10	0.1	8	23	21.7	28.8	17.6	36	75	2.5	84	29.6	44	968	897	0
03/06/2003	13	9	0.1	8	24	31.5	42.6	26.2	36	76	1.6	79	30.8	46	968	877	0
03/06/2003	14	16	0.1	8	25	34.4	44.8	28.6	37	73	2	96	30.4	48	968	783	0
03/06/2003	15	11		8	20	30.6	39.1	25.6	32	84	1.3	80	31.7	43	968	769	0
03/06/2003	16	5	0.1	8	17	25.1	33.8	20.6	29	98	1.4	83	30.1	43	968	490	0
03/06/2003	17	5	0.1	8	18	23.2	33.6	18.6	30	92	1.1	84	25.4	53	968	312	0
03/06/2003	18	5	0.1	8	20	23.9	31.5	19.2	32	86	1.9	83	23.5	60	968	126	0
03/06/2003	19	5	0.1	8	21	27.3	35.5	21.9	34	72	1.5	103	21.4	71	968	17	0
03/06/2003	20	5	0.1	8	22	29	37.4	23.4	34	53	0.6	36	19.4	83	968	0	0
03/06/2003	21	5	0.1	8	22	30.7	39.2	25	34	43	0.5	9	17.6	92	969	0	0
03/06/2003	22	5	0.1	8	21	32.8	41.7	26.6	33	34	0.5	165	17.1	95	970	0	0
03/06/2003	23	5	0.1	8	22	33	41.7	26.8	34	27	0.5	187	17.8	92	970	0	0
04/06/2003	00	5	0.1	8	18	31.3	38.7	25.8	31	25	0.5	162	17.9	90	970	0	0
04/06/2003	01	5	0.1	8	17	30.2	35.7	25.2	29	41	0.6	214	17.7	87	970	0	0
04/06/2003	02	5	0.1	8	15	27.8	32	23.2	27	47	0.7	211	17.4	85	969	0	0
04/06/2003	03	5	0.1	8	14	27.7	31.9	23.2	26	41	0.5	205	17.1	86	969	0	0
04/06/2003	04	5	0.1	8	13	26.3	30.1	22.1	25	40	0.6	234	16.3	87	969	0	0
04/06/2003	05	5	0.1	8	13	25.4	28.2	21.3	25	31	0.5	224	15.3	91	969	0	0
04/06/2003	06	5	0.1	8	14	23.7	26.6	20	25	29	0.5	178	16.1	88	970	7	0
04/06/2003	07	5	0.1	8	13	20.1	22.9	16.8	25	32	0.5	151	18.4	78	970	106	0
04/06/2003	08	5	0.1	8	13	20.8	24	17	25	49	0.6	15	22.5	62	970	278	0
04/06/2003	09	5	0.1	8	13	20.1	24.1	16.5	25	54	0.6	24	24	57	970	272	0
04/06/2003	10	5	0.1	8	13	19.4	23.1	15.8	25	62	0.5	45	25.7	52	970	360	0
04/06/2003	11	5	0.1	8	13	19.8	24.2	16.1	25	65	1	71	27.2	50	970	433	0
04/06/2003	12	5	0.1	8	19	26.1	35.9	20.8	32	67	1.6	81	28	49	970	649	0
04/06/2003	13	5	0.1	8	22	31.3	43.2	25	34	73	1.6	100	29.8	47	970	652	0
04/06/2003	14	5	0.1	8	18	32.2	42.5	26.6	31	91	1.5	86	27.9	54	969	390	0
04/06/2003	15	5		8	17	31.9	40.2	26.4	29	95	1.4	82	25.8	60	969	311	0
04/06/2003	16	5	0.1	8	19	30.9	39.4	25.5	31	91	1.4	82	26.7	57	969	273	0
04/06/2003	17	6	0.1	8	25	31.2	40.7	25.8	38	82	2.1	81	23.3	67	969	93	0
04/06/2003	18	5	0.1	8	25	30.9	41.1	25.4	37	73	1.3	72	21.7	73	970	48	0
04/06/2003	19	5	0.1	8	25	32.3	41.8	26.6	37	71	0.8	71	20.8	77	970	16	0
04/06/2003	20	5	0.1	8	24	32	40.4	26.6	36	60	0.5	28	19.8	82	970	0	0
04/06/2003	21	5	0.1	8	22	33.3	41.1	28.1	34	49	0.6	323	18	90	970	0	0
04/06/2003	22	5	0.1	8	20	33.9	40.7	28.9	31	40	0.6	297	17.4	94	972	0	0
04/06/2003	23	5	0.1	8	16	33.8	39.3	28.9	28	37	0.6	299	16.7	96	972	0	0
05/06/2003	00	5	0.1	8	16	32.6	37.5	28.2	27	32	0.5	213	16.6	96	972	0	0
05/06/2003	01	5	0.1	8	15	32.9	37.3	28.5	27	25	0.5	221	16.2	98	972	0	0
05/06/2003	02	5	0.1	8	14	31.6	35.5	27.5	26	21	0.5	233	15.9	99	972	0	0
05/06/2003	03	5	0.1	8	13	12.5	17.7	9.9	25	81	1.5	210	16	84	974	0	0.5
05/06/2003	04	5	0.1	8	13	4.2	4.7	2.5	25	90	1	204	14.1	90	973	0	0.4
05/06/2003	05	5	0.1	8	13	4.5	5.5	2.7	24	74	0.6	323	14.4	92	972	0	0.6
05/06/2003	06	5	0.1	8	13	4.9	6	3	24	60	0.5	306	14.7	92	972	4	0
05/06/2003	07	5	0.1	8	13	5.2	6.3	3.2	25	53	0.5	221	16.3	88	972	32	0
05/06/2003	08	5	0.1	8	13	5.7	7.2	3.6	25	50	0.6	212	16.1	89	973	3	1.1
05/06/2003	09	5	0.1	8	13	7	9.5	4.4	25	47	0.7	214	15.3	98	974	3	5.1
05/06/2003	10	5	0.1	8	13	7.1	9.7	4.4	25	53	0.6	239	14.9	100	974	15	1.9
05/06/2003	11	5	0.1	8	13	7.4	9.9	4.7	25	52	0.5	133	17.5	92	975	166	0.6
05/06/2003	12	5	0.1	8	13	6.8	9	4.4	25	57	0.5	161	19.4	84	975	201	0
05/06/2003	13	5	0.1	8	13	6.3	9.7	4.1	25	56	0.5	9	22.6	72	974	436	0
05/06/2003	14	5	0.1	8	13	5.8	8.6	3.7	25	69	0.5	32	27.4	54	974	658	0
05/06/2003	15	5		8	13	5.6	7.9	3.6	25	83	0.7	20	31.1	41	974	776	0
05/06/2003	16	5	0.1	8	13	5.8	7.6	3.7	25	101	0.8	206	30.8	36	973	636	0
05/06/2003	17	5	0.1	8	13	6.5	8.7	4.3	25	102	0.9	212	26.6	45	973	460	0
05/06/2003	18	5	0.1	8	13	7.8	10.5	5.5	25	97	0.7	195	24.2	55	973	215	0
05/06/2003	19	5	0.1	8	13	9.7	13.1	7.1	25	97	0.8	177	22.9	62	974	54	0
05/06/2003	20	5	0.1	8	26	15.6	23.6	11.4	38	68	0.5	19	20.3	77	974	0	0
05/06/2003	21	5	0.1	8	21	13.6	18.7	9.9	33	60	0.5	324	18.1	85	975	0	0
05/06/2003	22	5	0.1	8	18	13.1	17.1	9.6	30	43	0.5	249	16.6	92	975	0	0
05/06/2003	23	5	0.1	8	16	12.9	16.4	9.6	28	36	0.6	238	15.7	96	975	0	0
06/06/2003	00	5	0.1	8	14	12.4	15.7	9.4	26	34	0.5	246	15	98	975	0	0
06/06/2003	01	5	0.1	8	14	12.2	15.1	9.3	26	31	0.5	241	14.4	99	975	0	0
06/06/2003	02	5	0.1	8	13	12.4	15.3	9.5	25	29	0.6	219	14	99	974	0	0
06/06/2003	03	5	0.1	8	14	12.7	15.5	9.8	25	27	0.6	225	13.7	100	974	0	0
06/06/2003	04	5	0.1	8	13	12.9	15.7	10.1	25	23	0.5	311	13.3	100	975	0	0
06/06/2003	05	5	0.1	8	13	12.6	15.1	9.8	24	18	0.5	234	12.9	100	975	0	0.2
06/06/2003	06	5	0.1	8	13	12.3	14.8	9.7	25	18	0.5	223	13.8	99	975	8	0
06/06/2003	07	5	0.1	8	13	12	14.6	9.3	25	19	0.5	339	17.9	83	975	103	0
06/06/2003	08	5	0.1	8	13	11.7	15	9	25	28	0.5	40	23.6	60	975	312	0
06/06/2003	09	5	0.1	8	13	11.7	15.3	9	25	45	0.6	57	27.6	49	975	572	0
06/06/2003	10	5	0.1	8	14	12.3	16.3	9.3	26	61	0.8	64	30	46	975	482	0
06/06/2003	11	5	0.1	8	21	14.7	21.2	10.9	34	63	1.7	87	30.1	47	974	397	0
06/06/2003	12	6	0.1	9	30	21.2	33	16	43	64	1.2	84	31.2	47	974	865	0
06/06/2003	13	6	0.1	8	25	26.2	36.8	21.2	37	79	1.2	83	32.2	46	974	857	0
06/06/2003	14	6	0.1	8	24	29	40.1	24	36	95	1.7	94	31.8	47	974	681	0
06/06/2003	15	6		8	18	24.6	31	20.5	30	103	2.7	81	27.2	56	974	364	0
06/06/2003	16	5		8	15	19.8	26.2	16.3	28	99	1.3	81	28.2	51	974	447	0
06/06/2003	17	5	0.1	8	19	19.1	26	15.6	31	91	1.6	94	27.4	53	973	368	0
06/06/2003	18	5	0.1	8	21	21.1	29.5	17.2	33	93	1.7	84	24.4	61	973	156	0
06/06/2003	19	5	0.1	8	24	23.8	33.5	19.4	36	80	0.7	81	22.8	70	973	39	0
06/06/2003	20	5	0.1	8	25	24.3	32.9	19.6	37	66	0.5	32	20.7	80	974	0	0
06/06/2003	21	5	0.1	8	27	26.9	36.3	21.6	39	48	0.5	323	19.1	87	974	0	0
06/06/2003	22	5	0.1	8	22	26.3	33.8	21.6	34	37	0.5	306	18.1	93	974	0	0
06/06/2003	23	5	0.1	8	17	23.5	28.5	19.5	29	34	0.5	245	17.6	94	974	0	0
07/06/2003	00	5	0.1	8	15	20.9	24.9	17.3	26	31	0.5	224	17.4	94	974	0	0
07/06/2003	01	5	0.1	8	14	19.8	23.3	16.5	26	30	0.5	284	16.8	95	974	0	0
07/06/2003	02	5	0.1	8	13	17.9	20.8	14.8	25	30	0.6	237	16	97	974	0	0
07/06/2003	03	5	0.1	8	13	17.6	19.9	14.5	25	28	0.5	310	15.6	98	973	0	0
07/06/2003	04	5	0.1	8	13	17.4	19.4	14.4	25	28	0.5	225	15.2	99	973	0	0
07/06/2003	05	5	0.1	8	13	17.2	19.2	14.2	25	26	0.5	244	14.9	100	973	0	0
07/06/2003	06	5	0.1	8	13	16.7	18.9	13.8	25	24	0.5	213	15.5	97	973	9	0
07/06/2003	07	5	0.1	8	13	16.3	18.9	13.3	25	24	0.5	176	19.5	80	973	105	0
07/06/2003	08	5	0.1	8	13	15.9	19.1	12.9	25	33	0.5	43	25.2	59	973	295	0
07/06/2003	09	5	0.1	8	13	15.8	20.2	12.8	25	50	0.6	65	29	48	973	556	0
07/06/2003	10	5	0.1	8	14	17.7	22	14.3	26	60	1	97	30.5	47	972	483	0
07/06/2003	11	6	0.1	9	26	23.6	31.8	18.8	39	56	1.7	80	31.4	47	972	404	0
07/06/2003	12	8	0.1	9	30	31.3	42.7	25.1	44	65	1.9	93	31.2	49	972	850	0
07/06/2003	13	7	0.1	8	20	31.1	40.4	26	32	96	2	86	32.1	47	971	859	0
07/06/2003	14	5	0.1	8	16	24.2	31.9	20	28	99	2.3	86	31.6	47	971	831	0
07/06/2003	15	5	0.1	8	15	16.7	22.4	13.3	27	98	2.8	81	31.5	44	971	745	0
07/06/2003	16	5		8	14	14.8	19.6	11.7	26	98	3.2	82	30.3	45	971	601	0
07/06/2003	17	5	0.1	8	15	13.8	18	10.8	27	93	2.1	95	26.8	55	970	419	0
07/06/2003	18	5	0.1	8	17	13.4	18	10.4	29	87	2	86	24.5	62	970	219	0
07/06/2003	19	5	0.1	8	19	15.6	19.8	12.5	31	80	1.6	71	23	70	970	60	0
07/06/2003	20	5	0.1	8	21	17	21.5	13.6	34	67	0.6	61	21.3	81	971	0	0
07/06/2003	21	5	0.1	8	20	17.6	21.7	14.3	32	49	0.5	322	19.6	90	972	0	0
07/06/2003	22	5	0.1	8	18	17.3	20.7	14.2	30	42	0.5	253	18.5	94	972	0	0
07/06/2003	23	5	0.1	8	15	16.4	19.3	13.5	27	39	0.5	302	17.8	95	972	0	0
08/06/2003	00	5	0.1	8	14	14.7	16.9	11.9	26	35	0.6	224	17	95	972	0	0
08/06/2003	01	5	0.1	8	13	14.2	16	11.5	25	33	0.5	229	16.4	96	972	0	0
08/06/2003	02	5	0.1	8	13	13.5	15.3	10.9	25	32	0.5	238	15.7	96	971	0	0
08/06/2003	03	5	0.1	8	13	12.7	14.3	10.1	25	36	0.5	243	15.1	96	971	0	0
08/06/2003	04	5	0.1	8	13	12.8	14.1	10.3	25	32	0.5	222	14.8	97	970	0	0
08/06/2003	05	5	0.1	8	13	12.6	13.9	10	25	29	0.5	226	14.4	98	970	0	0
08/06/2003	06	5	0.1	8	13	12	13.7	9.5	25	27	0.5	198	14.7	97	971	8	0
08/06/2003	07	5	0.1	8	13	11.9	14.2	9.3	25	31	0.5	158	18.5	80	972	87	0
08/06/2003	08	5	0.1	8	13	12	15.4	9.4	25	35	0.5	54	24.3	59	972	283	0
08/06/2003	09	5	0.1	8	20	14.9	19.5	11.5	32	62	0.8	72	27.3	48	972	517	0
08/06/2003	10	5	0.1	8	19	14.7	19.7	11.4	32	73	0.8	58	30.1	41	972	496	0
08/06/2003	11	6	0.1	8	19	16.1	22.4	12.6	31	74	0.9	77	28.4	47	972	190	0.2
08/06/2003	12	5	0.1	8	19	19.9	25.6	15.9	31	62	1.1	106	26.7	61	972	621	0.1
08/06/2003	13	5	0.1	8	17	22.1	27.2	18.5	29	84	1.5	82	30.7	49	972	866	0
08/06/2003	14	5	0.1	8	14	16.4	21.5	13.4	26	98	1.5	83	32.1	41	972	849	0
08/06/2003	15	5	0.1	8	14	14.5	19.7	11.6	26	99	1.4	80	33.9	35	971	767	0
08/06/2003	16	5		8	14	14.4	19.3	11.6	26	99	0.9	76	29.4	43	972	161	0
08/06/2003	17	5	0.1	8	14	14.4	18.7	11.5	26	92	1.3	188	23.9	60	971	0	0
08/06/2003	18	5	0.1	8	13	13.3	16.9	10.6	25	86	0.9	184	22.6	63	971	0	0
08/06/2003	19	5	0.1	8	13	13	16	10.5	26	85	0.9	208	22.1	63	972	0	0
08/06/2003	20	5	0.1	8	13	13.4	16.5	10.8	25	68	0.5	216	20.8	71	972	0	0
08/06/2003	21	5	0.1	8	13	14	16.9	11.2	25	57	0.6	297	19.2	79	972	0	0
08/06/2003	22	5	0.1	8	13	14.1	16.9	11.1	25	52	0.5	239	18.4	83	973	0	0
08/06/2003	23	5	0.1	8	15	15.6	18.5	12.5	27	47	0.5	355	17.8	88	974	0	0
09/06/2003	00	5	0.1	8	17	17.8	20.8	14.6	29	42	0.5	233	17.4	93	974	0	0
09/06/2003	01	5	0.1	8	16	18.5	21.2	15.3	28	31	0.5	245	16.8	97	974	0	0
09/06/2003	02	5	0.1	8	15	19.1	21.7	15.9	27	29	0.5	242	16.4	97	973	0	0
09/06/2003	03	5	0.1	8	14	20.8	23.2	17.6	26	30	0.5	236	15.9	98	973	0	0
09/06/2003	04	5	0.1	8	14	19	21	16	26	21	0.5	291	14.9	99	973	0	0
09/06/2003	05	5	0.1	8	13	18.5	20.2	15.6	25	20	0.5	232	14.3	100	974	0	0
09/06/2003	06	5	0.1	8	13	16.9	18.5	14.1	25	20	0.6	202	15	97	974	6	0
09/06/2003	07	5	0.1	8	13	14	16.1	11.1	25	25	0.5	163	19.5	78	974	107	0
09/06/2003	08	5	0.1	8	13	12.1	14.6	9.2	25	31	0.5	21	25.6	56	974	306	0
09/06/2003	09										0.6	24			974	575	0
09/06/2003	10					11.3	15	8.4			0.9	68	33	38	973	494	0
09/06/2003	15	5	0.4	8	18	21	29	17.1	30	89	3.1	80	31.4	49	972	668	0
09/06/2003	16	5		8	19	19.8	29.4	15.8	31	80	2.8	86	31.5	47	972	538	0
09/06/2003	17	5	0.3	8	19	20.8	30.1	16.1	32	74	1.9	114	26.3	61	972	178	0
09/06/2003	18	5	0.2	8	19	19.9	30.6	15.1	31	69	0.9	112	25.8	62	972	171	0
09/06/2003	19	5	0.1	8	19	19.5	32.4	14.6	31	66	0.6	36	24.6	63	972	50	0
09/06/2003	20	5	0.1	8	22	20.5	33	14.7	34	54	0.5	6	22	72	972	0	0
09/06/2003	21	5	0.1	8	21	21.1	29.6	15.3	34	44	0.5	315	20.3	80	973	0	0
09/06/2003	22	5	0.1	8	17	20	26.6	14.9	29	37	0.5	303	19.2	85	973	0	0
09/06/2003	23	5	0.1	8	14	19	24	14.3	26	39	0.6	236	18.4	87	973	0	0
10/06/2003	00	5	0.1	8	13	18.4	22.8	14	25	37	0.5	243	17.7	89	973	0	0
10/06/2003	01	5	0.1	8	14	18.4	22.2	14.2	26	31	0.5	242	16.9	92	973	0	0
10/06/2003	02	5	0.1	8	13	18	21.6	13.9	25	32	0.5	234	16.3	93	973	0	0
10/06/2003	03	5	0.1	8	13	17.8	20.8	13.9	25	28	0.5	249	15.8	95	973	0	0
10/06/2003	04	5	0.1	8	13	17.2	20.3	13.5	25	27	0.5	240	15.3	97	972	0	0
10/06/2003	05	5	0.1	8	13	17	19.8	13.3	25	27	0.6	309	15	98	972	0	0
10/06/2003	06	5	0.1	8	13	16.8	19.7	13.2	25	27	0.5	205	15.9	94	973	9	0
10/06/2003	07	5	0.1	8	13	16.3	20.6	12.8	25	29	0.5	176	20.2	76	973	103	0
10/06/2003	08	5	0.1	8	13	15.6	20.8	12	25	33	0.5	28	26.3	56	973	294	0
10/06/2003	09	5	0.2	8	14	14.9	21	11.2	26	52	0.5	51	30.9	43	973	563	0
10/06/2003	10	5	0.3	8	14	14.9	22	11.1	26	61	0.7	64	33.2	39	973	494	0
10/06/2003	11	6	0.3	10	24	18.7	30.5	13.7	39	56	1.6	78	33.7	40	972	383	0
10/06/2003	12	12	0.3	12	40	24.9	51.4	17.6	58	55	1.4	98	34.2	40	972	866	0
10/06/2003	13	9	0.4	9	29	28.5	45.4	21.3	43	83	2.4	80	34	41	972	888	0
10/06/2003	14	7	0.4	8	25	24.8	38.8	18	38	97	3	81	33.6	40	972	818	0
10/06/2003	15	6	0.4	8	20	19.7	31.3	14	32	111	3.5	80	32.1	42	972	703	0
10/06/2003	16	5	0.4	8	17	16.8	28.9	11.8	29	119	3.2	78	32.5	37	972	636	0
10/06/2003	17	5		8	14	14.3	25.1	10.2	26	107	2.1	95	29.6	41	972	455	0
10/06/2003	18	5	0.2	8	17	15.2	24.7	11	29	89	1.9	81	26.1	52	972	115	0
10/06/2003	19	5	0.2	8	22	16.3	27.4	12	34	69	0.8	43	24.4	60	973	2	0
10/06/2003	20	5	0.2	8	23	16.8	25.9	12.5	35	57	0.6	185	22.8	69	973	0	0
10/06/2003	21	5	0.2	8	23	17.4	25.3	13.2	35	47	0.5	240	20.9	76	974	0	0
10/06/2003	22	5	0.1	8	18	16.9	22.8	12.8	30	44	0.5	224	19.7	81	974	0	0
10/06/2003	23	5	0.1	8	15	16.4	21.4	12.5	27	40	0.5	234	18.9	85	974	0	0
11/06/2003	00	5	0.1	8	14	16.4	20.8	12.6	26	36	0.5	221	18	88	974	0	0
11/06/2003	01	5	0.1	8	13	16.2	19.9	12.4	25	32	0.5	295	17.4	90	974	0	0
11/06/2003	02	5	0.1	8	13	16.1	19.9	12.4	25	29	0.5	239	16.7	93	974	0	0
11/06/2003	03	5	0.1	8	13	15.9	19.4	12.3	26	28	0.5	253	16.2	93	974	0	0
11/06/2003	04	5	0.1	8	13	15.6	18.9	12.1	25	25	0.5	232	15.6	96	974	0	0
11/06/2003	05	5	0.1	8	13	15.4	18.6	11.8	25	25	0.5	239	15.3	96	974	0	0
11/06/2003	06	5	0.1	8	13	15.1	18.4	11.6	25	25	0.5	209	16.2	93	974	23	0
11/06/2003	07	5	0.1	8	13	14.9	19.7	11.2	25	28	0.5	136	19.9	76	974	112	0
11/06/2003	08	5	0.1	8	13	14.9	21.6	11	25	33	0.5	59	26.1	56	974	313	0
11/06/2003	09	5	0.2	8	13	15	23.8	10.9	25	56	0.6	57	30.9	43	974	583	0
11/06/2003	10	5	0.4	8	18	15.9	25.3	11.5	31	65	1.4	81	32.5	39	974	481	0
11/06/2003	11	7	0.4	9	24	18	31.4	13.3	38	71	1.7	95	32.2	41	974	410	0
11/06/2003	12	24	0.4	10	38	23.8	41.2	17.8	53	67	1.6	83	33.6	40	974	860	0
11/06/2003	13	29	0.4	8	27	23.6	35.4	18.3	39	101	1.9	80	34.1	41	973	887	0
11/06/2003	14	8	0.4	8	17	19.4	28.4	15.2	30	108	2.1	77	34.6	39	973	851	0
11/06/2003	15	5	0.4	8	17	16.1	26.5	12.1	30	103	2.5	86	34.7	35	973	773	0
11/06/2003	16	5	0.4	8	18	16.3	28.5	12.1	30	92	1.9	100	33.9	37	972	553	0
11/06/2003	17	5		8	18	15.9	29.8	11.7	30	82	0.8	112	30.8	44	972	459	0
11/06/2003	18	5	0.3	8	20	15.5	26.6	11.4	32	82	1.4	78	27.1	50	972	249	0
11/06/2003	19	5	0.3	8	23	16.3	28.6	11.9	35	74	1	69	25.3	53	973	49	0
11/06/2003	20	5	0.2	8	22	16.9	27.6	12.9	34	66	0.5	2	22.8	61	973	0	0
11/06/2003	21	5	0.2	8	20	17	25	13.1	32	56	0.5	315	20.5	70	974	0	0
11/06/2003	22	5	0.2	8	16	16.6	23.1	12.8	28	50	0.5	329	19.1	76	974	0	0
11/06/2003	23	5	0.2	8	15	16.2	20.9	12.7	27	46	0.5	231	17.9	79	974	0	0
12/06/2003	00	5	0.1	8	13	15.9	19.6	12.6	26	47	0.5	232	16.9	82	974	0	0
12/06/2003	01	5	0.1	8	14	15.8	19.4	12.7	26	42	0.5	287	16.3	84	974	0	0
12/06/2003	02	5	0.1	8	13	16	18.7	12.9	25	43	0.5	224	15.6	86	974	0	0
12/06/2003	03	5	0.1	8	13	15.6	18	12.7	25	39	0.5	239	15	88	974	0	0
12/06/2003	04	5	0.1	8	13	15.2	17.7	12.3	25	36	0.5	239	14.4	90	974	0	0
12/06/2003	05	5	0.1	8	13	14.7	16.8	11.9	25	35	0.5	235	13.8	91	974	0	0
12/06/2003	06	5	0.1	8	13	14.1	16.4	11.2	25	36	0.5	209	14.7	86	974	5	0
12/06/2003	07	5	0.1	8	13	13.3	17.1	10.4	25	37	0.5	155	19.9	66	974	121	0
12/06/2003	08	5	0.1	8	13	13	16.9	10.1	25	42	0.5	142	26.5	47	974	317	0
12/06/2003	09	5	0.1	8	13	12.7	16.5	9.8	25	56	0.6	37	31	38	974	615	0
12/06/2003	10	5	0.4	8	13	14.1	17.8	11.6	25	98	0.6	55	34.2	30	973	531	0
12/06/2003	11	7	0.4	8	19	17.1	25.5	13.8	31	106	2.3	83	34.2	30	973	361	0
12/06/2003	12	28	0.5	8	32	20.1	34.3	15.8	45	106	2.8	86	34.1	31	973	914	0
12/06/2003	13	9	0.4	8	17	16.6	26.6	13.5	29	131	1.8	97	35	28	973	906	0
12/06/2003	14	6	0.4	8	14	15.3	22.8	12.5	27	142	2	87	35.8	26	972	889	0
12/06/2003	15	11	0.4	8	16	15.1	23.9	12.3	28	140	1.8	83	36.7	24	972	792	0
12/06/2003	16	30	0.4	8	22	15.3	25.4	12.3	35	128	1.8	80	36.8	24	971	656	0
12/06/2003	17	14		8	19	15.1	26.4	12.1	31	128	1.7	96	32.5	28	972	480	0
12/06/2003	18	6	0.3	8	19	15.4	26.3	12.3	31	120	1.3	82	29.2	33	972	275	0
12/06/2003	19	6	0.2	8	19	15.7	26	12.7	31	113	0.7	106	27.3	38	972	61	0
12/06/2003	20	6	0.2	8	18	15.6	25.5	12.7	30	99	0.5	198	24.1	45	973	0	0
12/06/2003	21	6	0.2	8	17	16.3	23.9	13.4	29	82	0.5	303	21.4	54	974	0	0
12/06/2003	22	5	0.1	8	18	16.6	23.3	13.6	30	73	0.6	235	19.7	59	974	0	0
12/06/2003	23	5	0.1	8	16	16.8	22.6	13.9	28	67	0.6	228	18.5	64	974	0	0
13/06/2003	00	5	0.1	8	14	16.6	21.6	13.9	26	64	0.5	239	17.3	69	974	0	0
13/06/2003	01	5	0.1	8	13	16.7	21	14	25	60	0.5	253	16.5	72	974	0	0
13/06/2003	02	5	0.1	8	13	16.5	20	13.9	26	59	0.6	236	15.8	75	974	0	0
13/06/2003	03	5	0.1	8	13	16.7	19.9	14.2	25	56	0.6	231	15.4	77	974	0	0
13/06/2003	04	5	0.1	8	13	16.6	19.5	14.2	25	55	0.6	226	14.8	79	974	0	0
13/06/2003	05	5	0.1	8	13	16.6	19.4	14.2	25	54	0.6	230	14.4	81	974	0	0
13/06/2003	06	5	0.1	8	13	16.5	19.8	14.2	25	52	0.5	211	15.4	78	974	5	0
13/06/2003	07	5	0.1	8	13	16.4	21.8	14.1	25	55	0.5	164	20.2	61	974	116	0
13/06/2003	08	5	0.1	8	13	16	20.9	13.6	25	61	0.5	150	26.7	45	974	298	0
13/06/2003	09	5	0.1	8	13	15.9	20.1	13.6	25	71	0.5	22	31.5	37	974	589	0
13/06/2003	10	5	0.1	8	13	15.3	20.5	13	25	98	0.9	81	34.4	31	974	514	0
13/06/2003	11	5	0.2	8	16	16	25	13.1	28	117	1.3	85	35.2	28	974	351	0
13/06/2003	12	5	0.3	8	15	16.9	30	13.6	27	122	1.3	84	36.1	27	974	893	0
13/06/2003	13	7	0.3	8	21	20.5	40.9	16.1	33	125	1.7	83	36.2	28	973	924	0
13/06/2003	14	21	0.4	8	20	20.5	41.3	16	32	135	2.3	78	36.5	28	973	878	0
13/06/2003	15	21	0.4	8	18	18.5	37.9	14.1	31	132	2.2	81	36.6	26	973	788	0
13/06/2003	16	5	0.4	8	16	17.4	37.8	13.3	29	125	2.1	83	36.7	25	972	645	0
13/06/2003	17	5	0.4	8	15	17	34.7	13.2	27	128	1.8	84	32.2	29	973	470	0
13/06/2003	18	5		8	16	16.3	30	13.1	28	124	1.6	82	29.3	33	973	208	0
13/06/2003	19	6	0.2	8	20	16.9	29.9	13.7	33	111	0.7	60	27.9	36	973	66	0
13/06/2003	20	5	0.2	8	22	17.5	28.1	14.3	35	92	0.5	334	25	44	973	0	0
13/06/2003	21	5	0.2	8	19	18.5	29	15.1	31	78	0.5	289	22.5	53	974	0	0
13/06/2003	22	5	0.2	8	16	18.6	28.4	15.3	28	73	0.5	311	21	58	975	0	0
13/06/2003	23	5	0.2	8	15	18.4	26	15.2	27	69	0.5	244	19.9	62	975	0	0
14/06/2003	00	5	0.1	8	14	18.2	25.6	15.2	26	64	0.6	243	19	66	975	0	0
14/06/2003	01	5	0.1	8	14	18.4	25.4	15.3	26	64	0.5	295	18.5	68	975	0	0
14/06/2003	02	5	0.1	8	13	18	24	15	25	62	0.6	240	18	70	974	0	0
14/06/2003	03	5	0.1	8	14	18.6	25.4	15.2	26	58	0.6	292	17.9	71	974	0	0
14/06/2003	04	5	0.1	8	13	18.7	26.3	15.2	25	56	0.5	238	17.4	72	974	0	0
14/06/2003	05	5	0.1	8	13	18.4	25.1	15	25	57	0.6	229	17.1	73	974	0	0
14/06/2003	06	5	0.1	8	13	18.4	25.5	14.8	25	55	0.6	218	18	70	974	16	0
14/06/2003	07	5	0.1	8	13	17.9	28.8	14.3	25	57	0.5	170	22.4	57	974	130	0
14/06/2003	08	5	0.1	8	13	17.5	28.5	13.9	25	55	0.5	132	27.5	45	974	262	0
14/06/2003	09	5	0.2	8	13	17.1	30.6	13.3	25	60	0.5	137	32.1	38	973	463	0
14/06/2003	10	5	0.3	8	13	16.6	36.1	12.5	25	77	0.6	73	37.6	29	973	557	0
14/06/2003	11	5	0.4	8	13	17.4	36.8	12.6	25	104	1.4	74	39.7	25	972	426	0
14/06/2003	12	6	0.5	8	17	19.9	40.9	14.5	30	132	2	84	38.9	24	972	824	0
14/06/2003	13	8	0.6	8	26	26.5	53.6	20.8	39	143	1	82	40.6	25	972	885	0
14/06/2003	14	8	0.5	9	21	26	46.3	21	34	167	0.9	79	38.4	31	971	443	0
14/06/2003	15	7	0.5	8	19	22.8	38.3	18.4	32	144	1.2	95	31	41	972	14	0
14/06/2003	16	6	0.4	8	20	21.3	40.2	17.2	32	110	0.6	344	28.5	48	972	0	0
14/06/2003	17	6	0.4	8	19	21.4	37.8	17.2	31	94	0.5	239	26.7	55	973	0	0.4
14/06/2003	18	5		8	13	19.3	29	12.6	26	57	0.6	208	22.6	78	974	1	0.8
14/06/2003	19	5	0.3	8	13	16.1	22.6	9.6	25	48	0.6	202	23.3	72	974	32	0
14/06/2003	20	5	0.2	8	13	15.6	21.9	9.1	25	40	0.5	231	22.5	75	974	1	0
14/06/2003	21	5	0.3	8	13	14.6	20.2	8.6	25	39	0.5	233	21.8	76	975	0	0
14/06/2003	22	5	0.3	8	13	14.1	19.1	8.3	25	33	0.5	183	21.7	77	975	0	0
14/06/2003	23	5	0.2	8	13	14.8	21.6	8.6	25	36	0.6	249	22.1	71	974	0	0
15/06/2003	00	5	0.2	8	13	15.1	22.4	8.7	25	39	0.6	182	23.3	64	974	0	0
15/06/2003	01	5	0.2	8	13	14.8	21.4	8.5	25	36	0.5	230	22.4	67	974	0	0
15/06/2003	02	7	0.1	8	13	14.4	20.5	8.3	25	33	0.5	228	20.8	73	974	0	0
15/06/2003	03	5	0.1	8	13	14.1	19.3	8.1	25	29	0.5	219	19.4	77	973	0	0
15/06/2003	04	5	0.1	8	13	14	19.3	8.1	25	28	0.5	239	18.4	81	973	0	0
15/06/2003	05	5	0.1	8	13	13.7	18.7	7.9	25	26	0.5	306	17.5	83	973	0	0
15/06/2003	06	5	0.1	8	13	13.5	18.4	7.8	25	23	0.6	236	17.3	83	974	0	0
15/06/2003	07	5	0.1	8	13	13.6	20.6	7.8	25	28	0.5	152	20.8	70	974	96	0
15/06/2003	08	5	0.2	8	13	13.2	20.7	7.5	25	30	0.5	151	28.4	48	974	289	0
15/06/2003	09	5	0.3	8	13	14.3	23.2	8.2	25	36	0.5	27	33.5	38	973	511	0
15/06/2003	10	5	0.3	8	13	13.8	23.9	7.6	25	53	0.5	45	34.9	35	973	435	0
15/06/2003	11	5	0.4	8	13	13.4	24.6	7.3	25	70	0.5	50	38.6	27	972	356	0
15/06/2003	12	5	0.5	8	13	11.7	20.8	6	26	83	0.6	40	40.7	22	971	874	0
15/06/2003	13	5	0.6	8	13	11.6	22.1	5.8	26	89	0.9	55	41.7	18	970	942	0
15/06/2003	14	9	0.6	9	18	16.5	29.3	9.7	31	131	2.1	84	38.9	24	970	565	0
15/06/2003	15	8	0.5	8	16	16.8	30	10.2	29	115	1.7	82	34.9	29	970	331	0
15/06/2003	16	7	0.5	8	15	16.6	29.7	9.8	27	109	1.6	65	32.1	32	971	199	0
15/06/2003	17	6	0.4	8	17	17	39.6	9.9	29	92	0.9	164	30.4	35	971	66	0
15/06/2003	18	5		8	13	9.9	15.6	5.6	25	83	0.8	316	27.1	43	972	7	0
15/06/2003	19	5	0.3	8	13	8.1	11.6	4.5	25	68	0.5	302	24.9	52	973	6	0
15/06/2003	20	5	0.2	8	13	7.9	12.6	4.4	25	54	0.9	312	22.9	62	972	0	0
15/06/2003	21	5	0.2	8	13	8.9	13.3	4.8	25	71	1.3	230	23.5	56	973	0	0
15/06/2003	22	5	0.1	8	13	7	9.4	3.8	25	74	1.1	232	23.3	54	972	0	0
15/06/2003	23	5	0.1	8	13	6.4	8.6	3.5	25	74	0.7	234	22.5	55	971	0	0
16/06/2003	00	5	0.1	8	13	6.1	8	3.2	25	72	0.6	233	22	56	970	0	0
16/06/2003	01	5	0.1			6.1	8.2	3.3		61	0.5	212	20.7	62	970	0	0
16/06/2003	02	5	0.1			6.1	8.2	3.3		55	0.5	223	19.7	66	970	0	0
16/06/2003	03	5	0.1			6.2	8.7	3.3		46	0.5	288	18.5	72	969	0	0
16/06/2003	04	5	0.1			6.2	8.1	3.3		42	0.6	229	17.2	77	969	0	0
16/06/2003	05	5	0.1			6.2	8.2	3.4		37	0.6	238	16.4	80	969	0	0
16/06/2003	06	5	0.1			6.5	8.6	3.5		34	0.7	324	16.3	80	970	4	0
16/06/2003	07	5	0.1			6.7	10.2	3.6		37	0.5	155	21.3	62	970	111	0
16/06/2003	08	5	0.1			7.3	11.2	4.1		44	0.5	19	27.4	46	970	254	0
16/06/2003	09	5	0.1			7.4	11.8	4.1		44	0.6	323	25.4	56	969	206	0.2
16/06/2003	11	5	0.3			9.2	16.3	5		80	0.6	38	37.8	26	968	409	0
16/06/2003	12	5	0.4			11	22.6	6.2		104	1.5	178	36.9	25	967	768	0
16/06/2003	13	5	0.4			13.2	26.7	7.6		103	2.2	207	33.5	30	967	344	0
16/06/2003	14	5	0.4			13.1	19.7	7.6		76	0.6	154	29.4	42	967	178	0
16/06/2003	15	5	0.3			12.3	18	7.1		69	0.5	152	31.4	38	967	381	0
16/06/2003	16	5	0.4			12	17.8	6.8		75	0.6	18	33.3	32	966	396	0
16/06/2003	17	5	0.4			12.1	18	6.9		71	0.5	19	33	34	966	388	0
16/06/2003	18	5				12	17.9	6.9		74	0.5	322	31.2	37	966	250	0
16/06/2003	19	5				12.3	23	7.1		64	0.5	299	29.1	44	965	65	0
16/06/2003	20	5	0.2			12.1	18.4	7		58	0.6	240	26.3	51	966	0	0
16/06/2003	21	5	0.2			12.5	19.8	7.4		51	0.5	302	24.4	59	966	0	0
16/06/2003	22	5	0.2			12.2	18.8	7.3		53	0.6	213	23.6	58	968	0	0
16/06/2003	23	5	0.1			11.8	18.2	7		52	0.5	214	23	58	968	0	0
17/06/2003	00	5	0.1			9.5	13.8	5.6		75	0.5	238	23.1	53	968	0	0
17/06/2003	01	5	0.1			9	12.2	5.4		76	0.5	293	22.6	54	968	0	0
17/06/2003	02	5	0.1			9	12.4	5.5		60	0.5	296	21.1	61	967	0	0
17/06/2003	03	5	0.1			8.9	12	5.4		56	0.5	216	20.5	63	967	0	0
17/06/2003	04	5	0.1			8.9	12	5.5		52	0.5	282	20.2	65	968	0	0
17/06/2003	05	5	0.1			8.8	11.5	5.5		47	0.5	242	19.2	69	968	0	0
17/06/2003	06	5	0.1			8.7	12.8	5.4		46	0.5	190	19	72	968	9	0
17/06/2003	07	5	0.1			8.6	12.9	5.4		36	0.5	213	21.4	64	968	46	0
17/06/2003	08	5	0.1			8.3	14.1	5.2		46	0.5	6	25.2	54	968	342	0
17/06/2003	09	5	0.1			7.7	12.6	4.8		56	0.6	24	32.5	36	968	616	0
17/06/2003	10	5	0.3			8.2	15.3	4.9		83	0.6	34	35.2	29	968	496	0
17/06/2003	11	6	0.3			8.8	19.9	5.3		98	1.3	86	36.5	26	968	344	0
17/06/2003	12	9	0.4			11.1	27.7	7		112	2	82	36.1	28	968	876	0
17/06/2003	13	10	0.4			12.6	30.6	8.2		117	2.7	80	35.5	32	968	963	0
17/06/2003	14	9	0.4			13.3	27.3	9		107	2.2	82	33	41	968	468	0
17/06/2003	15	12	0.4			13.2	25.4	8.7		109	1.9	97	29.2	47	968	186	0
17/06/2003	16	14	0.3			12.3	24.9	8		122	1.2	163	28.8	46	968	193	0
17/06/2003	17	12	0.3			12.3	31.6	7.9		115	0.5	4	28.6	49	968	107	0
17/06/2003	18	11	0.3			12.6	39	8.1		107	0.5	190	27.4	53	968	38	0
17/06/2003	19	9				12.1	26.2	7.9		89	0.5	218	26	59	969	11	0
17/06/2003	20	7	0.3			12.2	23	8.1		77	0.5	246	24.7	65	969	4	0
17/06/2003	21	6	0.3			12	20.1	8		73	0.5	245	22.6	73	970	0	0
17/06/2003	22	5	0.3			12	16.9	8.2		60	0.5	237	21.2	79	971	0	0
17/06/2003	23	5	0.3			11.9	16.4	8.2		55	0.6	249	20.3	82	971	0	0
18/06/2003	00	5	0.2			11.9	15.8	8.3		52	0.6	244	19.5	86	971	0	0
18/06/2003	01	5	0.1			12	15.4	8.5		40	0.5	293	18.6	89	972	0	0
18/06/2003	02	5	0.1			12	15	8.6		33	0.5	249	18	91	971	0	0
18/06/2003	03	5	0.1			12	14.8	8.7		30	0.5	255	17.4	93	971	0	0
18/06/2003	04	5	0.1			12.3	15.5	9		28	0.6	235	17	95	972	0	0
18/06/2003	05	5	0.1			12.7	15.6	9.3		22	0.6	241	16.9	96	972	0	0
18/06/2003	06	5	0.1			12.6	15.5	9.3		22	0.5	223	17.4	93	973	5	0
18/06/2003	07	5	0.1			12.3	16.5	9.1		22	0.5	350	21.6	75	973	98	0
18/06/2003	08	5	0.3			12.5	16.5	9.2		29	0.5	27	27.2	56	974	275	0
18/06/2003	09	5	0.3			12.7	17.9	9.4		50	0.5	63	31.5	44	973	542	0
18/06/2003	10	7	0.3			14.4	21.1	10.6		68	1.2	82	33.3	43	974	482	0
18/06/2003	11	9	0.4			16.8	29.1	12.2		85	1.6	85	33.8	40	974	361	0
18/06/2003	12	14	0.4			18.3	35.6	13.2		91	2.2	81	33.8	38	973	848	0
18/06/2003	13	12	0.4			16.4	29.1	12.2		104	1.9	84	34.6	38	973	889	0
18/06/2003	14	9	0.4			15.6	24	11.7		99	2.8	86	31.9	45	973	464	0
18/06/2003	15	8	0.4			15.6	24.8	11.5		102	1.3	102	29	52	974	186	0
18/06/2003	16	8	0.4			15.6	28.9	11.1		96	1.3	83	28.7	53	974	319	0
18/06/2003	17	8	0.4			15.9	29.9	11.4		89	0.6	60	30.4	49	973	403	0
18/06/2003	18	8	0.4			16.2	29.9	11.6		87	0.7	106	27.7	57	973	88	0
18/06/2003	19	8				17.2	34.8	11.9		68	0.5	52	26.3	63	973	20	0
18/06/2003	20	7	0.3			18.3	35.2	12.6		56	0.5	14	24.5	71	974	3	0
18/06/2003	21	6	0.3			19.8	29.5	13.7		42	0.5	15	22.4	81	974	0	0
18/06/2003	22	5	0.3			20	29	14.2		32	0.5	345	21.4	86	974	0	0
18/06/2003	23	5	0.3			19.1	26.5	14		27	0.5	228	20.4	90	975	0	0
19/06/2003	00	5	0.2			18.2	24.4	13.6		28	0.5	254	19.8	92	975	0	0
19/06/2003	01	5	0.1			17.2	21.9	13.2		26	0.5	295	19.1	94	975	0	0
19/06/2003	02	5	0.1			16.6	20.7	12.8		23	0.5	222	18.5	96	975	0	0
19/06/2003	03	5	0.1			16	19.2	12.5		20	0.5	223	18.1	97	975	0	0
19/06/2003	04	5	0.1			15.6	18.4	12.3		16	0.5	247	17.7	98	975	0	0
19/06/2003	05	5	0.1			15.2	17.7	12.2		15	0.5	349	17.3	99	975	0	0
19/06/2003	06	5	0.1			15	17.4	12		13	0.5	233	17.7	97	975	7	0
19/06/2003	07	5	0.1			14.7	18.1	11.7		12	0.5	7	21.4	81	976	97	0
19/06/2003	08	5	0.1			14.7	19.4	11.7		23	0.5	38	26.8	61	976	273	0
19/06/2003	09	6	0.2			12.6	20.3	9.5		71	0.6	50	31.2	43	976	542	0
19/06/2003	10	7	0.3			12.4	19	9.3		83	0.8	80	33	39	975	498	0
19/06/2003	11	7	0.3			13	20	9.8		92	1	98	34.1	37	975	335	0
19/06/2003	12	10	0.4			15.2	26.8	11.3		105	1.6	95	34.6	37	975	850	0
19/06/2003	13	14	0.4			18.2	32.4	13.7		107	2	83	35	38	975	903	0
19/06/2003	14	11	0.5			17.4	29.2	13		112	1.8	84	35.1	41	974	855	0
19/06/2003	15	10	0.5			16.5	26.3	12.3		112	1.9	86	35.6	40	974	762	0
19/06/2003	16	8	0.5			16.1	27.8	11.6		109	1.5	85	35.9	39	974	626	0
19/06/2003	17	8	0.5			16.2	29.6	11.6		104	0.9	80	32.4	46	974	468	0
19/06/2003	18	9	0.4			16.1	29.5	11.5		103	1	84	28.9	52	974	285	0
19/06/2003	19	8				17.7	33.7	12.6		94	1.2	99	27.1	57	974	65	0
19/06/2003	20	7	0.3			19.1	35.8	13.6		76	0.5	25	24.7	67	975	0	0
19/06/2003	21	6	0.3			19.4	30.5	13.9		62	0.5	234	22.5	76	975	0	0
19/06/2003	22	5	0.3			17.8	25.4	13.1		63	0.5	302	21.1	80	976	0	0
19/06/2003	23	5	0.3			16.8	23	12.6		55	0.5	316	20.1	83	976	0	0
20/06/2003	00	5	0.2			16.2	21.4	12.3		47	0.5	254	19.2	86	976	0	0
20/06/2003	01	5	0.1			16.1	20.6	12.4		38	0.5	298	18.4	89	976	0	0
20/06/2003	02	5	0.1			16.2	20.3	12.6		38	0.5	217	17.6	93	975	0	0
20/06/2003	03	5	0.1			15.6	19.3	12.2		37	0.5	232	17.3	93	975	0	0
20/06/2003	04	5	0.1			15.3	18.6	12		35	0.5	242	16.7	95	975	0	0
20/06/2003	05	5	0.1			14.8	17.8	11.7		31	0.5	222	16.2	97	975	0	0
20/06/2003	06	5	0.1			14.1	16.8	11.2		32	0.5	204	16.7	93	975	2	0
20/06/2003	07	5	0.1			13.1	17.4	10.2		32	0.5	237	21.7	71	975	109	0
20/06/2003	08	5	0.3			13.2	17.5	10.3		44	0.5	39	28.3	51	975	290	0
20/06/2003	09	5	0.3			12.4	17.1	9.7		57	0.6	28	32.9	40	975	600	0
20/06/2003	10	5	0.3			7.4	12.1	5.3		99	0.6	16	36.1	28	975	523	0
20/06/2003	11	5	0.4			6.8	11.7	4.9		103	1	74	37.2	26	974	303	0
20/06/2003	12	5	0.4			7.8	16.1	5.5		129	1	72	37.6	25	974	880	0
20/06/2003	13	5	0.4			8.3	18.1	5.8		151	1	69	38.4	23	973	932	0
20/06/2003	14	5	0.5			8.7	19	6.1		165	1.6	82	38.7	22	973	892	0
20/06/2003	15	5	0.6			8.3	20.2	5.7		158	2	93	38.9	23	972	806	0
20/06/2003	16	6	0.6			8	20.4	5.3		156	2.2	84	38.5	23	972	671	0
20/06/2003	17	6	0.6			9	28.8	5.8		132	0.8	99	35	28	971	501	0
20/06/2003	18	5	0.4			9.7	28.7	6.3		118	1.3	86	30.4	34	971	301	0
20/06/2003	19	5	0.4			9.3	24.9	6.2		122	1.1	79	28.8	37	972	70	0
20/06/2003	20	5				9.4	23.2	6.4		105	0.6	5	26.3	44	972	0	0
20/06/2003	21	5	0.3			9.3	20.3	6.4		91	0.5	315	23	54	972	0	0
20/06/2003	22	5	0.2			8.8	17.3	6		79	0.5	228	21.1	59	973	0	0
20/06/2003	23	5	0.2			8.6	15.5	6		73	0.5	242	19.7	64	973	0	0
21/06/2003	00	5	0.1			8.5	14.8	5.9		67	0.5	298	18.8	67	973	0	0
21/06/2003	01	5	0.1			8.2	13.6	5.7		68	0.5	231	17.6	70	972	0	0
21/06/2003	02	5	0.1			7.9	13	5.5		62	0.5	210	16.6	73	972	0	0
21/06/2003	03	5	0.1			7.8	12.1	5.4		61	0.5	216	15.9	74	971	0	0
21/06/2003	04	5	0.1			7.5	11.5	5.2		61	0.5	223	15.4	74	971	0	0
21/06/2003	05	5	0.1			7.2	10.5	5		58	0.5	225	14.9	75	971	0	0
21/06/2003	06	5	0.1			7	11.4	4.8		59	0.5	196	15.7	71	971	2	0
21/06/2003	07	5	0.1			6.6	12.5	4.5		54	0.5	137	21	52	971	121	0
21/06/2003	08	5	0.1			6.7	10.7	4.7		65	0.5	149	27.6	38	971	301	0
21/06/2003	09	5	0.2			6.7	10.9	4.7		76	0.6	27	32.7	30	971	622	0
21/06/2003	10	5	0.2			6.8	11.4	4.7		105	0.5	69	36.5	24	970	543	0
21/06/2003	11	5	0.4			7	12.4	4.9		136	1.2	80	38.5	20	970	292	0
21/06/2003	12	7	0.4			10.2	21.2	7.1		150	1.8	82	38.5	21	969	896	0
21/06/2003	13	8	0.4			11.6	25	8.1		162	2.5	87	38.2	23	969	934	0
21/06/2003	14	7	0.5			10.2	24.5	7.1		170	1.8	82	39.1	23	969	890	0
21/06/2003	15	7	0.6			9.4	25	6.4		159	1.2	83	40.5	22	968	801	0
21/06/2003	16	6	0.5			9.1	24.3	6.2		150	1	72	40.6	21	968	668	0
21/06/2003	17	7	0.5			9.5	25.9	6.4		138	0.9	60	35.2	27	968	502	0
21/06/2003	18	6	0.4			10.3	29.9	6.9		122	0.8	70	30.8	34	968	316	0
21/06/2003	19	5	0.3			10.4	21.1	7.2		120	1.3	66	29.2	37	968	75	0
21/06/2003	20	5				10.2	20.3	7.2		114	0.5	197	26	44	968	0	0
21/06/2003	21	5	0.3			10.5	18.3	7.5		95	0.5	298	22.9	54	968	0	0
21/06/2003	22	5	0.3			9.8	16.3	7		79	0.5	216	20.8	59	969	0	0
21/06/2003	23	5	0.2			9.4	14.6	6.8		71	0.5	199	19.2	63	969	0	0
22/06/2003	00	5	0.1			8.8	13.1	6.4		67	0.5	250	17.9	66	969	0	0
22/06/2003	01	5	0.1			8.4	12.1	6.1		64	0.5	242	16.8	69	968	0	0
22/06/2003	02	5	0.1			8.2	11.3	5.9		63	0.5	244	15.9	72	968	0	0
22/06/2003	03	5	0.1			8	11.1	5.8		58	0.5	209	15.2	75	968	0	0
22/06/2003	04	5	0.1			7.7	10.1	5.5		60	0.5	235	14.6	76	968	0	0
22/06/2003	05	5	0.1			7.3	9.5	5.3		53	0.5	220	14.3	76	968	0	0
22/06/2003	06	5	0.1			7.1	9.8	5.1		47	0.5	192	14.6	74	968	2	0
22/06/2003	07	5	0.1			6.8	10.8	4.9		47	0.5	163	19.2	57	968	120	0
22/06/2003	08	5	0.1			6.1	10.1	4.3		52	0.5	169	25.8	41	968	321	0
22/06/2003	09	5	0.1			5.6	8.2	3.9		59	0.5	22	31.7	31	967	529	0
22/06/2003	10	5	0.3			5.5	8.3	3.8		72	0.6	20	34.5	27	967	500	0
22/06/2003	11	5	0.3			4.8	7.1	3.3		98	1.1	58	37.8	20	966	296	0
22/06/2003	12	5	0.3			8.1	16.8	5.6		114	2	80	37.5	20	966	887	0
22/06/2003	13	5	0.4			10	18.4	7.3		132	2.8	97	36.7	23	966	933	0
22/06/2003	14	5	0.4			9	15.5	6.6		125	2.6	82	37.3	23	966	895	0
22/06/2003	15	5	0.4			8.5	13.2	6.3		126	2.8	81	36.9	23	966	787	0
22/06/2003	16	5	0.4			8.5	14.1	6.3		120	1.8	79	37.7	23	965	656	0
22/06/2003	17	5	0.4			9.3	17.6	7		113	2.4	84	33.2	28	965	487	0
22/06/2003	18	5	0.3			9.8	16.2	7.4		106	2.2	84	29.9	32	966	274	0
22/06/2003	19	5	0.3			9.4	16.5	7		105	1.1	76	28.3	32	966	67	0
22/06/2003	20	6				9.2	16.6	6.8		98	0.5	45	26.1	36	966	0	0
22/06/2003	21	5	0.3			8.9	13.5	6.7		78	0.5	233	22.9	44	966	0	0
22/06/2003	22	5	0.2			9.7	14.1	7.4		74	0.5	205	21	49	967	0	0
22/06/2003	23	5	0.2			9.8	13.8	7.6		63	0.5	223	19.8	54	967	0	0
23/06/2003	00	5	0.2			10	13.4	7.7		60	0.5	247	18.6	58	968	0	0
23/06/2003	01	5	0.1	8	15	10.1	13.6	7.8	27	58	0.5	284	17.6	62	967	0	0
23/06/2003	02	5	0.1	8	14	10.1	13.2	7.8	26	59	0.5	242	17	65	967	0	0
23/06/2003	03	5	0.1	8	13	10.1	13.3	7.9	25	53	0.6	229	16.7	66	967	0	0
23/06/2003	04	5	0.1	8	14	10.1	12.9	7.9	26	46	0.5	226	16.1	68	967	0	0
23/06/2003	05	4	0.1	8	13	10	12.8	7.8	25	47	0.5	226	15.7	70	967	0	0
23/06/2003	06	4	0.1	8	13	10.1	14.5	7.8	24	42	0.5	213	16.2	70	968	5	0
23/06/2003	07	4	0.1	8	13	10.3	16.7	7.9	25	42	0.5	9	20.5	57	968	105	0
23/06/2003	08	4	0.1	8	15	10.1	16.7	7.6	27	48	0.6	17	25.2	45	968	235	0
23/06/2003	09	4	0.1	8	14	9.9	17.6	7.3	25	62	0.6	22	29.9	36	968	463	0
13/10/2003	20	6	0.6	13	26				45	9	0.5	148	17.2	95	974	1	0
13/10/2003	21	6	0.6	13	27				46	6	0.5	186	16.9	94	974	1	0
13/10/2003	22	6	0.6	13	25				45	4	0.5	249	16.3	95	974	1	0
13/10/2003	23	6	0.7	13	22				41	3	0.5	234	16	96	974	1	0
14/10/2003	00	6	0.7	12	21				40	3	0.6	243	16	95	974	1	0
14/10/2003	01	6	0.7	12	20				39	3	0.6	250	15.8	96	973	1	0
14/10/2003	02	6	0.7	12	20				39	3	0.5	235	15.9	95	973	1	0
14/10/2003	03	6	0.7	12	19				38	29	0.6	213	15.4	92	973	1	0
14/10/2003	04	6	0.7	12	20				38	27	0.5	305	14.4	93	972	1	0
14/10/2003	05	6	0.7	12	19				38	18	0.5	235	14.2	94	972	1	0
14/10/2003	06	5	0.7	12	19				38	12	0.6	223	14	95	972	1	0
14/10/2003	07	6	0.7	12	19				38	12	0.5	208	14.1	95	973	1	0
14/10/2003	08	6	0.7	12	19				38	11	0.5	222	14.7	93	973	6	0
14/10/2003	09	5	0.7	12	19				38	12	0.5	167	16.1	87	973	62	21.5
14/10/2003	10	6	0.7	12	20				39	12	0.6	340	16.9	83	973	52	21.8
14/10/2003	11	6	0.8	12	19				38	12	0.6	34	18.2	79	972	124	0
14/10/2003	12	5	0.8	12	19				39	15	0.5	344	19.4	77	972	114	0
14/10/2003	13	5	0.9	12	19				39	23	0.5	22	20	72	971	206	0
14/10/2003	14	5	0.9	13	20				39	37	0.6	155	21.1	66	970	194	0
14/10/2003	15	6	0.9	12	22				41	29	0.7	58	19.7	74	970	109	0
14/10/2003	16	5		12	22				41	27	0.7	75	17.9	83	970	4	0
14/10/2003	17	6		12	20				39	37	0.6	119	16.9	84	970	1	1.2
14/10/2003	18	6	0.7	12	19				38	27	0.5	299	15.4	93	970	1	1.5
14/10/2003	19	6	0.6	12	19				38	20	0.5	232	15.2	95	971	1	0
14/10/2003	20	5	0.6	12	19				38	10	0.5	236	15.3	95	971	1	0.5
14/10/2003	21	6	0.6	12	19				38	12	0.5	219	15.2	95	971	1	0
14/10/2003	22	5	0.6	12	19				38	8	0.5	216	15.2	96	971	1	0
14/10/2003	23	5	0.6	12	19				38	8	0.6	218	15.1	95	971	1	0
15/10/2003	00	5	0.6	12	19				38	6	0.5	239	14.8	96	970	1	0
15/10/2003	01	5	0.6	12	19				38	5	0.6	238	14.4	96	970	1	0.1
15/10/2003	02	5	0.6	12	19				37	5	0.5	235	14.2	96	970	1	0.1
15/10/2003	03	5	0.6	12	19				38	4	0.6	231	13.9	96	970	1	0
15/10/2003	04	5	0.6	12	19				37	5	0.5	225	13.7	95	970	1	0
15/10/2003	05	5	0.6	12	19				37	5	0.6	311	13.6	95	970	1	0
15/10/2003	06	5	0.6	12	19				37	4	0.5	231	13.8	94	970	1	0
15/10/2003	07	5	0.6	12	19				37	3	0.5	230	14	93	970	1	0
15/10/2003	08	5	0.6	12	19				38	2	0.6	230	14.5	92	971	1	0
15/10/2003	09	5	0.6	12	19				38	4	0.5	186	16.2	85	971	64	0
15/10/2003	10	6	0.6	12	19				38	11	0.5	31	18.6	74	971	119	0
15/10/2003	11	6	0.7	13	20				40	18	0.5	182	19.5	70	971	110	0
15/10/2003	12	7	0.7	12	20				39	17	0.7	134	19.5	71	970	91	0
15/10/2003	13	6	0.7	12	21				40	15	0.5	35	19.7	71	970	157	0
15/10/2003	14	6	0.7	13	20				40	26	0.5	6	20.5	67	970	174	0
15/10/2003	15	6	0.7	12	19				39	38	0.5	335	20.6	62	970	154	0
15/10/2003	16	5	0.8	12	20				39	25	0.6	324	17.2	83	970	9	0
15/10/2003	17	5		12	19				39	12	0.5	225	16.4	90	970	1	0
15/10/2003	18	6	0.6	12	20				38	9	0.5	226	16.2	91	970	2	0
15/10/2003	19	5	0.6	12	19				38	4	0.5	336	15.6	93	971	1	0
15/10/2003	20	6	0.6	12	20				38	3	0.5	230	15.3	94	971	1	0
15/10/2003	21	5	0.6	12	19				38	3	0.5	350	15.1	94	972	1	0
15/10/2003	22	5	0.5	12	20				38	4	0.5	240	14.9	95	972	1	0
15/10/2003	23	5	0.5	12	19				38	3	0.5	202	14.7	95	972	1	0
16/10/2003	00	6	0.5	12	20				38	2	0.5	201	14.7	94	972	1	0
16/10/2003	01	5	0.5	12	19				38	2	0.5	224	14.9	94	972	1	0
16/10/2003	02	5	0.5	12	19				38	2	0.6	239	15	94	972	1	0
16/10/2003	03	5	0.5	12	19				38	2	0.5	311	14.9	94	971	1	0
16/10/2003	04	5	0.5	12	19				38	2	0.5	232	14.8	93	971	1	0
16/10/2003	05	5	0.5	12	19				38	2	0.5	298	14.8	94	970	1	0.5
16/10/2003	06	5	0.5	12	19				38	2	0.6	188	14.6	95	971	1	3.6
16/10/2003	07	5	0.5	12	19				38	2	0.6	208	14.5	96	971	1	0
16/10/2003	08	5	0.5	12	19				38	2	0.5	300	14.7	95	971	1	0.8
16/10/2003	09	5	0.5	12	19				38	6	0.5	339	14.9	95	972	1	1.6
16/10/2003	10	5	0.6	12	19				38	34	0.8	142	14.8	92	972	6	0
16/10/2003	11	5	0.6	12	20				39	42	1.3	114	15.7	83	972	56	0
16/10/2003	12	6	0.6	12	20				38	45	1.3	98	15.9	79	972	40	0
16/10/2003	13	5	0.6	12	20				39	48	1.5	107	16	77	971	60	0
16/10/2003	14	5	0.6	12	20				39	50	1.1	118	16.3	73	970	79	0
16/10/2003	15	5	0.6	12	20				39	47	0.9	133	16.2	73	970	51	0
16/10/2003	16	5	0.6	12	20				39	38	0.5	26	16	76	970	31	0
16/10/2003	17	5		12	20				39	38	0.5	34	15.2	76	970	15	0
16/10/2003	19	5	0.6	12	20				38	19	0.5	231	13.2	87	970	0	0
16/10/2003	20	5	0.6	12	19				38	10	0.5	288	12.3	93	970	0	0
16/10/2003	21	5	0.5	12	19				38	7	0.6	248	12.4	91	970	0	0
16/10/2003	22	5	0.5	12	19				38	5	0.6	227	12.5	91	970	0	0
16/10/2003	23	5	0.5	12	19				38	3	0.5	302	12.6	92	970	0	0
17/10/2003	00	5	0.5	12	19				37	4	0.6	228	12.2	92	970	0	0
17/10/2003	01	5	0.5	12	19				37	3	0.6	240	11.4	95	970	0	0
17/10/2003	02	5	0.5	12	19				37	3	0.5	234	10.8	96	970	0	0
17/10/2003	03	6	0.5	12	19				37	4	0.6	226	11	95	970	0	0
17/10/2003	04	5	0.5	12	19				37	3	0.6	320	11.6	93	969	0	0
17/10/2003	05	5	0.6	12	19				37	2	0.5	209	11.6	93	968	0	0
17/10/2003	06	5	0.6	12	19				37	2	0.6	236	11.6	92	968	0	0
17/10/2003	07	6	0.6	12	19				37	3	0.5	231	11.8	92	968	0	0
17/10/2003	08	6	0.6	12	19				38	2	0.5	327	14.2	82	968	79	0
17/10/2003	09	6	0.6	13	19				39	6	0.5	62	21.3	56	968	303	0
17/10/2003	10	6	0.6	13	20				40	19	0.5	68	24.4	46	967	458	0
17/10/2003	11	6	0.7	13	20				40	42	1.2	141	26.3	37	966	719	0
17/10/2003	12	6	0.8	13	21				41	50	1.2	146	22.9	44	966	312	0
17/10/2003	13	8	0.8	13	29				49	39	1.1	66	21.8	50	966	341	0
17/10/2003	14	8	0.8	13	34				54	31	0.9	62	20.9	53	966	219	0
17/10/2003	15	7	0.8	13	33				53	35	1.1	64	19.1	57	965	117	0
17/10/2003	16	8	0.8	12	33				52	35	0.7	61	18.5	60	965	94	0
17/10/2003	17	7		12	35				54	29	0.6	74	16.9	67	965	10	0
17/10/2003	18	7	0.8	12	40				59	18	0.5	43	15.5	74	966	0	0
17/10/2003	19	8	0.7	12	36				55	10	0.6	255	14.6	81	966	0	0
17/10/2003	20	6	0.6	12	28				47	7	0.5	250	13.9	88	966	0	0
17/10/2003	21	6	0.6	12	27				46	5	0.6	226	13.7	90	966	0	0
17/10/2003	22	6	0.6	12	25				44	2	0.5	234	13.4	92	966	0	0.5
17/10/2003	23	6	0.6	12	22				40	2	0.5	248	13	95	966	0	0
18/10/2003	00	6	0.6	12	20				39	5	0.6	218	12.8	95	965	0	0
18/10/2003	01	6	0.6	12	19				38	9	0.6	251	12.7	94	965	0	0
18/10/2003	02	6	0.6	12	19				38	8	0.5	240	12.7	92	965	0	0
18/10/2003	03	6	0.6	12	19				38	13	0.5	179	12.9	89	965	0	0
18/10/2003	04	6	0.6	12	19				37	17	0.5	167	13	87	965	0	0
18/10/2003	05	6	0.6	12	19				37	18	0.5	341	12.9	85	965	0	0
18/10/2003	06	6	0.6	13	19				38	20	0.5	213	13	83	965	0	0
18/10/2003	07	6	0.6	12	19				38	26	0.5	312	12.9	81	966	0	0
18/10/2003	08	6	0.6	12	19				37	16	0.5	303	13.6	80	966	6	0
18/10/2003	09	6	0.6	12	19				38	15	0.5	17	16.3	72	967	121	0
18/10/2003	10	7	0.6	12	19				38	19	0.6	43	19.9	59	967	329	0
18/10/2003	11	7	0.7	13	19				39	30	1.1	68	21.8	52	966	327	0
18/10/2003	12	8	0.7	13	22				41	35	1.3	79	19.2	60	966	153	0
18/10/2003	13	7	0.7	13	20				40	48	0.8	78	19	60	966	204	0
18/10/2003	14	7	0.8	12	21				40	47	0.9	75	18.9	61	966	124	0
18/10/2003	15	8	0.8	13	28				47	32	1.1	67	17.2	71	966	20	0
18/10/2003	16	7	0.8	12	24				44	38	0.9	78	16.3	77	966	2	0
18/10/2003	17	7	0.8	12	21				40	44	0.7	77	15.6	81	967	0	0
18/10/2003	18	7		12	20				39	48	0.7	71	15	84	967	0	0
18/10/2003	19	7	0.6	12	20				38	46	0.7	53	14.7	85	968	0	0
18/10/2003	20	6	0.6	12	21				40	43	0.6	29	14.5	86	968	0	0
18/10/2003	21	7	0.6	12	24				43	35	0.5	76	14.5	86	968	0	0
18/10/2003	22	7	0.6	12	23				42	30	0.6	44	14.4	87	968	0	0
18/10/2003	23	7	0.5	12	21				40	27	0.5	164	14.3	88	968	0	0
19/10/2003	00	7	0.5	12	21				40	27	0.5	138	14.2	89	968	0	0
19/10/2003	01	7	0.5	12	21				39	22	0.5	230	14	90	968	0	0
19/10/2003	02	7	0.5	12	20				39	15	0.5	240	13.6	93	967	0	0
19/10/2003	03	7	0.5	12	20				38	11	0.5	194	13.6	92	966	0	0
19/10/2003	04	7	0.5	12	20				38	5	0.5	192	13.5	94	966	0	0
19/10/2003	05	6	0.5	12	20				38	3	0.5	341	13.6	93	966	0	0
19/10/2003	06	7	0.5	12	20				39	2	0.5	196	13.5	95	965	0	0
19/10/2003	07	6	0.5	12	19				38	4	0.5	197	13.2	95	965	0	0
19/10/2003	08	6	0.5	12	19				38	2	0.5	234	13.5	94	965	1	0.5
19/10/2003	09	7	0.5	12	19				38	4	0.5	217	14.4	93	965	43	0.2
19/10/2003	10	7	0.5	12	19				38	10	0.5	354	16	89	964	58	0.4
19/10/2003	11	7	0.5	12	19				38	15	0.5	36	16	89	964	117	0.7
19/10/2003	12	7	0.5	12	19				38	29	0.6	76	18	78	963	156	0
19/10/2003	13	7	0.5	12	20				38	30	0.6	74	18.4	75	962	172	0
19/10/2003	14	7	0.6	12	20				39	31	0.6	34	22.5	60	960	342	0
19/10/2003	15	7	0.6	13	20				39	39	0.9	20	24.6	47	960	159	0
19/10/2003	16	7	0.6	13	20				39	46	1.1	191	21.1	53	960	89	0
19/10/2003	17	7	0.6	13	20				39	43	0.8	196	19.4	58	960	17	0
19/10/2003	18	7		13	20				39	39	1	215	18.1	65	960	0	0
19/10/2003	19	6	0.6	12	20				39	43	1.4	220	17.7	62	960	45	0
19/10/2003	20	6	0.6	13	20				39	49	1	225	17.6	59	960	0	0
19/10/2003	21	6	0.6	13	20				39	48	0.8	213	17.4	59	960		0
19/10/2003	22	6	0.6	13	20				40	43	1.3	209	17.4	63	961		0
19/10/2003	23	7	0.6	12	20				39	42	0.9	223	17.1	65	960	0	0
20/10/2003	00	6	0.6	13	20				40	48	1.1	222	16.8	61	960	0	0
20/10/2003	01	6	0.6	13	20				39	54	0.9	224	17.2	55	960		0
20/10/2003	02	6	0.5	13	20				39	52	0.7	233	16.2	59	960		0
20/10/2003	03	6	0.5	12	20				39	41	0.6	337	14.2	70	960		0
20/10/2003	04	6	0.5	12	20				38	33	0.5	303	12.2	79	961		0
20/10/2003	05	6	0.5	12	19				38	22	0.6	292	11	84	961		0
20/10/2003	06	6	0.4	12	19				38	20	0.6	221	10.7	85	962		0
20/10/2003	07	6	0.4	12	20				38	15	0.6	220	10.7	86	962		0
20/10/2003	08	5	0.4	12	19				38	11	0.6	2	12.1	82	963		0
20/10/2003	11	6	0.3	12	19				38	41	0.6	161	21.3	45	963		0
20/10/2003	14	6	0.6	13	20				39	53		229	26.3	32	961		0
20/10/2003	15	6	0.4	12	19				38	38		298	21.6	46	961		0
20/10/2003	16	6	0.4	13	20				40	36	0.6	230	20.2	50	961		0
20/10/2003	17	6	0.6	13	20				40	42	0.6	237	18.1	54	962	4	0
20/10/2003	18	6		13	20				40	45	0.7	237	17.7	53	962	19	0
20/10/2003	19	6	0.6	13	20				39	47	0.7	228	17.1	52	962	9	0
20/10/2003	20	6	0.5	13	20				40	33	0.7	232	15.5	62	963	81	0
20/10/2003	21	6	0.5	13	20				39	19	0.6	298	12.7	76	964	20	0
20/10/2003	22	6	0.4	12	20				39	19	0.6	235	11.8	79	965	3	0
20/10/2003	23	6	0.4	12	19				37	13	0.6	243	11.2	82	965	5	0
21/10/2003	00	5	0.4	12	19				37	10	0.6	319	10.9	83	966	10	0
21/10/2003	01	5	0.4	12	19				37	9	0.6	312	10.2	86	966	3	0
21/10/2003	02	6	0.4	12	19				38	9	0.6	290	10	86	966	5	0
21/10/2003	03	5	0.4	12	19				38	8	0.6	281	10	85	966	5	0
21/10/2003	04	5	0.4	12	20				39	9	0.5	260	10.7	82	966	5	0
21/10/2003	05	5	0.4	12	19				37	10	0.5	241	11.2	80	966	1	0
21/10/2003	06	5	0.4	12	19				38	10	0.5	295	11.8	79	966	2	0
21/10/2003	07	6	0.4	12	19				38	19	0.6	249	12.6	74	966	14	0
21/10/2003	08	6	0.4	12	19				38	25	0.6	183	13.8	67	967	9	0
21/10/2003	09	6	0.4	12	19				38	17	0.5	4	14.7	67	968	5	0
21/10/2003	10	6	0.4	12	20				39	13	0.5	172	15.9	66	968	2	0
21/10/2003	11	7	0.5	12	20				39	22	0.5	154	17.2	59	968	4	0
21/10/2003	12	7	0.5	13	20				39	20	0.5	6	18.1	59	967	157	0
21/10/2003	13	7	0.5	13	20				39	24	0.6	64	18	59	966	225	0
21/10/2003	14	7	0.6	13	30				50	10	1	77	16.3	66	966	39	0
21/10/2003	15	8	0.6	14	45				66	3	1	72	15.6	72	966	8	0
21/10/2003	16	8	0.6	13	31				51	18	0.9	84	15.6	73	966	5	0
21/10/2003	17	9	0.6	13	27				47	25	0.7	80	14.8	74	966	11	0
21/10/2003	18	10		12	26				45	25	0.6	69	14.3	77	967	3	0
21/10/2003	19	10		12	27				46	20	0.7	76	14.1	80	967	5	0
21/10/2003	20	13	0.6	12	26				45	25	0.9	76	13.6	79	968	4	0
21/10/2003	21	13	0.6	13	24				43	26	0.8	160	12.8	81	968	1	0.2
21/10/2003	22	9	0.6	12	21				40	20	0.5	214	11.7	92	968	1	0.2
21/10/2003	23	7	0.6	13	20				40	14	0.5	296	11.3	93	968	1	0
22/10/2003	00	7	0.5	13	21				40	7	0.5	289	11.5	93	968	1	0
22/10/2003	01	7	0.5	12	20				39	3	0.5	235	11.6	93	968	1	0
22/10/2003	02	7	0.5	12	19				38	2	0.5	231	11.8	91	968	1	0
22/10/2003	03	7	0.5	12	20				38	2	0.5	238	11.9	92	968	1	0
22/10/2003	04	7	0.5	12	19				38	2	0.5	296	11.7	92	967	1	0
22/10/2003	05	7	0.5	12	19				38	2	0.5	212	11.7	92	967	1	0
22/10/2003	06	7	0.5	12	19				38	2	0.5	222	11.7	94	967	1	0
22/10/2003	07	6	0.5	12	19				38	2	0.5	251	11.8	93	967	1	0
22/10/2003	08	6	0.5	12	19				37	2	0.5	215	12.1	92	967	1	0
22/10/2003	09	6	0.5	12	19				38	2	0.5	352	13.2	87	967	3	0
22/10/2003	10	6	0.5	12	20				38	3	0.5	19	14.1	81	967	3	0
22/10/2003	11	9	0.5	12	19				38	14	0.6	60	20.5	56	967	281	0
22/10/2003	12	9	0.6	13	21				40	27	1.8	157	22.6	48	965	214	0
22/10/2003	13	9	0.6	13	22				42	27	1.2	128	23	48	964	291	0
22/10/2003	14	11	0.7	14	31				52	16	1.3	76	23.8	48	963	478	0
22/10/2003	15	10	0.7	13	33				53	16	1.1	73	20.4	59	963	190	0
22/10/2003	16	10	0.7	14	37				58	11	0.8	74	17.3	73	963	119	0
22/10/2003	17	9	0.7	13	37				57	8	0.5	59	15	83	963	193	0
22/10/2003	18	9	0.7	12	39				58	5	0.5	142	13.4	91	964	3	0
22/10/2003	19	8		13	36				55	3	0.6	305	12.1	95	964	2	0
22/10/2003	20	8	0.6	12	22				41	41	0.7	289	12.6	62	965	6	0
22/10/2003	21	7	0.6	12	19				38	46	0.6	292	12.9	55	965	4	0
22/10/2003	22	6	0.6	12	19				38	44	1.2	225	12.7	58	966	2	0
22/10/2003	23	6	0.6	12	19				38	42	0.6	291	12	57	965	10	0
23/10/2003	00	6	0.6	12	19				38	35	0.6	233	10.5	64	966	2	0
23/10/2003	01	6	0.5	12	19				37	32	0.7	260	9.8	65	966	5	0
23/10/2003	02	5	0.5	12	18				37	38	1.3	225	10.8	59	966	4	0
23/10/2003	03	5	0.5	12	19				36	40	1	221	10.2	59	966	11	0
23/10/2003	04	5	0.5	12	19				37	44	1	214	9.4	55	967	29	0
23/10/2003	05	5	0.5	12	18				37	45	1.3	231	9.2	53	967	29	0
23/10/2003	06	5	0.5	12	18				36	45	1.1	223	8.3	52	968	9	0
23/10/2003	07	5	0.5	12	18				36	43	1	226	7.6	54	968	13	0
23/10/2003	08	5	0.4	12	18				36	40	1	237	7.7	55	969	17	0
23/10/2003	09	6	0.5	11	18				36	35	0.9	228	9.6	50	970	20	0
23/10/2003	10	6	0.5	12	18				36	39	1	191	16.6	33	969		0
23/10/2003	11	6	0.5	12	19				37	45	1.4	238	19.3	25	968		0
23/10/2003	12	7	0.5	12	19				37	48	0.9	189	21.4	21	968		0
23/10/2003	13	7	0.6	12	20				39	52	1	284	22	20	967		0
23/10/2003	14	7	0.6	13	20				39	54	0.9	300	22.2	20	966		0
23/10/2003	15	7	0.7	12	20				39	57	0.9	298	21.2	21	966		0
23/10/2003	16	7	0.7	12	20				39	51	0.7	188	15	33	966		0
23/10/2003	17	6	0.7	12	19				38	48	0.6	240	12.8	39	966		0
23/10/2003	18	6	0.6	12	19				38	49	0.7	229	11.3	41	967		0
23/10/2003	19	6		12	19				37	46	0.6	217	10.2	45	968		0
23/10/2003	20	6	0.6	12	19				37	40	0.6	303	8.7	51	969		0
23/10/2003	21	5	0.6	12	19				38	29	0.7	226	7.8	56	970		0
23/10/2003	22	5	0.6	12	19				37	25	0.5	208	6.7	61	970		0
23/10/2003	23	5	0.5	12	19				37	29	0.7	252	7	59	970		0
24/10/2003	00	6	0.5	12	19				37	35	1.3	228	8.4	52	970		0
24/10/2003	01	6	0.5	12	19				37	38	1.4	229	8.7	50	969		0
24/10/2003	02	5	0.5	12	18				36	37	1	243	8.2	51	969		0
24/10/2003	03	6	0.5	12	19				36	32	0.6	209	6.4	60	969		0
24/10/2003	04	5	0.4	11	19				36	32	0.6	200	6.1	62	969		0
24/10/2003	05	5	0.4	12	19				36	31	0.6	215	5.8	63	969		0
24/10/2003	06	5	0.5	11	18				36	28	0.6	169	5.4	66	970		0
24/10/2003	07	5	0.5	11	18				36	24	0.6	194	4.9	71	970		0
24/10/2003	08	5	0.5	11	18				36	22	0.5	185	9.7	55	971		0
24/10/2003	09	8	0.6	12	19				37	23	0.5	34	16.6	36	971		0
24/10/2003	10	14	0.6	12	19				38	31	0.6	41	20.1	28	970		0
24/10/2003	11	19	0.6	12	20				38	37	0.6	35	21.7	24	969		0
24/10/2003	12	16	0.7	12	20				39	40	1.2	171	21.5	24	969		0
24/10/2003	13	15	0.7	12	20				39	47	1	128	21.7	23	968		0
24/10/2003	14	13	0.7	12	21				40	49	0.8	119	23.2	21	968		0
24/10/2003	15	10	0.8	13	22				41	47	1.8	109	19.8	28	967		0
24/10/2003	16	9	0.8	13	28				47	41	1.4	99	14.3	45	968		0
24/10/2003	17	9	0.8	12	24				43	43	0.8	75	11.8	53	969		0
24/10/2003	18	7	0.7	12	22				41	37	0.6	183	10.1	62	970		0
24/10/2003	19	7		12	21				39	27	0.6	260	8.1	71	971		0
24/10/2003	20	6	0.6	12	21				39	17	0.6	307	7.7	75	971		0
24/10/2003	21	5	0.6	12	20				38	14	0.6	238	8.2	73	972		0
24/10/2003	22	5	0.6	12	21				38	11	0.6	300	8.2	74	973		0
24/10/2003	23	5	0.5	12	20				37	11	0.6	295	8	75	973		0
25/10/2003	00	5	0.5	12	20				38	8	0.6	230	6.4	82	973		0
25/10/2003	01	5	0.5	12	19				37	5	0.6	241	5.9	83	973		0
25/10/2003	02	5	0.5	12	19				37	3	0.5	244	6.7	80	973		0
25/10/2003	03	5	0.5	12	20				37	3	0.5	217	7.1	77	973		0
25/10/2003	04	5	0.5	12	19				37	2	0.7	214	7.2	78	973		0
25/10/2003	05	5	0.5	12	20				38	2	0.7	234	7	78	973		0
25/10/2003	06	5	0.5	12	19				37	2	0.6	239	6.8	80	974		0
25/10/2003	07	5	0.5	12	19				37	2	0.6	238	6.9	79	974		0
25/10/2003	08	5	0.5	12	19				37	2	0.5	216	7.8	77	975		0
25/10/2003	09	5	0.5	12	19				37	2	0.5	197	9	73	975		0
25/10/2003	10	5	0.5	12	19				37	2	0.5	348	9.2	74	975		0
25/10/2003	11	5	0.5	12	19				37	2	0.6	218	9.2	75	975		0
25/10/2003	12	5	0.5	12	20				38	2	0.5	348	8.9	82	975		0
25/10/2003	13	5	0.6	12	19				37	3	0.5	355	8.5	90	975		0
25/10/2003	14	5	0.6	12	19				37	3	0.5	330	8.6	92	974		0.9
25/10/2003	15	4	0.6	12	19				37	8	0.6	182	8.8	94	974		0.9
25/10/2003	16	5	0.6	12	19				37	21	1.4	145	8.9	92	974		2.2
25/10/2003	17	5	0.6	12	18				37	25	1.1	156	8.8	93	973		0.4
25/10/2003	18	4	0.6	12	19				37	28	1.3	130	9	90	973		0
25/10/2003	19	5	0.6	12	18				37	25	0.7	167	9.1	90	973		0
25/10/2003	20	5		12	18				36	22	0.6	184	8.9	92	973		0
25/10/2003	21	4	0.6	12	19				37	25	0.7	143	8.8	93	973		0.2
25/10/2003	22	4	0.6	12	18				36	27	0.6	190	8.8	94	973		0
25/10/2003	23	4	0.6	12	19				37	16	0.5	190	8.9	95	973		0.1
26/10/2003	00	5	0.6	12	18				37	20	0.5	342	8.8	95	973		0.7
26/10/2003	01	5	0.6	12	18				36	16	0.5	337	8.9	96	972		0.8
26/10/2003	02	5	0.6	12	18				36	17	0.5	304	9.1	96	971		0.7
26/10/2003	03	5	0.6	12	18				36	17	0.5	331	9.2	96	970		0.3
26/10/2003	04	5	0.6	12	18				37	18	0.5	301	9.3	96	970		1.9
26/10/2003	05	5	0.6	12	18				37	19	0.5	231	9.3	96	969		1.5
26/10/2003	06	5	0.5	12	18				37	21	0.6	300	9.1	96	969		3.5
26/10/2003	07	5	0.5	12	18				37	18	0.5	214	9	96	968		0.4
26/10/2003	08	4	0.5	12	18				36	16	0.5	208	9.2	96	968		2.3
26/10/2003	09	4	0.5	12	18				37	16	0.5	322	9.7	95	968		0.2
26/10/2003	10	4	0.5	12	19				37	16	0.5	183	10.1	94	968		2.3
26/10/2003	11	4	0.5	12	18				37	17	0.5	144	13.7	82	967		0.1
26/10/2003	12	5	0.5	12	19				37	16	0.5	150	15.1	77	967		0
26/10/2003	13	5	0.6	12	19				37	23	0.5	32	21.7	52	965		0
26/10/2003	14	6	0.6	12	19				38	19	0.6	28	18.3	67	964		0
26/10/2003	15	6	0.7	12	22				41	15	0.5	59	16.4	75	963		0
26/10/2003	16	6	0.7	13	26				45	11	0.5	52	14.1	84	964		0
26/10/2003	17	6	0.7	12	33				52	6	0.7	69	12.8	89	964		0
26/10/2003	18	6	0.7	12	33				52	4	0.5	38	12.2	92	965		0
26/10/2003	19	6	0.7	12	28				47	6	0.5	338	12	92	966		0
26/10/2003	20	6		12	30				49	4	0.5	10	11.9	93	966		0
26/10/2003	21	5	0.6	12	26				44	4	0.5	180	11.7	94	967		0
26/10/2003	22	6	0.6	12	22				41	2	0.5	228	11.1	94	967		0
26/10/2003	23	5	0.6	12	20				38	2	0.6	236	10.6	94	968		0
27/10/2003	00	6	0.6	12	19				38	2	0.5	228	9.7	94	968		0
27/10/2003	01	5	0.6	12	19				37	2	0.6	220	8.9	96	968	1	0
27/10/2003	02	5	0.5	12	19				37	2	0.5	215	8.4	96	968	1	0
27/10/2003	03	5	0.5	12	19				37	2	0.6	239	7.8	96	968	1	0
27/10/2003	04	5	0.5	12	19				37	2	0.6	242	7.5	97	969	1	0
27/10/2003	05	5	0.5	12	19				37	2	0.6	233	7.7	96	969	1	0
27/10/2003	06	5	0.5	12	19				37	2	0.6	230	7.9	95	969	2	0
27/10/2003	07	5	0.5	12	19				37	2	0.6	216	8.1	94	969	1	0
27/10/2003	08	5	0.5	12	19				37	2	0.6	223	9.3	91	969	2	0
27/10/2003	09	5	0.5	12	19				37	2	0.5	182	11.4	84	970	1	0
27/10/2003	10	5	0.5	12	19				37	2	0.5	171	12.4	79	970	1	0
27/10/2003	12	6	0.6	12	23				42	9	0.6	25	14.1	76	970	43	0
27/10/2003	13	7	0.6	12	25				44	17	0.5	144	15	72	969	63	0
27/10/2003	14	7	0.6	12	23				42	19	0.5	148	14.9	75	968	60	0
27/10/2003	15	7	0.6	12	25				44	13	0.5	126	14.7	80	968	61	0
27/10/2003	16	7	0.6	13	41				61	4	0.6	61	14.2	85	968	67	0
27/10/2003	17	7	0.6	13	48				68	2	0.5	43	13.3	90	968	76	0.3
27/10/2003	18	8	0.7	14	56				78	2	0.5	73	12.6	94	968		0.4
27/10/2003	19	8	0.8	16	58				82	2	0.5	38	12.5	96	969		0.2
27/10/2003	20	8		15	53				76	2	0.5	174	12.5	96	969		0
27/10/2003	21	8	0.6	13	53				72	2	0.5	29	12.6	96	969		0
27/10/2003	22	7	0.6	13	48				66	2	0.5	16	12.6	96	969		0.7
27/10/2003	23	7	0.6	13	50				68	2	0.5	223	12.5	96	969	32	0
28/10/2003	00	7	0.6	12	46				65	2	0.5	238	12.3	96	969	19	0.3
28/10/2003	01	7	0.6	12	46				64	2	0.5	318	12.2	96	969	27	4.3
28/10/2003	02	7	0.6	12	36				54	2	0.5	246	12	96	969		0.7
28/10/2003	03	7	0.6	12	25				43	3	0.5	237	11.1	97	969		0.1
28/10/2003	04	6	0.5	12	22				40	2	0.5	230	10.7	97	969		0
28/10/2003	05	6	0.5	12	21				39	3	0.5	229	10.3	97	970		0
28/10/2003	06	6	0.5	12	19				37	4	0.6	241	9.4	97	970		0
28/10/2003	07	6	0.5	12	19				37	4	0.6	252	9.2	97	970		0
28/10/2003	08	6	0.5	12	19				37	3	0.6	223	11.2	91	971		0
28/10/2003	09	6	0.5	12	19				37	5	0.5	35	17.2	72	971		0
28/10/2003	10	7	0.5	12	19				37	13	0.5	109	20.5	59	971	90	0
28/10/2003	11	7	0.5	12	19				38	19	0.7	103	20.6	59	970	131	0
28/10/2003	12	7	0.6	13	22				41	20	0.8	77	23.2	52	970	131	0
28/10/2003	13	7	0.6	13	22				41	40	1.1	170	21.3	51	969	145	0
28/10/2003	14	6	0.6	12	20				38	50	0.7	246	18.2	57	969	135	0
28/10/2003	15	7	0.6	12	19				38	47	0.6	220	20	52	968	129	0
28/10/2003	16	6	0.6	12	19				38	51	1.7	190	18.6	56	968	127	0
28/10/2003	17	6	0.6	12	20				39	47	1.1	174	17.2	65	968	128	0
28/10/2003	18	6	0.6	12	19				38	37	0.7	178	15.3	75	968	130	0
28/10/2003	19	6	0.6	12	19				38	39	0.6	204	14.8	76	969	145	0
28/10/2003	20	6		12	19				38	37	0.7	220	14.5	76	969	163	0
28/10/2003	21	7		12	19				38	37	0.9	234	14.5	76	969	144	0.7
28/10/2003	22	6	0.6	12	19				37	38	0.8	238	11.4	89	969	34	0
28/10/2003	23	6	0.6	12	19				37	28	0.8	305	10.8	90	969	27	0
29/10/2003	00	6	0.6	12	19				37	29	0.7	247	11.2	84	969	25	0
29/10/2003	01	6	0.6	12	18				36	18	0.8	302	10.4	88	969	24	0
29/10/2003	02	6	0.6	12	18				36	15	0.8	297	9.1	94	969	19	0
29/10/2003	03	6	0.6	12	18				36	26	0.7	289	9.1	92	969	16	0
29/10/2003	04	5	0.5	12	18				36	30	0.6	291	8.5	93	969	13	0
29/10/2003	05	5	0.5	12	18				36	24	0.5	230	7.8	95	969	13	0
29/10/2003	06	5	0.5	12	18				36	29	0.6	288	7.5	96	970	10	0
29/10/2003	07	5	0.5	12	18				36	33	0.6	249	7.4	96	970	9	0
29/10/2003	08	5	0.5	12	18				36	31	0.5	212	10.8	84	970	11	0
29/10/2003	09	5	0.5	12	18				36	28	0.5	343	18.5	57	969	78	0
29/10/2003	10	6	0.6	12	20				38	43	0.6	17	22.9	44	969	257	0
29/10/2003	11	7	0.6	12	20				39	53	0.6	306	21.3	47	968	272	0
29/10/2003	12	6	0.7	13	19				39	56	1	229	20.2	46	967	218	0
29/10/2003	13	6	0.7	12	20				39	52	0.7	234	19.6	48	966	201	0
29/10/2003	14	6	0.7	12	19				38	57	1	238	20.7	43	965	235	0
29/10/2003	15	6	0.7	13	20				39	60	1.3	237	19.4	47	965	222	0
29/10/2003	16	6	0.7	12	19				38	58	0.9	232	18	52	965	159	0
29/10/2003	17	6	0.7	12	20				38	57	0.7	234	16.8	56	965	97	0
29/10/2003	18	6	0.7	12	19				39	58	0.8	238	15.4	57	965	63	0
29/10/2003	19	6	0.6	12	20				39	53	0.8	240	14.5	59	965	42	0
29/10/2003	20	6	0.6	12	19				38	45	0.8	234	13.7	60	965	34	0
29/10/2003	21	6		12	19				38	48	1.1	224	13.8	55	966	28	0
29/10/2003	22	6	0.6	12	19				38	47	1	220	13.1	57	966	21	0
29/10/2003	23	6	0.6	12	19				37	53	0.8	237	12.4	58	966	15	0
30/10/2003	00	6	0.6	12	19				37	47	1.1	228	12.9	56	966	15	0
30/10/2003	01	6	0.6	12	19				37	46	0.7	246	13	57	966	15	0
30/10/2003	02	6	0.6	12	19				37	36	0.7	292	12	63	966	11	0
30/10/2003	03	6	0.6	12	19				37	36	0.8	303	11.4	66	966	9	0
30/10/2003	04	7	0.6	12	18				37	40	0.9	233	12	63	966	9	0
30/10/2003	05	7	0.6	12	18				36	41	1	262	12.3	60	967	11	0
30/10/2003	06	7	0.6	12	19				36	40	0.8	229	11.7	59	967	10	0
30/10/2003	07	8	0.6	12	19				36	44	0.8	229	11.3	58	967	12	0
30/10/2003	08	8	0.6	12	18				36	43	1.1	233	14	50	968	13	0
30/10/2003	09	8	0.6	12	19				37	39	0.7	179	19.3	37	968	38	0
30/10/2003	10	8	0.6	12	19				38	48	1	228	21	33	967	47	0
30/10/2003	11	7	0.7	12	19				38	48	1.1	309	19.5	38	965	42	0
30/10/2003	12	7	0.7	12	19				39	46	0.9	205	23.7	31	965	86	0
30/10/2003	13	7	0.7	12	20				39	51	1	355	20.4	38	964	69	0
30/10/2003	14	6	0.7	12	20				39	50	1.6	236	18	45	963	40	0
30/10/2003	15	6	0.7	12	20				38	49	1.7	233	18.3	44	962	36	0
30/10/2003	16	6	0.7	12	20				39	46	1.9	231	17.2	50	962	30	0
30/10/2003	17	6	0.7	13	19				39	45	1.7	244	16	55	961	19	0
30/10/2003	18	6	0.7	12	19				38	47	2	215	15.4	55	961	15	0
30/10/2003	19	6	0.7	12	19				38	44	1.8	199	15.7	54	960	14	0
30/10/2003	20	6	0.7	12	19				38	41	1.3	194	15.5	57	960		0
30/10/2003	21	6		12	19				38	42	1.4	209	15.4	58	959		0
30/10/2003	22	6	0.6	12	19				39	35	2.3	203	14.4	68	959		0
30/10/2003	23	6	0.6	12	19				38	35	2.6	206	14.6	67	957		0
31/10/2003	00	6	0.6	12	19				38	40	1.5	215	15.2	60	956		0
31/10/2003	01	6	0.6	12	19				38	46	1.6	217	15.7	55	955		0
31/10/2003	02	6	0.6	12	19				38	46	1.5	228	15.8	54	953		0
31/10/2003	03	6	0.6	12	19				38	44	1	189	15.8	54	952		0
31/10/2003	04	6	0.6	12	19				38	44	1.6	205	15.6	57	950		0
31/10/2003	05	6	0.6	12	19				38	40	2.4	216	15.2	63	949		0
31/10/2003	06	6	0.6	12	19				38	39	2.6	239	14.8	67	948		0
31/10/2003	07	6	0.6	12	19				38	37	1.4	249	14.5	70	948		0
31/10/2003	08	6	0.6	12	19				38	40	1.5	231	14.7	69	948		0
31/10/2003	09	6	0.6	12	19				38	41	1.3	227	15.2	67	948		0.2
31/10/2003	10	6	0.6	12	19				38	40	1.3	225	13.3	75	948		1.2
31/10/2003	11	6	0.6	12	19				37	41	1.2	225	13.6	67	947		0.3
31/10/2003	12	6	0.6	12	19				38	45	1.6	236	16.8	53	947		0
31/10/2003	13	6	0.6	12	19				38	51	1.7	230	15.1	52	947		0
31/10/2003	14	6	0.6	12	19				38	51	1	229	14.1	54	946		0
31/10/2003	15	6	0.6	12	19				38	60	1.1	216	13.1	54	946		0
31/10/2003	16	6	0.6	12	19				37	58	0.8	228	12.5	56	946		0
31/10/2003	17	6	0.6	12	19				37	57	1.5	227	12	56	946		0
31/10/2003	18	6	0.6	12	19				37	55	1.6	240	11.8	55	947		0
31/10/2003	19	6	0.6	12	19				37	52	0.9	232	11.1	56	948		0
31/10/2003	20	5	0.6	12	19				37	48	1.7	232	11.5	58	949		0
31/10/2003	21	6		12	19				37	46	1.7	228	11.7	60	949		0
31/10/2003	22	5		12	18				37	45	1.1	229	11.8	60	950		0
31/10/2003	23	5	0.6	12	19				36	42	1.1	204	12	61	950		0
01/11/2003	00	6	0.6	12	19				37	38	1.9	212	11.7	66	950		0
01/11/2003	01	5	0.6	12	19				37	31	0.6	206	10.3	77	951		0
01/11/2003	02	5	0.6	12	19				37	20	0.5	227	8.8	90	951		0
01/11/2003	03	6	0.5	12	19				37	12	0.6	203	7.8	95	951		0.2
01/11/2003	04	5	0.5	12	18				36	11	0.6	245	7.5	95	952		0
01/11/2003	05	5	0.5	12	18				36	27	0.9	295	8	83	952		0
01/11/2003	06	5	0.5	12	18				37	37	0.9	239	9.4	69	953		0
01/11/2003	07	5	0.6	12	19				36	35	0.7	242	8.6	69	953		0
01/11/2003	08	5	0.6	12	18				36	36	1.3	233	11.2	59	954		0
01/11/2003	09	6	0.6	12	19				38	38	1.8	243	16.4	43	955		0
01/11/2003	10	6	0.6	12	20				38	39	1.9	223	18.2	39	956		0
01/11/2003	11	6	0.6	12	19				38	41	1.8	203	19.1	36	956		0
01/11/2003	12	6	0.6	13	19				39	44	1.4	218	20.4	33	956		0
01/11/2003	13	7	0.8	13	20				39	47	1.5	214	21.5	31	957		0
01/11/2003	14	7	0.8	12	20				39	48	1.2	303	19.3	36	957		0
01/11/2003	15	6	0.8	12	20				39	47	1.3	286	18	40	958		0
01/11/2003	16	6	0.7	12	20				39	50	1.1	321	14.7	49	959		0
01/11/2003	17	6	0.7	12	19				38	49	1.2	227	13.8	51	960		0
01/11/2003	18	6	0.7	12	19				38	48	1	223	12.9	53	962		0
01/11/2003	19	6	0.7	12	19				38	45	1.1	224	12.3	58	963		0
01/11/2003	20	6	0.7	12	19				37	45	1.4	237	12.2	60	964		0
01/11/2003	21	7	0.7	12	19				37	41	1.6	236	12.4	60	965		0
01/11/2003	22	6		12	19				37	39	1.5	215	12.2	60	966		0
01/11/2003	23	6	0.6	12	19				37	37	2	216	12.3	58	966		0
02/11/2003	00	6	0.6	12	19				37	38	2.1	231	12	57	967		0
02/11/2003	01	6	0.6	12	19				37	37	1.4	216	11.2	60	967		0
02/11/2003	02	6	0.6	12	19				37	40	1.3	199	10.6	60	967		0
02/11/2003	03	6	0.6	12	19				37	42	1.5	208	10.4	59	968		0
02/11/2003	04	6	0.6	12	19				36	42	1	232	9.7	61	968		0
02/11/2003	05	6	0.6	12	18				36	41	0.8	249	9.1	63	968		0
02/11/2003	06	6	0.6	12	18				36	41	0.6	240	8.7	64	969		0
02/11/2003	07	5	0.6	12	18				36	38	0.6	302	7.7	69	969		0
02/11/2003	08	5	0.6	12	18				36	34	0.5	344	10.2	62	970		0
02/11/2003	09	6	0.6	12	19				36	36	0.5	141	17.5	39	971		0
02/11/2003	10	6	0.6	12	19				37	41	0.6	33	21.5	31	970		0
02/11/2003	11	6	0.7	12	19				38	45	0.7	8	23.4	28	970		0
02/11/2003	12	7	0.7	12	20				39	48	1.2	80	24.2	27	969		0
02/11/2003	13	8	0.8	13	21				40	48	1.5	80	24.4	27	969		0
02/11/2003	14	10	0.8	13	25				45	44	0.9	80	25.4	27	969		0
02/11/2003	15	12	0.8	13	33				52	45	1	103	23.8	30	969		0
02/11/2003	16	9	0.8	13	30				50	39	0.9	83	17.2	49	969		0
02/11/2003	17	8	0.8	12	33				52	28	0.6	127	14.5	61	969		0
02/11/2003	18	7	0.7	12	34				53	22	0.5	178	12.5	69	971		0
02/11/2003	19	7	0.7	12	32				51	14	0.5	297	11.4	75	971		0
02/11/2003	20	7	0.7	12	30				48	11	0.5	228	10.4	79	971		0
02/11/2003	21	7	0.7	12	26				45	11	0.6	244	9.7	81	972		0
02/11/2003	22	6		12	23				41	10	0.6	238	8.8	85	973		0
02/11/2003	23	6	0.6	12	22				40	9	0.6	229	8.1	87	973		0
03/11/2003	00	6	0.6	12	21				39	8	0.6	234	8.2	86	973		0
03/11/2003	01	6	0.6	12	21				38	7	0.6	230	7.3	89	973	9	0
03/11/2003	02	6	0.6	12	19				37	8	0.6	245	7	89	973	9	0
03/11/2003	03	6	0.5	12	19				36	8	0.5	282	6.3	88	974	8	0
03/11/2003	04	6	0.5	12	18				36	11	0.6	280	5.7	88	974	7	0
03/11/2003	05	6	0.5	12	18				36	11	0.6	281	5.4	87	975	6	0
03/11/2003	06	5	0.5	11	18				36	10	0.6	289	4.9	88	976	6	0
03/11/2003	07	5	0.5	11	18				36	11	0.5	234	4.5	88	976	6	0
03/11/2003	08	5	0.5	12	18				36	11	0.5	218	6.1	81	977	6	0
03/11/2003	09	5	0.5	12	18				36	12	0.5	197	9.6	66	977	7	0
03/11/2003	10	5	0.5	12	19				37	17	0.6	185	12	59	977	4	0
03/11/2003	12	6	0.4	12	19				37	22	0.6	209	18.4	41	976		0
03/11/2003	16	12	0.7	13	38				59	35	1.3	70	16.4	59	975	93	0
03/11/2003	17	10	0.7	13	43				62	23	0.6	44	14.7	75	976	23	0
03/11/2003	18	9	0.7	12	42				61	16	0.5	34	13	84	977	0	0
03/11/2003	19	8	0.7	12	36				55	16	0.5	127	12.6	86	977	0	0
03/11/2003	20	8	0.7	12	35				53	16	0.5	316	12.3	88	978	0	0
03/11/2003	21	7	0.7	12	33				52	8	0.5	241	11.8	89	979	0	0
03/11/2003	22	7		12	32				51	7	0.5	244	11.1	90	979	0	0
03/11/2003	23	7	0.6	12	28				47	6	0.5	225	10.4	92	979	0	0
04/11/2003	00	6	0.6	12	27				46	5	0.6	307	9.7	94	980	0	0
04/11/2003	01	6	0.6	12	26				44	5	0.5	202	8.7	96	980	0	0
04/11/2003	02	6	0.6	12	24				43	5	0.6	242	8	96	980	0	0
04/11/2003	03	6	0.6	12	23				42	7	0.6	229	7.3	96	981	0	0
04/11/2003	04	6	0.6	12	23				41	5	0.6	211	6.7	97	981	0	0
04/11/2003	05	6	0.6	12	22				40	5	0.6	220	5.9	97	981	0	0
04/11/2003	06	5	0.5	12	21				39	5	0.6	238	5	97	982	0	0
04/11/2003	07	6	0.5	12	20				38	4	0.5	215	4.3	97	982	0	0
04/11/2003	08	5	0.5	12	20				38	5	0.5	7	6.2	92	983	75	0
04/11/2003	09	6	0.5	13	19				39	9	0.6	153	12.5	70	983	275	0
04/11/2003	10	8	0.6	13	20				40	13	0.5	8	18.3	48	982	450	0
04/11/2003	11	10	0.6	13	20				40	23	0.5	15	21.4	38	981	559	0
04/11/2003	12	14	0.6	13	22				42	45	0.7	52	24.2	30	981	588	0
04/11/2003	13	13	0.6	13	24				45	58	1	109	23.5	30	980	527	0
04/11/2003	14	10	0.6	13	21				41	69	1.9	125	22.5	32	979	434	0
04/11/2003	15	12	0.7	13	25				45	59	1.2	120	19.4	45	979	189	0
04/11/2003	16	12	0.7	13	28				47	56	0.9	82	17.9	58	979	121	0
04/11/2003	17	10	0.7	13	33				52	46	0.6	63	15.2	73	979	25	0
04/11/2003	18	9	0.8	12	35				54	41	0.5	22	12.9	85	979	0	0
04/11/2003	19	7	0.7	12	32				51	31	0.6	243	11.5	90	980	0	0
04/11/2003	20	7	0.7	12	28				46	26	0.6	293	10.4	91	981	0	0
04/11/2003	21	7	0.7	12	25				44	19	0.5	233	9.2	94	981	0	0
04/11/2003	22	7		12	23				41	19	0.6	193	8.2	95	982	0	0
04/11/2003	23	6		12	20				38	16	0.5	278	7.4	96	982	0	0
05/11/2003	00	6	0.6	12	20				38	14	0.6	248	6.7	96	982	0	0
05/11/2003	01	5	0.6	12	19				37	12	0.6	249	6.2	96	982	0	0.2
05/11/2003	02	5	0.5	12	19				37	10	0.6	233	5.7	97	982	0	0
05/11/2003	03	5	0.5	12	19				37	9	0.6	247	5.2	97	982	0	0
05/11/2003	04	5	0.5	12	18				36	8	0.5	262	5	97	982	0	0
05/11/2003	05	5	0.5	11	18				36	8	0.5	232	4.7	97	982	0	0
05/11/2003	06	6	0.5	11	18				36	7	0.5	237	4.7	97	982	0	0.2
05/11/2003	07	6	0.5	12	19				36	7	0.5	233	5.5	96	982	0	0
05/11/2003	08	5	0.5	11	18				36	7	0.6	206	7	93	982	48	0
05/11/2003	09	6	0.5	12	18				36	11	0.6	179	9.4	86	982	84	0
05/11/2003	10	6	0.5	12	18				36	13	0.5	163	12.1	77	982	169	0
05/11/2003	11	7	0.5	12	19				37	17	0.5	350	15.7	63	981	307	0
05/11/2003	12	7	0.5	12	19				38	27	0.5	14	18.3	56	980	247	0
05/11/2003	13	7	0.6	12	19				38	41	0.5	2	17.3	61	979	178	0
05/11/2003	14	8	0.6	12	19				38	55	0.5	79	19.4	53	978	242	0
05/11/2003	15	7	0.6	12	19				38	55	0.5	27	18	58	978	133	0
05/11/2003	16	7	0.6	12	21				39	48	0.5	73	16.6	68	978	52	0
05/11/2003	17	7	0.7	12	26				45	45	0.6	111	14.7	80	978	2	0
05/11/2003	18	7	0.7	12	24				43	49	0.6	70	13.4	87	979	0	0
05/11/2003	19	7	0.7	12	23				41	46	0.5	146	13.4	87	979	0	0
05/11/2003	20	8	0.7	12	22				41	43	0.5	147	13.3	87	980	0	0
05/11/2003	21	8	0.7	12	24				42	38	0.5	220	13.2	89	980	0	0
05/11/2003	22	8	0.7	12	27				46	28	0.5	341	12.8	90	980	0	0
05/11/2003	23	8		12	29				48	23	0.5	202	12.7	91	980	0	0
06/11/2003	00	8	0.6	12	25				44	20	0.5	233	12	94	979	0	0
06/11/2003	01	7	0.6	12	23				41	15	0.5	214	11	96	979	0	0
06/11/2003	02	6	0.6	12	21				39	12	0.5	198	10.8	95	980	0	0
06/11/2003	03	6	0.6	12	19				37	11	0.5	209	10.5	95	980	0	0
06/11/2003	04	6	0.5	12	19				37	7	0.5	294	10.2	95	980	0	0
06/11/2003	05	6	0.6	12	19				37	8	0.5	224	10.1	94	980	0	0
06/11/2003	06	6	0.6	12	19				37	7	0.5	240	9.9	93	980	0	0
06/11/2003	07	7	0.6	12	19				37	6	0.5	251	9.8	93	980	0	0
06/11/2003	08	6	0.6	12	19				37	6	0.5	226	10	93	980	3	0
06/11/2003	09	6	0.6	12	19				37	6	0.5	193	11.4	88	981	72	0
06/11/2003	10	6	0.6	12	19				38	8	0.5	207	12.9	81	981	95	0
06/11/2003	11	7	0.6	12	19				37	13	0.5	67	15.7	69	981	246	0
06/11/2003	12	8	0.6	12	19				37	51	0.7	64	20.3	47	980	466	0
06/11/2003	13	9	0.7	12	19				38	73	0.6	60	24.5	33	979	572	0
06/11/2003	14	8	0.7	12	20				39	75	0.8	69	25	31	978	483	0
06/11/2003	15	7	0.7	13	20				39	72	1	72	23.4	37	977	303	0
06/11/2003	16	7	0.7	12	20				39	67	0.6	66	17.3	59	977	31	0
06/11/2003	17	7	0.7	12	20				38	58	0.5	188	14.5	71	977	7	0
06/11/2003	18	7	0.7	12	21				40	49	0.5	218	11.8	82	977	0	0
06/11/2003	19	7	0.7	12	30				48	37	0.5	336	11.4	91	977	0	0
06/11/2003	20	7	0.7	12	29				47	24	0.5	316	10.8	92	977	0	0
06/11/2003	21	7	0.7	12	22				41	20	0.6	290	10.3	89	977	0	0
06/11/2003	22	7	0.7	12	21				39	20	0.5	284	11	85	977	0	0
06/11/2003	23	7		12	22				40	21	0.5	208	11.1	85	977	0	0
07/11/2003	00	7	0.6	12	23				41	24	0.5	211	9.6	88	977	0	0
07/11/2003	01	7	0.6	12	23				41	13	0.5	231	7.2	93	977	0	0
07/11/2003	02	6	0.6	12	22				40	10	0.5	178	6	96	976	0	0
07/11/2003	03	6	0.6	12	20				38	8	0.6	188	5.2	97	976	0	0
07/11/2003	04	6	0.5	12	19				37	8	0.6	203	4.7	97	975	0	0
07/11/2003	05	6	0.5	11	18				36	8	0.5	207	4.3	97	975	0	0
07/11/2003	06	5	0.5	11	18				36	6	0.6	187	3.9	97	975	0	0.2
07/11/2003	07	6	0.5	11	18				36	9	0.6	192	3.7	97	975	0	0
07/11/2003	08	6	0.5	12	18				36	10	0.6	195	5	93	974	64	0
07/11/2003	09	6	0.5	11	18				36	13	0.6	158	11.3	69	974	267	0
07/11/2003	10	8	0.5	12	19				37	21	0.5	124	17.1	47	973	432	0
07/11/2003	11	11	0.5	12	20				38	27	0.5	37	21.4	34	972	540	0
07/11/2003	12	18	0.5	12	20				39	41	0.6	65	25.1	26	970	584	0
07/11/2003	13	15	0.6	13	21				41	51	1.6	78	25.1	26	969	551	0
07/11/2003	14	16	0.6	16	36				61	40	1.9	73	24.2	30	969	470	0
07/11/2003	15	15	0.6	16	44				68	39	1.9	75	22.5	38	968	295	0
07/11/2003	16	12	0.7	13	43				63	35	1.1	75	17.1	60	968	25	0
07/11/2003	17	10	0.7	13	45				64	28	0.6	26	14.3	75	968	5	0
07/11/2003	18	9	0.7	12	51				70	18	0.5	31	12.1	85	968	0	0
07/11/2003	19	8	0.7	12	50				69	11	0.6	316	10.5	91	969	0	0
07/11/2003	20	7	0.7	12	41				59	9	0.6	245	9.6	93	969	0	0
07/11/2003	21	7	0.7	12	34				52	8	0.6	236	8.8	94	970	0	0
07/11/2003	22	7	0.6	12	30				48	8	0.5	250	8.3	95	970	0	0
07/11/2003	23	6		12	27				45	7	0.5	233	8	95	970	0	0
08/11/2003	00	6		12	25				44	6	0.5	229	7.8	95	970	0	0
08/11/2003	01	6	0.6	12	24				42	8	0.6	315	7.9	93	970	0	0
08/11/2003	02	6	0.6	12	22				40	8	0.6	192	8.1	92	970	0	0.2
08/11/2003	03	7	0.6	12	21				39	12	0.6	224	8.7	87	969	0	0
08/11/2003	04	6	0.6	12	20				39	13	0.5	222	8.7	86	969	0	0
08/11/2003	05	7	0.6	12	19				37	13	0.6	231	8.8	85	969	0	0
08/11/2003	06	7	0.5	12	19				37	15	0.7	224	9	85	969	0	0
08/11/2003	07	6	0.6	12	19				37	15	0.5	245	8.9	85	969	0	0
08/11/2003	08	6	0.6	12	19				38	15	0.5	211	10.2	80	970	48	0
08/11/2003	09	7	0.6	12	19				37	17	0.6	164	14.4	65	970	157	0
08/11/2003	10	7	0.6	12	19				37	18	0.5	199	14.7	67	970	122	0
08/11/2003	11	7	0.6	12	19				37	20	0.5	193	19.5	54	970	304	0
08/11/2003	12	8	0.7	12	19				38	25	0.5	129	22.2	48	969	355	0
08/11/2003	13	8	0.7	13	21				40	32	0.8	71	25	40	969	410	0
08/11/2003	14	9	0.8	14	32				54	22	0.5	61	21.4	55	969	208	0
08/11/2003	15	11	0.8	17	41				67	17	0.6	71	24.6	47	969	282	0
08/11/2003	16	10	0.8	15	49				72	20	0.7	66	19.2	67	969	63	0
08/11/2003	17	9	0.9	13	46				65	23	0.5	18	15.7	83	969	5	0
08/11/2003	18	9	0.9	12	49				68	18	0.5	54	14.6	88	970	0	0
08/11/2003	19	9	0.9	12	47				66	15	0.5	25	14.3	90	971	0	0
08/11/2003	20	9	0.8	12	43				62	15	0.5	213	13.9	91	971	0	0
08/11/2003	21	9	0.8	13	41				60	13	0.5	259	13.4	94	972	0	0
08/11/2003	22	8	0.8	12	37				56	7	0.6	185	13.3	94	973	0	0
08/11/2003	23	8	0.8	12	35				54	7	0.6	221	13.4	93	973	0	0
09/11/2003	00	8		12	33				51	5	0.5	225	13	94	973	0	0
09/11/2003	01	8	0.6	12	30				49	5	0.5	212	13.1	95	973	0	0
09/11/2003	02	8	0.6	12	29				48	4	0.5	226	12.9	95	973	0	0
09/11/2003	03	8	0.6	12	28				46	5	0.5	233	13.2	94	973	0	0
09/11/2003	04	8	0.6	12	25				44	5	0.5	234	13.3	94	973	0	0
09/11/2003	05	7	0.6	12	24				43	7	0.5	244	13.4	93	973	0	0
09/11/2003	06	7	0.6	12	22				41	7	0.5	230	13.4	92	973	0	0
09/11/2003	07	8	0.6	12	23				42	7	0.5	223	13.3	92	973	0	0
09/11/2003	08	7	0.6	15	22				45	9	0.5	199	13.5	91	974	6	0
09/11/2003	09	7	0.6	12	21				40	9	0.5	299	13.9	90	974	40	0
09/11/2003	10	8	0.6	12	20				39	16	0.5	16	17.5	75	974	245	0
09/11/2003	11	9	0.6	12	20				39	35	0.5	44	24.2	47	974	476	0
09/11/2003	12	8	0.6	13	20				39	49	1	68	25	45	973	471	0
09/11/2003	13	8	0.6	13	20				39	50	0.7	59	26.4	40	973	505	0
09/11/2003	14	8	0.6	12	21				40	55	1.2	73	23.4	50	972	268	0
09/11/2003	15	8	0.6	12	21				40	51	1.3	72	23.8	51	972	272	0
09/11/2003	16	9	0.7	13	29				48	45	0.8	73	19.1	69	972	53	0
09/11/2003	17	9	0.7	13	31				51	44	0.8	65	16.7	80	973	5	0
09/11/2003	18	9	0.7	13	33				52	42	0.6	138	15.7	84	973	0	0
09/11/2003	19	9	0.7	13	30				49	36	0.5	197	14.4	89	973	0	0
09/11/2003	20	8	0.7	12	26				45	24	0.5	295	14	91	973	0	0
09/11/2003	21	7	0.6	12	23				42	20	0.5	247	14.1	89	974	0	0
09/11/2003	22	7	0.6	12	23				42	19	0.5	243	13.3	92	974	0	0
09/11/2003	23	7	0.6	12	23				42	17	0.5	221	13.2	93	974	0	0
10/11/2003	00	7		12	22				41	14	0.5	242	12.8	95	974	0	0
10/11/2003	01	7	0.6	12	20				39	13	0.5	220	13.2	92	974	0	0
10/11/2003	02	7	0.6	12	20				39	11	0.5	213	13.4	91	973	0	0
10/11/2003	03	7	0.6	12	20				38	10	0.6	219	13	92	973	0	0
10/11/2003	04	7	0.6	12	20				38	10	0.5	318	13.1	92	973	0	0
10/11/2003	05	7	0.6	12	19				37	7	0.5	253	13.2	91	973	0	0
10/11/2003	06	7	0.6	12	19				38	7	0.5	317	12.9	91	973	0	0
10/11/2003	07	7	0.6	12	19				37	7	0.5	229	13	92	973	0	0
10/11/2003	08	7	0.6	12	19				37	6	0.5	231	13.1	92	973	0	0
10/11/2003	09	7	0.6	12	19				37	4	0.5	311	13.2	93	973	9	0.4
10/11/2003	10	7	0.6	12	19				37	11	0.6	324	13.2	95	973	0	17.9
10/11/2003	11	6	0.6	12	19				37	27	0.6	181	12.7	95	973	10	5.2
