Red: Red de Unidades Móviles de Control de la Contaminación Atmosférica
Estación: 03089001-Móvil Monòver
	
FECHA	HORA	SO2	CO	NO	NO2	PM2.5	PM10	PM1	NOx	O3	Veloc.	Direc.	Temp.	H.Rel.	Pres.	R.Sol.	Precip.
		µg/m³	mg/m³	µg/m³	µg/m³	µg/m³	µg/m³	µg/m³	µg/m³	µg/m³	m/s	grados	°C	% H.R.	mb	W/m²	l/m²
02/06/2003	18	5		4	8				13	112	2.5	136	28.3	31		233	0
02/06/2003	19	5		3	11				16	97	108	1.3	136	26.3	39		56	0
02/06/2003	20	5		3	10				15	90	103	0.6	163	22.7	50		0	0
02/06/2003	21	5		4	8				13	69	76	0.3	248	21	55		0	0
02/06/2003	22	5		3	20				25	50	54	0.7	36	20.2	63		0	0
02/06/2003	23	5		3	22				26	46	51	1.2	123	19.1	80		0	0
03/06/2003	00	5		3	11				17	66	73	0.4	123	18.6	80		0	0
03/06/2003	01	5		3	11				16	57	62	0.2	137	17.9	83		0	0
03/06/2003	02	5		3	11				17	46	50	0.4	142	17	93		0	0
03/06/2003	03	5		3	9				14	43	45	0.3	194	16.6	94		0	0
03/06/2003	04	5		3	7				12	40	40	0.2	230	16.3	92		0	0
03/06/2003	05	5		3	7				12	42	44	0.3	227	16.5	92		0	0
03/06/2003	06	5		4	7				12	39	41	0.6	294	15.9	95		20	0
03/06/2003	07	5		3	14				19	39	40	0.3	196	20.1	75		202	0
03/06/2003	08	6		6	25				34	48	47	0.2	20	26.5	45		474	0
03/06/2003	09	6		5	20				27	83	85	1.1	65	29	32		662	0
03/06/2003	10	5		4	16				22	91	97	3.6	115	28.4	37		803	0
03/06/2003	11	5		4	13				19	106	4.7	110	29	39		899	0
03/06/2003	12	5		3	8				13	124	5.8	110	29.1	40		940	0
03/06/2003	13	5		3	6				11	128	5.5	111	29.2	40		931	0
03/06/2003	14	5		3	6				11	129	5.2	109	29.6	38		876	0
03/06/2003	15	5		3	6				11	126	4.4	118	30.3	35		771	0
03/06/2003	16	5		3	7				12	124	4.2	111	30.7	34		618	0
03/06/2003	17	5		3	8				13	114	4.1	117	30.3	36		431	0
03/06/2003	18	5		3	9				14	90	102	3.8	127	27.4	45		239	0
03/06/2003	19	5		3	12				16	78	87	3.3	131	24.9	54		57	0
03/06/2003	20	5		3	12				17	70	80	1.7	143	20.5	71		0	0
03/06/2003	21	5		3	13				18	72	0.7	130	18.9	77		0	0
03/06/2003	22	5		3	17				21	44	51	0.4	128	18	80		0	0
03/06/2003	23	5		3	8				13	53	59	0.2	143	17.1	93		0	0
04/06/2003	00	5		3	8				14	45	49	0.2	159	16.6	94		0	0
04/06/2003	01	5		3	8				13	48	50	0.3	151	17.2	94		0	0
04/06/2003	02	5		3	8				13	50	52	0.4	196	17.5	84		0	0
04/06/2003	03	5		3	5				10	60	66	0.2	12	17.7	85		0	0
04/06/2003	04	5		3	5				10	60	63	0.3	320	17.2	88		0	0
04/06/2003	05	5		3	5				10	61	0.6	325	16.6	88		0	0
04/06/2003	06	5		3	5				10	50	46	0.8	320	17	86		10	0
04/06/2003	07	5		3	7				12	47	47	0.2	338	19.4	74		164	0
04/06/2003	08	5		4	8				14	55	57	0.2	2	25.9	46		415	0
04/06/2003	09	5		4	17				22	63	63	1.1	63	27.3	42		626	0
04/06/2003	10	5		4	8				13	80	88	1.6	110	28.2	34		813	0
04/06/2003	11	6		3	8				13	86	92	2	118	29.4	35		897	0
04/06/2003	12	6		4	13				19	86	91	3.8	119	29.2	39		645	0
04/06/2003	13			4	10				16	89	101	4.1	133	26.2	45		255	0
04/06/2003	14	6		3	7				12	85	93	3.7	120	25.8	51		435	0
04/06/2003	15	5		3	8				14	97	3.4	113	24.6	57		199	0
04/06/2003	16	5		3	10				15	78	87	1.6	138	22.7	60		101	0
04/06/2003	17	7		3	13				18	76	84	0.5	142	22.4	62		43	0
04/06/2003	18	9		3	14				19	73	82	0.6	175	23.3	57		95	0
04/06/2003	19	8		4	12				18	77	0.5	205	22.9	59		9	0
04/06/2003	20	6		3	19				24	61	60	1.3	136	22.3	61		0	0
04/06/2003	21	6		3	19				24	66	48	4.5	123	20.1	71		0	0
04/06/2003	22	5		3	5				10	71	80	2.8	133	19	78		0	0
04/06/2003	23	5		3	5				10	76	0.9	145	18.7	85		0	0
05/06/2003	00	5		3	4				9	80	1.7	345	18.7	81		0	0
05/06/2003	01	5		3	4				9	65	1.6	292	18.6	85		0	0
05/06/2003	02	5		3	4				10	77	77	1.7	326	19.1	76		0	0
05/06/2003	03	5		3	4				10	60	58	0.7	224	18.6	75		0	0
05/06/2003	04	5		3	6				11	57	54	0.6	21	18.3	77		0	0
05/06/2003	05	5		3	6				11	46	43	0.3	293	17.3	82		0	0
05/06/2003	06	5		4	10				16	39	35	0.5	232	17.4	81		0	0
05/06/2003	08	6		6	23				33	42	40	0.3	17	25.5	52		300	0
05/06/2003	09	6		3	10				15	73	73	1.8	150	26.3	49		424	0
05/06/2003	10	8		3	11				16	82	83	2.1	129	28	45		735	0
05/06/2003	11	8		4	10				16	88	95	1.9	123	29.4	42		729	0
05/06/2003	12	7		3	7				12	117	1.2	117	29.5	40		544	0
05/06/2003	13	5		3	6				11	119	1.3	122	29.7	36		460	0
05/06/2003	14	8		3	7				12	123	2.5	122	32	32		663	0
05/06/2003	18	14	0.2	4	9	15.8	21.4	11.7	15	112	4.1	122	25.7	45	949	119	0
05/06/2003	19	13	0.2	4	10	16.1	19.1	12.3	16	113	3.3	127	23.8	49	949	47	0
05/06/2003	20	11	0.2	4	8	15.2	18.6	11.5	14	112	1.3	142	22	57	950	1	0
05/06/2003	21	9	0.2	4	7	14.5	17.8	10.9	13	107	0.6	148	20.9	61	950	0	0
05/06/2003	22	9	0.1	4	9	14.4	18.3	10.7	15	86	88	0.5	212	20.1	64	951	0	0
05/06/2003	23	8	0.1	4	7	14.6	17.8	11	13	73	74	0.5	256	18.9	67	951	0	0
06/06/2003	00	8	0.2	4	7	14.7	17.5	11.1	13	76	77	0.5	256	18.6	68	951	0	0
06/06/2003	01	8	0.2	4	7	14.6	16.6	11.1	13	65	67	0.7	278	17.8	71	952	0	0
06/06/2003	02	8	0.3	4	6	15	16.6	11.5	12	63	65	0.7	265	17.4	73	952	0	0
06/06/2003	03	8	0.3	4	6	15.9	18.9	12.1	12	58	61	0.4	241	16.9	75	952	0	0
06/06/2003	04	8	0.3	4	6	15.9	19	12.1	12	54	56	0.4	238	16.4	77	951	0	0
06/06/2003	05	7	0.3	4	6	15.9	17.4	12.4	12	49	51	0.6	246	16	78	952	0	0
06/06/2003	06	8	0.3	4	8	16	18.8	12.4	14	49	51	0.3	218	16.9	75	952	34	0
06/06/2003	07	10	0.4	5	24	16.3	20.5	12.3	32	43	44	0.4	74	20.7	61	952	204	0
06/06/2003	08	12	0.3	4	18	15	17.9	11.3	25	69	69	0.3	43	24.8	47	951	406	0
06/06/2003	09	12	0.2	4	11	15.1	18.7	11.3	17	96	0.3	20	28.1	38	950	551	0
06/06/2003	10	25	0.2	4	8	15.6	20.4	11.7	15	108	0.8	161	30.1	34	950	753	0
06/06/2003	11	19	0.1	4	7	16.2	22.1	11.9	14	103	2.9	117	31.1	32	950	859	0
06/06/2003	12	18	0.2	4	7	16.3	20.9	12.4	14	114	3.8	119	31.5	31	950	908	0
06/06/2003	13	22	0.1	4	7	14.6	18	10.9	13	129	4.7	115	31.6	31	950	901	0
06/06/2003	14		0.1	13	10	14.9	18.9	11	30	150	5.2	114	32	31	949	847	0
06/06/2003	15	4	0.1	4	8	14.9	19.9	10.8	14	126	5	113	32.7	30	949	743	0
06/06/2003	16	3	0.1	4	9	14.6	20.1	10.5	15	119	4.7	113	33	30	948	590	0
06/06/2003	17	6	0.1	4	8	14.4	19.5	10.5	14	115	5.3	109	32.1	31	948	407	0
06/06/2003	18	3	0.1	4	7	13.7	17.8	9.7	13	104	4.9	105	29.3	36	948	224	0
06/06/2003	19	3	0.1	4	7	12.6	15.4	8.9	13	99	3.9	123	26.8	42	949	62	0
06/06/2003	20	3	0.2	4	11	13.1	16.4	9.2	17	86	2.5	135	23.5	54	949	0	0
06/06/2003	21	3	0.3	4	16	14.4	18.3	10.4	22	72	73	1.2	143	21.8	63	950	0	0
06/06/2003	22	3	0.3	4	13	14.7	19	10.7	19	68	70	0.5	152	20.8	67	950	0	0
06/06/2003	23	3	0.4	4	14	14.6	17.8	10.8	20	68	70	0.4	142	20.1	67	950	0	0
07/06/2003	00	3	0.4	4	14	17	20.9	13	20	56	59	0.3	160	19.1	73	950	0	0
07/06/2003	01	3	0.3	4	9	15.1	17.6	11.2	15	59	61	0.3	316	18.3	72	951	0	0
07/06/2003	02	3	0.3	4	6	12	13.2	8.6	12	66	68	0.3	235	17.9	70	951	0	0
07/06/2003	03	3	0.3	4	5	12.3	13.3	8.9	11	62	64	0.5	239	17.6	71	951	0	0
07/06/2003	04	3	0.4	4	7	14.1	19	10.2	13	56	58	0.5	318	17	75	951	0	0
07/06/2003	05	3	0.4	4	7	13.4	15.5	9.7	14	54	57	0.5	233	16.7	75	951	0	0
07/06/2003	06	3	0.4	4	7	15.1	17.2	11.3	14	49	52	0.3	316	17.7	74	951	37	0
07/06/2003	07	3	0.4	4	13	16.3	18.9	12.5	20	49	51	0.3	335	21.7	61	950	211	0
07/06/2003	08	3	0.3	4	10	17	19.7	13.2	16	66	68	0.3	130	25.5	50	950	422	0
07/06/2003	09	3	0.3	4	7	16	18.5	12.4	13	99	0.6	76	29.5	38	949	618	0
07/06/2003	10	3	0.3	4	8	16.5	20.1	12.6	14	101	3	119	30.3	35	948	764	0
07/06/2003	11	3	0.3	4	12	16.2	19.6	12.4	18	118	4.3	113	31	34	948	861	0
07/06/2003	12	3	0.3	4	7	15.3	18	11.8	14	124	4.7	112	30.9	34	948	913	0
07/06/2003	13	3	0.2	4	6	14.1	16.4	10.6	12	121	5	115	31	31	948	915	0
07/06/2003	14	3	0.2	4	5	14.4	15.7	11	11	122	4.9	117	31.4	30	947	866	0
07/06/2003	15	3	0.3	4	5	15.2	15.9	11.8	11	121	5	112	32	29	947	763	0
07/06/2003	16	3	0.2	4	5	15.7	17.4	12.2	12	118	4.5	116	32.4	27	946	615	0
07/06/2003	17	3	0.2	4	7	15	16.5	11.6	13	115	4.1	121	31.9	27	946	432	0
07/06/2003	18	3	0.3	4	8	14.9	17	11.3	13	108	4.1	120	28.9	31	946	213	0
07/06/2003	19	3	0.4	4	8	15.3	18.1	11.6	14	100	4.5	125	25.4	38	946	24	0
07/06/2003	20	3	0.4	4	8	16.2	19.5	12.4	15	92	93	2.2	137	23	44	947	0	0
07/06/2003	21	3	0.5	4	12	16.7	21.4	12.8	18	80	82	0.5	173	21.7	48	948	0	0
07/06/2003	22	3	0.5	4	10	17.3	21.8	13.5	16	70	71	0.5	246	20.7	51	948	0	0
07/06/2003	23	3	0.4	4	9	15.5	18.2	11.8	15	71	71	0.6	250	20.2	51	948	0	0
08/06/2003	00	3	0.4	4	6	14.1	15.5	10.4	11	76	76	0.7	261	19.7	51	948	0	0
08/06/2003	01	3	0.4	4	6	14	15.9	10.4	12	73	73	0.5	236	19.1	53	948	0	0
08/06/2003	02	3	0.5	4	6	14.4	15.8	10.8	12	72	72	0.5	302	18.6	54	947	0	0
08/06/2003	03	3	0.5	4	5	12.5	13.6	9	11	70	70	0.5	259	18.1	55	947	0	0
08/06/2003	04	3	0.5	4	6	12.4	13.5	8.8	12	70	70	0.3	322	17.7	56	947	0	0
08/06/2003	05	3	0.5	4	7	12.7	14.6	9.1	13	57	59	0.3	179	17.4	58	948	0	0
08/06/2003	06	3	0.5	4	6	12.3	14.4	8.6	12	55	57	0.3	241	18.2	56	948	46	0
08/06/2003	07	3	0.5	4	6	12.3	13.7	8.7	12	66	66	0.3	303	21.6	46	947	193	0
08/06/2003	08	3	0.5	4	7	13	15.6	9.3	13	85	85	0.6	163	26.3	34	947	422	0
08/06/2003	09	3	0.4	4	6	14.2	16.7	10.5	12	99	2.1	111	28.3	31	947	606	0
08/06/2003	10	3	0.4	4	7	14.2	16.9	10.5	13	109	2.7	110	29.9	29	947	768	0
08/06/2003	11	3	0.4	4	6	13.7	15.8	10.3	13	118	4.3	100	31.1	28	947	856	0
08/06/2003	12	3	0.4	4	6	12.7	14	9.4	12	126	4.8	103	31.5	27	948	914	0
08/06/2003	13	3	0.3	4	6	13.2	14.8	9.9	13	131	5.8	103	31.9	26	947	913	0
08/06/2003	14		0.4	4	6	12.7	14.7	9.4	12	132	5.9	105	33	23	947	848	0
08/06/2003	15	3	0.4	4	6	13.2	14.7	9.9	12	124	4.2	121	31.9	27	947	464	0
08/06/2003	16	3	0.4	4	6	12.8	13.8	9.5	12	111	2.6	131	28.4	33	947	209	0
08/06/2003	17	4	0.5	4	7	13.3	14.4	9.9	14	102	3	116	27.5	39	947	186	0
08/06/2003	18	11	0.4	4	7	12.7	15.4	9.2	14	105	1.8	138	27.7	34	947	196	0
08/06/2003	19	8	0.5	4	7	13.1	20.7	9.4	13	103	0.9	152	25.5	38	949	17	0
08/06/2003	20	5	0.6	4	9	13.4	20.6	9.7	15	93	94	0.5	196	24.6	41	949	0	0
08/06/2003	21	3	0.5	4	9	12.9	16.3	9.3	15	88	90	0.6	315	23.8	40	949	0	0
08/06/2003	22	3	0.6	4	8	15.2	18.1	11.6	14	83	87	0.8	337	23	54	950	0	0
08/06/2003	23	3	0.8	4	12	16.4	20.2	12.6	18	60	65	0.6	216	21.9	60	950	0	0
09/06/2003	00	3	0.7	4	8	15	18.2	11.4	15	62	1	182	21.1	59	950	0	0
09/06/2003	01	3		4	21	24.8	31.4	20.2	27	34	37	0.5	184	19.7	80	950	0	0
09/06/2003	02	3		4	16	24.7	33	20.3	22	31	35	0.4	244	18.9	82	950	0	0
09/06/2003	03	3		4	14	22.8	25.5	18.7	21	28	31	0.4	257	18.1	81	950	0	0
09/06/2003	04	3		5	15	24	28	19.7	22	28	32	0.3	238	17.6	82	951	0	0
09/06/2003	05	3		4	11	21.1	24.2	17.1	17	36	40	0.6	245	17	81	951	0	0
09/06/2003	06	3		5	9	18.5	22.1	14.7	16	43	46	0.2	297	18.1	72	951	57	0
09/06/2003	07	5		5	15	20.2	24.3	16	22	50	52	0.2	347	23.5	56	951	259	0
09/06/2003	08	10		6	24	20.5	28.5	15.7	33	68	68	0.2	31	27.9	39	950	455	0
09/06/2003	09	4		4	11	14.4	19.3	10.6	18	110	105	0.9	107	30.4	26	950	645	0
09/06/2003	10	3		4	17	15.8	24.1	11.5	23	116	111	2.5	109	31.5	25	950	787	0
09/06/2003	11	6		4	14	16.3	23.1	12.2	20	118	115	3.2	115	32.3	26	950	882	0
09/06/2003	12	7		4	15	16.6	22.6	12.5	22	129	125	4.2	111	32.8	26	950	924	0
09/06/2003	13	3		4	7	15.1	19.2	11.3	13	130	128	4.6	108	32.9	26	949	924	0
09/06/2003	14	3		4	7	16.3	20.8	12.2	13	135	134	5.2	110	33.7	26	949	873	0
09/06/2003	15	3		5	7	16.3	20.8	11.9	13	120	118	5.2	118	34.2	25	948	768	0
09/06/2003	16	3		5	7	16.6	21.9	11.9	14	111	111	4.7	115	34.2	26	948	617	0
09/06/2003	17	4		4	10	16.2	22.6	11.4	16	100	99	5	114	33.7	26	948	437	0
09/06/2003	18	4		4	14	18	24.9	12.3	20	82	82	3.6	120	30.3	34	947	241	0
09/06/2003	19	4		4	12	17.9	25.1	12.1	19	74	75	2.5	126	28.5	38	948	68	0
09/06/2003	20	3		4	10	15.7	23	10.5	16	65	66	1.3	140	24.4	51	949	0	0
09/06/2003	21	3		4	13	16.8	23.7	11.3	19	51	54	0.9	146	22.8	60	950	0	0
09/06/2003	22	3		4	12	17.1	25.5	11.6	18	42	45	0.2	192	21.5	66	951	0	0
09/06/2003	23	3		4	10	16.6	21.5	11.4	16	35	38	0.5	247	20.3	68	951	0	0
10/06/2003	00	3		4	12	17.1	22.2	11.8	18	32	35	0.3	208	19.4	71	951	0	0
10/06/2003	01	3		4	11	16	20.2	10.7	17	33	35	0.3	255	18.8	70	951	0	0
10/06/2003	02	3		4	8	14.7	18.4	9.7	14	38	40	0.3	260	18.1	69	951	0	0
10/06/2003	03	3		4	7	13.8	16.6	9	13	37	39	0.6	259	17.6	69	951	0	0
10/06/2003	04	3		4	7	13.3	15.6	8.7	13	40	43	0.8	249	17.2	68	951	0	0
10/06/2003	05	3		5	7	12.9	15.4	8.3	14	44	46	0.5	254	17.1	66	951	0	0
10/06/2003	06	3		4	7	12.9	16.1	8.4	13	46	48	0.2	287	18.2	61	952	45	0
10/06/2003	07	4		6	17	14.6	20.9	9.7	26	43	44	0.2	337	23.3	47	951	238	0
10/06/2003	08	5		6	24	18.6	29.2	12.2	32	62	61	0.2	70	28.7	34	950	450	0
10/06/2003	09	3		5	11	13.9	22.4	8.9	18	99	94	1.5	112	30.6	26	950	644	0
10/06/2003	13			5	8				16	137	4.6	116	34.4	24	949	918	0
10/06/2003	14	3		5	7	12.7	17	8.4	15	127	122	5.5	107	34.8	24	950	872	0
10/06/2003	15	3		5	7	13	18.2	8.7	15	119	115	5.5	111	35.6	21	950	769	0
10/06/2003	16	3		5	8	12.8	17	8.9	16	116	113	5.5	107	35.4	21	950	616	0
10/06/2003	17	3		5	9	14.5	19.5	10	17	111	107	4.3	120	34.9	20	950	438	0
10/06/2003	18	3		5	12	15.5	23.5	10.5	20	102	98	3.2	120	31.7	25	950	234	0
10/06/2003	19	3		5	11	15.1	23.8	10	19	95	91	2.2	129	29.7	27	950	70	0
10/06/2003	20	3		5	12	13.8	20.7	9.6	20	84	81	1.6	135	25.7	38	951	0	0
10/06/2003	21	3		5	17	15	23.8	10.6	25	65	64	0.5	140	23.5	48	952	0	0
10/06/2003	22	3		5	19	14.9	23.5	10.5	27	58	58	0.6	116	22.4	54	952	0	0
10/06/2003	23	3		5	19	15.3	23.8	10.9	26	45	46	0.4	168	21	57	953	0	0
11/06/2003	00	3		5	16	14.7	20	10.6	23	41	42	0.4	288	19.9	60	953	0	0
11/06/2003	01	3		5	15	14.9	21	10.6	22	45	47	0.3	313	19.3	60	953	0	0
11/06/2003	02	3		5	12	12.8	15.9	9.1	19	58	56	0.3	305	18.8	55	953	0	0
11/06/2003	03	3		5	8	10.9	12.5	7.6	15	70	68	0.3	252	18.3	52	953	0	0
11/06/2003	04	3		6	8	11.7	13.4	8.3	17	69	66	0.6	239	17.9	55	952	0	0
11/06/2003	05	3		5	8	12.9	15.4	9.4	16	74	72	0.3	257	17.5	56	952	0	0
11/06/2003	06	3		5	8	12.9	15.1	9.4	15	69	68	0.4	227	18.4	53	953	47	0
11/06/2003	07	3		11	25	15.6	22.8	11.1	42	44	45	0.2	33	23.1	42	953	230	0
11/06/2003	08	3		7	30	16.1	23.9	11.6	41	62	60	0.4	100	27.3	33	952	455	0
11/06/2003	09	3		5	21	15.9	23.9	11.4	29	96	93	0.8	68	30.4	26	952	641	0
11/06/2003	10	3		5	12	19	27.2	14.3	20	116	110	3.3	113	31.6	25	952	789	0
11/06/2003	11	3		5	9	15	21.3	10.8	17	118	112	4	107	32.7	23	952	889	0
11/06/2003	12	3		5	9	14	20.6	9.9	16	120	116	4.5	104	33.3	23	952	935	0
11/06/2003	13	3		5	8	13.4	21.2	9.4	16	125	122	6	101	34	22	952	932	0
11/06/2003	14	3		5	10	15.2	22.5	10.8	17	118	118	6.1	115	34.6	23	951	884	0
11/06/2003	15	3		5	8	15.3	24.4	10.4	16	113	111	4.8	117	35.3	21	951	749	0
11/06/2003	16	3		5	9	16.7	26.2	11.8	16	114	111	5	105	35.8	19	950	618	0
11/06/2003	17	4		5	8	17.8	23.6	13.3	16	116	113	4.6	114	34.9	19	951	437	0
11/06/2003	18	3		5	9	18	25.1	13.6	17	115	112	4.2	115	31.9	22	951	246	0
11/06/2003	19	3		5	13	20	28	15.2	20	104	108	2.8	123	29.8	29	952	77	0
11/06/2003	20	3		5	11	17.2	21.6	13.2	18	98	104	1.6	135	25.6	35	954	1	0
11/06/2003	21	3		5	10	16.5	20.8	12.4	17	81	96	0.7	142	23.3	34	956	0	0
11/06/2003	22	3		5	13	17.3	21.6	13	20	67	84	0.9	133	22.2	34	958	0	0
11/06/2003	23	3		5	10	17.1	21.3	13	17	77	95	0.3	212	21.3	34	959	0	0
12/06/2003	00	3		5	8	17.5	20.4	13.6	15	68	83	0.3	247	20.3	33	959	0	0
12/06/2003	01	3		4	8	18	20.4	14	15	77	0.4	245	19.3	40	958	0	0
12/06/2003	02	3		5	8	18.1	24.1	13.8	15	72	0.3	305	19.1	52	955	0	0
12/06/2003	03	3		5	8	17.6	21	13.5	15	63	0.5	252	18.2	59	953	0	0
12/06/2003	04	3		5	9	19.5	30.9	14.6	17	56	0.5	208	17.6	67	952	0	0
12/06/2003	05	3		5	9	18.2	20.8	14.2	16	57	0.3	206	17.3	70	952	0	0
12/06/2003	06	3		5	11	18.8	22.3	14.7	18	54	0.2	146	19	67	952	71	0
12/06/2003	07	3		6	20	21.2	27	16.5	28	58	0.3	139	23.2	56	951	272	0
12/06/2003	08	3		6	14	18.3	23.5	14.1	23	94	1.8	190	28.3	36	948	478	0
12/06/2003	09	3		6	8	16.6	18.9	13.1	17	113	4.8	318	31.2	28	946	663	0
12/06/2003	10	3		6	8	17.1	19.8	13.6	18	125	4.6	310	33.2	24	944	809	0
12/06/2003	11	3		8	9	19.1	25.5	15.2	20	137	1.9	1	35.1	20	941	905	0
12/06/2003	12					22.6	32.7	18.5			2.3	111	35.8	18	939	943	0
12/06/2003	13	6		8	14	19.7	23.4	16.4	25		4.8	109	36.1	20	938	923	0
12/06/2003	14	7		6	8	10.1	10.1	7.3	17		5.1	113	36.7	19	937	869	0
12/06/2003	15	8		6	7	8	8	5.3	15		4.6	121	37.6	17	936	765	0
12/06/2003	16	4		4	6	6.9	6.9	4.3	13		5.2	114	38.3	15	935	619	0
12/06/2003	18									130	3.9	122	35.2	22	943	236	0
12/06/2003	19									121	2.9	118	33.2	26	945	82	0
12/06/2003	20									113	1.3	127	28.8	32	947	1	0
12/06/2003	21									111	2.1	11	26.8	35	948	0	0
12/06/2003	22									110	1.7	318	25.2	39	949	0	0
12/06/2003	23									112	1.4	315	24.3	41	950	0	0
13/06/2003	00									113	1.2	304	23.8	42	950	0	0
13/06/2003	01									100	1.1	283	22.5	46	950	0	0
13/06/2003	02									90	1	260	21.1	50	950	0	0
13/06/2003	03									84	0.3	296	20.4	52	950	0	0
13/06/2003	04									72	0.5	238	19.4	56	950	0	0
13/06/2003	05									79	0.9	242	19.2	57	950	0	0
13/06/2003	10									118	1.1	126	35.9	21	949	777	0
13/06/2003	11									129	2.8	109	36.3	20	949	875	0
13/06/2003	12									149	3.2	106	36.2	20	949	919	0
13/06/2003	13									160	3.2	112	36.8	19	949	919	0
13/06/2003	14									158	4.1	118	37.9	20	948	870	0
13/06/2003	15									153	5.2	112	38.7	18	948	767	0
13/06/2003	16									139	5.8	109	38.2	16	948	554	0
13/06/2003	17									136	6.4	116	37.5	16	948	445	0
13/06/2003	19	3		5	8				17	141	128	3.1	122	32.2	20	949	73	0
13/06/2003	20	3		5	9				17	132	121	1.5	144	28.2	27	949	0	0
13/06/2003	21	6		5	10				18	126	116	1.6	145	27	29	950	0	0
13/06/2003	22	3		5	9				18	116	105	0.7	207	25.8	31	951	0	0
13/06/2003	23	3		5	9				17	102	94	0.3	316	24.5	32	952	0	0
14/06/2003	00	3		5	10				18	93	85	0.5	323	23.3	34	952	0	0
14/06/2003	01	3		5	9				17	84	78	0.9	253	22.6	37	953	0	0
14/06/2003	02	3		5	9				17	89	81	0.4	308	22.3	39	953	0	0
14/06/2003	03	3		5	9				17	88	81	0.3	235	21.4	42	953	0	0
14/06/2003	04	3		6	10				18	86	80	0.6	238	20.7	46	953	0	0
14/06/2003	05	3		6	12				20	77	71	0.4	333	20.4	49	953	0	0
14/06/2003	06	3		5	13				21	71	67	1.1	224	21.1	49	953	44	0
14/06/2003	07	3		6	9				18	95	88	0.8	300	25.7	36	953	208	0
14/06/2003	08	3		6	9				18	109	101	0.2	360	32	25	952	423	0
14/06/2003	09	7		5	10				18	133	122	0.4	52	35.2	19	951	590	0
14/06/2003	10	3		5	11				19	141	128	1.8	106	36.8	16	950	751	0
14/06/2003	11	3		6	11				19	165	152	4	115	37.2	17	950	853	0
14/06/2003	12			5	12				21	195	181	5.6	111	36.9	20	950	893	0
14/06/2003	13	4		6	11				20	194	186	6.7	108	36	25	950	886	0
14/06/2003	14	3		5	9				17	164	161	6.2	114	36.3	26	950	815	0
14/06/2003	15	3		6	9				18	159	152	4.6	121	36.3	24	950	622	0
14/06/2003	16	3		5	8				16	143	135	4.4	113	33.9	25	950	330	0
14/06/2003	17	3		6	8				17	134	125	2.7	111	31.2	28	950	177	0
14/06/2003	18	3		6	8				17	127	121	0.7	139	30	29	950	84	0
14/06/2003	19	8		6	9				17	126	120	0.2	225	29.7	31	950	31	0
14/06/2003	20	7		5	8				17	120	113	0.3	337	29	32	951	0	0
14/06/2003	21	4		5	8				16	89	85	5.4	305	29.9	30	951	0	0
14/06/2003	22	5		5	8				16	80	74	4.5	308	29.7	30	951	0	0
14/06/2003	23	4		5	8				16	76	71	4.5	318	29.5	29	951	0	0
15/06/2003	00	4		6	8				16	74	70	2.2	285	29.2	29	951	0	0
15/06/2003	01	3		6	8				16	75	70	2.1	298	28.9	30	950	0	0
15/06/2003	02	3		6	13				21	54	52	0.9	168	26.5	42	950	0	0
15/06/2003	03	3		5	9				17	52	49	0.8	238	24.8	43	950	0	0
15/06/2003	04	3		6	8				17	52	48	0.4	312	23.9	44	950	0	0
15/06/2003	05	3		6	8				16	50	47	0.6	220	23.1	46	950	0	0
15/06/2003	06	3		6	9				17	46	43	0.2	356	23.6	45	950	6	0
15/06/2003	07	3		6	9				18	49	46	0.3	196	24.3	44	950	68	0
15/06/2003	08	3		6	10				18	59	55	0.3	337	29.6	32	950	374	0
15/06/2003	09	5		6	9				17	84	77	0.3	5	35.9	21	949	592	0
15/06/2003	10	3		6	8				17	104	97	0.7	121	37.8	19	948	751	0
15/06/2003	11	3		6	8				17	120	110	2.2	102	38.9	18	948	918	0
15/06/2003	12	3		5	8				16	133	124	3.1	103	40	17	947	938	0
15/06/2003	13	3		6	8				18	147	137	5.5	111	39.8	18	946	856	0
15/06/2003	14	3		6	9				18	140	133	7.3	113	38	23	946	749	0
15/06/2003	15	3		6	8				17	137	132	4.2	144	33.8	29	947	210	0
15/06/2003	16	3		5	8				16	93	89	9	331	26.3	46	950	15	0.3
15/06/2003	17	4		6	8				17	91	88	5.8	336	28.2	38	948	240	0.5
15/06/2003	18	3		6	8				17	92	88	5.1	301	27.3	39	948	31	0
15/06/2003	19	3		6	8				17	84	83	5.9	318	22.4	64	951	0	0.6
15/06/2003	20	3		5	9				17	76	76	1.8	331	21.7	71	951	0	0.3
15/06/2003	21	3		6	9				18	79	78	4	333	22.3	66	950	0	0.3
15/06/2003	22	3		5	9				17	83	81	1.9	296	23.4	56	949	0	0
15/06/2003	23	3		5	8				16	83	81	2.4	320	23.5	53	948	0	0
16/06/2003	00	3		6	8				18	65	64	0.6	244	21.5	64	948	0	0
16/06/2003	01	3		6	10				18	56	55	0.9	311	20.5	69	948	0	0
16/06/2003	02	3		5	10				18	56	56	0.9	283	20.2	69	948	0	0
16/06/2003	03	3		5	10				18	49	49	0.4	324	19.3	74	948	0	0
16/06/2003	04	3		6	10				19	47	47	0.7	343	19	74	948	0	0
16/06/2003	05	3		6	11				20	43	44	0.8	204	18.8	74	948	4	0
16/06/2003	06	3		5	12				20	39	39	0.7	234	20.2	71	948	29	0
16/06/2003	07	3		6	12				21	35	34	0.7	321	20.1	75	948	0	0.1
16/06/2003	08	3		7	26				36	29	30	2	171	20.2	74	949	0	0.2
16/06/2003	09	3		5	13				22	56	55	1.2	314	21.4	66	948	1	0
16/06/2003	10	3		6	10				19	74	72	1.9	332	23.5	56	948	108	0
16/06/2003	11	4		6	9				18	84	80	0.3	341	28.5	39	946	460	0
16/06/2003	12			6	8				17	112	104	0.7	318	32.4	27	945	691	0
16/06/2003	13			6	8				17	130	116	0.6	14	35.1	20	944	896	0
16/06/2003	14	3		6	8				17	133	120	1	68	37.2	16	943	890	0
16/06/2003	15	3		6	9				18	126	117	5	122	36.3	20	943	692	0
16/06/2003	16	3		6	9				19	133	123	5.1	125	37	20	943	626	0
16/06/2003	17	3		6	10				19	130	120	5.7	118	34.5	24	942	369	0
16/06/2003	18	3		7	11				22	119	115	4.7	110	30.2	35	942	125	0
16/06/2003	19	3		10	13				29	110	106	2.7	108	28.4	41	943	50	0
16/06/2003	20	3		5	18				26	95	93	1.9	113	26.8	50	943	2	0
16/06/2003	21	4		5	21				29	78	77	0.8	121	25.1	56	944	0	0
16/06/2003	22	5		6	17				26	59	59	0.4	213	23.3	65	945	0	0
16/06/2003	23	3		6	14				23	51	50	0.5	299	21.8	71	945	0	0
17/06/2003	00	3		6	12				21	54	53	0.9	256	21	73	945	0	0
17/06/2003	01	3		6	11				19	54	53	0.9	282	20.3	74	945	0	0
17/06/2003	02	3		6	9				18	59	59	0.3	313	20.1	73	945	0	0
17/06/2003	03	3		6	11				19	50	51	0.7	244	19.4	76	945	0	0
17/06/2003	04	3		6	9				18	50	50	0.4	241	18.9	78	945	0	0
17/06/2003	05	3		6	12				21	42	43	0.2	358	18.7	79	946	0	0
17/06/2003	06	3		6	14				23	40	40	0.3	345	19.4	76	946	35	0
17/06/2003	07	5		10	31				45	34	32	0.2	106	23.9	60	945	212	0
17/06/2003	08	7		7	19				29	79	76	0.3	42	29.6	40	944	417	0
17/06/2003	09	4		6	14				23	104	97	2	67	32.3	30	944	601	0
17/06/2003	10	3		6	15				25	108	100	4.1	112	33.2	29	944	751	0
17/06/2003	13										4.5	114	34.1	24	943	907	0
17/06/2003	14										4.9	112	34.6	24	943	858	0
17/06/2003	15										4.6	113	36.3	26	942	834	0
17/06/2003	16										4.9	114	35.7	31	941	605	0
17/06/2003	18	3	0.1	6	13	23.5	27	17.6	21	139	131	2	131	27.5	56	943	76	0
17/06/2003	19	3	0.1	6	10	23.3	27.4	17.7	19	129	119	1.1	134	26.4	61	944	48	0
17/06/2003	20	3	0.1	6	13	23.6	28.1	18.1	22	115	106	1.4	105	25.1	67	944	8	0
17/06/2003	21	3	0.1	6	13	25.1	29.2	19.5	22	101	90	0.8	112	23.5	75	945	0	0
17/06/2003	22	3	0.1	6	15	26.8	31.2	21.2	24	81	72	0.4	127	22.6	79	946	0	0
17/06/2003	23	3	0.1	6	15	26.7	31.8	21.1	23	64	55	0.3	186	21.7	82	947	0	0
18/06/2003	00	3	0.1	6	13	26.6	31.4	21	22	55	44	0.2	353	20.8	85	947	0	0
18/06/2003	01	3	0.1	6	12	26.5	30.4	20.9	21	60	48	0.2	186	20.7	85	948	0	0
18/06/2003	02	8	0.1	6	11	26.2	29.8	20.7	20	55	47	0.2	235	19.9	88	948	0	0
18/06/2003	03	3	0.1	6	10	26.6	28.7	21.3	18	55	47	0.8	297	19.5	90	948	0	0
18/06/2003	04	3	0.1	6	10	25.1	28.2	19.9	20	53	44	0.2	316	19.3	90	949	0	0
18/06/2003	05	3	0.1	6	10	20.5	22.6	15.7	19	69	59	0.6	313	19.2	85	950	0	0
18/06/2003	06	3	0.1	6	9	17.9	19.6	13.4	18	104	94	0.8	330	21.4	72	950	49	0
18/06/2003	07	4	0.1	6	12	19.5	22.7	14.8	21	110	98	0.4	16	25	60	949	207	0
18/06/2003	08	3	0.1	6	15	19	23.9	14.1	24	118	101	0.3	80	28.7	46	948	444	0
18/06/2003	09	3	0.1	7	21	20.2	28.7	14.7	31	104	88	1.7	108	30.2	41	948	627	0
18/06/2003	10	5	0.1	6	16	21.8	26.8	16.5	26	120	102	1.4	103	30.9	39	948	768	0
18/06/2003	11	4	0.1	6	15	21.7	29.3	16.2	24	131	114	2.4	107	32.7	33	948	872	0
18/06/2003	12	3	0.1	6	10	17.5	22.4	12.8	20	148	127	3.2	108	33.6	28	948	923	0
18/06/2003	13	3	0.1	6	9	16.2	20.6	11.9	19	159	137	4.1	103	34	28	948	919	0
18/06/2003	14	3	0.1	6	9	18.6	22.2	14.1	19	154	135	5.1	107	33.8	33	948	859	0
18/06/2003	15	3	0.1	6	10	17.2	20.5	13	20	151	130	5.5	99	34.2	32	948	761	0
18/06/2003	16	3	0.1	6	9	15.4	18.9	11.4	18	140	120	6.4	103	34.1	30	947	617	0
18/06/2003	17	3	0.1	6	10	17.9	23.4	13.3	19	128	109	6.2	106	33	31	947	434	0
18/06/2003	18	4	0.1	6	10	14.3	22	12.4	20	113	103	5.3	117	29.9	39	948	247	0
18/06/2003	19	3	0.1	6	10	16.7	19.5	12.4	19	108	103	3.4	122	27.8	49	948	79	0
18/06/2003	20	3	0.1	6	10	15.3	18.6	11.2	20	102	98	0.9	152	24	65	949	1	0
18/06/2003	21	3	0.1	6	9	15.3	17.1	11.2	19	95	92	1.3	133	22.8	70	950	0	0
18/06/2003	22	3	0.1	6	11	14.8	17.5	10.8	20	93	89	0.4	161	22	73	951	0	0
18/06/2003	23	3	0.1	6	10	15.4	18	11.2	18	88	84	0.2	174	21.4	76	951	0	0
19/06/2003	00	3	0.1	6	14	16.4	19.2	12	23	68	62	0.2	169	20.8	80	952	0	0
19/06/2003	01	5	0.1	6	16	16.8	19.5	12.3	25	60	55	0.2	205	20.5	81	952	0	0
19/06/2003	02	7	0.1	6	12	16.3	17.7	12	20	61	56	0.5	247	19.6	84	952	0	0
19/06/2003	03	3	0.1	6	9	15	18.2	10.8	18	60	56	0.3	297	18.9	86	953	0	0
19/06/2003	04	3	0.1	6	8	13.2	14	9.4	17	58	53	0.6	251	18.4	85	953	0	0
19/06/2003	05	3	0.1	6	9	13.8	15	9.9	18	57	52	0.3	250	18.1	85	954	0	0
19/06/2003	06	3	0.1	6	8	14	15.2	10.1	18	51	47	0.7	255	18.6	82	954	44	0
19/06/2003	07	3	0.1	6	11	16.2	19.5	12	20	63	58	0.2	340	23.9	65	953	229	0
19/06/2003	08	3	0.1	6	10	14.6	16.7	10.6	19	95	89	0.2	335	28	48	952	432	0
19/06/2003	09	3	0.1	6	10	13.6	17.7	9.5	20	114	106	0.5	122	30.3	38	951	616	0
19/06/2003	10	3	0.1	6	10	14.1	17.5	9.7	19	119	111	3.6	118	31.7	35	951	762	0
19/06/2003	11	3	0.1	6	12	14.4	18	10.2	21	122	116	4.8	107	31.8	37	951	861	0
19/06/2003	12		0.1	6	10	14.3	17.3	10.3	19	123	117	5	111	31.6	39	951	908	0
19/06/2003	13	5	0.1	6	9	13.7	15.5	9.8	18	127	122	4.7	99	31.8	38	951	907	0
19/06/2003	14	5	0.1	6	9	14.7	16.4	10.7	19	128	125	5.6	112	32.2	37	950	858	0
19/06/2003	15	4	0.1	7	9	14.7	16.9	10.8	20	128	123	5.1	100	32.7	37	950	754	0
19/06/2003	16	4	0.1	6	11	14	16.3	10.3	21	126	120	5.7	107	32.8	34	950	610	0
19/06/2003	17	5	0.1	6	11	13.6	16.8	9.8	20	123	117	5.2	109	32.3	34	949	435	0
19/06/2003	18	4	0.1	6	11	14	17	10	21	114	108	3.3	123	29.3	41	949	251	0
19/06/2003	19	3	0.1	6	14	13.3	17	9.3	23	110	104	1.9	136	27.9	44	950	83	0
19/06/2003	20	3	0.1	6	11	12.1	17.4	8.3	20	105	100	0.6	139	24.4	55	951	1	0
19/06/2003	21	3	0.1	6	13	13.9	19.9	9.9	23	96	90	0.4	119	22.9	60	951	0	0
19/06/2003	22	3	0.1	6	13	13.9	19.7	9.9	22	81	76	0.3	170	21.7	64	951	0	0
19/06/2003	23	3	0.1	6	10	13.1	16.6	9.4	20	71	66	0.5	296	20.8	67	952	0	0
20/06/2003	00	6	0.1	6	10	13	15.5	9.4	19	67	62	0.4	234	20	70	952	0	0
20/06/2003	01	3	0.1	6	9	13	14.8	9.4	18	63	59	0.4	249	19.3	74	953	0	0
20/06/2003	02	3	0.1	6	12	13.9	16.6	10.2	21	55	50	0.3	291	18.6	76	953	0	0
20/06/2003	03	3	0.1	6	14	13.7	15.8	10.1	23	50	46	0.3	195	18.4	75	953	0	0
20/06/2003	04	3	0.1	6	13	13.9	16	10.3	22	51	47	0.3	253	17.5	76	953	0	0
20/06/2003	05	3	0.1	6	11	13.8	15.5	10.2	20	55	52	0.3	231	17.2	73	954	0	0
20/06/2003	06	3	0.1	6	10	12.9	17.4	9.2	19	64	59	0.7	202	18.6	64	954	72	0
20/06/2003	07	4	0.1	6	11	13.2	19.2	9.5	21	75	69	0.2	226	24.8	45	952	266	0
20/06/2003	08	4	0.1	7	11	12.9	18.9	9.1	21	95	87	0.2	324	29.7	32	951	472	0
20/06/2003	09	3	0.1	8	14	11.4	16.8	7.8	26	131	122	2.1	100	32.5	24	950	654	0
20/06/2003	10	3	0.1	7	10	11.1	16.6	7.4	20	145	135	4.7	103	33.4	24	950	799	0
20/06/2003	11	3	0.1	6	9	10.5	14.8	6.9	19	140	132	5.9	108	33.4	26	949	897	0
20/06/2003	12	4	0.1	6	9	9.9	12.8	6.6	19	139	132	6.5	102	33.5	26	949	946	0
20/06/2003	13	3	0.1	6	9	9.9	13.5	6.7	19	145	137	6	99	33.7	26	948	939	0
20/06/2003	14	4	0.1	6	11	10.6	14.5	7.2	20	146	139	5.9	113	34	25	948	889	0
20/06/2003	15	4	0.1	6	10	10.4	16.5	7	20	143	137	6.2	111	34.5	24	947	785	0
20/06/2003	16	3	0.1	6	11	10.8	14.6	7.4	20	142	137	5.4	118	34.7	24	947	637	0
20/06/2003	17	4	0.1	6	11	11.2	15.5	7.7	20	146	139	4.4	113	34.3	25	947	460	0
20/06/2003	18	5	0.1	6	10	11.5	15.1	7.9	19	146	140	4	108	31.7	29	946	272	0
20/06/2003	19	4	0.1	6	11	11.8	17.1	8.1	20	138	132	2.7	124	30.9	31	946	96	0
20/06/2003	20	3	0.1	6	12	11.8	18.2	8.1	21	130	125	0.9	133	26.3	41	947	1	0
20/06/2003	21	3	0.1	6	12	12	17.6	8.4	21	111	105	0.5	197	24	47	947	0	0
20/06/2003	22	3	0.1	6	11	11.7	16.2	8.1	20	93	87	0.4	285	22.3	53	948	0	0
20/06/2003	23	6	0.1	6	10	11.6	14.4	8.1	19	92	87	0.8	253	21.5	56	948	0	0
21/06/2003	00	7	0.1	6	10	11.4	14.1	8	19	90	86	0.6	262	20.8	58	948	0	0
21/06/2003	01	3	0.1	6	9	11.6	15.8	8	18	87	83	0.7	234	20.1	61	948	0	0
21/06/2003	02	3	0.1	6	14	11.9	16.4	8.3	23	73	69	0.5	339	19.1	64	948	0	0
21/06/2003	03	3	0.1	6	13	12.7	22.1	8.5	22	64	61	0.3	358	18	68	949	0	0
21/06/2003	04	3	0.1	6	11	12.6	19	8.5	21	66	63	0.5	247	17.3	70	949	0	0
21/06/2003	05	3	0.1	6	9	10.8	12.7	7.5	19	65	62	0.9	253	16.9	70	950	0	0
21/06/2003	06	3	0.1	6	13	11.2	14.3	7.7	22	54	49	0.3	191	18.5	63	950	80	0
21/06/2003	07	3	0.1	7	17	11.2	15.5	7.7	28	51	44	0.2	66	24	45	949	279	0
21/06/2003	08	6	0.1	7	14	11	14.9	7.4	25	67	60	0.2	58	28.5	33	947	482	0
21/06/2003	09	3	0.1	7	13	9.8	13	6.4	23	96	89	0.3	353	32.3	26	946	666	0
21/06/2003	10	4	0.1	7	10	9.8	14.2	6.4	20	125	118	1.3	129	33.8	24	945	814	0
21/06/2003	11	6	0.1	7	10	11.3	13.7	8	20	141	132	3.5	117	34.8	21	945	910	0
21/06/2003	12		0.1	13	10	9.9	12.7	6.7	30	143	134	3.7	103	35.7	19	944	960	0
21/06/2003	13	3	0.1	6	9	9.9	12.4	6.7	19	146	138	4.2	112	35.9	19	944	958	0
21/06/2003	14	3	0.1	7	10	9.9	11	6.8	20	148	141	4.7	109	36.2	19	943	910	0
21/06/2003	15	3	0.1	6	9	9.5	10.9	6.4	19	137	127	5.9	101	37.6	16	942	811	0
21/06/2003	16	6	0.1	7	9	9.7	11.3	6.6	19	137	129	6	110	37.6	17	942	661	0
21/06/2003	17	8	0.1	6	10	10.1	11.2	7	19	136	130	5.3	112	36.9	18	942	481	0
21/06/2003	18	10	0.1	6	10	10.5	12.5	7.3	19	138	131	4.8	109	33.6	24	942	287	0
21/06/2003	19	10	0.1	7	9	10.9	12.7	7.7	20	134	130	3	120	31.9	29	942	103	0
21/06/2003	20	4	0.1	7	10	11.1	13.3	7.8	20	127	123	2.1	142	26.9	39	943	1	0
21/06/2003	21	3	0.1	6	13	11.8	15.2	8.3	23	110	107	0.7	156	24.2	47	944	0	0
21/06/2003	22	9	0.1	6	12	11.7	14.4	8.3	22	111	107	0.3	160	23	48	944	0	0
21/06/2003	23	5	0.1	6	9	12.3	13.7	9	18	99	95	0.3	235	21.6	49	944	0	0
22/06/2003	00	3	0.1	6	10	10.7	11.4	7.6	19	94	90	0.5	280	20.1	53	944	0	0
22/06/2003	01	3	0.1	6	9	10.8	11.6	7.7	18	94	91	0.3	299	19.7	55	945	0	0
22/06/2003	02	3	0.1	6	9	11	11.6	7.8	18	86	84	0.5	246	19.2	58	945	0	0
22/06/2003	03	3	0.1	6	9	11.2	11.6	8.1	18	85	84	0.3	287	18.3	62	945	0	0
22/06/2003	04	3	0.1	6	8	11	11.7	7.9	18	89	87	0.4	239	18.1	61	945	0	0
22/06/2003	05	3	0.1	6	9	10.8	11.2	7.7	18	78	76	0.5	219	17.2	63	945	0	0
22/06/2003	06	3	0.1	6	10	10.9	12.9	7.8	19	69	66	0.2	186	18.6	58	946	68	0
22/06/2003	07	3	0.1	6	13	12.1	14.1	8.8	23	65	61	0.2	71	23.5	44	945	265	0
22/06/2003	08	5	0.1	7	14	11.6	13.8	8.3	24	80	73	0.6	69	27.5	34	943	469	0
22/06/2003	09	4	0.1	7	11	10.9	12.7	7.8	21	110	104	0.2	36	32.3	24	942	639	0
22/06/2003	10	3	0.1	6	9	10.8	12.1	7.8	19	131	124	1.4	119	33.9	20	942	795	0
22/06/2003	11	6	0.1	6	10	11	12.4	7.9	19	140	132	2.8	123	35	18	941	896	0
22/06/2003	12	3	0.1	7	9	11.3	12.7	8.2	19	147	140	1.4	67	35.8	17	940	948	0
22/06/2003	13	4	0.1	6	10	11.7	13.1	8.5	20	142	134	3.7	118	36.4	18	940	943	0
22/06/2003	14	5	0.1	6	10	12.4	14.3	9.2	20	149	142	5	113	36.8	19	939	883	0
22/06/2003	15	3	0.1	6	9	12.4	15	9.2	19	145	140	4.8	118	36.5	20	939	778	0
22/06/2003	16	5	0.1	6	10	13.3	16.9	9.7	19	147	143	3.5	121	36.8	20	939	630	0
22/06/2003	17	6	0.1	7	10	12.5	14.2	9.3	20	147	144	3.5	116	36.5	21	938	451	0
22/06/2003	18	10	0.1	7	11	12.6	14.7	9.3	21	138	135	2.5	126	33.7	27	938	260	0
22/06/2003	19	10	0.1	6	13	12.9	15.3	9.4	22	123	123	2.4	117	31.4	37	939	91	0
22/06/2003	20	9	0.1	6	15	13.5	18.1	9.9	25	110	112	0.8	113	26.8	53	940	2	0
22/06/2003	21	5	0.1	6	17	13.4	16.7	9.7	26	97	98	0.6	137	25.1	60	941	0	0
22/06/2003	22	3	0.1	6	13	15.1	15.9	11.7	23	93	96	3.4	115	23.8	73	942	0	0
22/06/2003	23	3	0.1	6	10	15.9	16.9	12.2	19	103	109	0.6	121	22.5	86	943	0	0
23/06/2003	00	3	0.1	6	9	15.9	16.8	12.1	19	91	94	0.5	244	21.6	87	943	0	0
23/06/2003	01	10		6	10	17.3	19.9	13.2	19	81	82	0.5	312	21.1	88	942	0	0
23/06/2003	02	5		7	10	16.2	18.1	12.4	20	79	79	0.3	346	21.1	84	942	0	0
23/06/2003	03	3		7	9	15.8	17.1	12.1	19	69	67	0.7	248	20.6	81	942	0	0
23/06/2003	04	3		6	11	16.5	22	12.4	21	70	67	0.2	43	20.8	78	942	0	0
23/06/2003	05	3		6	12	15.3	17.6	11.7	21	66	63	0.2	151	20.5	76	942	0	0
23/06/2003	06	3		6	12	16.7	21.8	12.6	22	65	62	0.1	158	20.8	74	943	14	0
23/06/2003	07	7		6	23	17.4	22.6	13.3	33	67	64	0.2	117	23.8	64	943	133	0
23/06/2003	08	3		6	19	16.8	24.3	12.7	29	86	83	0.2	291	27.7	50	942	335	0
23/06/2003	09	3		7	16	16.5	26.6	11.6	26	106	102	1.1	107	31.6	37	942	554	0
23/06/2003	10	3		6	12	17.2	26.4	12.2	22	125	121	3.4	106	33.1	35	942	728	0
23/06/2003	11	3		6	12	17.9	27.5	12.8	21	134	132	4.3	111	34.1	34	942	839	0
23/06/2003	12			7	10	19.3	28.5	14.3	19	145	3.8	125	34.4	37	942	889	0
23/06/2003	13			7	10	17.4	26.2	12.7	20	142	5.4	105	34.9	35	941	896	0
23/06/2003	14	3		6	10	17.3	27.2	12.4	20	142	4.9	111	35.2	32	941	859	0
23/06/2003	15	3		7	12	18.2	26.8	13.3	22	140	4.7	106	35.8	33	941	755	0
23/06/2003	16	3		6	13	19.5	28.7	14.3	22	133	4.5	110	36	33	941	608	0
23/06/2003	17	4	0.2	6	11	22.5	41.2	14.7	21	118	4.8	111	36.1	29	940	433	0
23/06/2003	18	6	0.2	7	12	33.2	53.5	20.8	23	106	3.9	117	33.5	34	940	200	0
23/06/2003	19	12	0.2	7	19	32.6	54.4	19.9	29	90	3.1	110	30.4	43	941	10	0
23/06/2003	20	7	0.2	7	23	27.1	44	17.4	33	80	1.5	129	28.8	54	942	0	0
23/06/2003	21	6	0.3	6	22	28.6	53.6	18.2	31	73	0.5	143	27.6	58	944	0	0
23/06/2003	22	3	0.2	6	24	25	38.8	18.5	34	64	1.1	151	26.6	71	945	0	0
23/06/2003	23	3	0.2	6	18	26.7	49.2	18.5	28	63	0.4	221	26	69	945	0	0
24/06/2003	00	3	0.2	7	10	34.2	76.5	19.9	20	69	0.6	296	26.1	52	944	0	0
24/06/2003	01	3	0.2	7	9	34.7	76	19.3	19	77	0.8	263	26	44	944	0	0
24/06/2003	02	3	0.2	7	12	35.5	75.2	19.8	22	70	0.4	303	25.4	46	945	0	0
24/06/2003	03	5	0.3	6	10	36.3	80.9	20	20	61	0.3	203	24.5	48	945	0	0
24/06/2003	04	3	0.3	6	13	34.6	73.1	19.9	23	49	0.6	10	23.8	55	945	0	0
24/06/2003	05	3	0.2	7	13	32.4	66.1	18.9	23	50	0.6	357	23.6	57	946	0	0
24/06/2003	06	3	0.2	7	19	28.8	55.7	18.7	29	37	0.2	165	23.3	68	946	23	0
24/06/2003	07	5	0.4	7	21	31.3	66.4	18.9	32	42	0.2	242	26.5	53	947	171	0
24/06/2003	08	5	0.2	6	19	27.5	57.2	17.1	29	74	0.7	171	30.7	41	946	376	0
16/09/2003	13	3	0.1	5	9	10.2	15.9	8.4	17	128	1.8	132	33.1	22	965	683	0
16/09/2003	14	3	0.1	6	9	10.3	17.8	8.5	17	134	1.8	159	33.4	21	965	456	0
16/09/2003	15	3	0.1	5	9	12.8	26.3	10.4	17	143	3.9	165	32.8	23	964	447	0
16/09/2003	16	3	0.1	6	11	14.6	34.2	11.5	19	144	3.9	168	30.4	27	964	142	0
16/09/2003	17	3	0.1	5	10	15.2	35.8	11.9	18	143	3.1	179	28.9	29	964	117	0
16/09/2003	18	3	0.1	5	12	16.1	30.7	12.8	20	137	2.3	184	24.8	41	965	24	0
16/09/2003	19	3	0.1	6	12	13.9	27.5	11.5	21	130	0.8	212	21.4	55	965	0	0
16/09/2003	20	3	0.1	5	11	15.2	28.2	12.6	19	122	0.4	208	19.2	63	966	0	0
16/09/2003	21	3	0.2	5	11	96.7	108.7	80.9	19	94	0.8	318	18	64	967	0	0
16/09/2003	22	3	0.1	5	13	37.6	48.4	30.9	21	91	0.5	355	17.1	64	968	0	0
16/09/2003	23	4	0.1	5	11	25.3	34.2	20.8	19	78	0.7	299	16.2	66	968	0	0
17/09/2003	00	3	0.1	6	9	66.1	75.2	54	18	71	0.4	309	14.8	69	969	0	0
17/09/2003	01	3	0.1	5	9	16.2	22.1	13.5	16	74	0.5	289	14.2	68	969	0	0
17/09/2003	02	3	0.1	5	9	38.3	45.1	31.4	17	71	0.6	315	13.2	69	968	0	0
17/09/2003	03	4	0.1	6	10	62.9	70.9	51	18	70	0.5	321	12.7	70	967	0	0
17/09/2003	04	4	0.1	6	9	38.1	41.8	31.2	17	67	0.9	314	12.3	71	967	0	0
17/09/2003	05	3	0.1	5	10	24.5	29.6	20.3	18	67	0.6	311	11.7	72	967	0	0
17/09/2003	06	3	0.1	5	8	31.2	34.9	25.6	16	66	0.8	216	11.2	73	967	0	0
17/09/2003	07	4	0.1	5	14	55.7	73.3	44.7	22	56	0.4	326	13.2	70	968	72	0
17/09/2003	08	3	0.1	6	21	37.4	54.7	30	30	61	0.3	151	20.9	45	967	318	0
17/09/2003	09	3	0.1	6	18	29.6	44.5	23.9	26	89	0.4	121	27	29	965	551	0
17/09/2003	10	3	0.1	6	12	11.6	20.8	9.8	21	114	0.5	150	31.8	22	964	741	0
17/09/2003	11	3	0.1	6	9	11.9	22.7	9.5	17	130	1.6	162	32.2	21	963	869	0
17/09/2003	12	3	0.1	6	8	9.1	17.4	7.7	17	133	1.9	187	32.3	21	963	928	0
17/09/2003	13	3	0.2	6	8	21	33	19	17	153	2.8	169	32.9	22	962	788	0
17/09/2003	14	3	0.3	5	11	59.5	70.9	56.2	19	172	3.1	170	32.7	23	961	401	0
17/09/2003	15	3	0.2	5	9	29.6	40.5	27	17	158	4.4	159	32.1	27	961	447	0
17/09/2003	16	3	0.2	6	10	18.4	26.1	16.3	18	144	5.4	160	30.6	33	960	72	0
17/09/2003	17	3	0.2	6	10	17.6	25.1	15.1	18	141	4.1	163	29.2	36	960	53	0
17/09/2003	18	3	0.2	5	11	16.4	26.1	13.7	19	133	3.3	164	25.8	46	961	57	0
17/09/2003	19	3	0.2	6	15	15.9	23.1	13.5	23	115	3.1	165	21.4	63	962	0	0
17/09/2003	20	3	0.2	5	16	15.7	22	13.4	24	101	0.9	190	19.8	69	962	0	0
17/09/2003	21	3	0.2	6	10	15.9	22.5	13.8	19	94	0.7	233	18.4	76	963	0	0
17/09/2003	22	3	0.2	5	9	16.2	20.4	14.2	17	78	0.9	318	17.2	75	963	0	0
17/09/2003	23	3	0.2	5	8	37.7	44.5	30.9	16	78	0.4	339	16.3	83	964	0	0
18/09/2003	00	3	0.2	6	8	18.3	21.1	16.3	17	65	0.7	299	15.5	81	964	0	0
18/09/2003	01	3	0.2	6	8	23.2	28.3	20.3	17	60	0.5	309	14.9	86	964	0	0
18/09/2003	02	3	0.2	5	9	22	27.8	19.4	17	53	0.4	228	14.4	90	964	0	0
18/09/2003	03	3	0.2	5	9	30.2	40.2	25.8	17	45	0.3	295	13.7	90	964	0	0
18/09/2003	04	3	0.2	5	8	33.3	42.9	28	16	46	0.6	325	13.1	91	964	0	0
18/09/2003	05	3	0.1	5	9	26.7	32.7	22.9	18	45	0.5	336	12.7	91	964	0	0
18/09/2003	06	3	0.1	5	9	28.2	33.5	24.5	17	41	0.4	316	12.1	92	965	0	0
18/09/2003	07	3	0.1	6	10	28	38.8	24.3	20	35	0.3	336	13.4	88	965	62	0
18/09/2003	08	3	0.2	7	21	26.7	42	22.3	32	40	0.3	12	20.8	62	965	281	0
18/09/2003	09	3	0.2	7	20	22.4	38.1	18.6	30	65	0.3	64	28.6	35	963	536	0
18/09/2003	10	3	0.2	6	14	14.7	24.3	12.3	23	101	0.6	133	32.1	30	962	694	0
18/09/2003	11	3	0.2	5	9	12.5	22.1	10.6	17	119	1.6	181	31.7	30	962	862	0
18/09/2003	12		0.2	5	8	11.7	19.6	10.2	17	127	2.4	169	31.8	30	961	915	0
18/09/2003	13	5	0.2	5	8	11.2	17.1	9.8	17	132	2.8	170	32	29	960	786	0
18/09/2003	14	5	0.2	6	9	12.7	19.5	11	17	134	3.4	163	32.6	29	959	390	0
18/09/2003	15	7	0.2	6	9	13.9	21.3	11.9	17	130	4.7	160	31.4	33	958	468	0
18/09/2003	16	7	0.2	6	10	16.1	25.7	13.7	19	129	4.7	169	29.5	39	958	93	0
18/09/2003	17	5	0.2	6	10	16.2	23.2	13.8	19	131	4.8	171	27.8	44	959	81	0
18/09/2003	18	6	0.2	6	10	14.5	21.8	12.4	19	137	4.2	162	24.3	53	959	49	0
18/09/2003	19	9	0.2	6	11	11.3	16.1	9.6	19	128	3.6	166	21.1	57	960	0	0
18/09/2003	20	9	0.2	6	11	12.7	17.2	11.1	19	122	1.7	175	19.9	66	961	0	0
18/09/2003	21	7	0.2	5	11	14.5	19	12.8	19	107	0.8	213	18.8	72	961	0	0
18/09/2003	22	4	0.1	5	10	15.8	18.9	14.1	18	87	1.2	325	17.3	75	961	0	0
18/09/2003	23	4	0.1	5	9	20.6	25.2	18.3	17	85	0.3	332	16.1	83	962	0	0
19/09/2003	00	3	0.1	6	9	23.4	27.6	20.9	18	77	0.8	5	15.5	85	962	0	0
19/09/2003	01	3	0.1	5	10	49.1	56.1	44	18	72	0.6	348	15.3	84	962	0	0
19/09/2003	02	3	0.1	5	9	23	26	20.7	17	67	0.9	300	14.9	82	962	0	0
19/09/2003	03	3	0.1	5	8	25.1	28.7	22.3	16	59	0.7	319	13.7	86	962	0	0
19/09/2003	04	3	0.1	6	8	23.5	29.5	20.7	17	58	0.7	323	13.6	86	963	0	0
19/09/2003	05	3	0.1	5	10	28.8	36.1	25.3	18	57	0.3	35	14	85	962	0	0
19/09/2003	06	3	0.1	5	12	29.5	43.2	25.7	20	44	0.3	13	13.5	86	962	0	0
19/09/2003	07	3	0.1	5	10	33.9	42.4	29.9	18	49	0.8	325	14.7	83	963	62	0
19/09/2003	08	3	0.2	7	24	36.7	52.6	32.3	34	45	0.4	60	21.1	62	963	298	0
19/09/2003	09	5	0.2	7	20	31.3	43.1	27.7	31	71	0.3	177	27.5	44	961	522	0
19/09/2003	10	4	0.1	5	10	15.8	23.1	13.8	18	110	0.6	180	32.3	31	961	713	0
19/09/2003	11	4	0.1	6	9	11.2	18.9	9.7	17	122	2.4	160	30.7	33	961	792	0
19/09/2003	12	5	0.2	6	9	10.5	19.2	9.2	17	128	3.8	175	31.3	31	960	929	0
19/09/2003	13	4	0.2	6	9	10.1	19.4	8.9	17	126	4.5	167	30.9	34	960	777	0
19/09/2003	14	4	0.2	6	8	11.1	16.3	10	17	130	4.4	167	31.6	35	959	436	0
19/09/2003	15	4	0.2	6	9	11.7	16.5	10.6	17	133	4.8	168	30.7	37	959	481	0
19/09/2003	16	4	0.2	6	9	12.2	20.1	10.6	18	130	4.3	171	30.1	36	959	67	0
19/09/2003	17	5	0.2	6	9	12.1	21.4	10.3	18	129	3.6	165	29.3	38	959	45	0
19/09/2003	18	8	0.2	5	9	11.6	18.6	10	18	126	3.7	159	25.5	50	959	45	0
19/09/2003	19	7	0.2	5	11	10.8	14.9	9.5	19	120	2.7	166	21.4	64	961	0	0
19/09/2003	20	6	0.2	6	11	10.3	12.5	9.2	19	122	2.2	172	20.4	69	961	0	0
19/09/2003	21	8	0.2	5	10	10.6	14.5	9.2	19	115	0.8	186	20.6	69	962	0	0
19/09/2003	22	10	0.2	5	11	11.9	16	10.3	19	100	0.5	226	20.7	69	963	0	0
19/09/2003	23	6	0.2	6	10	12.5	16.5	11.1	18	91	0.6	303	19.8	72	963	0	0
20/09/2003	00	4	0.2	6	8	10.5	13.1	9.4	17	78	0.8	305	18.5	75	963	0	0
20/09/2003	01	3	0.2	6	9	18.6	23	15.8	18	74	0.4	338	17.5	81	963	0	0
20/09/2003	02	4	0.2	5	9	20.2	25	17	18	63	0.4	308	17	81	963	0	0
20/09/2003	03	3	0.1	5	8	12.4	14.5	11	17	57	0.6	312	16.1	81	963	0	0
20/09/2003	04	3	0.1	6	8	14.7	18.5	12.8	16	56	0.8	298	15.7	84	963	0	0
20/09/2003	05	3	0.1	6	9	14.8	19	13	17	52	0.6	310	15.4	88	963	0	0
20/09/2003	06	3	0.1	5	10	19	25.6	16.4	18	38	0.3	171	14.6	89	964	0	0
20/09/2003	07	3	0.2	6	10	49.1	58	40.3	18	37	0.6	334	15.7	86	965	41	0
20/09/2003	08	5	0.2	6	10	36.6	44.9	31	18	46	0.3	27	21.6	66	965	255	0
20/09/2003	09	8	0.2	6	10	20.6	25.4	18.4	19	74	0.3	158	28.8	44	964	500	0
20/09/2003	10	3	0.2	6	8	9.8	12.9	8.6	17	110	1.3	163	31.4	36	964	643	0
20/09/2003	11	3	0.2	6	8	10.1	14.7	8.8	17	116	2.3	180	29.4	40	964	637	0
20/09/2003	12		0.1	5	8	11.4	17.1	9.8	17	124	2.5	159	31.1	35	963	736	0
20/09/2003	13	3	0.1	5	8	12.2	18.1	10.7	17	141	2.8	159	33.3	31	963	772	0
20/09/2003	14	3	0.1	6	9	13.3	18.9	11.9	17	143	3.5	159	32.9	32	962	494	0
20/09/2003	15	3	0.1	6	8	12.3	16.3	11.1	17	129	4.3	170	33.1	34	962	419	0
20/09/2003	16	3	0.1	6	8	11.6	13.7	10.5	17		3.7	176	31.1	38		77	0
20/09/2003	17	3	0.1	6	8	11.7	14.4	10.5	17	120	3.2	176	30.2	41	962	58	0
20/09/2003	18	3	0.1	6	8	12	14.4	10.7	17	117	3	172	25.3	57	962	12	0
20/09/2003	19	3	0.1	6	9	11.7	15	10.3	17	106	1.7	176	22.4	66	964	0	0
20/09/2003	20	3	0.1	5	12	12.5	18.5	10.8	21	92	0.6	182	21.3	71	965	0	0
20/09/2003	21	3	0.1	5	12	13.6	20.7	11.7	20	84	0.4	178	20.7	74	964	0	0
20/09/2003	22	3	0.2	6	12	15.9	23.3	13.8	21	75	0.4	244	20	77	965	0	0
20/09/2003	23	4	0.2	6	11	16.9	22.8	14.9	19	79	0.3	179	19.4	82	965	0	0
21/09/2003	00	3	0.2	6	9	32.5	38	27.8	18	68	0.4	351	18.5	84	965	0	0
21/09/2003	01	3	0.1	6	9	21.1	25.7	18.8	18	61	0.6	297	18.1	84	965	0	0
21/09/2003	02	3	0.2	6	9	36.9	43.5	32.4	18	52	0.4	351	17.4	91	965	0	0
21/09/2003	03	3	0.1	6	9	22.9	24.6	20.8	17	41	1.1	311	16.9	88	965	0	0
21/09/2003	04	3	0.1	5	9	18.5	20.3	16.9	17	42	1.1	304	16.5	88	965	0	0
21/09/2003	05	3	0.1	6	8	14.7	16.5	13	17	52	0.8	322	16.2	87	964	0	0
21/09/2003	06	3	0.1	6	8	14.5	16.7	12.9	17	54	0.4	297	16	87	965	0	0
21/09/2003	07	3	0.1	5	9	19.9	24.4	17.3	17	48	0.4	306	16.8	87	965	45	0
21/09/2003	08	3	0.1	5	10	22	27.8	19.6	19	50	0.3	175	24.2	66	965	270	0
21/09/2003	09	4	0.2	5	10	18.1	23.1	16	18	78	0.6	147	29.9	43	964	503	0
21/09/2003	10	7	0.3	5	11	14.1	17.9	12.3	20	93	2.1	153	29.6	43	963	684	0
21/09/2003	11	5	0.1	6	8	14.1	18.3	12.5	17	106	2.8	154	30.7	40	963	808	0
21/09/2003	12	4	0.2	6	8	14.5	18.4	12.9	17	113	3	158	31.9	38	962	865	0
21/09/2003	13	3	0.2	6	8	14.2	18.9	12.7	17	115	3.6	160	32.5	35	961	749	0
21/09/2003	14	3	0.2	6	8	16.9	21.5	15.2	17	120	4.1	153	33.6	33	960	433	0
21/09/2003	15	3	0.2	5	8	17.6	21.1	15.9	16	118	4.3	154	33.4	35	959	434	0
21/09/2003	16	3	0.2	6	8	14.7	17.9	13.2	17	108	4.7	165	32.7	38	959	59	0
21/09/2003	17	3	0.2	5	9	14.3	16.9	12.7	17	103	3.2	179	27	56	959	27	0
21/09/2003	18	3	0.2	6	8	14.8	18.4	13.2	16	98	2.8	185	24.3	67	960	11	0
21/09/2003	19	3	0.2	6	9	14.9	17.8	13.1	18	86	1.9	179	22.5	76	961	0	0
21/09/2003	20	3	0.2	5	9	16.1	21	14	17	79	0.5	165	21.3	82	961	0	0
21/09/2003	21	3	0.2	6	9	16.4	21.5	14.2	17	71	0.7	9	21	84	961	0	0
21/09/2003	22	3	0.2	6	9	19.1	24	16.5	18	67	0.6	221	21	83	961	0	0
21/09/2003	23	3	0.2	6	9	19.6	21.2	17.5	17	70	2	170	21	87	962	0	0
22/09/2003	00	3	0.2	5	8	18.4	19.9	16.4	17	74	1.8	165	21.1	89	961	0	0
22/09/2003	01	3	0.2	6	8	19.2	24.3	16.7	17	72	0.4	181	20.8	90	961	0	0
22/09/2003	02	3	0.2	6	8	19.2	26.1	16.6	17	66	0.3	137	19.7	94	960	0	0
22/09/2003	03	3	0.2	6	8	25.2	28.3	21.6	17	64	1.2	344	19.5	95	959	0	0
22/09/2003	04	3	0.2	5	8	18.6	20.3	16.3	16	53	1.4	322	18.7	93	958	0	0
22/09/2003	05	3	0.2	6	8	16.4	18.4	14.7	17	47	1.4	308	17.9	92	958	0	0
22/09/2003	06	3	0.1	5	8	16.9	19.3	15.1	17	42	1	313	17.4	92	958	0	0
22/09/2003	07	3	0.2	6	12	19.7	24.8	17.1	22	40	0.6	327	18.5	90	958	43	0
22/09/2003	08	3	0.3	7	21	22.7	29.8	19.9	32	37	0.8	117	23.7	73	958	278	0
22/09/2003	09	4	0.2	6	13	21.2	26.5	18.6	22	60	1	152	28.4	53	958	505	0
22/09/2003	10	12	0.2	6	15	25.4	36.5	21.5	24	69	1.3	164	28.3	53	958	479	0
22/09/2003	11	11	0.2	6	13	32	46.1	26.6	22	85	1.2	179	31.6	43	957	655	0
22/09/2003	12		0.1	6	9	25.8	33.5	22.2	18	97	2.1	166	32.4	39	956	700	0
22/09/2003	13	4	0.2	6	9	24.6	30.8	21.9	18	112	3.4	156	32.3	38	955	654	0
22/09/2003	14	3	0.2	6	10	24.4	32.4	21.4	19	130	3.6	167	32.8	37	954	476	0
22/09/2003	15	3	0.2	6	9	24.3	32.6	20.7	18	121	3.5	172	33.2	36	953	377	0
22/09/2003	16	4	0.2	6	9	22.2	28.2	19.3	18	117	4.6	167	32	40	952	85	0
22/09/2003	17	4	0.2	6	10	23.2	31	19.1	19	98	3.4	176	26.4	57	953	44	0
22/09/2003	18	3	0.2	6	12	23.2	31.4	19.1	21	88	2.2	177	24.2	69	954	6	0
22/09/2003	19	3	0.2	6	12	23.1	41.3	18.9	20	79	0.6	164	22.7	77	954	0	0
22/09/2003	20	3	0.2	6	13	24.3	36.1	20.4	21	68	0.7	192	22.1	80	954	0	0
22/09/2003	21	3	0.2	5	12	23.4	33.3	19.7	20	60	1	141	21.5	82	955	0	0
22/09/2003	22	3	0.1	6	10	10.6	15.4	8.6	18	79	4.5	14	22	58	956	0	0
22/09/2003	23	3	0.1	6	8	6.8	10.2	5.6	17	92	5.2	16	21.5	57	956	0	0
23/09/2003	00	3	0.1	6	8	5.9	7.3	4.8	17	92	3.5	355	20.8	58	956	0	0
23/09/2003	01	3	0.1	5	8	4.2	7.2	3.4	16	94	2.4	0	21.1	56	957	0	0
23/09/2003	02	3	0.1	5	8	4.2	5.7	3.5	16	88	1.1	311	20.2	59	957	0	0
23/09/2003	03	3	0.1	6	8	5.9	10.8	4.5	17	76	0.5	339	18.9	66	957	0	0
23/09/2003	04	3	0.1	6	8	8.7	16.5	6.3	17	66	0.5	321	17.8	70	957	0	0
23/09/2003	05	3	0.1	6	10	11.3	21.8	8.2	18	61	0.5	329	16.9	73	958	0	0
23/09/2003	06	3	0.1	5	8	6.1	8.1	4.9	17	56	1	295	16.7	73	958	0	0
23/09/2003	07	3	0.1	6	10	10.5	27.1	7.9	19	55	0.6	337	17.8	73	959	39	0
23/09/2003	08	3	0.1	6	20	12.4	26.7	9.4	29	46	0.3	197	21.7	62	959	124	0
23/09/2003	09	3	0.1	6	21	12.4	27.4	9.5	31	56	0.5	154	27	48	958	426	0
23/09/2003	10	3	0.1	6	10	5	8.4	4.1	18	88	1.1	14	30	34	958	606	0
23/09/2003	11	3	0.1	6	10	7.2	16.7	5.7	19	97	1.1	156	33	28	958	709	0
23/09/2003	12	3	0.1	6	9	9.8	20.3	7.9	18	108	1.7	174	34.7	26	957	921	0
23/09/2003	13	3	0.2	6	9	11.6	20.4	9.8	18	115	2.4	171	34.6	27	957	724	0
23/09/2003	14	3	0.1	6	10	14.9	23.6	12.2	19	114	5.1	169	27.2	50	957	198	0.5
23/09/2003	15	3	0.1	6	11	21.3	25.8	15.9	19	97	2.7	187	20.7	83	958	12	2.5
23/09/2003	16	3	0.1	6	13	17.3	23.1	13.8	21	87	1.1	184	20.8	82	958	14	0
23/09/2003	17	3	0.1	6	14	15.6	25.4	11.7	23	83	0.8	184	21.8	79	959	25	0
23/09/2003	18	3	0.1	5	17	13.7	22.3	10.3	25	77	0.7	201	21.9	77	959	5	0
23/09/2003	19	3	0.1	6	14	11.7	20.7	8.9	22	67	0.4	231	20.1	86	959	0	0
23/09/2003	20	3	0.1	6	12	11	17.3	8.7	21	57	0.5	309	19.8	89	960	0	0
23/09/2003	21	3	0.1	5	11	12.9	19.5	10.1	19	51	0.4	321	19.2	90	961	0	0
23/09/2003	22	3	0.1	5	10	11.8	16.5	9.5	19	49	0.7	316	18.8	91	961	0	0
23/09/2003	23	3	0.1	5	8	14.2	16	11.6	17	62	1.3	349	18.4	84	961	0	0
24/09/2003	00	3	0.1	6	9	10.1	11.8	8.8	18	44	0.6	307	17.6	85	961	0	0
24/09/2003	01	3	0.1	6	9	8.3	9.2	7.4	17	37	0.8	316	16.5	85	961	0	0
24/09/2003	02	3	0.1	6	9	8.8	9.6	7.9	18	39	0.9	300	15.8	86	961	0	0
24/09/2003	03	3	0.1	6	8	10.1	11.2	8.7	17	37	0.8	325	15.2	88	961	0	0
24/09/2003	04	3	0.1	6	9	9.1	9.8	8.1	18	42	1.2	309	15	89	961	0	0
24/09/2003	05	3	0.1	6	9	10.6	12	9.3	18	45	0.7	330	15.2	90	961	0	0
24/09/2003	06	3	0.1	6	10	10.7	12.1	9.5	19	43	0.6	244	15.3	90	961	0	0
24/09/2003	07	3	0.1	7	9	10	11.1	9	19	38	1.2	311	16	88	961	44	0
24/09/2003	08	3	0.1	6	10	10.4	11.8	9.3	19	52	0.6	324	21.7	74	961	248	0
24/09/2003	09	3	0.1	6	9	10	11.7	8.9	18	75	0.3	339	27.6	51	961	416	0
24/09/2003	10	3	0.1	6	9	10.5	13.7	9.2	18	91	0.4	164	32.5	36	961	668	0
24/09/2003	11	3	0.1	6	9	9.8	13.5	8.5	18	108	0.8	208	34	30	961	795	0
24/09/2003	12		0.1	6	9	10	17.3	8.5	18	113	1	216	34.8	28	960	859	0
24/09/2003	13		0.1	6	11	10.9	18.5	9.3	20	117	4.1	167	32.7	32	959	781	0
24/09/2003	14	4	0.1	6	9	11.1	17.2	9.3	19	116	4.4	174	31.6	36	959	464	0
24/09/2003	15	4	0.1	6	10	11.4	17	9.5	18	112	5.7	159	30.7	40	959	489	0
24/09/2003	16	4	0.1	6	9	10.5	16.5	8.9	18	112	4.1	150	29.8	40	958	176	0
24/09/2003	17	4	0.1	6	10	11.5	17.5	9.6	18	108	4.2	160	28.1	48	958	125	0
24/09/2003	18	4	0.1	6	10	13	19.5	10.3	19	95	3.5	161	25.4	58	959	52	0
24/09/2003	19	3	0.2	6	12	11.5	15.2	9.3	21	79	2.6	172	21.6	75	960	0	0
24/09/2003	20	3	0.1	6	12	10	12.8	8.3	21	73	1.4	188	20.5	80	961	0	0
24/09/2003	21	3	0.1	6	14	10.7	15.2	8.6	22	62	0.7	206	19.7	84	961	0	0
24/09/2003	22	3	0.2	6	11	9.6	11.7	8	19	71	1.4	186	19.6	84	962	0	0
24/09/2003	23	3	0.2	6	10	9.7	12.4	7.9	18	74	0.8	202	19.5	86	962	0	0
25/09/2003	00	3	0.2	6	9	10.1	13.4	8.3	18	58	0.4	324	18.6	90	962	0	0
25/09/2003	01	3	0.1	6	8	13.6	17.7	11.1	17	45	0.3	332	18.1	92	962	0	0
25/09/2003	02	3	0.1	6	9	14.8	20.7	12	18	41	0.3	19	17.6	93	962	0	0
25/09/2003	03	3	0.2	6	8	17	23.7	13.9	18	40	0.3	17	17.3	93	962	0	0
25/09/2003	04	3	0.2	6	9	16.9	22.2	13.9	18	33	0.3	25	16.9	94	961	0	0
25/09/2003	05	3	0.1	6	9	12.5	15.2	10.5	19	32	0.5	323	16.4	94	962	0	0
25/09/2003	06	3	0.1	6	11	12.3	16.3	10.4	20	27	0.3	2	15.8	95	962	0	0
25/09/2003	07	3	0.2	10	25	16.3	24.4	13.9	40	9	0.3	145	16.5	96	963	36	0
25/09/2003	08	3	0.3	12	25	18.8	28.7	16.2	43	18	0.3	176	22.6	78	963	182	0
25/09/2003	09	3	0.2	8	18	17.2	27.4	14.5	30	43	0.4	3	26	59	963	340	0
25/09/2003	10	3	0.2	6	12	12.1	17.4	9.9	21	78	0.3	20	32.5	40	963	681	0
25/09/2003	11	3	0.1	6	11	9.4	16.2	7.4	20	96	0.9	173	34.1	32	962	817	0
25/09/2003	12	3	0.1	6	10	9.5	19.7	7.6	19	105	1.3	152	34.4	29	962	840	0
25/09/2003	13	3	0.1	6	8	9.5	16.3	7.8	17	113	1.9	170	34.6	27	961	725	0
25/09/2003	14	3	0.2	6	9	9.4	14.9	7.5	18	114	3.2	167	33.6	32	961	524	0
25/09/2003	15	3	0.1	6	9	10	14.4	8	18	111	4	178	32.8	34	960	435	0
25/09/2003	16	3	0.1	6	10	8.8	13.8	7.1	19	102	5.3	166	30.5	41	960	64	0
25/09/2003	17	3	0.1	6	10	10.1	15.6	7.8	19	95	4.3	167	27.4	51	961	58	0
25/09/2003	18	3	0.1	6	11	13.2	16.9	10.1	20	89	2.3	187	24.8	59	961	14	0
25/09/2003	19	3	0.1	6	15	9.6	15.4	7.4	24	75	2.8	166	21.7	70	962	0	0
25/09/2003	20	3	0.1	6	16	9.7	14.7	7.7	25	70	1.1	186	20.5	77	963	0	0
25/09/2003	21	3	0.1	6	11	9.6	14.2	7.6	21	72	0.6	223	19.6	83	963	0	0
25/09/2003	22	3	0.1	6	9	9.7	12.8	8	18	56	0.7	306	18.6	85	964	0	0
25/09/2003	23	3	0.1	6	9	10	14.7	8.2	18	50	0.5	308	18.2	87	964	0	0
26/09/2003	00	3	0.1	6	9	10.4	14.8	8.6	18	42	0.6	307	17.5	88	964	0	0
26/09/2003	01	3	0.1	6	10	10.6	15.5	8.8	18	39	0.5	309	17	90	964	0	0
26/09/2003	02	3	0.2	6	10	19	23.5	15.6	19	32	0.7	340	16.8	93	963	0	0
26/09/2003	03	3	0.2	6	9	14.3	17.7	12	18	29	0.7	310	16.4	92	963	0	0
26/09/2003	04	3	0.1	6	10	12.1	14.4	10.3	19	33	0.8	314	16.2	91	963	0	0
26/09/2003	05	3	0.1	6	9	11.9	13.7	10.4	18	33	0.9	311	16.4	89	963	0	0
26/09/2003	06	3	0.1	6	9	11.7	13.5	10.1	18	37	0.6	307	16.7	86	963	0	0
26/09/2003	07	3	0.1	6	9	12.4	17.4	10.7	19	33	0.5	309	17	84	963	3	0
26/09/2003	08	3	0.2	6	10	16.8	27.2	14.1	19	31	0.3	322	18.5	82	964	39	0
26/09/2003	09	5	0.2	7	17	17.6	28.2	14.6	28	46	0.3	39	25.6	64	964	399	0
26/09/2003	10	5	0.2	6	15	11.3	18.3	9.5	25	76	0.3	203	32.1	35	963	605	0
26/09/2003	11	4	0.1	6	10	10.6	20.8	8.8	19	98	1	165	34	28	962	784	0
26/09/2003	12	3	0.2	6	10	10.3	20.3	8.5	19	107	2	162	33.2	29	962	833	0
26/09/2003	13		0.2	6	9	10	18.9	8.4	18	112	1.7	182	34.4	29	961	683	0
26/09/2003	14	3	0.2	6	10	10.2	18.1	8.6	19	121	3.2	176	33.5	29	961	449	0
26/09/2003	15	3	0.2	6	9	10.8	19.3	9.1	18	129	3.1	183	33	30	960	370	0
26/09/2003	16	3	0.2	6	9	11.7	20.2	9.9	19	121	4.5	170	32	36	959	73	0
26/09/2003	17	3	0.2	6	11	11.7	16.6	10.1	19	114	4.8	171	29.5	44	959	75	0
26/09/2003	18	3	0.2	6	11	11.5	19.3	9.3	21	96	4.3	165	25.4	59	960	12	0
26/09/2003	19	3	0.2	6	13	10.4	16.2	8.3	22	82	2.4	160	21.7	72	961	0	0
26/09/2003	20	3	0.2	6	12	8.9	12.7	7.3	21	76	1.1	164	20.8	74	962	0	0
26/09/2003	21	3	0.2	6	11	9.3	13.1	7.7	20	74	0.6	185	20.3	77	962	0	0
26/09/2003	22	3	0.2	6	11	12.4	17	10.6	20	73	0.3	214	19.7	84	962	0	0
26/09/2003	23	3	0.2	6	10	10.9	15.4	9.2	19	53	0.5	310	18.9	85	962	0	0
27/09/2003	00	3	0.2	6	10	11.1	14.6	9.5	18	48	0.5	303	18.2	86	962	0	0
27/09/2003	01	3	0.2	6	8	11.6	15.3	10	17	47	0.5	317	18	87	962	0	0
27/09/2003	02	3	0.2	6	9	12.3	16.5	10.6	18	47	0.4	308	18.1	87	961	0	0
27/09/2003	03	3	0.2	6	9	13.2	19	11.4	18	47	0.4	335	18.1	88	960	0	0
27/09/2003	04	3	0.2	6	9	14.6	19.9	12.7	18	46	0.3	305	18.2	89	960	0	0
27/09/2003	05	3	0.2	6	9	15.3	21.4	13.2	18	39	0.4	330	18.1	86	959	0	0
27/09/2003	06	3	0.2	7	9	14.7	20.3	12.6	19	48	0.4	323	18	82	960	0	0
27/09/2003	07	3	0.2	6	10	12.9	16.9	11.3	18	49	0.5	295	18.4	80	960	0	0
27/09/2003	08	4	0.2	6	9	16.1	21.4	14.1	19	62	0.3	324	21.9	71	960	154	0
27/09/2003	09	6	0.2	6	10	13.3	18.4	11.3	19	81	0.6	148	25.1	52	960	207	0
27/09/2003	10	4	0.2	6	14	14.1	19.9	12	23	80	1.5	163	23.8	53	960	181	0
27/09/2003	11	4	0.2	6	11	13.1	20.6	11.2	20	87	1.6	159	26	47	959	333	0
27/09/2003	12	4	0.1	6	10	14.1	19.7	12.3	19	97	2.8	149	28.6	40	958	575	0
27/09/2003	13	4	0.1	6	10	15	19.8	13.3	19	106	3	155	29.1	40	958	481	0
27/09/2003	14	4	0.2	6	9	15.9	20.8	14.3	18	118	3.2	163	31.8	34	957	397	0
27/09/2003	15	3	0.2	6	9	17.9	22.2	16.2	18	117	4.5	161	29.1	46	956	273	0
27/09/2003	16	3	0.2	6	9	17.8	20.5	16.2	18	110	4.3	163	27.4	55	955	187	0
27/09/2003	17	3	0.1	6	8	12.5	15.7	11.1	18	104	3.5	160	25.1	59	955	91	0
27/09/2003	18	3	0.1	6	9	11	16	9.6	18	97	2.1	165	23.4	61	956	10	0
27/09/2003	19	3	0.1	6	10	11.1	16.6	9.6	19	87	1.6	164	21.9	67	956	0	0
27/09/2003	20	3	0.1	6	10	12.4	18	10.7	19	80	0.6	193	20.8	73	957	0	0
27/09/2003	21	3	0.2	6	11	13	17.3	11.3	20	76	0.4	209	20.2	78	957	0	0
27/09/2003	22	3	0.1	6	10	13.3	18.3	11.6	19	68	0.4	235	19.5	80	957	0	0
27/09/2003	23	3	0.1	6	9	14	18.3	12.3	18	62	0.3	357	19	81	957	0	0
28/09/2003	00	3	0.1	6	9	12	16	10.6	18	51	0.6	306	18.1	81	956	0	0
28/09/2003	01	3	0.1	6	8	11.5	14.6	10.2	18	54	0.7	316	17.6	79	956	0	0
28/09/2003	02	3	0.1	6	9	14.6	18.8	12.6	18	55	0.4	337	17.2	81	956	0	0
28/09/2003	03	3	0.1	6	9	10.2	12.6	9	18	53	0.7	315	16.7	79	955	0	0
28/09/2003	04	3	0.1	6	9	11.2	14.1	9.8	18	57	0.5	316	16.4	79	954	0	0
28/09/2003	05	3	0.1	6	9	10.4	13	9.3	18	55	0.7	299	16.3	79	954	0	0
28/09/2003	06	3	0.1	6	9	14.7	18.8	12.5	18	54	0.4	343	16.3	79	954	0	0
28/09/2003	07	3	0.1	6	10	13.7	16.8	12.2	19	51	1	233	17	78	954	13	0
28/09/2003	08			6	11	16.8	21.3	14.9	20	49	0.6	343	20.4	69	954	162	0
28/09/2003	09	4	0.2	6	9	14.3	22.1	12.4	18	68	0.3	150	30.9	38	954	441	0
28/09/2003	10	4	0.1	6	8	10	18.9	8.4	17	94	0.6	57	34	27	954	605	0
28/09/2003	11	4	0.1	6	8	10.4	21.3	8.5	17	102	2.5	28	31.1	28	953	498	0
28/09/2003	12	4	0.1	6	8	10.8	23.5	8.5	18	109	1.3	37	34.1	23	953	554	0
28/09/2003	13	3	0.1	6	9	10.2	23.4	8.1	18	111	1.6	213	36.4	19	952	603	0
28/09/2003	14	4	0.2	6	9	9	20.3	7	18	107	1.6	343	39.8	15	950	577	0
28/09/2003	15	12	0.2	6	8	9.1	19.4	7.1	18	106	1.8	2	36.2	19	949	291	0
28/09/2003	16	5	0.2	6	9	11.4	24.6	9.3	18	122	2.5	180	33.5	26	950	105	0
28/09/2003	17	7	0.2	6	10	11.8	22	9.8	19	120	4.2	160	30.9	35	950	97	0
28/09/2003	18	6	0.2	6	10	10.8	22	8.8	19	114	2.3	160	27	41	951	1	0
28/09/2003	19	7	0.2	6	13	11.8	24.9	9.5	22	100	0.6	193	24.9	53	952	0	0
28/09/2003	20	6	0.2	6	14	13.4	26.4	10.7	23	80	0.5	327	23.7	59	952	0	0
28/09/2003	21	5	0.2	6	11	13.5	25.5	10.8	20	74	0.9	330	23.1	57	953	0	0
28/09/2003	22	4	0.2	6	10	11.3	23.4	9	19	73	0.7	326	22.8	54	953	0	0
28/09/2003	23	3	0.2	6	10	16.5	23.8	14.3	19	89	2.1	335	23.1	58	954	0	0
29/09/2003	00	3	0.2	6	10	28.9	32.5	26.4	19	101	1.6	330	22.4	72	954	0	0
29/09/2003	01	3	0.2	6	8	31.1	34.3	28.6	17	95	1.3	327	21.5	77	954	0	0
29/09/2003	02	3	0.2	6	9	29.8	31.4	27.5	18	91	2.8	346	21.3	79	954	0	0
29/09/2003	03	3	0.2	6	9	29.4	33.3	26.9	18	84	0.7	14	20.5	81	954	0	0
29/09/2003	04	3	0.2	6	9	32.3	41.4	29.1	19	70	0.4	9	19.4	85	954	0	0
29/09/2003	05	3	0.2	6	10	34.5	43	31.3	19	60	0.3	46	19.1	88	954	0	0
29/09/2003	06	3	0.2	6	12	35.6	44.8	32.3	22	45	0.3	130	18.7	89	954	0	0
29/09/2003	07	3	0.3	6	17	35.8	44.3	32.3	26	39	0.3	142	19.4	88	954	12	0
29/09/2003	08	3	0.2	7	17	33.4	39.9	30.1	27	49	0.7	23	21.5	79	954	93	0
29/09/2003	09	4	0.3	8	21	33.9	42.3	30.3	32	52	0.4	146	25.9	67	954	269	0
29/09/2003	10	10	0.2	6	11	24.1	31	21.7	21	81	0.5	192	31.1	45	954	521	0
29/09/2003	11	3	0.2	6	11	18.9	26.2	16.8	20	91	0.8	178	34.3	32	954	687	0
29/09/2003	12	3	0.2	6	10	16.3	23	14.5	19	99	1	148	35.2	29	953	632	0
29/09/2003	13	3	0.1	6	9	11.8	16.1	10.6	18	93	0.7	68	35.7	26	952	599	0
29/09/2003	14	3	0.1	6	10	14.4	25.1	12.4	20	98	1.9	167	37.4	24	951	513	0
29/09/2003	15	3	0.2	6	11	17.1	34.1	14.5	21	107	5.7	164	30.6	43	951	265	0
29/09/2003	16	3	0.2	6	11	16.8	21.9	14.4	21	100	5.1	164	26.6	58	951	108	0.1
29/09/2003	17	3	0.2	6	11	18.5	23.8	15.5	21	95	4	151	24.3	69	952	95	0.1
29/09/2003	18	3	0.2	6	16	19.2	22.1	16.9	25	80	4.1	164	22.5	78	953	7	0
29/09/2003	19	3	0.2	6	17	21.5	23.8	19.5	26	78	2.6	163	21.5	84	953	0	0
29/09/2003	20	3	0.2	6	11	24.6	27.9	21.7	20	81	1.3	3	20.7	88	954	0	4
29/09/2003	21	3	0.2	6	9	19.6	21.8	17.3	18	89	0.9	171	19.4	92	954	0	0
29/09/2003	22	3	0.2	6	9	22	24	19.9	18	65	0.7	304	19.2	94	954	0	0
29/09/2003	23	3	0.2	6	10	24.8	28.1	22.8	19	56	0.5	307	18.9	95	954	0	0
30/09/2003	00	3	0.2	6	9	33.6	38.9	30.3	19	49	0.5	8	18.5	96	953	0	0
30/09/2003	01	3	0.2	6	9	28.7	32.7	26.5	18	42	0.5	319	18.3	96	953	0	0
30/09/2003	02	3	0.2	6	10	27.6	30.5	25.6	19	36	0.5	282	17.9	96	952	0	0
30/09/2003	03	3	0.2	6	9	22.6	24.5	21.1	19	35	1	304	17.3	96	952	0	0
30/09/2003	04	3	0.1	6	9	28.3	30.3	25.7	19	34	0.9	323	17.1	96	952	0	0
30/09/2003	05	3	0.2	6	10	38	42	33.6	20	29	0.4	313	17.3	97	951	0	0
30/09/2003	06	3	0.2	6	11	38.2	41.5	34.2	20	27	0.5	354	17.5	97	951	0	0
30/09/2003	07	3	0.3	7	18	34.6	40	30.9	29	18	0.4	13	17.9	97	951	0	0
30/09/2003	08		0.4	14	27	30	38.1	26.9	48	9	0.5	343	19.2	96	951	48	0
30/09/2003	09	3	0.2	7	15	39	46.6	35.3	26	39	0.5	15	25.7	77	950	244	0
30/09/2003	10	6	0.2	7	17	44	48.7	40.1	27	69	0.8	172	26.2	66	949	294	0
30/09/2003	11	6	0.2	6	14	36	40.4	32.6	25	82	1.5	167	27.9	56	948	425	0
30/09/2003	12	6	0.2	6	12	29.1	33.2	26.3	22	89	2.1	155	28.1	52	947	442	0
30/09/2003	13	5	0.2	6	11	26.8	29.9	24	21	91	3.2	156	28.5	52	946	447	0
30/09/2003	14	3	0.2	6	13	24.7	28	21.7	23	93	3.7	159	26.7	60	945	290	0
30/09/2003	15	4	0.2	6	14	21.2	25.3	18.1	23	89	4.2	163	26.6	60	944	270	0
30/09/2003	16	4	0.2	6	12	18.3	21.4	15.6	22	89	4.4	159	26.2	60	944	193	0
30/09/2003	17	4	0.2	6	14	19.3	23.8	16.2	24	85	3.6	162	24.6	64	944	88	0
30/09/2003	18	4	0.2	6	22	20.6	28.2	16.9	31	70	3.1	160	22.8	72	944	7	0
30/09/2003	19	3	0.2	6	18	23.2	26.7	19.9	28	70	2.5	171	21.4	80	945	0	0
30/09/2003	20	6	0.2	6	20	29.1	33.1	25.5	29	58	1.8	183	20.9	85	945	0	0
30/09/2003	21	5	0.2	6	15	37.2	41.9	33.2	25	58	1.3	193	20.6	87	946	0	0
30/09/2003	22	4	0.2	6	12	36.2	38	32.9	22	62	2.8	173	20.6	89	946	0	0
30/09/2003	23	3	0.1	6	13	32.1	34	28.9	22	54	2.5	164	20.4	91	946	0	0
01/10/2003	00	3	0.1	6	10	16.8	19.7	14.1	20	51	0.9	154	20.2	90	946	0	0
01/10/2003	01	4	0.1	6	10	14	16.4	11.7	19	44	1.3	172	20.2	89	946	0	0
01/10/2003	02	5	0.1	6	10	13.4	16.1	11.1	20	41	0.8	180	20.1	87	946	0	0
01/10/2003	03	3	0.1	6	10	15	18.6	12.4	19	36	0.6	240	19.2	91	946	0	0
01/10/2003	04	3	0.1	6	11	18.5	22.9	15.7	20	32	0.6	219	18.7	93	946	0	0
01/10/2003	05	3	0.1	7	10	19.9	25.4	17	20	29	0.6	299	18.3	95	946	0	0
01/10/2003	06	3	0.1	6	10	17.3	20.8	14.8	19	24	1.1	310	17.9	95	947	0	0
01/10/2003	07	3	0.3	16	21	15.7	22	12.7	45	7	0.7	29	17.6	96	947	12	0
01/10/2003	08	3	0.1	8	13	16.7	22.9	13.7	25	19	0.9	311	22.4	84	947	196	0
01/10/2003	09	5	0.2	8	20	18.8	28.3	14.9	32	24	0.4	172	26.4	63	948	233	0
01/10/2003	10	8	0.1	7	18	14.9	24.1	11.1	29	34	0.7	175	27.3	58	947	341	0
01/10/2003	11	11	0.1	9	18	15.3	22.2	11.4	32	41	1.9	180	29.9	48	947	653	0
01/10/2003	12	15	0.1	9	19	12.3	20.6	8.7	33	44	2.8	155	30.8	43	947	586	0
01/10/2003	13	7	0.1	7	11	7.6	15.1	5.3	21	62	3	197	32.1	36	947	518	0
01/10/2003	14	4	0.1	6	10	10.3	22.4	7.3	20	75	4.9	198	34.2	31	946	463	0
01/10/2003	15	6	0.1	7	11	12.4	23.3	8.7	21	78	5.6	169	32.3	36	945	327	0
01/10/2003	16	7	0.1	6	12	12.4	34.4	7.5	22	62	5.2	153	33	34	945	95	0
01/10/2003	17	4	0.1	7	12	11.5	27	7	22	56	5.7	144	28.5	47	946	73	0
01/10/2003	18	4	0.1	6	15	16.2	46.7	9.2	25	43	2.9	161	25.1	60	947	10	0
01/10/2003	19	3	0.1	6	17	15	50.2	8.3	27	32	0.5	189	22.8	69	947	0	0
01/10/2003	20	4	0.2	6	24	14.3	34.4	8.5	34	19	0.7	234	21.4	78	948	0	0
01/10/2003	21	4	0.2	6	21	14.6	32.4	9.2	30	21	0.6	243	20.8	82	950	0	0
01/10/2003	22	4	0.1	6	18	13.4	31.5	8.2	27	17	0.6	304	20.3	84	950	0	0
01/10/2003	23	3	0.1	6	19	13.5	32	8.1	29	13	0.5	237	19.8	85	950	0	0
02/10/2003	00	3	0.1	6	15	12.4	22.5	7.7	24	17	1.2	313	19.2	87	951	0	0
02/10/2003	01	3	0.1	6	11	11.7	21.8	7.3	20	21	0.9	315	18.9	88	951	0	0
02/10/2003	02	3	0.1	6	11	14.4	29.7	9.3	20	19	0.6	353	18.5	91	951	0	0
02/10/2003	03	3	0.1	7	10	13.8	25.1	9.2	20	18	0.7	344	18.7	90	951	0	0
02/10/2003	04	3	0.1	6	13	13	23.3	8.7	23	13	0.9	186	18.7	90	951	0	0.2
02/10/2003	05	3	0.1	7	11	15.9	25.1	11.2	21	10	0.7	345	18.3	93	951	0	0
02/10/2003	06	3	0.1	6	11	13	20.9	9.1	21	13	0.7	301	18.3	93	951	0	0
02/10/2003	07	3	0.1	6	12	12.8	21.3	9	22	12	0.6	316	18.4	91	952	8	0
02/10/2003	08		0.1	8	16	16.3	29.3	11.8	27	13	0.5	322	19.9	86	952	50	0
02/10/2003	09	9	0.2	8	19	16.4	30.2	11.7	31	33	1.6	18	26.4	62	952	413	0
02/10/2003	10	16	0.1	8	19	15.2	19.8	11.2	32	48	5.4	173	28.4	47	951	583	0
02/10/2003	11	10	0.1	7	16	14.4	19.6	10.5	27	58	5.8	180	29.5	46	951	716	0
02/10/2003	12	7	0.1	7	12	11.1	18.4	8	22	73	5.3	173	30.7	40	951	691	0
02/10/2003	13	7	0.1	7	12	11.6	21.1	8.4	22	84	5.4	167	31	39	950	497	0
02/10/2003	14	7	0.1	6	11	9	28.4	6.2	20	84	5.4	177	32.8	33	950	494	0
02/10/2003	15	4	0.1	6	9	8.5	36.3	5.4	19	85	4.4	207	34.7	27	949	346	0
02/10/2003	16	4	0.1	6	9	11.1	51.9	6.5	19	82	3.6	204	33.5	28	949	111	0
02/10/2003	17	5	0.1	7	10	12.7	56.5	7.5	20	78	2.8	199	31.3	31	949	100	0
02/10/2003	18	6	0.1	6	15	13.3	61.7	7.5	25	61	2.7	156	27.4	42	950	3	0
02/10/2003	19	4	0.1	6	17	10.5	47.1	5.9	26	54	2.9	162	24.5	51	951	0	0
02/10/2003	20	3	0.1	6	9	2.6	6.8	2	19	66	3.1	347	23.5	54	952	0	0
02/10/2003	21	3	0.1	6	9	1.1	2.3	0.9	19	69	3	339	22.8	53	953	0	0
02/10/2003	22	3	0.1	6	9	1.5	2.7	1.1	19	60	2	16	21.5	60	954	0	0
02/10/2003	23	3	0.1	6	10	2	2.6	1.5	19	59	1.6	12	20.6	62	954	0	0
03/10/2003	00	3	0.1	6	10	2.3	3.4	1.7	19	60	0.7	350	19.5	64	954	0	0
03/10/2003	01	3	0.1	6	9	3.7	4.9	2.7	19	63	1.5	352	18.8	64	955	0	0
03/10/2003	02	3	0.1	6	9	2.9	3.7	2.1	19	64	1.5	325	18.3	63	955	0	0
03/10/2003	03	3	0.1	6	9	2.9	4.1	2	19	61	1.9	323	17	65	955	0	0
03/10/2003	04	3	0.1	7	10	5.4	8.5	3.8	20	63	0.9	349	17	63	956	0	0
03/10/2003	05	3	0.1	6	10	3.5	5.7	2.4	20	61	0.6	197	16.4	64	956	0	0
03/10/2003	06	3	0.1	7	9	2.6	3.4	1.8	19	57	1.6	308	16	66	957	0	0
03/10/2003	07	3	0.1	6	9	2.7	5.2	1.8	19	67	1.2	331	16.8	60	957	19	0
03/10/2003	08	3	0.1	6	10	2.5	4	1.7	19	68	1.8	342	21.8	45	957	270	0
03/10/2003	09	3	0.1	7	9	2.2	4.4	1.5	19	78	3.3	310	26.2	32	957	480	0
03/10/2003	10	3	0.1	6	9	2	3.6	1.4	18	81	3.8	297	29	27	957	665	0
03/10/2003	11	3	0.1	6	9	1.9	4.6	1.3	19	81	3.5	296	30.9	24	956	787	0
03/10/2003	12	3	0.1	6	10	1.7	3.5	1.2	19	81	3	300	33.4	21	956	875	0
03/10/2003	13	3	0.1	6	9	1.7	5.2	1.2	19	85	3.4	304	34	19	955	712	0
03/10/2003	14	3	0.1	6	10	3.5	12.1	2.4	19	94	2.8	13	34.3	19	954	440	0
03/10/2003	15	7	0.2	6	12	6	25.6	3.9	21	99	6.3	151	30.8	28	953	319	0
03/10/2003	16	5	0.1	7	11	4.9	20.8	3.2	21	100	4.7	165	29	29	953	124	0
03/10/2003	17	3	0.1	7	11	5.3	22.7	3.3	21	93	3.3	166	27.4	32	953	53	0
03/10/2003	18	3	0.1	6	14	6	24.7	3.6	23	84	2.3	168	24.8	37	954	3	0
03/10/2003	19	4	0.1	6	19	7	32.7	4.1	29	66	0.9	161	22.7	44	955	0	0
03/10/2003	20	3	0.1	6	13	8.5	27.4	5.4	22	65	0.7	357	21.3	49	956	0	0
03/10/2003	21	3	0.2	6	13	8.8	24.1	5.8	23	61	0.7	355	20.4	54	956	0	0
03/10/2003	22	3	0.1	6	11	6.3	12.1	4.3	21	59	0.8	347	20.2	57	956	0	0
03/10/2003	23	3	0.1	7	9	6.1	8.4	4.5	20	61	1.5	343	19.8	61	956	0	0
04/10/2003	00	3	0.1	6	9	5	6.4	3.7	19	63	2.4	357	20	61	956	0	0
04/10/2003	01	3	0.1	6	9	3.8	6.1	2.7	19	62	1.9	3	19.9	61	956	0	0
04/10/2003	02	3	0.1	6	10	4.3	6.3	3.1	20	57	2.7	348	19.7	61	955	0	0
04/10/2003	03	3	0.1	6	10	4	5.2	2.9	20	63	2.8	348	19.4	63	954	0	0
04/10/2003	04	3	0.1	6	10	4.8	6	3.4	19	63	2.4	345	19	65	954	0	0
04/10/2003	05	3	0.1	6	10	5.4	6.5	3.9	19	65	2.3	351	18.9	66	954	0	0
04/10/2003	06	3	0.1	7	9	4.6	5	3.3	19	69	2.5	9	19	66	954	0	0
04/10/2003	07	3	0.1	6	9	5	6	3.7	18	68	2.2	1	19.1	68	954	0	0
04/10/2003	08	3	0.1	7	10	5	6.3	3.7	20	66	2	15	19.5	67	955	12	0
04/10/2003	09		0.1	6	9	5.6	7.8	4.2	19	65	2.3	19	20.2	66	955	84	0
04/10/2003	10	3	0.1	6	9	6.1	8.5	4.6	19	58	1.2	11	20.3	67	955	62	0
04/10/2003	11	3	0.1	6	11	6.3	7.8	4.9	20	54	2.7	9	19.6	71	956	66	0
04/10/2003	12	3	0.1	6	11	6	7	4.7	20	58	1.5	39	20.7	67	955	119	0
04/10/2003	13	3	0.1	6	9	4.2	4.7	3.4	19	72	2.5	354	21.2	63	954	213	0
04/10/2003	14	3	0.1	6	9	3.6	4.4	2.9	19	78	1.4	337	24.1	50	954	310	0
04/10/2003	15	3	0.1	7	9	3.4	3.8	2.8	19	77	2.8	342	23.9	49	953	195	0
04/10/2003	16	3	0.1	6	9	3.7	4.4	3.1	19	79	2.7	342	23.5	46	952	136	0
04/10/2003	17	3	0.1	6	9	3.2	5.7	2.6	19	79	3	318	22.7	46	952	39	0
04/10/2003	18	3	0.1	6	9	2.7	4.4	2.1	19	76	2.2	305	21.8	46	953	4	0
04/10/2003	19	3	0.1	6	10	3.7	5.6	2.9	20	65	2	317	20.8	50	953	0	0
04/10/2003	20	3	0.1	7	9	3	4.1	2.4	19	65	2.5	336	20.3	56	954	0	0
04/10/2003	21	3	0.1	6	11	3.7	5.2	3	21	64	1	355	19.4	56	954	0	0
04/10/2003	22	3	0.3	6	19	7.5	10.9	6	29	38	0.9	0	17.8	60	954	0	0
04/10/2003	23	3	0.1	7	10	4.9	6.2	4	20	58	2.1	342	17.3	58	954	0	0
05/10/2003	00	3	0.1	6	10	3.9	5.1	3.2	20	65	1.5	20	17.5	54	954	0	0
05/10/2003	01	3	0.1	7	10	4.7	5.9	3.9	20	61	0.9	353	17.1	55	954	0	0
05/10/2003	02	3	0.1	7	10	4.7	6.1	3.9	20	51	0.8	196	15.8	61	954	0	0
05/10/2003	03	3	0.1	6	9	5.7	7.5	4.7	19	49	0.6	342	15.1	64	954	0	0
05/10/2003	04	3	0.1	6	10	4.7	6.1	4	20	45	0.6	226	14.3	67	953	0	0
05/10/2003	05	3	0.1	6	11	4.7	6.3	4.1	21	42	0.6	212	13.8	69	953	0	0
05/10/2003	06	3	0.1	6	9	5	6	4.4	19	50	2.2	337	13.9	67	954	0	0
05/10/2003	07	3	0.1	6	9	4.4	4.8	3.8	19	62	1.8	22	16	58	954	36	0
05/10/2003	08	3	0.1	6	9	4.1	4.6	3.6	19	64	3.6	15	18.5	49	954	256	0
05/10/2003	09	3	0.1	6	9	3.9	4.2	3.5	19	66	3.7	7	21.1	41	953	485	0
05/10/2003	10	3	0.1	6	9	3.8	4.2	3.6	19	76	4.8	6	22.8	33	953	671	0
05/10/2003	11	3	0.1	6	9	4.4	4.8	4.1	19	79	4.5	9	24.8	30	953	791	0
05/10/2003	12	3	0.1	7	9	4.8	5.6	4.4	19	83	4.8	8	25.9	28	952	844	0
05/10/2003	13	3	0.1	7	9	4.4	5	4.1	19	88	4.8	344	28	23	951	720	0
05/10/2003	14	3	0.1	6	9	3.9	4.6	3.6	19	90	4.3	341	29	20	950	477	0
05/10/2003	15	3	0.1	7	9	3.5	4.9	3.1	20	92	4.1	344	30.2	17	950	275	0
05/10/2003	16	3	0.1	7	9	3.6	5.1	3.2	19	96	2.4	352	32.1	17	950	11	0
05/10/2003	17	3	0.2	7	10	4.9	6.1	4.4	20	96	6	158	27.1	40	950	53	0
05/10/2003	18	4	0.2	7	10	4.8	6	4.3	20	91	4.4	159	22.7	52	952	3	0
05/10/2003	19	3	0.2	7	11	4.7	5.9	4.2	21	84	3.2	168	18.8	64	953	0	0
05/10/2003	20	3	0.2	6	11	4.5	5.8	3.9	20	79	2	180	18.2	65	954	0	0
05/10/2003	21	3	0.2	7	12	5	8	4.3	22	68	0.5	220	17	69	955	0	0
05/10/2003	22	3	0.2	6	11	5.2	7.3	4.4	21	55	0.7	311	15.7	73	956	0	0
05/10/2003	23	3	0.2	7	11	5.2	6.8	4.5	21	57	0.7	293	15.6	74	957	0	0
06/10/2003	00	3	0.2	6	10	4.8	6.2	4.1	19	69	0.5	184	16.4	74	957	0	0
06/10/2003	01	3	0.1	6	9	4.9	7	4	19	69	1.1	344	16.9	69	956	0	0
06/10/2003	02	3	0.1	7	9	4.9	6.9	3.6	20	71	1.7	9	16.4	66	956	0	0
06/10/2003	03	3	0.1	6	9	5	7	3.5	19	73	2.1	6	16.2	64	956	0	0
06/10/2003	04	3	0.1	7	9	5.3	8	3.7	19	73	1.7	351	15.9	61	956	0	0
06/10/2003	05	4	0.1	7	9	4.8	6.7	3.4	19	75	1.4	14	16	58	956	0	0
06/10/2003	06	6	0.1	6	10	3.6	5.5	2.5	20	73	1.2	30	16	58	956	0	0
06/10/2003	07	6	0.1	6	10	3.8	5.5	2.7	19	71	1.8	10	16.1	59	957	0	0
06/10/2003	08	6	0.1	7	10	4.4	7.8	3.1	20	68	2	2	16.6	58	957	13	0
06/10/2003	09		0.1	7	11	5.3	10.5	3.7	21	66	2.7	1	17	58	957	36	0
06/10/2003	10	3	0.1	7	12	4.4	7	3.2	22	64	3.5	355	17.4	56	957	72	0
06/10/2003	11	3	0.1	7	11	4.8	7.4	3.5	21	62	3.7	353	17.4	57	957	76	0
06/10/2003	12	3	0.1	6	13	4.9	7.7	3.6	23	63	3.6	351	18.2	56	957	173	0
06/10/2003	13	3	0.1	6	11	5.3	8.2	3.9	21	70	1.3	9	19.2	52	957	149	0
06/10/2003	14	3	0.1	7	11	5.8	8.6	4.3	21	71	1.2	25	20.5	51	957	212	0
06/10/2003	15	3	0.1	7	12	5.5	8.4	4.1	23	70	1	4	20.5	53	956	150	0
06/10/2003	16	3	0.2	7	15	6.4	14.7	4.6	26	67	0.5	212	20	54	955	58	0
06/10/2003	17	3	0.2	7	15	7.4	12.2	5.3	26	64	2.5	161	18.7	69	955	19	0
06/10/2003	18	3	0.2	6	15	7.2	12.7	5.1	25	66	2.2	140	18.2	72	956	2	0
06/10/2003	19	3	0.2	6	18	7	10.7	5.6	28	49	0.9	106	17.5	71	957	0	0
06/10/2003	20	3	0.2	7	15	6.8	8.2	5.8	25	51	0.7	21	17	73	958	0	0.1
06/10/2003	21	3	0.2	6	11	8.5	10.3	7.1	21	52	0.7	340	15.9	84	958	0	0.3
06/10/2003	22	3	0.2	7	11	8.9	10.1	7.6	21	49	0.9	308	15.9	86	959	0	0
06/10/2003	23	3	0.2	7	11	7	7.7	6	21	45	0.9	344	16.3	84	958	0	0
07/10/2003	00	3	0.2	7	11	5.6	6.7	4.7	21	52	0.9	223	16.1	86	959	0	0
07/10/2003	01	3	0.2	7	10	5	6.5	4.2	20	49	0.6	274	15.6	87	959	0	0
07/10/2003	02	3	0.1	7	11	4.8	6	4.2	21	37	0.5	328	15.5	91	959	0	0
07/10/2003	03	3	0.2	7	10	5.6	6.8	4.9	20	31	0.6	164	15.8	91	958	0	0
07/10/2003	04	3	0.2	6	9	6.3	7.5	5.1	19	42	0.7	329	16.2	87	958	0	0
07/10/2003	05	3	0.1	7	9	5.9	6.5	4.4	19	56	1.4	355	15.8	88	958	0	0
07/10/2003	06	3	0.1	7	10	3.1	3.6	2.5	21	51	2	348	15.4	90	960	0	0.7
07/10/2003	07	3	0.1	7	11	4.4	4.8	3.5	21	52	3.1	21	15.1	92	960	0	0
07/10/2003	08	3	0.1	6	10	4.3	5	3.5	20	58	3.5	358	15.9	85	961	41	0
07/10/2003	09	3	0.1	6	12	7.8	7.9	7.1	22	52	5.1	358	16.1	84	961	153	0
07/10/2003	10	3	0.1	7	11	7.5	7.6	6.8	21	60	4	9	19.6	71	961	531	0
07/10/2003	11	3	0.2	7	10	4.7	5.2	4.2	21	75	1.7	356	27.2	45	961	750	0
07/10/2003	12	3	0.2	7	10	5.2	7	4.5	21	81	1.2	326	26.2	44	960	279	0
07/10/2003	13	3	0.2	7	10	9.1	9.3	8.4	21	64	3.8	351	19.4	71	960	49	0
07/10/2003	14	3	0.2	7	11	11	12	10.1	21	65	1.8	22	20.1	69	960	138	0
07/10/2003	15	3	0.2	7	16	10.4	14.3	8.6	26	68	1.3	167	22.7	60	959	209	0
07/10/2003	16	3	0.2	7	13	9.7	14.4	7.7	24	76	0.8	171	25.6	49	958	91	0
07/10/2003	17	3	0.2	7	14	10.6	16.2	7.8	25	75	1.1	170	20.9	65	958	49	0
07/10/2003	18	3	0.2	7	14	8.6	16.3	6.2	25	72	1.2	155	19.9	71	958	1	0
07/10/2003	19	3	0.3	7	21	9.3	24.9	6.5	31	49	0.4	186	17.6	81	959	0	0
07/10/2003	20	3	0.2	7	14	12.2	22.9	9.3	24	38	0.4	2	16	89	960	0	0
07/10/2003	21	3	0.2	6	23	16.6	24.1	13.3	33	27	0.5	9	15.2	93	961	0	0
07/10/2003	22	3	0.2	6	19	14.9	19	12.6	28	22	0.8	316	14.5	94	961	0	0
07/10/2003	23	3	0.2	6	14	16.4	18.7	14.1	24	35	1.4	348	14.4	95	961	0	0
08/10/2003	00	3	0.2	7	10	13.3	15.1	11.4	21	42	1.1	354	14.3	93	961	0	0
08/10/2003	01	3	0.2	6	10	10.6	11.6	9.3	19	40	1.4	338	13.8	93	961	0	0
08/10/2003	02	3	0.2	6	11	14.7	15.8	12.6	21	44	1.4	344	14.1	91	961	0	0
08/10/2003	03	3	0.1	7	9	9.1	9.7	7.9	19	49	1.4	344	13.9	91	961	0	0
08/10/2003	04	3	0.1	7	9	8.5	10.1	7.2	20	52	0.6	333	13.7	89	961	0	0
08/10/2003	05	3	0.1	7	10	8	9.6	6.9	20	46	0.7	354	13.2	88	961	0	0
08/10/2003	06	3	0.1	6	10	6.7	8.1	5.7	20	42	1	6	12.3	88	962	0	0
08/10/2003	07	3	0.1	6	13	6.2	8.1	5.2	22	31	0.9	312	12.4	86	963	28	0
08/10/2003	08	3	0.1	8	12	6.6	15.5	5.2	24	31	0.7	347	18	70	963	228	0
08/10/2003	09		0.2	8	15	6.3	10.4	5	27	43	0.7	354	24.3	45	962	448	0
08/10/2003	10	3	0.2	8	16	6.5	12.6	4.9	28	49	0.4	218	30.2	30	960	632	0
08/10/2003	11	3	0.2	7	11	3.7	6.1	3.1	21	70	1.2	19	31.3	22	959	764	0
08/10/2003	12	3	0.2	7	10	3.3	5.3	2.8	20	79	0.9	18	32.9	19	958	825	0
08/10/2003	13	3	0.2	7	10	3.6	7.1	3	21	85	1.5	183	34.8	16	957	769	0
08/10/2003	14	4	0.3	7	11	7.6	13	6.1	23	97	3.8	176	32	26	956	467	0
08/10/2003	15	5	0.3	7	13	11.2	14.6	9.6	23	108	4.8	161	29.7	36	956	183	0
08/10/2003	16	5	0.3	7	14	14.1	18.1	11.8	24	109	3.9	165	29.1	40	956	30	0
08/10/2003	17	5	0.3	7	15	14.1	17.6	11.9	26	104	3.5	168	26.9	46	957	53	0
08/10/2003	18	5	0.3	7	18	13.3	18.3	10.9	28	88	2.4	181	22.2	61	958	2	0
08/10/2003	19	5	0.4	7	21	12.3	19.6	10.2	32	70	1.2	199	18.9	76	959	0	0
08/10/2003	20	3	0.3	7	19	12.2	19.8	10.3	29	61	0.4	298	17.5	82	960	0	0
08/10/2003	21	3	0.3	7	14	13.7	17.8	11.9	24	50	0.6	315	16.7	82	961	0	0
08/10/2003	22	3	0.2	7	12	17.3	19.2	15.4	23	40	1.1	317	15.7	83	962	0	0
08/10/2003	23	3	0.2	7	11	21.2	25	18.8	22	45	0.3	333	15.2	91	962	0	0
09/10/2003	00	3	0.2	7	11	20.3	23.7	18.1	21	43	0.6	316	14.9	93	962	0	0
09/10/2003	01	3	0.2	7	13	18.6	22.1	16.5	23	42	0.3	356	14.7	93	963	0	0
09/10/2003	02	3	0.2	7	14	16.7	20.2	14.9	24	27	0.4	320	13.9	92	963	0	0
09/10/2003	03	3	0.2	7	14	18.3	25.1	16	24	26	0.4	342	13	94	963	0	0
09/10/2003	04	3	0.2	7	13	14.9	18.1	13	23	25	0.4	342	12.7	94	963	0	0
09/10/2003	05	3	0.2	7	10	9.7	12	8.6	21	25	0.3	290	12.2	93	963	0	0
09/10/2003	06	3	0.1	7	10	8.8	11.2	7.7	20	26	0.4	295	11.9	92	963	0	0
09/10/2003	07	3	0.2	7	11	11	13.5	9.6	21	21	0.5	327	12.1	92	964	20	0
09/10/2003	08	3	0.2	7	12	13.8	19.3	11.7	23	27	0.3	350	19.1	71	964	204	0
09/10/2003	09	4	0.2	7	16	12.7	17.6	10.8	27	39	0.3	140	26.3	44	963	424	0
09/10/2003	10	6	0.2	7	13	8.7	12.3	7.3	23	69	0.6	139	30.8	32	961	620	0
09/10/2003	11	6	0.2	7	11	7.3	9.4	5.9	22	86	1.5	182	29.7	33	960	746	0
09/10/2003	12	6	0.3	7	10	6.4	8.8	5.4	21	92	2.2	184	30.2	31	959	805	0
09/10/2003	13	6	0.3	7	11	7	8.6	6	22	98	3.2	169	30.3	32	958	764	0
09/10/2003	14	5	0.3	7	10	6.4	8	5.5	21	104	3.5	165	30.8	30	958	481	0
09/10/2003	15	4	0.3	7	11	6	7.5	5.1	21	105	4	157	30.5	30	957	187	0
09/10/2003	16	4	0.3	7	10	6.5	8.6	5.6	21	103	3.6	169	29.8	33	956	29	0
09/10/2003	17	4	0.3	7	10	7.7	9	6.6	21	96	3.2	181	27.6	43	956	52	0
09/10/2003	18	3	0.3	7	11	9.1	10.6	7.8	21	89	2.6	182	22.5	62	957	2	0
09/10/2003	19	3	0.3	7	11	10.9	13.7	9.4	22	82	1.3	187	19.1	76	958	0	0
09/10/2003	20	3	0.3	7	12	13.4	16.6	11.7	23	75	0.6	180	17.8	84	959	0	0
09/10/2003	21	3	0.3	7	12	15	17.5	13.3	22	63	0.6	204	16.9	87	959	0	0
09/10/2003	22	3	0.2	7	10	14.1	15.5	12.6	20	49	0.8	329	15.8	85	960	0	0
09/10/2003	23	3	0.2	7	10	13.1	15.2	11.7	21	47	0.6	312	15.1	90	960	0	0
10/10/2003	00	3	0.2	7	10	10	10.9	8.8	20	46	1.1	316	14.6	87	960	0	0
10/10/2003	01	3	0.2	8	10	9.8	11.9	8.6	21	45	0.6	302	14.2	92	961	0	0
10/10/2003	02	3	0.2	7	9	8.4	9.3	7.4	20	43	1	320	13.7	90	961	0	0
10/10/2003	03	3	0.2	7	10	8.4	9.6	7.4	20	40	0.5	294	13.3	89	961	0	0
10/10/2003	04	3	0.2	7	11	13	16.1	11.1	21	34	0.4	357	12.9	91	961	0	0
10/10/2003	05	3	0.2	7	10	10.7	12.6	9.3	20	32	0.4	332	12.1	92	961	0	0
10/10/2003	06	3	0.2	7	11	11.2	14.2	9.6	21	30	0.4	316	11.7	93	962	0	0
10/10/2003	07	3	0.1	7	10	9.8	13.2	8.6	20	35	0.5	331	12.2	93	962	20	0
10/10/2003	08	3	0.2	7	15	17.5	26.5	14.6	26	30	0.3	334	19.4	74	962	201	0
10/10/2003	09		0.2	8	14	17.8		14.4	26	41	0.3	32	27.3	45	961	426	0
10/10/2003	10		0.2	8	12	10.6	16.7	8.9	24	73	0.5	153	30.9	33	960	611	0
10/10/2003	11	4	0.2	7	14	10.7	18.8	8.7	25	85	1.3	165	30.5	32	959	734	0
10/10/2003	12	4	0.2	7	12				23	93	2.9	158	29.9	32	958	787	0
10/10/2003	13	5	0.3	7	13	9.1	12.2	7.9	23	95	3.1	159	30.7	31	957	722	0
10/10/2003	14	7	0.2	7	11	7.3	9.6	6.3	22	95	3.5	171	31.3	29	956	479	0
10/10/2003	15	5	0.2	7	10	8.5	12.2	7.4	21	106	3.4	174	31.4	29	956	161	0
10/10/2003	16	5	0.2	7	11	10.5	13.8	9.2	22	106	3.5	168	30	35	956	30	0
10/10/2003	17	4	0.2	7	11	8.5	12.4	7.3	22	91	3.1	179	27.4	43	956	48	0
10/10/2003	18	3	0.2	7	12	10.2	12.2	8.9	23	86	2.3	185	22.2	63	958	1	0
10/10/2003	19	3	0.3	7	17	13.8	17.1	12	27	70	0.9	175	19	79	959	0	0
10/10/2003	20	3	0.3	7	20	16.8	20.7	14.8	31	53	0.5	201	18.1	85	960	0	0
10/10/2003	21	3	0.3	7	14	19.1	23.6	16.8	25	56	0.3	213	17.4	89	960	0	0
10/10/2003	22	3	0.2	7	13	18.4	21.5	16.6	23	48	0.4	311	16.9	87	960	0	0
10/10/2003	23	3	0.2	7	12	19.3	22.4	17.3	23	39	0.3	322	16	90	960	0	0
11/10/2003	00	3	0.2	7	11	18.4	21.4	16.7	22	35	0.3	294	15	92	961	0	0
11/10/2003	01	3	0.2	7	10	17.1	18.8	15.5	20	32	0.5	297	14.1	92	962	0	0
11/10/2003	02	3	0.1	7	10	16.1	17.6	14.7	20	30	0.5	304	13.4	91	962	0	0
11/10/2003	03	3	0.1	7	10	16	18	14.4	20	35	0.7	332	13.1	93	962	0	0
11/10/2003	04	3	0.1	7	10	16.1	18	14.6	21	31	0.8	315	12.8	94	962	0	0
11/10/2003	05	3	0.1	7	10	12.5	15.4	11.3	20	28	0.8	313	12.3	95	962	0	0
11/10/2003	06	3	0.1	7	10	14.2	15.8	12.2	20	25	0.7	223	12	95	962	0	0
11/10/2003	07	3	0.1	7	11	29.4		19.4	21	23	0.4	295	12.1	96	963	4	0
11/10/2003	08	3	0.1	7	11	16.3		13.8	22	29	0.4	339	16.5	91	963	167	0
11/10/2003	09	3	0.2	7	11	16.2	17.7	14.3	22	46	0.2	44	25.8	54	962	418	0
11/10/2003	10	3	0.2	7	10	10.7	12.5	9.3	21	67	0.3	35	31.5	34	960	621	0
11/10/2003	11	3	0.2	7	10	9.5	11.2	8.1	22	78	1.5	167	30.6	35	959	741	0
11/10/2003	12	5	0.2	8	11	9.1	10.9	7.6	23	82	2.7	178	29.9	36	958	799	0
11/10/2003	13	5	0.2	8	12	7.1	8.8	6	23	89	3.7	172	29.8	37	958	703	0
11/10/2003	14	4	0.2	7	11	6.1	7.4	5.2	21	92	3.7	172	28.4	41	957	351	0
11/10/2003	15	4	0.2	8	10	5.2	6.2	4.4	22	89	3.4	167	27.9	44	956	288	0
11/10/2003	16	3	0.2	7	10	4.3	5.1	3.6	21	83	3.6	165	23.7	57	957	134	0
11/10/2003	17	3	0.2	7	10	3.8	5.6	3	21	75	2.9	161	22.4	58	958	64	0
11/10/2003	18	3	0.2	7	11	3.9	5.6	3.1	22	67	2.1	164	20.7	66	958	1	0
11/10/2003	19	3	0.2	7	13	4.9	6.6	3.8	23	58	1.7	179	19.8	74	958	0	0
11/10/2003	20	3	0.2	7	12	5.4	7.1	4.3	23	55	0.9	210	19	81	959	0	0
11/10/2003	21	3	0.2	7	12	6.6	9.7	5.2	23	45	0.5	233	18.2	85	960	0	0
11/10/2003	22	3	0.2	7	10	7	9.4	5.7	21	42	0.4	325	17.7	85	960	0	0
11/10/2003	23	3	0.2	7	11	7.5	10.2	6	21	36	0.3	312	17.2	87	960	0	0
12/10/2003	00	3	0.2	7	12	8	11	6.5	23	30	0.5	340	17.4	84	959	0	0
12/10/2003	01	3	0.3	7	14	8.4	11.2	6.9	25	33	0.6	240	17.4	84	958	0	0
12/10/2003	02	3	0.2	7	11	5.7	7.2	4.7	22	52	0.6	220	17.5	78	958	0	0
12/10/2003	03	3	0.2	7	11	5.8	7.1	4.7	21	47	0.4	210	17.3	78	958	0	0
12/10/2003	04	3	0.2	7	10	6	7.6	5	21	50	0.4	198	17.9	80	958	0	0
12/10/2003	05	3	0.2	7	13	7.3	9.3	6	24	34	0.4	17	17.1	80	958	0	0
12/10/2003	06	3	0.2	7	10	7.5	8.6	6.1	21	41	0.8	327	17.3	83	958	0	0
12/10/2003	07	3	0.2	7	11	8.3	9.7	7	22	39	1.7	7	17.1	86	958	0	0.1
12/10/2003	08	3	0.2	7	11	9.7	11.3	8.3	22	35	1	309	16.9	90	958	6	0.2
12/10/2003	09	3	0.2	8	11	9.2	10	7.8	23	45	1.3	19	20	83	959	258	0.3
12/10/2003	10		0.2	7	10	6.5	7.2	5.5	21	67	0.5	11	29.4	44	957	492	0
12/10/2003	11	4	0.2	7	10	5.6	6.7	4.8	21	79	0.4	174	32.4	35	956	633	0
12/10/2003	12	4	0.2	7	11	6.1	7.6	5.2	22	87	0.9	188	32.2	33	956	665	0
12/10/2003	13	7	0.2	8	11	6.2	7.4	5.1	23	94	2	180	33.2	29	954	758	0
12/10/2003	14	27	0.2	7	10	6.2	7	5.2	22	96	3.3	165	30.4	36	953	419	0
12/10/2003	15	22	0.2	7	10	5.8	6.6	4.8	22	92	3.6	169	27.9	43	953	226	0
12/10/2003	16	7	0.2	7	11	6.1	6.6	5.1	22	88	4	176	28	44	953	90	0
12/10/2003	17	6	0.2	7	11	6.6	7.4	5.5	22	84	3.2	181	27	49	954	64	0
12/10/2003	18	4	0.2	7	11	8.1	9.5	6.6	22	76	1.6	187	21.1	70	955	0	0
12/10/2003	19	4	0.2	7	11	9.3	11	7.6	22	68	1.1	195	19.4	82	956	0	0
12/10/2003	20	3	0.2	7	11	10	12.7	8.2	22	68	0.5	214	18.6	88	957	0	0
12/10/2003	21	3	0.2	7	11	11.2	14.1	9.3	21	52	0.6	314	18.3	88	957	0	0
12/10/2003	22	3	0.2	8	11	11.4	15	9.3	23	47	0.3	26	18.4	88	957	0	0
12/10/2003	23	3	0.2	7	12	12.2	15	10.1	23	40	0.4	308	18.1	87	957	0	0
13/10/2003	00	3	0.2	7	11	12.6	14.7	10.6	21	42	0.3	339	17.9	87	957	0	0
13/10/2003	01	3	0.3	7	12	17.2	21	14.3	22	39	0.4	355	17.8	88	957	0	0
13/10/2003	02	3	0.2	7	11	10.7	12.9	9	21	38	0.5	319	17.4	87	957	0	0
13/10/2003	03	3	0.2	7	10	8.8	11	7.3	20	41	0.5	315	17.1	86	957	0	0
13/10/2003	04	3	0.1	7	10	8.7	11.1	7.3	21	38	0.5	302	16.5	86	957	0	0
13/10/2003	05	3	0.1	8	10	8.2	9.8	6.9	22	39	0.7	321	15.7	88	957	0	0
13/10/2003	06	3	0.1	8	11	10.6	13.8	8.9	22	35	0.5	342	15.1	91	957	0	0
13/10/2003	07	3	0.1	8	11	8.6	12.2	7.3	23	34	0.6	321	15.2	90	957	9	0
13/10/2003	08	3	0.1	7	13	10	15.2	8.4	24	33	0.3	306	19.6	80	958	148	0
13/10/2003	09	4	0.2	7	13	12.6	18.2	10.5	25	49	0.3	193	27.6	51	957	339	0
13/10/2003	10	5	0.2	8	13	9.8	12.3	7.6	24	76	1.8	170	28.8	43	956	548	0
13/10/2003	11	7	0.2	8	15	13	16.4	10.1	27	78	2.1	170	27.2	46	955	466	0
13/10/2003	12	9	0.2	7	14	10.3	14.1	8.2	25	83	1.9	164	29.2	39	954	586	0
13/10/2003	13	12	0.2	7	11	7.3	9.6	5.9	23	95	2.6	165	30.4	34	953	638	0
13/10/2003	14	18	0.2	8	11	8.3	10.7	6.6	23	98	3	170	31.9	32	952	490	0
13/10/2003	15	3	0.2	8	12	10.4	13.1	8.2	24	94	3.9	160	30.5	36	952	293	0
13/10/2003	16	3	0.2	8	13	9.8	13	7.4	24	89	4.2	164	29.6	37	951	73	0
13/10/2003	17	18	0.2	7	12	10.6	14.2	7.9	23	82	3.8	168	26.6	48	952	40	0
13/10/2003	18	8	0.2	7	13	12.4	17.3	9.3	24	72	2.1	172	21.1	70	953	0	0
13/10/2003	19	5	0.3	7	16	11.1	14	8.9	27	64	1.5	177	19.5	81	953	0	0
13/10/2003	20	4	0.2	7	15	12.1	15.6	9.8	25	60	0.7	186	18.8	87	954	0	0
13/10/2003	21	6	0.2	7	14	13.8	15.9	11.7	25	61	1.3	163	19.1	87	954	0	0
13/10/2003	22	5	0.2	7	15	11.5	14.2	9.5	26	56	0.9	160	18.8	87	954	0	0
13/10/2003	23	5	0.2	7	12	9.9	11.3	8.2	23	61	1.3	179	18.5	87	954	0	0
14/10/2003	00	7	0.2	7	11	11	13.7	9.1	22	53	0.4	197	17.2	92	954	0	0
14/10/2003	01	5	0.2	7	11	12.1	14.9	10.3	21	38	0.5	345	16.1	94	955	0	0
14/10/2003	02	3	0.1	7	10	13.1	16.8	11.4	21	33	0.3	306	15.4	95	956	0	0
14/10/2003	03	3	0.1	7	10	12.7	15.3	11.2	21	31	0.4	320	14.7	95	956	0	0
14/10/2003	04	3	0.1	7	10	12.2	14.2	10.8	21	35	0.4	311	14.5	95	957	0	0
14/10/2003	05	3	0.1	7	10	12.9	15.5	11.3	20	33	0.5	308	14.4	95	957	0	0
14/10/2003	06	3	0.1	7	11	11.9	13.6	10.4	21	45	0.8	26	15.3	91	957	0	0
14/10/2003	07	4	0.1	7	10	12	12.8	10.6	21	56	3.8	349	17	86	957	0	0
14/10/2003	08	4	0.1	7	11	12.8	14.3	11.3	23	50	3.5	349	17.8	82	957	36	0
14/10/2003	09	3	0.2	7	12	9.8	11.1	8.6	22	58	2.3	351	19	74	956	68	0
