Red: Red de Vigilancia y Control de la Contaminación Atmosférica
Estación: 03065004-La Foia
	
FECHA	HORA	SO2	PST	CO	NO	NO2	NOx	O3
		µg/m³	µg/m³	mg/m³	µg/m³	µg/m³	µg/m³	µg/m³
19/09/1995	10	3		0,3				104
19/09/1995	11	3		0,3	2	4	6	115
19/09/1995	12	3		0,3	2	4	6	130
19/09/1995	13	3		0,2	2	4	6	140
19/09/1995	14	6		0,1	2	4	6	149
19/09/1995	15	9		0,2	2	4	6	156
19/09/1995	16	7		0,2	2	4	6	156
19/09/1995	17	6		0,2	2	4	6	154
19/09/1995	18	4		0,2	2	4	6	151
19/09/1995	19	3		0,2	2	4	6	145
19/09/1995	20	3		0,2	2	4	6	126
19/09/1995	21	3		0,6	2	6	6	81
19/09/1995	22	7		0,7	2	11	6	57
19/09/1995	23	3		0,6	2	7	6	66
20/09/1995	00	3		0,6	2	6	6	62
20/09/1995	01	3		0,5	2	4	6	79
20/09/1995	02	3		0,3	2	4	6	84
20/09/1995	03	3		0,3	2	4	6	90
20/09/1995	04	3		0,2	2	4	6	99
20/09/1995	05	3		0,2	2	4	6	85
20/09/1995	06	3		0,2	2	4	6	100
20/09/1995	07	3		0,4	2	4	6	82
20/09/1995	08	3		0,3	2	4	6	94
20/09/1995	09	3		0,2	2	4	6	122
20/09/1995	10	3		0,2	2	4	6	134
20/09/1995	11	3		0,2	2	4	6	140
20/09/1995	12	5		0,2	2	4	6	140
20/09/1995	13	4		0,2	2	4	6	142
20/09/1995	14	5		0,2	2	4	6	141
20/09/1995	15	5		0,1	2	4	6	143
20/09/1995	16	5		0,1	2	4	6	150
20/09/1995	17	7		0,3	2	4	6	155
20/09/1995	18	6		0,2	2	4	6	149
20/09/1995	19	4		0,2	2	4	6	144
20/09/1995	20	3		0,3	2	4	6	115
20/09/1995	21	5		0,4	2	4	6	105
20/09/1995	22	3		0,3	2	4	6	105
20/09/1995	23	3		0,4	2	4	6	75
21/09/1995	00	3		0,3	2	4	6	78
21/09/1995	01	4		0,3	2	4	6	78
21/09/1995	02	3		0,3	2	4	6	84
21/09/1995	03	3		0,3	2	4	6	80
21/09/1995	04	3		0,2	2	4	6	86
21/09/1995	05	4		0,3	2	4	6	83
21/09/1995	06	3		0,3	2	4	6	78
21/09/1995	07	6		0,6	2	4	6	63
21/09/1995	08	4		0,3	2	4	6	88
21/09/1995	09	3		0,3	2	4	6	106
21/09/1995	10	4		0,4	2	4	6	133
21/09/1995	11	3		0,3	2	4	6	144
21/09/1995	12	6		0,4	2	4	6	155
21/09/1995	13	6		0,4	2	4	6	162
21/09/1995	14	7		0,4	2	4	6	159
21/09/1995	15	9		0,5	2	4	6	156
21/09/1995	16	10		0,4	22	4	32	154
21/09/1995	17	9		0,6	11	4	17	153
21/09/1995	18	7		0,5	6	7	14	148
21/09/1995	19	5		0,6	2	4	6	135
21/09/1995	20	4		0,7	2	4	6	116
21/09/1995	21	8		0,7	2	5	6	87
21/09/1995	22	18		0,8	2	7	6	73
21/09/1995	23	9		0,8	2	7	6	65
22/09/1995	00	7		1	2	5	6	57
22/09/1995	01	13		0,9	2	4	6	69
22/09/1995	02	14		0,6	2	4	6	78
22/09/1995	03	6		0,5	2	4	6	77
22/09/1995	04	3		0,5	2	4	6	83
22/09/1995	05	4		0,4	2	4	6	90
22/09/1995	06	6		0,6	2	4	6	85
22/09/1995	07	3		0,6	2	4	6	57
22/09/1995	08	5		0,6	2	4	6	67
22/09/1995	09	4		0,6	2	4	6	119
22/09/1995	10	3		0,4	2	4	6	152
22/09/1995	11	3		0,4	2	4	6	167
22/09/1995	12	7		0,4	2	4	6	172
22/09/1995	13	10		0,4	2	4	6	169
22/09/1995	14	13		0,4	2	4	6	170
22/09/1995	15	11		0,5	2	4	6	166
22/09/1995	16	10		0,5	2	4	6	159
22/09/1995	17	6		0,6	2	4	6	150
22/09/1995	18	5		0,5	2	4	6	141
22/09/1995	19	4		0,5	2	4	6	127
22/09/1995	20	3		0,6	2	4	6	126
22/09/1995	21	4		0,7	2	4	6	94
22/09/1995	22	4		0,6	2	5	6	86
22/09/1995	23	3		0,5	2	4	6	70
23/09/1995	00	3		0,6	2	4	6	52
23/09/1995	01	3		0,6	2	4	6	60
23/09/1995	02	3		0,6	2	4	6	67
23/09/1995	03	4		0,5	2	4	6	91
23/09/1995	04	4		0,4	2	4	6	104
23/09/1995	05	3		0,4	2	4	6	79
23/09/1995	06	3		0,5	2	4	6	99
23/09/1995	07	4		0,6	2	4	6	88
23/09/1995	08	3		0,6	2	5	6	81
23/09/1995	09	4		0,6	2	4	6	108
23/09/1995	10	4		0,5	2	4	6	131
23/09/1995	11	3		0,4	2	4	6	140
23/09/1995	12	9		0,4	2	4	6	146
23/09/1995	13	6		0,4	2	4	6	149
23/09/1995	14	5		0,4	2	4	6	152
23/09/1995	15	4		0,4	2	4	6	151
23/09/1995	16	4		0,4	2	4	6	152
23/09/1995	17	3		0,4	2	4	6	150
23/09/1995	18	3		0,5	2	4	6	147
23/09/1995	19	3		0,5	2	4	6	131
23/09/1995	20	3		0,6	2	4	6	117
23/09/1995	21	3		0,5	2	4	6	102
23/09/1995	22	3		0,6	2	4	6	91
23/09/1995	23	3		0,7	2	4	6	73
24/09/1995	00	3		0,6	2	4	6	93
24/09/1995	01	3		0,5	2	4	6	84
24/09/1995	02	3		0,4	2	4	6	74
24/09/1995	03	3		0,4	2	4	6	78
24/09/1995	04	3		0,4	2	4	6	78
24/09/1995	05	3		0,4	2	4	6	81
24/09/1995	06	3		0,4	2	4	6	74
24/09/1995	07	3		0,4	2	4	6	78
24/09/1995	08	3		0,4	2	4	6	82
24/09/1995	09	3		0,4	2	4	6	104
24/09/1995	10	3		0,4	2	4	6	122
24/09/1995	11			0,5	2	5	6	160
24/09/1995	12	8		0,4	2	5	6	164
24/09/1995	13	7		0,4	2	5	6	164
24/09/1995	14	8		0,4	2	5	6	165
24/09/1995	15	7		0,4	2	5	6	164
24/09/1995	16	6		0,4	3	6	10	162
24/09/1995	17	5		0,4	4	6	10	159
24/09/1995	18	3		0,6	2	6	6	147
24/09/1995	19	3		0,8	2	14	6	110
24/09/1995	20	3		0,8	2	15	6	89
24/09/1995	21	3		0,9	2	18	6	66
24/09/1995	22	3		0,9	2	18	6	61
24/09/1995	23	3		1,6	2	22	6	48
25/09/1995	00	5		1,9	2	22	6	47
26/09/1995	01	3		0,4	2	4	6	126
26/09/1995	02	3		0,4	2	6	6	126
26/09/1995	03	5		0,4	2	6	8	120
26/09/1995	04	7		0,4	3	5	7	113
26/09/1995	05	4		0,4	2	6	6	112
26/09/1995	06	5		0,4	2	8	6	105
26/09/1995	07	7		0,5	2	8	6	93
26/09/1995	08	8		0,6	7	11	21	94
26/09/1995	09	4		0,6	16	8	31	105
26/09/1995	10	3		0,5	11	6	22	118
26/09/1995	11			0,5	4	5	10	124
26/09/1995	12	8		0,5	2	6	6	128
26/09/1995	13	5		0,4	2	6	6	133
26/09/1995	14	6		0,4	2	6	6	138
26/09/1995	15	6		0,4	2	6	6	138
26/09/1995	16	3		0,4	2	5	6	134
26/09/1995	17	3		0,4	2	7	6	132
26/09/1995	18	4		0,5	2	9	6	123
26/09/1995	19	5		0,6	2	11	6	103
26/09/1995	20	3		0,5	2	10	6	110
26/09/1995	21	7		0,7	2	16	6	84
26/09/1995	22	3		0,7	2	15	6	78
26/09/1995	23	4		0,5	2	7	6	110
27/09/1995	00	3		0,5	2	6	6	115
27/09/1995	01	3		0,5	2	6	6	113
27/09/1995	02	3		0,5	2	6	6	113
27/09/1995	03	3		0,5	2	6	7	109
27/09/1995	04	3		0,5	8	9	21	94
27/09/1995	05	3		0,5	16	9	33	73
27/09/1995	06	5		0,5	15	8	31	88
27/09/1995	07	4		0,7	4	10	16	76
27/09/1995	08	3		0,6	3	9	13	93
27/09/1995	09	4		0,5	13	8	27	100
27/09/1995	10	3		0,5	19	9	38	116
27/09/1995	11			0,5	6	7	15	142
27/09/1995	12	5		0,4	2	5	6	162
27/09/1995	13	6		0,5	2	6	6	168
27/09/1995	14	6		0,5	2	6	6	162
27/09/1995	15	6		0,5	5	6	12	155
27/09/1995	16	5		0,5	17	5	31	156
27/09/1995	17	4		0,5	21	6	38	158
27/09/1995	18	4		0,6	14	7	28	152
27/09/1995	19	3		0,7	2	9	8	132
27/09/1995	20	5		1	2	13	6	115
27/09/1995	21	6		1,3	2	19	6	75
27/09/1995	22	6		1,2	2	20	6	53
27/09/1995	23	8		1,5	2	20	6	46
28/09/1995	00	4		1,2	2	16	6	49
28/09/1995	01	3		0,8	2	13	6	56
28/09/1995	02	5		0,8	2	13	6	66
28/09/1995	03	5		0,6	2	11	6	63
28/09/1995	04	5		0,6	2	9	6	67
28/09/1995	05	3		0,6	2	7	6	76
28/09/1995	06	3		0,6	2	8	6	76
28/09/1995	07	3		0,6	2	9	6	84
28/09/1995	08	3		0,6	2	7	6	86
28/09/1995	09	5		0,6	2	9	6	97
28/09/1995	10	7		0,6	2	10	6	116
28/09/1995	11			0,6	5	8	12	138
28/09/1995	12	7		0,6	2	6	6	160
28/09/1995	13	8		0,7	3	8	8	173
28/09/1995	14	9		0,6	75	15	130	180
28/09/1995	15	8		0,6	32	7	56	183
28/09/1995	16	9		0,7	7	7	17	176
28/09/1995	17	8		0,8	2	7	6	157
28/09/1995	18	6		0,9	2	7	6	138
28/09/1995	19	4		1	2	10	6	113
28/09/1995	20	6		1,2	2	13	6	97
28/09/1995	21	14		1,2	2	17	6	75
28/09/1995	22	13		1,2	2	22	6	70
28/09/1995	23	16		1,5	2	18	6	49
29/09/1995	00	10		1,4	2	17	6	49
29/09/1995	01	12		1,3	2	17	6	69
29/09/1995	02	9		1,1	2	13	6	66
29/09/1995	03	6		0,9	2	10	6	68
29/09/1995	04	6		0,8	23	9	43	76
29/09/1995	05	7		0,8	23	10	44	78
29/09/1995	06	6		0,8	20	10	41	64
29/09/1995	07	6		0,9	19	11	40	58
29/09/1995	08	7		1,1	24	13	50	59
29/09/1995	09	13		1,1	12	16	35	89
29/09/1995	10	15		0,9	2	10	9	123
29/09/1995	11			0,8	2	6	6	152
29/09/1995	12	11		0,8	2	5	6	159
29/09/1995	13	12		0,9	2	8	6	168
29/09/1995	14	13		0,9	18	7	34	179
29/09/1995	15	15		0,8	109	9	175	172
29/09/1995	16	12		0,8	238	8	372	158
29/09/1995	17	10		0,9	286	11	450	150
29/09/1995	18	9		1,1	193	10	306	146
29/09/1995	19	5		1,2	97	11	159	119
29/09/1995	20	5		1,1	181	12	291	109
29/09/1995	21	5		1,1	205	18	333	88
29/09/1995	22	3		1	39	12	71	104
29/09/1995	23	3		0,9	2	8	6	115
30/09/1995	00	3		0,9	2	8	6	112
30/09/1995	01	3		1	2	9	6	99
30/09/1995	02	4		1	2	11	7	93
30/09/1995	03	8		1,1	54	12	94	86
30/09/1995	04	11		1,1	43	11	76	86
30/09/1995	05	8		1	46	9	79	90
30/09/1995	06	6		1	16	10	34	81
30/09/1995	07	5		1,1	20	10	40	78
30/09/1995	08	8		1,1	14	10	31	100
30/09/1995	09	6		0,9	2	6	6	132
30/09/1995	10	5		0,9	2	6	6	144
30/09/1995	11			0,8	2	6	6	149
30/09/1995	12	4		0,8	2	6	6	146
30/09/1995	13	4		0,9	2	5	6	143
30/09/1995	14	5		0,9	6	5	12	144
30/09/1995	15	5		0,8	43	7	72	145
30/09/1995	16	5		0,8	92	7	148	139
30/09/1995	17	5		0,8	115	6	182	133
30/09/1995	18	4		1,1	107	8	171	130
30/09/1995	19	3		1,3	97	13	161	114
30/09/1995	20	3		1,1	47	12	84	88
30/09/1995	21	3		1,3	22	18	52	57
30/09/1995	22	3		1,3	4	17	21	57
30/09/1995	23	3		1,5	2	19	9	49
01/10/1995	00	3		2,1	2	16	18	47
01/10/1995	01	3		2,3	3	18	14	47
01/10/1995	02	4		1,9	2	19	6	46
01/10/1995	03	6		1,3	2	15	12	52
01/10/1995	04	3		1,2	6	12	20	50
01/10/1995	05	3		0,9	8	10	21	57
01/10/1995	06	3		0,9	15	10	32	54
01/10/1995	07			0,5	8	5	16	49
01/10/1995	08	4		0,5	10	4	14	66
01/10/1995	09	5		0,4	3	4	6	105
01/10/1995	10	4		0,4	2	4	6	134
01/10/1995	11	4		0,3	2	4	6	147
01/10/1995	12	3		0,3	2	4	6	153
01/10/1995	13	5		0,5	2	4	6	146
01/10/1995	14	6		0,4	4	4	8	144
01/10/1995	15	6		0,3	46	4	66	140
01/10/1995	16	5		0,4	94	4	141	132
01/10/1995	17	4		0,4	131	4	197	116
01/10/1995	18	3		0,5	122	4	184	103
01/10/1995	19	3		0,8	104	5	163	69
01/10/1995	20	3		1,1	59	8	99	50
01/10/1995	21	3		0,9	13	5	23	59
01/10/1995	22	3		0,8	2	4	6	62
01/10/1995	23	3		1,2	2	6	6	46
02/10/1995	00	4		1,2	2	4	6	45
02/10/1995	01	3		1	2	4	6	47
02/10/1995	02	3		0,7	2	4	6	53
02/10/1995	03	3		0,4	2	4	6	61
02/10/1995	04	3		0,4	2	4	6	57
02/10/1995	05	3		0,4	8	4	10	57
02/10/1995	06	3		0,4	12	4	14	73
02/10/1995	07			0,4	22	4	31	65
02/10/1995	08	3		0,5	28	4	42	68
02/10/1995	09	4		0,4	27	7	41	87
02/10/1995	10	9		0,5	16	4	22	118
02/10/1995	11	7		0,3	4	4	6	133
02/10/1995	12	5		0,4	2	6	6	119
02/10/1995	13	3		0,5	2	5	6	120
02/10/1995	14	3		0,4	2	4	6	131
02/10/1995	15	4		0,5	4	5	7	126
02/10/1995	16	5		0,4	28	4	40	125
02/10/1995	17	5		0,4	60	4	89	121
02/10/1995	18	3		0,6	77	4	117	100
02/10/1995	19	3		0,7	61	4	94	86
02/10/1995	20	3		0,7	18	4	25	78
02/10/1995	21	3		0,8	3	7	6	58
02/10/1995	22	3		0,8	2	6	6	50
02/10/1995	23	3		0,8	2	7	6	45
03/10/1995	00	3		0,9	2	5	6	45
04/10/1995	01	5		1,2	2	4	6	45
04/10/1995	02	6		0,9	2	5	6	46
04/10/1995	03	6		0,8	2	5	6	46
04/10/1995	04	6		0,7	2	4	6	48
04/10/1995	05	6		0,7	2	4	6	50
04/10/1995	06	4		0,6	2	4	6	49
04/10/1995	07			0,5				48
04/10/1995	08	4		0,5	6	4	10	67
04/10/1995	09	6		0,5	5	4	8	100
04/10/1995	10	6		0,4	3	4	7	123
04/10/1995	11	7		0,4	2	4	6	134
04/10/1995	12	6		0,4	2	4	6	150
04/10/1995	13	6		0,4	5	4	8	153
04/10/1995	14	5		0,4	16	4	23	142
04/10/1995	15	4		0,4	11	4	14	133
04/10/1995	16	4		0,4	4	4	7	138
04/10/1995	17	3		0,4	2	4	6	123
04/10/1995	18	3		0,6	7	4	12	103
04/10/1995	19	3		0,7	4	5	8	83
04/10/1995	20	3		0,6	3	5	6	69
04/10/1995	21	3		0,8	2	7	6	60
04/10/1995	22	3		0,8	2	6	6	56
04/10/1995	23	3		0,8	2	5	6	52
05/10/1995	00	3		0,7	2	5	6	53
05/10/1995	01	3		0,5	2	4	6	63
05/10/1995	02							67
05/10/1995	03							64
05/10/1995	04							46
05/10/1995	06							80
05/10/1995	07	4		0,9	9	10	23	53
05/10/1995	08	5		1,1	22	12	46	52
05/10/1995	09	3		0,7	23	12	47	72
05/10/1995	10	3		0,3	25	7	45	102
05/10/1995	11	3		0,3	25	7	44	114
05/10/1995	12	3		0,3	32	6	55	121
05/10/1995	13	3		0,3	49	5	80	124
05/10/1995	14	3		0,3	59	6	95	127
05/10/1995	15	3		0,2	79	4	122	126
05/10/1995	16	3		0,2	96	7	153	126
05/10/1995	17	3		0,3	100	7	159	119
05/10/1995	18	3		0,4	100	5	157	110
05/10/1995	19	3		0,4	81	8	132	101
05/10/1995	20	3		0,4	54	8	90	94
05/10/1995	21	3		0,4	43	7	72	92
05/10/1995	22	3		0,2	35	7	60	90
05/10/1995	23	3		0,5	34	15	67	52
06/10/1995	00	3		0,4	29	14	58	53
06/10/1995	01	3		0,4	31	10	57	64
06/10/1995	02	3		0,2	26	10	49	63
06/10/1995	03	3		0,2	30	9	55	61
06/10/1995	04	6		0,2	38	10	67	64
06/10/1995	05	3		0,1	42	6	71	71
06/10/1995	06	4		0,2	46	8	78	67
06/10/1995	07	6		0,4	56	9	95	60
06/10/1995	08	9		0,9	55	15	100	60
06/10/1995	09	11		0,4	50	11	87	96
06/10/1995	10	6		0,3	58	5	93	105
06/10/1995	11	4		0,2	71	6	114	109
06/10/1995	12	3		0,2	50	7	82	120
06/10/1995	13	3		0,3	42	5	69	119
06/10/1995	14	3		0,4	40	5	65	120
06/10/1995	15	3		0,3	40	6	66	124
06/10/1995	16	3		0,3	41	5	68	124
06/10/1995	17	3		0,3	49	7	81	118
06/10/1995	18	3		0,4	50	9	86	113
06/10/1995	19	3		0,5	69	8	114	101
06/10/1995	20	3		0,5	42	7	70	102
06/10/1995	21	3		0,5	31	11	57	80
06/10/1995	22	5		0,7	33	15	66	52
06/10/1995	23	6		0,9	31	16	64	46
07/10/1995	00	5		0,8	29	15	59	47
07/10/1995	01	3		0,8	26	12	53	49
07/10/1995	02	3		0,6	28	10	52	52
07/10/1995	03	3		0,5	27	9	51	58
07/10/1995	04	3		0,5	35	8	60	61
07/10/1995	05	3		0,3	40	7	68	70
07/10/1995	06	3		0,3	45	5	74	74
07/10/1995	07	3		0,3	48	8	81	73
07/10/1995	08	3		0,5	50	8	84	79
07/10/1995	09	5		0,3	50	7	82	96
07/10/1995	10	4		0,3	63	7	103	118
07/10/1995	11	3		0,3	73	6	117	120
07/10/1995	12	3		0,3	63	5	100	119
07/10/1995	13	3		0,3	64	5	100	117
07/10/1995	14	3		0,3	59	6	96	117
07/10/1995	15	3		0,2	41	4	67	120
07/10/1995	16	3		0,3	50	5	81	121
07/10/1995	17	3		0,3	60	5	94	127
07/10/1995	18	3		0,4	62	5	100	121
07/10/1995	19	3		0,3	47	6	78	115
07/10/1995	20	3		0,4	43	5	71	109
07/10/1995	21	3		0,3	33	6	57	108
07/10/1995	22	3		0,3	29	4	47	109
07/10/1995	23	3		0,3	26	8	48	86
08/10/1995	00	3		0,7	27	13	54	58
08/10/1995	01	3		0,4	23	11	47	57
08/10/1995	02	3		0,5	23	10	45	61
08/10/1995	03	3		0,4	25	7	44	77
08/10/1995	04	3		0,2	30	5	52	86
08/10/1995	05	3		0,3	35	6	58	80
08/10/1995	06	3		0,3	37	4	60	81
08/10/1995	07	3		0,3	41	5	68	82
08/10/1995	08	4		0,4	44	8	75	80
08/10/1995	09	7		0,3	45	5	73	106
08/10/1995	10	6		0,3	44	5	71	116
08/10/1995	11	3		0,3	41	4	66	118
08/10/1995	12	3		0,3	38	4	60	117
08/10/1995	13	3		0,3	34	5	56	117
08/10/1995	14	3		0,3	37	4	59	117
08/10/1995	15	3		0,3	41	6	68	115
08/10/1995	16	3		0,3	49	5	80	117
08/10/1995	17	3		0,4	58	4	92	114
08/10/1995	18	3		0,4	58	6	94	107
08/10/1995	19	3		0,4	48	6	77	105
08/10/1995	20	3		0,4	35	5	57	104
08/10/1995	21	3		0,3	28	4	47	108
08/10/1995	22	3		0,3	48	4	77	106
08/10/1995	23	3		0,3	27	7	48	93
09/10/1995	00	3		0,5	25	8	45	74
09/10/1995	01	4		0,7	23	10	44	56
09/10/1995	02	3		0,7	23	9	44	64
09/10/1995	03	3		0,5	24	7	42	70
09/10/1995	04	3		0,4	32	5	52	71
09/10/1995	05	3		0,2	36	5	59	74
09/10/1995	06	4		0,2	41	5	67	74
09/10/1995	07	3		0,4	44	6	73	76
09/10/1995	08	5		0,7	46	10	80	77
09/10/1995	09	7		0,4	44	7	74	96
09/10/1995	10	4		0,4	42	5	69	110
09/10/1995	11	3		0,4	39	5	64	115
09/10/1995	12	3		0,4	36	4	56	114
09/10/1995	13	5		0,4	35	5	57	112
09/10/1995	14	5		0,4	42	4	68	115
09/10/1995	15	4		0,3	57	4	90	112
09/10/1995	16	6		0,3	72	4	113	116
09/10/1995	17	4		0,4	104	7	166	114
09/10/1995	18	3		0,6	86	5	137	103
09/10/1995	19	3		0,7	75	7	123	91
09/10/1995	20	3		0,6	57	5	93	92
09/10/1995	21	3		0,5	40	6	67	91
09/10/1995	22	3		0,5	35	6	59	84
09/10/1995	23	3		0,5	35	9	62	73
10/10/1995	00	3		0,5	31	8	55	72
10/10/1995	01	3		0,4	28	8	49	73
10/10/1995	02	3		0,5	27	7	47	71
10/10/1995	03	3		0,5	45	8	76	64
10/10/1995	04	3		0,4	66	6	107	64
10/10/1995	05	4		0,4	51	6	83	67
10/10/1995	06	5		0,4	49	7	81	65
10/10/1995	07	7		0,7	52	10	89	53
10/10/1995	08	10		1,4	59	14	106	55
10/10/1995	09	10		0,7	52	9	90	89
10/10/1995	10	8		0,4	51	5	82	109
10/10/1995	11	6		0,3	47	5	75	113
10/10/1995	12	6		0,3	41	5	68	119
10/10/1995	13	3		0,3	38	4	62	119
10/10/1995	14	3		0,3	46	5	75	121
10/10/1995	15	5		0,4	61	5	99	119
10/10/1995	16	6		0,3	82	8	133	112
10/10/1995	17	9		0,4	93	11	153	108
10/10/1995	18	9		0,4	82	14	139	96
10/10/1995	19	8		0,5	73	7	120	95
10/10/1995	20	5		0,4	42	6	69	109
10/10/1995	21	3		0,5	33	5	56	122
10/10/1995	22	3		0,4	31	5	52	135
10/10/1995	23	3		0,3	27	4	43	138
11/10/1995	00	4		0,5	27	5	46	123
11/10/1995	01	9		0,6	27	9	50	93
11/10/1995	02	15		0,5	25	11	48	77
11/10/1995	03	11		0,5	26	10	50	78
11/10/1995	04	14		0,5	33	7	57	81
11/10/1995	05	12		0,5	42	7	71	87
11/10/1995	06	6		0,4	42	5	68	105
11/10/1995	07	6		0,7	46	10	80	77
11/10/1995	08	11		1	51	15	94	62
11/10/1995	09	3		0,6	48	8	80	116
11/10/1995	10	3		0,5	49	8	82	110
11/10/1995	11	6		0,5	49	9	83	113
11/10/1995	12	3		0,5	48	7	79	125
11/10/1995	13	3		0,6	46	8	78	117
11/10/1995	14	4		0,3				117
11/10/1995	15	5		0,3	48	6	79	123
11/10/1995	16	4		0,3	43	5	71	135
11/10/1995	17	3		0,3	36	6	61	130
11/10/1995	18	3		0,4	30	5	51	122
11/10/1995	19	3		0,5	25	8	46	102
11/10/1995	20	5		0,6	24	13	51	76
11/10/1995	21	4		0,6	22	15	49	72
11/10/1995	22	7		0,3	21	11	44	89
11/10/1995	23	7		0,6	22	13	48	65
12/10/1995	00	5		0,6	22	11	45	72
12/10/1995	01	4		0,5	22	9	41	82
12/10/1995	02	4		0,3	21	5	37	90
12/10/1995	03	5		0,2	22	5	38	107
12/10/1995	04	5		0,1	28	5	48	113
12/10/1995	05	5		0,1	35	4	57	111
12/10/1995	06	6		0,1	38	5	63	110
12/10/1995	07	6		0,2	43	7	72	68
12/10/1995	08	7		0,2	48	7	80	81
12/10/1995	09	7		0,2	47	7	78	101
12/10/1995	10	4		0,2	44	7	74	104
12/10/1995	11	5		0,2	42	6	70	116
12/10/1995	12	5		0,2	41	7	69	137
12/10/1995	13	4		0,3	43	5	70	144
12/10/1995	14	4		0,2	41	5	67	144
12/10/1995	15	4		0,2	46	5	74	143
12/10/1995	16	4		0,2	50	6	82	141
12/10/1995	17	3		0,2	50	6	80	136
12/10/1995	18	3		0,4	74	6	116	125
12/10/1995	19	3		0,5	34	8	59	112
12/10/1995	20	3		0,5	27	11	52	93
12/10/1995	21	3		0,3	24	10	47	86
12/10/1995	22	4		0,5	22	15	50	63
12/10/1995	23	4		0,6	21	12	43	82
13/10/1995	00	3		0,4	20	9	38	98
13/10/1995	01	3		0,5	20	6	36	102
13/10/1995	02	3		0,2	18	5	33	113
13/10/1995	03	3		0,2	19	4	33	123
13/10/1995	04	4		0,2	25	5	43	125
13/10/1995	05	4		0,2	31	4	50	82
13/10/1995	06	4		0,2	36	5	59	76
13/10/1995	07	4		0,3	41	7	70	104
13/10/1995	08	5		0,5	45	11	80	80
13/10/1995	09	5		0,4	45	9	77	106
13/10/1995	10	4		0,3	42	7	70	138
13/10/1995	11	3		0,4	40	8	69	138
13/10/1995	12	3		0,3	36	4	58	143
13/10/1995	13	3		0,3	28	6	49	139
13/10/1995	14	3		0,3				139
13/10/1995	15	3		0,4	27	4	44	137
13/10/1995	16	3		0,4	27	6	46	136
13/10/1995	17	3		0,4	24	5	41	135
13/10/1995	18	3		0,6	21	7	38	123
13/10/1995	19	3		0,8	17	10	36	105
13/10/1995	20	3		0,7	16	12	36	81
13/10/1995	21	3		0,9	17	15	41	61
13/10/1995	22	3		0,8	16	15	39	64
13/10/1995	23	3		0,6	14	13	34	72
14/10/1995	00	3		0,8	14	14	35	51
14/10/1995	01	3		0,8	14	12	34	53
14/10/1995	02	3		0,7	13	8	29	68
14/10/1995	03	3		0,5	14	4	26	89
14/10/1995	04	3		0,5	16	8	32	61
14/10/1995	05	3		0,5	21	8	39	60
14/10/1995	06	3		0,4	26	6	45	70
14/10/1995	07	3		0,5	28	8	52	69
14/10/1995	08	3		0,4	30	6	51	78
14/10/1995	09	3		0,3	29	5	49	95
14/10/1995	10	3		0,3	28	4	46	121
14/10/1995	11	3		0,3	25	4	40	134
14/10/1995	12	3		0,2	23	4	37	141
14/10/1995	13	3		0,3	22	4	37	145
14/10/1995	14	3		0,3	26	5	43	141
14/10/1995	15	3		0,3	34	4	55	140
14/10/1995	16	3		0,4	43	5	70	142
14/10/1995	17	3		0,5	47	6	78	136
14/10/1995	18	3		0,5	41	5	67	123
14/10/1995	19	3		0,8	31	12	60	87
14/10/1995	20	3		1,1	24	13	50	73
14/10/1995	21	3		0,8	21	12	44	75
14/10/1995	22	3		0,6	19	10	38	74
14/10/1995	23	3		0,6	18	11	38	51
15/10/1995	00	3		0,7	20	11	41	46
15/10/1995	01	3		0,7	18	10	37	54
15/10/1995	02	3		0,5	16	8	31	77
15/10/1995	03	3		0,4	18	6	33	76
15/10/1995	04	3		0,5	24	7	43	58
15/10/1995	05	3		0,5	31	7	54	53
15/10/1995	06	3		0,5	36	7	62	60
15/10/1995	07	3		0,3	40	6	66	78
15/10/1995	08	3		0,3	42	5	68	91
15/10/1995	09	3		0,5	41	5	66	85
15/10/1995	10	3		0,5	39	5	64	95
15/10/1995	11	3		0,4	36	6	60	111
15/10/1995	12	3		0,5	31	7	55	128
15/10/1995	13	3		0,6	33	7	58	140
15/10/1995	14	3		0,4				142
15/10/1995	15	3		0,3	57	5	92	139
15/10/1995	16	3		0,4	69	5	109	136
15/10/1995	17	3		0,6	82	7	133	128
15/10/1995	18	3		0,7	74	10	124	103
15/10/1995	19	3		0,7	53	8	90	109
15/10/1995	20	3		0,6	35	11	64	94
15/10/1995	21	3		0,7	29	12	57	76
15/10/1995	22	3		0,7	25	14	53	72
15/10/1995	23	3		0,8	24	18	55	55
16/10/1995	00	3		0,9	23	15	51	56
16/10/1995	01	3		0,8	22	12	45	61
16/10/1995	02	3		0,6	23	7	41	75
16/10/1995	03	3		0,5	25	5	42	89
16/10/1995	04	3		0,4	30	5	51	80
16/10/1995	05	3		0,4	33	6	55	82
16/10/1995	06	3		0,3	35	7	59	80
16/10/1995	07	3		0,5	38	9	67	61
16/10/1995	08	5		0,7	47	12	84	66
16/10/1995	09	3		0,5	46	8	78	79
16/10/1995	10	3		0,4	44	7	75	116
16/10/1995	11	5		0,3	42	5	70	140
16/10/1995	12	3		0,4	39	6	65	142
16/10/1995	13	3		0,4	34	5	57	147
16/10/1995	14	3		0,4	34	5	57	145
16/10/1995	15	3		0,4	39	6	64	139
16/10/1995	16	3		0,4	49	5	79	136
16/10/1995	17	3		0,4	53	8	89	124
16/10/1995	18	3		0,5	51	12	90	96
16/10/1995	19	3		0,6	33	11	61	94
16/10/1995	20	3		0,8	30	16	62	63
16/10/1995	21	4		0,9	27	19	60	54
16/10/1995	22	7		1,1	30	20	66	46
16/10/1995	23	3		0,9	25	14	53	50
17/10/1995	00	3		0,8	21	14	46	57
17/10/1995	01	3		0,6	21	7	38	67
17/10/1995	02	3		0,3	21	5	35	64
17/10/1995	03	3		0,3	23	5	39	70
17/10/1995	04	3		0,4	30	9	54	48
17/10/1995	05	3		0,3	38	8	66	62
17/10/1995	06	3		0,4	45	6	75	72
17/10/1995	07	3		0,6	51	10	88	62
17/10/1995	08	3		0,9	59	12	102	64
17/10/1995	09	6		0,8	57	14	102	82
17/10/1995	10	4		0,5	52	7	87	120
17/10/1995	11	3		0,4	46	4	74	132
17/10/1995	12	3		0,4	41	5	67	140
17/10/1995	13	3		0,4	37	4	59	137
17/10/1995	14	5		0,3				138
17/10/1995	15	6		0,4	39	5	63	132
17/10/1995	16	6		0,4	45	5	74	131
17/10/1995	17	5		0,4	48	6	78	130
17/10/1995	18	4		0,5	38	6	63	126
17/10/1995	19	4		0,6	29	7	51	123
17/10/1995	20	3		0,5	24	9	45	103
17/10/1995	21	3		0,6	22	12	45	78
17/10/1995	22	5		0,9	21	21	53	50
17/10/1995	23	5		1	21	18	51	50
18/10/1995	00	6		0,9	21	13	45	58
18/10/1995	01	6		0,6	21	9	41	72
18/10/1995	02	4		0,5	28	6	48	86
18/10/1995	03	3		0,4	22	6	38	76
18/10/1995	04	3		0,3	27	6	48	69
18/10/1995	05	4		0,3	35	6	59	58
18/10/1995	06	3		0,3	37	6	62	62
18/10/1995	07	4		0,3	38	6	64	75
18/10/1995	08	6		0,5	40	10	72	73
18/10/1995	09	8		0,4	42	8	73	95
18/10/1995	10	10		0,5	42	7	71	117
18/10/1995	11	5		0,3	37	4	61	134
18/10/1995	12	5		0,3	33	4	53	144
18/10/1995	13	5		0,2	28	5	47	150
18/10/1995	14	4		0,4	28	5	47	146
18/10/1995	15	5		0,3	34	4	56	145
18/10/1995	16	5		0,4	43	5	71	149
18/10/1995	17	4		0,4	45	7	75	140
18/10/1995	18	3		0,5	34	8	60	122
18/10/1995	19	4		0,8	25	15	54	77
18/10/1995	20	4		0,8	21	16	49	68
18/10/1995	21	5		1,1	24	20	57	51
18/10/1995	22	5		1,1	26	19	59	49
18/10/1995	23	4		0,7	18	13	40	59
19/10/1995	00	4		0,7	17	11	36	53
19/10/1995	01	3		0,5	17	10	36	48
19/10/1995	02	3		0,5	18	10	38	52
19/10/1995	03	4		0,3	18	7	34	72
19/10/1995	04	4		0,2	21	4	33	89
19/10/1995	05	3		0,2	25	4	41	75
19/10/1995	06	3		0,2	28	7	50	62
19/10/1995	07	3		0,4	28	8	51	53
19/10/1995	08	5		0,6	30	11	56	54
19/10/1995	09	6		0,6	34	12	64	65
19/10/1995	10	6		0,4	34	10	60	79
19/10/1995	11	9		0,4	37	11	67	106
19/10/1995	12	6		0,4	36	8	62	129
19/10/1995	13	3		0,3	33	5	55	146
19/10/1995	14	5		0,2				147
19/10/1995	15	5		0,3	34	6	57	145
19/10/1995	16	4		0,4	31	5	52	142
19/10/1995	17	5		0,4	23	8	43	132
19/10/1995	18	5		0,6	21	9	41	118
19/10/1995	19	5		0,9	19	15	44	91
19/10/1995	20	6		1	20	19	50	68
19/10/1995	21	6		1,2	22	21	55	55
19/10/1995	22	14		2,7	44	24	91	49
19/10/1995	23	12		2	32	21	69	47
20/10/1995	00	9		0,9	15	16	39	57
20/10/1995	01	8		0,6	15	9	32	77
20/10/1995	02	7		0,3	14	4	26	98
20/10/1995	03	6		0,2	15	5	27	90
20/10/1995	04	9		0,2	17	7	33	99
20/10/1995	05	6		0,3	24	6	42	82
20/10/1995	06	5		0,3	31	7	54	63
20/10/1995	07	6		0,5	31	9	56	65
20/10/1995	08	7		0,5	30	10	56	82
20/10/1995	09	11		0,5	65	12	111	89
20/10/1995	10	11		0,4	29	9	53	110
20/10/1995	11	8		0,4	24	6	42	142
20/10/1995	12	8		0,4	21	6	38	155
20/10/1995	13	8		0,4	21	6	38	158
20/10/1995	14	6		0,5	20	5	35	157
20/10/1995	15	5		0,4	20	6	35	154
20/10/1995	16	4		0,4	22	5	38	159
20/10/1995	17	3		0,4	19	5	35	147
20/10/1995	18	3		0,6	15	9	32	124
20/10/1995	19	3		0,7	14	11	33	102
20/10/1995	20	3		0,8	13	12	32	89
20/10/1995	21	7		1,7	24	23	59	50
20/10/1995	22	9		2,5	25	24	63	50
20/10/1995	23	4		1,2	15	16	39	63
21/10/1995	00	5		0,8	14	11	33	77
21/10/1995	01	5		0,7	13	10	30	81
22/10/1995	00	5		0,8	14	11	33	77
22/10/1995	01	4		0,7	13	10	30	84
22/10/1995	02	5		0,6	14	7	28	85
22/10/1995	03	5		0,6	14	7	29	87
22/10/1995	04	5		0,5	19	6	35	89
22/10/1995	05	6		0,5	26	6	46	85
22/10/1995	06	6		0,5	31	6	53	88
22/10/1995	07	5		0,5	34	7	59	89
22/10/1995	08	5		0,5	38	7	64	88
22/10/1995	09	6		0,5	40	6	66	96
22/10/1995	10	7		0,6	39	8	67	99
22/10/1995	11	6		0,5	42	7	71	117
22/10/1995	12	5		0,6	45	5	70	126
22/10/1995	13	5		0,5	39	5	65	128
22/10/1995	14	5		0,4	36	5	58	133
22/10/1995	15	5		0,4	41	4	64	135
22/10/1995	16	4		0,5	43	5	69	133
22/10/1995	17	4		0,5	38	6	63	128
22/10/1995	18	4		0,7	27	8	49	115
22/10/1995	19	3		0,7	25	8	46	104
22/10/1995	20	3		0,7	22	10	44	87
22/10/1995	21	4		0,7	23	10	45	81
22/10/1995	22	5		0,6	21	10	40	88
22/10/1995	23	6		0,5	20	6	35	99
23/10/1995	00	6		0,5	18	7	35	93
23/10/1995	01	8		0,9	17	6	33	89
23/10/1995	02	6		0,6	17	5	31	88
23/10/1995	03	7		0,5	18	5	33	89
23/10/1995	04	6		0,5	28	5	47	88
23/10/1995	05	6		0,5	35	6	59	88
23/10/1995	06	5		0,5	43	5	70	79
23/10/1995	07	6		0,6	46	7	77	69
23/10/1995	08	9		0,8	50	12	89	66
23/10/1995	09	7		1,1	48	12	86	75
23/10/1995	10	9		0,7	47	9	81	99
23/10/1995	11	5		0,5	44	5	73	128
23/10/1995	12	3		0,5	47	6	76	135
23/10/1995	13	3		0,5	37	5	61	132
23/10/1995	14			0,3				133
23/10/1995	15	4		0,4	40	5	65	131
23/10/1995	16	4		0,4	32	4	53	130
23/10/1995	17	4		0,4	31	5	51	126
23/10/1995	18	3		0,5	25	7	45	111
23/10/1995	19	5		0,6	21	10	41	88
23/10/1995	20	5		0,8	20	14	45	70
23/10/1995	21	8		1,1	26	18	58	49
23/10/1995	22	13		1,2	27	18	59	47
23/10/1995	23	10		0,7	18	12	39	63
24/10/1995	00	10		0,6	16	10	34	75
24/10/1995	01	11		0,5	16	9	32	82
24/10/1995	02	8		0,5	16	6	31	91
24/10/1995	03	7		0,5	19	6	35	78
24/10/1995	04	5		0,5	28	7	49	65
24/10/1995	05	4		0,5	45	18	86	48
24/10/1995	06	4		0,5	52	10	90	46
24/10/1995	07	4		0,5	57	11	97	46
24/10/1995	08	4		0,7	62	8	103	52
24/10/1995	09	5		0,7	60	11	103	57
24/10/1995	10	7		0,7	61	9	101	71
24/10/1995	11	8		0,5	58	7	95	112
24/10/1995	12	4		0,4	52	5	84	137
24/10/1995	13	3		0,3	47	4	76	140
24/10/1995	14	3		0,4	61	11	103	144
24/10/1995	15	3		0,4	41	4	66	136
24/10/1995	16	3		0,5	36	14	69	136
24/10/1995	17	3		0,5	26	6	44	124
24/10/1995	18	3		0,6	23	4	38	117
24/10/1995	19	3		0,9	26	11	50	84
24/10/1995	20	4		1,3	27	15	56	51
24/10/1995	21	4		1,6	33	16	67	48
24/10/1995	22	5		1,3	32	17	66	49
24/10/1995	23	11		2,8	50	21	98	49
25/10/1995	00	10		1,7	34	18	71	45
25/10/1995	01	6		0,7	19	11	39	61
25/10/1995	02	3		0,6	18	8	35	59
25/10/1995	03	4		0,7	21	9	41	46
25/10/1995	04	4		0,6	29	11	56	45
25/10/1995	05	4		0,6	38	10	68	50
25/10/1995	06	4		0,5	42	7	71	63
25/10/1995	07	4		0,7	47	11	83	52
25/10/1995	08	3		0,6	50	10	87	57
25/10/1995	09	5		0,6	50	7	82	73
25/10/1995	10	5		0,6	50	6	82	104
25/10/1995	11	10		0,5	44	4	72	129
25/10/1995	12	10		0,4	37	5	60	147
25/10/1995	13	9		0,5	34	5	56	151
25/10/1995	14			0,3				151
25/10/1995	15	4		0,3	54	4	87	151
25/10/1995	16	4		0,4	70	5	110	147
25/10/1995	17	4		0,4	71	6	114	137
25/10/1995	18	3		0,8	50	8	83	108
25/10/1995	19	3		0,6	31	10	57	94
25/10/1995	20	3		0,9	27	18	60	58
25/10/1995	21	8		1	27	19	61	49
25/10/1995	22	6		1,5	28	20	63	46
25/10/1995	23	6		1,1	20	14	45	53
26/10/1995	00	6		0,8	19	11	41	62
26/10/1995	01	5		0,6	19	8	36	77
26/10/1995	02	3		0,6	18	8	36	56
26/10/1995	03	3		0,5	19	11	40	52
26/10/1995	04	4		0,4	25	7	46	72
26/10/1995	05	4		0,3	35	7	59	70
26/10/1995	06	3		0,3	51	6	83	54
26/10/1995	07	4		0,5	63	10	106	47
26/10/1995	08	7		0,7	73	12	124	51
26/10/1995	09	9		0,4	71	10	118	67
26/10/1995	10	10		0,5	67	12	114	83
26/10/1995	11	6		0,5	53	8	89	123
26/10/1995	12	3		0,4	43	5	70	141
26/10/1995	13	3		0,4	39	4	64	143
26/10/1995	14	3		0,4	40	5	65	146
26/10/1995	15	3		0,5	49	5	79	145
26/10/1995	16	4		0,5	61	6	99	142
26/10/1995	17	3		0,5	63	7	103	123
26/10/1995	18	3		0,8	47	11	83	93
26/10/1995	19	3		0,8	32	11	58	88
26/10/1995	20	3		1,1	33	15	66	56
26/10/1995	21	10		2	47	19	91	48
26/10/1995	22	10		2,1	46	19	89	46
26/10/1995	23	9		1,5	27	18	58	46
27/10/1995	00	7		1,4	25	16	54	46
27/10/1995	01	4		0,8	20	12	42	48
27/10/1995	02	3		0,4	20	6	36	58
27/10/1995	03	3		0,3	21	7	38	64
27/10/1995	04	3		0,5	23	10	44	58
27/10/1995	05	3		0,3	30	6	52	62
27/10/1995	06	3		0,3	37	6	62	65
27/10/1995	07	3		0,4	44	9	75	61
27/10/1995	08	5		0,6	52	12	92	57
27/10/1995	09	7		0,4	55	9	94	81
27/10/1995	10	6		0,3	51	7	85	100
27/10/1995	11	3		0,3	45	7	76	107
27/10/1995	12	3		0,3	37	7	64	124
27/10/1995	13	4		0,5	33	6	56	149
27/10/1995	14			0,4				149
27/10/1995	15	6		0,5	81	4	124	146
27/10/1995	16	5		0,5	112	5	176	134
27/10/1995	17	5		0,7	107	9	173	123
27/10/1995	18	3		0,7	64	9	106	112
27/10/1995	19	3		1	37	13	70	90
27/10/1995	20	4		1,1	31	19	66	72
27/10/1995	21	4		1,2	26	17	57	72
27/10/1995	22	7		2	35	20	74	49
27/10/1995	23	8		2,2	41	17	79	47
28/10/1995	00	7		1,7	38	13	72	47
28/10/1995	01	7		1	28	15	58	46
28/10/1995	02	6		0,8	24	14	50	47
28/10/1995	03	6		0,7	22	13	48	50
28/10/1995	04	6		0,6	31	12	59	51
28/10/1995	05	5		0,5	44	9	76	58
28/10/1995	06	5		0,5	56	11	96	52
28/10/1995	07	6		0,6	68	9	113	51
28/10/1995	08	6		0,5	76	11	127	60
28/10/1995	09	7		0,5	71	8	116	68
28/10/1995	10	8		0,5	62	10	105	78
28/10/1995	11	9		0,4	55	8	92	110
28/10/1995	12	8		0,3	47	7	79	132
28/10/1995	13	8		0,3	40	6	67	140
28/10/1995	14	9		0,4	38	8	65	132
28/10/1995	15	8		0,4	37	7	62	123
28/10/1995	16	8		0,4	33	6	57	127
28/10/1995	17	9		0,5	28	8	51	104
28/10/1995	18	7		0,6	24	11	48	78
28/10/1995	19	9		1,3	26	17	56	57
28/10/1995	20	8		1,7	29	18	63	48
28/10/1995	21	5		1,4	26	15	56	47
28/10/1995	22	6		1,7	30	16	61	48
28/10/1995	23	5		1,6	31	12	59	47
29/10/1995	00	4		1,1	24	11	48	46
29/10/1995	01	3		0,9	24	12	48	46
29/10/1995	02	3		0,9	23	11	47	46
29/10/1995	03	4		1	26	11	51	47
29/10/1995	04	4		0,9	33	11	62	47
29/10/1995	05	5		0,8	40	12	75	49
29/10/1995	06	5		0,5	45	8	76	61
29/10/1995	07	6		0,5	51	7	84	69
29/10/1995	08	5		0,4	52	7	87	67
29/10/1995	09	5		0,4	50	7	83	82
29/10/1995	10	6		0,4	45	5	74	103
29/10/1995	11	6		0,5	38	8	66	123
29/10/1995	12	7		0,4	39	6	64	124
29/10/1995	13	7		0,3	49	5	80	128
29/10/1995	14			0,2				130
29/10/1995	15	7		0,3	101	5	155	134
29/10/1995	16	6		0,6	105	12	171	135
29/10/1995	17	7		0,6	103	8	166	124
29/10/1995	18	6		0,7	81	9	133	114
29/10/1995	19	5		0,8	48	13	87	81
29/10/1995	20	6		0,8	36	17	72	60
29/10/1995	21	8		1,1	37	20	76	48
29/10/1995	22	6		1	25	17	55	56
29/10/1995	23	9		0,8	23	12	47	62
30/10/1995	00	8		0,5	21	9	40	76
30/10/1995	01	5		0,3	19	7	36	87
30/10/1995	02	5		0,2	18	5	33	89
30/10/1995	03	6		0,2	21	5	37	88
30/10/1995	04	4		0,2	33	4	54	89
30/10/1995	05	5		0,2	45	5	73	84
30/10/1995	06	7		0,2	55	6	89	89
30/10/1995	07	6		0,2	58	8	96	80
30/10/1995	08	7		0,6	62	14	109	63
30/10/1995	09	7		0,3	61	8	98	75
30/10/1995	10	9		0,3	51	8	86	87
30/10/1995	11	8		0,3	44	7	74	105
30/10/1995	12	6		0,3	37	5	60	134
30/10/1995	13	5		0,3	31	5	53	137
30/10/1995	14	6		0,4	36	5	59	141
30/10/1995	15	7		0,3	46	5	75	140
30/10/1995	16	7		0,4	63	7	101	135
30/10/1995	17	8		0,5	61	6	100	127
30/10/1995	18	4		0,6	44	7	73	112
30/10/1995	19	3		0,8	33	13	63	81
30/10/1995	20	7		0,9	28	19	61	57
30/10/1995	21	17		0,9	24	20	56	53
30/10/1995	22	12		1,2	25	19	57	48
30/10/1995	23	8		0,8	22	14	48	56
31/10/1995	00	11		0,7	21	15	47	55
31/10/1995	01	7		0,8	19	14	43	59
31/10/1995	02	6		0,8	19	9	38	71
31/10/1995	03	5		0,5	20	8	39	73
31/10/1995	04	6		0,3	31	8	56	71
31/10/1995	05	6		0,3	54	7	89	71
31/10/1995	06	6		0,3	62	7	101	81
31/10/1995	07	7		0,6	59	11	101	78
31/10/1995	08	7		0,6	56	9	95	63
31/10/1995	09	6		0,6	57	8	95	67
31/10/1995	10	7		0,6	58	13	102	68
31/10/1995	11	7		0,6	55	11	96	72
31/10/1995	12	4		0,6				112
31/10/1995	13			0,4				128
31/10/1995	14	3		0,4	2	4	6	130
31/10/1995	15	3		0,3	2	4	6	130
31/10/1995	16	3		0,3	2	4	6	125
31/10/1995	17	3		0,4	2	4	6	121
31/10/1995	18	3		0,5	2	4	6	118
31/10/1995	19	3		0,4	2	4	6	129
31/10/1995	20	3		0,5	2	4	6	129
31/10/1995	21	3		0,5	2	4	6	124
31/10/1995	22	3		0,4	2	4	6	112
31/10/1995	23	4		0,6	2	4	6	68
01/11/1995	00	5		0,7	2	4	6	65
01/12/1995	01	3	22	0,8	2	4	6	46
01/12/1995	02	3	22	0,7	2	4	6	51
01/12/1995	03	3	22	0,5	2	4	6	55
01/12/1995	04	3	22	0,4	2	4	6	58
01/12/1995	05	3	21	0,4	2	4	6	56
01/12/1995	06	3	21	0,4	2	4	6	80
01/12/1995	07	3	21	0,4	2	4	6	66
01/12/1995	08	3	22	0,6	2	4	6	70
01/12/1995	09	3	22	0,6	2	4	6	80
01/12/1995	10	4	22	0,4	2	4	6	86
01/12/1995	11	5	22	0,4	2	4	6	98
01/12/1995	12	5	22	0,3	74	19	132	101
01/12/1995	13		21	0,4				
01/12/1995	14	21	22	0,4	122	29	217	113
01/12/1995	15	14	22	0,5	23	16	50	101
01/12/1995	16	13	22	0,5	2	4	6	94
01/12/1995	17	12	22	0,8	2	4	6	75
01/12/1995	18	12	22	0,7	2	4	6	62
01/12/1995	19	13	22	0,6	2	4	6	73
01/12/1995	20	14	22	0,8	2	4	6	51
01/12/1995	21	14	22	0,8	2	4	6	51
01/12/1995	22	14	22	0,7	2	4	6	65
01/12/1995	23	14	22	0,5	2	4	6	83
02/12/1995	00	14	22	0,6	2	4	6	85
02/12/1995	01	13	22	0,5	2	4	6	78
02/12/1995	02	11	22	0,7	2	4	6	51
02/12/1995	03	13	22	0,4	2	4	6	70
02/12/1995	04	13	22	0,4	2	4	6	67
02/12/1995	05	10	21	0,5	2	4	6	52
02/12/1995	06	10	21	0,5	2	4	6	51
02/12/1995	07	10	21	0,5	2	4	6	47
02/12/1995	08	10	21	0,5	2	4	6	50
02/12/1995	09	11	21	0,4	2	4	6	57
02/12/1995	10	15	21	0,4	2	4	6	62
02/12/1995	11	16	21	0,5	2	4	6	79
02/12/1995	12	17	21	0,4	2	4	6	99
02/12/1995	13		21	0,4				108
02/12/1995	14	6	21	0,3	72	43	154	121
02/12/1995	15	6	21	0,3	33	22	73	120
02/12/1995	16	5	21	0,5	20	24	54	107
02/12/1995	17	5	21	0,5	9	32	46	83
02/12/1995	18	5	22	1	15	40	64	56
02/12/1995	19	6	22	1,1	58	49	138	50
02/12/1995	20	7	22	1,4	90	54	191	50
02/12/1995	21	6	21	1,3	74	54	166	47
02/12/1995	22	6	21	1,3	51	44	122	46
02/12/1995	23	4	21	1	24	35	71	47
03/12/1995	00	3	21	0,7	2	12	14	45
03/12/1995	01	3	21	0,5	2	4	6	48
03/12/1995	02	3	21	0,4	2	4	6	62
03/12/1995	03	3	21	0,3	2	4	6	63
03/12/1995	04	3	21	0,3	2	4	6	63
03/12/1995	05	3	21	0,2	2	4	6	70
03/12/1995	06	3	21	0,3	2	4	6	67
03/12/1995	07	3	21	0,3	2	4	6	67
03/12/1995	08	3	21	0,3	2	4	6	90
03/12/1995	09	3	21	0,3	2	4	6	95
03/12/1995	10	5	21	0,3	2	4	6	96
03/12/1995	11	5	21	0,3	18	11	39	103
03/12/1995	12	5	21	0,2	47	24	97	103
03/12/1995	13	6	21	0,3	23	22	58	106
03/12/1995	14	5	21	0,3	19	16	45	107
03/12/1995	15	5	21	0,2	16	17	42	105
03/12/1995	16	5	21	0,3	6	16	25	102
03/12/1995	17	4	21	0,3	2	15	15	95
03/12/1995	18	3	21	0,3	2	18	18	87
03/12/1995	19	3	21	0,4	5	23	31	77
03/12/1995	20	4	21	0,3	11	18	34	89
03/12/1995	21	4	21	0,3	16	20	44	85
03/12/1995	22	5	21	0,3	24	18	55	89
03/12/1995	23	4	21	0,3	34	21	73	89
04/12/1995	00	4	21	0,3	45	22	91	67
05/12/1995	01	3	21	0,2	2	4	6	99
05/12/1995	02	3	21	0,2	2	4	6	101
05/12/1995	03	3	21	0,2	2	4	6	97
05/12/1995	04	3	21	0,2	2	4	6	95
05/12/1995	05	3	21	0,2	2	4	6	91
05/12/1995	06	3	21	0,2	2	4	6	93
05/12/1995	07	3	21	0,2	2	4	6	84
05/12/1995	08	3	21	0,3	2	4	6	83
05/12/1995	09	4	21	0,2	2	4	6	87
05/12/1995	10	4	21	0,2	2	4	6	93
05/12/1995	11	3	21	0,2	2	4	6	88
05/12/1995	12	5	21	0,3	2	4	6	87
05/12/1995	13	6	21	0,4	2	4	6	93
05/12/1995	14	5	21	0,4	2	4	6	96
05/12/1995	15	3	21	0,3	2	4	6	99
05/12/1995	16	3	21	0,3	2	4	6	100
05/12/1995	17	4	21	0,4	2	4	6	92
05/12/1995	18	5	21	0,6	2	4	6	74
05/12/1995	19	5	21	0,6	2	9	9	80
05/12/1995	20	4	21	0,6	3	13	17	80
05/12/1995	21	3	21	0,4	5	15	23	82
05/12/1995	22	4	21	0,4	2	7	9	81
05/12/1995	23	3	21	0,3	2	4	6	85
06/12/1995	00	3	21	0,3	2	4	6	83
06/12/1995	01	3	21	0,3	2	4	6	84
06/12/1995	02	3	21	0,3	2	4	6	76
06/12/1995	03	3	21	0,3	2	4	6	79
06/12/1995	04	3	21	0,2	2	4	6	77
06/12/1995	05	3	21	0,3	2	4	6	73
06/12/1995	06	3	21	0,3	2	4	6	79
06/12/1995	07	3	21	0,3	2	4	6	66
06/12/1995	08	3	21	0,3	2	4	6	56
06/12/1995	09	9	21	0,4	2	4	6	59
06/12/1995	10	6	21	0,8	2	4	6	74
06/12/1995	11	8	21	0,6	2	4	6	92
06/12/1995	12	11	21	0,3	2	4	6	101
06/12/1995	13		21	0,3				107
06/12/1995	14	12	21	0,3	27	24	65	112
06/12/1995	15	10	21	0,4	23	32	67	111
06/12/1995	16	8	21	0,5	11	27	44	109
06/12/1995	17	7	21	0,6	7	27	38	95
06/12/1995	18	7	21	0,7	14	34	56	86
06/12/1995	19	7	21	0,8	24	45	81	74
06/12/1995	20	11	21	0,9	35	38	93	65
06/12/1995	21	13	21	0,9	30	34	80	72
06/12/1995	22	13	21	0,8	25	32	70	70
06/12/1995	23	12	21	0,7	16	27	51	72
07/12/1995	00	10	21	0,7	9	27	40	69
07/12/1995	01	8	21	0,7	3	15	17	68
07/12/1995	02	5	21	0,7	2	9	9	69
07/12/1995	03	4	21	0,6	2	4	6	67
07/12/1995	04	4	21	0,6	2	4	6	69
07/12/1995	05	3	21	0,6	2	4	6	53
07/12/1995	06	3	21	0,6	2	4	6	45
07/12/1995	07	3	21	0,6	2	4	6	45
07/12/1995	08	4	21	1,4	2	4	6	46
07/12/1995	09	11	21	1,1	2	4	6	52
07/12/1995	10	9	21	0,7	2	4	6	79
07/12/1995	11	7	21	0,7	2	4	6	96
07/12/1995	12	7	21	0,6	3	9	12	101
07/12/1995	13	7	21	0,6	7	29	40	109
07/12/1995	14	6	21	0,6	14	21	43	114
07/12/1995	15	5	21	0,6	14	23	44	115
07/12/1995	16	4	21	0,8	5	35	42	109
07/12/1995	17	3	21	0,8	3	14	15	99
07/12/1995	18	5	21	0,9	3	20	24	85
07/12/1995	19	3	21	0,9	2	29	32	88
07/12/1995	20	5	21	1,1	13	27	47	71
07/12/1995	21	4	21	1,1	13	22	41	62
07/12/1995	22	4	21	1,1	14	32	55	53
07/12/1995	23	3	21	1,1	14	26	47	48
08/12/1995	00	3	21	1	4	22	29	49
08/12/1995	01	3	21	1	2	15	15	44
08/12/1995	02	3	21	1	2	4	6	45
08/12/1995	03	3	21	1	2	4	6	43
08/12/1995	04	3	21	1	2	4	6	43
08/12/1995	05	3	21	0,9	2	4	6	43
08/12/1995	06	3	21	0,9	2	4	6	43
08/12/1995	07	3	21	1	2	4	6	43
08/12/1995	08	3	21	1	2	4	6	44
08/12/1995	09	3	21	1,1	2	4	6	47
08/12/1995	10	3	21	1,1	2	4	6	50
08/12/1995	11	3	21	1	2	4	6	63
08/12/1995	12	3	21	0,9	2	6	9	86
08/12/1995	13		20	0,6				101
08/12/1995	14	3	21	0,5	4	10	14	106
08/12/1995	15	3	21	0,5	8	11	24	110
08/12/1995	16	3	21	0,4	7	11	22	106
08/12/1995	17	3	21	0,4	6	11	20	95
08/12/1995	18	3	21	0,7	10	19	35	81
08/12/1995	19	3	21	0,6	15	20	44	79
08/12/1995	20	3	21	0,8	17	25	52	68
08/12/1995	21	3	21	1,1	13	30	50	62
08/12/1995	22	3	21	1,3	6	30	38	54
08/12/1995	23	3	21	1,1	2	27	27	49
09/12/1995	00	3	21	0,9	2	17	15	51
09/12/1995	01	3	21	0,8	2	12	10	51
09/12/1995	02	3	21	0,7	2	7	6	54
09/12/1995	03	3	21	0,5	2	4	6	59
09/12/1995	04	3	21	0,5	2	4	6	52
09/12/1995	05	3	21	0,4	2	4	6	61
09/12/1995	06	3	21	0,5	2	4	6	69
09/12/1995	07	3	21	0,4	2	4	6	71
09/12/1995	08	3	21	0,4	2	4	6	79
09/12/1995	09	3	21	0,5	2	4	6	84
09/12/1995	10	3	21	0,5	2	4	6	91
09/12/1995	11	3	21	0,4	2	5	7	101
09/12/1995	12	4	21	0,4	5	12	18	101
09/12/1995	13	6	21	0,4	15	13	37	105
09/12/1995	14	3	21	0,4	23	15	51	107
09/12/1995	15	3	21	0,4	29	12	56	115
09/12/1995	16	3	21	0,4	24	11	48	109
09/12/1995	17	3	21	0,5	19	13	42	101
09/12/1995	18	3	21	0,5	20	12	42	102
09/12/1995	19	3	21	0,4	21	13	46	108
09/12/1995	20	3	21	0,4	25	12	51	110
09/12/1995	21	3	21	0,4	23	11	45	109
09/12/1995	22	3	21	0,4	21	9	40	112
09/12/1995	23	3	21	0,4	22	10	44	111
10/12/1995	00	3	21	0,4	23	10	45	108
10/12/1995	01	3	21	0,4	22	11	45	101
10/12/1995	02	3	21	0,4	23	13	47	97
10/12/1995	03	3	21	0,4	26	13	53	103
10/12/1995	04	3	21	0,3	32	13	61	104
10/12/1995	05	3	21	0,3	37	12	69	103
10/12/1995	06	3	21	0,3	35	14	68	99
10/12/1995	07	4	21	0,4	50	22	99	91
10/12/1995	08	3	21	0,4	22	16	50	80
10/12/1995	09	3	21	0,4	15	13	36	89
10/12/1995	10	3	21	0,4	25	14	52	101
10/12/1995	11	3	21	0,4	52	16	96	115
10/12/1995	12	3	21	0,4	58	19	108	117
10/12/1995	13		20	0,3				118
10/12/1995	14	4	21	0,3	2	4	6	122
10/12/1995	15	3	21	0,3	2	4	6	122
10/12/1995	16	3	21	0,3	2	4	6	121
10/12/1995	17	4	21	0,4	2	4	6	116
10/12/1995	18	3	21	0,4	2	4	6	116
10/12/1995	19	4	21	0,3	2	4	6	112
10/12/1995	20	3	21	0,6	2	4	6	83
10/12/1995	21	3	21	0,5	2	4	6	84
10/12/1995	22	3	21	0,4	2	4	6	101
10/12/1995	23	3	21	0,4	2	4	6	103
11/12/1995	00	3	21	0,3	2	4	6	102
11/12/1995	01	4	21	0,3	2	4	6	103
11/12/1995	02	3	21	0,3	2	4	6	109
11/12/1995	03	4	21	0,3	2	4	6	112
11/12/1995	04	3	21	0,3	2	4	6	113
11/12/1995	05	4	21	0,3	2	4	6	110
11/12/1995	06	4	21	0,3	2	4	6	107
11/12/1995	07	3	21	0,4	2	4	6	100
11/12/1995	08	5	21	0,6	2	4	6	84
11/12/1995	09	5	21	0,8	2	4	6	76
11/12/1995	10	4	21	0,5	2	5	6	110
11/12/1995	11	3	21	0,4	2	4	6	114
11/12/1995	12	4	21	0,4	2	4	6	114
11/12/1995	13	3	21	0,5	2	4	6	114
11/12/1995	14	3	21	0,4	2	4	6	118
11/12/1995	15	3	21	0,4	2	4	6	115
11/12/1995	16	3	21	0,4	2	4	6	115
11/12/1995	17	4	21	0,4	2	4	6	110
11/12/1995	18	3	21	0,5	2	4	6	107
11/12/1995	19	4	21	0,6	2	4	6	101
11/12/1995	20	3	21	0,7	2	4	6	90
11/12/1995	21	4	21	1	2	6	7	57
11/12/1995	22	5	21	0,8	2	4	6	53
11/12/1995	23	4	21	0,6	2	4	6	72
12/12/1995	00	4	21	0,4	2	4	6	83
12/12/1995	01	3	21	0,3	2	4	6	89
12/12/1995	02	4	21	0,3	2	4	6	89
12/12/1995	03	3	21	0,3	2	4	6	86
12/12/1995	04	3	21	0,3	2	4	6	79
12/12/1995	05	3	21	0,4	2	4	6	65
12/12/1995	06	3	21	0,4	2	4	6	65
12/12/1995	07	3	21	0,4	2	4	6	52
12/12/1995	08	3	21	0,4	4	7	13	50
12/12/1995	09	3	21	0,4	2	4	6	57
12/12/1995	10	3	21	0,4	2	4	6	66
12/12/1995	11	3	21	0,4	2	4	6	76
12/12/1995	12		21					
12/12/1995	13		21					
12/12/1995	14		21					
12/12/1995	15		21					
12/12/1995	16	4	21	0,6	4	40	46	48
12/12/1995	17	5	21	0,7	2	54	58	35
12/12/1995	18	5	21	0,9	5	68	76	21
12/12/1995	19	5	21	1,1	18	70	98	20
12/12/1995	20	6	21	1,6	24	81	118	9
12/12/1995	21	6	21	1,2	27	85	127	7
12/12/1995	22	6	21	1,1	11	80	96	4
12/12/1995	23	3	21	0,9	2	31	34	3
13/12/1995	00	4	21	0,8	2	36	39	4
13/12/1995	01	3	20	0,5	2	5	7	4
13/12/1995	02	3	20	0,4	2	4	6	15
13/12/1995	03	3	20	0,3	2	4	6	28
13/12/1995	04	3	20	0,2	19	7	34	34
13/12/1995	05	3	20	0,2	3	5	8	35
13/12/1995	06	3	20	0,2	2	4	6	37
13/12/1995	07	3	20	0,2	2	4	6	40
13/12/1995	08	3	20	0,3	2	6	8	34
13/12/1995	09	3	20	0,2	2	4	6	44
13/12/1995	10	4	20	0,2	2	4	6	58
13/12/1995	11	4	20	0,3	2	4	6	64
13/12/1995	12	3	20	0,2	2	4	6	72
13/12/1995	13	3	20	0,2	2	4	6	73
13/12/1995	14	3	20	0,3	2	4	6	77
13/12/1995	15	3	20	0,2	2	4	6	76
13/12/1995	16	3	20	0,2	2	4	7	70
13/12/1995	17	3	20	0,4	2	4	6	61
13/12/1995	18	3	20	0,5	2	7	10	49
13/12/1995	19	3	20	0,7	2	16	19	38
13/12/1995	20	5	20	1,1	2	46	49	17
13/12/1995	21	9	20	1,9	21	96	128	10
13/12/1995	22	12	20	2,4	40	89	150	6
13/12/1995	23	5	20	1,3	2	31	34	3
14/12/1995	00	4	20	0,7	2	4	6	7
14/12/1995	01	3	20	0,5	2	4	6	9
14/12/1995	02	3	20	0,5	2	4	6	14
14/12/1995	03	3	19	0,3	2	4	6	26
14/12/1995	04	3	19	0,2	2	4	6	35
14/12/1995	05	3	19	0,2	2	4	6	33
14/12/1995	06	3	19	0,2	2	4	6	28
14/12/1995	07	3	19	0,2	2	4	6	18
14/12/1995	08	3	19	0,5	2	4	6	7
14/12/1995	09	3	19	0,3	2	4	6	14
14/12/1995	10	4	19	0,3	2	4	6	14
14/12/1995	11	4	19	0,3	2	4	6	22
14/12/1995	12	5	20	0,4	2	4	6	24
14/12/1995	13	6	20	0,6	2	4	6	34
14/12/1995	14	7	20	0,6	2	4	6	36
14/12/1995	15	6	20	0,6	2	4	6	35
14/12/1995	16	4	20	0,7	4	35	41	26
14/12/1995	17	5	20	1	10	39	56	26
14/12/1995	18	8	20	0,9	12	51	70	12
14/12/1995	19	7	20	1,5	33	61	112	9
14/12/1995	20	8	20	1,4	24	55	92	5
14/12/1995	21	5	20	1,2	15	51	74	2
14/12/1995	22	4	20	0,9	3	35	38	8
14/12/1995	23	4	20	0,8	2	26	29	13
15/12/1995	00	3	20	0,7	2	20	23	16
15/12/1995	01	3	20	0,7	2	15	17	21
15/12/1995	02	3	20	0,7	2	9	11	24
15/12/1995	03	3	19	0,7	2	10	13	14
15/12/1995	04	3	19	0,7	2	6	9	17
15/12/1995	05	3	19	0,7	2	5	7	26
15/12/1995	06	3	19	0,7	2	5	8	25
15/12/1995	07	3	19	0,8	2	23	26	10
15/12/1995	08	3	19	1	5	31	39	3
15/12/1995	09	9	20	1,1	7	46	57	10
15/12/1995	10	6	20	0,9	3	31	35	26
15/12/1995	11	5	20	0,9	4	40	47	21
15/12/1995	12	5	20	1	10	36	51	17
15/12/1995	13	6	20	1,2	21	47	78	19
15/12/1995	14	6	20	1	24	22	59	49
15/12/1995	15	3	20	0,8	26	20	60	62
15/12/1995	16	3	20	0,8	49	35	111	61
15/12/1995	17	3	20	0,8	27	23	65	51
15/12/1995	18	3	20	1	31	24	71	47
15/12/1995	19	3	20	1,1	34	29	81	43
15/12/1995	20	3	20	1,1	44	35	102	12
15/12/1995	21	3	20	1,2	56	38	125	4
15/12/1995	22	3	20	1,1	56	35	121	3
15/12/1995	23	3	20	1,4	69	36	142	3
16/12/1995	00	3	20	1,3	64	33	131	2
16/12/1995	01	3	20	1,6	71	36	143	3
16/12/1995	02	3	20	1,5	72	31	141	2
16/12/1995	03	3	20	1,5	70	36	143	6
16/12/1995	04	3	20	1,2	57	32	119	3
16/12/1995	05	3	20	1,1	47	31	103	2
16/12/1995	06	3	20	1	39	31	91	3
16/12/1995	07	3	20	1	33	27	78	5
16/12/1995	08	3	20	0,8	25	19	58	9
16/12/1995	09	3	20	0,8	19	22	50	7
16/12/1995	10	3	20	0,8	17	19	45	10
16/12/1995	11	3	20	0,8	18	22	49	14
16/12/1995	12	3	20	0,8	20	21	52	19
16/12/1995	13	3	20	0,7	28	19	62	26
16/12/1995	14	3	20	0,7	39	20	80	51
16/12/1995	15	4	20	0,6	44	16	83	66
16/12/1995	16	3	20	0,7	7	6	18	63
16/12/1995	17	3	20	0,8	12	10	28	45
16/12/1995	18	4	20	1,3	40	17	78	34
16/12/1995	19	4	20	1,2	60	27	119	13
16/12/1995	20	5	20	2,5	92	46	187	17
16/12/1995	21	6	20	3,1	123	43	232	9
16/12/1995	22	5	20	2,7	82	37	163	6
16/12/1995	23	4	20	1,5	32	29	77	5
17/12/1995	00	4	20	1,2	34	23	75	2
17/12/1995	01	4	20	1,3	39	19	80	2
17/12/1995	02	4	20	1,2	20	21	51	2
17/12/1995	03	3	20	1,1	18	11	38	2
17/12/1995	04	3	19	0,9	2	4	6	2
17/12/1995	05	3	19	0,8	2	4	6	2
17/12/1995	06	3	19	0,6	2	4	6	8
17/12/1995	07	3	19	0,6	2	4	6	6
17/12/1995	08	3	19	0,6	2	4	6	15
17/12/1995	09	3	19	0,6	2	4	7	22
17/12/1995	10	3	20	0,4	2	4	6	35
17/12/1995	11	3	20	0,6	2	4	6	44
17/12/1995	12	3	20	0,6	2	4	6	50
17/12/1995	13	3	20	0,5	2	4	6	66
17/12/1995	14	3	20	0,4	2	4	6	72
17/12/1995	15	3	20	0,4	2	4	6	72
17/12/1995	16	3	20	0,4	2	4	6	68
17/12/1995	17	3	20	0,6	3	5	10	55
17/12/1995	18	3	20	1,2	25	33	72	27
17/12/1995	19	5	20	1,9	81	52	175	9
17/12/1995	20	5	20	1,7	37	43	100	18
17/12/1995	21	3	20	0,8	4	9	14	34
17/12/1995	22	3	20	1,3	4	11	17	19
17/12/1995	23	3	20	0,8	2	4	6	18
18/12/1995	00	3	20	0,8	2	4	6	28
18/12/1995	01	3	20	0,6	2	4	6	20
18/12/1995	02	3	19	0,6	2	4	6	18
18/12/1995	03	3	19	0,6	2	4	6	19
18/12/1995	04	3	19	0,5	2	4	6	14
18/12/1995	05	3	19	0,5	2	4	6	24
18/12/1995	06	3	19	0,3	2	4	6	24
18/12/1995	07	3	19	0,4	2	4	6	17
18/12/1995	08	3	19	0,4	2	4	6	19
18/12/1995	09	3	19	0,4	2	4	6	26
18/12/1995	10	4	19	0,5	2	4	6	28
18/12/1995	11	5	20	0,6	2	4	6	38
18/12/1995	12	6	20	0,6	2	4	6	47
18/12/1995	13	5	20	0,5	2	4	6	56
18/12/1995	14	4	20	0,5	2	4	6	70
18/12/1995	15	4	20	0,5	2	4	6	67
18/12/1995	16	4	20	0,5	4	22	28	60
18/12/1995	17	6	20	0,9	34	55	107	26
18/12/1995	18	5	20	0,7	15	46	69	28
18/12/1995	19	4	20	0,8	15	48	72	26
18/12/1995	20	6	20	1,9	45	67	136	24
18/12/1995	21	11	20	2,8	136	65	273	9
18/12/1995	22	9	20	2,4	106	58	221	4
18/12/1995	23	9	20	1,4	63	53	149	4
19/12/1995	00	8	20	1	32	54	103	2
19/12/1995	01	5	19	1	29	43	87	2
19/12/1995	02	3	20	0,7	6	33	42	2
19/12/1995	03	3	19	0,6	2	20	22	3
19/12/1995	04	3	19	0,6	2	11	13	4
19/12/1995	05	3	19	0,6	2	8	11	3
19/12/1995	06	3	19	0,6	2	22	24	2
19/12/1995	07	3	19	0,7	2	13	15	3
19/12/1995	08	4	19	0,6	2	22	24	3
19/12/1995	09	5	19	0,6	7	32	43	5
19/12/1995	10	7	19	0,6	3	23	27	13
19/12/1995	11	7	19	0,7	2	16	18	26
19/12/1995	12	7	20	0,7	2	18	20	29
19/12/1995	13	7	20	0,8	3	32	35	32
19/12/1995	14	7	20	0,7	2	33	36	35
19/12/1995	15	6	20	0,8	2	37	41	36
19/12/1995	16	6	20	0,8	3	40	45	29
19/12/1995	17	8	20	1,2	15	80	102	7
19/12/1995	18	6	20	1,5	26	75	115	6
19/12/1995	19	8	20	1,7	46	73	143	6
19/12/1995	20	9	20	1,8	52	71	151	5
19/12/1995	21	8	20	1,3	30	54	100	3
19/12/1995	22	5	20	0,9	17	39	65	4
19/12/1995	23	4	20	0,7	10	28	42	8
20/12/1995	00	4	20	0,7	6	25	35	9
20/12/1995	01	3	20	0,7	3	22	26	7
20/12/1995	02	4	20	0,7	5	35	43	2
20/12/1995	03	3	20	0,6	2	16	18	5
20/12/1995	04	4	19	0,8	4	23	28	3
20/12/1995	05	4	19	0,9	5	35	43	2
20/12/1995	06	4	19	0,8	2	28	30	2
20/12/1995	07	3	19	0,8	4	24	31	2
20/12/1995	08	3	19	0,7	5	27	35	2
20/12/1995	09	4	19	0,7	3	17	22	9
20/12/1995	10	4	19	0,6	2	6	8	19
20/12/1995	11	5	20	0,7	2	25	28	24
20/12/1995	12	6	20	0,8	2	28	30	39
20/12/1995	13	6	20	0,6	2	19	23	54
20/12/1995	14	4	20	0,6	2	12	15	64
20/12/1995	15	4	20	0,6	3	12	16	68
20/12/1995	16	3	20	0,6	5	6	14	63
20/12/1995	17	3	20	0,7	6	12	22	51
20/12/1995	18	4	20	1,2	25	47	86	19
20/12/1995	19	5	20	1,8	59	56	146	11
20/12/1995	20	3	20	0,9	26	31	70	21
20/12/1995	21	3	20	0,8	17	27	54	24
20/12/1995	22	3	20	1,1	28	42	85	6
20/12/1995	23	3	20	1,1	38	39	98	3
21/12/1995	00	3	20	0,9	33	30	81	10
21/12/1995	01	3	20	0,6	32	10	59	27
21/12/1995	02	3	20	0,6	34	8	60	37
21/12/1995	03	3	20	0,5	40	7	68	48
21/12/1995	04	3	20	0,5	44	7	74	42
21/12/1995	05	3	20	0,7	44	17	85	19
21/12/1995	06	3	20	0,7	32	19	69	14
21/12/1995	07	4	20	1,2	50	23	100	8
21/12/1995	08	4	19	1,7	70	29	136	3
21/12/1995	09	3	19	1	33	28	79	7
21/12/1995	10	4	20	0,6	6	17	27	15
21/12/1995	11	4	20	0,7	12	20	38	27
21/12/1995	12	5	20	0,7	17	19	45	43
21/12/1995	13	5	20	0,6	19	16	45	60
21/12/1995	14	3	20	0,6	19	6	34	68
21/12/1995	15	3	20	0,6	21	9	40	69
21/12/1995	16	3	20	0,6	20	11	42	58
21/12/1995	17	3	20	0,7	24	16	52	45
21/12/1995	18	3	20	1,1	40	55	117	16
21/12/1995	19	3	20	1,3	47	50	122	10
21/12/1995	20	5	20	2,4	121	53	239	17
21/12/1995	21	9	20	3,1	188	47	335	7
21/12/1995	22	9	20	2,7	193	37	333	2
21/12/1995	23	6	20	2	151	32	263	3
22/12/1995	00	5	19	1,4	111	31	202	2
22/12/1995	01	4	19	1,1	82	32	158	2
22/12/1995	02	4	19	1,3	92	32	173	2
22/12/1995	03	3	20	1,2	49	25	101	2
22/12/1995	04	3	20	1,1	27	21	61	2
22/12/1995	05	3	20	1	19	19	47	2
22/12/1995	06	3	20	0,9	10	19	34	2
22/12/1995	07	3	20	0,8	9	16	30	2
22/12/1995	08	3	19	1	24	20	57	2
22/12/1995	09	3	19	0,9	27	21	63	2
22/12/1995	10	3	19	0,8	19	28	56	2
22/12/1995	11	4	19	0,8	13	24	43	6
22/12/1995	12	6	20	0,8	9	26	40	11
22/12/1995	13	6	20	0,8	4	25	32	17
22/12/1995	14	7	20	0,9	6	29	39	24
22/12/1995	15	7	20	0,9	9	21	35	26
22/12/1995	16	5	20	1	10	34	49	24
22/12/1995	17	4	20	1	12	40	58	15
22/12/1995	18	5	20	1,4	31	51	98	6
22/12/1995	19	11	20	1,7	57	62	150	6
22/12/1995	20	20	20	1,8	74	62	175	5
22/12/1995	21	9	20	2,2	107	48	213	6
22/12/1995	22	7	20	1,7	87	50	183	3
22/12/1995	23	6	20	1,2	60	49	141	2
23/12/1995	00	5	20	0,8	43	31	96	5
24/12/1995	01	3	20	0,9	52	16	96	13
24/12/1995	02	3	20	0,8	51	15	93	16
24/12/1995	03	3	20	0,8	54	15	98	19
24/12/1995	04	3	20	0,7	62	12	107	22
24/12/1995	05	3	20	0,8	69	13	119	20
24/12/1995	06	3	20	0,8	69	15	121	18
24/12/1995	07	3	20	0,8	75	20	135	13
24/12/1995	08	3	20	0,9	68	19	123	10
24/12/1995	09	3	20	1,1	73	21	133	5
24/12/1995	10	4	20	1,1	67	25	128	9
24/12/1995	11	3	20	0,9	60	21	114	16
24/12/1995	12	4	20	0,7	56	9	94	37
24/12/1995	13	3	20	0,6	48	14	87	43
24/12/1995	14	3	20	0,4	43	7	72	57
24/12/1995	15	3	20	0,4	38	7	66	59
24/12/1995	16	3	20	0,5	8	6	19	56
24/12/1995	17	3	20	0,5	7	6	17	53
24/12/1995	18	3	20	0,5	9	7	20	52
24/12/1995	19	3	20	0,6	8	11	24	41
24/12/1995	20	3	20	0,7	7	11	21	33
24/12/1995	21	3	20	0,7	6	6	15	37
24/12/1995	22	3	20	0,6	4	4	10	38
24/12/1995	23	3	20	0,7	5	5	12	39
25/12/1995	00	3	20	0,7	4	6	12	36
25/12/1995	01	3	20	0,5	5	4	11	47
25/12/1995	02	3	20	0,4	5	5	12	46
25/12/1995	03	3	20	0,4	10	4	20	42
25/12/1995	04	3	20	0,6	18	6	35	37
25/12/1995	05	3	20	0,7	25	13	51	21
25/12/1995	06	3	20	0,6	28	10	53	25
25/12/1995	07	3	20	0,6	32	9	59	23
25/12/1995	08	3	20	0,6	33	13	62	11
25/12/1995	09	3	20	0,7	26	13	52	21
25/12/1995	10	3	20	0,7	27	8	50	34
25/12/1995	11	3	20	0,4	23	8	44	44
25/12/1995	12	3	20	0,6	18	6	34	48
25/12/1995	13	3	20	0,5	13	6	26	55
25/12/1995	14	3	20	0,4	9	5	19	58
25/12/1995	15	3	20	0,4	5	5	13	54
25/12/1995	16	3	20	0,4	2	4	7	56
25/12/1995	17	3	20	0,5	2	6	9	43
25/12/1995	18	3	20	0,6	5	9	17	33
25/12/1995	19	3	20	0,6	6	6	16	37
25/12/1995	20	3	20	0,6	7	8	18	36
25/12/1995	21	3	20	0,5	5	7	16	46
25/12/1995	22	3	20	0,4	6	4	12	52
25/12/1995	23	3	20	0,4	5	5	12	49
26/12/1995	00	3	20	0,4	4	4	9	52
26/12/1995	01	3	20	0,4	6	4	13	55
26/12/1995	02	3	20	0,4	5	4	10	47
26/12/1995	03	3	20	0,4	9	5	18	45
26/12/1995	04	3	20	0,4	19	4	34	47
26/12/1995	05	3	20	0,4	17	5	31	44
26/12/1995	06	3	20	0,5	15	5	28	38
26/12/1995	07	3	20	0,6	23	11	46	27
26/12/1995	08	3	20	0,6	24	12	49	30
26/12/1995	09	3	20	0,7	29	17	62	23
26/12/1995	10	3	20	0,6	25	12	50	36
26/12/1995	11	3	20	0,6	24	12	49	35
26/12/1995	12	3	20	0,6	25	6	43	41
26/12/1995	13	3	20	0,6	22	10	43	43
26/12/1995	14	3	20	0,5	21	6	39	65
26/12/1995	15	3	20	0,4	18	7	35	68
26/12/1995	16	3	20	0,4	2	7	10	71
26/12/1995	17	3	20	0,4	2	4	7	68
26/12/1995	18	3	20	0,4	2	7	10	66
26/12/1995	19	3	20	0,4	2	5	7	68
26/12/1995	20	3	20	0,4	2	4	7	73
26/12/1995	21	3	20	0,3	2	5	7	77
26/12/1995	22	3	20	0,3	2	4	6	78
26/12/1995	23	3	20	0,2	2	4	6	79
27/12/1995	00	3	20	0,2	2	4	6	77
27/12/1995	01	3	20	0,2	2	4	6	77
27/12/1995	02	3	20	0,2	2	5	7	75
27/12/1995	03	3	20	0,2	2	8	12	73
27/12/1995	04	3	20	0,2	4	14	21	72
27/12/1995	05	3	20	0,3	3	19	25	58
27/12/1995	06	3	20	0,3	9	29	43	38
27/12/1995	07	3	20	0,5	8	40	52	33
27/12/1995	08	3	20	0,7	6	51	60	16
27/12/1995	09	3	20	0,6	2	29	32	15
27/12/1995	10	5	20	0,6	2	11	14	27
27/12/1995	11	9	20	0,6	2	20	22	31
27/12/1995	12	6	20	0,7	6	55	65	17
27/12/1995	13	4	20	1	31	68	115	9
27/12/1995	14	4	20	0,7	20	53	83	24
27/12/1995	15	4	20	0,9	23	61	96	20
27/12/1995	16	3	20	1,1	27	72	113	10
27/12/1995	17	4	20	1,8	54	84	166	5
27/12/1995	18	3	20	1,4	43	83	149	3
27/12/1995	19	3	20	1,5	45	79	148	4
27/12/1995	20	3	20	1,7	51	73	150	3
27/12/1995	21	3	20	1,2	68	63	167	2
27/12/1995	22	3	20	0,7	26	53	93	5
27/12/1995	23	3	20	0,6	12	31	49	14
28/12/1995	00	3	20	0,6	40	44	105	23
28/12/1995	01	3	20	0,4	2	8	11	32
28/12/1995	02	3	20	0,5	2	6	9	22
28/12/1995	03	3	20	0,5	2	5	7	26
28/12/1995	04	3	20	0,4	2	4	6	36
28/12/1995	05	3	20	0,3	2	4	6	44
28/12/1995	06	3	20	0,3	2	4	6	37
28/12/1995	07	3	20	0,4	2	4	6	31
28/12/1995	08	3	20	0,4	2	4	6	32
28/12/1995	09	3	20	0,4	2	4	6	44
28/12/1995	10	3	20	0,4	2	4	6	55
28/12/1995	11	4	20	0,4	2	4	6	56
28/12/1995	13	3	20	0,4	2	4	7	68
28/12/1995	14	3	20	0,4	2	4	6	72
28/12/1995	15	3	20	0,3	2	4	6	72
28/12/1995	16	3	20	0,3	7	5	14	73
28/12/1995	17	3	20	0,4	6	4	13	71
28/12/1995	18	3	20	0,4	7	6	17	60
28/12/1995	19	4	20	0,5	7	7	18	57
28/12/1995	20	4	20	0,6	14	11	32	48
28/12/1995	21	3	20	1	38	32	90	20
28/12/1995	22	4	20	1,1	38	26	85	15
28/12/1995	23	3	20	0,7	18	15	42	21
29/12/1995	00	3	20	0,7	6	10	20	21
29/12/1995	01	3	20	0,6	3	4	7	27
29/12/1995	02	3	20	0,6	2	5	8	18
29/12/1995	03	3	20	0,7	2	4	6	10
29/12/1995	04	3	20	0,7	2	4	6	15
29/12/1995	05	3	20	0,8	2	4	6	4
29/12/1995	06	3	20	0,6	2	4	6	9
29/12/1995	07	3	20	0,7	2	4	6	4
29/12/1995	08	4	20	0,8	2	4	6	2
29/12/1995	09	4	20	0,9	2	8	11	4
29/12/1995	10	6	20	1,2	16	19	42	8
29/12/1995	11	5	20	0,9	2	5	7	11
29/12/1995	12	6	20	0,8	2	7	9	9
29/12/1995	13	6	20	0,9	3	27	31	9
29/12/1995	14	5	20	0,9	2	16	19	16
29/12/1995	15	4	20	1	4	27	34	16
29/12/1995	16	6	20	1,7	20	45	76	10
29/12/1995	17	5	20	1,8	27	49	90	9
29/12/1995	18	7	20	2,3	60	46	139	13
29/12/1995	19	6	20	1,9	63	44	139	6
29/12/1995	20	7	20	1,8	89	38	175	6
29/12/1995	21	6	20	2	111	30	201	5
29/12/1995	22	7	20	2,3	121	32	217	7
29/12/1995	23	6	20	2,2	96	23	169	3
30/12/1995	00	6	20	1,5	72	20	130	2
30/12/1995	01	4	20	1,6	78	17	137	3
30/12/1995	02	5	20	1,5	60	18	110	3
30/12/1995	03	4	20	1	15	24	48	2
30/12/1995	04	3	20	1	8	16	28	2
30/12/1995	05	3	20	1,1	14	16	38	2
30/12/1995	06	3	20	1,1	14	11	33	2
30/12/1995	07	3	20	1	7	11	22	2
30/12/1995	08	3	20	1	6	9	19	2
30/12/1995	09	3	20	1,1	12	9	27	3
30/12/1995	10	3	20	1	13	9	28	3
30/12/1995	11	3	20	1,1	3	13	19	6
30/12/1995	12	4	20	1,1	2	4	7	15
30/12/1995	13	4	20	1	5	18	25	15
30/12/1995	14	3	20	1	9	21	35	19
30/12/1995	15	5	20	0,8	10	9	25	23
30/12/1995	16	4	20	0,7	3	27	31	26
30/12/1995	17	4	20	0,7	3	18	21	27
30/12/1995	18	4	20	0,6	3	14	18	35
30/12/1995	19	4	20	0,6	3	13	17	37
30/12/1995	20	3	20	0,6	4	22	27	33
30/12/1995	21	4	20	1,2	11	46	64	15
30/12/1995	22	4	20	0,6	8	22	34	40
30/12/1995	23	3	20	0,6	8	25	37	41
31/12/1995	00	3	20	0,7	8	28	41	33
31/12/1995	01	3	20	0,5	9	22	37	45
31/12/1995	02	3	20	0,4	15	20	42	52
31/12/1995	03	3	20	0,4	22	20	54	52
31/12/1995	04	3	20	0,4	36	22	76	44
31/12/1995	05	3	20	0,4	33	21	71	51
31/12/1995	06	3	20	0,4	32	22	71	56
31/12/1995	07	3	20	0,4	37	23	79	63
31/12/1995	08	3	20	0,4	38	21	79	61
31/12/1995	09	3	20	0,4	39	23	83	58
31/12/1995	10	3	20	0,4	44	25	91	53
31/12/1995	11	3	20	0,5	35	26	80	56
31/12/1995	12	3	20	0,4	24	26	63	63
31/12/1995	13	3	20	0,4	17	22	47	72
31/12/1995	14	3	20	0,4	12	20	38	71
31/12/1995	15	3	20	0,4	7	21	33	69
31/12/1995	16	3	20	0,3	6	16	25	72
31/12/1995	17	3	20	0,3	4	18	24	67
31/12/1995	18	3	20	0,4	3	18	21	66
31/12/1995	19	3	20	0,5	2	13	16	61
31/12/1995	20	3	20	0,6	3	21	26	52
31/12/1995	21	3	20	0,7	5	42	49	34
31/12/1995	22	3	20	0,9	11	42	58	29
31/12/1995	23	3	20	1,1	21	39	71	22
