Red: Red de Vigilancia y Control de la Contaminación Atmosférica
Estación: 12124001-la Vall d Alba PM
	
FECHA	HORA	Veloc.	Direc.	Temp.	H.Rel.	R.Sol.	Precip.
		m/s	grados	°C	% H.R.	W/m²	l/m²
01/01/2025	00	0,1	87	5,2	93	0	0
01/01/2025	01	0,1	258	4,8	93	0	0
01/01/2025	02	0,1	312	4,4	94	0	0
01/01/2025	03	0,1	223	5,5	93	0	0
01/01/2025	04	0,2	320	5,4	94	0	0
01/01/2025	05	0,2	224	5,3	94	0	0
01/01/2025	06	0,3	281	6,7	93	0	0
01/01/2025	07	0,1	260	7	93	0	0
01/01/2025	08	0,1	136	6,7	93	9	0
01/01/2025	09	0,1	201	7	94	49	0
01/01/2025	10	0,1	290	8,2	93	71	0
01/01/2025	11	0,2	160	10,7	85	180	0
01/01/2025	12	0,7	57	11,2	75	135	0
01/01/2025	13	0,3	42	11,5	73	146	0
01/01/2025	14	0,5	80	11,8	72	156	0
01/01/2025	15	0,3	72	12	72	136	0
01/01/2025	16	0,1	80	11,6	71	56	0
01/01/2025	17	0,1	86	10,6	82	7	0
01/01/2025	18	0,1	11	9,9	84	0	0
01/01/2025	19	0,1	12	9,5	87	0	0
01/01/2025	20	0,1	0	9,2	90	0	0
01/01/2025	21	0,1	257	8,3	92	0	0
01/01/2025	22	0,2	271	6,8	93	0	0
01/01/2025	23	0,4	232	6,5	90	0	0
02/01/2025	00	0,1	235	5	93	0	0
02/01/2025	01	0,3	288	5,5	91	0	0
02/01/2025	02	0,2	223	4,7	89	0	0
02/01/2025	03	0,1	131	4,1	89	0	0
02/01/2025	04	0,2	8	2,4	94	0	0
02/01/2025	05	0,1	227	3,4	89	0	0
02/01/2025	06	0,1	158	2	88	0	0
02/01/2025	07	0,1	92	1,5	93	0	0
02/01/2025	08	0,2	41	2,6	94	9	0
02/01/2025	09	0,1	145	5,5	79	98	0
02/01/2025	10	0,1	120	7,9	71	261	0
02/01/2025	11	0,1	95	11,5	61	377	0
02/01/2025	12	0,2	116	13,4	52	454	0
02/01/2025	13	0,2	133	14,8	46	440	0
02/01/2025	14	0,1	120	16,5	42	431	0
02/01/2025	15	0,7	111	15,7	47	328	0
02/01/2025	16	0,5	98	13,9	58	162	0
02/01/2025	17	0,2	55	11,6	65	28	0
02/01/2025	18	0,3	356	9,5	77	0	0
02/01/2025	19	0,1	261	8,4	82	0	0
02/01/2025	20	0,1	171	6,8	87	0	0
02/01/2025	21	0,1	178	6	88	0	0
02/01/2025	22	0,1	159	5,7	85	0	0
02/01/2025	23	0,1	136	4,6	87	0	0
03/01/2025	00	0,1	159	4,3	85	0	0
03/01/2025	01	0,1	60	3,8	87	0	0
03/01/2025	02	0,1	123	3,3	86	0	0
03/01/2025	03	0,1	27	3,1	90	0	0
03/01/2025	04	0,1	93	2,5	87	0	0,2
03/01/2025	05	0,1	322	2,6	85	0	0
03/01/2025	06	0,1	349	1,9	87	0	0
03/01/2025	07	0,1	186	1,4	89	0	0
03/01/2025	08	0,1	184	1,3	87	12	0
03/01/2025	09	0,1	107	4,1	76	110	0
03/01/2025	10	0,1	181	8,7	62	263	0
03/01/2025	11	0,2	202	13,5	43	373	0
03/01/2025	12	0,1	153	16,2	36	413	0
03/01/2025	13	0,3	107	15,9	37	281	0
03/01/2025	14	0,1	130	17,5	32	305	0
03/01/2025	15	0,1	142	18,1	32	266	0
03/01/2025	16	0,1	78	15,9	41	72	0
03/01/2025	17	0,1	342	14,3	48	20	0
03/01/2025	18	0,1	319	12,9	49	0	0
03/01/2025	19	0,3	348	12,2	53	0	0
03/01/2025	20	0,1	251	11,4	58	0	0
03/01/2025	21	0,1	263	11,1	63	0	0
03/01/2025	22	0,1	306	10,3	68	0	0
03/01/2025	23	0,2	347	9,6	72	0	0
04/01/2025	00	0,1	47	9	73	0	0
04/01/2025	01	0,1	265	8,6	78	0	0
04/01/2025	02	0,2	338	8,2	79	0	0
04/01/2025	03	0,1	232	8	78	0	0
04/01/2025	04	0,2	34	8	77	0	0
04/01/2025	05	0,1	324	7,7	79	0	0
04/01/2025	06	0,1	230	7,4	78	0	0
04/01/2025	07	0,1	255	6,6	80	0	0
04/01/2025	08	0,1	20	5,8	87	11	0
04/01/2025	09	0,1	174	7,2	83	75	0
04/01/2025	10	0,1	152	11,1	69	216	0
04/01/2025	11	0,1	154	14,8	57	358	0
04/01/2025	12	0,1	137	17,1	51	418	0
04/01/2025	13	0,1	125	18	44	436	0
04/01/2025	14	0,2	81	18,2	44	364	0
04/01/2025	15	0,8	90	17,2	51	256	0
04/01/2025	16	0,8	75	14,5	69	128	0
04/01/2025	17	0,6	39	12,3	81	19	0
04/01/2025	18	0,2	7	10,1	87	0	0
04/01/2025	19	0,2	299	9,7	89	0	0
04/01/2025	20	0,1	140	9	90	0	0
04/01/2025	21	0,1	61	7,3	94	0	0
04/01/2025	22	0,1	34	6,2	93	0	0
04/01/2025	23	0,1	249	6,6	88	0	0
05/01/2025	00	0,1	22	5,4	94	0	0
05/01/2025	01	0,1	81	4,9	94	0	0
05/01/2025	02	0,1	159	4,7	94	0	0
05/01/2025	03	0,1	86	3,6	95	0	0
05/01/2025	04	0,1	172	4,1	92	0	0
05/01/2025	05	0,1	267	2,9	93	0	0
05/01/2025	06	0,1	87	2,6	95	0	0
05/01/2025	07	0,1	106	2,7	95	0	0,4
05/01/2025	08	0,1	98	3,2	94	23	0
05/01/2025	09	0,1	261	6,1	84	107	0
05/01/2025	10	0,1	164	7,1	82	209	0
05/01/2025	11	0,1	100	10	72	246	0
05/01/2025	12	0,1	144	12,4	65	343	0
05/01/2025	13	0,1	128	14,2	58	379	0
05/01/2025	14	0,1	126	15,3	56	330	0
05/01/2025	15	0,1	85	15,5	55	241	0
05/01/2025	16	0,3	86	13,5	59	93	0
05/01/2025	17	0,2	33	12	69	13	0
05/01/2025	18	0,1	293	10,4	80	0	0
05/01/2025	19	0,1	259	9,6	80	0	0
05/01/2025	20	0,1	246	9,2	81	0	0
05/01/2025	21	0,1	203	8,1	84	0	0
05/01/2025	22	0,1	359	7,4	88	0	0
05/01/2025	23	0,3	246	9,2	77	0	0
06/01/2025	00	0,4	238	9,7	67	0	0
06/01/2025	01	0,1	230	8,8	70	0	0
06/01/2025	02	0,2	277	9,1	66	0	0
06/01/2025	03	0,1	236	9,8	59	0	0
06/01/2025	04	0,1	257	8,6	65	0	0
06/01/2025	05	0,2	107	6,6	75	0	0
06/01/2025	06	0,1	238	6,8	75	0	0
06/01/2025	07	0,6	258	8,9	68	0	0
06/01/2025	08	1,3	252	9,6	67	8	0
06/01/2025	09	1,7	235	11	65	115	0
06/01/2025	10	1	233	12,7	64	193	0
06/01/2025	11	1,1	236	14,1	60	243	0
06/01/2025	12	1,2	224	15	56	248	0
06/01/2025	13	0,7	203	16,1	52	250	0
06/01/2025	14	0,3	200	16,3	49	182	0
06/01/2025	15	0,2	244	16,1	49	121	0
06/01/2025	16	0,3	336	15,5	49	68	0
06/01/2025	17	2,3	303	14,6	47	7	0
06/01/2025	18	0,9	277	13,3	49	0	0
06/01/2025	19	2,3	321	12,2	54	0	0
06/01/2025	20	2,4	301	11,3	55	0	0
06/01/2025	21	2,2	288	10,8	53	0	0
06/01/2025	22	0,5	262	9,6	56	0	0
06/01/2025	23	1	282	9,6	54	0	0
07/01/2025	00	0,9	269	9,3	57	0	0
07/01/2025	01	1,4	230	8,6	57	0	0
07/01/2025	02	0,7	225	7,4	58	0	0
07/01/2025	03	0,6	202	7,7	54	0	0
07/01/2025	04	0,5	218	7,3	53	0	0
07/01/2025	05	0,4	230	7,2	53	0	0
07/01/2025	06	0,6	198	7,9	48	0	0
07/01/2025	07	0,4	250	8	46	0	0
07/01/2025	08	0,4	264	8,4	45	15	0
07/01/2025	09	0,2	201	11,5	40	177	0
07/01/2025	10	0,3	204	12	38	207	0
07/01/2025	11	0,3	187	14,3	33	390	0
07/01/2025	12	0,4	184	15,1	30	424	0
07/01/2025	13	0,6	158	16	28	494	0
07/01/2025	14	0,7	185	16,5	28	439	0
07/01/2025	15	0,5	188	17,2	29	335	0
07/01/2025	16	0,5	123	15	36	113	0
07/01/2025	17	0,6	37	12,4	43	19	0
07/01/2025	18	0,6	20	11,4	48	0	0
07/01/2025	19	0,3	335	10,7	50	0	0
07/01/2025	20	0,1	237	8,9	56	0	0
07/01/2025	21	0,3	226	9	54	0	0
07/01/2025	22	0,1	224	7,4	60	0	0
07/01/2025	23	0,2	298	6,9	60	0	0
08/01/2025	00	0,5	220	7,2	59	0	0
08/01/2025	01	0,5	256	7,8	56	0	0
08/01/2025	02	0,1	139	6,1	65	0	0
08/01/2025	03	0,1	198	6,8	64	0	0
08/01/2025	04	0,2	217	6,4	68	0	0
08/01/2025	05	0,1	187	5,9	71	0	0
08/01/2025	06	0,2	102	5	77	0	0
08/01/2025	07	0,1	156	4,7	79	0	0
08/01/2025	08	0,1	103	6,2	76	10	0
08/01/2025	09	0,1	170	8,5	68	113	0
08/01/2025	10	0,1	140	12,3	57	262	0
08/01/2025	11	0,1	145	14,4	54	314	0
08/01/2025	12	0,2	63	16,9	48	424	0
08/01/2025	13	0,5	169	20,2	40	414	0
08/01/2025	14	2,2	219	20,3	35	294	0
08/01/2025	15	2	226	19,6	33	139	0
08/01/2025	16	0,9	251	18,7	32	50	0
08/01/2025	17	0,5	231	17	37	10	0
08/01/2025	18	1,4	233	15,9	35	0	0
08/01/2025	19	1,2	223	15,1	30	0	0
08/01/2025	20	1,2	226	14,6	26	0	0
08/01/2025	21	0,2	176	14,1	30	0	0
08/01/2025	22	0,1	52	13,3	38	0	0
08/01/2025	23	0,3	243	13	47	0	0
09/01/2025	00	0,6	250	12,6	51	0	0
09/01/2025	01	0,6	248	11,8	53	0	0
09/01/2025	02	0,3	356	10,3	55	0	0
09/01/2025	03	0,1	240	10,4	57	0	0
09/01/2025	04	0,7	258	11,2	57	0	0
09/01/2025	05	0,8	260	11,3	58	0	0
09/01/2025	06	0,3	354	10,7	61	0	0
09/01/2025	07	0,5	334	10,8	61	0	0
09/01/2025	08	0,6	270	11,6	57	7	0
09/01/2025	09	0,2	222	12,6	56	95	0
09/01/2025	10	0,4	187	15,3	49	266	0
09/01/2025	11	0,4	91	17,4	44	389	0
09/01/2025	12	0,1	115	20,4	37	469	0
09/01/2025	13	1,6	279	21	34	531	0
09/01/2025	14	4,2	271	20,6	32	460	0
09/01/2025	15	3,7	271	20	33	351	0
09/01/2025	16	1,4	277	20,2	34	197	0
09/01/2025	17	0,7	268	18,3	39	35	0
09/01/2025	18	0,5	258	16,6	43	0	0
09/01/2025	19	0,6	268	15,9	46	0	0
09/01/2025	20	0,2	237	14,1	51	0	0
09/01/2025	21	0,3	258	13,5	53	0	0
09/01/2025	22	0,7	251	13,4	56	0	0
09/01/2025	23	0,3	336	11,7	61	0	0
10/01/2025	00	0,3	277	10,6	67	0	0
10/01/2025	01	0,1	269	9,7	70	0	0
10/01/2025	02	0,5	192	9,1	72	0	0
10/01/2025	03	0,1	251	8,2	75	0	0
10/01/2025	04	0,1	327	7,8	77	0	0
10/01/2025	05	0,1	216	7,3	79	0	0
10/01/2025	06	0,2	261	7,2	79	0	0
10/01/2025	07	0,2	276	5,3	86	0	0
10/01/2025	08	0,2	309	6,8	83	12	0
10/01/2025	09	0,1	172	11	67	101	0
10/01/2025	10	0,1	102	13,4	61	262	0
10/01/2025	11	0,1	151	17,5	53	382	0
10/01/2025	12	0,3	110	20,1	44	459	0
10/01/2025	13	0,7	115	20,3	41	477	0
10/01/2025	14	1,1	103	19,9	42	436	0
10/01/2025	15	0,8	92	20	42	338	0
10/01/2025	16	0,7	88	19,2	45	192	0
10/01/2025	17	0,4	31	16,8	51	35	0
10/01/2025	18	0,3	349	14,3	58	0	0
10/01/2025	19	0,2	315	13,4	62	0	0
10/01/2025	20	0,2	251	11,8	68	0	0
10/01/2025	21	0,5	244	11	69	0	0
10/01/2025	22	1,1	282	14,2	54	0	0
10/01/2025	23	0,5	259	12	63	0	0
11/01/2025	00	0,2	224	10,2	72	0	0
11/01/2025	01	0,1	270	11,6	65	0	0
11/01/2025	02	0,1	184	11	67	0	0
11/01/2025	03	0,9	260	12,6	62	0	0
11/01/2025	04	1,3	253	15,6	51	0	0
11/01/2025	05	0,3	5	12,9	61	0	0
11/01/2025	06	0,2	204	14,3	57	0	0
11/01/2025	07	0,2	204	15,3	57	0	0
11/01/2025	08	0,9	221	16,5	55	2	0
11/01/2025	09	1,3	230	16,3	56	28	0
11/01/2025	10	1,4	265	17,8	48	142	0
11/01/2025	11	1,5	284	18,7	41	195	0
11/01/2025	12	4,1	291	19,8	39	472	0
11/01/2025	13	5,7	286	19,8	38	493	0
11/01/2025	14	9,3	291	19,4	37	460	
11/01/2025	15	9,7	300	18,6	37	363	
11/01/2025	16	8	300	17,4	41	211	
11/01/2025	17	7,3	303	16,2	44	39	
11/01/2025	18	4,6	302	15,5	41	0	
11/01/2025	19	4,7	301	15,3	35	0	
11/01/2025	20	5,8	296	14,1	37	0	
11/01/2025	21	7,4	291	13	42	0	
11/01/2025	22	6	300	12,7	43	0	
11/01/2025	23	5	301	12,6	43	0	
12/01/2025	00	8,5	292	12,7	43	0	
12/01/2025	01	9	300	12,8	41	0	
12/01/2025	02	9,1	296	12,5	42	0	
12/01/2025	03	8,3	296	12,3	43	0	
12/01/2025	04	6,9	295	12,3	42	0	
12/01/2025	05	5,6	290	12,2	41	0	
12/01/2025	06	6,2	292	11,8	43	0	
12/01/2025	07	7	297	11,5	45	0	
12/01/2025	08	9	297	11	47	10	
12/01/2025	09	7,8	297	11,4	46	108	
12/01/2025	10	7,4	298	12	42	280	
12/01/2025	11	6,2	300	12,6	39	408	0
12/01/2025	12	6,6	301	13,3	35	490	0
12/01/2025	13	4,9	303	14,1	31	515	0
12/01/2025	14	3,9	305	14,7	27	477	0
12/01/2025	15	4,2	305	14,5	26	378	0
12/01/2025	16	3,3	301	14,1	26	225	0
12/01/2025	17	3,5	306	12,5	24	47	0
12/01/2025	18	2,5	310	11,1	20	0	0
12/01/2025	19	3,2	302	10,1	19	0	0
12/01/2025	20	1,7	10	9,1	20	0	0
12/01/2025	21	0,6	19	7,6	49	0	0
12/01/2025	22	0,1	278	6,2	56	0	0
12/01/2025	23	0,2	264	5,2	55	0	0
13/01/2025	00	0,2	224	4,1	61	0	0
13/01/2025	01	0,1	261	3,4	60	0	0
13/01/2025	02	0,2	221	2,7	59	0	0
13/01/2025	03	0,1	212	1,6	62	0	0
13/01/2025	04	0,2	216	1,2	65	0	0
13/01/2025	05	0,1	143	0,3	69	0	0
13/01/2025	06	0,1	136	-,4	72	0	0
13/01/2025	07	0,1	217	-,1	63	0	0
13/01/2025	08	0,6	229	1,1	46	10	0
13/01/2025	09	0,1	122	2,4	51	114	0
13/01/2025	10	0,1	106	5,1	46	289	0
13/01/2025	11	0,1	159	9,3	32	419	0
13/01/2025	12	0,4	140	11,7	18	501	0
13/01/2025	13	0,6	115	12,4	17	520	0
13/01/2025	14	2,1	101	11,6	26	475	0
13/01/2025	15	2,8	88	10,3	36	372	0
13/01/2025	16	1,9	89	9,6	44	219	0
13/01/2025	17	1,1	71	7,8	50	44	0
13/01/2025	18	0,5	25	5,9	56	0	0
13/01/2025	19	0,4	329	5	57	0	0
13/01/2025	20	0,1	27	3,6	62	0	0
13/01/2025	21	0,1	312	2,5	65	0	0
13/01/2025	22	0,1	253	1,6	68	0	0
13/01/2025	23	0,4	210	1,1	67	0	0
14/01/2025	00	0,5	248	1,4	55	0	0
14/01/2025	01	0,1	196	-,2	59	0	0
14/01/2025	02	0,2	72	-,6	59	0	0
14/01/2025	03	0,1	31	-,9	61	0	0
14/01/2025	04	0,1	141	-1,4	58	0	0
14/01/2025	05	0,3	356	-1,1	52	0	0
14/01/2025	06	0,1	199	-1,9	55	0	0
14/01/2025	07	0,1	128	-2,3	55	0	0
14/01/2025	08	0,3	26	-2,1	55	10	0
14/01/2025	09	0,1	202	3,3	40	113	0
14/01/2025	10	0,1	119	5,6	37	289	0
14/01/2025	11	0,1	107	8,5	30	419	0
14/01/2025	12	0,1	155	11,6	24	500	0
14/01/2025	13	0,3	133	12,8	20	520	0
14/01/2025	14	1,5	98	12,3	26	477	0
14/01/2025	15	2,5	83	10,1	35	374	0
14/01/2025	16	1,7	95	9,3	41	222	0
14/01/2025	17	0,2	112	8,1	47	47	0
14/01/2025	18	0,2	248	5,7	52	0	0
14/01/2025	19	0,1	331	4	56	0	0
14/01/2025	20	0,1	312	3,4	59	0	0
14/01/2025	21	0,1	232	2,6	61	0	0
14/01/2025	22	0,1	206	1	67	0	0
14/01/2025	23	0,2	233	1,6	61	0	0
15/01/2025	00	0,7	276	2,3	55	0	0
15/01/2025	01	0,3	237	1	58	0	0
15/01/2025	02	0,1	81	-1,5	68	0	0
15/01/2025	03	0,1	148	-1,6	68	0	0
15/01/2025	04	0,1	243	-1,8	70	0	0
15/01/2025	05	0,1	55	-1,8	69	0	0
15/01/2025	06	0,1	220	-2,1	67	0	0
15/01/2025	07	0,1	72	-3,3	72	0	0
15/01/2025	08	0,1	34	-2,4	69	10	0
15/01/2025	09	0,1	134	2,4	51	113	0
15/01/2025	10	0,1	87	5	43	287	0
15/01/2025	11	0,1	124	8,9	36	415	0
15/01/2025	12	0,1	171	11,9	27	495	0
15/01/2025	13	0,2	185	13,6	25	519	0
15/01/2025	14	0,4	214	14,7	23	491	0
15/01/2025	15	0,3	194	14,9	18	319	0
15/01/2025	16	0,2	177	14,1	24	177	0
15/01/2025	17	0,3	252	10,6	35	39	0
15/01/2025	18	0,2	258	8,3	41	1	0
15/01/2025	19	0,4	262	7,4	45	0	0
15/01/2025	20	0,3	247	6,3	48	0	0
15/01/2025	21	0,2	0	3,9	54	0	0
15/01/2025	22	0,1	357	3,3	54	0	0
15/01/2025	23	0,3	318	3,2	54	0	0
16/01/2025	00	0,2	293	3,1	52	0	0
16/01/2025	01	0,1	11	1,5	58	0	0
16/01/2025	02	0,1	277	2	57	0	0
16/01/2025	03	0,1	219	0,9	60	0	0
16/01/2025	04	0,1	213	1,2	57	0	0
16/01/2025	05	0,1	3	1	56	0	0
16/01/2025	06	0,1	54	0,3	57	0	0
16/01/2025	07	0,1	358	0,5	58	0	0
16/01/2025	08	0,1	231	1,7	55	10	0
16/01/2025	09						0,6
16/01/2025	10	1,8	30	6,8	62	226	0
16/01/2025	11	3,8	39	9,6	60	396	0
16/01/2025	12	3,3	40	10,3	53	391	0
16/01/2025	13	3,8	37	10,9	47	422	0
16/01/2025	14	4,6	38	10,3	52	308	0
16/01/2025	15	4,3	37	9,3	60	142	0
16/01/2025	16	4,1	38	9,1	65	127	2,2
16/01/2025	17	2	19	6,5	86	5	0,8
16/01/2025	18	2,9	35	7,2	82	0	0
16/01/2025	19	2,5	34	7	85	0	0
16/01/2025	20	3,3	33	7	80	0	0
16/01/2025	21	3,8	37	6,5	75	0	0
16/01/2025	22	3,4	39	6,8	69	0	0
16/01/2025	23	3,4	35	6,7	68	0	0
17/01/2025	00	4,1	43	6,4	75	0	0
17/01/2025	01	3,7	44	6	79	0	0,4
17/01/2025	02	4,7	34	4,9	89	0	2,4
17/01/2025	03	4,1	39	5,3	86	0	0,4
17/01/2025	04	3,8	41	6,2	80	0	0
17/01/2025	05	2,8	37	5,5	90	0	5,8
17/01/2025	06	3,1	36	5,9	90	0	0,8
17/01/2025	07	4,2	39	6,6	84	0	0
17/01/2025	08	4,8	39	7	80	8	0,4
17/01/2025	09	3,9	39	6,5	85	15	1,4
17/01/2025	10	4	37	6,6	88	31	1,6
17/01/2025	11	5	42	8,2	76	195	0
17/01/2025	12	4,8	38	9	71	231	0
17/01/2025	13	4,5	39	9	69	164	0
17/01/2025	14	3,9	42	9,2	65	125	0
17/01/2025	15	3,2	37	9,5	62	113	0
17/01/2025	16	2,1	14	9,6	61	88	0
17/01/2025	17	1,2	314	9	62	48	0
17/01/2025	18	2,4	309	7,5	67	0	0
17/01/2025	19	2	309	7,2	67	0	0
17/01/2025	20	1,1	309	6,8	67	0	0
17/01/2025	21	0,1	209	4,8	77	0	0
17/01/2025	22	0,1	334	4,4	79	0	0
17/01/2025	23	0,4	297	4,4	79	0	0
18/01/2025	00	1,5	285	5	71	0	0
18/01/2025	01	0,8	275	5,4	65	0	0
18/01/2025	02	0,2	104	4,7	66	0	0
18/01/2025	03	0,1	144	3,9	68	0	0
18/01/2025	04	0,1	199	4,1	67	0	0
18/01/2025	05	0,1	275	3,8	67	0	0
18/01/2025	06	0,1	200	3,4	69	0	0
18/01/2025	07	0,1	184	3,3	69	0	0
18/01/2025	08	1,1	273	4,4	64	12	0
18/01/2025	09	0,3	152	7,3	56	117	0
18/01/2025	10	0,1	94	10,3	52	286	0
18/01/2025	11	0,5	224	13,1	41	406	0
18/01/2025	12	0,5	82	14	38	432	0
18/01/2025	13	0,5	94	14,7	35	420	0
18/01/2025	14	1	112	14,9	42	463	0
18/01/2025	15	1	103	14,7	42	368	0
18/01/2025	16	1	90	13,6	54	235	0
18/01/2025	17	0,3	31	11	67	41	0
18/01/2025	18	0,3	256	8,9	76	0	0
18/01/2025	19	0,1	27	7	82	0	0
18/01/2025	20	0,3	271	6,8	86	0	0
18/01/2025	21	0,1	176	4,9	90	0	0
18/01/2025	22	0,1	150	4,4	86	0	0
18/01/2025	23	0,1	228	3,5	87	0	0
19/01/2025	00	0,2	196	3,2	78	0	0
19/01/2025	01	1	271	4,3	61	0	0
19/01/2025	02	0,7	46	2,4	71	0	0
19/01/2025	03	0,1	239	0,8	86	0	0
19/01/2025	04	0,1	215	0,7	85	0	0
19/01/2025	05	0,1	194	0,2	86	0	0
19/01/2025	06	0,1	174	0,2	82	0	0
19/01/2025	07	0,2	103	0,6	77	0	0
19/01/2025	08	0,1	109	1,3	75	12	0
19/01/2025	09	0,1	163	3,4	68	107	0
19/01/2025	10	0,1	145	6,7	59	297	0
19/01/2025	11	0,1	140	9,6	54	354	0
19/01/2025	12	0,1	125	12,2	46	467	0
19/01/2025	13	0,6	155	13,6	41	520	0
19/01/2025	14	1,2	149	13,6	45	479	0
19/01/2025	15	1,5	152	13	46	386	0
19/01/2025	16	1,4	154	12,1	48	237	0
19/01/2025	17	0,4	148	10,2	55	56	0
19/01/2025	18	0,1	250	7,6	64	0	0
19/01/2025	19	0,1	271	6,7	68	0	0
19/01/2025	20	0,1	260	6	73	0	0
19/01/2025	21	0,1	209	4,9	77	0	0
19/01/2025	22	0,1	198	4	81	0	0
19/01/2025	23	0,1	192	3,3	84	0	0
20/01/2025	00	0,1	160	2,5	85	0	0
20/01/2025	01	0,1	136	2,4	87	0	0
20/01/2025	02	0,1	219	2,7	85	0	0
20/01/2025	03	0,1	196	2	86	0	0
20/01/2025	04	0,1	200	2	83	0	0
20/01/2025	05	0,1	132	2	83	0	0
20/01/2025	06	0,1	113	1,8	85	0	0
20/01/2025	07	0,1	337	2	87	0	0
20/01/2025	08	0,1	272	2,9	83	16	0
20/01/2025	09	0,1	178	3,5	84	46	0
20/01/2025	10	0,1	236	4,7	84	75	0,8
20/01/2025	11	0,1	157	8,4	78	358	0
20/01/2025	12	0,1	215	8,9	76	120	0
20/01/2025	13	0,1	60	9,6	77	273	0,4
20/01/2025	14	0,2	188	10,4	69	98	0
20/01/2025	15	0,1	179	9,4	82	74	0,4
20/01/2025	16	0,1	178	9,4	82	57	0,4
20/01/2025	17	0,1	16	8,5	84	17	0
20/01/2025	18	0,1	262	7,3	86	0	0
20/01/2025	19	0,1	230	6,8	87	0	0
20/01/2025	20	0,2	209	6,3	93	0	0
20/01/2025	21	0,1	129	5,5	95	0	0
20/01/2025	22	0,1	314	6	95	0	0
20/01/2025	23	0,1	207	6,2	94	0	0
21/01/2025	00	0,3	34	5,5	95	0	0
21/01/2025	01	0,1	333	5,9	95	0	0
21/01/2025	02	0,1	267	5,6	95	0	0
21/01/2025	03	0,1	306	5,4	95	0	0
21/01/2025	04	0,1	238	5,4	95	0	0
21/01/2025	05	0,1	127	5,4	95	0	0
21/01/2025	06	0,2	1	5,8	95	0	0
21/01/2025	07	0,1	230	5,4	95	0	0
21/01/2025	08	0,1	331	5,6	95	19	0
21/01/2025	09	0,1	29	6,4	95	63	0
21/01/2025	10	0,1	111	9,3	91	195	0
21/01/2025	11	0,1	91	11,7	77	247	0
21/01/2025	12	0,1	154	12,2	75	174	0
21/01/2025	13	0,1	135	13,5	73	282	0
21/01/2025	14	0,1	142	14,7	71	235	0
21/01/2025	15	0,2	252	12,7	80	92	0
21/01/2025	16	0,2	247	11,9	86	56	0
21/01/2025	17	0,2	261	11,1	90	10	0
21/01/2025	18	0,1	230	10,4	93	0	0
21/01/2025	19	0,1	295	9,5	95	0	0
21/01/2025	20	0,2	273	9,1	95	0	0
21/01/2025	21	0,1	272	8,3	95	0	0
21/01/2025	22	0,1	268	7,8	95	0	0
21/01/2025	23	0,1	229	7,4	95	0	0
22/01/2025	00	0,1	261	7,3	95	0	0
22/01/2025	01	0,1	170	6,9	95	0	0
22/01/2025	02	0,1	334	6,7	95	0	0
22/01/2025	03	0,1	268	7	95	0	0
22/01/2025	04	0,1	209	6,3	95	0	0
22/01/2025	05	0,1	242	5,3	95	0	0
22/01/2025	06	0,1	212	5,7	95	0	0
22/01/2025	07	0,1	233	6,2	95	0	0
22/01/2025	08	0,1	339	5,4	95	15	0
22/01/2025	09	0,1	26	10,1	91	138	0
22/01/2025	10	0,1	123	14	73	303	0
22/01/2025	11	0,2	131	17,4	56	415	0
22/01/2025	12	1,4	197	18,6	49	519	0
22/01/2025	13	1,8	176	19,6	44	560	0
22/01/2025	14	2,3	197	20,6	42	521	0
22/01/2025	15	3	222	20,3	38	359	0
22/01/2025	16	3	243	19,3	41	178	0
22/01/2025	17	1,8	249	18	44	58	0
22/01/2025	18	1,6	248	16,7	47	0	0
22/01/2025	19	1,7	243	15,8	49	0	0
22/01/2025	20	1,3	250	15,3	51	0	0
22/01/2025	21	0,8	253	14,4	53	0	0
22/01/2025	22	0,7	236	13,6	56	0	0
22/01/2025	23	1,4	252	14,6	54	0	0
23/01/2025	00	1,7	251	15,1	54	0	0
23/01/2025	01	1,2	234	14,6	56	0	0
23/01/2025	02	1,5	226	14,2	59	0	0
23/01/2025	03	0,5	224	13,9	60	0	0
23/01/2025	04	0,2	323	13,2	63	0	0
23/01/2025	05	0,5	236	13,4	63	0	0
23/01/2025	06	1	252	13,5	64	0	0
23/01/2025	07	0,3	274	13	65	0	0
23/01/2025	08	0,2	299	12,6	69	15	0
23/01/2025	09	0,2	320	13,5	74	124	0
23/01/2025	10	0,1	223	17,3	59	265	0
23/01/2025	11	0,1	129	19,4	51	429	0
23/01/2025	12	0,2	102	20,3	46	505	0
23/01/2025	13	0,3	103	21,3	42	480	0
23/01/2025	14	0,7	109	20,7	43	326	0
23/01/2025	15	1,1	103	20	46	310	0
23/01/2025	16	1,6	80	18,3	50	127	0
23/01/2025	17	1,4	60	16,9	53	80	0
23/01/2025	18	0,8	31	14,7	61	1	0
23/01/2025	19	0,3	330	13,4	64	0	0
23/01/2025	20	0,2	349	12	71	0	0
23/01/2025	21	0,2	323	11,5	72	0	0
23/01/2025	22	0,1	236	10,4	77	0	0
23/01/2025	23	0,2	19	9,4	83	0	0
24/01/2025	00	0,3	7	8,8	85	0	0
24/01/2025	01	0,1	32	8,4	85	0	0
24/01/2025	02	0,4	42	6,9	91	0	0
24/01/2025	03	0,1	292	6,7	91	0	0
24/01/2025	04	0,1	191	6,7	89	0	0
24/01/2025	05	0,2	317	6,6	93	0	0
24/01/2025	06	0,4	196	7,2	83	0	0
24/01/2025	07	0,1	183	5,3	91	0	0
24/01/2025	08	0,2	117	7,2	86	14	0
24/01/2025	09	0,1	117	9,6	77	128	0
24/01/2025	10	0,1	145	13	66	300	0
24/01/2025	11	0,1	172	17,4	55	434	0
24/01/2025	12	0,7	169	19,4	48	518	0
24/01/2025	13	1,4	180	20	44	540	0
24/01/2025	14	1,6	172	20,3	45	503	0
24/01/2025	15	1,3	186	21,1	43	407	0
24/01/2025	16	1	168	21,2	42	262	0
24/01/2025	17	0,6	174	18,9	45	75	0
24/01/2025	18	0,3	197	15,9	53	1	0
24/01/2025	19	0,3	214	14,7	55	0	0
24/01/2025	20	0,1	252	12,3	63	0	0
24/01/2025	21	0,2	262	11,4	70	0	0
24/01/2025	22	0,3	256	11,1	70	0	0
24/01/2025	23	0,2	250	10,6	67	0	0
25/01/2025	00	0,1	248	10	68	0	0
25/01/2025	01	0,2	249	9,8	68	0	0
25/01/2025	02	0,1	205	8	75	0	0
25/01/2025	03	0,3	278	7,8	76	0	0
25/01/2025	04	0,1	243	7,2	76	0	0
25/01/2025	05	0,2	158	5,9	83	0	0
25/01/2025	06	0,2	30	7,3	79	0	0
25/01/2025	07	0,2	306	7,3	77	0	0
25/01/2025	08	0,1	184	7,2	79	39	0
25/01/2025	09	0,2	170	10,4	65	149	0
25/01/2025	10	0,1	211	10,9	65	104	0
25/01/2025	11	0,1	168	12	66	178	0
25/01/2025	12	0,1	185	13,9	62	214	0
25/01/2025	13	0,1	273	14,5	62	182	0
25/01/2025	14	0,2	182	15,3	57	148	0
25/01/2025	15	0,1	226	14,6	64	78	0
25/01/2025	16	0,4	287	13,6	66	36	0
25/01/2025	17	0,3	264	12,6	68	14	0
25/01/2025	18	0,3	272	11,9	71	1	0
25/01/2025	19	0,1	106	10,5	79	0	0
25/01/2025	20	0,1	251	10,1	78	0	0
25/01/2025	21	0,6	274	11,6	64	0	0
25/01/2025	22	0,2	231	7,7	80	0	0
25/01/2025	23	0,5	325	8	77	0	0
26/01/2025	00	0,1	241	7	79	0	0
26/01/2025	01	0,5	266	6,2	83	0	0
26/01/2025	02	0,1	229	5	85	0	0
26/01/2025	03	0,1	174	4,3	85	0	0
26/01/2025	04	0,1	301	4,7	84	0	0
26/01/2025	05	0,4	341	3,9	81	0	0
26/01/2025	06	0,1	23	3,5	86	0	0
26/01/2025	07	0,1	190	3,3	84	0	0
26/01/2025	08	0,1	233	3,9	83	25	0
26/01/2025	09	0,2	157	5,5	79	133	0
26/01/2025	10	0,1	133	8,6	72	267	0
26/01/2025	11	0,1	178	11,2	66	262	0
26/01/2025	12	0,1	56	12,7	59	229	0
26/01/2025	13	0,1	153	13,3	53	154	0
26/01/2025	14	0,7	29	13,3	52	173	0
26/01/2025	15	0,2	289	13,2	57	106	0
26/01/2025	16	0,1	256	12,2	64	43	0
26/01/2025	17	0,1	225	11,5	64	12	0
26/01/2025	18	1,4	231	13	58	0	0
26/01/2025	19	1	221	13,6	63	0	0
26/01/2025	20	0,5	213	13,3	69	0	0
26/01/2025	21	0,8	227	12,7	73	0	0
26/01/2025	22	1,2	220	14,1	66	0	0
26/01/2025	23	1,3	204	14,5	66	0	0
27/01/2025	00	1,6	192	14,9	70	0	0
27/01/2025	01	1,5	189	14,6	71	0	0
27/01/2025	02	0,4	194	14,4	72	0	0
27/01/2025	03	0,8	207	14,4	73	0	0
27/01/2025	04	0,5	329	13,7	75	0	0
27/01/2025	05	0,2	43	12,6	80	0	0
27/01/2025	06	0,7	17	12,8	81	0	0
27/01/2025	07	0,4	358	13,3	79	0	0
27/01/2025	08	0,7	16	13	80	14	0
27/01/2025	09	0,4	290	14,9	74	76	0
27/01/2025	10	1	286	16,6	69	170	0
27/01/2025	11	1,6	229	20,5	52	287	0
27/01/2025	12	3,4	242	21,4	41	190	0
27/01/2025	13	4,3	244	21,6	41	239	0
27/01/2025	14	2,2	233	21,7	43	125	0
27/01/2025	15	4,6	234	20,2	45	128	0
27/01/2025	16	1,2	192	19,1	49	132	0
27/01/2025	17	1,5	162	18,6	53	96	0
27/01/2025	18	1,1	192	16,9	58	1	0
27/01/2025	19	6,3	234	18,1	50	0	0
27/01/2025	20	7,2	233	18,1	45	0	0
27/01/2025	21	6,7	239	17,2	46	0	0
27/01/2025	22	7,8	249	15,9	45	0	0
27/01/2025	23	8,1	252	15	43	0	0
28/01/2025	00	6,6	252	14,1	44	0	0
28/01/2025	01	4,2	259	12,8	47	0	0
28/01/2025	02	6,4	254	12,7	40	0	0
28/01/2025	03	5,7	257	12,1	40	0	0
28/01/2025	04	5,1	255	11,6	39	0	0
28/01/2025	05	3,9	246	10,9	43	0	0
28/01/2025	06	3,4	253	10,7	46	0	0
28/01/2025	07	2,2	237	10,4	46	0	0
28/01/2025	08	3,4	232	10,3	49	16	0
28/01/2025	09	3,2	230	11,8	45	152	0
28/01/2025	10	4,4	253	13,2	37	386	0
28/01/2025	11	3,2	260	13,9	31	385	0
28/01/2025	12	2,4	267	14,7	31	419	0
28/01/2025	13	3,5	264	15,3	28	570	0
28/01/2025	14	3,3	271	15,5	28	546	0
28/01/2025	15	3,1	271	14,7	30	282	0
28/01/2025	16	2,7	276	15	31	293	0
28/01/2025	17	2,6	265	13,9	34	92	0
28/01/2025	18	1,5	259	12,1	38	1	0
28/01/2025	19	0,7	241	11,2	40	0	0
28/01/2025	20	1,5	255	11,8	38	0	0
28/01/2025	21	1,4	255	11,5	39	0	0
28/01/2025	22	1	267	10,6	40	0	0
28/01/2025	23	0,6	238	10,4	40	0	0
29/01/2025	00	0,3	211	8,9	45	0	0
29/01/2025	01	0,2	17	7,4	52	0	0
29/01/2025	02	0,2	285	7,2	53	0	0
29/01/2025	03	0,2	245	7,1	55	0	0
29/01/2025	04	0,2	339	6,4	58	0	0
29/01/2025	05	0,3	316	5,5	63	0	0
29/01/2025	06	0,2	262	5,8	62	0	0
29/01/2025	07	0,5	264	5,5	60	0	0
29/01/2025	08	0,8	273	5,5	60	27	0
29/01/2025	09	0,5	273	7,8	54	132	0
29/01/2025	10	0,2	229	8,8	53	117	0
29/01/2025	11	0,5	243	9,3	52	137	0
29/01/2025	12	0,8	241	9	54	73	0
29/01/2025	13	0,3	239	9,1	55	58	0
29/01/2025	14	0,5	238	9,3	55	70	0
29/01/2025	15	0,4	244	9,8	53	43	0
29/01/2025	16	2,7	232	10,6	55	39	0
29/01/2025	17	3,4	220	10,2	63	20	0
29/01/2025	18	2	222	9,6	67	1	0
29/01/2025	19	0,1	255	9	68	0	0
29/01/2025	20	0,3	264	9,2	67	0	0
29/01/2025	21	0,2	319	8,6	71	0	0
29/01/2025	22	0,1	359	8,1	74	0	0
29/01/2025	23	0,1	320	7,6	76	0	0
30/01/2025	00	0,2	285	7,6	77	0	0
30/01/2025	01	0,1	163	5,3	84	0	0
30/01/2025	02	0,5	264	6,2	81	0	0
30/01/2025	03	0,6	324	6,1	79	0	0
30/01/2025	04	0,3	320	5,1	80	0	0
30/01/2025	05	0,9	301	6,7	65	0	0
30/01/2025	06	0,2	275	3,7	77	0	0
30/01/2025	07	0,1	266	3,4	72	0	0
30/01/2025	08	0,1	276	4,8	68	37	0
30/01/2025	09	0,1	350	7,9	60	166	0
30/01/2025	10	0,4	210	11,8	48	322	0
30/01/2025	11	0,6	247	14,7	39	495	0
30/01/2025	12	0,5	206	13,4	41	141	0
30/01/2025	13	0,3	190	13,6	40	124	0
30/01/2025	14	1,8	275	13	43	96	0
30/01/2025	15	1,2	274	12,7	43	59	0
30/01/2025	16	0,7	286	12,7	45	73	0
30/01/2025	17	1	310	11,9	47	25	0
30/01/2025	18	2,1	294	11,1	50	3	0
30/01/2025	19	1	293	10,6	53	0	0
30/01/2025	20	2,8	313	10,1	55	0	0
30/01/2025	21	2,8	307	9,8	56	0	0
30/01/2025	22	4,6	307	9,7	56	0	0,8
30/01/2025	23	4,1	305	9,4	57	0	0
31/01/2025	00	3,5	308	9,1	57	0	0
31/01/2025	01	3,9	307	8,6	58	0	0
31/01/2025	02	3,1	308	8,2	58	0	0
31/01/2025	03	3,4	310	8,1	58	0	0
31/01/2025	04	2,9	307	7,9	58	0	0
31/01/2025	05	2,7	300	7,8	58	0	0
31/01/2025	06	3,5	302	7,7	57	0	0
31/01/2025	07	3,3	296	7,8	55	0	0
31/01/2025	08	3,4	295	8,1	53	21	0
31/01/2025	09	3,2	299	9,3	49	167	0
31/01/2025	10	3,1	299	10,3	46	330	0
31/01/2025	11	1,9	295	12	41	465	0
31/01/2025	12	1,6	293	13,2	38	555	0
31/01/2025	13	0,5	278	15,2	35	574	0
31/01/2025	14	0,4	175	16,6	33	530	0
31/01/2025	15	1,4	61	15,6	38	388	0
31/01/2025	16	2,1	93	13,4	48	239	0
31/01/2025	17	1,3	76	11,9	56	99	0
31/01/2025	18	0,2	69	9,9	68	3	0
31/01/2025	19	0,1	343	8,4	74	0	0
31/01/2025	20	0,1	339	7,1	78	0	0
31/01/2025	21	0,1	323	6	80	0	0
31/01/2025	22	0,1	208	5,3	84	0	0
31/01/2025	23	0,1	329	4,7	85	0	0
01/02/2025	00	0,1	161	3,9	75	0	0
01/02/2025	01	0,1	113	3	79	0	0
01/02/2025	02	0,1	165	2,4	77	0	0
01/02/2025	03	0,1	178	2,4	76	0	0
01/02/2025	04	0,2	11	1,9	78	0	0
01/02/2025	05	0,2	21	1,2	83	0	0
01/02/2025	06	0,1	167	1,1	86	0	0
01/02/2025	07	0,1	290	1,1	86	0	0
01/02/2025	08	0,1	42	1,5	86	34	0
01/02/2025	09	0,1	179	3,9	77	85	0
01/02/2025	10	0,1	207	6	71	192	0
01/02/2025	11	0,1	81	8,2	68	226	0
01/02/2025	12	0,1	256	9,7	59	201	0,2
01/02/2025	13	0,1	195	10,6	54	225	0
01/02/2025	14	0,2	286	8,6	67	128	0,8
01/02/2025	15	0,4	327	8,2	73	95	0
01/02/2025	16	0,2	83	9,3	74	195	0
01/02/2025	17	1	18	8,9	70	25	0
01/02/2025	18	1,1	360	7,7	70	0	0
01/02/2025	19	1	343	6,7	66	0	0
01/02/2025	20	0,3	348	5,9	67	0	0
01/02/2025	21	0,3	356	6	69	0	0
01/02/2025	22	0,2	358	6,5	71	0	0
01/02/2025	23	0,3	37	6,2	74	0	0
02/02/2025	00	0,1	255	5,1	80	0	0
02/02/2025	01	0,1	50	5,4	80	0	0
02/02/2025	02	0,1	270	5,4	79	0	0
02/02/2025	03	0,4	268	4,7	75	0	0
02/02/2025	04	0,5	236	4,2	75	0	0
02/02/2025	05	0,1	212	2,9	81	0	0
02/02/2025	06	0,1	243	2,7	82	0	0
02/02/2025	07	0,2	254	2	85	0	0
02/02/2025	08	0,4	290	3,7	77	21	0
02/02/2025	09	0,1	193	6,8	65	160	0
02/02/2025	10	0,7	266	9,3	53	339	0
02/02/2025	11	0,4	319	11,6	44	474	0
02/02/2025	12	1,1	99	12,1	43	558	0
02/02/2025	13	0,5	79	13,2	41	524	0
02/02/2025	14	0,9	123	13,7	42	549	0
02/02/2025	15	0,8	166	14,2	45	491	0
02/02/2025	16	0,5	157	14	46	294	0
02/02/2025	17	0,3	151	12,2	52	100	0
02/02/2025	18	0,1	233	9	63	3	0
02/02/2025	19	0,2	2	7,3	70	0	0
02/02/2025	20	0,1	229	6	73	0	0
02/02/2025	21	0,1	212	5	78	0	0
02/02/2025	22	0,4	251	4,8	76	0	0
02/02/2025	23	0,6	258	4,8	73	0	0
03/02/2025	00	0,3	255	4,5	69	0	0
03/02/2025	01	0,1	111	2,3	79	0	0
03/02/2025	02	0,1	131	1,8	86	0	0
03/02/2025	03	0,1	71	2,1	84	0	0
03/02/2025	04	0,1	94	3,3	76	0	0
03/02/2025	05	0,1	273	3,2	77	0	0
03/02/2025	06	0,1	33	3,4	76	0	0
03/02/2025	07	0,1	330	4,7	71	0	0
03/02/2025	08	1,3	294	6,4	65	30	0
03/02/2025	09	1,1	299	8,8	57	156	0
03/02/2025	10	0,6	279	11,3	49	326	0
03/02/2025	11	0,5	272	13,2	44	470	0
03/02/2025	12	0,3	137	14,8	39	547	0
03/02/2025	13	0,2	184	16,2	36	570	0
03/02/2025	14	0,2	110	16,5	36	489	0
03/02/2025	15	0,7	98	16,2	38	464	0
03/02/2025	16	0,4	151	16,5	36	296	0
03/02/2025	17	0,2	191	15	39	105	0
03/02/2025	18	0,4	45	10,8	54	3	0
03/02/2025	19	0,3	8	9	59	0	0
03/02/2025	20	0,1	256	7,8	61	0	0
03/02/2025	21	0,1	214	6,3	69	0	0
03/02/2025	22	0,1	69	5,5	72	0	0
03/02/2025	23	0,1	348	4,6	73	0	0
04/02/2025	00	0,1	231	4,1	77	0	0
04/02/2025	01	0,1	169	2,6	79	0	0
04/02/2025	02	0,1	163	2,4	82	0	0
04/02/2025	03	0,1	99	1,5	86	0	0
04/02/2025	04	0,1	176	1,5	87	0	0
04/02/2025	05	0,1	123	1,9	86	0	0
04/02/2025	06	0,1	112	1,1	87	0	0
04/02/2025	07	0,1	197	1,2	89	0	0
04/02/2025	08	0,1	163	2,3	83	27	0
04/02/2025	09	0,1	175	6,4	67	168	0
04/02/2025	10	0,1	139	9,2	58	345	0
04/02/2025	11	0,3	200	12,8	47	484	0
04/02/2025	12	0,2	196	15,9	37	573	0
04/02/2025	13	0,2	125	17,4	31	597	0
04/02/2025	14	1,5	112	16,7	42	549	0
04/02/2025	15	1,9	73	15,2	53	445	0
04/02/2025	16	2,1	76	14,1	56	296	0
04/02/2025	17	1,4	59	12,5	64	107	0
04/02/2025	18	0,2	28	10,5	69	4	0
04/02/2025	19	0,1	264	9,1	73	0	0
04/02/2025	20	0,1	233	8,4	77	0	0
04/02/2025	21	0,1	205	7,4	78	0	0
04/02/2025	22	0,1	151	6,2	78	0	0
04/02/2025	23	0,1	148	5,6	79	0	0
05/02/2025	00	0,1	152	4,5	81	0	0
05/02/2025	01	0,1	186	3	85	0	0
05/02/2025	02	0,1	16	3,3	83	0	0
05/02/2025	03	0,1	14	3,3	84	0	0
05/02/2025	04	0,1	353	3,9	79	0	0
05/02/2025	05	0,1	241	3,4	77	0	0
05/02/2025	06	0,1	89	2,1	81	0	0
05/02/2025	07	0,1	353	2,8	77	0	0
05/02/2025	08	0,2	203	3,8	72	27	0
05/02/2025	09	0,1	185	8,7	52	177	0
05/02/2025	10	0,1	70	11,4	49	356	0
05/02/2025	11	0,5	106	13,5	38	494	0
05/02/2025	12	0,6	102	15,1	33	581	0
05/02/2025	13	1,5	95	15,4	41	598	0
05/02/2025	14	1,7	88	15,2	52	554	0
05/02/2025	15	1,1	123	16,2	49	455	0
05/02/2025	16	1	127	15,6	53	305	0
05/02/2025	17	0,4	124	14	60	114	0
05/02/2025	18	0,2	29	10,8	73	4	0
05/02/2025	19	0,2	347	9,2	82	0	0
05/02/2025	20	0,1	255	8,2	87	0	0
05/02/2025	21	0,1	209	6,9	91	0	0
05/02/2025	22	0,1	191	5,6	93	0	0
05/02/2025	23	0,1	92	4,6	95	0	0
06/02/2025	00	0,1	12	4	95	0	0
06/02/2025	01	0,1	10	3,5	94	0	0
06/02/2025	02	0,1	145	2,6	94	0	0
06/02/2025	03	0,1	131	1,9	95	0	0
06/02/2025	04	0,1	122	0,6	93	0	0
06/02/2025	05	0,1	61	0,8	92	0	0,4
06/02/2025	06	0,1	72	1,8	87	0	0
06/02/2025	07	0,1	92	1,2	89	0	0
06/02/2025	08	0,1	193	3,3	83	28	0
06/02/2025	09	0,1	144	7,1	68	174	0
06/02/2025	10	0,1	145	9,7	60	351	0
06/02/2025	11	0,1	104	12	56	486	0
06/02/2025	12	0,3	125	13,8	55	566	0
06/02/2025	13	0,7	116	14	57	492	0
06/02/2025	14	0,8	83	13,8	58	415	0
06/02/2025	15	1,7	101	13,6	62	437	0
06/02/2025	16	1	102	13,5	62	287	0
06/02/2025	17	0,4	191	12,9	63	121	0
06/02/2025	18	0,2	249	9,6	78	4	0
06/02/2025	19	0,1	214	8	86	0	0
06/02/2025	20	0,1	206	7,2	89	0	0
06/02/2025	21	0,1	218	6,3	93	0	0
06/02/2025	22	0,1	253	5,6	94	0	0
06/02/2025	23	0,1	201	5	95	0	0
07/02/2025	00	0,1	222	4,3	95	0	0
07/02/2025	01	0,1	182	3,5	95	0	0
07/02/2025	02	0,1	119	2,6	95	0	0
07/02/2025	03	0,1	88	1,7	95	0	0
07/02/2025	04	0,1	97	0,5	95	0	0
07/02/2025	05	0,1	142	1,4	95	0	0
07/02/2025	06	0,1	63	2,3	95	0	0
07/02/2025	07	0,1	205	3,2	95	0	0
07/02/2025	08	0,1	70	3,1	95	17	0
07/02/2025	09	0,1	97	4,7	95	94	0
07/02/2025	10	0,1	151	8,8	82	325	0
07/02/2025	11	0,1	82	11,2	69	364	0
07/02/2025	12	0,4	93	11,8	65	385	0
07/02/2025	13	0,5	108	13	58	505	0
07/02/2025	14	1,4	102	13,4	58	488	0
07/02/2025	15	1,3	109	13,1	59	366	0
07/02/2025	16	1	152	13,4	54	269	0
07/02/2025	17	0,5	155	11,3	61	60	0
07/02/2025	18	0,2	225	10,2	72	1	0
07/02/2025	19	0,1	252	9,6	78	0	0
07/02/2025	20	0,2	228	9,3	82	0	0
07/02/2025	21	0,2	253	8,5	85	0	0
07/02/2025	22	0,1	253	7,7	84	0	0
07/02/2025	23	0,1	280	5,9	89	0	0
08/02/2025	00	0,1	273	7,3	79	0	0
08/02/2025	01	0,2	227	7	80	0	0
08/02/2025	02	0,7	238	7,2	76	0	0
08/02/2025	03	0,6	300	7,3	74	0	0
08/02/2025	04	0,2	262	5,7	81	0	0
08/02/2025	05	0,2	292	5,3	82	0	0
08/02/2025	06	0,4	205	6,5	72	0	0
08/02/2025	07	2,7	296	6,5	65	1	0
08/02/2025	08	1,2	349	7,7	55	30	0
08/02/2025	09	2,2	299	9,3	46	195	0
08/02/2025	10	2,3	288	10,8	36	382	0
08/02/2025	11	0,8	253	12,8	30	520	0
08/02/2025	12	0,4	171	14,7	29	603	0
08/02/2025	13	0,5	167	16	26	627	0
08/02/2025	14	0,8	143	16,5	22	591	0
08/02/2025	15	1,3	118	16,1	25	490	0
08/02/2025	16	0,8	146	16,2	27	341	0
08/02/2025	17	0,6	158	14,7	32	135	0
08/02/2025	18	0,3	232	10,9	41	3	0
08/02/2025	19	0,3	209	9,5	49	0	0
08/02/2025	20	0,3	236	8,5	54	0	0
08/02/2025	21	0,9	256	8,4	61	0	0
08/02/2025	22	0,3	220	8	62	0	0
08/02/2025	23	0,1	202	6,4	67	0	0
09/02/2025	00	0,4	246	6,6	58	0	0
09/02/2025	01	0,3	272	6,1	53	0	0
09/02/2025	02	0,1	211	4,8	55	0	0
09/02/2025	03	0,3	265	4,1	56	0	0
09/02/2025	04	0,2	110	3,7	56	0	0
09/02/2025	05	0,4	32	2,5	63	0	0
09/02/2025	06	0,1	144	2	66	0	0
09/02/2025	07	0,1	179	1,6	69	1	0
09/02/2025	08	0,1	195	3,8	63	30	0
09/02/2025	09	0,1	109	6,9	53	188	0
09/02/2025	10	0,4	130	11,2	44	363	0
09/02/2025	11	0,9	100	13,8	41	493	0
09/02/2025	12	0,2	123	15,4	43	579	0
09/02/2025	13	0,9	113	16,3	42	609	0
09/02/2025	14	1	137	17	33	576	0
09/02/2025	15	1,8	111	16,1	40	475	0
09/02/2025	16	1,6	86	14,1	53	272	0
09/02/2025	17	0,6	72	12,5	60	66	0
09/02/2025	18	0,2	37	10,7	75	4	0
09/02/2025	19	0,1	17	9,7	81	0	0
09/02/2025	20	0,1	25	8,7	85	0	0
09/02/2025	21	0,1	164	7,6	87	0	0
09/02/2025	22	0,1	198	6,7	90	0	0
09/02/2025	23	0,1	148	5,6	91	0	0
10/02/2025	00	0,1	255	4,9	92	0	0
10/02/2025	01	0,1	208	4	91	0	0
10/02/2025	02	0,1	248	3,6	92	0	0
10/02/2025	03	0,1	212	5,2	86	0	0
10/02/2025	04	0,1	112	4,5	83	0	0
10/02/2025	05	0,1	110	4,2	86	0	0
10/02/2025	06	0,1	244	3,5	88	0	0
10/02/2025	07	0,1	276	3,5	88	0	0
10/02/2025	08	0,1	248	4,7	86	41	0
10/02/2025	09	0,1	130	6,8	78	126	0
10/02/2025	10	0,1	106	8,2	74	171	0
10/02/2025	11	0,1	89	10,3	70	165	0
10/02/2025	12	0,1	99	11,5	71	137	0
10/02/2025	13	0,1	101	12,6	73	159	0
10/02/2025	14	0,1	108	13	73	200	0
10/02/2025	15	0,7	136	13,6	68	246	0
10/02/2025	16	1	156	12,4	71	139	0
10/02/2025	17	0,6	160	11,7	74	44	0
10/02/2025	18	0,7	155	10,9	82	1	0
10/02/2025	19	0,2	109	10,6	84	0	0
10/02/2025	20	0,1	73	10,5	86	0	0
10/02/2025	21	0,1	65	10,3	88	0	0
10/02/2025	22	0,1	357	10	89	0	0
10/02/2025	23	0,1	236	10,2	86	0	0
11/02/2025	00	0,1	327	9,6	88	0	0
11/02/2025	01	0,1	253	9,5	90	0	0
11/02/2025	02	0,1	241	9	92	0	0
11/02/2025	03	0,2	249	8,2	94	0	0
11/02/2025	04	0,2	238	7,6	95	0	0
11/02/2025	05	0,9	244	7,2	95	0	0
11/02/2025	06	7,6	77	6,4	95	0	0
11/02/2025	07	1,1	244	6,3	95	2	0
11/02/2025	08	0,1	159	7,2	95	58	0
11/02/2025	09	0,1	166	11,3	88	191	0
11/02/2025	10	0,1	169	13,3	71	368	0
11/02/2025	11	0,5	156	14,5	61	504	0
11/02/2025	12	1,1	173	15,9	53	592	0
11/02/2025	13	1,6	154	16,1	56	618	0
11/02/2025	14	1,6	139	17	53	573	0
11/02/2025	15	2	128	16,3	55	471	0
11/02/2025	16	1,4	125	15,5	60	304	0
11/02/2025	17	1,6	67	12,3	78	89	0
11/02/2025	18	1	47	10,8	86	8	0
11/02/2025	19	0,4	40	10	89	0	0
11/02/2025	20	0,1	355	8,9	91	0	0
11/02/2025	21	0,1	50	7,8	93	0	0
11/02/2025	22	0,1	26	6,5	94	0	0
11/02/2025	23	0,1	22	6,4	94	0	0
12/02/2025	00	0,1	179	6,2	95	0	0
12/02/2025	01	0,1	237	6,4	95	0	0
12/02/2025	02	0,1	49	5,8	95	0	0
12/02/2025	03	0,1	233	6,3	95	0	0
12/02/2025	04	0,1	204	6,2	95	0	0
12/02/2025	05	0,1	79	6,4	95	0	0
12/02/2025	06	0,1	12	6,4	95	0	0
12/02/2025	07	0,1	327	7	95	0	0
12/02/2025	08	0,1	128	7,1	95	8	0
12/02/2025	09	0,1	134	8,3	95	70	0
12/02/2025	10	0,6	211	9,5	94	91	0
12/02/2025	11	6,2	180	12	86	249	0
12/02/2025	12	0,1	216	13	76	231	0
12/02/2025	13	0,1	187	15,6	66	551	0
12/02/2025	14	0,3	131	17,9	54	554	0
12/02/2025	15	2,4	74	16,6	58	243	0
12/02/2025	16	1,2	55	14,4	73	103	0
12/02/2025	17	0,5	103	13,6	71	24	0
12/02/2025	18	2,1	309	13	58	5	0
12/02/2025	19	1,4	343	12,4	59	0	0
12/02/2025	20	1,2	308	12,1	60	0	0
12/02/2025	21	1,2	316	11,9	60	0	0
12/02/2025	22	1,8	337	12,1	57	0	0
12/02/2025	23	2	309	12,1	52	0	0
13/02/2025	00	2	301	11,7	52	0	0
13/02/2025	01	0,5	172	11,7	51	0	0
13/02/2025	02	0,8	142	11,8	50	0	0
13/02/2025	03	0,2	169	11,3	51	0	0
13/02/2025	04	0,4	201	10,7	52	0	0
13/02/2025	05	0,5	278	10,5	53	0	0
13/02/2025	06	1,8	296	10,5	52	0	0
13/02/2025	07	0,6	289	9,8	54	2	0
13/02/2025	08	0,9	263	10,4	53	43	0
13/02/2025	09	0,9	285	12,6	46	209	0
13/02/2025	10	0,9	301	14,4	40	389	0
13/02/2025	11	0,5	286	16,2	35	515	0
13/02/2025	12	0,8	90	17,1	34	612	0
13/02/2025	13	1	143	18,1	34	641	0
13/02/2025	14	1,8	160	17,5	41	591	0
13/02/2025	15	1,8	157	17	42	472	0
13/02/2025	16	1,2	147	15,5	44	195	0
13/02/2025	17	0,3	164	14,7	47	103	0
13/02/2025	18	0,3	241	12,7	51	5	0
13/02/2025	19	0,4	241	11,4	53	0	0
13/02/2025	20	0,6	258	11,2	53	0	0
13/02/2025	21	0,7	258	11	54	0	0
13/02/2025	22	0,5	256	10,6	60	0	0
13/02/2025	23	0,1	247	9,8	65	0	0
14/02/2025	00	0,2	211	8,6	67	0	0
14/02/2025	01	0,1	225	7,9	69	0	0
14/02/2025	02	0,1	206	7,3	71	0	0
14/02/2025	03	0,1	138	7,2	72	0	0
14/02/2025	04	0,1	110	6,7	74	0	0
14/02/2025	05	0,2	324	6,2	77	0	0
14/02/2025	06	0,1	229	6,8	77	0	0
14/02/2025	07	0,1	145	5,9	80	2	0
14/02/2025	08	0,1	350	9	73	47	0
14/02/2025	09	0,1	207	13,7	59	214	0
14/02/2025	10	0,1	162	16,8	52	391	0
14/02/2025	11	0,2	173	19,5	43	522	0
14/02/2025	12	0,4	131	20,6	39	605	0
14/02/2025	13	0,4	162	22,1	36	633	0
14/02/2025	14	0,7	129	22,2	37	593	0
14/02/2025	15	0,5	147	23,1	35	486	0
14/02/2025	16	0,8	154	21,9	36	331	0
14/02/2025	17	0,3	211	21,3	39	159	0
14/02/2025	18	0,3	253	16,7	52	8	0
14/02/2025	19	0,1	337	14,5	59	0	0
14/02/2025	20	0,1	260	12,9	65	0	0
14/02/2025	21	0,2	252	12,1	67	0	0
14/02/2025	22	0,1	257	11,2	70	0	0
14/02/2025	23	0,1	199	9,7	75	0	0
15/02/2025	00	0,1	40	8,9	76	0	0
15/02/2025	01	0,1	266	8,4	78	0	0
15/02/2025	02	0,1	45	8,6	77	0	0
15/02/2025	03	0,7	106	8,1	80	0	0
15/02/2025	04	0,1	360	6,8	84	0	0
15/02/2025	05	0,1	201	6	87	0	0
15/02/2025	06	0,1	25	5,3	91	0	0
15/02/2025	07	0,1	75	4,4	92	2	0
15/02/2025	08	0,2	52	5,7	95	48	0
15/02/2025	09	0,1	196	9,2	87	185	0
15/02/2025	10	0,1	210	10,5	77	210	0
15/02/2025	11	0,6	120	13,6	72	380	0
15/02/2025	12	0,9	91	14,1	70	356	0
15/02/2025	13	1,4	91	13,8	74	249	0
15/02/2025	14	1,8	90	14,6	74	526	0
15/02/2025	15	3,2	78	13,3	80	179	0
15/02/2025	16	5,4	83	12,4	88	80	0
15/02/2025	17	3,2	86	11,7	94	28	0
15/02/2025	18	0,9	79	11,2	95	1	0
15/02/2025	19	0,4	58	11,1	95	0	0
15/02/2025	20	0,1	69	11,1	95	0	0
15/02/2025	21	0,1	42	10,8	95	0	0
15/02/2025	22	0,1	335	9,9	95	0	0
15/02/2025	23	0,1	273	10,2	95	0	0
16/02/2025	00	0,1	226	10,5	95	0	0
16/02/2025	01	0,1	244	10,3	95	0	0
16/02/2025	02	0,2	261	9,9	94	0	0
16/02/2025	03	0,4	270	7,8	91	0	0
16/02/2025	04	0,3	288	8	87	0	0
16/02/2025	05	0,5	290	6,7	92	0	0
16/02/2025	06	0,2	273	5,5	90	0	0
16/02/2025	07	0,5	292	5,7	83	2	0
16/02/2025	08	0,2	216	5,5	95	47	0
16/02/2025	09	0,1	187	7,5	86	161	0
16/02/2025	10	0,1	133	11,5	69	338	0
16/02/2025	11	0,1	140	15,8	53	504	0
16/02/2025	12		116	18,4	40	627	0
16/02/2025	13	0,8	103	20	46	645	0
16/02/2025	14	2	87	18,4	57	602	0
16/02/2025	15	1,6	71	17,8	61	490	0
16/02/2025	16	0,8	88	18	60	334	0
16/02/2025	17	1,1	68	16	68	137	0
16/02/2025	18	0,4	69	13,4	81	8	0
16/02/2025	19	0,1	321	12,2	85	0	0
16/02/2025	20	0,5	251	11,6	87	0	0
16/02/2025	21	0,3	255	11	88	0	0
16/02/2025	22	0,1	150	9,8	90	0	0
16/02/2025	23	0,3	113	8,9	89	0	0
17/02/2025	00	0,1	140	8,5	88	0	0
17/02/2025	01	0,1	237	8,8	83	0	0
17/02/2025	02	0,1	149	8,7	77	0	0
17/02/2025	03	0,1	106	8,3	82	0	0
17/02/2025	04	0,2	26	8,9	72	0	0
17/02/2025	05	0,2	248	8,8	67	0	0
17/02/2025	06	0,1	48	9	65	0	0
17/02/2025	07	0,1	15	8,6	65	1	0
17/02/2025	08	0,3	310	9,3	66	38	0
17/02/2025	09	0,2	19	11,1	68	155	0
17/02/2025	10	0,1	145	14,2	63	323	0
17/02/2025	11	0,5	86	17,3	47	533	0
17/02/2025	12	0,8	108	19,2	41	619	0
17/02/2025	13	1,8	90	19,1	45	644	0
17/02/2025	14	2,6	81	17,9	50	607	0
17/02/2025	15	2,7	73	16,7	59	503	0
17/02/2025	16	2,2	81	15,9	57	349	0
17/02/2025	17	0,9	89	15,6	54	130	0
17/02/2025	18	0,4	84	13,6	63	11	0
17/02/2025	19	0,1	17	11,8	69	0	0
17/02/2025	20	0,2	42	10,9	75	0	0
17/02/2025	21	0,1	59	9,6	89	0	0
17/02/2025	22	0,2	21	9,1	93	0	0
17/02/2025	23	0,2	10	8,9	91	0	0
18/02/2025	00	0,1	187	8,2	93	0	0
18/02/2025	01	0,1	317	8,6	93	0	0
18/02/2025	02	0,1	171	9	89	0	0
18/02/2025	03	0,1	352	9,2	88	0	0
18/02/2025	04	0,1	186	8,8	87	0	0
18/02/2025	05	0,1	261	8,9	87	0	0
18/02/2025	06	0,7	308	8,7	85	0	0
18/02/2025	07	0,7	290	8,9	84	2	0
18/02/2025	08	1,1	283	8,9	83	31	0
18/02/2025	09	1,5	280	9,1	83	69	0
18/02/2025	10	1,2	279	9,9	80	131	0
18/02/2025	11	1,1	291	11,4	75	247	0
18/02/2025	12	0,3	243	14,2	66	400	0
18/02/2025	13	0,3	61	15,3	62	386	0
18/02/2025	14	0,5	104	16,5	57	503	0
18/02/2025	15	1,5	103	16,3	60	425	0
18/02/2025	16	1,9	105	14,7	69	263	0
18/02/2025	17	1,3	95	13	76	53	0
18/02/2025	18	0,5	89	12,3	81	6	0
18/02/2025	19	0,4	52	11,8	86	0	0
18/02/2025	20	0,2	36	11,6	87	0	0
18/02/2025	21	0,1	49	11,4	87	0	0
18/02/2025	22	0,1	333	10,5	89	0	0
18/02/2025	23	0,1	236	9,9	90	0	0
19/02/2025	00	0,1	163	9	93	0	0
19/02/2025	01	0,1	232	8,5	95	0	0
19/02/2025	02	0,1	162	7,6	95	0	0
19/02/2025	03	0,1	192	7,4	95	0	0
19/02/2025	04	0,1	50	6,8	95	0	0
19/02/2025	05	0,1	287	6,7	95	0	0
19/02/2025	06	0,1	226	6,5	95	0	0
19/02/2025	07	0,1	209	6	95	2	0
19/02/2025	08	0,1	70	5,4	95	46	0
19/02/2025	09	0,1	107	8,3	93	170	0,2
19/02/2025	10	0,1	57	10,9	85	264	0
19/02/2025	11	0,2	95	13,9	75	476	0
19/02/2025	12	0,2	62	16,1	64	547	0
19/02/2025	13	0,7	87	16,1	65	482	0
19/02/2025	14	1,1	110	16,3	66	371	0
19/02/2025	15	1,5	95	16,2	68	476	0
19/02/2025	16	1,7	93	15,1	71	267	0
19/02/2025	17	1,1	98	13,9	79	127	0
19/02/2025	18	0,4	77	12	89	9	0
19/02/2025	19	0,1	37	11,2	93	0	0
19/02/2025	20	0,1	355	11	93	0	0
19/02/2025	21	0,1	351	11,7	90	0	0
19/02/2025	22	0,1	351	11,7	89	0	0
19/02/2025	23	0,1	278	11,4	91	0	0
20/02/2025	00	0,1	47	11	92	0	0
20/02/2025	01	0,1	18	11,4	90	0	0
20/02/2025	02	0,1	287	11,5	89	0	0
20/02/2025	03	0,1	297	11,4	88	0	0
20/02/2025	04	0,1	207	11,3	90	0	0
20/02/2025	05	0,1	281	11,2	90	0	0
20/02/2025	06	0,1	236	11	89	0	0
20/02/2025	07	0,1	51	10,9	90	1	0
20/02/2025	08	0,1	327	11,1	89	17	0
20/02/2025	09	0,1	209	11,8	86	60	0
20/02/2025	10	0,1	253	12,8	79	125	0
20/02/2025	11	0,1	213	13,7	76	173	0
20/02/2025	12	0,1	208	14,3	73	161	0
20/02/2025	13	0,1	161	14,4	74	156	0
20/02/2025	14	1,1	90	13,4	82	156	0
20/02/2025	15	1,2	95	13,1	85	106	0
20/02/2025	16	1	84	12,5	88	56	0
20/02/2025	17	0,9	75	12	90	13	0
20/02/2025	18	1,5	61	11,7	89	1	0
20/02/2025	19	0,3	26	11,6	90	0	0
20/02/2025	20	0,1	360	11,2	94	0	0
20/02/2025	21	0,1	67	11	95	0	0
20/02/2025	22	0,1	186	11,4	95	0	0
20/02/2025	23	0,1	217	11,6	93	0	0
21/02/2025	00	0,1	150	11,5	92	0	0
21/02/2025	01	0,1	32	11,3	94	0	0
21/02/2025	02	0,1	54	11,3	94	0	0
21/02/2025	03	0,1	9	11,3	93	0	0
21/02/2025	04	0,1	173	11,3	91	0	0
21/02/2025	05	0,1	239	11,4	89	0	0
21/02/2025	06	0,1	259	11,3	89	0	0
21/02/2025	07	0,1	301	11,2	91	1	0
21/02/2025	08	0,1	185	11,3	90	23	0
21/02/2025	09	0,1	258	11,7	88	45	0
21/02/2025	10	0,1	230	12,3	84	92	0
21/02/2025	11	0,2	223	13,2	80	188	0
21/02/2025	12	0,4	211	14	74	192	0
21/02/2025	13	0,5	201	14,2	73	154	0
21/02/2025	14	0,4	160	14,8	73	194	0
21/02/2025	15	1,4	154	14,5	76	211	0
21/02/2025	16	1,2	153	13,9	78	162	0
21/02/2025	17	1,2	152	13,1	82	57	0
21/02/2025	18	0,8	157	12,2	86	4	0
21/02/2025	19	0,6	153	11,7	87	0	0
21/02/2025	20	0,4	155	11,5	86	0	0
21/02/2025	21	0,2	231	11,4	86	0	0
21/02/2025	22	0,1	5	11,2	89	0	0
21/02/2025	23	0,1	43	11,2	91	0	0
22/02/2025	00	0,2	37	10,8	95	0	0
22/02/2025	01	0,2	21	10,9	94	0	0
22/02/2025	02	0,2	35	10,8	95	0	0
22/02/2025	03	0,3	23	10,4	95	0	0
22/02/2025	04	0,1	11	10,5	95	0	0
22/02/2025	05	0,1	29	10,2	95	0	0
22/02/2025	06	0,1	277	9,8	95	0	0
22/02/2025	07	0,1	148	9,4	95	3	0
22/02/2025	08	0,2	294	9,7	95	23	0
22/02/2025	09	0,1	182	9,9	95	52	0
22/02/2025	10	0,1	226	11,6	92	160	0
22/02/2025	11	0,3	96	12,8	83	223	0
22/02/2025	12	1,1	58	14,3	76	456	0
22/02/2025	13	1,7	61	15,1	70	372	0
22/02/2025	14	1,4	69	16,7	63	501	0
22/02/2025	15	1,6	108	16,4	69	292	0
22/02/2025	16	1,9	108	14,6	74	109	0
22/02/2025	17	1,8	80	13,2	78	38	0
22/02/2025	18	0,8	25	12,2	86	2	1,6
22/02/2025	19	0,4	254	11,1	95	0	2
22/02/2025	20	0,1	188	10,8	95	0	0,4
22/02/2025	21	0,2	297	10,7	95	0	0
22/02/2025	22	0,1	238	10,3	95	0	0
22/02/2025	23	0,1	28	10,3	95	0	0
23/02/2025	00	0,1	16	10,5	95	0	0
23/02/2025	01	0,3	17	10,5	89	0	0
23/02/2025	02	0,7	29	10,4	75	0	0
23/02/2025	03	0,9	30	9,6	88	0	0
23/02/2025	04	0,4	29	9,6	92	0	0
23/02/2025	05	0,4	24	9,3	94	0	0
23/02/2025	06	0,1	9	8,7	94	0	0
23/02/2025	07	0,1	256	8,2	86	3	0
23/02/2025	08	0,1	209	8,3	85	57	0
23/02/2025	09	0,1	174	9,5	81	97	0
23/02/2025	10	0,1	171	13,1	69	319	0
23/02/2025	11		83	14,4	57	488	0
23/02/2025	12	2,7	64	15	53	493	0
23/02/2025	13	2,3	80	15,2	52	362	0
23/02/2025	14	1,7	104	16,2	51	465	0
23/02/2025	15	1,9	113	16,9	49	502	0
23/02/2025	16	1,7	111	16,8	48	393	0
23/02/2025	17	1,3	107	15,9	50	185	0
23/02/2025	18	0,5	77	13,6	55	14	0
23/02/2025	19	0,1	327	11,6	63	0	0
23/02/2025	20	0,3	263	11	67	0	0
23/02/2025	21	0,1	108	9,5	73	0	0
23/02/2025	22	0,1	202	8,5	79	0	0
23/02/2025	23	0,2	231	8	80	0	0
24/02/2025	00	0,3	242	7,6	81	0	0
24/02/2025	01	0,2	260	6,7	84	0	0
24/02/2025	02	0,3	247	7,1	81	0	0
24/02/2025	03	0,3	219	6,3	85	0	0
24/02/2025	04	0,1	169	6,2	83	0	0
24/02/2025	05	0,2	223	5,9	83	0	0
24/02/2025	06	0,1	209	6	81	0	0
24/02/2025	07	0,2	217	5,1	83	7	0
24/02/2025	08	0,1	127	7	76	101	0
24/02/2025	09	0,1	124	10,2	66	274	0
24/02/2025	10		110	12,7	60	373	0
24/02/2025	11		81	17,3	46	553	0
24/02/2025	12	0,3	144	18,2	42	527	0
24/02/2025	13	0,2	186	19,8	38	602	0
24/02/2025	14	0,6	161	19,7	40	392	0
24/02/2025	15	0,4	209	17,6	49	254	0
24/02/2025	16	0,2	256	16,9	55	193	0
24/02/2025	17	0,1	206	18,5	52	189	0
24/02/2025	18	0,1	103	15,9	60	20	0
24/02/2025	19	0,2	350	12,9	74	0	0
24/02/2025	20	0,1	257	11,7	79	0	0
24/02/2025	21	0,1	153	10,7	79	0	0
24/02/2025	22	0,1	112	9,8	81	0	0
24/02/2025	23	0,1	135	9,1	81	0	0
25/02/2025	00	0,1	158	8,4	82	0	0
25/02/2025	01	0,2	161	8,8	71	0	0
25/02/2025	02	0,2	151	8,3	70	0	0
25/02/2025	03	0,2	176	7,9	73	0	0
25/02/2025	04	0,1	168	7,4	75	0	0
25/02/2025	05	0,1	144	6,8	80	0	0
25/02/2025	06	0,1	196	7,5	74	0	0
25/02/2025	07	0,4	239	9,3	63	7	0
25/02/2025	08	0,2	125	9,1	70	57	0
25/02/2025	09	0,1	162	10	70	78	0
25/02/2025	10	0,2	158	10,9	70	112	0
25/02/2025	11	0,6	286	13	63	126	0
25/02/2025	12	3,2	296	16,3	48	204	0
25/02/2025	13	0,9	316	17,6	44	262	0
25/02/2025	14	2,4	8	16,3	50	232	0
25/02/2025	15	4,2	304	13,9	54	174	0
25/02/2025	16	4,6	303	13,2	47	135	0,2
25/02/2025	17	3,2	277	12,5	47	36	0
25/02/2025	18	2,3	283	12,3	41	4	0
25/02/2025	19	1,6	283	12,1	42	0	0
25/02/2025	20	2,5	289	12	43	0	0
25/02/2025	21	2,6	292	11,7	41	0	0
25/02/2025	22	3	291	10,8	42	0	0
25/02/2025	23	3,3	278	10,1	46	0	0
26/02/2025	00	1,7	294	10,1	40	0	0
26/02/2025	01	0,9	94	9,5	42	0	0
26/02/2025	02	0,7	308	9,1	45	0	0
26/02/2025	03	0,6	220	8,8	45	0	0
26/02/2025	04	1,8	304	8,8	43	0	0
26/02/2025	05	1,6	301	8,6	45	0	0
26/02/2025	06	0,2	294	6,8	51	0	0
26/02/2025	07	0,1	244	7	50	10	0
26/02/2025	08	0,7	287	8,7	48	128	0
26/02/2025	09	1	269	11,6	40	290	0
26/02/2025	10	0,5	228	13,5	35	472	0
26/02/2025	11	0,4	157	14,8	31	543	0
26/02/2025	12						0,6
26/02/2025	13	0,6	219	16,9	28	712	0
26/02/2025	14	0,8	219	17,4	28	668	0
26/02/2025	15	1,1	181	17,7	31	567	0
26/02/2025	16	0,8	198	17,6	31	408	0
26/02/2025	17	0,6	222	16,9	31	212	0
26/02/2025	18	0,1	201	14,2	39	27	0
26/02/2025	19	0,1	232	10,8	58	0	0
26/02/2025	20	0,4	261	9,4	69	0	0
26/02/2025	21	0,3	261	9	74	0	0
26/02/2025	22	0,2	254	8,2	78	0	0
26/02/2025	23	0,2	250	7	76	0	0
27/02/2025	00	0,2	148	6,3	70	0	0
27/02/2025	01	0,2	313	6,2	63	0	0
27/02/2025	02	0,1	188	5	68	0	0
27/02/2025	03	0,1	247	4,5	72	0	0
27/02/2025	04	0,1	352	4,5	70	0	0
27/02/2025	05	0,1	217	4,2	70	0	0
27/02/2025	06	0,1	60	3,6	78	0	0
27/02/2025	07	0,1	65	4,5	69	6	0
27/02/2025	08	0,2	49	5	69	64	0
27/02/2025	09	0,2	60	7,5	64	218	0
27/02/2025	10		89	11,8	54	338	0
27/02/2025	11		118	12,8	54	289	0
27/02/2025	12		142	13,6	48	235	0
27/02/2025	13		144	14,6	45	306	0
27/02/2025	14		94	13,9	47	254	0
27/02/2025	15		114	14,8	51	384	0
27/02/2025	16		99	14	59	230	0
27/02/2025	17		106	13,8	65	173	0
27/02/2025	18		92	11,7	80	21	0
27/02/2025	19		35	10,1	93	0	0
27/02/2025	20		80	9,5	94	0	0
27/02/2025	21		274	9,2	94	0	0
27/02/2025	22		151	8,8	95	0	0
27/02/2025	23		139	8,3	95	0	0
28/02/2025	00		275	7,8	95	0	0
28/02/2025	01		266	7,3	95	0	0
28/02/2025	02		245	6,6	95	0	0
28/02/2025	03		55	5,5	95	0	0
28/02/2025	04		6	5,1	95	0	0
28/02/2025	05		216	3,8	95	0	0
28/02/2025	06		205	3,2	95	0	0
28/02/2025	07		302	3,8	95	8	0
28/02/2025	08		168	5,3	95	112	0
28/02/2025	09		135	8,9	85	268	0
28/02/2025	10		131	12	69	385	0
28/02/2025	11		83	13,3	65	544	0
28/02/2025	12		92	13,6	64	507	0
28/02/2025	13		91	13,9	65	571	0
28/02/2025	14		93	14,1	65	633	0
28/02/2025	15		94	14,6	61	550	0
28/02/2025	16		91	13,7	68	369	0
28/02/2025	17		84	12	77	99	0
28/02/2025	18		67	10,7	82	14	0
28/02/2025	19		44	10,2	88	0	0
28/02/2025	20		31	10,1	87	0	0
28/02/2025	21		26	10,3	84	0	0
28/02/2025	22		34	10,4	83	0	0
28/02/2025	23		35	9,9	87	0	0
01/03/2025	00		34	9,6	88	0	0
01/03/2025	01	1	39	9,4	88	0	0
01/03/2025	02	1,1	35	9	92	0	0
01/03/2025	03	1,3	31	8,7	93	0	0,2
01/03/2025	04	1,4	35	8,5	94	0	0
01/03/2025	05	1,8	33	8,5	94	0	0,4
01/03/2025	06	2,6	34	8	95	0	0
01/03/2025	07	2,4	35	7,9	95	2	0
01/03/2025	08	2	34	8,4	92	51	0
01/03/2025	09	3	38	9,6	83	209	0,4
01/03/2025	10	3,2	36	10,5	76	272	0
01/03/2025	11	3,5	42	9,2	85	51	0,4
01/03/2025	12	2,9	39	9	90	166	0
01/03/2025	13	2,9	40	11,2	72	515	0
01/03/2025	14	3,9	61	12	55	407	0,4
01/03/2025	15	4,2	85	11,9	49	471	0
01/03/2025	16	8	106	12,4	55	336	0
01/03/2025	17	8,2	109	11,2	66	103	0
01/03/2025	18	7,1	86	9,5	79	16	0
01/03/2025	19	1,2	40	9,2	80	0	0
01/03/2025	20	0,6	36	9,3	80	0	0
01/03/2025	21	0,6	30	8,7	89	0	2
01/03/2025	22	1,2	25	8,3	93	0	0,4
01/03/2025	23	1,2	28	8,4	83	0	0
02/03/2025	00	0,4	13	8,4	81	0	0
02/03/2025	01	0,4	24	8,3	78	0	0
02/03/2025	02	1,3	30	8,4	73	0	0
02/03/2025	03	1	341	8,1	72	0	0
02/03/2025	04	0,7	315	7,5	77	0	0
02/03/2025	05	0,1	17	7,1	79	0	0
02/03/2025	06	0,1	231	7,1	81	0	0
02/03/2025	07	0,1	2	7,1	83	3	0
02/03/2025	08	0,3	344	7,6	78	23	0
02/03/2025	09	2	36	8,4	66	60	0
02/03/2025	10	2,9	34	8,7	63	113	0
02/03/2025	11	3,4	37	9,5	63	235	0
02/03/2025	12	3,9	37	9,2	69	173	0
02/03/2025	13	3,9	36	9,4	70	264	0
02/03/2025	14	3,8	36	9,2	76	167	0
02/03/2025	15	3,4	37	9,3	80	163	0
02/03/2025	16	3,7	37	9,3	82	118	0
02/03/2025	17	4,6	35	9,3	84	76	0
02/03/2025	18	3,7	36	9	86	7	0
02/03/2025	19	3,1	34	8,8	89	0	0
02/03/2025	20	3	35	8,2	95	0	0,6
02/03/2025	21	3	35	8,2	95	0	0,8
02/03/2025	22	3,1	34	8,4	95	0	0,4
02/03/2025	23	3,2	36	8,4	95	0	0,8
03/03/2025	00	3	37	8,2	95	0	0,6
03/03/2025	01	3,7	37	8,2	95	0	0,2
03/03/2025	02	2,7	37	8,1	95	0	1,2
03/03/2025	03	2,9	35	8	95	0	2,4
03/03/2025	04	3,4	36	8	95	0	3
03/03/2025	05	4,4	35	8,2	95	0	0,4
03/03/2025	06	3,1	36	8,5	95	0	0
03/03/2025	07	4,7	35	8,6	95	0	3,4
03/03/2025	08	4,8	47	9,2	95	11	5
03/03/2025	09	4,3	41	9,2	95	21	2,4
03/03/2025	10	3	37	9,3	95	31	11,4
03/03/2025	11	0,8	98	9,3	95	12	3,8
03/03/2025	12	4,2	82	10,6	95	54	5
03/03/2025	13	4	86	10,9	95	48	3,6
03/03/2025	14	4,5	81	10,9	95	25	6,6
03/03/2025	15	1,5	330	10	95	11	6,8
03/03/2025	16	4,1	286	7,7	95	1	67,2
03/03/2025	17	0,8	286	7,8	95	3	32
03/03/2025	18	0,6	262	8,4	95	3	5,4
03/03/2025	19	0,8	276	8,5	95	0	2,2
03/03/2025	20	0,7	280	8,8	95	0	4
03/03/2025	21	0,2	40	9	95	0	3,4
03/03/2025	22	0,1	159	9	95	0	0
03/03/2025	23	0,2	63	8,8	95	0	0,2
04/03/2025	00	0,3	51	9,5	95	0	0,8
04/03/2025	01	1,9	37	10,3	95	0	0,6
04/03/2025	02	3	36	10,3	95	0	0,8
04/03/2025	03	3,5	36	10,2	95	0	0
04/03/2025	04	2	36	10	95	0	0
04/03/2025	05	2,5	35	10	95	0	0,4
04/03/2025	06	2,5	35	9,9	95	0	0
04/03/2025	07	3,6	36	9,6	95	2	0
04/03/2025	08	2,9	36	9,6	95	13	0
04/03/2025	09	2,7	35	9,6	95	45	0,2
04/03/2025	10	2,9	35	10	95	108	0
04/03/2025	11	3,9	38	10,5	95	168	0
04/03/2025	12	3,7	36	10,2	95	114	0
04/03/2025	13	3,2	36	9,8	95	57	0
04/03/2025	14	3,3	35	9,9	95	49	0,4
04/03/2025	15	2,6	38	10	95	56	0,4
04/03/2025	16	3,4	35	10,2	95	65	0
04/03/2025	17	2,8	37	10,6	95	54	0
04/03/2025	18	2,3	36	10,2	95	5	0
04/03/2025	19	2,4	34	10,2	94	0	0
04/03/2025	20	2,9	33	10	95	0	0,2
04/03/2025	21	2,9	35	10	95	0	0,4
04/03/2025	22	2,3	36	10,1	95	0	2,4
04/03/2025	23	2,4	34	10	95	0	1,4
05/03/2025	00	3,2	38	10,2	95	0	0
05/03/2025	01	3,3	38	10,2	95	0	0,4
05/03/2025	02	3,1	36	9,8	95	0	2,8
05/03/2025	03	4,2	34	9,7	95	0	0,8
05/03/2025	04	4,4	34	9,5	95	0	1,2
05/03/2025	05	3,4	36	9,3	95	0	0
05/03/2025	06	3,8	35	9,2	95	0	1,2
05/03/2025	07	4,7	35	9,1	95	0	0
05/03/2025	08	5,4	36	9,3	95	32	0
05/03/2025	09	4,3	36	9,5	95	39	0
05/03/2025	10	5	34	9,5	95	57	0
05/03/2025	11	5,2	36	9,7	95	104	0
05/03/2025	12	4,9	35	10	95	132	0
05/03/2025	13	5	36	9,6	95	174	0,2
05/03/2025	14	4,7	37	9,7	95	98	0,4
05/03/2025	15	4,8	35	9,6	95	48	0
05/03/2025	16	5	36	9,8	95	54	0,8
05/03/2025	17	4,9	36	9,7	95	24	0,8
05/03/2025	18	4,5	38	10	95	3	0
05/03/2025	19	4,9	39	10,1	95	0	0,4
05/03/2025	20	4,7	46	10,1	95	0	0,4
05/03/2025	21	4,7	50	10	95	0	0,6
05/03/2025	22	4,6	45	9,9	95	0	0,8
05/03/2025	23	4,5	48	10	95	0	0,4
06/03/2025	00	4,7	54	10,1	95	0	0,4
06/03/2025	01	4,6	55	10,2	95	0	1
06/03/2025	02	4,4	55	10,3	95	0	0
06/03/2025	03	4,5	52	10,3	95	0	0
06/03/2025	04	4,6	51	10,3	95	0	1,6
06/03/2025	05	4,4	53	10,3	95	0	0
06/03/2025	06	3,3	47	10,3	95	0	0,8
06/03/2025	07	4	46	10,3	95	4	0,4
06/03/2025	08	4,6	46	10,4	95	35	0
06/03/2025	09	3,6	44	10,7	95	75	0
06/03/2025	10	5,4	52	11,1	95	170	0,4
06/03/2025	11	4,6	53		95	134	0,8
06/03/2025	12	4,8	53		94	191	0
06/03/2025	13	4,9	49	12	94	175	0,4
06/03/2025	14	4,9	51	12,2	94	258	0
06/03/2025	15	3,3	38	12,6	93	238	0
06/03/2025	16	3,2	37	12,4	93	138	0
06/03/2025	17	3,1	36	12,3	91	111	0
06/03/2025	18	3,1	46		91	24	0
06/03/2025	19	2,4	52		88	0	0,4
06/03/2025	20	1,6	34		85	0	0,8
06/03/2025	21	1,6	34		84	0	0,4
06/03/2025	22	2,9	37		89	0	1,2
06/03/2025	23	3,2	37		87	0	0
07/03/2025	00	2,5	35	10,2	94	0	0,4
07/03/2025	01	0,9	25	9,9	95	0	0
07/03/2025	02	1	19	9,8	95	0	0
07/03/2025	03	0,2	244	9,1	95	0	0
07/03/2025	04	0,1	312	9,1	95	0	0,4
07/03/2025	05	1	29	9,5	95	0	0
07/03/2025	06	1,3	32	9,6	95	0	0
07/03/2025	07	1,1	25	9,6	95	6	0
07/03/2025	08	1,4	29	9,9	95	49	0
07/03/2025	09	1,4	33	10,4	95	98	0
07/03/2025	10	2,7	35	11,9	89	447	0
07/03/2025	11	3,7	37	12,1	87	377	0
07/03/2025	12	3	38	12,1	89	335	0
07/03/2025	13	3,2	43	13	85	494	0
07/03/2025	14	2,8	39	13,1	85	278	0
07/03/2025	15	1,9	36	12,3	90	141	0
07/03/2025	16	1,3	36	11,7	93	55	0,4
07/03/2025	17	1,5	33	11,1	95	22	0,4
07/03/2025	18	2,4	42	10,8	95	7	0,6
07/03/2025	19	1,9	49	11	95	0	0,8
07/03/2025	20	2	65	11,1	95	0	0
07/03/2025	21	1,7	61	11,1	95	0	0
07/03/2025	22	1,2	61	11	95	0	0
07/03/2025	23	0,5	59	10,9	95	0	0
08/03/2025	00	0,5	58	10,7	95	0	0
08/03/2025	01	0,1	60	10,8	95	0	0
08/03/2025	02	0,1	101	10,5	95	0	0
08/03/2025	03	0,1	46	10,6	95	0	0
08/03/2025	04	0,2	31	10,4	95	0	0
08/03/2025	05	0,3	43	10,3	95	0	0,8
08/03/2025	06	0,3	42	10,4	95	0	0
08/03/2025	07	0,3	44	10,4	95	1	0
08/03/2025	08	0,5	59	10,3	95	18	0,8
08/03/2025	09	1	83	10,8	95	34	1
08/03/2025	10	2,5	121	11,3	95	66	0
08/03/2025	11	1,7	125	11,6	95	63	4,2
08/03/2025	12	1,7	131	12,1	95	109	0,4
08/03/2025	13	2	127	12,4	95	122	0
08/03/2025	14	1,7	121	12,5	95	92	0
08/03/2025	15	1,9	113	12,7	95	89	0
08/03/2025	16	2,1	106	12,2	95	28	0
08/03/2025	17	1,8	97	12,1	95	13	0
08/03/2025	18	2,8	94	11,8	95	1	0
08/03/2025	19	2,4	106	11,8	95	0	4
08/03/2025	20	3	84	11,8	95	0	2,8
08/03/2025	21	2,3	96	11,8	95	0	2,4
08/03/2025	22	2	118	12	95	0	1,2
08/03/2025	23	1,7	203	11,4	92	0	2,8
09/03/2025	00	0,7	237	8,8	95	0	4,6
09/03/2025	01	0,1	222	8,8	95	0	0
09/03/2025	02	0,3	238	8,6	95	0	0
09/03/2025	03	0,3	238	8,4	95	0	0
09/03/2025	04	0,4	253	7,9	94	0	0
09/03/2025	05	0,1	325	7,1	95	0	0
09/03/2025	06	0,3	298	6,6	95	0	0
09/03/2025	07	1	275	7,1	90	9	0
09/03/2025	08	0,8	248	8,6	83	134	0
09/03/2025	09	0,6	234	11,2	68	345	0
09/03/2025	10	0,7	204	13,5	57	485	0
09/03/2025	11	0,8	207	14,3	48	525	0
09/03/2025	12	1	179	16	44	747	0
09/03/2025	13	1	206	17	39	705	0
09/03/2025	14	1,2	187	18,1	39	739	0
09/03/2025	15	2,3	202	17,8	37	633	0
09/03/2025	16	2,7	195	16,9	42	462	0
09/03/2025	17	2,8	213	15,2	46	200	0
09/03/2025	18	1,1	178	13,4	57	36	0
09/03/2025	19	0,4	190	11,2	72	0	0
09/03/2025	20	0,6	245	10,2	73	0	0
09/03/2025	21	0,6	254	9,7	74	0	0
09/03/2025	22	0,3	249	9,3	75	0	0
09/03/2025	23	0,4	271	8,9	73	0	0
10/03/2025	00	0,1	226	8,1	78	0	0
10/03/2025	01	0,1	275	6,9	84	0	0
10/03/2025	02	0,1	212	5,8	90	0	0
10/03/2025	03	0,3	254	6,8	81	0	0
10/03/2025	04	0,2	244	7,1	76	0	0
10/03/2025	05	0,3	220	6,7	79	0	0
10/03/2025	06	0,3	10	6,3	86	0	0
10/03/2025	07	0,2	212	6,6	85	7	0
10/03/2025	08	0,2	257	7,4	85	73	0,4
10/03/2025	09	0,1	194	9,7	77	185	0
10/03/2025	10	0,1	169	12	65	248	0
10/03/2025	11	0,7	167	14,3	54	591	0
10/03/2025	12	0,9	169	15,9	48	651	0
10/03/2025	13	0,9	164	16,8	46	810	0
10/03/2025	14	1,5	148	16,7	51	598	0
10/03/2025	15	2,2	136	16,3	53	578	0
10/03/2025	16	1,3	140	16,8	50	417	0
10/03/2025	17	0,9	99	15,5	56	160	0
10/03/2025	18	2,4	48	12,8	71	38	0
10/03/2025	19	1,2	29	11,1	81	0	0
10/03/2025	20	0,3	6	10,4	83	0	0
10/03/2025	21	0,2	353	9,9	85	0	0
10/03/2025	22	0,1	268	9,7	88	0	0
10/03/2025	23	0,1	293	9,7	88	0	0
11/03/2025	00	0,2	218	8,8	92	0	0
11/03/2025	01	0,4	235	9	94	0	0,4
11/03/2025	02	0,2	218	9,2	95	0	0
11/03/2025	03	0,1	250	9,2	92	0	0
11/03/2025	04	0,1	264	8,7	91	0	0
11/03/2025	05	0,1	247	7,9	93	0	0
11/03/2025	06	0,2	338	7,6	95	0	0
11/03/2025	07	0,1	252	7,7	95	7	0
11/03/2025	08	0,1	246	7,8	95	41	0
11/03/2025	09	0,1	171	8,6	95	91	0
11/03/2025	10	0,1	184	10,7	90	308	0
11/03/2025	11	2,5	169	14,5	67	467	0
11/03/2025	12	1	186	16,9	54	671	0
11/03/2025	13	1,7	167	16	57	320	0,4
11/03/2025	14	2,7	219	15,9	54	241	0
11/03/2025	15	2,1	204	14,6	64	142	0
11/03/2025	16	1,9	214	12,7	74	93	0
11/03/2025	17	1,1	240	11,6	77	95	0
11/03/2025	18	0,2	175	11,3	75	32	0
11/03/2025	19	0,2	322	9,9	82	0	0
11/03/2025	20	0,3	262	10	78	0	0
11/03/2025	21	0,4	269	9,5	82	0	0
11/03/2025	22	0,2	216	9	84	0	0
11/03/2025	23	0,1	202	7,9	89	0	0
12/03/2025	00	0,7	258	8	84	0	0
12/03/2025	01	0,5	271	8,1	78	0	0
12/03/2025	02	0,6	307	7	85	0	0
12/03/2025	03	0,7	274	8,3	72	0	0
12/03/2025	04	0,4	286	8,1	75	0	0
12/03/2025	05	0,2	330	8,2	75	0	0
12/03/2025	06	0,2	260	7	79	0	0
12/03/2025	07	0,1	262	7,5	81	20	0
12/03/2025	08	0,2	233	10,8	69	133	0
12/03/2025	09	0,2	198	13	62	358	0
12/03/2025	10	0,6	228	15,6	46	539	0
12/03/2025	11	0,9	178	17,1	41	611	0
12/03/2025	12	1,6	265	17,6	35	678	0
12/03/2025	13	1,7	272	18,7	31	837	0
12/03/2025	14	1,9	285	19,1	30	785	0
12/03/2025	15	2,1	281	19,2	28	655	0
12/03/2025	16	0,6	288	18,9	29	231	0
12/03/2025	17	1,1	275	18,6	31	187	0
12/03/2025	18	0,4	25	15,9	42	32	0
12/03/2025	19	0,8	24	13,8	53	0	0
12/03/2025	20	0,6	3	13	53	0	0
12/03/2025	21	0,3	231	11,8	59	0	0
12/03/2025	22	0,9	287	11,7	54	0	0
12/03/2025	23	0,2	335	10,2	63	0	0
13/03/2025	00	0,2	264	9,8	68	0	0
13/03/2025	01	0,2	234	9,7	67	0	0
13/03/2025	02	0,2	308	8,9	72	0	0
13/03/2025	03	0,2	302	9,7	66	0	0
13/03/2025	04	0,2	271	9,2	68	0	0
13/03/2025	05	0,3	244	8,3	71	0	0
13/03/2025	06	0,4	279	7,6	71	0	0
13/03/2025	07	0,3	188	7,6	74	35	0
13/03/2025	08	0,2	224	8,1	77	115	0
13/03/2025	09	0,3	296	10,5	64	185	0
13/03/2025	10	0,4	44	13,1	51	318	0
13/03/2025	11	0,4	119	14,4	48	343	0
13/03/2025	12	1,2	86	14,2	52	276	0
13/03/2025	13	2	86	13,5	64	288	0
13/03/2025	14	1,6	76	12,6	72	153	0
13/03/2025	15	0,5	152	11,2	87	75	1,2
13/03/2025	16	0,6	278	10,3	92	82	0,6
13/03/2025	17	0,7	291	9,7	94	72	0,4
13/03/2025	18	0,2	258	9,4	92	18	0
13/03/2025	19	0,1	236	8,8	95	0	0
13/03/2025	20	0,1	346	8,7	95	0	0
13/03/2025	21	0,1	326	8,7	95	0	0,4
13/03/2025	22	0,1	329	8,5	95	0	0,4
13/03/2025	23	0,1	251	8,3	95	0	0
14/03/2025	00	0,1	260	8	95	0	2
14/03/2025	01	0,3	280	7,3	94	0	0,8
14/03/2025	02	0,6	310	6,9	90	0	0,4
14/03/2025	03	0,3	276	6,8	87	0	0
14/03/2025	04	0,2	308	7	80	0	0
14/03/2025	05	0,1	345	7	82	0	0
14/03/2025	06	0,1	150	6,9	85	0	0
14/03/2025	07	0,1	300	6,3	85	5	1,6
14/03/2025	08	0,6	303	5,3	91	31	3,4
14/03/2025	09	1,5	303	5,3	89	90	1,6
14/03/2025	10	0,9	299	5,8	87	167	1,6
14/03/2025	11	0,4	296	7	84	212	1,2
14/03/2025	12	0,9	308	7,3	83	233	0,4
14/03/2025	13	0,4	311	7,6	81	174	0,4
14/03/2025	14	0,5	310	7,4	83	131	1,8
14/03/2025	15	0,7	310	6,8	83	95	1,4
14/03/2025	16	0,3	309	6,3	84	103	0,4
14/03/2025	17	0,2	321	6,6	82	78	0,4
14/03/2025	18	0,1	232	6,7	80	15	0
14/03/2025	19	0,2	305	6,7	76	0	0
14/03/2025	20	0,1	347	6,7	70	0	0
14/03/2025	21	0,1	280	7,1	66	0	0
14/03/2025	22	0,9	293	7,1	55	0	0
14/03/2025	23	0,9	296	6,9	51	0	0
15/03/2025	00	0,8	287	6,6	47	0	0
15/03/2025	01	0,8	268	5,9	48	0	0
15/03/2025	02	1,6	275	5,4	47	0	0
15/03/2025	03	1,2	271	4,8	48	0	0
15/03/2025	04	1,5	263	4,3	48	0	0
15/03/2025	05	0,8	229	3,5	51	0	0
15/03/2025	06	0,2	243	2,4	57	0	0
15/03/2025	07	0,1	204	4	53	21	0
15/03/2025	08	0,5	232	6,6	44	177	0
15/03/2025	09	0,4	204	9,1	36	388	0
15/03/2025	10	1,7	294	9,6	34	566	0
15/03/2025	11	1,2	300	10,9	32	702	0
15/03/2025	12	1,6	302	11,8	31	790	0
15/03/2025	13	1,4	286	12,8	30	780	0
15/03/2025	14	1,6	248	14	30	791	0
15/03/2025	15	2,9	277	13,2	30	577	0
15/03/2025	16	2,3	264	13,3	29	423	0
15/03/2025	17	1,3	275	11,9	32	97	0
15/03/2025	18	0,3	296	10,9	37	26	0
15/03/2025	19	0,1	271	9,7	45	0	0
15/03/2025	20	0,3	256	9	50	0	0
15/03/2025	21	0,7	281	8,6	47	0	0
15/03/2025	22	0,2	224	7,1	59	0	0
15/03/2025	23	0,5	290	6,6	58	0	0
16/03/2025	00	0,4	283	5,8	61	0	0
16/03/2025	01	0,8	265	5,4	63	0	0
16/03/2025	02	0,1	96	4	72	0	0
16/03/2025	03	0,1	201	3,7	73	0	0
16/03/2025	04	0,1	115	3,3	75	0	0
16/03/2025	05	0,1	74	2,7	80	0	0
16/03/2025	06	0,2	302	3,6	77	0	0
16/03/2025	07	0,1	89	3,8	80	11	0
16/03/2025	08	0,1	203	4,8	84	94	0
16/03/2025	09	0,1	77	7,3	74	220	0
16/03/2025	10	0,3	88	9,6	63	239	0
16/03/2025	11	0,9	101	10,2	65	288	0
16/03/2025	12	1,3	119	8,6	83	137	1,2
16/03/2025	13	0,5	145	10,2	82	454	0
16/03/2025	14	0,8	98	10,7	77	414	0
16/03/2025	15	0,5	79	11,5	72	260	0
16/03/2025	16	1,6	71	9,4	84	86	5,6
16/03/2025	17	1,6	45	8,5	86	181	0
16/03/2025	18	1,8	35	7,8	89	20	2,2
16/03/2025	19	0,2	340	6,3	93	0	2
16/03/2025	20	0,3	77	5,2	88	0	0
16/03/2025	21	0,2	329	4,2	94	0	0
16/03/2025	22	0,1	218	3,3	92	0	0
16/03/2025	23	0,4	284	3,4	89	0	0,4
17/03/2025	00	0,2	267	3,9	82	0	0
17/03/2025	01	0,2	307	2,6	88	0	0
17/03/2025	02	0,1	260	2,2	85	0	0
17/03/2025	03	0,2	240	1,7	91	0	0
17/03/2025	04	0,1	50	2,6	85	0	0
17/03/2025	05	0,1	318	2,5	88	0	0
17/03/2025	06	0,1	4	2	92	0	0
17/03/2025	07	0,1	304	3,6	85	32	0
17/03/2025	08	0,1	196	5,5	78	105	0
17/03/2025	09	0,1	135	6,3	78	178	0
17/03/2025	10	0,1	62	7,4	68	232	0
17/03/2025	11	0,1	81	8,5	61	198	0
17/03/2025	12	0,2	123	9,3	59	247	0
17/03/2025	13	0,6	114	9	63	204	0
17/03/2025	14	0,5	80	9,6	58	337	0
17/03/2025	15	0,2	70	10	56	194	0
17/03/2025	16	0,4	104	9,6	59	135	0
17/03/2025	17	0,3	111	9,1	67	54	0
17/03/2025	18	0,2	90	8,5	66	15	0
17/03/2025	19	0,1	349	8,1	70	0	0
17/03/2025	20	0,1	252	8	71	0	0
17/03/2025	21	0,4	284	7,8	74	0	0
17/03/2025	22	0,3	356	7,7	75	0	0
17/03/2025	23	0,2	61	7,5	78	0	0
18/03/2025	00	0,3	51	6,7	88	0	0
18/03/2025	01	0,1	77	6,5	91	0	0
18/03/2025	02	0,1	187	6,3	93	0	0
18/03/2025	03	0,1	201	6	95	0	0
18/03/2025	04	0,1	79	6	95	0	0
18/03/2025	05	0,1	76	6,1	95	0	0
18/03/2025	06	0,1	218	6,4	95	0	0
18/03/2025	07	0,5	51	7,1	95	7	0,2
18/03/2025	08	0,9	49	7,5	95	13	0,4
18/03/2025	09	0,1	163	7,4	95	22	0,6
18/03/2025	10	1,3	32	8,1	95	45	1,6
18/03/2025	11	1,8	47	8,4	95	42	2,4
18/03/2025	12	1,6	49	8,6	95	41	2,8
18/03/2025	13	2,5	49	8,7	95	58	3,2
18/03/2025	14	3,6	52	8,5	95	64	3
18/03/2025	15	2,9	40	8,4	95	57	0,8
18/03/2025	16	1,9	46	8,4	95	44	3,6
18/03/2025	17	1,9	36	8,5	95	23	0
18/03/2025	18	1,6	34	8,6	95	6	0
18/03/2025	19	1,7	33	8,8	95	0	0
18/03/2025	20	1,1	32	9	95	0	0
18/03/2025	21	1,1	36	9,2	95	0	1,4
18/03/2025	22	1,5	42	9,5	95	0	2,8
18/03/2025	23	0,9	39	9,6	95	0	1,8
19/03/2025	00	1	35	9,9	95	0	0
19/03/2025	01	0,6	28	10	95	0	0
19/03/2025	02	0,7	30	10	95	0	0
19/03/2025	03	1,1	33	10	95	0	0
19/03/2025	04	0,6	32	9,9	95	0	0,4
19/03/2025	05	0,5	30	9,9	95	0	0,4
19/03/2025	06	1,1	33	9,9	95	0	0
19/03/2025	07	0,8	34	9,9	95	5	0,4
19/03/2025	08	0,9	35	10,1	95	64	0
19/03/2025	09	1	33	10,9	95	107	0,4
19/03/2025	10	2	40	11,4	95	149	0
19/03/2025	11	1,4	38	11,4	95	133	0
19/03/2025	12	1,3	38	12,4	92	254	0
19/03/2025	13	1	38	13,1	90	351	0
19/03/2025	14	1	44	14,8	81	451	0,4
19/03/2025	15	0,7	56	14,6	82	124	0
19/03/2025	16	1,8	89	13,9	90	190	0
19/03/2025	17	2	73	13,4	91	151	0
19/03/2025	18	1,2	63	12,8	93	19	0
19/03/2025	19	0,8	58	12,3	95	0	0
19/03/2025	20	0,7	30	11,6	95	0	0
19/03/2025	21	1	34	11,6	95	0	0
19/03/2025	22	0,6	31	11,7	95	0	0
19/03/2025	23	1	34	11,7	95	0	0
20/03/2025	00	0,4	30	11,7	95	0	0
20/03/2025	01	0,3	17	11,9	95	0	0
20/03/2025	02	0,2	325	11,8	95	0	0
20/03/2025	03	0,6	19	11,4	95	0	0
20/03/2025	04	0,9	31	11,1	95	0	0
20/03/2025	05	1,8	35	11,4	95	0	0
20/03/2025	06	2,8	36	11,4	95	0	0
20/03/2025	07	1,8	35	11,2	95	4	0
20/03/2025	08	1,5	36	11,4	95	19	0
20/03/2025	09	1,7	34	11,9	95	97	0
20/03/2025	10	2	38	12,3	95	75	0,4
20/03/2025	11	2,5	38	12,4	95	90	0
20/03/2025	12	3,8	34	13	95	201	0
20/03/2025	13	3,3	35	13,4	95	190	0
20/03/2025	14	3,4	36	13,2	95	109	0
20/03/2025	15	2,9	36	13,5	95	156	0
20/03/2025	16	3,4	36	13,1	95	73	0
20/03/2025	17	3,6	35	12,6	95	32	0
20/03/2025	18	3	37	12,3	95	6	0
20/03/2025	19	2,9	36	12	95	0	0
20/03/2025	20	2,4	37	11,9	95	0	0
20/03/2025	21	1,4	36	11,9	95	0	0,6
20/03/2025	22	1,7	34	11,9	95	0	0
20/03/2025	23	1,8	35	11,9	95	0	0,4
21/03/2025	00	2,5	38	11,8	95	0	0
21/03/2025	01	2,5	36	11,9	95	0	0
21/03/2025	02	2,8	39	11,7	95	0	0
21/03/2025	03	3,5	37	11,4	95	0	0
21/03/2025	04	2,6	34	11,4	95	0	0
21/03/2025	05	0,7	22	11,9	95	0	0
21/03/2025	06	0,1	286	12,1	95	0	0
21/03/2025	07	0,3	264	11,7	95	6	0
21/03/2025	08	0,3	357	11,7	95	28	0,4
21/03/2025	09	0,1	13	11,8	95	43	0,8
21/03/2025	10	0,2	185	12,2	95	58	0
21/03/2025	11	0,4	170	13,2	91	336	0
21/03/2025	12	1,4	205	16,4	70	693	0
21/03/2025	13	2,5	208	18,5	48	711	0
21/03/2025	14	3,2	232	19,8	34	751	0
21/03/2025	15	3,4	235	18,9	37	367	0
21/03/2025	16	3,3	229	17,3	42	160	0
21/03/2025	17	1,8	228	16,4	44	69	0
21/03/2025	18	1,6	214	15,5	46	23	0
21/03/2025	19	1,2	185	14,8	52	1	0
21/03/2025	20	0,6	185	14,3	56	0	0
21/03/2025	21	1,5	205	14	56	0	0
21/03/2025	22	0,9	198	13,6	58	0	0
21/03/2025	23	1,9	212	13,4	60	0	0
22/03/2025	00	2,3	211	13,4	61	0	0
22/03/2025	01	2	205	13,5	62	0	0
22/03/2025	02	1,5	191	13,4	62	0	0
22/03/2025	03	1,2	205	13,1	63	0	0
22/03/2025	04	1,8	212	13	64	0	0
22/03/2025	05	2,5	223	12,9	65	0	0
22/03/2025	06	0,9	236	11,3	72	0	0
22/03/2025	07	0,9	225	11,2	65	49	0
22/03/2025	08	2,7	233	12	47	153	0
22/03/2025	09	2,3	227	13,4	43	402	0
22/03/2025	10	3,1	242	14,5	38	588	0
22/03/2025	11	2,9	228	14,4	37	446	0
22/03/2025	12	2,2	229	15,9	36	585	0
22/03/2025	13	4,5	243	16	37	461	0
22/03/2025	14	3,5	246	16,7	37	606	0
22/03/2025	15	3,2	236	17	38	536	0
22/03/2025	16	3,1	228	17,8	37	513	0
22/03/2025	17	1,6	223	16,2	42	114	0
22/03/2025	18	1,4	203	14,6	47	41	0
22/03/2025	19	1	215	13,2	54	0	0
22/03/2025	20	0,5	227	12	61	0	0
22/03/2025	21	0,5	234	11,5	64	0	0
22/03/2025	22	1	234	11,1	65	0	0
22/03/2025	23	0,7	240	10,3	67	0	0
23/03/2025	00	0,3	254	10,1	67	0	0
23/03/2025	01	0,2	242	9,8	67	0	0
23/03/2025	02	0,6	243	9,1	70	0	0
23/03/2025	03	1	257	9,1	66	0	0
23/03/2025	04	1,5	264	8,9	62	0	0
23/03/2025	05	0,9	271	9,7	54	0	0
23/03/2025	06	0,2	342	8,2	63	2	0
23/03/2025	07	0,2	253	9,9	59	56	0
23/03/2025	08	1	303	11,3	50	176	0
23/03/2025	09	0,6	33	12,4	47	247	0
23/03/2025	10	1,4	69	12,2	49	282	0
23/03/2025	11	1,1	72	12,8	48	281	0
23/03/2025	12	1	99	12,2	56	126	0
23/03/2025	13	0,3	155	13,2	54	236	0
23/03/2025	14	0,5	118	14,5	49	420	0
23/03/2025	15	1,4	342	13,4	52	333	0
23/03/2025	16	0,7	277	13,1	53	256	0
23/03/2025	17	0,2	175	12,4	59	88	0
23/03/2025	18	0,6	21	11	74	24	0
23/03/2025	19	0,2	349	9,7	79	1	0
23/03/2025	20	0,5	288	8,6	82	0	0
23/03/2025	21	0,1	345	7,6	86	0	0
23/03/2025	22	0,4	294	8,3	75	0	0
23/03/2025	23	0,1	187	6,7	89	0	0
24/03/2025	00	0,3	306	7,6	85	0	0
24/03/2025	01	0,1	340	7,6	85	0	0
24/03/2025	02	0,1	207	7,6	85	0	0
24/03/2025	03	0,1	294	7,9	83	0	0
24/03/2025	04	0,1	260	8	78	0	0
24/03/2025	05	0,1	321	7,3	82	0	0
24/03/2025	06	0,1	286	7,4	76	1	0
24/03/2025	07	0,1	349	8,4	76	44	0
24/03/2025	08	0,1	45	13,2	57	228	0
24/03/2025	09	0,3	128	14,3	49	424	0
24/03/2025	10	0,4	171	15,8	42	597	0
24/03/2025	11	1,5	108	15,8	45	581	0
24/03/2025	12	1,5	125	16,1	47	559	0
24/03/2025	13	2,5	95	15,2	53	446	0
24/03/2025	14	2,3	69	13,5	71	348	0
24/03/2025	15	2,3	70	12,6	75	255	0
24/03/2025	16	0,8	72	13	71	145	0
24/03/2025	17	0,7	220	12,4	76	124	0
24/03/2025	18	0,4	255	11,8	75	38	0,4
24/03/2025	19	0,5	240	10,6	86	0	0
24/03/2025	20	0,6	260	9,9	90	0	0
24/03/2025	21	0,3	243	9,9	90	0	0
24/03/2025	22	0,2	258	9,5	92	0	0
24/03/2025	23	0,3	332	9,1	94	0	0
25/03/2025	00	0,5	297	9,6	88	0	0
25/03/2025	01	0,9	286	8,8	89	0	0
25/03/2025	02	0,8	288	8,9	79	0	0
25/03/2025	03	1	302	9,5	69	0	0
25/03/2025	04	0,4	303	8,9	70	0	0
25/03/2025	05	0,6	303	8,7	71	0	0
25/03/2025	06	0,5	277	7,7	76	2	0
25/03/2025	07	0,1	201	8,7	77	42	0
25/03/2025	08	0,1	129	11,7	68	226	0
25/03/2025	09	0,5	119	13,8	60	429	0
25/03/2025	10	1,1	76	15,2	53	639	0
25/03/2025	11	1,2	56	16	47	724	0
25/03/2025	12	0,9	82	17,2	46	570	0
25/03/2025	13	1,2	106	17,9	49	659	0
25/03/2025	14	1,2	105	15,4	70	238	3,6
25/03/2025	15	0,7	159	14	73	149	0
25/03/2025	16	0,5	229	13,1	80	98	0,4
25/03/2025	17	0,3	249	11,9	85	44	0
25/03/2025	18	0,1	224	11,2	84	16	0
25/03/2025	19	0,1	248	10,9	84	0	0
25/03/2025	20	1,3	310	10,3	88	0	3
25/03/2025	21	0,3	237	9,2	94	0	0,8
25/03/2025	22	0,9	259	9,1	93	0	0
25/03/2025	23	2	263	9,3	82	0	0
26/03/2025	00	1,6	257	9,5	73	0	0
26/03/2025	01	1,5	260	9,5	68	0	0
26/03/2025	02	3	280	10,6	58	0	0
26/03/2025	03	3	285	10,8	56	0	0
26/03/2025	04	1,9	269	10,1	58	0	0
26/03/2025	05	1	262	9,3	61	0	0
26/03/2025	06	1,7	275	9,5	59	2	0
26/03/2025	07	2,8	279	10,7	57	46	0
26/03/2025	08	3,3	282	12,3	54	239	0
26/03/2025	09	3,7	283	13,6	50	441	0
26/03/2025	10	4,1	287	14,4	46	617	0
26/03/2025	11	3,3	293	15,4	44	751	0
26/03/2025	12	2,4	294	16,2	41	778	0
26/03/2025	13	1,8	306	17,2	38	825	0
26/03/2025	14	2,1	359	18,4	34	798	0
26/03/2025	15	2,5	26	18,2	35	595	0
26/03/2025	16	2,4	31	17,7	36	371	0
26/03/2025	17	1,6	360	16,9	38	231	0
26/03/2025	18	0,7	354	15,1	42	45	0
26/03/2025	19	0,4	327	13,6	47	1	0
26/03/2025	20	0,7	280	12,4	52	0	0
26/03/2025	21	1,7	288	11,7	55	0	0
26/03/2025	22	1,7	283	10,8	57	0	0
26/03/2025	23	0,5	283	9,9	59	0	0
27/03/2025	00	0,8	328	9,5	59	0	0
27/03/2025	01	1,6	328	9,5	58	0	0
27/03/2025	02	0,9	327	9	60	0	0
27/03/2025	03	2,3	307	9,3	57	0	0
27/03/2025	04	0,2	143	7,9	63	0	0
27/03/2025	05	1,7	4	6,5	71	0	0
27/03/2025	06	0,1	200	5,8	75	2	0
27/03/2025	07	0,1	170	7,8	69	51	0
27/03/2025	08	0,2	178	11,2	56	237	0
27/03/2025	09	0,6	38	13,3	48	437	0
27/03/2025	10						0
27/03/2025	11						0
27/03/2025	12	0,6	115	17,3	38	821	0
27/03/2025	13	0,5	170	18,8	36	856	0
27/03/2025	14	1,5	139	18	42	552	0
27/03/2025	15	1,4	126	18,1	44	641	0
27/03/2025	16	4,4	129	18,4	43	491	0
27/03/2025	17	0,4	144	18,4	44	236	0
27/03/2025	18	1,2	262	14,8	57	42	0
27/03/2025	19	0,4	258	12,6	67	1	0
27/03/2025	20	0,3	249	11,7	75	0	0
27/03/2025	21	0,2	258	11,3	77	0	0
27/03/2025	22	0,2	258	11,2	76	0	0
27/03/2025	23	0,2	226	10,5	78	0	0
28/03/2025	00	0,1	51	9,8	85	0	0
28/03/2025	01	0,2	177	10	84	0	0
28/03/2025	02	1	337	10,1	69	0	0
28/03/2025	03	1,8	300	9,6	62	0	0
28/03/2025	04	1,3	290	9,9	58	0	0
28/03/2025	05	2,5	300	9,9	55	0	0
28/03/2025	06	3	310	9,8	54	2	0
28/03/2025	07	3,3	298	10,2	53	53	0
28/03/2025	08	2,9	301	11,8	49	245	0
28/03/2025	09	4,2	299	12,7	47	446	0
28/03/2025	10	3,5	300	13,7	44	621	0
28/03/2025	11	3,5	300	14,7	40	752	0
28/03/2025	12	3,4	305	16	37	834	0
28/03/2025	13	4,7	300	16,6	35	856	0
28/03/2025	14	4	292	17,1	34	805	0
28/03/2025	15	4,7	299	17,1	33	695	0
28/03/2025	16	3,7	289	17,4	34	484	0
28/03/2025	17	2,3	302	17,2	34	319	0
28/03/2025	18	2,5	301	16,5	35	104	0
28/03/2025	19	2,1	311	15	36	2	0
28/03/2025	20	2,8	301	14,4	37	0	0
28/03/2025	21	2,8	301	13,7	37	0	0
28/03/2025	22	2	273	12,6	42	0	0
28/03/2025	23	4,4	279	12,6	40	0	0
29/03/2025	00	4,8	282	13,5	36	0	0
29/03/2025	01	4,3	311	13,7	39	0	0
29/03/2025	02	4,7	289	13,3	39	0	0
29/03/2025	03	4,4	282	12,5	45	0	0
29/03/2025	04	5,4	287	12,5	46	0	0
29/03/2025	05	7,6	291	12,4	44	0	0
29/03/2025	06	8,1	294	12,2	44	3	0
29/03/2025	07	7,3	292	11,7	42	35	0
29/03/2025	08	7,8	292	12,2	38	231	0
29/03/2025	09	7,3	288	12,8	37	368	0
29/03/2025	10	5,4	287	14	31	589	0
29/03/2025	11	5,1	282	14,8	30	686	0
29/03/2025	12	5,6	283	15,3	29	833	0
29/03/2025	13	5,1	289	16	27	864	0
29/03/2025	14	5,9	313	16,1	25	827	0
29/03/2025	15	8,4	301	15,5	26	707	0
29/03/2025	16	7,8	298	15	28	548	0
29/03/2025	17	6,4	299	14,6	27	344	0
29/03/2025	18	7	299	13,4	32	118	0
29/03/2025	19	6,7	293	11,8	35	2	0
29/03/2025	20	6,9	295	10,9	37	0	0
29/03/2025	21	6,5	293	10,1	39	0	0
29/03/2025	22	5,5	291	9,6	39	0	0
29/03/2025	23	5,5	294	9,3	39	0	0
30/03/2025	00	4,7	300	9,1	39	0	0
30/03/2025	01	4,1	294	8,9	39	0	0
30/03/2025	02	4,3	294	8,5	41	0	0
30/03/2025	03	4,3	303	8,2	42	0	0
30/03/2025	04	3,5	296	8,2	42	0	0
30/03/2025	05	2,5	289	8,4	41	0	0
30/03/2025	06	2,3	287	8,4	41	3	0
30/03/2025	07	0,7	319	10,1	38	61	0
30/03/2025	08	2,5	287	11,3	37	265	0
30/03/2025	09	2,2	288	13,5	33	469	0
30/03/2025	10	0,8	26	16,6	25	648	0
30/03/2025	11	0,5	68	18,3	24	783	0
30/03/2025	12	3,3	128	20	23	858	0
30/03/2025	13	5,5	107	21	23	867	0
30/03/2025	14	1,9	126	21	27	818	0
30/03/2025	15	3,9	136	22,3	26	703	0
30/03/2025	16	0,4	147	22,6	26	542	0
30/03/2025	17	0,4	188	22,3	26	346	0
30/03/2025	18	0,4	243	19,5	30	120	0
30/03/2025	19	0,7	255	15,5	36	2	0
30/03/2025	20	3,6	241	13,8	38	0	0
30/03/2025	21	1,2	224	12,6	42	0	0
30/03/2025	22	2,6	168	10,4	54	0	0
30/03/2025	23	0,1	180	9,1	62	0	0
31/03/2025	00	0,1	14	8,2	65	0	0
31/03/2025	01		179	7,7	66	0	0
31/03/2025	02		217	8,2	57	0	0
31/03/2025	03		164	7,8	56	0	0
31/03/2025	04		32	6,6	64	0	0
31/03/2025	05		178	6,3	64	0	0
31/03/2025	06		316	6,2	64	3	0
31/03/2025	07		148	9,6	53	63	0
31/03/2025	08		172	12,9	47	269	0
31/03/2025	09		154	17,6	40	471	0
31/03/2025	10		151	21,9	27	650	0
31/03/2025	11		156	24,1	21	784	0
31/03/2025	12		133	25,4	22	859	0
31/03/2025	13		104	25,5	24	869	0
31/03/2025	14	0,8	132	27,5	20	819	0
31/03/2025	15	0,9	136	27,9	20	709	0
31/03/2025	16	0,5	151	28,3	19	544	0
31/03/2025	17	0,8	240	26,2	24	345	0
31/03/2025	18	0,4	250	23,6	28	121	0
31/03/2025	19	0,1	325	19,5	33	2	0
31/03/2025	20	1,9	27	16,7	45	0	0
31/03/2025	21	3,8	45	14,3	54	0	0
31/03/2025	22	1,2	30	12,4	61	0	0
31/03/2025	23	0,5	339	11,7	67	0	0
01/04/2025	00	1,1	193	10,2	72	0	0
01/04/2025	01	0,1	189	9,2	74	0	0
01/04/2025	02	1,2	17	8,7	72	0	0
01/04/2025	03	2,2	125	7,9	73	0	0
01/04/2025	04	0,1	151	7,5	78	0	0
01/04/2025	05	0,1	196	7,3	74	0	0
01/04/2025	06	0,1	137	6,4	75	4	0
01/04/2025	07	0,1	116	9	66	67	0
01/04/2025	08	0,1	157	12,9	55	271	0
01/04/2025	09	0,1	154	17,3	44	470	0
01/04/2025	10	0,4	169	19,7	29	645	0
01/04/2025	11	1,9	138	20,5	26	774	0
01/04/2025	12	2	139	21,1	26	851	0
01/04/2025	13	2,3	123	21,6	27	860	0
01/04/2025	14	3,4	93	19,3	38	806	0
01/04/2025	15	3,2	92	18,5	36	695	0
01/04/2025	16	2,7	99	18	39	530	0
01/04/2025	17	2,2	98	16,9	46	330	0
01/04/2025	18	2,4	90	14,8	62	108	0
01/04/2025	19	1,4	62	12,4	84	2	0
01/04/2025	20	1	38	11,7	90	0	0
01/04/2025	21	0,3	34	11,5	92	0	0
01/04/2025	22	0,4	24	11,2	90	0	0
01/04/2025	23	0,2	29	10,6	90	0	0
02/04/2025	00	0,3	46	10	93	0	0
02/04/2025	01	0,1	9	9,6	92	0	0
02/04/2025	02	0,1	180	9,4	93	0	0
02/04/2025	03	0,1	51	9,3	93	0	0
02/04/2025	04	0,1	168	9,6	93	0	0
02/04/2025	05	0,1	166	9,7	95	0	0
02/04/2025	06	0,2	353	9,5	95	1	0
02/04/2025	07	0,1	175	9,8	95	11	0
02/04/2025	08	0,4	48	10	95	19	0
02/04/2025	09	1,2	36	10,3	95	21	0
02/04/2025	10	0,8	51	10,7	95	31	0
02/04/2025	11	0,5	112	11,5	95	96	0
02/04/2025	12	2,5	93	13	91	251	0
02/04/2025	13	2,2	100	12,9	92	196	0
02/04/2025	14	1,8	131	13,7	84	177	0
02/04/2025	15	1,5	123	13,2	86	77	0
02/04/2025	16	1,3	114	12,9	87	41	0
02/04/2025	17	1,4	113	13	85	55	0
02/04/2025	18	1,7	85	12,5	90	9	0
02/04/2025	19	1,1	81	12,2	95	0	0
02/04/2025	20	1,1	87	12,1	95	0	0
02/04/2025	21	1,1	94	12,1	95	0	0
02/04/2025	22	1,1	69	11,6	95	0	0
02/04/2025	23	0,9	45	11,2	95	0	0
03/04/2025	00	0,5	47	11,1	95	0	0
03/04/2025	01	1	44	11,3	95	0	0
03/04/2025	02	0,6	56	11,1	95	0	0
03/04/2025	03	0,4	30	10,4	95	0	0
03/04/2025	04	0,3	10	10,4	95	0	0
03/04/2025	05	0,6	48	10,4	95	0	0
03/04/2025	06	1,2	31	10,3	95	3	0
03/04/2025	07	1,2	32	10,7	95	37	0
03/04/2025	08	1,3	36	11,9	92	165	0
03/04/2025	09	1,7	41	13,1	82	288	0
03/04/2025	10			13,6	80	353	0
03/04/2025	11	4,5	37	14,3	73	490	0
03/04/2025	12	4,9	38	14,6	72	410	0
03/04/2025	13	4,9	39	14,6	74	352	0
03/04/2025	14	5,4	42	14,7	73	465	0
03/04/2025	15	5,3	46	14,2	76	280	0
03/04/2025	16	4,9	42	13,3	84	117	0
03/04/2025	17	4,1	38	12,9	87	65	0
03/04/2025	18	2,4	37	12,4	92	12	0
03/04/2025	19	2,6	36	12	95	0	0
03/04/2025	20	2,1	37	11,8	95	0	0
03/04/2025	21	2	35	11,8	95	0	0
03/04/2025	22	2	36	11,8	95	0	0
03/04/2025	23	1,6	36	11,8	95	0	0
04/04/2025	00	1,8	37	11,7	95	0	0
04/04/2025	01	2,9	35	11,6	95	0	0
04/04/2025	02	3	36	11,4	95	0	0
04/04/2025	03	3	37	11,4	95	0	0
04/04/2025	04	1,8	36	11,4	92	0	0
04/04/2025	05	0,5	336	11,2	94	0	0
04/04/2025	06	0,5	321	10,7	95	0	0
04/04/2025	07	1,4	18	11,4	94	17	0
04/04/2025	08	3,6	46	11,8	88	103	0
04/04/2025	09	3,5	34	13,1	79	224	0
04/04/2025	10	3,8	36	13,6	76	316	0
04/04/2025	11	3,7	38	14,3	75	383	0
04/04/2025	12	4,1	39	15	75	562	0
04/04/2025	13	3	48	15,5	75	596	0
04/04/2025	14	3,3	48	16,2	73	678	0
04/04/2025	15	4,1	45	16,4	73	668	0
04/04/2025	16	5,1	42	15,6	76	532	0
04/04/2025	17	3,9	42	14,2	82	197	0
04/04/2025	18	2,7	42	13,2	87	17	0
04/04/2025	19	1	47	12,9	90	0	0
04/04/2025	20	0,4	74	12,3	94	0	0
04/04/2025	21	0,2	101	12,1	95	0	0
04/04/2025	22	0,4	31	11,8	95	0	0
04/04/2025	23	0,1	313	11,8	95	0	0
05/04/2025	00	0,1	260	11,4	95	0	0
05/04/2025	01	0,5	51	11,1	95	0	0
05/04/2025	02	0,2	24	11,2	95	0	0
05/04/2025	03	0,1	253	10,8	95	0	0
05/04/2025	04	0,1	298	10,2	95	0	0
05/04/2025	05	0,2	237	9,2	95	0	0
05/04/2025	06	0,2	10	8,4	95	7	0
05/04/2025	07	0,1	192	9,3	95	85	0
05/04/2025	08	0,2	224	13,5	84	287	0
05/04/2025	09	0,2	211	16,6	65	487	0
05/04/2025	10	0,2	180	19,6	46	662	0
05/04/2025	11	0,4	184	21	39	638	0
05/04/2025	12	1,3	112	20,6	40	438	0
05/04/2025	13	2,5	110	19,3	51	327	0
05/04/2025	14	2	93	18	49	288	0
05/04/2025	15	1,1	99	19,3	48	493	0
05/04/2025	16	1	151	19,9	41	363	0
05/04/2025	17	1,4	168	21,8	38	365	0
05/04/2025	18	0,2	159	19,1	43	74	0
05/04/2025	19	0,2	32	16,5	52	2	0
05/04/2025	20	0,1	324	14,8	61	0	0
05/04/2025	21	0,3	252	13,3	65	0	0
05/04/2025	22	0,2	277	13,1	67	0	0
05/04/2025	23	0,1	250	12,9	67	0	0
06/04/2025	00	0,1	161	10,6	78	0	0
06/04/2025	01	0,1	212	9,7	81	0	0
06/04/2025	02	0,1	227	9,4	82	0	0
06/04/2025	03	0,2	238	10	78	0	0
06/04/2025	04	0,2	233	10	78	0	0
06/04/2025	05	0,2	258	11,3	73	0	0
06/04/2025	06	0,1	204	10,7	75	9	0
06/04/2025	07	0,4	271	14,3	62	106	0
06/04/2025	08	0,4	265	17,5	53	326	0
06/04/2025	09	0,7	291	19,7	45	489	0
06/04/2025	10	2	106	21,2	43	650	0
06/04/2025	11	0,4	102	22,5	39	791	0
06/04/2025	12	0,4	115	23,8	35	843	0
06/04/2025	13	0,7	165	24,6	35	842	0
06/04/2025	14	0,7	155	24,9	34	805	0
06/04/2025	15	1,4	128	24,5	35	704	0
06/04/2025	16	1,3	142	24	35	507	0
06/04/2025	17	0,8	146	23,7	35	339	0
06/04/2025	18	0,2	190	21,8	40	91	0
06/04/2025	19	0,6	246	18,1	50	3	0
06/04/2025	20	0,5	251	16,7	54	0	0
06/04/2025	21	0,1	224	15,7	60	0	0
06/04/2025	22	0,4	252	15,1	63	0	0
06/04/2025	23	1	286	15,7	61	0	0
07/04/2025	00	0,3	3	14	68	0	0
07/04/2025	01	0,2	327	13,4	70	0	0
07/04/2025	02	0,6	288	14,6	64	0	0
07/04/2025	03	1,2	294	14,8	61	0	0
07/04/2025	04		235	14,1	62	0	0
07/04/2025	05		191	12,5	67	0	0
07/04/2025	06		196	12,6	65	9	0
07/04/2025	07		162	14,8	59	92	0
07/04/2025	08		161	18,4	50	294	0
07/04/2025	09		124	21,6	43	488	0
07/04/2025	10		92	22,4	39	655	0
07/04/2025	11	1,5	97	22,8	40	780	0
07/04/2025	12	1,9	95	23,2	40	853	0
07/04/2025	13	3,2	92	22,7	43	864	0
07/04/2025	14	3,4	87	21,7	47	809	0
07/04/2025	15	2,4	79	21,4	47	694	0
07/04/2025	16	1,8	78	21,5	46	530	0
07/04/2025	17	1,3	92	21,9	45	328	0
07/04/2025	18	1,3	70	20	50	114	0
07/04/2025	19	2,4	52	17,2	69	4	0
07/04/2025	20	1,2	46	14,7	87	0	0
07/04/2025	21	0,3	55	14	89	0	0
07/04/2025	22	0,2	34	13,4	90	0	0
07/04/2025	23	0,3	36	12,7	89	0	0
08/04/2025	00	0,1	39	12,2	90	0	0
08/04/2025	01	0,1	75	11,4	91	0	0
08/04/2025	02	0,1	139	10,6	93	0	0
08/04/2025	03	0,1	134	10,3	93	0	0
08/04/2025	04	0,1	97	9,5	94	0	0
08/04/2025	05	0,1	33	9,4	95	0	0
08/04/2025	06	0,1	8	9,4	95	9	0
08/04/2025	07	0,1	145	12	84	93	0
08/04/2025	08	0,1	111	14,7	74	291	0
08/04/2025	09	0,2	102	17,2	64	485	0
08/04/2025	10	0,2	105	19,1	58	656	0
08/04/2025	11	0,3	122	20,8	53	784	0
08/04/2025	12	1,1	96	21,3	55	855	0
08/04/2025	13	2,2	80	20,6	58	862	0
08/04/2025	14	2,6	95	20,6	57	806	0
08/04/2025	15	2,1	73	20,2	56	644	0
08/04/2025	16	2	82	18,6	64	257	0
08/04/2025	17	1,3	89	18,1	65	226	0
08/04/2025	18	1,1	67	17,3	68	145	0
08/04/2025	19	0,4	65	15,2	80	6	0
08/04/2025	20	0,1	45	14	86	0	0
08/04/2025	21	0,1	41	13	92	0	0
08/04/2025	22	0,1	290	12,7	92	0	0
08/04/2025	23	0,1	218	12,4	92	0	0
09/04/2025	00	0,1	186	11,2	95	0	0
09/04/2025	01	0,1	67	10,3	95	0	0
09/04/2025	02	0,1	56	9,8	95	0	0
09/04/2025	03	0,1	275	9,6	95	0	0
09/04/2025	04	0,1	78	8,5	95	0	0
09/04/2025	05	0,1	42	8	95	0	0
09/04/2025	06	0,3	52	7,6	95	10	0
09/04/2025	07	0,1	51	8,3	95	75	0
09/04/2025	08	0,5	51	9,7	95	162	0
09/04/2025	09	0,8	64	11,7	95	224	0
09/04/2025	10	0,3	78	16,2	80	625	0
09/04/2025	11	0,3	102	19,7	63	779	0
09/04/2025	12	0,9	113	21,9	56	847	0
09/04/2025	13	1,5	115	22,8	51	851	0
09/04/2025	14	1,7	139	23,2	46	803	0
09/04/2025	15	1,1	141	23,8	43	646	0
09/04/2025	16	1,8	119	22,4	44	449	0
09/04/2025	17	1,2	114	20,6	46	254	0
09/04/2025	18	1	67	17,4	60	74	0
09/04/2025	19	0,6	40	15,3	78	3	0
09/04/2025	20	0,1	338	14,5	78	0	0
09/04/2025	21	0,1	223	14	73	0	0
09/04/2025	22	0,7	39	12,5	82	0	0
09/04/2025	23	0,7	31	12,1	95	0	0
10/04/2025	00	0,6	30	12,4	95	0	0
10/04/2025	01	0,1	340	12,2	93	0	0
10/04/2025	02	0,3	291	11,7	90	0	0
10/04/2025	03	0,2	96	10,9	94	0	0
10/04/2025	04	0,1	7	10	95	0	0
10/04/2025	05	0,1	356	10	94	0	0
10/04/2025	06	0,1	92	9,7	95	9	0
10/04/2025	07	0,1	100	11,3	92	77	0
10/04/2025	08	0,1	151	13,8	82	198	0
10/04/2025	09	1,2	60	14,9	76	265	0
10/04/2025	10	0,8	48	17	67	449	0
10/04/2025	11	1	60	18,3	62	660	0
10/04/2025	12	1,4	77	19	60	618	0
10/04/2025	13	2,4	85	19,5	57	832	0
10/04/2025	14	3	95	19,3	60	806	0
10/04/2025	15	3,6	87	17,7	67	695	0
10/04/2025	16	3,5	80	16,5	72	414	0
10/04/2025	17	3,1	80	16	75	341	0
10/04/2025	18	2,5	87	14,8	80	105	0
10/04/2025	19	1,6	88	13,6	87	6	0
10/04/2025	20	0,4	71	13	91	0	0
10/04/2025	21	0,3	30	12,8	92	0	0
10/04/2025	22	0,1	275	12	90	0	0
10/04/2025	23	0,1	45	11	94	0	0
11/04/2025	00	0,1	354	10,6	95	0	0
11/04/2025	01	0,1	327	10,5	95	0	0
11/04/2025	02	0,1	125	9,9	95	0	0
11/04/2025	03	0,1	95	10,2	95	0	0
11/04/2025	04	0,1	53	10,1	94	0	0
11/04/2025	05	0,1	205	10,1	94	0	0
11/04/2025	06	0,1	260	10	95	6	0
11/04/2025	07	0,1	132	11,7	89	118	0
11/04/2025	08	0,5	235	13,8	79	213	0
11/04/2025	09	0,4	6	14,2	77	207	0
11/04/2025	10	1,5	45	15,1	77	439	0
11/04/2025	11	2	43	16,7	68	577	0
11/04/2025	12	1,6	56	17,9	63	667	0
11/04/2025	13	2,6	78	18,2	64	744	0
11/04/2025	14	3,1	106	17,2	72	421	0
11/04/2025	15	2,4	94	16,7	74	388	0
11/04/2025	16	1,9	103	16,3	76	192	0
11/04/2025	17	1,2	102	15,7	80	119	0
11/04/2025	18	0,2	172	15,6	80	24	0
11/04/2025	19	0,9	117	14,6	85	1	0
11/04/2025	20	1,7	69	12,9	95	0	0
11/04/2025	21	0,2	75	12,5	95	0	0
11/04/2025	22	0,1	312	11,8	95	0	0
11/04/2025	23	0,1	327	11	95	0	0
12/04/2025	00	0,3	318	10,7	95	0	0
12/04/2025	01	0,2	235	9,9	95	0	0
12/04/2025	02	0,1	302	9,4	95	0	0
12/04/2025	03	0,1	244	9,4	95	0	0
12/04/2025	04	0,3	25	9,1	90	0	0
12/04/2025	05	0,1	96	8,6	92	0	0
12/04/2025	06	0,1	136	8,8	91	10	0
12/04/2025	07	0,2	63	9,1	91	96	0
12/04/2025	08	0,6	55	12,5	80	291	0
12/04/2025	09	0,2	103	14,6	73	306	0
12/04/2025	10	0,1	163	15,6	68	227	0
12/04/2025	11	0,2	195	16,3	65	269	0
12/04/2025	12	0,2	166	18,5	59	579	0
12/04/2025	13	0,3	179	21,3	49	782	0
12/04/2025	14	0,7	109	22	49	625	0
12/04/2025	15	2,1	101	19,1	63	309	0
12/04/2025	16	1	52	17,4	70	255	0
12/04/2025	17	0,3	167	18,8	64	194	0
12/04/2025	18	1,2	103	16,3	77	46	0
12/04/2025	19	0,4	16	14,6	85	5	0
12/04/2025	20	0,5	249	13,7	89	0	0
12/04/2025	21	0,2	258	13,4	92	0	0
12/04/2025	22	0,1	220	13,3	93	0	0
12/04/2025	23	0,1	260	13	94	0	0
13/04/2025	00	0,1	238	12,5	95	0	0
13/04/2025	01	0,1	209	11,9	95	0	0
13/04/2025	02	0,1	357	11,6	95	0	0
13/04/2025	03	0,1	214	11,1	95	0	0
13/04/2025	04	0,1	231	11	95	0	0
13/04/2025	05	0,2	63	9,7	95	0	0
13/04/2025	06	0,1	207	10,3	95	12	0
13/04/2025	07	0,1	209	13,2	88	107	0
13/04/2025	08	0,1	140	16,4	71	313	0
13/04/2025	09	0,2	109	17,4	68	371	0
13/04/2025	10	0,6	101	19,3	63	615	0
13/04/2025	11	1	101	20,7	57	711	0
13/04/2025	12	2,2	92	19,9	63	635	0
13/04/2025	13	2,2	92	19,6	63	521	0
13/04/2025	14	2,1	81	18,9	63	411	0
13/04/2025	15	1,7	87	18,5	63	249	0
13/04/2025	16	1,2	70	17,8	68	206	0
13/04/2025	17	0,7	69	17,1	68	101	0
13/04/2025	18	0,1	170	17,2	68	23	0
13/04/2025	19	0,1	166	16,3	73	2	0
13/04/2025	20	0,1	284	15,3	77	0	0
13/04/2025	21	0,1	235	15,2	79	0	0
13/04/2025	22	0,2	342	13,7	90	0	0
13/04/2025	23	0,1	91	13,6	91	0	0
14/04/2025	00	0,1	34	13,6	93	0	0
14/04/2025	01	0,1	60	13,3	94	0	0
14/04/2025	02	0,1	57	13,2	95	0	0
14/04/2025	03	0,1	53	13,2	95	0	0
14/04/2025	04	0,1	313	13,2	95	0	0
14/04/2025	05	0,1	66	13,1	95	0	0
14/04/2025	06	0,5	35	13,1	95	8	0
14/04/2025	07	0,2	310	13,7	90	63	0
14/04/2025	08	0,2	248	15	85	152	0
14/04/2025	09	0,1	168	17,8	71	348	0
14/04/2025	10	0,3	166	18,1	68	320	0
14/04/2025	11	0,4	160	19,8	61	430	0
14/04/2025	12	1	141	19,2	63	336	0
14/04/2025	13	1,6	113	18,1	72	207	0
14/04/2025	14	0,6	192	16,9	81	157	0
14/04/2025	15	1,2	86	17,5	80	432	0
14/04/2025	16	0,8	72	17,1	82	252	0
14/04/2025	17	1,2	132	16,2	83	57	0
14/04/2025	18	0,2	163	15,6	83	28	0
14/04/2025	19	0,1	178	15	84	10	0
14/04/2025	20	0,1	269	14	89	0	0
14/04/2025	21	0,1	256	13,2	93	0	0
14/04/2025	22	0,2	246	12,7	95	0	0
14/04/2025	23	0,6	250	12,8	95	0	0
15/04/2025	00	0,3	270	12,6	95	0	0
15/04/2025	01	0,2	248	12,2	94	0	0
15/04/2025	02	1	266	12,2	89	0	0
15/04/2025	03	0,2	227	10,8	91	0	0
15/04/2025	04	0,1	83	11	86	0	0
15/04/2025	05	0,5	225	11,5	71	0	0
15/04/2025	06	1,3	256	11,9	66	22	0
15/04/2025	07	1,4	250	12,9	58	91	0
15/04/2025	08	0,5	236	13,4	59	169	0
15/04/2025	09	0,3	187	16,7	48	429	0
15/04/2025	10	0,5	189	18,6	40	503	0
15/04/2025	11	1,8	175	18,6	39	530	0
15/04/2025	12	1,9	199	19,4	36	770	0
15/04/2025	13	1,8	187	20,2	33	755	0
15/04/2025	14	2	189	21	28	732	0
15/04/2025	15	2,2	192	21,2	25	578	0
15/04/2025	16	3,3	271	19,5	32	548	0
15/04/2025	17	1,5	319	16,6	41	194	0
15/04/2025	18	1,2	348	16,5	40	143	0
15/04/2025	19	1,7	300	14,6	40	11	0
15/04/2025	20	1	297	13,5	41	0	0
15/04/2025	21	0,2	14	12,7	46	0	0
15/04/2025	22	1	0	12,1	56	0	0
15/04/2025	23	2	312	11,2	55	0	0
16/04/2025	00	1,1	297	10,1	57	0	0
16/04/2025	01	0,6	325	9,6	59	0	0
16/04/2025	02	1,3	311	9,5	57	0	0
16/04/2025	03	1,5	311	9,5	55	0	0
16/04/2025	04	1,6	282	9,2	56	0	0
16/04/2025	05	0,6	246	8,6	58	0	0
16/04/2025	06	3,7	281	9,4	49	14	0
16/04/2025	07	5,1	292	10,3	44	139	0
16/04/2025	08	4,5	287	11,7	39	350	0
16/04/2025	09	4,1	296	13,2	35	546	0
16/04/2025	10	2,5	293	14,7	33	715	0
16/04/2025	11	2	310	16,1	30	841	0
16/04/2025	12	1,5	311	17,2	27	920	0
16/04/2025	13	1,2	318	18,7	24	936	0
16/04/2025	14	0,8	296	19,9	23	713	0
16/04/2025	15	2,8	284	19,4	19	770	0
16/04/2025	16	1,9	286	19,4	19	526	0
16/04/2025	17	2,1	292	18,5	22	290	0
16/04/2025	18	2,3	284	17,8	24	170	0
16/04/2025	19	1,6	265	15,8	29	9	0
16/04/2025	20	1,2	278	14,4	34	0	0
16/04/2025	21	0,9	281	12,6	44	0	0
16/04/2025	22	0,6	249	11,6	47	0	0
16/04/2025	23	1,1	260	11,4	47	0	0
17/04/2025	00	0,5	260	10,8	50	0	0
17/04/2025	01	0,7	245	9,8	55	0	0
17/04/2025	02	0,3	300	9,1	58	0	0
17/04/2025	03	0,5	333	9,1	60	0	0
17/04/2025	04	0,1	266	8,2	63	0	0
17/04/2025	05	0,1	253	7,4	67	0	0
17/04/2025	06	0,2	339	7,8	66	16	0
17/04/2025	07	0,2	196	11	56	137	0
17/04/2025	08	0,6	261	13,4	45	353	0
17/04/2025	09	1,4	264	15,1	37	551	0
17/04/2025	10	0,9	314	16,7	32	718	0
17/04/2025	11	0,5	31	18,6	28	843	0
17/04/2025	12	1,6	116	19,5	29	861	0
17/04/2025	13	2,3	141	19,5	34	908	0
17/04/2025	14	2	141	20,3	32	843	0
17/04/2025	15	1,5	152	20,8	31	660	0
17/04/2025	16	1,5	146	21,1	32	575	0
17/04/2025	17	1,6	142	20,8	34	383	0
17/04/2025	18	1	109	18,8	44	165	0
17/04/2025	19	0,5	45	15,2	63	11	0
17/04/2025	20	0,4	20	13,8	67	0	0
17/04/2025	21	0,1	233	13,2	67	0	0
17/04/2025	22	0,1	24	11,5	74	0	0
17/04/2025	23	0,2	356	11,1	71	0	0
18/04/2025	00	0,1	218	10,5	74	0	0
18/04/2025	01	0,1	232	10,1	72	0	0
18/04/2025	02	0,1	127	9,2	76	0	0
18/04/2025	03	0,1	177	8,9	77	0	0
18/04/2025	04	0,1	147	8	81	0	0
18/04/2025	05	0,1	110	7,8	82	0	0
18/04/2025	06	0,1	166	8,7	78	16	0
18/04/2025	07	0,1	126	12,1	65	144	0
18/04/2025	08	0,1	115	16,1	54	348	0
18/04/2025	09	0,4	95	18	49	509	0
18/04/2025	10	1	100	20,2	45	679	0
18/04/2025	11	1,2	130	22,1	37	788	0
18/04/2025	12	2,2	163	22,5	33	769	0
18/04/2025	13	2	154	22,4	36	713	0
18/04/2025	14	2,4	117	21,3	48	653	0
18/04/2025	15	2,5	111	20,1	52	416	0
18/04/2025	16	1,4	98	19,1	60	291	0
18/04/2025	17	0,7	138	19,3	48	167	0
18/04/2025	18	0,3	140	19,1	49	107	0
18/04/2025	19	0,2	154	17,3	53	20	0
18/04/2025	20	0,1	245	15,5	60	0	0
18/04/2025	21	0,1	221	14,4	66	0	0
18/04/2025	22	0,1	190	13,1	71	0	0
18/04/2025	23	0,1	206	12,1	76	0	0
19/04/2025	00	0,1	39	11,2	79	0	0
19/04/2025	01	0,1	35	11	82	0	0
19/04/2025	02	0,1	276	9,4	87	0	0
19/04/2025	03	0,1	164	9,5	85	0	0
19/04/2025	04	0,2	20	8,7	90	0	0
19/04/2025	05	0,1	228	8	91	0	0
19/04/2025	06	0,1	237	9,1	91	15	0
19/04/2025	07	0,1	102	11,9	79	155	0
19/04/2025	08	0,1	146	16	66	312	0
19/04/2025	09	1,3	196	18,4	49	549	0
19/04/2025	10	2,4	214	19,5	40	632	0
19/04/2025	11	4,3	246	18,8	37	769	0
19/04/2025	12	4,1	234	19,6	31	830	0
19/04/2025	13	4,9	240	19,8	25	935	0
19/04/2025	14	4,8	239	19,5	25	884	0
19/04/2025	15	4,6	237	20	24	774	0
19/04/2025	16	3,9	235	20,5	21	644	0
19/04/2025	17	3,4	237	20,2	22	424	0
19/04/2025	18	3,1	241	17,8	28	109	0
19/04/2025	19	2	239	15,6	33	10	0
19/04/2025	20	0,5	236	13,6	38	0	0
19/04/2025	21	0,3	252	12,6	40	0	0
19/04/2025	22	0,6	256	12,2	42	0	0
19/04/2025	23	0,3	271	11,3	45	0	0
20/04/2025	00	0,8	260	10,7	49	0	0
20/04/2025	01	0,6	256	10,2	50	0	0
20/04/2025	02	0,2	234	8	58	0	0
20/04/2025	03	0,3	280	8,4	56	0	0
20/04/2025	04	0,1	246	7,2	61	0	0
20/04/2025	05	0,2	237	7,1	61	0	0
20/04/2025	06	0,5	254	6,8	64	20	0
20/04/2025	07	0,2	245	10,7	51	166	0
20/04/2025	08	0,6	79	13,2	44	366	0
20/04/2025	09	2,1	57	14,2	41	560	0
20/04/2025	10	1,8	78	15,9	39	716	0
20/04/2025	11	6,4	92	17	40	714	0
20/04/2025	12	5,8	70	16	46	332	0
20/04/2025	13	1,5	275	12,4	70	74	0
20/04/2025	14	1,3	277	12,4	76	321	0
20/04/2025	15	0,3	239	17,8	53	733	0
20/04/2025	16	0,4	153	19,3	47	585	0
20/04/2025	17	0,2	204	19	42	305	0
20/04/2025	18	0,2	175	16,9	47	94	0
20/04/2025	19	0,1	68	14,6	55	11	0
20/04/2025	20	0,1	348	12,8	60	0	0
20/04/2025	21	0,4	281	12,3	63	0	0
20/04/2025	22	1,5	222	10,6	71	0	0
20/04/2025	23	0,1	6	9,2	80	0	0
21/04/2025	00	0,1	224	9,1	76	0	0
21/04/2025	01	0,1	149	8	82	0	0
21/04/2025	02	0,1	273	8,1	78	0	0
21/04/2025	03	0,1	191	7,4	80	0	0
21/04/2025	04	0,1	234	5,8	89	0	0
21/04/2025	05	0,1	338	6,3	86	0	0
21/04/2025	06	0,1	208	7	84	17	0
21/04/2025	07	0,1	108	10,3	72	160	0
21/04/2025	08	0,1	59	12,8	66	300	0
21/04/2025	09	0,1	158	18,1	47	561	0
21/04/2025	10	0,4	133	20,2	39	736	0
21/04/2025	11	2,2	105	20,2	45	880	0
21/04/2025	12	3,1	93	19,8	51	808	0
21/04/2025	13	3,7	93	18,5	60	843	0
21/04/2025	14	3,2	93	18,5	56	637	0
21/04/2025	15	2,7	98	19,1	55	576	0
21/04/2025	16	2	92	18,2	58	294	0
21/04/2025	17	1,3	105	17,4	58	141	0
21/04/2025	18	0,5	85	16,1	64	53	0
21/04/2025	19	0,1	230	15,4	65	6	0
21/04/2025	20	0,2	256	14	74	0	0
21/04/2025	21	0,2	248	13,4	80	0	0
21/04/2025	22	0,1	249	12,5	83	0	0
21/04/2025	23	0,1	264	12,3	80	0	0
22/04/2025	00	0,1	215	11,7	78	0	0
22/04/2025	01	0,1	11	11,2	80	0	0
22/04/2025	02	0,2	333	11,1	82	0	0
22/04/2025	03	0,2	291	11,2	84	0	0
22/04/2025	04	0,1	346	10,4	92	0	0
22/04/2025	05	0,1	281	10,4	91	0	0
22/04/2025	06	0,1	229	9,9	94	8	0
22/04/2025	07	0,1	67	10,5	95	53	0
22/04/2025	08	0,1	45	11,9	95	113	0
22/04/2025	09	0,4	56	14,4	78	379	0
22/04/2025	10	0,5	104	17,6	65	572	0
22/04/2025	11	0,8	143	19,1	64	655	0
22/04/2025	12	0,7	125	19,4	61	370	0
22/04/2025	13	0,6	16	13,9	91	133	0
22/04/2025	14	0,7	50	14,8	89	177	0
22/04/2025	15	0,3	93	13,5	95	39	0
22/04/2025	16	0,1	142	13,9	95	97	0
22/04/2025	17	0,2	208	15,2	91	226	0
22/04/2025	18	0,1	205	15,8	87	154	0
22/04/2025	19	0,1	235	14,4	90	11	0
22/04/2025	20	0,1	256	13,2	95	0	0
22/04/2025	21	0,1	286	12,7	88	0	0
22/04/2025	22	0,7	298	12,7	72	0	0
22/04/2025	23	0,8	281	12,6	64	0	0
23/04/2025	00	0,4	281	11,5	66	0	0
23/04/2025	01	0,3	247	10,7	69	0	0
23/04/2025	02	0,1	251	9,5	73	0	0
23/04/2025	03	0,3	286	11,4	51	0	0
23/04/2025	04	0,6	285	11,3	46	0	0
23/04/2025	05	1,1	303	11,6	41	0	0
23/04/2025	06	1,3	298	12,6	35	21	0
23/04/2025	07	0,6	306	13,8	37	172	0
23/04/2025	08						0
23/04/2025	09						0
23/04/2025	10	0,8	150	19,7	32	738	0
23/04/2025	11	0,7	150	21,3	30	859	0
23/04/2025	12	0,5	179	23,1	29	923	0
23/04/2025	13	2,1	142	22,5	36	916	0
23/04/2025	14	1,5	152	23,1	34	862	0
23/04/2025	15	1,7	143	23,1	34	748	0
23/04/2025	16	1,5	139	22,9	35	586	0
23/04/2025	17	1,1	195	22,9	36	393	0
23/04/2025	18	1,4	241	20,2	38	178	0
23/04/2025	19	0,8	248	17,1	44	16	0
23/04/2025	20	0,7	255	15,2	49	0	0
23/04/2025	21	0,5	265	14,3	51	0	0
23/04/2025	22	0,1	233	13,5	55	0	0
23/04/2025	23	0,1	310	12,4	64	0	0
24/04/2025	00	0,1	238	11,6	69	0	0
24/04/2025	01	0,1	256	11,1	75	0	0
24/04/2025	02	0,4	282	12,9	70	0	0
24/04/2025	03	1,7	294	14,2	67	0	0
24/04/2025	04	0,7	307	14,3	66	0	0
24/04/2025	05	0,1	270	11,2	78	0	0
24/04/2025	06	0,2	223	12,4	75	22	0
24/04/2025	07	0,3	248	14,4	68	169	0
24/04/2025	08	0,2	185	19	57	376	0
24/04/2025	09	0,2	144	21,3	48	568	0
24/04/2025	10	0,5	114	22,8	43	733	0
24/04/2025	11	1,1	117	24,1	40	852	0
24/04/2025	12	1,9	105	23,9	43	900	0
24/04/2025	13	3	73	22,2	48	911	0
24/04/2025	14	2,4	69	21,9	48	870	0
24/04/2025	15	1,9	77	22,5	47	766	0
24/04/2025	16	1,7	79	22,4	48	615	0
24/04/2025	17	0,9	91	22,2	50	421	0
24/04/2025	18	0,8	216	21,9	50	210	0
24/04/2025	19	0,9	236	18,6	62	31	0
24/04/2025	20	0,3	246	16,2	74	0	0
24/04/2025	21	0,2	253	15,2	78	0	0
24/04/2025	22	0,4	256	14,3	85	0	0
24/04/2025	23	0,1	244	13,7	89	0	0
25/04/2025	00	0,1	178	13,1	88	0	0
25/04/2025	01	0,3	40	12	94	0	0
25/04/2025	02	0,1	224	11,7	94	0	0
25/04/2025	03	0,1	261	11,4	95	0	0
25/04/2025	04	0,1	330	10,5	95	0	0
25/04/2025	05	0,1	8	10,5	95	0	0
25/04/2025	06	0,1	111	11	95	19	0
25/04/2025	07	0,1	168	13,2	85	115	0
25/04/2025	08	0,1	143	16,7	72	341	0
25/04/2025	09	0,1	142	18,8	63	508	0
25/04/2025	10	0,4	114	20,6	61	663	0
25/04/2025	11	2	86	20,3	65	818	0
25/04/2025	12	2,3	81	20,1	65	871	0
25/04/2025	13	2,2	97	21	63	860	0
25/04/2025	14	1,9	86	22,2	59	854	0
25/04/2025	15	2,7	81	20,7	66	728	0
25/04/2025	16	2,4	87	19,6	70	518	0
25/04/2025	17	1,6	78	17,8	76	91	0
25/04/2025	18	1,2	76	17,5	76	187	0
25/04/2025	19	0,3	46	16,1	81	9	0
25/04/2025	20	0,3	174	16	82	0	0
25/04/2025	21	0,3	219	15,4	88	0	0
25/04/2025	22	0,7	54	14,6	95	0	0,2
25/04/2025	23	0,4	24	14,2	95	0	0
26/04/2025	00	0,7	31	13,4	95	0	0
26/04/2025	01	0,2	346	12,9	95	0	0
26/04/2025	02	0,5	282	12,7	95	0	0
26/04/2025	03	0,4	26	12,1	95	0	0
26/04/2025	04	0,1	141	11,9	95	0	0
26/04/2025	05	0,1	94	11,8	95	0	0
26/04/2025	06	0,6	323	13,9	88	24	0
26/04/2025	07	3,1	309	16,8	69	143	0
26/04/2025	08	2,5	314	17,7	62	280	0
26/04/2025	09	2,5	349	18,9	56	520	0
26/04/2025	10	3,9	304	19,5	48	521	0
26/04/2025	11	3	298	21,2	42	750	0
26/04/2025	12	3,1	298	22,6	37	957	0
26/04/2025	13	2,7	346	23,2	33	825	0
26/04/2025	14	2,2	26	22,9	37	511	0
26/04/2025	15	1,9	87	20,8	53	317	0
26/04/2025	16	1,8	108	21,6	49	418	0
26/04/2025	17	1,7	91	19,6	55	275	0
26/04/2025	18	1,2	95	18,7	61	198	0
26/04/2025	19	0,5	89	17,2	71	47	0
26/04/2025	20	1,4	297	17,5	46	0	0
26/04/2025	21	3	290	16,3	48	0	0
26/04/2025	22	2,4	301	15,4	47	0	0
26/04/2025	23	1,6	327	14,9	47	0	0
27/04/2025	00	1,9	273	14,4	49	0	0
27/04/2025	01	2,2	268	14,1	50	0	0
27/04/2025	02	4,4	286	14,1	50	0	0,1
27/04/2025	03	3,3	316	13,9	51	0	0
27/04/2025	04	2,1	258	13,4	53	0	0
27/04/2025	05	2	278	13,6	52	0	0
27/04/2025	06	2,4	294	13,9	50	23	0
27/04/2025	07	2,4	295	14,9	48	149	0
27/04/2025	08	2,2	293	16,2	45	356	0
27/04/2025	09	2,5	296	17,4	42	551	0
27/04/2025	10	2	288	18,6	40	709	0
27/04/2025	11	1,3	18	20	36	851	0
27/04/2025	12	1,4	62	21,5	34	905	0
27/04/2025	13	2,4	106	21,4	41	980	0
27/04/2025	14	1,6	104	22	40	926	0
27/04/2025	15	1,8	100	21,7	41	553	0
27/04/2025	16	2,3	94	20,6	43	639	0
27/04/2025	17	2	97	20	47	423	0
27/04/2025	18	0,7	87	18,8	51	185	0
27/04/2025	19	0,2	178	17,4	54	26	0
27/04/2025	20	0,1	217	15,5	60	0	0
27/04/2025	21	0,3	27	14,1	72	0	0
27/04/2025	22	0,2	19	14,2	67	0	0
27/04/2025	23	0,1	160	12,8	72	0	0
28/04/2025	00	0,1	227	11,8	76	0	0
28/04/2025	01	0,5	266	12,3	71	0	0
28/04/2025	02	0,8	287	12	73	0	0
28/04/2025	03	0,1	91	10,7	79	0	0
28/04/2025	04	0,1	77	9,4	85	0	0
28/04/2025	05	0,1	152	9,1	85	0	0
28/04/2025	06	0,2	220	10,5	77	19	0
28/04/2025	07	0,1	123	13,3	69	151	0
28/04/2025	08	0,1	141	17,2	57	358	0
28/04/2025	09	0,1	171	20,3	43	553	0
28/04/2025	10	0,8	87	20,3	42	728	0
28/04/2025	11						0
28/04/2025	23						0,1
29/04/2025	00	2,3	58	11,9	75	0	0
29/04/2025	01	0,1	162	11,2	78	0	0
29/04/2025	02	0,1	115	10,3	82	0	0
29/04/2025	03	0,1	344	10,2	83	0	0
29/04/2025	04	0,1	114	9,5	86	0	0
29/04/2025	05	0,1	17	9,4	87	0	0
29/04/2025	06	0,1	169	9,5	87	21	0
29/04/2025	07	0,1	166	11,1	82	80	0
29/04/2025	08	0,1	139	13,4	76	143	0
29/04/2025	09	0,1	172	15,3	75	202	0
29/04/2025	10	0,5	96	18	65	495	0
29/04/2025	11	1	96	18,3	64	552	0
29/04/2025	12	3,3	104	19,4	60	973	0
29/04/2025	13	3,3	101	19,7	58	979	0
29/04/2025	14	4,1	77	18,5	60	841	0
29/04/2025	15	3,5	87	18,9	57	798	0
29/04/2025	16	3	93	18,5	61	564	0
29/04/2025	17	2,1	92	18,6	61	447	0
29/04/2025	18	1,6	93	17,1	66	155	0
29/04/2025	19	1,5	70	15,5	72	34	0
29/04/2025	20	0,8	33	14,1	76	0	0
29/04/2025	21	0,4	34	13,3	82	0	0
29/04/2025	22	0,1	29	12,8	80	0	0
29/04/2025	23	0,1	10	13,4	80	0	0
30/04/2025	00	0,1	24	13,4	80	0	0
30/04/2025	01	0,1	352	13,3	82	0	0
30/04/2025	02	0,1	118	13,4	81	0	0
30/04/2025	03	0,1	213	12,9	84	0	0
30/04/2025	04	0,1	246	12,5	86	0	0
30/04/2025	05	0,1	26	12,2	90	0	0
30/04/2025	06	1	32	12,3	93	20	0
30/04/2025	07	1,7	33	14,3	80	116	0
30/04/2025	08	2,7	36	14,7	80	188	0
30/04/2025	09	3,2	38	15,7	77	377	0
30/04/2025	10	2,7	39	16,7	70	409	0
30/04/2025	11	3,1	43	16,9	69	378	0
30/04/2025	12	3,9	67	17,8	66	662	
30/04/2025	13	4,2	72	18,3	65	859	0
30/04/2025	14	4,4	72	18,2	67	624	0
30/04/2025	15	4,2	49	17,4	70	272	0
30/04/2025	16	3,9	58	17,3	71	328	0
30/04/2025	17	2,9	58	17,8	69	351	0
30/04/2025	18	3,2	50	17,4	69	225	0
30/04/2025	19	3	45	15,8	76	44	0
30/04/2025	20	2,1	40	14,4	84	0	0
30/04/2025	21	0,7	11	14,5	82	0	0
30/04/2025	22	0,4	18	14,2	83	0	0
30/04/2025	23	0,3	328	13,6	84	0	0
