Red: Red de Vigilancia y Control de la Contaminación Atmosférica
Estación: 46094901-Catarroja UM
	
FECHA	HORA	PM2.5	Veloc.	Direc.	Temp.	H.Rel.	Pres.	R.Sol.	Precip.	SO2	CO	NO	NO2	PM10	NOx	Veloc.máx.
		µg/m³	m/s	grados	°C	% H.R.	mb	W/m²	l/m²	µg/m³	mg/m³	µg/m³	µg/m³	µg/m³	µg/m³	m/s
22/11/2024	11								0							
22/11/2024	12	15	0,2	49		61	1013	253	0	3	0,1	10	29	84	44	1,4
22/11/2024	13	21	0,7	102		69	1012	85	0	3	0,1	10	32	162	47	3,4
22/11/2024	14	22	0,6	138		56	1013	87	0	3	0,1	7	15	162	27	2,8
22/11/2024	15	22	0,4	148	18,9	59	1013	2	0	3	0,1	7	25	160	36	1,4
22/11/2024	16	22	0,7	150	18	66	1013	0	0	3	0,1	10	33	165	48	2,3
22/11/2024	17	28	1,1	145	16,9	72	1014	0	0	3	0,1	8	31	213	43	3,5
22/11/2024	18	28	0,6	148	16,1	76	1015	0	0	3	0,1	6	27	220	37	2,1
22/11/2024	19	21	0,6	158	15,8	78	1016	0	0	3	0,1	9	41	159	55	2,1
22/11/2024	20	17	0,2	151	15,5	80	1017	0	0	3	0,1	5	34	118	41	1,1
22/11/2024	21	25	0,2	86	13,9	87	1018	0	0	3	0,1	5	36	160	44	0,6
22/11/2024	22	22	0,2	304	12,7	90	1019	0	0	3	0,1	17	49	116	75	0,6
22/11/2024	23	18	0,1	342	11,9	92	1020	0	0	3	0,1	7	37	88	47	0,6
23/11/2024	00	17	0,2	31	11,9	91	1020	0	0	3	0,1	7	36	71	47	0,5
23/11/2024	01	11	0,2	7	12,8	89	1020	0	0,1	4	0,1	4	29	35	35	0,8
23/11/2024	02	14	0,1	49	13,3	86	1020	0	0	3	0,1	3	23	44	27	0,8
23/11/2024	03	8	0,7		15	69	1020	0	0	3	0,1	3	9	42	13	2,9
23/11/2024	04	6	0,4		14,5	71	1020	0	0	3	0,1	2	9	23	12	1,4
23/11/2024	05	11	0,1		14,3	74	1020	0	0	3	0,1	2	13	61	17	0,6
23/11/2024	06	11	0,2		12,5	83	1020	0	0	3	0,1	3	26	40	31	1
23/11/2024	07	14	0,2		12,1	83	1021	0	0	3	0,1	4	35	54	41	0,9
23/11/2024	08	16	0,2		12,3	81	1021	0	0	3	0,1	12	46	69	64	1
23/11/2024	09	25	0,2		13,6	77	1022	16	0	3	0,1	27	45	128	86	0,9
23/11/2024	10	25	0,1		15,8	69	1022	83	0	3	0,1	18	45	121	73	0,7
23/11/2024	11	20	0,1		17,1	63	1022	75	0	3	0,1	11	41	94	59	0,8
23/11/2024	12	23	0,2		19	59	1022	260	0	3	0,1	7	27	159	39	0,9
23/11/2024	13	29	0,3		19,2	61	1021	212	0	3	0,1	7	23	205	35	1,7
23/11/2024	14	37	0,5		19,7	60	1021	126	0	3	0,1	9	26	271	39	2,1
23/11/2024	15	15	0,2		18,6	66	1020	39	0	3	0,1	5	20	91	27	1,2
23/11/2024	16	29	0,3		18,4	69	1021	9	0	3	0,1	4	20	214	26	1,5
23/11/2024	17	15	0,3		17,3	76	1021	0	0	3	0,1	4	37	95	43	1,7
23/11/2024	18	18	0,2		16,4	81	1021	0	0	3	0,1	3	42	120	46	0,6
23/11/2024	19	40	0,1		16	84	1021	0	0	3	0,1	4	49	229	54	0,5
23/11/2024	20	21	0,1		15,8	84	1022	0	0	3	0,1	3	49	109	54	0,5
23/11/2024	21	19	0,1		15,7	86	1022	0	0	3	0,1	3	46	69	51	0,5
23/11/2024	22	24	0,1		15,2	87	1022	0	0	3	0,1	5	51	74	59	0,5
23/11/2024	23	21	0,1		15	87	1022	0	0	3	0,1	4	42	52	47	0,5
24/11/2024	00	27	0,1		14,6	89	1022	0	0	3	0,1	4	39	105	44	0,5
24/11/2024	01	23	0,1		14,2	90	1022	0	0	3	0,1	3	27	62	32	0,5
24/11/2024	02	20	0,2		13,1	93	1021	0	0	3	0,1	3	25	47	30	0,5
24/11/2024	03	20	0,2		12,4	94	1021	0	0	3	0,1	4	24	44	30	0,5
24/11/2024	04	18	0,1		12,1	95	1021	0	0	3	0,1	3	22	37	26	0,5
24/11/2024	05	18	0,1		11,7	95	1021	0	0	3	0,1	3	21	32	25	0,5
24/11/2024	06	20	0,1		12,1	95	1021	0	0	3	0,1	4	20	62	25	0,5
24/11/2024	07	14	0,1		12,7	92	1021	0	0	3	0,1	5	20	39	28	0,5
24/11/2024	08	18	0,1		13,3	90	1021	0	0	3	0,1	7	24	91	35	0,7
24/11/2024	09	15	0,2		14,5	86	1021	2	0	3	0,1	6	18	82	27	0,6
24/11/2024	10	11	0,2		16	80	1022	75	0	3	0,1	6	18	35	28	0,9
24/11/2024	11	13	0,2		17,9	74	1021	121	0	3	0,1	7	23	54	34	0,6
24/11/2024	12	13	0,2		19	72	1021	113	0	3	0,1	6	26	63	36	1,6
24/11/2024	13	11	0,3		19,7	70	1020	128	0	3	0,1	4	14	52	20	1,5
24/11/2024	14	12	0,4		20	69	1019	89	0	3	0,1	5	19	56	26	2,3
24/11/2024	15	11	0,5		19,5	73	1019	28	0	3	0,1	5	23	51	30	2,5
24/11/2024	16	9	0,4		18,8	78	1018	1	0	3	0,1	3	19	37	24	1,6
24/11/2024	17	13	0,2		18,1	82	1019	0	0	3	0,1	4	29	69	35	0,7
24/11/2024	18	14	0,1		17,8	83	1019	0	0	3	0,1	3	20	73	25	0,6
24/11/2024	19	14	0,1		17,3	87	1019	0	0	3	0,1	2	25	70	29	0,5
24/11/2024	20	16	0,1		16,8	89	1019	0	0	3	0,1	2	31	82	34	0,5
24/11/2024	21	27	0,1		15,4	93	1019	0	0	3	0,1	5	47	133	54	0,5
24/11/2024	22	21	0,2		15,1	93	1019	0	0	3	0,1	7	48	73	59	0,5
24/11/2024	23	21	0,1		15,2	92	1019	0	0	3	0,1	4	40	57	47	0,5
25/11/2024	00	22	0,1		14,6	94	1018	0	0	3	0,1	4	38	55	44	0,5
25/11/2024	01	20	0,2		14,5	94	1018	0	0	3	0,1	3	33	47	38	0,6
25/11/2024	02	17	0,2		14	94	1017	0	0	3	0,1	3	26	36	31	0,7
25/11/2024	03	18	0,1		14,2	93	1017	0	0	3	0,1	3	22	35	26	0,7
25/11/2024	04	19	0,1		14,2	93	1016	0	0	3	0,1	3	21	38	25	0,7
25/11/2024	05	17	0,1		14,4	93	1016	0	0	3	0,1	2	17	46	21	0,5
25/11/2024	06	20	0,1		14,3	93	1016	0	0	3	0,1	4	24	74	31	0,5
25/11/2024	07	30	0,1		14,1	94	1016	0	0	3	0,1	16	30	150	55	0,5
25/11/2024	08	44	0,1		14,4	93	1016	0	0	3	0,1	62	44	229	139	0,5
25/11/2024	09	67	0,1		15,3	89	1016	2	0	3	0,1	80	54	297	176	0,5
25/11/2024	10	46	0,2		16,3	85	1016	0	0	3	0,1	52	48	225	127	0,5
25/11/2024	11	37	0,2		16,5	85	1016	0	0	3	0,1	26	50	163	90	0,5
25/11/2024	12	36	0,1		16,8	84	1015	6	0	3	0,1	14	40	146	61	0,5
25/11/2024	13	39	0,2		17,9	78	1014	106	0	3	0,1	18	50	149	78	0,9
25/11/2024	14	31	0,2		19,2	71	1013	113	0	3	0,1	6	22	132	31	1,1
25/11/2024	15	33	0,2		19,5	70	1013	18	0	3	0,1	6	23	157	32	0,9
25/11/2024	16	42	0,5		18,8	74	1013	0	0	3	0,1	8	38	220	50	1,9
25/11/2024	17	45	0,2		17,1	83	1013	0	0	3	0,1	26	66	242	105	0,7
25/11/2024	18	50	0,2		16,1	88	1014	0	0	3	0,1	23	73	294	107	0,6
25/11/2024	19	64	0,1		15,3	90	1014	0	0	3	0,1	40	63	340	124	0,5
25/11/2024	20	66	0,1		15,1	92	1015	0	0	3	0,1	51	59	313	137	0,5
25/11/2024	21	53	0,2		15,1	91	1015	0	0	3	0,1	30	52	232	97	0,8
25/11/2024	22	31	0,1		14,9	91	1016	0	0	3	0,1	14	52	104	74	0,6
25/11/2024	23	19	0,4		15,7	81	1016	0	0	3	0,1	4	22	51	28	1,8
26/11/2024	00	5	0,9		16,6	72	1017	0	0	3	0,1	2	9	24	13	3,6
26/11/2024	01	4	1,4		15,7	74	1016	0	0	3	0,1	3	6	16	12	4,2
26/11/2024	02	3	1,1		15,2	74	1017	0	0	3	0,1	2	4	9	7	2,9
26/11/2024	03	3	0,9		13,6	78	1017	0	0	3	0,1	3	9	9	14	3
26/11/2024	04	3	0,5		12,9	78	1017	0	0	3	0,1	3	5	10	8	2,8
26/11/2024	05	4	0,3		12,6	78	1018	0	0	3	0,1	2	5	18	9	2,8
26/11/2024	06	7	0,4		12,1	78	1018	0	0	3	0,1	3	14	40	20	2
26/11/2024	07	13	0,8		11,5	78	1019	0	0	3	0,1	11	30	87	46	3
26/11/2024	08	23	0,5		11,5	76	1020	0	0	3	0,1	19	37	172	66	2,3
26/11/2024	09	43	0,1		14,2	67	1020	24	0	3	0,1	27	36	345	77	0,7
26/11/2024	10	20	0,2		16,6	56	1020	168	0,2	3	0,1	9	22	132	35	1,1
26/11/2024	11	14	0,2		17,7	52	1021	145	0,1	3	0,1	7	26	71	36	0,8
26/11/2024	12	17	0,2		19	48	1020	289	0	3	0,1	8	24	96	37	0,8
26/11/2024	13	18	0,3		20,1	46	1019	283	0	3	0,1	11	28	114	45	1,3
26/11/2024	14	22	0,5		18,8	50	1019	84	0	3	0,1	12	23	143	41	2,1
26/11/2024	15	21	0,9		18,4	52	1019	49	0	3	0,1	7	19	137	30	3,3
26/11/2024	16	26	0,3		17,9	55	1019	14	0,1	4	0,1	8	28	171	41	1,8
26/11/2024	17	26	0,1		15,9	67	1019	0	0	3	0,1	7	50	167	60	0,6
26/11/2024	18	44	0,2		14,6	73	1019	0	0	3	0,1	20	78	283	109	0,5
26/11/2024	19	81	0,2		13,9	77	1019	0	0	3	0,1	67	73	489	176	0,5
26/11/2024	20	60	0,1		12,6	84	1020	0	0	3	0,1	55	56	360	140	0,5
26/11/2024	21	36	0,1		12,3	84	1020	0	0	3	0,1	26	47	184	87	0,5
26/11/2024	22	23	0,1		12,1	85	1020	0	0	3	0,1	24	49	76	86	0,5
26/11/2024	23	21	0,1		11,8	86	1020	0	0	3	0,1	18	47	60	75	0,5
27/11/2024	00	16	0,1		11,8	85	1020	0	0	3	0,1	4	42	32	47	0,6
27/11/2024	01	16	0,1		11,3	87	1020	0	0	3	0,1	3	28	30	32	0,5
27/11/2024	02	14	0,1		11,2	87	1019	0	0	3	0,1	3	22	25	25	0,5
27/11/2024	03	13	0,1		11	88	1019	0	0	3	0,1	4	22	28	28	0,5
27/11/2024	04	12	0,2		10,9	89	1019	0	0	3	0,1	3	22	33	26	0,5
27/11/2024	05	15	0,1		10,3	91	1019	0	0	3	0,1	6	26	61	35	0,4
27/11/2024	06	20	0,1		10,9	89	1019	0	0	3	0,1	6	29	104	39	0,6
27/11/2024	07	24	0,1		10,4	91	1020	0	0	3	0,1	26	41	147	80	0,4
27/11/2024	08	30	0,1		10,4	89	1021	0	0	3	0,1	42	40	196	104	0,5
27/11/2024	09	25	0,1		12,5	82	1022	18	0	3	0,1	40	39	131	99	0,6
27/11/2024	10	19	0,1		15,3	70	1021	127	0	3	0,1	28	46	82	89	0,5
27/11/2024	11	32	0,1		17,8	62	1021	350	0	3	0,1	32	47	187	96	0,6
27/11/2024	12	24	0,2		19,4	56	1021	403	0	3	0,1	15	36	134	59	0,7
27/11/2024	13	23	0,2		20,4	54	1020	339	0	3	0,1	15	36	139	59	1
27/11/2024	14	31	0,4		19,5	58	1020	131	0	3	0,1	12	36	191	55	1,7
27/11/2024	15	28	0,7		19	60	1019	50	0	3	0,1	9	31	166	44	2,5
27/11/2024	16	26	0,9		17,6	68	1020	1	0	3	0,1	6	25	140	33	2,7
27/11/2024	17	33	0,3		16,2	75	1020	0	0	3	0,1	14	50	208	71	1
27/11/2024	18	33	0,1		14,4	84	1021	0	0	3	0,1	12	66	211	85	0,6
27/11/2024	19	49	0,1		13,1	88	1021	0	0	3	0,1	44	67	279	135	0,5
27/11/2024	20	38	0,1		12,5	90	1022	0	0	3	0,1	26	70	203	110	0,6
27/11/2024	21	27	0,1		12,6	90	1022	0	0	3	0,1	28	65	96	108	0,5
27/11/2024	22	24	0,2		13,1	88	1023	0	0	3	0,1	22	64	68	98	0,9
27/11/2024	23	23	0,1		13,1	88	1023	0	0	3	0,1	11	50	48	67	0,7
28/11/2024	00	23	0,1		13,4	86	1023	0	0	3	0,1	5	43	49	51	0,6
28/11/2024	01	21	0,1		13,4	86	1023	0	0	3	0,1	4	34	43	40	0,5
28/11/2024	02	19	0,1		13,6	85	1022	0	0	3	0,1	3	24	37	29	0,5
28/11/2024	03	17	0,1		13,8	85	1022	0	0	3	0,1	3	19	27	24	0,5
28/11/2024	04	17	0,1		13,8	86	1022	0	0	3	0,1	3	17	29	22	0,5
28/11/2024	05	19	0,1		13,6	82	1022	0	0	3	0,1	3	22	52	27	0,6
28/11/2024	06	16	0,2		12,2	81	1022	0	0	3	0,1	3	18	40	23	0,7
28/11/2024	07	21	0,1		10,9	84	1023	0	0	3	0,1	7	34	93	44	0,7
28/11/2024	08	26	0,2		10,2	86	1023	0	0	3	0,1	32	40	120	89	0,6
28/11/2024	09	25	0,2		12,1	81	1023	17	0	3	0,1	34	40	102	92	0,7
28/11/2024	10	23	0,3		15,9	68	1024	151	0	3	0,1	17	24	113	50	1,8
28/11/2024	11	17	0,6		17,7	60	1024	378	0	3	0,1	9	12	93	26	2,6
28/11/2024	12	21	0,4		19,3	58	1023	415	0	3	0,1	11	19	97	35	1,6
28/11/2024	13	25	0,4		20,1	57	1022	352	0	3	0,1	10	22	117	37	1,7
28/11/2024	14	27	1,2		19,5	60	1021	158	0	3	0,1	7	18	142	28	2,9
28/11/2024	15	27	1,3		18,5	68	1021	62	0	3	0,1	7	19	111	30	3,1
28/11/2024	16	21	1,5		17,3	75	1021	1	0	3	0,1	9	23	95	37	3,7
28/11/2024	17	28	0,6		16,4	83	1021	0	0	3	0,1	7	36	140	47	1,9
28/11/2024	18	38	0,2		15,5	88	1021	0	0,1	4	0,1	11	59	226	75	0,6
28/11/2024	19	42	0,1		14,1	92	1022	0	0	3	0,1	17	72	196	98	0,5
28/11/2024	20	35	0,1		12,8	94	1022	0	0	3	0,1	9	56	116	69	0,5
28/11/2024	21	27	0,1		11,9	90	1022	0	0	3	0,1	6	37	90	46	0,7
28/11/2024	22	27	0,2		11,3	94	1022	0	0	3	0,1	5	33	76	41	0,6
28/11/2024	23	28	0,1		11,6	95	1022	0	0	3	0,1	3	25	60	29	0,7
29/11/2024	00	30	0,1		11,2	96	1022	0	0	3	0,1	3	18	48	22	0,5
29/11/2024	01	26	0,1		10,2	96	1022	0	0	3	0,1	3	18	46	22	0,5
29/11/2024	02	21	0,1		9,3	96	1021	0	0	3	0,1	3	15	40	20	0,4
29/11/2024	03	20	0,1		8,7	96	1021	0	0	3	0,1	3	17	31	22	0,4
29/11/2024	04	20	0,1		8	96	1021	0	0	3	0,1	4	16	39	23	0,4
29/11/2024	05	23	0,1		7,5	96	1021	0	0	3	0,1	9	18	52	32	0,4
29/11/2024	06	29	0,1		7	96	1021	0	0	3	0,1	22	19	96	52	0,4
29/11/2024	07	48	0,1		7	96	1022	0	0,2	3	0,1	61	25	243	119	0,4
29/11/2024	08	78	0,1		7,5	95	1022	0	0	3	0,1	140	45	476	259	0,4
29/11/2024	09	83	0,1		9,8	89	1022	7	0	3	0,1	171	51	536	312	0,5
29/11/2024	10	60	0,1		13,8	73	1022	97	0	3	0,1	94	61	322	205	0,5
29/11/2024	11	47	0,1		18,5	54	1021	291	0	3	0,1	44	54	246	121	0,6
29/11/2024	12	58	0,2		21,7	50	1021	328	0	3	0,1	43	72	321	139	1
29/11/2024	13	26	0,9		24,1	36	1019	298	0	3	0,1	8	16	158	28	3,2
29/11/2024	14	32	0,9		25	35	1019	111	0	3	0,1	6	15	203	24	3,2
29/11/2024	15	29	1		24,7	37	1018	39	0	3	0,1	6	19	169	29	3,1
29/11/2024	16	24	1,2		23,2	43	1018	0	0	3	0,1	5	16	127	23	3,5
29/11/2024	17	29	0,3		20,3	63	1019	0	0	3	0,1	10	58	131	73	1,9
29/11/2024	18	28	0,1		17,2	84	1020	0	0	3	0,1	8	66	141	78	0,6
29/11/2024	19	51	0,1		15,4	88	1021	0	0	3	0,1	31	67	282	114	0,5
29/11/2024	20	49	0,1		14,1	91	1021	0	0	3	0,1	59	61	258	151	0,5
29/11/2024	21	36	0,1		13,3	91	1022	0	0	3	0,1	49	59	170	134	0,5
29/11/2024	22	33	0,1		12,8	90	1022	0	0	3	0,1	44	57	119	124	0,5
29/11/2024	23	41	0,1		12,1	92	1022	0	0	3	0,1	42	54	128	119	0,4
30/11/2024	00	41	0,1		11,5	94	1022	0	0	3	0,1	39	44	120	102	0,4
30/11/2024	01	35	0,1		11,1	94	1022	0	0	3	0,1	20	38	70	68	0,4
30/11/2024	02	32	0,1		10,8	95	1023	0	0	3	0,1	18	35	51	62	0,4
30/11/2024	03	31	0,1		10,5	95	1023	0	0	3	0,1	16	31	45	55	0,4
30/11/2024	04	32	0,1		10,2	96	1023	0	0	3	0,1	13	28	45	48	0,4
30/11/2024	05	34	0,1		10,7	95	1023	0	0	3	0,1	9	29	45	43	0,5
30/11/2024	06	37	0,1		11,2	94	1023	0	0	3	0,1	13	31	59	52	0,6
30/11/2024	07	36	0,1		11,9	92	1023	0	0	3	0,1	28	37	61	80	0,5
30/11/2024	08	44	0,1		11,7	94	1024	0	0	3	0,1	50	33	132	110	0,5
30/11/2024	09	40	0,1		13,4	91	1024	8	0	3	0,1	38	28	93	86	0,5
30/11/2024	10	39	0,1		15,9	83	1025	108	0	3	0,1	22	35	86	68	0,8
30/11/2024	11	33	0,2		17,2	77	1025	269	0	3	0,1	7	21	70	31	0,8
30/11/2024	12	36	0,2		19,2	68	1024	331	0	3	0,1	10	29	110	45	0,9
30/11/2024	13	34	0,3		20,1	65	1023	284	0	3	0,1	31	44	102	92	2
30/11/2024	14	29	0,4		19,8	67	1023	136	0	3	0,1	9	24	104	37	2,4
30/11/2024	15	24	0,8		18,9	73	1022	51	0	3	0,1	5	16	91	23	2,7
30/11/2024	16	25	0,4		17,9	78	1022	0	0	3	0,1	6	27	109	36	1,7
30/11/2024	17	23	0,1		17,1	83	1022	0	0	3	0,1	5	37	94	45	0,7
30/11/2024	18	27	0,1		15,7	89	1022	0	0	3	0,1	4	43	102	49	0,5
30/11/2024	19	32	0,1		14,5	92	1023	0	0	3	0,1	11	48	133	65	0,5
30/11/2024	20	46	0,1		13,6	93	1023	0	0	3	0,1	16	45	222	70	0,5
30/11/2024	21	31	0,1		13	94	1023	0	0	3	0,1	11	42	69	58	0,4
30/11/2024	22	37	0,1		12,5	95	1023	0	0	3	0,1	15	36	99	60	0,5
30/11/2024	23	37	0,1		12,1	96	1023	0	0	3	0,1	11	32	66	48	0,4
01/12/2024	00	40	0,1		11,6	96	1022	0	0	3	0,1	9	28	88	41	0,5
01/12/2024	01	39	0,1		12,3	96	1022	0	0	3	0,1	6	25	81	34	0,5
01/12/2024	02	34	0,1		12,4	94	1022	0	0	3	0,1	4	24	56	29	0,5
01/12/2024	03	33	0,1		12,1	94	1022	0	0	3	0,1	3	17	50	22	0,5
01/12/2024	04	32	0,1		12	94	1022	0	0	3	0,1	3	14	51	19	0,5
01/12/2024	05	31	0,1		11,2	95	1021	0	0	3	0,1	3	13	47	17	0,5
01/12/2024	06	29	0,1		10,5	96	1022	0	0	3	0,1	4	14	44	19	0,4
01/12/2024	07	30	0,1		9,6	96	1022	0	0	3	0,1	12	15	60	32	0,4
01/12/2024	08	32	0,1		9,9	96	1023	0	0	3	0,1	28	25	68	67	0,4
01/12/2024	09	31	0,1		11,9	91	1023	10	0	3	0,1	22	23	93	57	0,5
01/12/2024	10	32	0,2		14,6	81	1023	110	0	3	0,1	10	16	121	32	0,5
01/12/2024	11	38	0,2		17,1	75	1023	205	0	3	0,1	10	22	117	37	0,6
01/12/2024	12	41	0,2		19,6	65	1022	346	0	3	0,1	9	20	150	34	0,9
01/12/2024	13	31	0,7		19,1	66	1021	276	0	3	0,1	5	10	127	18	2,5
01/12/2024	14	27	0,9		18,8	66	1020	104	0	3	0,1	4	9	98	16	2,7
01/12/2024	15	24	0,9		18,2	70	1020	18	0	3	0,1	6	9	70	18	2,5
01/12/2024	16	24	0,7		17,4	77	1020	2	0	3	0,1	4	9	74	15	2,2
01/12/2024	17	26	0,3		16,4	83	1020	0	0	3	0,1	6	23	96	31	1
01/12/2024	18	26	0,1		14,6	91	1020	0	0	3	0,1	4	32	96	38	0,5
01/12/2024	19	39	0,1		13,7	93	1021	0	0	3	0,1	10	45	151	60	0,5
01/12/2024	20	30	0,1		13,5	93	1021	0	0	3	0,1	10	52	87	67	0,5
01/12/2024	21	32	0,1		13,6	92	1021	0	0	3	0,1	8	45	77	58	0,5
01/12/2024	22	30	0,1		13,3	93	1021	0	0	3	0,1	4	35	55	41	0,5
01/12/2024	23	31	0,1		12,8	93	1021	0	0	3	0,1	3	24	51	28	0,5
02/12/2024	00	32	0,1		12	95	1020	0	0	3	0,1	3	19	55	23	0,5
02/12/2024	01	29	0,1		11,5	96	1020	0	0	3	0,1	3	18	51	22	0,5
02/12/2024	02	27	0,1		11,3	97	1019	0	0	3	0,1	3	13	45	17	0,5
02/12/2024	03	23	0,2		10,8	97	1019	0	0	3	0,1	3	10	31	14	0,4
02/12/2024	04	23	0,1		10,6	96	1018	0	0	3	0,1	3	13	33	17	0,5
02/12/2024	05	21	0,1		11,1	96	1018	0	0	3	0,1	3	15	39	20	1,1
02/12/2024	06	24	0,1		10,9	95	1018	0	0	3	0,1	13	19	70	40	0,5
02/12/2024	07	31	0,2		10,5	95	1019	0	0,2	3	0,1	41	19	110	83	0,7
02/12/2024	08	39	0,1		11,2	94	1019	0	0	3	0,1	69	30	139	136	0,6
02/12/2024	09	49	0,1		13,2	87	1019	3	0	3	0,1	93	31	219	173	0,6
02/12/2024	10	37	0,1		15,7	76	1020	93	0	3	0,1	59	39	124	129	0,6
02/12/2024	11	31	0,1		17,9	63	1020	249	0	3	0,1	38	44	100	102	0,6
02/12/2024	12	39	0,2		21,4	48	1019	360	0	3	0,1	41	49	178	112	0,7
02/12/2024	13	38	0,4		21,7	49	1018	281	0	3	0,1	45	57	167	126	1,5
02/12/2024	14	44	0,4		20,9	54	1018	119	0	3	0,1	36	60	177	115	1,7
02/12/2024	15	43	0,3		20,8	53	1017	49	0	3	0,1	21	53	202	85	1,2
02/12/2024	16	39	0,2		18,8	60	1017	2	0	3	0,1	11	49	193	67	0,8
02/12/2024	17	78	0,1		17,1	68	1018	0	0	3	0,1	65	70	461	170	0,5
02/12/2024	18	130	0,1		15,6	76	1018	0	0	3	0,1	125	75	787	267	0,5
02/12/2024	19	105	0,1		14,5	83	1018	0	0	3	0,1	103	60	617	218	0,5
02/12/2024	20	88	0,1		13,5	87	1018	0	0	3	0,1	107	51	463	215	0,5
02/12/2024	21	63	0,2		13,2	87	1018	0	0	3	0,1	83	47	302	174	0,5
02/12/2024	22	50	0,1		13,4	86	1018	0	0	3	0,1	59	42	216	132	0,5
02/12/2024	23	33	0,1		13,6	86	1018	0	0	3	0,1	27	37	94	79	0,6
03/12/2024	00	27	0,1		13,3	88	1018	0	0	3	0,1	23	30	57	65	0,5
03/12/2024	01	23	0,1		13,2	90	1017	0	0	3	0,1	16	28	40	52	0,5
03/12/2024	02	21	0,1		12,7	91	1017	0	0	3	0,1	16	24	35	48	0,5
03/12/2024	03	21	0,1		13,3	85	1017	0	0	3	0,1	16	32	40	56	0,5
03/12/2024	04	19	0,1		13,1	83	1017	0	0	3	0,1	11	32	40	49	0,5
03/12/2024	05	16	0,1		13,1	80	1017	0	0	3	0,1	7	28	50	38	0,5
03/12/2024	06	24	0,1		13,1	80	1017	0	0	3	0,1	20	39	111	70	0,6
03/12/2024	07	39	0,1		12,7	81	1017	0	0	3	0,1	44	40	205	108	0,6
03/12/2024	08	52	0,1		12,2	82	1017	0	0	3	0,1	96	46	280	192	0,5
03/12/2024	09	73	0,1		13,9	73	1018	9	0,1	3	0,1	110	56	431	225	0,5
03/12/2024	10	31	0,2		16,3	64	1018	102	0	3	0,1	37	43	138	99	0,9
03/12/2024	11	26	0,2		18,3	57	1018	149	0	3	0,1	20	39	127	70	0,6
03/12/2024	12	25	0,2		20	58	1017	318	0	3	0,1	15	34	106	57	0,9
03/12/2024	13	32	0,2		20,6	59	1016	287	0	3	0,1	19	44	132	73	1,4
03/12/2024	14	25	0,3		20,7	61	1015	136	0	3	0,1	10	30	114	46	1,8
03/12/2024	15	24	0,3		20	64	1015	59	0	3	0,1	9	29	109	43	1,9
03/12/2024	16	31	0,5		18,8	71	1015	3	0	3	0,1	15	37	175	60	1,5
03/12/2024	17	28	0,2		17,2	80	1015	0	0	3	0,1	7	38	145	49	0,8
03/12/2024	18	42	0,1		15,7	85	1015	0	0	3	0,1	40	65	254	128	0,5
03/12/2024	19	59	0,1		14,7	88	1015	0	0	3	0,1	60	62	333	154	0,6
03/12/2024	20	30	0,1		14,6	90	1015	0	0	3	0,1	19	55	110	84	0,6
03/12/2024	21	20	0,1		14,7	89	1015	0	0	3	0,1	6	53	52	61	0,6
03/12/2024	22	23	0,1		14,9	88	1015	0	0	3	0,1	7	52	84	63	0,5
03/12/2024	23	18	0,2		14,6	89	1015	0	0	3	0,1	3	34	39	38	0,8
04/12/2024	00	19	0,1		14,4	92	1015	0	0,9	3	0,1	3	28	33	33	0,7
04/12/2024	01	15	0,3		14	94	1014	0	0	3	0,1	3	16	25	20	1,5
04/12/2024	02	16	0,2		13,5	91	1014	0	0,4	3	0,1	3	9	27	13	1,1
04/12/2024	03	16	0,3		13,3	91	1013	0	0,2	3	0,1	3	8	27	12	1,3
04/12/2024	04	16	0,2		13,2	90	1013	0	0,2	3	0,1	2	11	27	14	0,8
04/12/2024	05	17	0,2		13	93	1013	0	3,2	3	0,1	3	15	28	20	0,9
04/12/2024	06	15	0,2		13,5	95	1014	0	0,4	3	0,1	4	18	23	23	1,1
04/12/2024	07	14	0,2		13,5	96	1014	0	0,3	3	0,1	20	33	22	64	0,6
04/12/2024	08	21	0,1		12,9	95	1015	0	0	3	0,1	66	48	54	149	0,5
04/12/2024	09	26	0,1		13,2	95	1016	0	0	3	0,1	82	45	105	171	0,5
04/12/2024	10								0							
04/12/2024	11	9	0,2	14	15,4	77	1018	7	0	3	0,1	20	41	22	72	1
04/12/2024	12	11	0,2	354	15,2	78	1019	2	0	3	0,1	13	42	25	62	1,1
04/12/2024	13	10	0,1	127	15,3	77	1019	57	0	3	0,1	36	53	27	109	0,5
04/12/2024	14	9	0,2	99	18,1	51	1019	158	0	3	0,1	16	32	28	56	1,2
04/12/2024	15	17	0,6	137	17,6	53	1020	80	0	3	0,1	13	26	123	46	1,7
04/12/2024	16	25	0,3	157	16,4	60	1021	5	0	3	0,1	11	25	182	42	1,8
04/12/2024	17	38	0,2	173	15,2	65	1022	0	0	3	0,1	19	49	285	78	1
04/12/2024	18	30	0,3	219	13,4	74	1021	0	0	3	0,1	13	58	217	78	1,2
04/12/2024	19	21	0,1	250	12	77	1022	0	0	3	0,1	8	46	129	57	0,6
04/12/2024	20	39	0,1	274	10,7	82	1022	0	0	3	0,1	10	44	153	60	0,4
04/12/2024	21	18	0,1	249	9,9	78	1023	0	0	3	0,1	6	32	95	41	0,5
04/12/2024	22	9	0,1	250	9,7	73	1024	0	0	3	0,1	3	18	43	22	0,8
04/12/2024	23	9	0,2	232	8,7	75	1024	0	0	3	0,1	2	17	34	21	0,6
05/12/2024	00	6	0,3	236	8,8	73	1023	0	0	3	0,1	3	19	17	23	1,2
05/12/2024	01	7	0,1	334	7,4	81	1023	0	0	3	0,1	2	16	21	20	0,4
05/12/2024	02	7	0,1	276	7,5	79	1024	0	0	3	0,1	3	13	17	17	0,4
05/12/2024	03	9	0,1	343	7,1	82	1024	0	0	3	0,1	2	17	28	21	0,4
05/12/2024	04	9	0,1	161	7,3	81	1024	0	0	3	0,1	2	17	39	21	0,4
05/12/2024	05	8	0,2	210	8,6	69	1024	0	0	3	0,1	3	16	43	20	0,9
05/12/2024	06	10	0,2	252	9,4	61	1023	0	0	3	0,1	3	19	62	24	0,9
05/12/2024	07	13	0,5	285	10	57	1023	0	0	3	0,1	4	23	78	29	2,6
05/12/2024	08	33	0,4	254	9,6	60	1023	0	0	3	0,1	40	54	237	116	1,6
05/12/2024	09	23	0,6	252	12	51	1023	27	0	3	0,1	10	22	166	38	2,4
05/12/2024	10	15	0,1	337	14,1	49	1023	152	0	3	0,1	9	26	87	40	0,6
05/12/2024	11	16	0,5	261	16,3	43	1023	265	0	3	0,1	11	22	102	38	2,6
05/12/2024	12	19	0,3	270	19,6	34	1022	423	0	3	0,1	7	15	122	25	1,4
05/12/2024	13	17	0,2	246	21,4	30	1022	373	0	3	0,1	7	15	111	25	1
05/12/2024	14	24	0,3	132	22,3	28	1021	196	0	3	0,1	10	18	162	34	1,6
05/12/2024	15	30	1,3	105	19,7	33	1021	70	0	3	0,1	19	41	214	70	3,8
05/12/2024	16	44	0,3	128	18,6	35	1022	3	0	3	0,1	16	51	343	75	1,1
05/12/2024	17	58	0,1	98	16	49	1022	0	0	3	0,1	32	76	418	124	0,5
05/12/2024	18	98	0,1	342	13,2	62	1022	0	0	3	0,1	105	85	611	245	0,4
05/12/2024	19	103	0,1	290	12,2	65	1022	0	0	3	0,1	114	80	639	255	0,4
05/12/2024	20	45	0,1	357	11,6	65	1023	0	0	3	0,1	75	73	241	189	0,4
05/12/2024	21	33	0,1	347	10,9	69	1024	0	0	3	0,1	53	66	151	147	0,4
05/12/2024	22	36	0,1	289	10,4	71	1024	0	0	3	0,1	50	60	159	137	0,4
05/12/2024	23	27	0,1	353	9,8	75	1023	0	0	3	0,1	34	52	93	103	0,4
06/12/2024	00	22	0,1	303	9,8	76	1023	0	0	3	0,1	24	47	62	85	0,4
06/12/2024	01	23	0,1	278	9,2	79	1023	0	0	3	0,1	12	40	85	59	0,4
06/12/2024	02	10	0,1	318	10,1	76	1022	0	0	3	0,1	3	20	31	24	0,4
06/12/2024	03	9	0,1	139	10,1	78	1022	0	0	3	0,1	2	18	23	22	0,4
06/12/2024	04	8	0,1	175	10,5	77	1021	0	0	3	0,1	3	20	15	24	0,4
06/12/2024	05	6	0,9	264	13,5	60	1021	0	0	3	0,1	2	11	20	15	3,4
06/12/2024	06	5	2	268	14,6	54	1021	0	0	3	0,1	2	7	16	11	5
06/12/2024	07	7	1,5	265	14,4	55	1021	0	0	3	0,1	3	12	27	17	5
06/12/2024	08	11	1,5	264	14,5	55	1021	0	0	3	0,1	10	21	62	37	4,7
06/12/2024	09	15	0,5	255	16,5	52	1021	36	0	3	0,1	8	18	95	30	2,1
06/12/2024	10	14	0,3	227	19,8	46	1021	206	0	3	0,1	7	17	87	28	1,4
06/12/2024	11	16	0,8	254	21,4	45	1021	364	0	3	0,1	7	13	96	24	3,8
06/12/2024	12	10	0,6	251	23,9	41	1020	380	0	3	0,1	5	12	60	20	3,4
06/12/2024	13	8	0,7	273	25,5	37	1019	377	0	3	0,1	5	9	48	17	4
06/12/2024	14	8	1,9	266	24,4	38	1019	237	0	3	0,1	4	9	38	15	6,3
06/12/2024	15	6	0,5	312	25,2	37	1018	114	0	3	0,1	4	8	29	13	2,3
06/12/2024	16	6	0,3	332	24,2	40	1018	7	0	3	0,1	3	11	35	15	1,8
06/12/2024	17	6	0,8	294	22,3	44	1018	0	0	3	0,1	3	11	38	15	4
06/12/2024	18	27	0,6	181	20,6	49	1019	0	0	3	0,1	8	28	184	39	3
06/12/2024	19	9	0,2	176	19,7	52	1019	0	0	3	0,1	3	12	45	18	1,1
06/12/2024	20	18	0,1	199	17,5	61	1019	0	0	3	0,1	4	23	105	28	0,6
06/12/2024	21	17	0,1	238	15,9	67	1019	0	0	3	0,1	4	26	79	32	0,5
06/12/2024	22	10	0,2	286	15,8	67	1020	0	0	3	0,1	3	17	35	21	0,9
06/12/2024	23	9	0,1	236	14,2	74	1020	0	0	3	0,1	3	15	34	19	0,5
07/12/2024	00	6	0,2	262	14,7	71	1020	0	0	3	0,1	3	10	19	14	0,7
07/12/2024	01	7	0,1	210	14,4	72	1020	0	0	3	0,1	3	7	26	12	0,6
07/12/2024	02	7	0,1	208	13,5	76	1019	0	0	3	0,1	2	10	20	13	0,5
07/12/2024	03	6	0,1	225	13,8	74	1018	0	0	3	0,1	3	9	17	12	0,5
07/12/2024	04	5	0,1	326	14	72	1018	0	0	3	0,1	2	6	9	9	0,5
07/12/2024	05	6	1,1	262	14,8	68	1018	0	0	3	0,1	2	5	16	8	4,2
07/12/2024	06	9	1,6	258	15,2	65	1017	0	0	3	0,1	2	5	32	8	5,6
07/12/2024	07	10	0,3	312	14,9	65	1017	0	0	3	0,1	5	17	33	24	2,1
07/12/2024	08	14	1,2	244	14,5	67	1016	0	0	3	0,1	6	19	65	28	4,3
07/12/2024	09	13	2,3	242	17,1	58	1016	87	0	3	0,1	8	11	66	23	6,9
07/12/2024	10	14	3,4	254	18,9	53	1016	165	0	3	0,1	7	10	78	20	9,8
07/12/2024	11	13	6,3	266	17,4	57	1015	71	0	3	0,1	5	7	74	14	13,5
07/12/2024	12	19	6,2	264	16,7	61	1015	110	0	3	0,1	5	8	105	15	14,5
07/12/2024	13	13	6	265	18,9	53	1014	326	0	3	0,1	5	5	68	12	14,5
07/12/2024	14	9	4,8	263	20,4	47	1013	195	0	3	0,1	4	6	43	11	12,1
07/12/2024	15	10	2,2	254	21,6	43	1012	87	0	3	0,1	5	11	52	19	6,9
07/12/2024	16	13	0,9	247	21,5	43	1012	8	0	3	0,1	8	14	81	26	3,4
07/12/2024	17	16	1,2	261	19,9	42	1013	0	0	3	0,1	8	23	100	36	4,4
07/12/2024	18	8	2,9	269	18,6	43	1014	0	0	3	0,1	5	12	41	19	7
07/12/2024	19	8	1,3	261	17,5	45	1015	0	0	3	0,1	4	11	40	16	4,7
07/12/2024	20	10	0,6	236	16,6	47	1015	0	0	3	0,1	3	13	48	18	2,4
07/12/2024	21	5	0,7	308	16	35	1016	0	0	3	0,1	2	8	23	12	3,3
07/12/2024	22	4	1	301	15,1	34	1017	0	0	3	0,1	2	8	18	12	5,2
07/12/2024	23	4	1,1	273	15,2	29	1018	0	0	3	0,1	2	5	20	8	6,1
08/12/2024	00	5	1,5	293	14,5	30	1018	0	0	3	0,1	2	4	31	7	6
08/12/2024	01	4	0,2	205	12,3	37	1018	0	0	3	0,1	3	7	14	10	1,2
08/12/2024	02	3	0,1	219	12,1	37	1017	0	0	3	0,1	3	5	9	9	1,7
08/12/2024	03	4	0,3	239	10,7	44	1018	0	0	3	0,1	3	5	16	9	1,3
08/12/2024	04	3	0,3	191	8,8	54	1018	0	0	3	0,1	3	4	9	8	1
08/12/2024	05	4	0,4	232	9,7	48	1018	0	0	3	0,1	2	3	11	7	1,5
08/12/2024	06	3	0,5	243	9,2	49	1018	0	0	3	0,1	2	4	11	7	1,9
08/12/2024	07	3	2	258	10,6	42	1018	0	0	3	0,1	2	4	11	6	6,3
08/12/2024	08	4	4	267	11,3	42	1018	0	0	3	0,1	5	12	17	20	10,3
08/12/2024	09	7	3,8	264	11,6	42	1017	5	0	3	0,1	4	5	38	11	10,6
08/12/2024	10	5	2,4	262	12,2	41	1017	93	0	3	0,1	3	4	27	9	8,3
08/12/2024	11	6	2,4	266	13	39	1017	68	0	3	0,1	3	8	30	13	7,6
08/12/2024	12	8	1,6	286	16,1	29	1015	475	0	3	0,1	4	7	51	12	7,9
08/12/2024	13	9	2,2	270	16,4	25	1014	370	0	3	0,1	3	5	64	10	8,5
08/12/2024	14	14	2,5	269	16,5	23	1013	213	0	3	0,1	3	4	103	9	9,6
08/12/2024	15	7	2,6	269	15,6	25	1013	84	0	3	0,1	3	5	46	9	10,6
08/12/2024	16	6	3,2	275	15	26	1013	7	0	3	0,1	3	4	43	9	12,1
08/12/2024	17	4	1,4	265	13,9	29	1013	0	0	3	0,1	3	6	19	10	7,1
08/12/2024	18	7	1	224	13,5	29	1012	0	0	3	0,1	3	8	39	13	7,2
08/12/2024	19	5	1	251	13	31	1012	0	0	3	0,1	4	8	21	13	4,6
08/12/2024	20	4	1,8	268	12,4	33	1012	0	0	3	0,1	3	8	12	12	4,8
08/12/2024	21	4	1,1	260	11,8	35	1012	0	0	3	0,1	3	7	15	12	4,2
08/12/2024	22	4	0,2	232	10	43	1012	0	0	3	0,1	3	9	12	13	1,5
08/12/2024	23	3	0,3	226	9,8	45	1012	0	0	3	0,1	2	6	7	10	1,9
09/12/2024	00	3	0,5	270	9,8	46	1013	0	0	3	0,1	2	4	7	8	2,5
09/12/2024	01	2	1,8	266	9,2	48	1013	0	0	3	0,1	2	5	5	8	4,9
09/12/2024	02	2	3,2	269	8,9	47	1013	0	0	3	0,1	2	3	6	6	7,4
09/12/2024	03	2	2,7	266	8,7	49	1013	0	0	3	0,1	2	2	4	5	7,3
09/12/2024	04	3	0,8	243	7,9	52	1013	0	0	3	0,1	2	2	6	5	4
09/12/2024	05	3	1	248	8,1	52	1012	0	0	3	0,1	2	4	10	6	3,8
09/12/2024	06	4	1,4	247	8,2	52	1012	0	0	3	0,1	3	7	15	11	4,7
09/12/2024	07	8	2,8	264	8,3	51	1012	0	0	3	0,1	5	15	41	22	7,6
09/12/2024	08	14	1,1	254	8,1	53	1012	0	0	3	0,1	10	25	87	41	4,7
09/12/2024	09	11	3	261	9	49	1012	34	0	3	0,1	7	16	74	27	7,7
09/12/2024	10	8	3,9	269	10,8	44	1012	242	0	3	0,1	7	11	45	22	9,6
09/12/2024	11	11	1,3	254	13,6	36	1011	412	0	3	0,1	7	11	80	21	6,3
09/12/2024	12	15	1	224	15	32	1010	273	0	3	0,1	11	22	108	38	5,1
09/12/2024	13	19	0,6	284	15,6	32	1010	332	0	3	0,1	6	16	135	26	4,1
09/12/2024	14	14	0,1	41	15,2	33	1010	36	0	3	0,1	4	17	100	23	2
09/12/2024	15	11	0,7	353	14,3	34	1009	6	0	3	0,1	5	17	73	24	4,3
09/12/2024	16	9	0,7	27	14,2	33	1010	1	0	3	0,1	5	17	63	24	4,4
09/12/2024	17	12	0,8	346	12,9	35	1010	0	0	3	0,1	5	24	76	31	4,1
09/12/2024	18	11	0,3	322	11,2	43	1011	0	0	3	0,1	5	39	61	47	2
09/12/2024	19	7	0,4	310	11,3	44	1011	0	0	3	0,1	5	30	33	37	2,2
09/12/2024	20	5	0,4	319	10,9	47	1011	0	0	3	0,1	4	24	23	29	2,2
09/12/2024	21	11	0,1	151	9,1	55	1012	0	0	3	0,1	4	33	50	40	0,6
09/12/2024	22	5	0,3	278	9,6	52	1012	0	0	3	0,1	3	14	18	18	2,3
09/12/2024	23	4	0,1	108	8,4	57	1012	0	0	3	0,1	3	14	12	18	0,6
10/12/2024	00	6	0,1	198	6,9	64	1012	0	0	3	0,1	3	18	18	21	0,5
10/12/2024	01	4	0,1	219	6	68	1013	0	0	3	0,1	2	13	8	17	0,5
10/12/2024	02	3	0,1	218	5,7	68	1013	0	0	3	0,1	2	9	6	12	0,5
10/12/2024	03	5	0,1	214	4,9	72	1013	0	0	3	0,1	2	8	15	12	0,3
10/12/2024	04	4	0,1	283	5,1	71	1013	0	0	3	0,1	2	6	8	9	0,8
10/12/2024	05	5	0,1	238	5,1	70	1013	0	0	3	0,1	3	10	24	13	0,5
10/12/2024	06	7	0,1	250	5,2	70	1013	0	0	3	0,1	7	23	36	34	0,7
10/12/2024	07	14	0,1	248	5,5	70	1014	0	0	3	0,1	20	43	86	73	0,7
10/12/2024	08	41	0,1	208	5,5	71	1014	0	0	3	0,1	47	51	289	123	0,8
10/12/2024	09	27	0,2	234	8	61	1014	34	0	3	0,1	28	36	160	80	1,2
10/12/2024	10	19	0,2	241	11,2	50	1014	221	0	3	0,1	15	21	116	43	0,7
10/12/2024	11	17	0,1	213	13,4	42	1014	375	0	3	0,1	11	16	99	32	0,6
10/12/2024	12	16	0,1	151	15,4	35	1013	414	0	3	0,1	8	17	96	29	0,7
10/12/2024	13	28	0,6	128	15,3	38	1013	354	0	3	0,1	15	22	183	45	2,1
10/12/2024	14	26	0,5	123	15,2	37	1013	218	0	3	0,1	7	19	168	30	2,2
10/12/2024	15	33	0,6	114	14,2	41	1013	50	0	3	0,1	16	27	224	52	2,4
10/12/2024	16	35	0,5	130	13,1	46	1013	0	0	3	0,1	13	38	256	58	1,5
10/12/2024	17	40	0,2	120	12,4	52	1014	0	0	3	0,1	12	48	295	66	0,7
10/12/2024	18	79	0,1	125	11	58	1014	0	0	3	0,1	26	70	586	109	0,4
10/12/2024	19	84	0,1	178	10,6	62	1014	0	0	3	0,1	65	75	526	174	0,4
10/12/2024	20	40	0,1	254	10,6	64	1015	0	0	3	0,1	37	65	198	122	0,4
10/12/2024	21	28	0,1	13	10,2	67	1015	0	0	3	0,1	21	59	111	92	0,4
10/12/2024	22	27	0,1	253	10,3	66	1015	0	0	3	0,1	22	60	102	94	0,5
10/12/2024	23	11	0,1	44	10,5	72	1015	0	0	3	0,1	6	36	35	45	0,7
11/12/2024	00	3	0,1	61	10,2	73	1015	0	0	3	0,1	2	11	7	14	0,6
11/12/2024	01	3	0,1	105	10,2	73	1015	0	0	3	0,1	2	26	6	29	0,4
11/12/2024	02	3	0,1	62	10	77	1015	0	0	3	0,1	2	23	7	26	0,5
11/12/2024	03	3	0,1	52	9,7	79	1015	0	0	3	0,1	3	21	4	25	0,4
11/12/2024	04	4	0,1	287	9,1	80	1015	0	0	3	0,1	2	11	8	14	0,4
11/12/2024	05	10	0,1	22	8,4	82	1015	0	0	3	0,1	3	20	23	24	0,4
11/12/2024	06	11	0,1	348	7,6	85	1015	0	0	3	0,1	4	24	31	29	0,4
11/12/2024	07	14	0,1	345	7,5	85	1015	0	0	3	0,1	16	40	54	65	0,4
11/12/2024	08	26	0,1	313	7,6	83	1016	0	0	3	0,1	57	47	135	134	0,5
11/12/2024	09	26	0,3	30	9,2	76	1016	0	0	3	0,1	55	56	127	140	1,6
11/12/2024	10	19	0,2	32	10,5	67	1017	13	0	3	0,1	19	45	90	73	1,5
11/12/2024	11	14	0,6	44	11	64	1016	67	0	3	0,1	12	37	71	56	2,8
11/12/2024	12	14	0,5	43	11,1	58	1016	68	0	3	0,1	9	39	77	54	3
11/12/2024	13	15	1,1	40	12	48	1015	207	0	3	0,1	11	30	85	47	5,1
11/12/2024	14	17	0,8	44	12,4	44	1015	106	0	3	0,1	9	27	97	41	4,2
11/12/2024	15	13	1,2	44	11,8	49	1015	5	0	3	0,1	6	27	63	36	5,4
11/12/2024	16	11	1,1	42	11,7	47	1015	0	0	3	0,1	5	27	66	36	5,5
11/12/2024	17	11	0,7	38	11,4	47	1015	0	0	3	0,1	5	38	61	45	4,6
11/12/2024	18	13	0,4	38	11	47	1015	0	0	3	0,1	7	52	70	62	1,9
11/12/2024	19	10	0,3	29	10,7	45	1016	0	0	3	0,1	4	43	48	49	2,4
11/12/2024	20	9	0,3	22	10,7	45	1016	0	0	3	0,1	4	37	35	42	1,6
11/12/2024	21	8	0,2	348	10,3	49	1016	0	0	3	0,1	3	33	28	38	1,1
11/12/2024	22	9	0,1	37	10,3	54	1016	0	0	3	0,1	4	31	26	36	1
11/12/2024	23	9	0,1	306	9,8	62	1016	0	0	3	0,1	3	27	20	31	0,6
12/12/2024	00	10	0,1	39	9,2	67	1016	0	0	3	0,1	3	25	19	29	0,4
12/12/2024	01	10	0,1	75	8,5	70	1016	0	0	3	0,1	3	20	20	24	0,4
12/12/2024	02	8	0,1	231	8,8	70	1016	0	0	3	0,1	2	13	16	17	0,4
12/12/2024	03	6	0,1	55	8,9	72	1016	0	0	3	0,1	2	9	12	12	0,4
12/12/2024	04	6	0,2	16	8,6	73	1016	0	0	3	0,1	3	12	12	16	0,4
12/12/2024	05	7	0,1	118	7,8	77	1016	0	0	3	0,1	2	15	16	18	0,4
12/12/2024	06	9	0,1	61	7,4	79	1016	0	0	3	0,1	6	24	32	33	0,3
12/12/2024	07	17	0,1	3	7,7	79	1017	0	0	3	0,1	23	33	76	67	0,4
12/12/2024	08								0							
12/12/2024	09	32	0,1	359	8,2	78	1018	14	0	3	0,1	83	47	177	174	0,4
12/12/2024	10	27	0,3	329	11,7	63	1017	197	0	3	0,1	41	42	146	105	1,2
12/12/2024	11	13	0,2	12	13,5	57	1017	267	0	3	0,1	10	23	64	38	2,3
12/12/2024	12	10	0,2	42	13,4	62	1016	64	0	3	0,1	7	24	57	34	1,8
12/12/2024	13	15	0,3	42	12,8	66	1016	13	0	3	0,1	8	38	90	50	1,9
12/12/2024	14	17	0,2	46	13,4	64	1015	27	0	3	0,1	8	37	93	49	1,4
12/12/2024	15	10	0,1	172	12,5	81	1015	9	0	3	0,1	13	45	40	65	0,5
12/12/2024	16	8	0,1	197	12,3	85	1015	0	0	3	0,1	27	63	27	105	0,4
12/12/2024	17	8	0,3	199	11,3	89	1015	0	0	3	0,1	27	62	22	104	1,2
12/12/2024	18	8	0,1	231	10,9	92	1015	0	0	3	0,1	18	61	18	88	0,6
12/12/2024	19	8	0,1	346	10,6	93	1016	0	0	3	0,1	12	57	14	76	0,5
12/12/2024	20	9	0,2	38	10,5	88	1016	0	0	3	0,1	9	63	23	76	0,8
12/12/2024	21	7	0,1	32	9,4	88	1016	0	0	3	0,1	9	61	17	75	0,4
12/12/2024	22	12	0,1	312	8,5	92	1017	0	0	3	0,1	22	52	27	87	0,5
12/12/2024	23	16	0,1	352	8,2	93	1017	0	0	3	0,1	24	44	27	81	0,4
13/12/2024	00	16	0,1	341	7,9	93	1017	0	0	3	0,1	12	39	28	57	0,5
13/12/2024	01	16	0,1	141	7,7	93	1017	0	0	3	0,1	6	32	24	42	0,4
13/12/2024	02	15	0,1	18	8,4	90	1017	0	0	3	0,1	3	28	22	33	0,6
13/12/2024	03	14	0,1	25	8,1	89	1017	0	0	3	0,1	3	27	24	31	0,6
13/12/2024	04	13	0,1	49	7,9	90	1017	0	0	3	0,1	3	22	21	26	0,4
13/12/2024	05	12	0,1	20	8,3	89	1017	0	0	3	0,1	3	21	20	26	0,4
13/12/2024	06	9	0,1	49	8,5	87	1017	0	0	3	0,1	4	22	17	29	0,4
13/12/2024	07	14	0,1	234	8,7	87	1018	0	0	3	0,1	51	41	39	119	0,6
13/12/2024	08	14	0,1	113	8,6	90	1018	0	0	3	0,1	86	48	35	179	0,4
13/12/2024	09	16	0,1	229	9,9	83	1019	17	0	3	0,1	91	52	46	191	0,5
13/12/2024	10	12	0,1	239	12,5	73	1020	145	0	3	0,1	30	38	26	83	0,5
13/12/2024	11	9	0,1	194	14,9	62	1020	309	0	3	0,1	16	26	30	50	0,6
13/12/2024	12	15	0,2	157	15,5	61	1019	300	0	3	0,1	13	28	86	47	1
13/12/2024	13	29	0,2	143	16,4	59	1019	310	0	3	0,1	14	27	172	48	1,4
13/12/2024	14	26	0,3	123	16,2	60	1018	229	0	3	0,1	9	20	149	33	1,6
13/12/2024	15	21	0,3	129	15,6	61	1018	40	0	3	0,1	8	21	116	33	1,7
13/12/2024	16	15	1	141	14,1	70	1019	5	0	3	0,1	6	21	81	30	2,9
13/12/2024	17	21	0,2	155	12,9	76	1019	0	0	3	0,1	9	39	120	53	1,2
13/12/2024	18	29	0,1	136	11,2	84	1020	0	0	3	0,1	17	60	170	86	0,4
13/12/2024	19	48	0,1	217	10,4	88	1020	0	0	3	0,1	42	80	268	143	0,4
13/12/2024	20	30	0,1	256	9,5	89	1021	0	0	3	0,1	21	58	112	90	0,4
13/12/2024	21	23	0,1	262	9,2	87	1022	0	0	3	0,1	7	43	77	54	0,5
13/12/2024	22	18	0,1	253	8,5	82	1022	0	0	3	0,1	4	31	68	38	0,6
13/12/2024	23	9	0,1	245	8,3	79	1023	0	0	3	0,1	3	20	25	25	0,8
14/12/2024	00	10	0,1	224	7	86	1023	0	0	3	0,1	4	22	35	28	0,4
14/12/2024	01	7	0,1	309	7,5	82	1023	0	0	3	0,1	3	15	22	19	0,6
14/12/2024	02	5	0,1	276	7,6	80	1023	0	0	3	0,1	3	9	9	13	1
14/12/2024	03	5	0,9	254	7,6	79	1023	0	0	3	0,1	3	7	10	12	3,4
14/12/2024	04	5	0,6	272	7,7	78	1023	0	0	3	0,1	3	5	8	9	2,8
14/12/2024	05	6	0,4	288	7	80	1023	0	0	3	0,1	2	6	9	9	1,4
14/12/2024	06	8	0,2	253	6,8	81	1024	0	0	3	0,1	2	9	20	13	1
14/12/2024	07	13	0,1	227	5,8	86	1025	0	0	3	0,1	5	24	54	32	0,6
14/12/2024	08	16	0,1	214	6,1	84	1025	0	0	3	0,1	42	51	75	115	0,4
14/12/2024	09	31	0,1	232	8,7	71	1026	31	0	3	0,1	23	34	178	69	0,7
14/12/2024	10	19	0,8	267	11,4	59	1026	201	0	3	0,1	7	15	111	25	2,9
14/12/2024	11	14	0,5	265	13,9	49	1026	349	0	3	0,1	7	14	78	25	2,4
14/12/2024	12	12	0,5	252	16,1	40	1025	387	0	3	0,1	7	14	66	24	2,3
14/12/2024	13	13	0,2	139	17,7	36	1024	339	0	3	0,1	6	14	75	23	0,9
14/12/2024	14	9	0,2	308	17,5	35	1024	200	0	3	0,1	4	11	46	18	1,6
14/12/2024	15	8	0,3	284	17,8	33	1024	102	0	3	0,1	4	9	36	15	1,9
14/12/2024	16	12	0,1	356	15,9	40	1024	0	0	3	0,1	9	35	64	48	0,6
14/12/2024	17	26	0,1	224	14,1	51	1024	0	0	3	0,1	16	57	155	81	0,6
14/12/2024	18	29	0,1	250	12,7	59	1025	0	0	3	0,1	42	59	170	123	0,5
14/12/2024	19	36	0,1	287	10,6	69	1026	0	0	3	0,1	32	55	182	104	0,4
14/12/2024	20	24	0,1	152	8,8	76	1026	0	0	3	0,1	16	47	91	72	0,4
14/12/2024	21	30	0,1	201	7,6	79	1027	0	0	3	0,1	22	42	115	75	0,4
14/12/2024	22	21	0,2	234	6,8	78	1028	0	0	3	0,1	7	31	64	42	0,8
14/12/2024	23	12	0,2	229	6,9	73	1028	0	0	3	0,1	4	20	33	26	0,8
15/12/2024	00	12	0,2	213	6,5	73	1028	0	0	3	0,1	4	18	42	24	0,8
15/12/2024	01	6	0,7	265	6,9	68	1028	0	0	3	0,1	2	10	15	14	2,2
15/12/2024	02	4	1,2	266	7,2	65	1028	0	0	3	0,1	2	6	10	9	3,5
15/12/2024	03	4	1,1	266	6,9	65	1028	0	0	3	0,1	2	5	7	9	3
15/12/2024	04	4	1	267	6,8	65	1027	0	0	3	0,1	2	4	8	7	3,4
15/12/2024	05	4	0,3	235	6,6	66	1027	0	0	3	0,1	2	4	10	8	1,3
15/12/2024	06	4	0,4	239	5,8	69	1028	0	0	3	0,1	2	6	14	9	2
15/12/2024	07	5	0,2	241	5,6	70	1028	0	0	3	0,1	12	22	19	40	0,9
15/12/2024	08	9	0,3	234	5,8	69	1029	0	0	3	0,1	29	36	48	80	1
15/12/2024	09	15	0,2	199	8,3	62	1030	34	0	4	0,1	15	25	84	47	1,2
15/12/2024	10	13	0,4	241	11,7	51	1031	213	0	4	0,1	7	15	72	26	1,6
15/12/2024	11	8	0,5	247	14,5	42	1030	368	0	4	0,1	5	11	42	19	2,4
15/12/2024	12	7	0,3	234	17,1	35	1030	418	0	4	0,1	6	10	35	18	1,4
15/12/2024	13	9	0,4	262	17,7	32	1029	358	0	4	0,1	7	10	52	21	2,5
15/12/2024	14	7	0,3	307	18,3	31	1029	254	0	4	0,1	5	10	41	16	2,2
15/12/2024	15	10	1,1	116	16,6	40	1029	45	0	4	0,1	8	14	54	26	2,9
15/12/2024	16	11	0,7	127	15,5	45	1029	6	0	4	0,1	7	16	51	27	2,1
15/12/2024	17	22	0,2	126	13,6	55	1030	0	0	4	0,1	16	45	123	70	0,9
15/12/2024	18	28	0,1	54	10,8	66	1030	0	0	5	0,1	23	65	141	101	0,5
15/12/2024	19	27	0,1	69	8,9	73	1032	0	0	4	0,1	17	57	125	83	0,4
15/12/2024	20	32	0,2	287	8,3	75	1032	0	0	4	0,1	29	59	138	103	0,5
15/12/2024	21	29	0,1	212	7	77	1033	0	0	3	0,1	27	52	97	94	0,4
15/12/2024	22	20	0,1	239	6,3	77	1033	0	0	3	0,1	13	45	59	64	0,3
15/12/2024	23	15	0,1	329	5,7	77	1034	0	0	3	0,1	8	39	42	51	0,3
16/12/2024	00	13	0,1	278	5,4	79	1034	0	0	3	0,1	5	29	26	35	0,3
16/12/2024	01	13	0,1	40	4,9	81	1035	0	0	3	0,1	4	26	27	31	0,3
16/12/2024	02	8	0,1	12	5,9	75	1035	0	0	3	0,1	3	17	24	21	0,4
16/12/2024	03	6	0,1	100	5,2	79	1036	0	0	3	0,1	2	15	9	18	0,3
16/12/2024	04	5	0,1	341	4,7	79	1035	0	0	3	0,1	2	13	11	16	0,3
16/12/2024	05	8	0,1	50	4,2	81	1035	0	0	3	0,1	3	19	29	24	0,3
16/12/2024	06	13	0,1	273	4	82	1036	0	0	3	0,1	10	35	61	51	0,4
16/12/2024	07	27	0,1	153	3,3	85	1037	0	0	3	0,1	86	51	149	182	0,3
16/12/2024	08	50	0,1	266	4,3	82	1037	0	0	3	0,1	187	84	318	371	0,3
16/12/2024	09	42	0,1	195	6,3	74	1038	34	0	3	0,1	105	66	231	226	0,4
16/12/2024	10	31	0,1	234	10,1	64	1038	208	0	3	0,1	33	44	180	95	0,6
16/12/2024	11	19	0,1	286	13,3	55	1037	369	0	3	0,1	18	35	97	62	0,5
16/12/2024	12	18	0,1	161	16	46	1036	418	0	3	0,1	17	29	99	54	0,6
16/12/2024	13	26	0,4	131	17	46	1035	351	0	3	0,1	16	34	141	60	1,4
16/12/2024	14	28	1	136	16,3	48	1034	250	0	3	0,1	8	22	112	35	2,4
16/12/2024	15	17	1,3	128	15,2	53	1033	48	0	3	0,1	11	23	87	39	3,8
16/12/2024	16	17	1	131	14,3	60	1033	3	0	3	0,1	12	32	94	50	2,9
16/12/2024	17	30	0,3	130	13,1	67	1033	0	0	3	0,1	36	68	196	122	1,2
16/12/2024	18	40	0,1	176	10,9	77	1033	0	0	3	0,1	59	88	240	179	0,4
16/12/2024	19	74	0,1	17	9,1	83	1033	0	0	3	0,1	100	83	424	236	0,4
16/12/2024	20	31	0,1	9	8,2	85	1034	0	0	3	0,1	42	69	147	134	0,4
16/12/2024	21	28	0,1	291	7,4	87	1034	0	0	3	0,1	29	65	105	109	0,4
16/12/2024	22	32	0,1	151	6,5	89	1034	0	0	3	0,1	20	51	89	81	0,4
16/12/2024	23	31	0,1	217	5,9	91	1034	0	0	3	0,1	19	40	87	69	0,4
17/12/2024	00	16	0,1	238	5,5	90	1034	0	0	3	0,1	2	27	27	30	0,4
17/12/2024	01	15	0,1	268	5	90	1033	0	0	3	0,1	3	22	24	27	0,4
17/12/2024	02	16	0,1	210	4,2	92	1033	0	0	3	0,1	3	21	30	26	0,3
17/12/2024	03	13	0,1	259	3,9	91	1033	0	0	3	0,1	2	16	21	19	0,3
17/12/2024	04	12	0,1	264	3,3	92	1032	0	0	3	0,1	3	15	20	19	0,3
17/12/2024	05	13	0,1	254	3,2	91	1032	0	0	3	0,1	4	21	36	27	0,3
17/12/2024	06	17	0,1	207	3	91	1032	0	0	3	0,1	11	33	74	51	0,3
17/12/2024	07	45	0,1	59	2,9	91	1032	0	0	3	0,1	113	51	243	225	0,3
17/12/2024	08	75	0,1	135	3,3	91	1032	0	0	3	0,1	201	76	428	384	0,3
17/12/2024	09	72	0,1	115	6,3	81	1032	20	0	3	0,1	169	73	447	331	0,4
17/12/2024	10	51	0,1	118	9,7	68	1032	168	0	3	0,1	94	79	305	222	0,5
17/12/2024	11	49	0,7	177	12,5	60	1031	245	0	3		34	44	243	96	2,3
17/12/2024	12	29	0,7	217	14,7	50	1030	313	0,1	3	0,1	18	21	205	48	2,3
17/12/2024	13	31	0,4	209	16	47	1028	225	0	3	0,1	12	20	203	38	2,3
17/12/2024	14	18	0,4	212	15,9	48	1027	148	0	3	0,1	7	15	109	25	1,9
17/12/2024	15	14	0,6	190	15,8	50	1027	69	0	3	0,1	8	18	77	30	2,1
17/12/2024	16	22	1	137	13,9	64	1027	0	0	3	0,1	16	35	116	60	2,8
17/12/2024	17	26	0,3	142	12,5	69	1027	0	0	3	0,1	20	68	143	99	1,2
17/12/2024	18	49	0,1	136	10,8	78	1027	0	0	3	0,1	62	96	311	190	0,4
17/12/2024	19	44	0,1	339	8,9	83	1027	0	0	3	0,1	58	76	222	165	0,4
17/12/2024	20	48	0,1	339	7,9	86	1027	0	0	3	0,1	85	72	223	202	0,6
17/12/2024	21	32	0,1	346	7,2	88	1027	0	0	3	0,1	76	64	118	180	0,4
17/12/2024	22	27	0,1	40	6,6	89	1027	0	0	3	0,1	34	52	85	104	0,4
17/12/2024	23	25	0,1	36	6,1	90	1027	0	0	3	0,1	24	43	62	80	0,3
18/12/2024	00	21	0,1	170	5,9	91	1027	0	0	3	0,1	10	38	39	53	0,4
18/12/2024	01	20	0,1	344	5,6	89	1027	0	0	3	0,1	11	30	35	46	0,4
18/12/2024	02	19	0,1	214	5,4	89	1027	0	0	3	0,1	5	32	40	39	0,3
18/12/2024	03	18	0,1	105	5,1	90	1027	0	0	3	0,1	5	28	33	35	0,3
18/12/2024	04	17	0,1	344	4,8	91	1027	0	0	3	0,1	5	25	27	32	0,4
18/12/2024	05	18	0,1	356	5,3	89	1026	0	0	3	0,1	7	26	42	37	0,3
18/12/2024	06	26	0,1	232	5,2	89	1026	0	0	3	0,1	37	27	91	84	0,3
18/12/2024	07	50	0,1	181	5,1	89	1026	0	0	3	0,1	130	45	244	243	0,4
18/12/2024	08	75	0,1	148	5,7	87	1026	0	0	4	0,1	271	85	412	501	0,4
18/12/2024	09	93	0,1	130	7,9	79	1027	12	0	3	0,1	279	83	536	511	0,4
18/12/2024	10	81	0,2	118	12	62	1026	141	0	3	0,1	168	88	477	345	0,5
18/12/2024	11	63	0,1	139	16,4	49	1025	274	0	3	0,1	94	82	336	227	0,8
18/12/2024	12	34	2,3	258	20,6	27	1024	335	0	3	0,1	7	19	233	31	6,8
18/12/2024	13	17	2,4	246	21,3	26	1023	238	0	3	0,1	9	17	102	30	6,8
18/12/2024	14	12	1,6	229	21,9	26	1023	182	0	3	0,1	6	14	64	22	4
18/12/2024	15	15	1,4	236	21,1	28	1022	19	0	3	0,1	9	27	84	41	4,6
18/12/2024	16	17	1,9	247	20,7	30	1022	0	0	3	0,1	10	28	94	43	5,9
18/12/2024	17	19	1,9	240	20,6	28	1022	0	0	3	0,1	14	35	109	57	5,6
18/12/2024	18	18	1,1	237	19,2	31	1022	0	0	3	0,1	9	30	97	44	3,9
18/12/2024	19	17	0,9	254	18,3	32	1022	0	0	3	0,1	5	26	85	34	3,3
18/12/2024	20	15	0,6	244	17,2	35	1022	0	0	3	0,1	5	22	69	30	2,2
18/12/2024	21	11	0,9	247	17,2	35	1022	0	0	3	0,1	4	16	47	22	3
18/12/2024	22	9	2	233	17,5	34	1022	0	0	3	0,1	3	10	35	14	5,7
18/12/2024	23	10	1,1	229	16,5	37	1022	0	0	3	0,1	4	8	27	14	3
19/12/2024	00	17	2,5	262	17	35	1021	0	0	3	0,1	3	8	93	13	6,8
19/12/2024	01	11	0,8	249	17,1	35	1020	0	0	3	0,1	3	8	38	12	3,9
19/12/2024	02	10	1,6	260	16,7	37	1020	0	0	3	0,1	3	7	25	12	5,7
19/12/2024	03	11	0,9	239	15,4	43	1020	0	0	3	0,1	3	9	26	13	2,4
19/12/2024	04	12	1,6	265	16,3	39	1019	0	0	3	0,1	3	7	32	11	5,1
19/12/2024	05	15	1,4	265	16,1	36	1019	0	0	3	0,1	3	9	49	13	4,2
19/12/2024	06	15	0,9	260	15,3	38	1019	0	0	3	0,1	4	16	52	22	3,4
19/12/2024	07	16	1,2	226	15	37	1019	0	0	3	0,1	5	18	69	27	3,5
19/12/2024	08	28	0,7	226	14,6	39	1018	0	0	3	0,1	18	38	151	66	2,7
19/12/2024	09	38	1	255	15,1	41	1019	0	0	3	0,1	18	45	212	73	3,5
19/12/2024	10	26	1,3	257	16,2	39	1019	14	0	3	0,1	11	25	117	42	5,4
19/12/2024	11	29	1,5	264	17,2	37	1019	96	0	3	0,1	8	18	132	29	5,3
19/12/2024	12	41	4,4	248	18,3	37	1017	119	0	3	0,1	6	12	229	21	10,9
19/12/2024	13	32	3,4	256	19,4	40	1016	107	0	3	0,1	7	14	152	26	9,6
19/12/2024	14	31	5,7	269	19,9	46	1015	54	0	3	0,1	7	13	203	23	14,1
19/12/2024	15	16	4,1	271	19,4	45	1015	9	0	3	0,1	6	13	74	22	11,3
19/12/2024	16	14	4,1	271	19,2	43	1015	0	0	3	0,1	4	11	71	18	11,7
19/12/2024	17	11	4	272	18,9	41	1015	0	0	3	0,1	8	20	52	32	10,3
19/12/2024	18	9	3,8	272	17,9	44	1016	0	0	3	0,1	4	19	39	25	8,7
19/12/2024	19	9	2,2	268	16,7	51	1017	0	0	3	0,1	5	20	36	28	5,1
19/12/2024	20	12	1,6	272	16,2	59	1018	0	0	3	0,1	4	14	35	20	4,7
19/12/2024	21	12	0,4	326	15,6	61	1019	0	0	3	0,1	4	15	36	21	2
19/12/2024	22	6	0,7	351	14,5	52	1020	0	0	3	0,1	3	14	25	19	3,8
19/12/2024	23	3	0,4	273	12,9	53	1020	0	0	3	0,1	3	7	11	12	2,5
20/12/2024	00	3	0,1	320	11	59	1021	0	0	3	0,1	3	10	9	14	1
20/12/2024	01	4	0,1	218	9,7	61	1021	0	0	3	0,1	3	11	11	15	1
20/12/2024	02	3	0,1	197	9,5	61	1022	0	0	3	0,1	3	10	9	14	1,4
20/12/2024	03	3	0,2	175	8,3	64	1022	0	0	3		3	8	10	12	1,2
20/12/2024	04	3	0,8	261	8,4	57	1022	0	0	3		3	6	6	11	3,4
20/12/2024	05	3	1,2	268	7,9	58	1022	0	0	3		3	7	9	12	4,1
20/12/2024	06	4	1,2	272	7,5	58	1022	0	0	3		3	12	13	17	4,1
20/12/2024	07	6	1,9	269	7,5	58	1023	0	0	3		13	30	26	49	5,6
20/12/2024	08	10	1,8	269	7,4	59	1023	0	0	3		23	48	55	82	5,1
20/12/2024	09	10	1,8	267	8,8	54	1024	16	0	3		14	31	59	52	5,1
20/12/2024	10	8	1,8	264	11,1	46	1024	242	0	3	0,1	6	15	42	24	5,5
20/12/2024	11	9	1,2	257	13,6	38	1024	370	0	3	0,1	7	15	48	26	4,3
20/12/2024	12	11	1	249	15,8	32	1023	424	0	3	0,1	9	17	72	31	3,8
20/12/2024	13	12	0,5	236	17,2	28	1022	370	0	3	0,1	8	15	69	28	2,1
20/12/2024	14	9	0,4	206	17,9	25	1021	274	0	3	0,1	9	15	52	28	1,8
20/12/2024	15	8	0,2	207	17,1	26	1021	74	0	3	0,1	8	16	47	28	1,5
20/12/2024	16	14	0,2	215	16,5	28	1021	8	0	3	0,1	8	25	91	38	0,8
20/12/2024	17	39	0,1	134	14,2	41	1022	0	0	3	0,1	21	59	263	91	0,7
20/12/2024	18	32	0,2	195	12	49	1022	0	0	3	0,1	31	79	197	126	0,8
20/12/2024	19	49	0,1	84	9,2	60	1023	0	0	3	0,1	88	77	259	211	0,7
20/12/2024	20	56	0,1	91	8,4	64	1024	0	0	3	0,1	90	72	299	210	0,6
20/12/2024	21	49	0,1	4	8,5	61	1024	0	0	3	0,1	92	83	235	225	0,5
20/12/2024	22	18	0,1	339	7,8	61	1024	0	0	3	0,1	20	72	61	102	0,5
20/12/2024	23	10	0,1	36	6,9	64	1025	0	0	3	0,1	4	41	29	47	0,3
21/12/2024	00	10	0,1	60	6	68	1025	0	0	3	0,1	7	37	42	47	0,3
21/12/2024	01	5	0,1	131	6,7	62	1025	0	0	3	0,1	3	14	19	18	0,5
21/12/2024	02	5	0,1	211	6,5	63	1025	0	0	3		3	8	15	13	0,4
21/12/2024	03	3	0,1	223	5,7	66	1025	0	0	3		2	9	7	12	0,7
21/12/2024	04	3	0,2	259	5,3	66	1026	0	0	3		3	9	7	13	1
21/12/2024	05	3	0,1	259	5,2	67	1026	0	0	3		3	7	11	11	1,1
21/12/2024	06	4	0,2	242	5	69	1026	0	0	3		3	9	15	13	0,8
21/12/2024	07	6	0,1	205	4,3	73	1027	0	0	3		5	25	28	32	0,3
21/12/2024	08	19	0,1	239	4,1	74	1027	0	0	3		31	57	107	104	0,3
21/12/2024	09	34	0,1	217	6,4	65	1028	16	0	3		32	43	177	93	0,4
21/12/2024	10	20	0,1	193	9,6	55	1028	231	0	3	0,1	13	25	104	44	0,4
21/12/2024	11	22	0,1	161	12,1	50	1028	354	0	3	0,1	21	31	99	63	0,5
21/12/2024	12	19	0,2	164	14,3	42	1027	404	0	3	0,1	12	26	93	45	1,2
21/12/2024	13	20	0,3	151	16	37	1026	353	0	3	0,1	12	22	112	41	1,6
21/12/2024	14	16	0,5	135	16,2	38	1026	275	0	3	0,1	10	18	86	34	1,9
21/12/2024	15	13	0,7	131	15,3	40	1025	66	0	3	0,1	8	17	63	29	2,2
21/12/2024	16	13	0,4	132	14,6	42	1025	4	0	3	0,1	13	23	67	42	1,4
21/12/2024	17	22	0,3	144	12,9	49	1025	0	0	3	0,1	18	42	123	70	1,1
21/12/2024	18	22	0,2	182	11,3	60	1026	0	0	3	0,1	15	45	122	67	1
21/12/2024	19	27	0,1	288	9,2	67	1026	0	0	3	0,1	13	64	120	84	0,4
21/12/2024	20	30	0,1	291	7,3	72	1026	0	0	3	0,1	24	56	101	93	0,3
21/12/2024	21	27	0,1	279	6,9	71	1026	0	0	3	0,1	11	47	98	63	0,3
21/12/2024	22	21	0,1	332	6	74	1026	0	0	3	0,1	7	38	50	48	0,3
21/12/2024	23	20	0,1	199	5,5	77	1026	0	0	3	0,1	9	36	67	51	0,3
22/12/2024	00	15	0,1	206	6,4	72	1026	0	0	3	0,1	6	30	52	40	0,5
22/12/2024	01	12	0,1	227	6,9	69	1026	0	0	3	0,1	3	22	39	26	1,1
22/12/2024	02	4	0,4	253	8,7	60	1026	0	0	3	0,1	3	6	13	10	2,1
22/12/2024	03	3	0,2	232	7,9	64	1026	0	0	3	0,1	2	5	10	8	0,8
22/12/2024	04	3	0,2	221	7,3	66	1025	0	0	3	0,1	2	4	6	7	0,9
22/12/2024	05	6	0,1	216	6,6	69	1025	0	0	3	0,1	3	8	23	12	0,6
22/12/2024	06	5	0,1	199	6,2	71	1024	0	0	3	0,1	3	11	10	15	0,4
22/12/2024	07	7	0,1	193	5,9	72	1024	0	0	3	0,1	9	24	30	37	0,3
22/12/2024	08	14	0,1	251	7,6	63	1025	0	0	3	0,1	28	46	78	88	1,2
22/12/2024	09	14	0,5	245	9,7	55	1025	15	0	3	0,1	12	22	83	40	2,3
22/12/2024	10	10	0,5	251	12,8	47	1024	228	0	3	0,1	5	10	58	19	2,5
22/12/2024	11	11	1,1	257	15,3	41	1024	337	0	3	0,1	6	11	62	20	3,4
22/12/2024	12	10	1,1	250	18,4	35	1023	389	0	3	0,1	6	10	52	19	3,9
22/12/2024	13	9	1,8	248	18,6	35	1021	266	0	3	0,1	6	10	48	19	5,1
22/12/2024	14	12	1,3	256	20,4	33	1019	237	0	3	0,1	6	9	60	19	4,7
22/12/2024	15	9	2,3	260	19,7	34	1018	73	0	3	0,1	7	9	54	20	6,9
22/12/2024	16	7	1,9	259	19,5	35	1018	8	0	3	0,1	6	10	38	19	6,3
22/12/2024	17	10	0,8	255	18,7	38	1017	0	0	3	0,1	6	20	51	30	3,1
22/12/2024	18	8	1,2	265	17,3	40	1016	0	0	3	0,1	4	15	45	20	4
22/12/2024	19	6	2,1	262	17,5	37	1017	0	0	3	0,1	3	10	32	15	6,3
22/12/2024	20	5	2,9	269	16,9	37	1017	0	0	3	0,1	3	8	26	13	7,4
22/12/2024	21	4	1,7	269	16,1	38	1017	0	0	3	0,1	3	8	17	13	5
22/12/2024	22	3	2,3	272	15,3	41	1017	0	0	3	0,1	3	7	9	12	6
22/12/2024	23	3	0,3	341	14,1	45	1018	0	0	3	0,1	3	7	8	12	2
23/12/2024	00	4	0,1	212	12,4	52	1017	0	0	3	0,1	3	9	14	13	0,4
23/12/2024	01	3	1,2	264	12,4	52	1017	0	0	3	0,1	3	8	6	12	3,9
23/12/2024	02	3	1,2	264	12,4	51	1018	0	0	3	0,1	2	5	5	9	5,4
23/12/2024	03	5	1	245	13,4	44	1018	0	0	3	0,1	3	5	24	9	5,5
23/12/2024	04	16	1,2	245	13,7	40	1018	0	0	3	0,1	3	4	129	10	7,7
23/12/2024	05	36	2,5	270	14	37	1018	0	0	3	0,1	3	4	296	9	9,9
23/12/2024	06	18	2,3	253	13,2	40	1018	0	0	3	0,1	3	7	137	11	9,7
23/12/2024	07	40	5	284	13,6	36	1018	0	0	3	0,1	3	7	314	12	15,7
23/12/2024	08	10	2,1	274	13	38	1019	0	0	3	0,1	5	14	64	21	9,5
23/12/2024	09	10	1,6	252	13	39	1020	3	0	3	0,1	5	21	71	28	8
23/12/2024	10	10	1,1	243	14	38	1020	139	0	3	0,1	9	22	60	36	7,2
23/12/2024	11	12	1,7	258	15,2	35	1020	312	0	3	0,1	7	15	78	26	7,1
23/12/2024	12	14	3,3	293	15,6	31	1019	263	0	3	0,1	4	7	101	13	12
23/12/2024	13	20	3,9	305	15,9	30	1018	290	0	3	0,1	4	8	158	14	13,7
23/12/2024	14	14	3,6	348	16,5	29	1018	270	0	3	0,1	4	8	101	14	13
23/12/2024	15	8	2,7	346	16,4	29	1018	88	0	3	0,1	4	8	49	14	9,5
23/12/2024	16	5	1,8	331	16,2	28	1018	13	0	3	0,1	4	10	22	16	7,6
23/12/2024	17	5	0,9	332	15,1	29	1019	0	0	3	0,1	4	15	23	21	4,2
23/12/2024	18	6	1,6	320	14,1	31	1019	0	0	3	0,1	4	16	30	22	7,4
23/12/2024	19	5	0,6	28	13,5	33	1020	0	0	3	0,1	3	20	20	26	3,5
23/12/2024	20	4	1,2	342	13,1	34	1020	0	0	3	0,1	3	14	15	18	5,8
23/12/2024	21	3	0,8	26	12,4	38	1020	0	0	3	0,1	3	10	13	14	4,2
23/12/2024	22	5	0,1	63	10,8	43	1021	0	0	3		2	18	22	21	0,8
23/12/2024	23	6	0,1	256	9,6	47	1022	0	0	3		3	18	19	23	1
24/12/2024	00	5	0,2	317	8,2	52	1022	0	0	3		3	15	12	19	0,7
24/12/2024	01	6	0,1	168	7,1	57	1022	0	0	3		3	13	16	18	0,4
24/12/2024	02	5	0,1	224	6,7	59	1022	0	0	3		2	12	14	15	0,6
24/12/2024	03	3	0,2	236	6,9	58	1022	0	0	3		3	7	9	11	1
24/12/2024	04	3	0,1	75	6,2	61	1022	0	0	3		2	6	5	10	0,7
24/12/2024	05	4	0,1	112	5,4	66	1022	0	0	3		2	9	11	13	0,4
24/12/2024	06	9	0,1	169	5	68	1022	0	0	3		4	40	30	47	0,4
24/12/2024	07		0,1	197	5,1	67	1022	0	0,1							0,6
24/12/2024	08		0,1	202	4,3	72	1023	0	0							0,5
24/12/2024	09	30	0,1	175	7,5	62	1024	10	0	3		71	68	171	176	0,7
24/12/2024	10	23	0,1	199	10,5	53	1024	220	0	3	0,1	26	43	97	83	0,8
24/12/2024	11	38	0,6	231	14,9	41	1023	352	0	3	0,1	12	23	290	42	2,1
24/12/2024	12	30	0,9	241	18	34	1021	409	0	3	0,1	8	16	222	28	3,2
24/12/2024	13	18	1	219	18,9	34	1020	353	0	3	0,1	10	17	107	32	2,9
24/12/2024	14	13	0,8	195	19,4	34	1020	293	0	3	0,1	9	17	65	30	2,9
24/12/2024	15	10	0,6	180	19,5	34	1019	80	0	3	0,1	6	20	54	29	2,2
24/12/2024	16	11	0,2	183	19,4	35	1019	9	0	3	0,1	12	24	54	43	0,9
24/12/2024	17	16	0,2	126	16	53	1020	0	0	3	0,1	5	30	87	37	0,7
24/12/2024	18	36	0,1	127	13	65	1020	0	0	3	0,1	15	65	193	87	0,4
24/12/2024	19	44	0,1	223	11,4	69	1020	0	0	3	0,1	50	67	201	143	0,4
24/12/2024	20	40	0,1	210	10,4	73	1021	0	0	3	0,1	57	58	159	145	0,4
24/12/2024	21	31	0,1	139	9,2	77	1021	0	0	3	0,1	46	52	104	122	0,4
24/12/2024	22	29	0,1	149	8,9	78	1022	0	0	3	0,1	17	45	59	70	0,4
24/12/2024	23	26	0,1	274	8,5	78	1022	0	0	3	0,1	13	40	53	60	0,4
25/12/2024	00	18	0,1	219	8,2	79	1022	0	0	3	0,1	6	33	49	43	0,4
25/12/2024	01	22	0,1	190	7,8	80	1022	0	0	3	0,1	11	37	59	53	0,4
25/12/2024	02	11	0,1	198	8,7	77	1022	0	0	3	0,1	4	24	32	30	0,4
25/12/2024	03	10	0,1	225	7,7	81	1022	0	0	3	0,1	3	28	23	33	0,4
25/12/2024	04	10	0,1	221	6,8	83	1022	0	0	3	0,1	3	27	20	33	0,4
25/12/2024	05	10	0,1	201	6,2	84	1022	0	0	3	0,1	4	21	21	27	0,3
25/12/2024	06	7	0,1	216	7,1	81	1023	0	0	3	0,1	3	13	13	18	0,4
25/12/2024	07	8	0,1	179	6,5	82	1023	0	0	3	0,1	3	13	16	18	0,4
25/12/2024	08	13	0,1	250	5,4	85	1024	0	0	3	0,1	4	18	25	25	0,3
25/12/2024	09	12	0,1	290	7,6	79	1025	12	0	3	0,1	11	22	33	38	0,4
25/12/2024	10	8	0,1	4	11,9	67	1025	219	0	3	0,1	9	18	22	31	0,5
25/12/2024	11	10	0,2	101	15,7	58	1026	342	0	3	0,1	12	24	51	42	0,9
25/12/2024	12	12	0,7	84	18,1	66	1025	399	0	3	0,1	6	16	69	25	3,3
25/12/2024	13	9	0,6	72	17,9	65	1025	260	0	3	0,1	5	12	51	19	3,1
25/12/2024	14	7	0,3	85	18	65	1025	250	0	3	0,1	5	8	27	15	2,2
25/12/2024	15	7	0,3	103	17,3	69	1025	40	0	3	0,1	5	11	29	18	1,8
25/12/2024	16	10	0,9	121	16,5	73	1025	24	0	3	0,1	9	18	53	33	2,8
25/12/2024	17	9	0,8	129	14,9	80	1025	0	0	3	0,1	3	11	36	16	2,8
25/12/2024	18	12	0,2	137	14,3	79	1025	0	0	3	0,1	5	16	59	24	0,9
25/12/2024	19	12	0,1	137	14,1	79	1025	0	0	3	0,1	4	22	59	27	0,6
25/12/2024	20	13	0,1	149	13,7	80	1025	0	0	3	0,1	3	32	56	38	0,4
25/12/2024	21	14	0,1	121	13,1	83	1025	0	0	3	0,1	4	38	49	44	0,4
25/12/2024	22	11	0,1	303	12,4	85	1025	0	0	3	0,1	4	34	31	40	0,4
25/12/2024	23	12	0,1	60	10,9	90	1025	0	0	3	0,1	4	33	32	40	0,4
26/12/2024	00	17	0,1	126	9,6	93	1025	0	0	3	0,1	7	34	51	44	0,4
26/12/2024	01	16	0,1	198	9,2	94	1025	0	0	3	0,1	4	20	32	27	0,4
26/12/2024	02	12	0,1	209	8,8	94	1025	0	0	3	0,1	3	20	20	25	0,5
26/12/2024	03	12	0,1	236	8,2	94	1025	0	0	3	0,1	3	13	16	17	0,4
26/12/2024	04	9	0,1	5	7,3	94	1025	0	0	3	0,1	3	11	13	15	0,4
26/12/2024	05	11	0,1	35	6,8	95	1025	0	0	3	0,1	5	14	25	22	0,3
26/12/2024	06	13	0,1	209	7,9	94	1025	0	0	3	0,1	9	23	37	37	0,4
26/12/2024	07	11	0,1	203	8,7	90	1025	0	0	3	0,1	19	29	37	59	0,4
26/12/2024	08	27	0,1	206	9,3	89	1026	0	0	3	0,1	91	43	141	183	0,4
26/12/2024	09	30	0,1	200	10,3	87	1026	0	0	3	0,1	74	43	177	156	0,4
26/12/2024	10	31	0,1	145	12,3	81	1026	30	0	3	0,1	55	43	158	127	0,4
26/12/2024	11	28	0,1	188	14,2	76	1026	79	0	3	0,1	36	47	142	101	0,5
26/12/2024	12	29	0,2	152	15,5	71	1026	119	0	3	0,1	24	40	140	76	0,7
26/12/2024	13	29	0,2	143	17,3	64	1025	306	0	3	0,1	26	40	112	79	1
26/12/2024	14	18	0,6	161	17,1	60	1024	272	0	3	0,1	10	19	79	34	2,2
26/12/2024	15	12	1	143	16,4	62	1024	58	0	3	0,1	7	14	49	25	2,7
26/12/2024	16	14	0,9	142	15,8	59	1024	11	0	3	0,1	9	18	68	31	2,5
26/12/2024	17	18	0,3	131	14,5	67	1024	0	0	3	0,1	15	34	103	57	1,1
26/12/2024	18	24	0,1	132	12,3	80	1025	0	0	3	0,1	9	54	138	68	0,4
26/12/2024	19	29	0,1	178	11,1	85	1025	0	0	3	0,1	32	62	139	111	0,4
26/12/2024	20	30	0,1	253	10,4	86	1026	0	0	3	0,1	30	59	111	104	0,5
26/12/2024	21	22	0,1	299	9,3	89	1026	0	0	3	0,1	18	51	66	78	0,4
26/12/2024	22	19	0,1	353	8,6	91	1026	0	0	3	0,1	22	49	57	82	0,4
26/12/2024	23	21	0,1	51	8,5	91	1027	0	0	3		21	51	45	82	0,4
27/12/2024	00	18	0,1	353	7,7	92	1027	0	0	3		11	45	32	62	0,4
27/12/2024	01	16	0,1	87	7,2	94	1027	0	0	3		5	32	26	40	0,3
27/12/2024	02	13	0,1	121	7	94	1027	0	0	3		3	20	19	24	0,4
27/12/2024	03	11	0,1	206	6,8	95	1027	0	0	3		2	14	16	18	0,4
27/12/2024	04	11	0,1	158	6,1	95	1027	0	0	3		3	13	23	17	0,3
27/12/2024	05	10	0,1	250	6,3	96	1027	0	0	3		3	12	25	16	0,4
27/12/2024	06	15	0,1	46	5,8	96	1027	0	0	3		12	29	55	47	0,3
27/12/2024	07	24	0,1	204	5,7	96	1028	0	0	3		47	40	115	112	0,4
27/12/2024	08	30	0,1	353	5,5	95	1028	0	0	3		83	47	125	175	0,3
27/12/2024	09	34	0,1	16	6,8	93	1028	0	0	3		70	52	160	160	0,4
27/12/2024	10	31	0,1	354	9	86	1028	22	0	3	0,1	28	47	73	90	1
27/12/2024	11	34	0,1	49	11,3	79	1028	13	0	3		50	57	181	133	0,8
27/12/2024	12	46	0,2	159	11	83	1028	0	0	3		67	51	255	155	0,7
27/12/2024	13	35	0,1	188	11,1	87	1027	0	0	3	0,1	77	61	115	179	0,6
27/12/2024	14	30	0,1	200	11,6	89	1026	0	0	3	0,1	55	58	43	142	0,4
27/12/2024	15	26	0,1	203	13,1	86	1026	0	0	3	0,1	35	56	36	110	0,4
27/12/2024	16	17	0,1	190	13	87	1026	0	0	3	0,1	25	53	31	90	0,4
27/12/2024	17	27	0,1	133	11,1	92	1026	0	0	3	0,1	110	63	90	231	0,4
27/12/2024	18	32	0,1	230	9,5	96	1027	0	0	3	0,1	178	64	112	337	0,4
27/12/2024	19	26	0,1	213	8,8	94	1027	0	0	3	0,1	59	50	82	140	0,4
27/12/2024	20	31	0,1	10	8,5	93	1027	0	0	3	0,1	55	53	89	137	0,4
27/12/2024	21	27	0,1	133	7,9	93	1028	0	0	3	0,1	33	51	54	102	0,4
27/12/2024	22	32	0,1	271	7	95	1028	0	0	3	0,1	47	42	73	114	0,4
27/12/2024	23	25	0,1	31	6,5	95	1028	0	0	3	0,1	23	42	42	78	0,4
28/12/2024	00	25	0,1	43	6,3	95	1028	0	0	3	0,1	14	35	42	56	0,3
28/12/2024	01	20	0,1	76	7,5	94	1027	0	0	3	0,1	5	29	29	36	0,4
28/12/2024	02	20	0,1	107	7,9	92	1027	0	0	3	0,1	3	24	28	29	0,4
28/12/2024	03	16	0,1	104	8	92	1027	0	0	3	0,1	3	19	23	23	0,4
28/12/2024	04	14	0,1	164	8,2	91	1027	0	0	3	0,1	3	18	22	22	0,4
28/12/2024	05	13	0,1	145	8	92	1027	0	0	3	0,1	4	16	25	22	0,4
28/12/2024	06	12	0,1	142	7,3	92	1027	0	0	3	0,1	4	21	25	28	0,3
28/12/2024	07	15	0,1	250	7,3	90	1027	0	0	3	0,1	7	29	36	39	0,4
28/12/2024	08	20	0,1	306	7,2	89	1027	0	0	3	0,1	48	39	57	112	0,3
28/12/2024	09	21	0,1	265	8,2	84	1028	0	0	3	0,1	44	43	93	111	0,4
28/12/2024	10	27	0,1	270	10	76	1028	56	0	3	0,1	24	39	134	76	0,7
28/12/2024	11	18	0,1	294	12,8	61	1028	305	0	3	0,1	8	17	94	29	0,9
28/12/2024	12	25	0,1	198	16,2	51	1027	378	0	3	0,1	6	15	154	24	0,7
28/12/2024	13	16	0,1	205	17,3	46	1026	327	0	3	0,1	6	11	72	19	1,1
28/12/2024	14	14	1	144	16,6	51	1025	256	0	3	0,1	7	16	50	26	2,7
28/12/2024	15	9	1,5	140	15,4	54	1024	72	0	3	0,1	4	9	34	15	3,5
28/12/2024	16	8	1	134	14,8	57	1024	8	0	3	0,1	5	11	30	18	3
28/12/2024	17	12	0,4	146	13,3	66	1024	0	0	3	0,1	19	21	65	50	1,6
28/12/2024	18	16	0,1	182	11,8	76	1025	0	0	3	0,1	5	33	73	40	0,5
28/12/2024	19	24	0,1	242	10,1	82	1025	0	0	3	0,1	4	53	79	60	0,5
28/12/2024	20	26	0,1	248	8,6	86	1025	0	0	3	0,1	14	49	76	70	0,5
28/12/2024	21	24	0,1	34	7,4	89	1026	0	0	3	0,1	6	46	58	55	0,4
28/12/2024	22	22	0,1	13	6,9	90	1026	0	0	3	0,1	6	47	50	55	0,4
28/12/2024	23	21	0,1	215	6,3	91	1026	0	0	3	0,1	5	39	41	46	0,3
29/12/2024	00	19	0,1	304	5,6	92	1026	0	0	3		5	33	33	40	0,3
29/12/2024	01	19	0,1	223	5,1	92	1026	0	0	3		3	24	31	29	0,3
29/12/2024	02	17	0,1	211	4,4	93	1026	0	0	3		5	26	31	33	0,3
29/12/2024	03	15	0,1	218	4,2	93	1026	0	0	3		3	22	24	28	0,3
29/12/2024	04	12	0,1	273	3,9	90	1026	0	0	3		3	15	17	19	0,3
29/12/2024	05	9	0,1	320	3,5	89	1026	0	0	3		3	10	13	14	0,3
29/12/2024	06	8	0,1	314	3,3	89	1026	0	0	3		2	12	13	15	0,3
29/12/2024	07	9	0,1	286	3	91	1026	0	0	3		5	19	20	26	0,3
29/12/2024	08	11	0,1	249	3,1	90	1027	0	0	4		88	65	41	201	0,3
29/12/2024	09	13	0,1	300	4,8	83	1027	7	0	3		31	37	57	85	0,4
29/12/2024	10	12	0,1	252	8,9	71	1027	182	0	3	0,1	10	23	45	38	0,4
29/12/2024	11	11	0,1	213	12,3	59	1027	325	0	3	0,1	7	11	47	21	0,5
29/12/2024	12	10	0,1	81	14,8	51	1026	382	0	3	0,1	4	10	33	16	0,7
29/12/2024	13	11	0,2	92	16	49	1025	334	0	3	0,1	6	16	35	24	0,7
29/12/2024	14	15	0,3	139	16,3	49	1024	278	0	3	0,1	7	19	57	30	1,3
29/12/2024	15	13	0,5	127	15,4	53	1024	77	0	3	0,1	8	19	43	30	1,6
29/12/2024	16	16	0,5	112	14,3	58	1024	13	0	3	0,1	14	25	71	46	1,7
29/12/2024	17	21	0,3	125	12,4	67	1024	0	0	3	0,1	14	27	109	48	1,2
29/12/2024	18	18	0,1	96	9,8	78	1025	0	0	3	0,1	6	49	77	59	0,4
29/12/2024	19	25	0,1	304	8	84	1025	0	0	3	0,1	17	61	95	86	0,4
29/12/2024	20	19	0,1	348	7,3	86	1026	0	0	3	0,1	19	58	57	87	0,4
29/12/2024	21	24	0,1	26	6,6	88	1026	0	0	3	0,1	16	54	58	78	0,3
29/12/2024	22	23	0,1	43	6,4	88	1026	0	0	3	0,1	6	42	46	52	0,4
29/12/2024	23	22	0,1	56	6,2	88	1027	0	0	3	0,1	3	30	33	34	0,3
30/12/2024	00	21	0,1	48	6,4	87	1027	0	0	3	0,1	4	25	32	30	0,5
30/12/2024	01	16	0,1	12	6,7	85	1027	0	0	3	0,1	3	18	25	22	0,5
30/12/2024	02	13	0,1	33	6	86	1027	0	0	3	0,1	2	14	18	18	0,6
30/12/2024	03	13	0,1	57	5,5	87	1027	0	0	3	0,1	2	13	18	17	0,4
30/12/2024	04	13	0,1	166	6	85	1027	0	0	3	0,1	2	14	18	18	0,3
30/12/2024	05	14	0,1	152	5,7	86	1027	0	0	3	0,1	3	15	23	19	0,3
30/12/2024	06	16	0,1	115	4,7	91	1027	0	0	3	0,1	3	20	38	25	0,3
30/12/2024	07	21	0,1	148	4,6	91	1027	0	0	3	0,1	24	40	77	76	0,4
30/12/2024	08	34	0,1	340	4,4	91	1028	0	0	4	0,1	86	51	178	182	0,3
30/12/2024	09	29	0,1	252	5,9	86	1028	7	0	3	0,1	63	49	143	145	0,7
30/12/2024	10	21	0,2	261	9,5	73	1028	180	0	3	0,1	13	26	111	46	0,9
30/12/2024	11	20	0,2	211	12,5	63	1028	310	0	3	0,1	13	21	93	41	0,7
30/12/2024	12	20	0,1	161	15,4	54	1027	367	0	3	0,1	10	21	87	36	0,6
30/12/2024	13	26	0,1	154	16,8	51	1026	322	0	3	0,1	7	17	136	27	0,8
30/12/2024	14	16	0,1	123	16,9	50	1025	272	0	3	0,1	6	15	74	24	0,8
30/12/2024	15	14	0,8	141	15,4	58	1025	69	0	3	0,1	5	15	56	23	2,4
30/12/2024	16	10	1,1	141	14,2	65	1025	10	0	3	0,1	7	16	36	27	3
30/12/2024	17	21	0,4	120	12,9	72	1025	0	0	3	0,1	13	34	102	53	1,6
30/12/2024	18	29	0,1	133	10,6	82	1025	0	0	3	0,1	5	52	138	60	0,4
30/12/2024	19	41	0,1	262	9,3	86	1025	0	0	3	0,1	43	78	163	143	0,4
30/12/2024	20	31	0,1	312	8,1	89	1026	0	0	3	0,1	19	64	83	93	0,4
30/12/2024	21	27	0,1	341	7,5	90	1026	0	0	3	0,1	28	63	70	106	0,5
30/12/2024	22	24	0,1	13	7,1	90	1027	0	0	3	0,1	20	59	49	90	0,4
30/12/2024	23	22	0,1	21	6,6	91	1027	0	0	3	0,1	5	40	33	47	0,4
31/12/2024	00	21	0,1	66	6,5	91	1027	0	0	3	0,1	2	26	29	29	0,4
31/12/2024	01	19	0,1	58	6,7	91	1027	0	0	3	0,1	3	21	28	25	0,4
31/12/2024	02	18	0,1	53	7,3	89	1026	0	0	3	0,1	3	18	27	22	0,4
31/12/2024	03	19	0,1	29	7,3	89	1027	0	0	3	0,1	3	15	24	19	0,5
31/12/2024	04	18	0,1	355	7,5	88	1026	0	0	3	0,1	3	16	25	20	0,5
31/12/2024	05	16	0,1	30	7,6	87	1026	0	0	3	0,1	3	14	21	18	0,4
31/12/2024	06	17	0,1	327	7,8	86	1027	0	0	3	0,1	3	17	26	22	0,6
31/12/2024	07	15	0,1	352	7,9	86	1027	0	0	3		3	27	30	32	0,7
31/12/2024	08	13	0,2	16	7,8	84	1027	0	0	3	0,1	5	36	32	44	0,7
31/12/2024	09	10	0,2	342	7,1	94	1027	0	0	3	0,1	7	38	16	49	1,2
31/12/2024	10	14	0,2	345	7,7	95	1028	1	0	3	0,2	16	43	18	68	1,2
31/12/2024	11	13	0,3	328	7,7	96	1028	0	0	3	0,3	16	43	17	68	1,3
31/12/2024	12	11	0,1	146	8,3	95	1028	2	0	3	0,2	17	41	15	67	0,6
31/12/2024	13	12	0,1	21	9,9	92	1027	55	0	3	0,2	11	36	16	53	0,8
31/12/2024	14	13	0,2	26	11,7	83	1026	222	0	3	0,1	11	33	17	50	1,6
31/12/2024	15	13	0,1	35	12,6	78	1026	45	0	3	0,1	7	27	18	38	1
31/12/2024	16	15	0,1	29	12,3	81	1026	1	0	3	0,1	6	32	25	41	0,5
31/12/2024	17	11	0,1	44	11,6	85	1026	0	0	3	0,1	4	24	18	31	0,5
31/12/2024	18	10	0,2	67	11,6	88	1026	0	0	3	0,1	3	30	25	35	0,8
31/12/2024	19	10	0,2	65	11,9	88	1026	0	0	3	0,1	3	35	13	40	1,7
31/12/2024	20	5	0,8	259	9,3	92	1027	0	0	3	0,1	3	11	9	16	2,7
31/12/2024	21	5	0,1	323	9,1	95	1027	0	0	3	0,1	3	10	7	14	1
31/12/2024	22	6	0,1	153	9,2	95	1027	0	0	3	0,1	3	11	7	15	0,5
31/12/2024	23	7	0,1	224	9,2	96	1028	0	0	3	0,1	2	9	8	12	0,5
