Red: Estaciones dadas de baja
Estación: 03009003-Oliver
	
FECHA	HORA	SO2	PST	CO	NO	NO2	NOx	O3
		µg/m³	µg/m³	mg/m³	µg/m³	µg/m³	µg/m³	µg/m³
01/01/2003	00	8.5	37	0.2	8	11	22	63
01/01/2003	01	8	23	0.3	12	14	32	59
01/01/2003	02	6	22	0.3	11	20	36	62
01/01/2003	03	5.75	25	0.3	14	19	40	62
01/01/2003	04	5.25	30	0.2	10	14	30	67
01/01/2003	05	5	20	0.1	10	12	26	69
01/01/2003	06	5	22	0.2	10	12	27	67
01/01/2003	07	4.25	28	0.2	12	14	31	64
01/01/2003	08	4.75	43	0.7	13	13	33	63
01/01/2003	09	4.5	31	0.1	17	14	39	65
01/01/2003	10	4	33	0.1	12	12	30	61
01/01/2003	11	4.5	38	0.1	18	20	48	62
01/01/2003	12	5	28	0.2	9	21	35	64
01/01/2003	13	5.25	15	0.4	14	27	48	58
01/01/2003	14	6.75	23	0.2	11	17	34	61
01/01/2003	15	5.5	47	0.1	7	11	21	64
01/01/2003	16	5.25	21	0.1	6	8	17	66
01/01/2003	17	4.75	18	0.2	8	15	28	58
01/01/2003	18	6	28	0.4	18	26	53	48
01/01/2003	19	5	30	0.4	8	30	42	36
01/01/2003	20		23					21
01/01/2003	21	5	40	0.6	14	32	54	48
01/01/2003	22	3.25	23	0.3	8	18	30	56
01/01/2003	23	3.25	28	0.3	7	20	31	45
02/01/2003	00	3	22	0.2	5	16	24	48
02/01/2003	01	3	20	0.2	9	19	32	44
02/01/2003	02	3	10	0.1	7	10	21	47
02/01/2003	03	3	24	0.1	5	10	18	39
02/01/2003	04	3	20	0.1	6	11	19	34
02/01/2003	05	3	13	0.1	7	12	21	29
02/01/2003	06	3	25	0.4	24	37	73	17
02/01/2003	07	3.75	24	0.6	44	58	125	14
02/01/2003	08	4.25	68	0.9	52	72	151	26
02/01/2003	09	6.5	44	1.2	103	87	244	20
02/01/2003	10	7.5	96	1	85	105	236	24
02/01/2003	11	4.5	123	0.4	42	45	109	55
02/01/2003	12	21	70	0.5	31	56	104	61
02/01/2003	13	28.5	66	0.7	32	52	101	62
02/01/2003	14	6.5	95	0.6	31	39	86	61
02/01/2003	15	4.75	61	0.3	23	43	78	64
02/01/2003	16	5	53	0.3	17	35	62	55
02/01/2003	17	5.5	29	0.5	37	60	117	37
02/01/2003	18	7.75	41	0.8	46	58	128	37
02/01/2003	19	5.75	44	1	40	58	119	40
02/01/2003	20	3.5	43	0.6	30	37	83	48
02/01/2003	21	3	26	0.3	15	22	45	57
02/01/2003	22	3	45	0.5	10	21	37	64
02/01/2003	23	3	34	0.1	9	17	29	68
03/01/2003	00	3	33	0.2	8	13	25	66
03/01/2003	01	3	35	0.2	7	12	22	67
03/01/2003	02	3	20	0.2	5	8	16	67
03/01/2003	03	3	14	0.3	4	7	14	70
03/01/2003	04	3	12	0.1	5	8	14	71
03/01/2003	05	3	9	0.2	10	25	40	58
03/01/2003	06	3	12	0.3	6	22	32	53
03/01/2003	07	3	15	0.5	9	34	48	40
03/01/2003	08	4.75	28	0.9	73	74	186	14
03/01/2003	09	5.5	121	1	80	76	198	12
03/01/2003	10	5	116	0.9	63	65	161	32
03/01/2003	11	3.5	59	0.4	25	38	75	49
03/01/2003	12	5	65	0.5	28	50	92	51
03/01/2003	13	4.5	67	0.7	26	43	83	54
03/01/2003	14	3.5	45	0.5	18	33	60	61
03/01/2003	15	4.75	54	0.3	16	39	64	59
03/01/2003	16	4.75	50	0.4	19	39	67	52
03/01/2003	17	5.75	54	0.5	33	50	101	41
03/01/2003	18	6.75	47	0.9	52	68	148	35
03/01/2003	19	6.25	50	1.1	55	91	175	28
03/01/2003	20		62					29
03/01/2003	21	5.25	54	0.8	37	71	129	36
03/01/2003	22	3.5	49	0.5	23	43	79	50
03/01/2003	23	3.75	31	0.3	11	25	41	67
04/01/2003	00	3	31	0.3	10	21	36	65
04/01/2003	01	3	45	0.2	11	22	39	72
04/01/2003	02	3	28	0.2	14	21	43	68
04/01/2003	03	3	13	0.2	12	24	42	64
04/01/2003	04	3	20	0.2	11	20	36	66
04/01/2003	05	3	28	0.3	8	18	31	66
04/01/2003	06	3	21	0.3	9	25	38	66
04/01/2003	07	3	37	0.2	15	29	51	64
04/01/2003	08	3	23	0.3	10	31	45	63
04/01/2003	09	3.25	23	0.8	26	58	97	51
04/01/2003	10	3	47	0.4	18	39	67	57
04/01/2003	11	3.5	29	0.5	25	44	82	55
04/01/2003	12	3.25	31	0.5	23	32	66	63
04/01/2003	13	3.75	48	0.5	25	44	82	64
04/01/2003	14	4	36	0.5	24	47	84	64
04/01/2003	15	3.25	34	0.2	11	24	40	74
04/01/2003	16	3	59	0.2	12	22	40	77
04/01/2003	17	3.25	67	0.3	13	28	48	73
04/01/2003	18	3.5	39	0.5	20	33	63	55
04/01/2003	19	6	43	0.5	26	40	79	47
04/01/2003	20	4.75	31	0.6	28	42	85	47
04/01/2003	21	3.75	41	1.1	40	68	129	34
04/01/2003	22	3	50	0.5	21	31	62	51
04/01/2003	23	3	15	0.2	11	18	36	65
05/01/2003	00	3	13	0.3	14	28	49	61
05/01/2003	01	3	35	0.4	15	29	52	55
05/01/2003	02	3	23	0.6	19	29	58	49
05/01/2003	03	3	20	0.3	14	28	49	46
05/01/2003	04	3	28	0.5	13	25	44	46
05/01/2003	05	3	20	0.4	11	29	46	39
05/01/2003	06	3	22	0.3	12	20	37	39
05/01/2003	07	3	20	0.3	11	18	34	38
05/01/2003	08	3	17	0.4	12	16	35	36
05/01/2003	09	3	20	0.2	22	34	68	38
05/01/2003	10	3	33	0.4	16	29	54	53
05/01/2003	11	3	35	0.4	18	29	56	59
05/01/2003	12	3	25	0.6	35	46	99	57
05/01/2003	13	3	15	0.6	30	41	87	54
05/01/2003	14	4.25	23	0.7	28	51	93	53
05/01/2003	15	6.25	40	0.3	18	32	59	62
05/01/2003	16	4	30	0.2	15	30	52	66
05/01/2003	17	3.75	21	0.4	18	38	65	59
05/01/2003	18	3.75	45	0.4	20	37	67	52
05/01/2003	19	4.25	41	0.7	27	41	83	50
05/01/2003	20		36					47
05/01/2003	21	5	34	0.9	29	68	113	37
05/01/2003	22	4.25	55	0.4	12	32	50	58
05/01/2003	23	4	30	0.2	8	20	32	69
06/01/2003	00	3.25	45	0.2	10	20	34	71
06/01/2003	01	3	31	0.3	10	21	35	73
06/01/2003	02	3	20	0.2	7	17	28	75
06/01/2003	03	3	3	0.3	10	22	38	72
06/01/2003	04	3.25	3	0.3	20	21	51	69
06/01/2003	05	3	22	0.3	16	22	46	71
06/01/2003	06	3	28	0.4	9	12	26	78
06/01/2003	07	3	23	0.2	12	26	44	80
06/01/2003	08	3	25	0.3	9	12	26	81
06/01/2003	09	3	18	0.1	9	12	25	83
06/01/2003	10	3	35	0.1	8	13	26	81
06/01/2003	11	3	23	0.2	15	25	48	76
06/01/2003	12	3	36	0.2	11	17	33	78
06/01/2003	13	3	38	0.3	21	24	57	74
06/01/2003	14	3.5	41	0.2	15	18	41	81
06/01/2003	15	3.25	26	0.2	10	17	31	80
06/01/2003	16	3.5	38	0.2	11	17	34	80
06/01/2003	17	3.5	36	0.3	19	16	45	77
06/01/2003	18	4.75	30	0.3	22	33	67	68
06/01/2003	19	3.5	23	0.3	17	23	49	73
06/01/2003	20	3.75	37	0.3	17	22	48	70
08/01/2003	14	3	55	0.5	26	27	66	66
08/01/2003	15	3	11	0.4	23	41	76	66
08/01/2003	16	4.25	30	0.5	37	65	121	47
08/01/2003	17	3.5	38	0.7	39	50	110	48
08/01/2003	18	4	44	0.7	38	64	123	47
08/01/2003	19	3.75	37	0.9	42	53	118	49
08/01/2003	20	3.5	41	0.8	29	54	98	38
08/01/2003	21	3.25	38	0.7	22	49	83	42
08/01/2003	22	3	35	0.5	12	36	55	51
08/01/2003	23	3	11	0.3	11	18	35	65
09/01/2003	00	3	27	0.3	11	15	32	67
09/01/2003	01	3	12	0.2	18	19	46	70
09/01/2003	02	3	9	0.2	8	9	20	73
09/01/2003	03	3	12	0.2	7	9	20	73
09/01/2003	04	3	7	0.2	8	9	21	74
09/01/2003	05	3	15	0.3	9	11	25	75
09/01/2003	06	3	35	0.2	8	14	27	73
09/01/2003	07	3	18	0.3	20	30	61	67
09/01/2003	08	3.5	37	0.6	23	52	88	57
09/01/2003	09	3.5	63	0.5	22	40	74	56
09/01/2003	10	3	31	0.5	25	34	71	52
09/01/2003	11	3.25	36	0.5	30	52	98	52
09/01/2003	12	3.5	39	0.5	37	55	111	47
09/01/2003	13	3.5	49	0.9	25	54	93	51
09/01/2003	14	3.5	44	1.1	39	59	118	44
09/01/2003	15	3.5	54	0.5	23	50	85	47
09/01/2003	16	3.25	68	0.6	27	49	91	49
09/01/2003	17	3.5	84	0.6	37	59	116	32
09/01/2003	18	3.25	47	0.6	24	54	91	38
09/01/2003	19	3.25	37	1	27	61	102	38
09/01/2003	20		41					32
09/01/2003	21	4	48	0.7	14	54	75	28
09/01/2003	22	3.75	34	0.6	15	33	57	43
09/01/2003	23	3.5	31	0.3	10	28	43	46
10/01/2003	00	3.5	41	0.4	11	21	38	52
10/01/2003	01	3.25	38	0.4	11	20	36	56
10/01/2003	02	3.75	21	0.4	11	14	30	59
10/01/2003	03	3	32	0.4	11	15	32	54
10/01/2003	04	3	20	0.3	11	14	31	50
10/01/2003	05	3	14	0.4	15	26	47	41
10/01/2003	06	3.25	2	0.5	18	25	52	36
10/01/2003	07	3.5	9	0.4	10	27	42	40
10/01/2003	08	3.75	24	0.6	8	31	43	37
10/01/2003	09	4	16	0.6	13	39	59	36
10/01/2003	10	3.75	32	0.4	6	28	38	44
10/01/2003	11	3.75	28	0.4	8	26	38	46
10/01/2003	12	3.75	20	0.7	9	29	43	46
13/01/2003	12	5.25	66	0.7	46	52	123	54
13/01/2003	13	6.17	78	1	51	84	161	49
13/01/2003	14	6.17	73	0.9	55	58	142	57
13/01/2003	15	5.17	72	0.7	35	57	110	56
13/01/2003	16	5.17	58	0.6	32	51	99	58
13/01/2003	17	6.67	73	1	69	82	187	37
13/01/2003	18	8	85	1.6	95	92	239	19
13/01/2003	19	7	116	1.3	65	69	168	27
13/01/2003	20	5.5	70	1	46	59	130	27
13/01/2003	21	3.83	61	0.6	18	42	70	34
13/01/2003	22	3.33	38	0.6	9	31	44	42
13/01/2003	23	3	30	0.4	4	12	18	48
14/01/2003	00	3	30	0.4	5	17	26	46
14/01/2003	01	3	15	0.3	5	13	21	50
14/01/2003	02	3	20	0.3	4	6	12	54
14/01/2003	03	3	20	0.3	4	6	12	55
14/01/2003	04	3	20	0.3	4	6	12	53
14/01/2003	05	3.17	16	0.9	5	10	17	45
14/01/2003	06	3	41	0.6	8	16	28	40
14/01/2003	07	3.67	46	0.9	30	45	91	31
14/01/2003	08	3.67	46	1.2	22	62	97	32
14/01/2003	09	5.67	101	1.4	79	78	199	23
14/01/2003	10	8.33	142	1.7	129	120	318	18
14/01/2003	11	9.17	147	1.7	117	132	312	21
14/01/2003	12	8.5	129	0.9	45	93	162	35
14/01/2003	13	6.5	114	0.9	51	64	143	55
14/01/2003	14	4.67	60	0.8	47	58	130	65
14/01/2003	15	3.33	56	0.7	35	48	101	71
14/01/2003	16	4	89	0.7	47	53	125	54
14/01/2003	17	5.5	97	0.9	72	92	202	23
14/01/2003	18	6.17	89	0.9	76	77	193	19
14/01/2003	19	6.5	99	1.1	68	83	188	21
14/01/2003	20	7.33	75	0.9	56	74	161	22
14/01/2003	21	8.33	49	1	50	67	144	22
14/01/2003	22	7	52	0.9	33	56	106	26
14/01/2003	23	3.83	41	0.5	7	32	43	36
15/01/2003	00	3.17	38	0.4	7	28	38	41
15/01/2003	01	3.33	36	0.4	12	49	67	40
15/01/2003	02	3	33	0.4	6	13	22	46
15/01/2003	03	3	28	0.3	4	10	17	47
15/01/2003	04	3	28	0.3	4	7	13	50
15/01/2003	05	3	30	0.5	6	16	25	47
15/01/2003	06	3	31	0.8	10	30	45	40
15/01/2003	07	3.33	38	0.8	32	55	105	32
15/01/2003	08	3.67	48	1.3	44	72	139	30
15/01/2003	09	5.33	108	1.5	80	87	209	24
15/01/2003	10	8.17	132	1.4	125	127	318	15
15/01/2003	11	8.17	87	1.2	85	86	216	33
15/01/2003	12	7.67	95	0.6	26	50	90	58
15/01/2003	13	7.5	55	0.7	28	48	91	64
15/01/2003	14	6.5	48	1.2	54	69	151	64
15/01/2003	15	5.17	85	0.6	34	57	109	66
15/01/2003	16	5.33	73	0.5	23	53	87	63
15/01/2003	17	5.5	66	0.6	43	77	143	48
15/01/2003	18	5	84	0.8	65	83	184	19
15/01/2003	19	4.83	75	1.2	65	65	166	23
15/01/2003	20		54					25
15/01/2003	21	5.2	47	0.8	31	56	103	26
15/01/2003	22	4.83	54	0.8	21	42	73	29
15/01/2003	23	3.33	41	0.5	6	25	34	36
16/01/2003	00	3	30	0.4	10	17	32	39
16/01/2003	01	3	20	0.3	8	18	30	40
16/01/2003	02	3	22	0.3	5	12	20	44
16/01/2003	03	3	16	0.3	4	5	12	47
16/01/2003	04	3	38	0.3	4	6	12	48
16/01/2003	05	3	31	0.4	4	6	13	45
16/01/2003	06	3.17	23	0.4	6	14	22	36
16/01/2003	07	3.5	31	0.5	19	41	70	24
16/01/2003	08	4.83	47	0.9	41	68	130	16
16/01/2003	09	4.33	70	1.1	41	65	127	15
16/01/2003	10	4.67	85	1.2	57	89	176	17
16/01/2003	11	5.33	113	1.3	60	89	182	15
16/01/2003	12	6.5	126	1.2	73	88	199	15
16/01/2003	13	5.67	125	0.9	20	79	110	29
16/01/2003	14	6.5	97	0.7	18	42	69	60
16/01/2003	15	7	76	0.7	30	50	96	59
16/01/2003	16	7.33	78	0.7	45	52	123	53
16/01/2003	17	7.83	63	0.8	29	90	133	37
16/01/2003	18	7	85	1.1	70	73	180	18
16/01/2003	19	6.67	110	1.3	63	81	178	18
16/01/2003	20	6.67	97	1.3	63	75	171	18
16/01/2003	21	6	75	0.8	31	47	95	27
16/01/2003	22	5.17	47	0.8	15	43	66	35
16/01/2003	23	3.67	46	0.5	9	26	40	39
17/01/2003	00	3.5	41	0.5	17	21	47	36
17/01/2003	01	3.5	49	0.3	14	19	41	39
17/01/2003	02	3.17	33	0.3	5	7	14	37
17/01/2003	03	3.5	33	0.2	4	9	15	40
17/01/2003	04	3.17	18	0.3	5	8	15	44
17/01/2003	05	3	28	0.3	4	11	18	47
17/01/2003	06	3.67	33	0.6	18	23	51	36
17/01/2003	07	4	39	0.6	29	42	86	27
17/01/2003	08	5.33	46	1	60	72	164	21
17/01/2003	09	6.83	45	1.4	99	78	229	20
17/01/2003	10	8	65	1	97	116	265	27
17/01/2003	11	9.17	68	1.2	104	108	268	38
17/01/2003	12	6.83	75	0.9	53	67	147	52
17/01/2003	13	8	57	0.9	39	58	118	62
17/01/2003	14	11.83	47	1.1	46	77	148	47
17/01/2003	15	13.5	67	0.6	52	64	142	49
17/01/2003	16	13.67	55	0.8	55	78	162	41
17/01/2003	17	13.33	70	1.1	73	88	201	30
17/01/2003	18	9.83	84	1.2	58	87	177	32
17/01/2003	19	7.83	74	1.4	71	103	213	26
17/01/2003	20		86					28
17/01/2003	21	10.4	78	1.5	39	82	143	36
17/01/2003	22	9	83	1.1	17	53	79	55
17/01/2003	23	5.83	45	0.5	8	36	47	63
18/01/2003	00	5.83	61	0.5	10	32	47	68
18/01/2003	01	5.83	42	0.5	16	32	56	70
18/01/2003	02	5.33	48	0.5	10	30	45	73
18/01/2003	03	5.17	33	0.5	7	23	34	73
18/01/2003	04	5	38	0.5	6	25	34	70
18/01/2003	05	4.83	29	0.6	8	29	40	65
18/01/2003	06	4.83	46	0.6	11	27	43	72
18/01/2003	07	4.5	41	0.5	11	30	47	70
18/01/2003	08	5.5	39	0.6	19	52	81	54
18/01/2003	09	5.33	52	0.9	17	58	84	53
18/01/2003	10	6.33	60	0.8	21	53	86	52
18/01/2003	11	6.83	62	0.8	22	60	94	60
18/01/2003	12	7.33	57	0.9	28	57	100	57
18/01/2003	13	11	62	1.2	32	82	131	53
18/01/2003	14	10.83	60	0.8	34	54	105	58
18/01/2003	15	8.33	60	0.5	8	32	45	74
18/01/2003	16	6.67	46	0.5	9	28	42	76
18/01/2003	17	7.17	29	0.7	20	50	81	56
18/01/2003	18	10.5	61	0.9	28	54	97	42
18/01/2003	19	8.33	41	0.7	19	50	79	50
18/01/2003	20	8.17	31	0.9	48	66	140	38
18/01/2003	21	10.33	49	1	35	71	125	46
18/01/2003	22	6.67	41	0.6	10	30	45	71
18/01/2003	23	5.17	38	0.5	9	20	34	68
19/01/2003	00	5.33	16	0.8	19	43	72	57
19/01/2003	01	6	30	1.4	39	61	121	38
19/01/2003	02	4.5	33	0.7	21	41	73	50
19/01/2003	03	4.33	28	0.9	20	47	77	50
19/01/2003	04	4.17	10	0.7	23	32	67	48
19/01/2003	05	4.33	25	1.1	16	52	77	47
19/01/2003	06	5	30	0.9	40	62	124	34
19/01/2003	07	4.17	23	0.7	7	29	39	54
19/01/2003	08	5	18	0.9	38	55	113	41
19/01/2003	09	5.17	48	0.5	7	33	44	68
19/01/2003	10	4.67	29	0.5	5	19	27	76
19/01/2003	11	5.33	36	0.7	11	27	44	75
19/01/2003	12	5.83	47	0.5	12	31	49	72
19/01/2003	13	5.5	50	0.6	10	27	42	75
19/01/2003	14	6.33	88	0.5	6	23	33	76
19/01/2003	15	6.5	88	0.4	4	14	20	79
19/01/2003	16	6.17	56	0.4	6	16	25	80
19/01/2003	17	6.67	13	0.5	5	23	31	77
19/01/2003	18	6.83	22	0.5	10	28	43	74
19/01/2003	19	7	26	0.5	13	32	52	75
19/01/2003	20		51					75
19/01/2003	21	4	31	0.5	7	22	33	71
19/01/2003	22	3	36	0.7	6	17	26	73
19/01/2003	23	3	23	0.5	4	9	16	74
20/01/2003	00	3	5	0.5	5	11	18	70
20/01/2003	01	3	25	0.4	6	19	28	69
20/01/2003	02	3	22	0.4	5	9	16	77
20/01/2003	03	3	15	0.4	5	8	16	76
20/01/2003	04	3	20	0.4	6	11	20	77
20/01/2003	05	3	20	0.4	6	12	21	78
20/01/2003	06	3	25	0.5	6	18	26	76
20/01/2003	07	4	16	1.3	24	41	77	51
20/01/2003	08	4.33	66	1	25	61	99	50
20/01/2003	09	4.33	42	0.7	24	47	84	64
20/01/2003	10	4.83	45	0.8	23	45	80	66
20/01/2003	11	4.83	76	0.6	12	37	55	74
20/01/2003	12	4.83	76	0.7	31	72	119	66
20/01/2003	13	5.17	63	0.9	24	54	90	71
20/01/2003	14	6.33	65	0.9	21	40	73	72
20/01/2003	15	8.67	45	0.7	25	51	90	66
20/01/2003	16	9.67	49	0.7	31	60	107	55
20/01/2003	17	8.33	47	0.9	34	68	120	44
20/01/2003	18	7.67	54	1.2	36	85	141	37
20/01/2003	19	6.33	52	1.2	43	73	138	42
20/01/2003	20	6.5	57	1.2	41	72	135	42
20/01/2003	21	5.33	56	0.8	15	44	67	58
20/01/2003	22	5.33	29	0.8	13	46	66	54
20/01/2003	23	3.33	38	0.4	7	11	22	80
21/01/2003	00	3	28	0.5	7	14	24	74
21/01/2003	01	4	23	0.4	14	14	36	74
21/01/2003	02	3.33	14	0.4	8	11	24	74
21/01/2003	03	3.67	15	0.4	6	11	21	73
21/01/2003	04	3.5	17	0.4	6	12	21	73
21/01/2003	05	3.5	28	0.4	8	16	28	66
21/01/2003	06	3.5	25	0.6	10	19	34	64
21/01/2003	07	3.67	20	0.7	21	39	71	66
21/01/2003	08	3.33	33	1	27	56	97	65
21/01/2003	09	3.67	36	0.8	31	39	86	68
21/01/2003	10	3.83	33	0.6	23	32	67	72
21/01/2003	11	3.83	31	0.5	19	26	55	78
21/01/2003	12	4.33	75	0.6	18	33	60	77
21/01/2003	13		66					
21/01/2003	14		75					
21/01/2003	15		31					
21/01/2003	16	4.33	82	0.3	13	27	46	81
21/01/2003	17	5.33	57	0.4	10	31	48	76
21/01/2003	18	5.67	34	0.5	11	34	51	71
21/01/2003	19	6.17	53	0.6	17	41	67	67
21/01/2003	20		34		12	34	52	65
21/01/2003	21	6.6	46	0.8	13	43	62	55
21/01/2003	22	5	46	0.3	10	28	43	68
21/01/2003	23	4	30	0.2	5	11	18	77
22/01/2003	00	3.33	17	0.2	4	8	15	80
22/01/2003	01	3.67	12	0.2	6	19	27	79
22/01/2003	02	3.5	14	0.2	4	9	16	82
22/01/2003	03	3.67	25	0.2	6	10	18	84
22/01/2003	04	3	17	0.1	5	7	14	84
22/01/2003	05	3.17	17	0.2	6	10	18	80
22/01/2003	06	3.67	17	0.3	9	27	41	71
22/01/2003	07	4	15	0.8	21	42	75	54
22/01/2003	08	4.83	23	0.6	42	66	131	49
22/01/2003	09	6.17	38	0.6	39	82	141	47
22/01/2003	10	6	61	0.5	24	57	94	58
22/01/2003	11	5.5	34	0.4	29	43	87	59
22/01/2003	12	4.67	44	0.3	13	34	54	69
22/01/2003	13	4.83	34	0.7	18	54	82	65
22/01/2003	14	5.17	44	0.8	18	45	73	63
22/01/2003	15	5.17	51	0.6	15	41	64	62
22/01/2003	16	7	34	0.6	26	70	110	47
22/01/2003	17	7.67	47	0.8	35	93	145	32
22/01/2003	18	6.5	107	0.6	16	61	86	38
22/01/2003	19	7.67	48	1.3	32	105	154	15
22/01/2003	20	9	54	1.4	44	89	156	21
22/01/2003	21	7	64	0.7	20	51	81	37
22/01/2003	22	4.5	41	0.5	12	25	43	57
22/01/2003	23	4	18	0.3	5	13	20	65
23/01/2003	00	3.5	17	0.3	5	12	20	70
23/01/2003	01	3.83	25	0.3	7	31	42	65
23/01/2003	02	3	33	0.3	6	14	23	68
23/01/2003	03	3	37	0.3	8	12	25	68
23/01/2003	04	3.33	10	0.2	9	15	30	62
23/01/2003	05	3	14	0.3	9	14	27	64
23/01/2003	06	3	28	0.5	9	19	32	59
23/01/2003	07	3.5	23	1.1	18	38	66	50
23/01/2003	08	5.17	30	0.9	52	84	163	33
23/01/2003	09	6.83	50	1.1	67	82	186	32
23/01/2003	10	5	87	0.5	36	43	98	55
23/01/2003	11	3.83	54	0.5	23	34	69	66
23/01/2003	12	3.33	24	0.4	19	32	61	72
23/01/2003	13	4.17	45	0.5	26	34	72	67
23/01/2003	14	3.5	21	0.5				75
23/01/2003	15	3.83	20	0.5	11	37	54	72
23/01/2003	16	4	36	0.6	23	41	77	69
23/01/2003	17	3.33	38	0.5	11	35	52	67
23/01/2003	18	4.17	38	0.7	16	45	69	56
23/01/2003	19	5.17	34	0.8	36	64	118	44
23/01/2003	20		64		25	69	107	41
23/01/2003	21	4	31	0.5	20	45	76	46
23/01/2003	22	3.67	36	0.4	21	39	71	41
23/01/2003	23	3	28	0.3	10	28	44	48
24/01/2003	00	3	15	0.4	12	29	46	47
24/01/2003	01	3	15	0.2	16	33	58	53
24/01/2003	02	3	27	0.2	5	17	25	58
24/01/2003	03	3.17	18	0.2	5	9	15	61
24/01/2003	04	3	30	0.2	4	6	12	59
24/01/2003	05	3	38	0.3	5	9	17	59
24/01/2003	06	3	15	0.5	9	40	53	42
24/01/2003	07	4.17	13	0.8	40	73	134	30
24/01/2003	08	6.17	39	1.3	70	89	195	25
24/01/2003	09	5.5	67	0.7	38	78	137	33
24/01/2003	10	5.67	73	0.7	31	69	116	42
24/01/2003	11	4.67	70	0.5	38	48	107	61
24/01/2003	12	4.5	46	0.5	20	52	82	68
24/01/2003	13	3.5	31	0.4	19	30	59	78
24/01/2003	14	4.17	48	0.5	15	34	57	76
24/01/2003	15	4.83	33	0.4	13	44	64	75
24/01/2003	16	5.5	33	0.4	15	50	72	67
24/01/2003	17	6	44	0.6	21	64	96	53
24/01/2003	18	7.17	49	0.8	66	83	184	20
24/01/2003	19	7.83	75	1	54	77	160	23
24/01/2003	20	8.33	60	0.8	34	61	113	30
24/01/2003	21	7.33	46	0.7	31	55	102	31
24/01/2003	22	5.5	41	0.6	25	50	89	32
24/01/2003	23	3.83	46	0.5	11	33	49	40
25/01/2003	00	3.67	31	0.5	11	35	51	41
25/01/2003	01	3.83	51	0.4	18	49	77	42
25/01/2003	02	3.17	44	0.7	13	27	47	43
25/01/2003	03	3.17	36	0.4	7	12	22	46
25/01/2003	04	3.17	18	0.6	16	17	42	41
25/01/2003	05	3	43	0.4	5	19	27	37
25/01/2003	06	3.5	31	0.6	14	36	57	35
25/01/2003	07	3.67	38	0.5	11	41	57	30
25/01/2003	08	4.33	34	0.7	29	51	96	28
25/01/2003	09	6	65	1	56	69	154	24
25/01/2003	10	9	91	1.6	99	120	273	21
25/01/2003	11	5.33	73	0.7	22	41	75	62
25/01/2003	12	6.67	39	0.5	16	33	58	69
25/01/2003	13	7	48	0.7	28	53	95	70
25/01/2003	14	4.5	36	0.6				82
25/01/2003	15	3	28	0.2	10	12	26	93
25/01/2003	16	3.5	30	0.3	15	17	40	90
25/01/2003	17	6.5	31	0.5	28	52	94	61
25/01/2003	18	10.67	52	0.6	47	55	128	35
25/01/2003	19	7.5	75	0.8	42	46	110	40
25/01/2003	20		42		60	59	152	30
25/01/2003	21	9.6	38	0.9	71	60	168	34
25/01/2003	22	5	28	0.7	26	26	65	48
25/01/2003	23	3	33	0.4	13	14	34	57
26/01/2003	00	3	33	0.6	15	15	38	56
26/01/2003	01	3	33	0.6	33	20	71	47
26/01/2003	02	3	28	0.7	22	31	66	46
26/01/2003	03	3	10	0.8	21	25	57	46
26/01/2003	04	3	9	0.5	15	21	45	50
26/01/2003	05	3	25	0.9	25	34	72	44
26/01/2003	06	3.17	36	0.8	19	34	64	43
26/01/2003	07	3	30	0.9	28	30	73	38
26/01/2003	08	4	28	0.7	50	50	127	37
26/01/2003	09	3.5	28	0.8	33	47	98	34
26/01/2003	10	4.83	41	1.2	57	74	161	27
26/01/2003	11	6.17	72	1.1	50	56	133	44
26/01/2003	12	3.5	57	0.5	19	19	49	78
26/01/2003	13	4.33	31	0.6	17	37	63	81
26/01/2003	14	3.5	44	0.7	28	32	75	77
26/01/2003	15	4.33	38	0.5	20	20	51	69
26/01/2003	16	5.33	48	0.5	18	26	52	65
26/01/2003	17	6.33	34	0.8	42	60	124	46
26/01/2003	18	6.83	41	1	63	76	172	23
26/01/2003	19	5.5	44	0.5	26	42	82	39
26/01/2003	20	8.33	34	0.9	56	58	143	30
26/01/2003	21	4.5	43	0.7	37	41	98	31
26/01/2003	22	3.33	30	0.6	25	38	76	31
26/01/2003	23	3.33	20	0.6	26	33	73	31
27/01/2003	00	3	25	0.4	22	25	59	32
27/01/2003	01	3	22	0.4	26	19	58	36
27/01/2003	02	3	10	0.4	15	13	36	35
27/01/2003	03	3	28	0.4	17	12	38	35
27/01/2003	04	3	28	0.4	16	9	33	36
27/01/2003	05	3	20	0.5	27	18	59	34
27/01/2003	06	3	30	0.7	36	29	84	25
27/01/2003	07	4.5	36	1.5	90	66	203	18
27/01/2003	08	5.67	44	1.8	145	84	306	13
27/01/2003	09	5.67	88	1.3	112	84	256	17
27/01/2003	10	5.33	91	1	72	58	168	32
27/01/2003	11	4.67	60	0.6	33	40	90	42
27/01/2003	12	5.67	37	0.6	31	35	83	48
27/01/2003	13	6	44	0.7	39	44	104	48
27/01/2003	14	5.33	49	0.8				49
27/01/2003	15	5.67	52	0.5	29	56	100	49
27/01/2003	16	5.17	54	0.5	24	45	81	50
27/01/2003	17	5	57	0.5	17	54	80	42
27/01/2003	18	8	53	1.2	82	106	231	11
27/01/2003	19	7	122	1.4	91	84	224	11
27/01/2003	20		110		65	61	161	17
27/01/2003	21	6	64	1	61	53	146	17
27/01/2003	22	4.67	69	0.8	37	46	102	22
27/01/2003	23	3.17	39	0.5	28	36	79	27
28/01/2003	00	3	41	0.4	27	38	79	25
28/01/2003	01	3.33	46	0.3	35	42	97	28
28/01/2003	02	3	15	0.4	16	18	42	38
28/01/2003	03	3	15	0.3	16	14	39	45
28/01/2003	04	3	30	0.3	19	14	43	45
28/01/2003	05	3	33	0.4	23	19	55	40
28/01/2003	06	3	13	1.1	52	43	123	26
28/01/2003	07	4.17	38	1.2	95	64	210	19
28/01/2003	08	4.33	46	1.1	99	74	226	15
28/01/2003	09	7.33	73	1.3	135	91	298	14
28/01/2003	10	10.67	101	1.4	182	124	404	13
28/01/2003	11	17.33	85	2.9	351	134	672	15
28/01/2003	12	10.33	142	1.4	150	115	344	29
28/01/2003	13	8	85	1.4	95	86	232	37
28/01/2003	14	11.5	55	0.7	49	64	140	44
28/01/2003	15	6.67	67	0.5	35	59	113	57
28/01/2003	16	8.17	57	0.5	33	57	107	57
28/01/2003	17	3.17	44	0.4	19	37	67	58
28/01/2003	18	5	42	0.8	48	66	138	31
28/01/2003	19	5.5	128	1.3	61	85	178	18
28/01/2003	20	3.5	78	0.8	53	61	143	18
28/01/2003	21	4	91	0.7	40	53	114	27
28/01/2003	22	3	50	0.8	29	47	92	28
28/01/2003	23	3	49	0.3	13	31	52	33
29/01/2003	00	3	46	0.4	17	23	50	31
29/01/2003	01	3	44	0.3	21	22	55	47
29/01/2003	02	3	30	0.3	15	15	37	66
29/01/2003	03	3	13	0.3	16	14	39	74
29/01/2003	04	3	27	0.3	15	15	37	70
29/01/2003	05	3	13	0.3	14	17	38	68
29/01/2003	06	3	22	0.4	18	19	46	73
29/01/2003	07	4	28	0.9	58	77	166	36
29/01/2003	08	5	41	1.2	93	87	229	20
29/01/2003	09	4.83	69	0.7	64	69	167	30
29/01/2003	10	4	75	0.7	54	72	153	50
29/01/2003	11	3.17	40	0.5	36	49	104	66
29/01/2003	12	5.17	57	0.6	84	83	212	46
29/01/2003	13	3	68	0.5	21	25	57	77
29/01/2003	14	3	88	0.5				82
29/01/2003	15	3.17	74	0.5	25	32	71	77
29/01/2003	16	3	70	0.5	18	22	50	80
29/01/2003	17	3	35	0.5	16	34	58	71
29/01/2003	18	3.83	54	0.7	28	54	97	64
29/01/2003	19	4	67	1.2	37	73	129	50
29/01/2003	20		54		29	51	95	54
29/01/2003	21	4.4	29	0.7	27	36	77	60
29/01/2003	22	3	30	0.6	21	27	59	73
29/01/2003	23	3	22	0.4	11	21	38	73
30/01/2003	00	3	20	0.4	10	12	27	78
30/01/2003	01	3	14	0.4	11	14	31	79
30/01/2003	02	3	20	0.4	11	9	26	84
30/01/2003	03	3	51	0.3	7	8	19	85
30/01/2003	04	3	50	0.3	5	10	17	85
30/01/2003	05	3	113	0.4	6	8	16	85
30/01/2003	06	3	61	0.4	5	9	17	83
30/01/2003	07	3	18	0.5	12	25	44	76
30/01/2003	08	3.5	22	0.8	51	66	144	51
30/01/2003	09	3.67	58	0.7	40	73	134	53
30/01/2003	10	3.17	42	0.5	27	36	77	68
30/01/2003	11	3.5	49	0.7	43	55	120	64
30/01/2003	12	3.33	29	0.6	28	31	75	70
30/01/2003	13	4.17	82	1.3	47	76	147	58
30/01/2003	14	4.5	38	0.8	33	44	95	66
30/01/2003	15	6	38	0.6	29	36	80	68
30/01/2003	16	7	54	0.6	33	37	87	66
30/01/2003	17	6.33	62	0.7	30	43	89	62
30/01/2003	18	6.33	58	0.6	30	40	86	64
30/01/2003	19	5.67	83	0.8	36	40	95	65
30/01/2003	20	7.67	58	0.8	33	39	89	64
30/01/2003	21	4.33	39	0.6	20	31	61	71
30/01/2003	22	3.67	46	0.6	16	23	48	78
30/01/2003	23	3.5	41	0.4	11	13	31	82
31/01/2003	00	3.17	33	0.4	9	14	28	83
31/01/2003	01	3	23	0.4	11	20	38	83
31/01/2003	02	3	28	0.4	10	13	29	85
31/01/2003	03	3	76	0.4	8	10	23	81
31/01/2003	04	3	42	0.4	6	9	18	84
31/01/2003	05	3	7	0.4	6	10	19	84
31/01/2003	06	3	19	0.4	5	9	17	79
31/01/2003	07	3	7	0.5	5	26	34	75
31/01/2003	08	3.17	22	0.8	23	47	82	61
31/01/2003	09	3	33	0.5	7	26	37	71
31/01/2003	10	3	41	0.5	7	17	27	75
31/01/2003	11	3	31	0.5	10	21	37	75
31/01/2003	12	3	23	0.5	12	27	45	74
31/01/2003	13	3	36	0.5	10	21	38	78
31/01/2003	14	3	52	0.5				81
31/01/2003	15	3	98	0.4	11	14	31	81
31/01/2003	16	3	77	0.4	10	17	32	77
31/01/2003	17	3	53	0.5	9	17	30	77
31/01/2003	18	3	39	0.6	11	26	43	71
31/01/2003	19	3	36	0.7	18	35	63	64
31/01/2003	20		36		15	32	56	65
31/01/2003	21	3.6	30	0.6	11	19	35	69
31/01/2003	22	3.5	25	0.5	7	17	27	74
31/01/2003	23	3	13	0.5	6	16	25	76
01/02/2003	00	3	32	0.4	5	10	18	76
01/02/2003	01	3	18	0.4	7	10	20	75
01/02/2003	02	3	25	0.5	7	10	20	74
01/02/2003	03	3	30	0.4	9	16	30	68
01/02/2003	04	3	30	0.4	8	16	28	62
01/02/2003	05	3	41	0.4	7	11	22	60
01/02/2003	06	3.17	21	0.8	14	25	46	47
01/02/2003	07	3	45	0.5	6	17	25	51
01/02/2003	08	3	21	0.7	12	34	52	40
01/02/2003	09	3.17	15	0.9	14	33	55	48
01/02/2003	10	3	68	0.6	18	35	63	62
01/02/2003	11	3	45	0.6	10	30	46	68
01/02/2003	12	3.83	41	0.7	30	27	72	72
01/02/2003	13	3.83	21	0.7	37	34	91	75
01/02/2003	14	3	32	0.5	25	16	53	87
01/02/2003	15	4	22	0.6	26	22	61	82
01/02/2003	16	6.67	20	0.7	31	27	75	75
01/02/2003	17	11.67	22	0.6	36	44	99	63
01/02/2003	18	7.83	20	0.7	37	53	110	49
01/02/2003	19	5.83	45	0.7	38	49	107	49
01/02/2003	20	3.17	34	0.7	31	41	88	53
01/02/2003	21	4.5	33	1	35	59	113	45
01/02/2003	22	3.83	30	0.7	29	36	79	57
01/02/2003	23	3	18	0.6	20	22	53	66
02/02/2003	00	3	30	0.7	22	33	66	62
02/02/2003	01	3.17	25	0.7	26	44	83	57
02/02/2003	02	3.17	28	1	36	50	105	53
02/02/2003	03	3.17	38	0.9	31	39	87	48
02/02/2003	04	3.17	26	1	29	39	84	46
02/02/2003	05	3	20	0.7	29	27	72	57
02/02/2003	06	3	22	0.7	24	21	57	62
02/02/2003	07	3.33	20	0.6	26	34	74	61
02/02/2003	08	3.33	40	0.6	23	30	66	58
02/02/2003	09	4.5	13	0.6	42	39	104	55
02/02/2003	10	4	32	0.6	40	30	92	62
02/02/2003	11	3.5	45	0.5	31	26	73	70
02/02/2003	12	3.5	23	0.6	33	21	72	76
02/02/2003	13	3.83	28	0.7	37	31	88	76
02/02/2003	14	3.5	28	0.5				79
02/02/2003	15	3.33	38	0.4	6	17	27	87
02/02/2003	16	4.17	21	0.6	8	32	43	81
02/02/2003	17	6	22	0.6	14	42	64	71
02/02/2003	18	15	30	0.8	34	77	129	46
02/02/2003	19	10.5	46	1.3	35	97	150	23
02/02/2003	20		41		22	57	91	39
02/02/2003	21	8.2	33	0.8	25	60	98	49
02/02/2003	22	5.5	28	0.6	18	62	91	51
02/02/2003	23	4.83	30	0.5	9	42	56	62
03/02/2003	00	3.5	10	0.4	9	34	48	58
03/02/2003	01	3.83	27	0.4	19	63	91	33
03/02/2003	02	3.17	28	0.4	8	40	52	43
03/02/2003	03	3	20	0.4	7	40	51	40
03/02/2003	04	3.17	14	0.3	5	26	34	63
03/02/2003	05	3.17	20	0.4	7	32	43	55
03/02/2003	06	3.33	22	0.4	6	38	47	47
03/02/2003	07	4.5	28	0.8	24	70	107	37
03/02/2003	08	7.33	51	1.6	98	108	258	19
03/02/2003	09	9.5	93	1.4	170	119	379	14
03/02/2003	10	7.5	117	0.7	45	73	142	52
03/02/2003	11	6.5	26	0.8	48	79	153	49
03/02/2003	12	4.83	63	0.6	22	56	89	58
03/02/2003	13	7.33	60	0.9	45	63	132	52
03/02/2003	14	8.17	47	0.9	25	67	105	62
03/02/2003	15	5	49	0.5	17	45	71	69
03/02/2003	16	10.5	67	0.4	36	64	119	53
03/02/2003	17	8.67	24	0.4	41	97	160	54
03/02/2003	18	7.5	35	0.5	38	76	133	51
03/02/2003	19	12.5	49	1.5	77	107	225	30
03/02/2003	20	13.33	49	1.1	47	89	162	35
03/02/2003	21	9.17	39	0.6	27	75	117	46
03/02/2003	22	7.83	41	0.5	12	51	70	61
03/02/2003	23	4	51	0.2	5	23	30	68
04/02/2003	00	3.67	23	0.1	5	22	29	67
04/02/2003	01	4.17	30	0.1	7	22	32	70
04/02/2003	02	3.33	28	0.1	5	19	26	71
04/02/2003	03	3	15	0.1	5	19	26	74
04/02/2003	04	3.5	32	0.1	6	20	29	74
04/02/2003	05	3.67	18	0.1	6	23	32	72
04/02/2003	06	3.17	48	0.1	7	29	40	68
04/02/2003	07	3.5	46	0.2	14	35	56	62
04/02/2003	08	3.67	87	0.3	19	49	78	60
04/02/2003	09	3.83	79	0.3	19	47	75	62
04/02/2003	10	4.5	75	0.2	25	39	77	63
04/02/2003	11	4.5	106	0.2	21	39	70	65
04/02/2003	12	4.17	156	0.2	14	29	51	66
04/02/2003	13	3.83	135	0.4	14	42	64	60
04/02/2003	14	4	104	0.3				61
04/02/2003	15	5.33	140	0.4	39	27	88	58
04/02/2003	16	5.17	139	0.2	29	17	62	64
04/02/2003	17	5.67	91	0.3	31	23	71	63
04/02/2003	18	5.83	68	0.5	39	27	86	55
04/02/2003	19	6.5	60	0.8	46	39	110	47
04/02/2003	20	6.6	52		41	39	103	47
04/02/2003	21	4.2	31	0.3	29	31	75	48
04/02/2003	22	3.5	33	0.2	23	19	54	55
04/02/2003	23	3	30	0.1	17	8	34	60
05/02/2003	00	3	22	0.1	17	8	33	61
05/02/2003	01	3	33	0.1	36	10	64	61
05/02/2003	02	3	28	0.1	27	7	48	66
05/02/2003	03	3	5	0.1	29	6	51	69
05/02/2003	04	3	29	0.1	27	6	47	69
05/02/2003	05	3	5	0.1	28	11	55	63
05/02/2003	06	3	42	0.3	22	14	47	55
05/02/2003	07	3	31	0.3	30	44	90	33
05/02/2003	08	3.5	33	0.5	47	47	119	27
05/02/2003	09	4.5	51	0.5	61	63	155	29
05/02/2003	10	3.67	54	0.4	30	38	84	61
05/02/2003	11	3	37	0.2	25	25	63	77
05/02/2003	12	3	23	0.2	34	21	73	82
05/02/2003	13	3	37	0.2	34	19	72	83
05/02/2003	14	3	36	0.3	37	28	86	83
05/02/2003	15	3	15	0.2	31	18	66	85
05/02/2003	16	3.17	25	0.2	35	35	88	82
05/02/2003	17	3.33	17	0.2	35	31	85	76
05/02/2003	18	8.5	12	0.7	73	72	183	48
05/02/2003	19	6	60	0.8	53	64	145	36
05/02/2003	20	6.17	45	1.3	96	67	214	32
05/02/2003	21	3.17	61	0.3	37	27	84	41
05/02/2003	22	3	57	0.2	28	23	65	41
05/02/2003	23	3	31	0.1	16	12	38	50
06/02/2003	00	3	15	0.1	17	10	36	57
06/02/2003	01		22	0.1	16	9	34	66
06/02/2003	02	3	12	0.1	18	14	41	58
06/02/2003	03	3	12	0.1	13	6	26	65
06/02/2003	04	3	20	0.1	11	7	23	73
06/02/2003	05	3	22	0.1	13	7	27	74
06/02/2003	06	3	22	0.1	18	13	39	65
06/02/2003	07	3.5	22	0.4	37	48	105	36
06/02/2003	08	4.67	51	0.9	78	77	196	24
06/02/2003	09	5	54	0.6	82	68	194	26
06/02/2003	10	4.67	65	0.3	45	46	116	49
06/02/2003	11	4.5	47	0.2	41	30	92	64
06/02/2003	12	4.67	49	0.3	56	40	125	65
06/02/2003	13	4.67	52	0.4	48	40	114	64
06/02/2003	14	4.17	57	0.3				73
06/02/2003	15	4.67	47	0.2	14	36	58	71
06/02/2003	16	3.83	46	0.2	12	30	48	73
06/02/2003	17	3	38	0.3	18	39	66	74
06/02/2003	18	4	58	0.5	33	52	102	58
06/02/2003	19	4.83	50	1.2	53	69	150	33
06/02/2003	20	4.8	54		45	79	148	27
06/02/2003	21	3	65	0.5	29	40	85	35
06/02/2003	22	3	60	0.6	22	43	76	36
06/02/2003	23	3	37	0.2	17	26	53	40
07/02/2003	00	3	53	0.1	6	14	24	39
07/02/2003	01	3	62	0.1	21	12	44	43
07/02/2003	02	3	62	0.1	4	7	13	44
07/02/2003	03	3	57	0.1	6	10	20	40
07/02/2003	04	3	39	0.1	6	8	16	44
07/02/2003	05	3	13	0.1	5	8	15	40
07/02/2003	06	3	29	0.2	11	20	36	27
07/02/2003	07	3	41	0.5	30	43	90	17
07/02/2003	08	3	61	0.6	57	61	148	12
07/02/2003	09	4.67	62	0.9	87	79	213	13
07/02/2003	10	4.83	85	0.9	65	81	181	40
07/02/2003	11	3.67	48	0.3	32	51	100	62
07/02/2003	12	3	59	0.3	43	48	114	63
07/02/2003	13	3	39	0.5	26	39	79	62
07/02/2003	14	3.33	59	0.7	26	57	97	64
07/02/2003	15	3.17	42	0.5	32	53	102	58
07/02/2003	16	3	46	0.3	24	48	85	62
07/02/2003	17	3.17	54	0.6	40	69	130	57
07/02/2003	18	3.33	42	0.6	31	57	104	51
07/02/2003	19	3.17	29	0.7	32	59	108	59
07/02/2003	20	3	22	0.9	39	57	116	58
07/02/2003	21	3	37	0.4	17	46	72	71
07/02/2003	22	3	33	0.3	13	46	66	68
07/02/2003	23	3	33	0.2	12	23	42	78
08/02/2003	00	3	46	0.2	8	20	32	80
08/02/2003	01	3.17	29	0.3	33	43	94	58
08/02/2003	02	3	38	0.1	23	21	56	49
08/02/2003	03	3	44	0.3	25	37	76	44
08/02/2003	04	3	46	0.3	17	17	43	41
08/02/2003	05	3	49	0.2	12	26	45	48
08/02/2003	06	3	46	0.3	21	29	61	51
08/02/2003	07	3	46	0.3	15	30	52	56
08/02/2003	08	3	31	0.3	24	42	78	53
08/02/2003	09	3	43	0.4	28	46	89	53
08/02/2003	10	3	46	0.3	17	32	58	71
08/02/2003	11	3	23	0.3	16	28	52	75
08/02/2003	12	3	30	0.3	15	33	56	75
08/02/2003	13	3	48	0.4	11	42	60	69
08/02/2003	14	3	44	0.3				78
08/02/2003	15	3	34	0.2	5	30	38	80
08/02/2003	16	3	28	0.2	5	25	33	84
08/02/2003	17	3	28	0.2	5	28	35	81
08/02/2003	18	3	38	0.3	6	34	44	73
08/02/2003	19	3	38	0.3	6	36	45	67
08/02/2003	20	3	38		8	39	51	63
08/02/2003	21	3	29	0.5	12	44	63	62
08/02/2003	22	3	33	0.3	13	41	61	48
08/02/2003	23	3	23	0.2	8	31	43	43
09/02/2003	00	3	33	0.4	21	40	72	33
09/02/2003	01	3.17	28	0.5	29	49	93	30
09/02/2003	02	3	30	0.4	27	47	88	32
09/02/2003	03	3	30	0.4	22	39	73	33
09/02/2003	04	3	38	0.5	20	39	69	32
09/02/2003	05	3	15	0.3	22	38	71	32
09/02/2003	06	3	20	0.5	20	36	67	34
09/02/2003	07	3	28	0.6	16	35	60	39
09/02/2003	08	3	40	0.3	15	40	63	37
09/02/2003	09	3.83	46	0.6	45	68	137	29
09/02/2003	10	3.67	79	0.5	20	48	77	41
09/02/2003	11	3.83	43	0.2	19	41	69	70
09/02/2003	12	3.5	36	0.3	26	49	88	72
09/02/2003	13	3	48	0.4	30	50	95	74
09/02/2003	14	4.33	21	0.3	28	43	86	74
09/02/2003	15	5.33	37	0.1	8	22	35	82
09/02/2003	16	3.67	56	0.1	10	23	38	81
09/02/2003	17	6.5	22	0.3	16	43	68	66
09/02/2003	18	3.83	27	0.3	19	44	73	65
09/02/2003	19	4.5	48	0.4	36	49	104	45
09/02/2003	20	3.17	39	0.2	22	36	69	46
09/02/2003	21	3	46	0.2	13	36	55	54
09/02/2003	22	3.67	31	0.2	12	44	62	49
09/02/2003	23	3	25	0.1	13	29	49	51
10/02/2003	00	3	28	0.1	10	25	40	51
10/02/2003	01	3	33	0.1	16	33	56	48
10/02/2003	02	3	21	0.1	16	20	45	53
10/02/2003	03	3	25	0.1	13	18	37	55
10/02/2003	04	3	22	0.1	13	18	38	55
10/02/2003	05	3.17	25	0.2	18	30	58	50
10/02/2003	06	3	28	0.1	22	29	62	54
10/02/2003	07	4.17	30	0.8	60	61	152	29
10/02/2003	08	6.5	51	0.9	96	114	262	22
10/02/2003	09	5	52	0.6	65	77	177	35
10/02/2003	10	4.17	64	0.1	25	37	76	55
10/02/2003	11	4	52	0.1	11	27	43	65
10/02/2003	12	3.5	36	0.1	20	39	69	62
10/02/2003	13	3.67	53	0.2	21	41	72	65
10/02/2003	14	3.33	59	0.2				68
10/02/2003	15	3	57	0.1	9	33	47	73
10/02/2003	16	3.5	52	0.1	12	45	63	67
10/02/2003	17	3.17	46	0.2	12	48	66	64
10/02/2003	18	3	64	0.3	14	69	91	49
10/02/2003	19	3.67	73	0.5	33	82	133	41
10/02/2003	20	4	53		52	84	164	30
10/02/2003	21	3.6	59	0.5	33	65	116	34
10/02/2003	22	3.33	54	0.4	21	40	73	40
10/02/2003	23	3	42	0.1	10	27	42	44
11/02/2003	00	3	33	0.1	9	22	35	50
11/02/2003	01	3.17	7	0.1	9	18	31	56
11/02/2003	02	3.83	24	0.1	25	54	91	52
11/02/2003	03	3	33	0.1	5	9	16	51
11/02/2003	04	3	15	0.1	4	9	16	53
11/02/2003	05	3	32	0.1	8	18	30	47
11/02/2003	06	3	23	0.4	12	35	53	34
11/02/2003	07	4.5	30	0.8	38	55	113	22
11/02/2003	08	5.33	33	0.9	67	82	185	13
11/02/2003	09	6	45	0.7	73	85	196	19
11/02/2003	10	9.83	130	1.3	120	108	291	37
11/02/2003	11	6	114	0.3	35	60	114	66
11/02/2003	12	5.67	63	0.3	46	57	128	62
11/02/2003	13	6.83	54	0.6	77	102	221	53
11/02/2003	14	7.83	77	0.8	48	62	135	61
11/02/2003	15	8	58	0.4	36	76	131	64
11/02/2003	16	16.33	67	0.4	48	69	142	52
11/02/2003	17	12	73	0.4	48	76	150	45
11/02/2003	18	8	63	0.8	59	113	203	34
11/02/2003	19	10	105	0.9	68	110	213	29
11/02/2003	20	10.33	102	1.1	77	90	208	26
11/02/2003	21	8	69	0.8	58	83	171	26
11/02/2003	22	6.33	73	0.6	44	60	127	31
11/02/2003	23	4.83	43	0.1	26	38	77	44
12/02/2003	00	5.17	46	0.2	23	36	71	46
12/02/2003	01	4	46	0.1	29	45	90	42
12/02/2003	02	4	29	0.1	17	24	50	51
12/02/2003	03	3.33	36	0.1	13	16	36	51
12/02/2003	04	3	41	0.1	12	17	36	52
12/02/2003	05	3.67	36	0.3	16	25	50	47
12/02/2003	06	4.67	41	0.5	43	39	104	36
12/02/2003	07	5.17	71	0.6	51	60	138	23
12/02/2003	08	6	75	0.9	82	79	204	14
12/02/2003	09	6.67	53	0.8	94	93	237	16
12/02/2003	10	6.83	102	0.6	67	84	186	20
12/02/2003	11	11.83	95	0.9	92	98	238	25
12/02/2003	12	9.67	112	0.4	33	56	108	48
12/02/2003	13	8.83	60	0.4	30	63	110	50
12/02/2003	14	8.17	72	0.4				46
12/02/2003	15	6.67	98	0.4	26	61	101	41
12/02/2003	16	6.17	82	0.4	20	64	94	36
12/02/2003	17	6.5	89	0.5	29	74	118	32
12/02/2003	18	7.5	81	0.9	58	94	183	20
12/02/2003	19	9.17	101	1	77	92	209	14
12/02/2003	20	8	77		62	80	175	19
12/02/2003	21	3.4	73	0.4	24	63	99	17
12/02/2003	22	3.17	55	0.3	15	46	68	26
12/02/2003	23	3.17	14	0.2	6	28	38	37
13/02/2003	00	3	44	0.2	12	18	36	43
13/02/2003	01	3	39	0.2	15	29	52	38
13/02/2003	02	3	41	0.1	8	15	28	41
13/02/2003	03	3	33	0.2	10	15	31	49
13/02/2003	04	3	41	0.2	13	18	38	48
13/02/2003	05	3	31	0.2	22	27	60	40
13/02/2003	06	3	48	0.2	20	32	63	40
13/02/2003	07	3	46	0.3	27	37	78	34
13/02/2003	08	3	34	0.5	43	55	120	27
13/02/2003	09	3	28	0.5	46	59	130	23
13/02/2003	10	5.67	45	0.3	40	45	107	43
13/02/2003	11	6.33	37	0.3	32	48	97	39
13/02/2003	12	6.17	63	0.3	35	46	99	42
13/02/2003	13	6	50	0.2	25	37	75	57
13/02/2003	14	3.83	37	0.3	24	31	68	53
13/02/2003	16	3	7	0.2	25	34	72	54
13/02/2003	17	3	19	0.2	26	53	93	43
13/02/2003	18	3.17	52	0.6	45	82	150	31
13/02/2003	19	3.5	55	0.7	65	75	175	14
13/02/2003	20	3	79	0.6	41	54	117	16
13/02/2003	21	3.17	40	0.5	50	40	115	21
13/02/2003	22	3	23	0.4	36	37	92	22
13/02/2003	23	3	38	0.2	15	20	43	26
14/02/2003	00	3	41	0.1	15	20	44	25
14/02/2003	01	3.17	30	0.1	27	25	67	27
14/02/2003	02	3	28	0.1	12	12	31	32
14/02/2003	03	3	25	0.1	13	14	34	31
14/02/2003	04	3	33	0.1	6	9	19	37
14/02/2003	05	3	25	0.3	16	21	46	33
14/02/2003	06	3	33	0.5	18	27	54	26
14/02/2003	07	3.83	39	0.6	66	74	176	16
14/02/2003	08	4.83	63	0.9	117	86	265	14
14/02/2003	09	5	89	1	106	92	254	17
14/02/2003	10	3.17	93	0.4	46	60	130	23
14/02/2003	11	3	123	0.4	27	61	102	44
14/02/2003	12	3.17	59	0.3	34	54	106	53
14/02/2003	13	3	53	0.4	43	48	115	43
14/02/2003	14	3.17	64	0.4				52
14/02/2003	15	3	49	0.3	9	59	73	52
14/02/2003	16	3	54	0.2	13	65	85	45
14/02/2003	17	3	54	0.3	8	78	92	38
14/02/2003	18	3	56	0.4	9	68	82	45
14/02/2003	19	4.5	39	1.3	59	111	202	17
14/02/2003	20	4.5	57		55	99	184	12
14/02/2003	21	4	64	0.8	48	79	152	13
14/02/2003	22	3.17	109	0.7	22	64	98	13
14/02/2003	23	3	81	0.2	12	39	56	35
15/02/2003	00	3	28	0.2	6	48	58	25
15/02/2003	01	3	38	0.2	12	51	69	25
15/02/2003	02	3	33	0.2	11	31	47	27
15/02/2003	03	3	23	0.1	4	25	31	41
15/02/2003	04	3	36	0.3	5	21	28	47
15/02/2003	05	3	41	0.1	4	19	25	48
15/02/2003	06	3	45	0.1	4	14	21	47
15/02/2003	07	3	30	0.2	4	18	24	45
15/02/2003	08	3	30	0.2	4	29	35	41
15/02/2003	09	3	28	0.2	7	53	64	34
15/02/2003	10	3	38	0.3	8	49	61	36
15/02/2003	11	3	25	0.3	6	31	39	47
15/02/2003	12	3	23	0.6	4	24	31	51
15/02/2003	13	3	38	0.4	7	41	51	44
15/02/2003	14	3	37	0.3	6	36	45	51
15/02/2003	15		22	0.3	4	31	38	48
15/02/2003	16	3	14	0.2	6	33	42	46
15/02/2003	17	3	22	0.3	4	34	41	46
15/02/2003	18	3	20	0.3	5	24	32	47
15/02/2003	19	3	28	0.3	10	27	43	45
15/02/2003	20	3	28	0.3	6	27	35	45
15/02/2003	21	3	22	0.3	5	20	27	45
15/02/2003	22	3	22	0.2	4	14	21	47
15/02/2003	23	3	20	0.4	4	17	23	47
16/02/2003	00	3	30	0.1	4	8	14	58
16/02/2003	01	3	17	0.3	5	17	24	50
16/02/2003	02	3	12	0.2	5	10	18	58
16/02/2003	03	3	17	0.3	5	18	26	53
16/02/2003	04	3	12	0.5	7	18	29	53
16/02/2003	05	3	20	0.5	4	15	21	48
16/02/2003	06	3	16	0.3	4	10	17	54
16/02/2003	07	3	3	0.3	4	7	13	63
16/02/2003	08	3	43	0.2	4	7	13	67
16/02/2003	09	3	30	0.6	5	15	22	57
16/02/2003	10	3	25	0.8	6	29	37	51
16/02/2003	11	3	26	1.3	10	36	51	42
16/02/2003	12	3	41	1.5	17	56	83	36
16/02/2003	13	3	49	1.2	11	64	80	46
16/02/2003	14	3	49	0.9				68
16/02/2003	15	3	38	0.9	14	44	66	68
16/02/2003	16	3	46	0.9	19	42	71	69
16/02/2003	17	3	36	1.2	35	57	111	55
16/02/2003	18	3.17	40	1.3	34	49	101	46
16/02/2003	19	3	23	1.2	34	54	106	42
16/02/2003	20	3	47		28	49	92	39
16/02/2003	21	3	3	0.3	13	33	53	52
16/02/2003	22	3	25	0.4	11	39	55	57
16/02/2003	23	3	25	0.2	5	23	30	73
17/02/2003	00	3	25	0.1	4	10	16	71
17/02/2003	01	3	14	0.1	4	14	20	60
17/02/2003	02	3	20	0.1	4	9	16	58
17/02/2003	03	3	28	0.1	4	7	13	62
17/02/2003	04	3	25	0.1	4	6	12	76
17/02/2003	05	3	30	0.2	4	17	24	63
17/02/2003	06	3	33	0.2	5	20	27	51
17/02/2003	07	3	26	0.4	9	44	58	42
17/02/2003	08	3.17	39	1	33	87	137	24
17/02/2003	09	4.33	66	0.7	43	93	159	35
17/02/2003	10	3	80	0.2	10	42	57	64
17/02/2003	11	3	56	0.2	14	34	56	71
17/02/2003	12	3.17	34	0.4	55	59	144	72
17/02/2003	13	4.17	52	0.6	51	71	148	65
17/02/2003	14	3.33	49	0.6	27	50	91	73
17/02/2003	15		36	0.3	41	53	116	71
17/02/2003	16	4.2	41	0.3	44	63	131	62
17/02/2003	17	6.17	30	0.4	65	84	182	44
17/02/2003	18	7.17	65	0.7	53	93	174	34
17/02/2003	19	5.17	69	0.6	36	73	128	37
17/02/2003	20	7.83	54	0.6	39	63	123	45
17/02/2003	21	4.67	60	0.3	15	42	65	52
17/02/2003	22	3	52	0.4	15	44	67	46
17/02/2003	23	3	48	0.1	4	8	15	56
18/02/2003	00	3	30	0.2	9	19	32	58
18/02/2003	01	3	36	0.1	6	9	18	65
18/02/2003	02	3	30	0.1	4	9	15	61
18/02/2003	03	3	39	0.1	4	10	16	46
18/02/2003	04	3.17	51	0.1	4	12	18	46
18/02/2003	05	3	46	0.2	6	12	21	40
18/02/2003	06	3	49	0.3	6	23	32	33
18/02/2003	07	3.33	55	0.7	27	75	115	20
18/02/2003	08	4.5	68	0.8	56	96	182	19
18/02/2003	09	4	77	0.6	38	87	144	36
18/02/2003	10	4	98	0.3	41	50	112	56
18/02/2003	11	3.67	67	0.2	17	40	66	70
18/02/2003	12	4	50	0.5	41	55	118	62
18/02/2003	13	3.83	66	0.6	44	57	126	64
18/02/2003	14	4.17	100	0.6				60
18/02/2003	15	4.17	57	0.4	43	69	135	52
18/02/2003	16	5.33	59	0.6	54	101	183	36
18/02/2003	17	6	113	0.6	77	102	220	28
18/02/2003	18	5.5	113	0.7	49	80	155	29
18/02/2003	19	5	100	1.1	62	72	167	30
18/02/2003	20	3.83	59		48	62	136	30
18/02/2003	21	3.33	41	0.6	22	64	97	29
18/02/2003	22	3.17	41	0.3	5	46	54	37
18/02/2003	23	3	46	0.2	7	18	28	52
19/02/2003	00	3	39	0.3	5	11	19	45
19/02/2003	01	3	49	0.1	6	8	16	47
19/02/2003	02	3	38	0.1	4	7	13	71
19/02/2003	03	3	41	0.1	4	6	12	76
19/02/2003	04	3	28	0.1	4	6	12	75
19/02/2003	05	3	22	0.1	4	7	14	79
19/02/2003	06	3	14	0.2	6	17	25	74
19/02/2003	07	3.67	20	0.6	27	45	86	59
19/02/2003	08	3.5	33	0.5	26	48	87	61
19/02/2003	09	3.5	38	0.6	35	70	125	46
19/02/2003	10	3.33	41	0.4	25	59	96	48
19/02/2003	11	3.67	36	0.4	40	68	129	53
19/02/2003	12	4	30	0.5	45	90	158	47
19/02/2003	13	4.17	28	0.8	69	68	173	42
19/02/2003	14	4.5	33	1.1	34	59	110	46
19/02/2003	15		41	0.9	56	74	161	33
19/02/2003	16	7.6	39	0.5	53	69	150	44
19/02/2003	17	6.33	49	0.8	44	70	138	34
19/02/2003	18	5.83	39	0.7	40	71	132	32
19/02/2003	19	7	47	1.3	60	86	178	30
19/02/2003	20	6	58	1.2	34	61	113	40
19/02/2003	21	5.17	26	1	28	67	109	23
19/02/2003	22	5.33	48	1	28	66	109	21
19/02/2003	23	3.67	30	0.2	6	12	21	61
20/02/2003	00	3.5	14	0.2	8	12	25	66
20/02/2003	01	3.67	12	0.1	14	14	36	69
20/02/2003	02	3.33	14	0.1	14	8	30	82
20/02/2003	03	3	12	0.1	6	6	16	84
20/02/2003	04	3	20	0.1	5	6	14	84
20/02/2003	05	3.17	19	0.1	7	8	18	82
20/02/2003	06	3.5	7	0.2	8	14	26	77
20/02/2003	07	4	15	0.4	25	25	63	66
20/02/2003	08	4	30	0.3	22	44	78	66
20/02/2003	09	5	33	0.3	22	41	75	65
20/02/2003	10	5.17	37	0.4	23	45	80	65
20/02/2003	11	4.67	61	0.3	27	36	77	67
20/02/2003	12	4.67	47	0.3	36	26	82	72
20/02/2003	13	5.5	61	0.6	35	46	99	63
20/02/2003	14	6.67	44	0.8				57
20/02/2003	15	7.33	54	0.6	41	66	130	60
20/02/2003	16	7.17	54	0.4	32	44	92	72
20/02/2003	17	7.67	60	0.5	35	58	112	66
20/02/2003	18	6.67	53	0.5	23	53	88	68
20/02/2003	19	7	31	1	36	64	120	62
20/02/2003	20	7.33	54		35	64	117	59
20/02/2003	21	6.5	46	0.5	21	46	78	66
20/02/2003	22	4.33	33	0.4	15	38	60	67
20/02/2003	23	4.17	30	0.2	7	23	33	75
21/02/2003	00	3.83	28	0.2	10	27	43	73
21/02/2003	01	4	22	0.2	23	26	61	71
21/02/2003	02	3.67	17	0.2	10	22	37	69
21/02/2003	03	3.67	12	0.2	6	16	24	67
21/02/2003	04	3.33	20	0.2	5	16	23	72
21/02/2003	05	3.33	17	0.2	7	16	26	68
21/02/2003	06	3.67	23	0.3	8	22	34	60
21/02/2003	07	4.67	38	0.7	28	69	111	33
21/02/2003	08	6.83	40	1	90	89	226	15
21/02/2003	09	7.5	88	1.2	60	88	181	31
21/02/2003	10	7	67	0.5	29	57	101	57
21/02/2003	11	6.67	69	0.4	31	66	113	67
21/02/2003	12	6.17	49	0.4	27	43	84	71
21/02/2003	13	6.33	38	0.5	23	47	83	72
21/02/2003	14	6.5	36	0.5	19	47	76	73
21/02/2003	15		38	0.5	9	43	57	72
21/02/2003	16	3	33	0.4	12	50	68	72
21/02/2003	17	3	41	0.5	11	53	70	66
21/02/2003	18	3	56	0.7	15	80	104	46
21/02/2003	19	3.5	44	0.9	26	103	142	34
21/02/2003	20	3.5	49	1.1	42	82	146	41
21/02/2003	21	3.17	50	0.9	30	80	125	46
21/02/2003	22	3	61	0.6	14	51	72	56
21/02/2003	23	3	31	0.6	21	51	82	56
22/02/2003	00	3	41	0.7	15	50	72	51
22/02/2003	01	3	49	0.7	27	67	108	49
22/02/2003	02	3	61	0.5	17	36	62	63
22/02/2003	03	3	33	0.6	21	39	72	62
22/02/2003	04	3	38	0.7	28	34	77	62
22/02/2003	05	3	42	0.5	25	38	76	59
22/02/2003	06	3	56	0.7	27	45	86	50
22/02/2003	07	3	34	0.5	35	53	106	37
22/02/2003	08	3	45	0.7	39	58	119	36
22/02/2003	09	3	70	0.8	39	51	111	43
22/02/2003	10	3	75	0.7	42	68	132	56
22/02/2003	11	3	70	0.6	37	49	105	72
22/02/2003	12	3	59	0.4	25	31	69	83
22/02/2003	13	3	28	0.5	15	30	53	84
22/02/2003	14	3	28	0.6				72
22/02/2003	15	3	25	0.4	4	32	39	80
22/02/2003	16	3	36	0.5	10	39	54	75
22/02/2003	17	3	36	0.6	9	51	65	65
22/02/2003	18	3	46	0.8	12	62	81	55
22/02/2003	19	3	51	0.6	6	54	63	58
22/02/2003	20	3	34		8	70	82	39
22/02/2003	21	3.33	46	0.9	42	68	132	27
22/02/2003	22	3	52	0.7	28	53	96	27
22/02/2003	23	3	54	0.6	17	45	72	35
23/02/2003	00	3	48	0.9	28	58	101	33
23/02/2003	01	3	28	0.8	26	52	92	32
23/02/2003	02	3	33	0.7	40	57	117	29
23/02/2003	03	3	30	0.8	29	44	88	28
23/02/2003	04	3	33	0.8	27	45	87	26
23/02/2003	05	3	26	0.8	36	45	100	24
23/02/2003	06	3	45	0.6	29	47	91	24
23/02/2003	07	3	28	0.5	36	56	112	21
23/02/2003	08	3	29	0.4	31	57	104	25
23/02/2003	09	3.17	54	0.7	37	53	109	29
23/02/2003	10	3	49	0.5	13	39	59	56
23/02/2003	11	3	44	0.4	10	36	51	70
23/02/2003	12	3	38	0.4	14	35	56	82
23/02/2003	13	3	29	0.5	25	51	89	75
23/02/2003	14	3	61	0.5	19	50	79	74
23/02/2003	15	3	25	0.3	11	31	49	90
23/02/2003	16	3	28	0.3	7	32	43	84
23/02/2003	17	3.17	30	0.4	7	33	44	82
23/02/2003	18	3.17	25	0.4	7	42	53	75
23/02/2003	19	3.5	30	0.5	9	56	70	60
23/02/2003	20	3.5	30	0.7	16	70	96	44
23/02/2003	21	3.5	30	0.7	20	62	94	53
23/02/2003	22	3.33	30	0.5	15	53	75	63
23/02/2003	23	3	30	0.4	12	45	63	67
24/02/2003	00	3	30	0.3	16	42	66	68
24/02/2003	01	3		0.2	13	38	57	69
24/02/2003	02	3		0.3	16	27	51	78
24/02/2003	03	3		0.2	16	26	51	81
24/02/2003	04	3		0.2	17	28	55	81
24/02/2003	05	3		0.3	17	33	60	78
24/02/2003	06	3		0.3	20	43	72	73
24/02/2003	07	3.83		0.6	37	75	132	61
24/02/2003	08	4.5		1.1	55	104	188	51
24/02/2003	09	3.67		0.6	28	97	139	48
24/02/2003	10	3.17		0.5	26	83	123	55
24/02/2003	11	3.33		0.5	22	83	117	54
24/02/2003	12	3		0.4	21	70	102	61
24/02/2003	13	3		0.5	16	79	103	53
24/02/2003	14	3		0.5				64
24/02/2003	15	3		0.5	14	59	81	53
24/02/2003	16	3		0.5	16	56	81	54
24/02/2003	17	3		0.5	14	57	78	53
24/02/2003	18	3.17		0.5	15	61	84	49
24/02/2003	19	3.17		0.6	15	72	94	40
24/02/2003	20	3.67			20	77	107	38
24/02/2003	21	3.17		0.6	11	55	72	47
24/02/2003	22	3.33		0.5	10	36	52	64
24/02/2003	23	3.17		0.4	11	28	44	69
25/02/2003	00	3		0.3	13	28	48	71
25/02/2003	01	3.17		0.4	20	20	51	72
25/02/2003	02	3		0.4	18	13	41	74
25/02/2003	03	3		0.3	21	17	49	66
25/02/2003	04	3.17		0.3	20	12	43	74
25/02/2003	05	3		0.3	25	18	57	69
25/02/2003	06	3		0.4	31	23	71	66
25/02/2003	07	3.17		0.6	49	51	125	50
25/02/2003	08	3.5		0.8	52	63	143	34
25/02/2003	09	3.5		0.7	48	61	134	36
25/02/2003	10	4.67		0.7	77	74	193	35
25/02/2003	11	4.5		0.4	71	99	208	42
25/02/2003	12	4		0.4	70	54	160	53
25/02/2003	13	3.33		0.5	30	48	94	50
25/02/2003	14	3.83		0.6	38	44	102	59
25/02/2003	15	3.8		0.6	45	57	126	52
25/02/2003	16	3		0.7	46	70	141	50
25/02/2003	17	3		0.4	29	42	86	59
25/02/2003	18	3		0.5	36	47	101	60
25/02/2003	19	3		0.9	37	67	124	40
25/02/2003	20	3		1	50	77	154	34
25/02/2003	21	3		0.7	34	50	102	41
25/02/2003	22	3		0.4	21	29	61	60
25/02/2003	23	3		0.2	16	18	43	63
26/02/2003	00	3		0.3	16	20	45	48
26/02/2003	01	3		0.3	22	21	55	48
26/02/2003	02	3		0.3	31	23	71	38
26/02/2003	03	3		0.5	30	14	60	64
26/02/2003	04	3		0.1	30	13	59	56
26/02/2003	05	3		0.3	31	21	69	45
26/02/2003	06	3		0.5	33	26	76	56
26/02/2003	07	3		0.5	43	42	108	58
26/02/2003	08	3		0.7	71	90	198	46
26/02/2003	09	3		0.7	72	84	194	48
26/02/2003	10	3		0.4	50	55	131	68
26/02/2003	11	3		0.4	38	66	124	62
26/02/2003	12	3		0.5	31	45	93	71
26/02/2003	13	3		1	52	58	138	64
26/02/2003	14	3.17		0.8				68
26/02/2003	15	4		0.6	30	58	105	70
26/02/2003	16	5.83		0.6	56	62	148	56
26/02/2003	17	4.33		0.7	52	71	151	54
26/02/2003	18	3		0.8	39	72	133	50
26/02/2003	19	3.17		1.5	45	103	171	29
26/02/2003	20	3.17			61	84	177	31
26/02/2003	21	3		0.7	41	75	138	42
26/02/2003	22	3		0.6	21	52	85	58
26/02/2003	23	3		0.3	28	35	79	66
27/02/2003	00	3		0.2	23	17	52	81
27/02/2003	01	3		0.2	29	17	61	74
27/02/2003	02	3		0.2	30	13	59	74
27/02/2003	03	3		0.2	27	12	53	78
27/02/2003	04	3		0.2	25	14	53	81
27/02/2003	05	3		0.2	20	19	51	81
27/02/2003	06	3		0.3	25	26	64	76
27/02/2003	07	3		0.4	36	47	103	70
27/02/2003	08	3		0.5	42	50	114	69
27/02/2003	09	3		0.5	39	40	100	59
