Red: Red de Vigilancia y Control de la Contaminación Atmosférica
Estación: 46250043-València - Vivers
	
FECHA	HORA	SO2	NO	NO2	NOx	O3
		µg/m³	µg/m³	µg/m³	µg/m³	µg/m³
01/01/2025	00	3	1	13	15	30
01/01/2025	01	3	1	15	17	28
01/01/2025	02	3	1	15	17	35
01/01/2025	03	3	1	13	15	25
01/01/2025	04	3	1	16	18	18
01/01/2025	05	3	1	12	14	18
01/01/2025	06	3	1	10	12	17
01/01/2025	07	3	1	10	12	16
01/01/2025	08	3	1	11	12	15
01/01/2025	09	3	1	13	15	19
01/01/2025	10	3	1	12	13	26
01/01/2025	11	3	1	10	12	30
01/01/2025	12	3	1	12	14	36
01/01/2025	13	3	1	8	10	50
01/01/2025	14	3	1	6	8	55
01/01/2025	15	3	1	6	8	57
01/01/2025	16	3	1	6	8	59
01/01/2025	17	3	1	6	8	54
01/01/2025	18	3	1	9	11	41
01/01/2025	19	3	1	10	12	21
01/01/2025	20	3	1	34	36	7
01/01/2025	21	3	1	28	30	4
01/01/2025	22	3	5	31	39	4
01/01/2025	23	3	2	26	29	4
02/01/2025	00	3	1	25	27	6
02/01/2025	01	3	1	19	21	9
02/01/2025	02	3	1	15	17	8
02/01/2025	03	3	1	11	13	12
02/01/2025	04	3	1	5	7	20
02/01/2025	05	3	1	5	7	21
02/01/2025	06	3	1	7	8	22
02/01/2025	07	3	7	25	36	9
02/01/2025	08	3	22	38	71	4
02/01/2025	09	3	17	38	64	7
02/01/2025	10	3	20	44	73	11
02/01/2025	11	3	6	36	45	20
02/01/2025	12	3	1	20	22	34
02/01/2025	13	3	1	20	22	41
02/01/2025	14	3	1	14	16	50
02/01/2025	15	3	1	9	11	53
02/01/2025	16	3	1	14	16	46
02/01/2025	17	3	1	21	23	37
02/01/2025	18	3	1	29	31	27
02/01/2025	19	3	2	44	47	12
02/01/2025	20	3	5	47	54	5
02/01/2025	21	3	12	43	61	3
02/01/2025	22	3	39	36	96	4
02/01/2025	23	3	34	38	90	3
03/01/2025	00	3	3	33	37	10
03/01/2025	01	4	1	26	28	18
03/01/2025	02	4	1	18	20	24
03/01/2025	03	5	1	11	13	30
03/01/2025	04	5	1	13	15	26
03/01/2025	05	6	1	16	17	25
03/01/2025	06	6	4	26	32	16
03/01/2025	07	7	21	39	71	4
03/01/2025	08	6	47	54	126	4
03/01/2025	09	6	9	47	60	12
03/01/2025	10	5	4	46	51	18
03/01/2025	11	3	2	42	45	30
03/01/2025	12	3	1	26	28	41
03/01/2025	13	3	1	19	21	44
03/01/2025	14	3	1	20	22	42
03/01/2025	15	3	1	21	23	46
03/01/2025	16	3	1	29	31	37
03/01/2025	17	3	1	26	28	39
03/01/2025	18	3	1	34	36	27
03/01/2025	19	3	1	43	44	22
03/01/2025	20	3	1	45	46	16
03/01/2025	21	3	2	45	48	21
03/01/2025	22	3	1	18	19	47
03/01/2025	23	3	1	11	13	52
04/01/2025	00	3	1	12	13	49
04/01/2025	01	3	1	14	16	45
04/01/2025	02	3	1	9	11	52
04/01/2025	03	3	1	4	6	56
04/01/2025	04	3	1	4	6	52
04/01/2025	05	3	1	3	4	55
04/01/2025	06	3	1	5	7	51
04/01/2025	07	3	1	7	9	50
04/01/2025	08	3	1	14	16	39
04/01/2025	09	3	1	18	20	43
04/01/2025	10	3	1	19	21	42
04/01/2025	11	3	1	19	21	47
04/01/2025	12	3	1	22	24	47
04/01/2025	13	3	1	17	19	54
04/01/2025	14	3	1	12	14	57
04/01/2025	15	3	1	8	10	61
04/01/2025	16	3	1	7	9	60
04/01/2025	17	3	1	14	15	52
04/01/2025	18	3	1	21	23	40
04/01/2025	19	3	1	46	48	19
04/01/2025	20	3	22	57	90	6
04/01/2025	21	3	18	53	81	4
04/01/2025	22	3	10	49	65	4
04/01/2025	23	3	29	49	93	4
05/01/2025	00	3	32	50	99	10
05/01/2025	01	3	1	17	18	47
05/01/2025	02	3	1	8	9	54
05/01/2025	03	3	1	3	4	59
05/01/2025	04	3	1	2	4	58
05/01/2025	05	3	1	3	4	59
05/01/2025	06	3	1	2	3	64
05/01/2025	07	3	1	1	3	65
05/01/2025	08	3	1	3	5	56
05/01/2025	09	3	1	5	7	55
05/01/2025	10	3	1	7	9	55
05/01/2025	11	3	1	9	11	52
05/01/2025	12	3	1	10	12	57
05/01/2025	13	3	1	8	10	61
05/01/2025	14	3	1	9	11	62
05/01/2025	15	3	1	8	10	63
05/01/2025	16	3	1	9	11	60
05/01/2025	17	3	1	23	25	31
05/01/2025	18	3	1	46	48	17
05/01/2025	19	3	1	33	35	28
05/01/2025	20	3	1	42	44	13
05/01/2025	21	3	1	35	37	26
05/01/2025	22	3	1	33	35	24
05/01/2025	23	3	1	25	27	29
06/01/2025	00	3	1	37	39	14
06/01/2025	01	3	1	30	32	21
06/01/2025	02	3	1	21	23	25
06/01/2025	03	3	1	13	15	45
06/01/2025	04	3	1	4	5	56
06/01/2025	05	3	1	6	8	45
06/01/2025	06	3	1	8	10	40
06/01/2025	07	3	1	20	22	24
06/01/2025	08	3	1	20	22	47
06/01/2025	09	3	1	6	7	68
06/01/2025	10	3	1	3	5	72
06/01/2025	11	3	1	5	7	70
06/01/2025	12	3	1	7	8	67
06/01/2025	13	3	1	8	10	66
06/01/2025	14	3	1	8	10	64
06/01/2025	15	3	1	4	6	66
06/01/2025	16	3	1	4	6	64
06/01/2025	17	3	1	10	12	51
06/01/2025	18	3	1	20	22	43
06/01/2025	19	3	1	13	14	57
06/01/2025	20	3	1	12	14	57
06/01/2025	21	3	1	11	13	58
06/01/2025	22	3	1	15	17	43
06/01/2025	23	3	1	13	15	54
07/01/2025	00	3	1	4	6	65
07/01/2025	01	3	1	1	3	66
07/01/2025	02	3	1	1	2	66
07/01/2025	03	3	1	1	2	61
07/01/2025	04	3	1	3	5	49
07/01/2025	05	3	1	5	7	54
07/01/2025	06	3	1	6	8	54
07/01/2025	07	3	1	29	31	28
07/01/2025	08	3	11	54	71	7
07/01/2025	10	3	3	42	47	24
07/01/2025	11	3	1	23	24	46
07/01/2025	12	3	1	13	15	53
07/01/2025	13	3	1	10	12	50
07/01/2025	14	3	1	10	11	55
07/01/2025	15	3	1	8	10	60
07/01/2025	16	3	1	12	13	55
07/01/2025	17	3	1	20	21	46
07/01/2025	18	3	1	15	17	53
07/01/2025	19	3	1	17	18	46
07/01/2025	20	3	1	18	19	45
07/01/2025	21	3	1	14	15	49
07/01/2025	22	3	1	8	10	53
07/01/2025	23	3	1	4	6	58
08/01/2025	00	3	1	2	4	60
08/01/2025	01	3	1	1	3	61
08/01/2025	02	3	1	1	3	61
08/01/2025	03	3	1	1	3	61
08/01/2025	04	3	1	1	2	63
08/01/2025	05	3	1	1	3	59
08/01/2025	06	3	1	7	9	47
08/01/2025	07	3	1	16	18	40
08/01/2025	08	3	1	37	39	24
08/01/2025	09	3	1	43	44	23
08/01/2025	10	3	1	31	33	33
08/01/2025	11	3	1	31	33	37
08/01/2025	12	3	1	23	24	49
08/01/2025	13	3	1	13	14	57
08/01/2025	14	3	1	13	15	56
08/01/2025	15	3	1	11	13	61
08/01/2025	16	3	1	11	12	60
08/01/2025	17	3	1	14	16	53
08/01/2025	18	3	1	16	18	52
08/01/2025	19	3	1	16	18	50
08/01/2025	20	3	1	20	22	44
08/01/2025	21	3	1	14	16	52
08/01/2025	22	3	1	7	9	62
08/01/2025	23	3	1	2	4	67
09/01/2025	00	3	1	1	2	65
09/01/2025	01	3	1	2	3	61
09/01/2025	02	3	1	3	5	61
09/01/2025	03	3	1	1	3	67
09/01/2025	04	3	1	1	2	65
09/01/2025	05	3	1	1	3	64
09/01/2025	06	3	1	3	5	58
09/01/2025	07	3	1	15	17	44
09/01/2025	08	3	1	25	26	42
09/01/2025	09	3	1	19	21	46
09/01/2025	10	3	1	19	21	44
09/01/2025	11	3	1	15	17	51
09/01/2025	12	3	1	10	11	54
09/01/2025	13	3	1	9	11	56
09/01/2025	14	3	1	8	10	58
09/01/2025	15	3	1	8	10	56
09/01/2025	16	3	1	11	13	53
09/01/2025	17	3	1	13	14	49
09/01/2025	18	3	1	21	23	37
09/01/2025	19	3	1	19	21	40
09/01/2025	20	3	1	30	32	21
09/01/2025	21	3	2	40	42	10
09/01/2025	22	3	2	32	34	25
09/01/2025	23	3	1	14	16	40
10/01/2025	00	3	1	7	9	43
10/01/2025	01	3	1	4	5	45
10/01/2025	02	3	1	4	5	44
10/01/2025	03	3	1	2	3	47
10/01/2025	04	3	1	3	4	45
10/01/2025	05	3	1	3	5	45
10/01/2025	06	3	1	7	8	39
10/01/2025	07	3	1	14	16	32
10/01/2025	08	3	1	25	26	28
10/01/2025	09	3	1	24	26	31
10/01/2025	10	3	1	21	23	35
10/01/2025	11	3	1	20	22	37
10/01/2025	12	3	1	15	17	43
10/01/2025	13	3	1	16	18	44
10/01/2025	14	3	1	13	15	51
10/01/2025	15	3	1	12	14	49
10/01/2025	16	3	1	13	15	46
10/01/2025	17	3	1	17	19	37
10/01/2025	18	3	1	22	24	36
10/01/2025	19	3	1	15	17	45
10/01/2025	20	3	1	17	19	40
10/01/2025	21	3	1	22	24	36
10/01/2025	22	3	1	19	21	40
10/01/2025	23	3	1	11	13	50
11/01/2025	00	3	1	8	10	50
11/01/2025	01	3	1	5	7	49
11/01/2025	02	3	1	5	6	49
11/01/2025	03	3	1	3	5	47
11/01/2025	04	3	1	4	6	52
11/01/2025	05	3	1	2	4	54
11/01/2025	06	3	1	3	4	50
11/01/2025	07	3	1	4	6	49
11/01/2025	08	3	1	5	7	46
11/01/2025	09	3	1	9	11	43
11/01/2025	10	3	1	8	10	43
11/01/2025	11	3	1	9	12	41
11/01/2025	12	3	1	9	11	42
11/01/2025	13	3	1	8	10	43
11/01/2025	14	3	1	6	7	61
11/01/2025	15	3	1	2	3	69
11/01/2025	16	3	1	1	2	70
11/01/2025	17	3	1	1	3	68
11/01/2025	18	3	1	4	6	66
11/01/2025	19	3	1	6	7	65
11/01/2025	20	3	1	14	15	48
11/01/2025	21	3	1	21	23	47
11/01/2025	22	3	1	9	10	66
11/01/2025	23	3	1	2	3	72
12/01/2025	00	3	1	1	2	73
12/01/2025	01	3	1	1	2	73
12/01/2025	02	3	1	1	2	73
12/01/2025	03	3	1	1	2	74
12/01/2025	04	3	1	1	2	73
12/01/2025	05	3	1	1	2	73
12/01/2025	06	3	1	1	2	73
12/01/2025	07	3	1	1	2	72
12/01/2025	08	3	1	1	2	72
12/01/2025	09	3	1	1	2	71
12/01/2025	10	3	1	1	3	71
12/01/2025	11	3	1	1	2	73
12/01/2025	12	3	1	2	3	70
12/01/2025	13	3	1	5	6	69
12/01/2025	14	3	1	13	15	62
12/01/2025	15	3	1	11	12	68
12/01/2025	16	3	1	9	11	68
12/01/2025	17	3	1	9	11	62
12/01/2025	18	3	1	11	12	63
12/01/2025	19	3	1	6	7	67
12/01/2025	20	3	1	7	8	68
12/01/2025	21	3	1	4	6	71
12/01/2025	22	3	1	3	5	68
12/01/2025	23	3	1	3	5	69
13/01/2025	00	3	1	2	3	65
13/01/2025	01	3	1	6	8	42
13/01/2025	02	3	1	12	14	33
13/01/2025	03	3	1	8	9	44
13/01/2025	04	3	1	3	5	48
13/01/2025	05	3	1	5	6	42
13/01/2025	06	3	1	11	12	33
13/01/2025	07	3	2	37	40	15
13/01/2025	08	4	17	50	75	8
13/01/2025	09	4	9	49	63	15
13/01/2025	10	4	1	36	38	28
13/01/2025	11	3	1	23	25	39
13/01/2025	12	3	1	25	27	45
13/01/2025	13	3	1	23	25	59
13/01/2025	14	3	1	7	9	72
13/01/2025	15	3	1	10	12	68
13/01/2025	16	3	1	8	10	72
13/01/2025	17	3	1	10	12	69
13/01/2025	18	3	1	13	15	59
13/01/2025	19	3	1	20	21	50
13/01/2025	20	3	1	33	35	31
13/01/2025	21	3	1	35	36	33
13/01/2025	22	3	1	26	28	40
13/01/2025	23	3	1	20	22	39
14/01/2025	00	3	1	26	28	24
14/01/2025	01	3	1	18	20	36
14/01/2025	02	3	1	9	10	42
14/01/2025	03	4	1	6	8	46
14/01/2025	04	4	1	5	6	45
14/01/2025	05	4	1	6	7	48
14/01/2025	06	4	1	9	10	44
14/01/2025	07	5	1	31	32	25
14/01/2025	08	5	9	55	68	8
14/01/2025	09	5	10	52	67	14
14/01/2025	10	5	2	42	44	25
14/01/2025	11	4	1	34	36	34
14/01/2025	12	3	1	27	29	46
14/01/2025	13	3	1	27	29	49
14/01/2025	14	3	1	25	27	54
14/01/2025	15	3	1	26	28	50
14/01/2025	16	3	1	28	30	51
14/01/2025	17	3	1	21	22	60
14/01/2025	18	3	1	20	22	51
14/01/2025	19	3	1	37	38	28
14/01/2025	20	3	1	44	46	14
14/01/2025	21	3	47	66	138	4
14/01/2025	22	3	56	65	151	3
14/01/2025	23	3	13	51	71	7
15/01/2025	00	3	1	29	31	23
15/01/2025	01	3	1	18	19	32
15/01/2025	02	4	1	12	14	35
15/01/2025	03	4	1	10	12	34
15/01/2025	04	5	1	12	14	32
15/01/2025	05	5	1	18	19	22
15/01/2025	06	6	1	36	38	7
15/01/2025	07	7	29	45	89	3
15/01/2025	08	8	98	54	204	2
15/01/2025	09	8	116	59	237	4
15/01/2025	10	7	51	58	136	9
15/01/2025	11	4	10	53	69	18
15/01/2025	12	3	1	31	33	35
15/01/2025	13	3	1	29	30	40
15/01/2025	14	3	1	24	25	50
15/01/2025	15	3	1	23	25	52
15/01/2025	16	3	1	29	31	51
15/01/2025	17	3	1	23	24	56
15/01/2025	18	3	1	35	37	36
15/01/2025	19	3	1	49	51	16
15/01/2025	20	3	13	62	82	4
15/01/2025	21	3	26	61	102	3
15/01/2025	22	3	29	58	103	3
15/01/2025	23	5	49	59	134	4
16/01/2025	00	4	15	49	73	3
16/01/2025	01	4	3	42	47	5
16/01/2025	02	4	1	27	29	14
16/01/2025	03	6	1	17	19	20
16/01/2025	04	6	1	12	14	24
16/01/2025	05	6	1	9	11	24
16/01/2025	06	7	1	25	27	9
16/01/2025	07	8	28	43	86	3
16/01/2025	08	9	113	54	227	2
16/01/2025	09	8	93	57	199	4
16/01/2025	10	7	46	54	125	13
16/01/2025	11	4	1	26	27	50
16/01/2025	12	3	1	12	13	63
16/01/2025	13	3	1	6	8	69
16/01/2025	14	3	1	5	6	73
16/01/2025	15	3	1	4	6	75
16/01/2025	16	3	1	5	7	70
16/01/2025	17	3	1	5	7	66
16/01/2025	18	3	1	9	11	60
16/01/2025	19	3	1	8	10	62
16/01/2025	20	3	1	10	12	59
16/01/2025	21	3	1	19	20	47
16/01/2025	22	3	1	16	18	53
16/01/2025	23	3	1	5	7	58
17/01/2025	00	3	1	4	5	55
17/01/2025	01	3	1	4	5	56
17/01/2025	02	3	1	1	3	58
17/01/2025	03	3	1	1	2	59
17/01/2025	04	3	1	1	2	59
17/01/2025	05	3	1	1	2	60
17/01/2025	06	3	1	2	3	59
17/01/2025	07	3	1	4	6	57
17/01/2025	08	3	1	8	9	56
17/01/2025	09	3	1	9	10	53
17/01/2025	10	3	1	10	11	51
17/01/2025	11	3	1	9	11	52
17/01/2025	12	3	1	9	11	50
17/01/2025	13	3	1	11	13	48
17/01/2025	14	3	1	10	12	51
17/01/2025	15	3	1	9	11	52
17/01/2025	16	3	1	9	11	53
17/01/2025	17	3	1	10	12	53
17/01/2025	18	3	1	13	14	48
17/01/2025	19	3	1	18	20	42
17/01/2025	20	3	1	22	24	34
17/01/2025	21	3	1	24	26	30
17/01/2025	22	3	2	31	34	17
17/01/2025	23	3	11	50	67	5
18/01/2025	00	3	2	41	44	14
18/01/2025	01	3	1	27	28	22
18/01/2025	02	3	1	17	18	29
18/01/2025	03	3	1	9	11	33
18/01/2025	04	4	1	4	6	40
18/01/2025	05	4	1	3	5	42
18/01/2025	06	5	1	5	7	41
18/01/2025	07	5	1	7	9	40
18/01/2025	08	5	1	14	16	34
18/01/2025	09	5	1	19	20	34
18/01/2025	10	4	1	17	18	38
18/01/2025	11	3	1	15	17	42
18/01/2025	12	3	1	14	15	48
18/01/2025	13	3	1	11	13	60
18/01/2025	14	3	1	9	10	64
18/01/2025	15	3	1	35	37	44
18/01/2025	16	3	1	30	32	41
18/01/2025	17	3	1	41	43	29
18/01/2025	18	3	1	34	36	27
18/01/2025	19	3	1	45	47	7
18/01/2025	20	3	17	52	78	4
18/01/2025	21	4	61	50	143	4
18/01/2025	22	4	59	51	142	3
18/01/2025	23	4	23	45	81	4
19/01/2025	00	4	2	37	40	9
19/01/2025	01	5	1	24	26	17
19/01/2025	02	5	1	16	18	22
19/01/2025	03	5	1	10	12	28
19/01/2025	04	5	1	6	8	35
19/01/2025	05	6	1	4	6	36
19/01/2025	06	6	1	5	6	34
19/01/2025	07	7	1	10	12	26
19/01/2025	08	7	1	13	14	28
19/01/2025	09	7	1	16	18	29
19/01/2025	10	7	1	19	21	32
19/01/2025	11	5	1	19	21	35
19/01/2025	12	3	1	19	21	43
19/01/2025	13	3	1	14	16	59
19/01/2025	14	3	1	12	14	61
19/01/2025	15	3	1	22	24	53
19/01/2025	16	3	1	21	23	60
19/01/2025	17	3	1	25	26	51
19/01/2025	18	3	1	23	25	51
19/01/2025	19	3	1	25	27	40
19/01/2025	20	3	1	30	32	24
19/01/2025	21	3	2	50	53	4
19/01/2025	22	3	20	51	82	3
19/01/2025	23	3	12	48	66	6
20/01/2025	00	4	2	25	28	23
20/01/2025	01	4	1	15	16	32
20/01/2025	02	4	1	11	12	33
20/01/2025	03	4	1	10	11	26
20/01/2025	04	5	1	11	13	23
20/01/2025	05	5	1	13	14	18
20/01/2025	06	5	1	29	30	14
20/01/2025	07	6	1	34	36	17
20/01/2025	08	6	49	53	129	4
20/01/2025	09	4	10	46	61	12
20/01/2025	10	3	3	33	37	30
20/01/2025	11	3	1	27	29	37
20/01/2025	12	3	1	24	26	44
20/01/2025	13	3	1	24	26	45
20/01/2025	14	3	1	20	22	52
20/01/2025	15	3	1	21	22	47
20/01/2025	16	3	1	21	23	42
20/01/2025	17	3	2	41	44	18
20/01/2025	18	3	8	61	73	4
20/01/2025	19	3	20	61	92	4
20/01/2025	20	3	28	57	100	4
20/01/2025	21	3	30	52	98	4
20/01/2025	22	3	41	53	117	4
20/01/2025	23	3	30	50	96	4
21/01/2025	00	3	7	45	56	4
21/01/2025	01	3	4	38	43	7
21/01/2025	02	3	1	26	28	18
21/01/2025	03	3	1	20	21	12
21/01/2025	04	3	1	17	19	18
21/01/2025	05	3	1	12	14	23
21/01/2025	06	3	1	16	18	10
21/01/2025	07	3	36	26	81	4
21/01/2025	08	3	30	30	75	3
21/01/2025	09	3	63	32	129	4
21/01/2025	10	3	72	41	150	4
21/01/2025	11	3	88	48	183	6
21/01/2025	12	3	17	42	68	12
21/01/2025	13	3	13	48	68	13
21/01/2025	14	3	51	56	134	5
21/01/2025	15	3	29	54	98	10
21/01/2025	16	3	17	48	74	11
21/01/2025	17	3	15	52	75	16
21/01/2025	18	3	1	44	46	17
21/01/2025	19	3	1	38	40	11
21/01/2025	20	3	43	46	111	3
21/01/2025	21	3	55	42	125	3
21/01/2025	22	3	76	40	157	3
21/01/2025	23	3	86	37	169	3
22/01/2025	00	3	77	31	149	3
22/01/2025	01	3	44	26	94	4
22/01/2025	02	3	25	23	61	4
22/01/2025	03	3	22	20	54	4
22/01/2025	04	3	26	18	57	3
22/01/2025	05	3	6	22	31	4
22/01/2025	06	3	5	21	27	3
22/01/2025	07	3	23	19	54	3
22/01/2025	08	3	44	25	92	3
22/01/2025	09	3	103	36	193	4
22/01/2025	10	3	67	48	150	6
22/01/2025	11	3	35	52	105	9
22/01/2025	12	3	24	58	94	12
22/01/2025	13	3	9	52	67	24
22/01/2025	14	3	1	34	35	32
22/01/2025	15	3	1	29	31	28
22/01/2025	16	3	3	44	48	16
22/01/2025	17	3	1	25	28	43
22/01/2025	18	3	1	22	24	37
22/01/2025	19	3	1	26	28	37
22/01/2025	20	3	1	22	24	41
22/01/2025	21	3	1	16	18	41
22/01/2025	22	3	2	28	31	27
22/01/2025	23	3	1	38	40	21
23/01/2025	00	3	1	32	34	20
23/01/2025	01	3	1	12	14	39
23/01/2025	02	3	1	7	9	37
23/01/2025	03	3	1	7	9	32
23/01/2025	04	3	1	7	9	41
23/01/2025	05	3	1	5	6	48
23/01/2025	06	3	1	13	15	31
23/01/2025	07	3	1	35	37	16
23/01/2025	08	3	1	42	44	11
23/01/2025	09	3	8	47	59	13
23/01/2025	10	3	1	28	29	37
23/01/2025	11	3	1	19	21	47
23/01/2025	12	3	1	15	16	57
23/01/2025	13	3	1	12	14	61
23/01/2025	14	3	1	9	11	63
23/01/2025	15	3	1	10	12	63
23/01/2025	16	3	1	10	11	63
23/01/2025	17	3	1	14	16	55
23/01/2025	18	3	1	46	48	18
23/01/2025	19	3	1	50	51	22
23/01/2025	20	3	1	40	41	23
23/01/2025	21	3	1	38	40	23
23/01/2025	22	3	1	33	35	20
23/01/2025	23	3	5	36	44	12
24/01/2025	00	3	6	32	40	24
24/01/2025	01	3	1	19	21	29
24/01/2025	02	3	1	13	15	39
24/01/2025	03	3	1	7	9	45
24/01/2025	04	3	1	6	8	45
24/01/2025	05	3	1	7	9	37
24/01/2025	06	3	1	16	18	24
24/01/2025	07	3	2	39	42	10
24/01/2025	08	3	38	53	111	4
24/01/2025	09	3	49	55	129	6
24/01/2025	10	3	15	50	73	17
24/01/2025	11	3	1	29	31	40
24/01/2025	12	3	1	17	19	59
24/01/2025	13	3	1	13	15	62
24/01/2025	14	3	1	11	13	62
24/01/2025	15	3	1	10	12	65
24/01/2025	16	3	1	10	12	65
24/01/2025	17	3	1	15	17	57
24/01/2025	18	3	1	32	33	36
24/01/2025	19	3	1	36	38	34
24/01/2025	20	3	1	43	45	22
24/01/2025	21	3	1	45	47	19
24/01/2025	22	3	1	37	39	22
24/01/2025	23	3	1	26	28	32
25/01/2025	00	3	1	28	30	24
25/01/2025	01	3	1	21	23	34
25/01/2025	02	3	1	10	12	47
25/01/2025	03	3	1	5	7	49
25/01/2025	04	3	1	9	10	36
25/01/2025	05	3	1	9	11	45
25/01/2025	06	3	1	5	7	45
25/01/2025	07	3	1	9	10	45
25/01/2025	08	3	1	7	9	48
25/01/2025	09	3	1	9	11	44
25/01/2025	10	3	1	9	11	47
25/01/2025	11	3	1	9	11	50
25/01/2025	12	3	1	9	10	53
25/01/2025	13	3	1	8	10	57
25/01/2025	14	3	1	7	9	65
25/01/2025	15	3	1	5	7	68
25/01/2025	16	3	1	4	6	64
25/01/2025	17	3	1	7	8	58
25/01/2025	18	3	1	12	13	51
25/01/2025	19	3	1	12	13	55
25/01/2025	20	3	1	10	11	56
25/01/2025	21	3	1	16	18	47
25/01/2025	22	3	1	10	12	58
25/01/2025	23	3	1	8	10	55
26/01/2025	00	3	1	19	21	31
26/01/2025	01	3	1	26	28	38
26/01/2025	02	3	1	6	8	52
26/01/2025	03	3	1	3	5	50
26/01/2025	04	3	1	6	7	41
26/01/2025	05	3	1	7	9	43
26/01/2025	06	3	1	3	4	45
26/01/2025	07	3	1	6	7	41
26/01/2025	08	3	1	5	6	49
26/01/2025	09	3	1	6	7	51
26/01/2025	10	3	1	4	5	55
26/01/2025	11	3	1	3	5	58
26/01/2025	12	3	1	2	4	62
26/01/2025	13	3	1	3	5	67
26/01/2025	14	3	1	3	5	67
26/01/2025	15	3	1	4	6	61
26/01/2025	16	3	1	4	6	60
26/01/2025	17	3	1	7	8	56
26/01/2025	18	3	1	11	13	56
26/01/2025	19	3	1	22	23	40
26/01/2025	20	3	1	32	34	31
26/01/2025	21	3	1	33	35	23
26/01/2025	22	3	1	32	34	31
26/01/2025	23	3	1	11	12	42
27/01/2025	00	3	1	15	17	26
27/01/2025	01	3	1	14	16	39
27/01/2025	02	3	1	6	8	50
27/01/2025	03	3	1	3	5	50
27/01/2025	04	3	1	2	4	52
27/01/2025	05	3	1	1	3	56
27/01/2025	06	3	1	2	4	53
27/01/2025	07	3	1	10	11	40
27/01/2025	08	3	6	43	52	21
27/01/2025	09	3	9	47	61	27
27/01/2025	10	3	1	12	14	46
27/01/2025	11	3	1	6	8	47
27/01/2025	12	3	1	7	9	46
27/01/2025	13	3	1	9	11	48
27/01/2025	14	3	1	6	8	51
27/01/2025	15	3	1	4	6	55
27/01/2025	16	3	1	5	7	56
27/01/2025	17	3	1	10	12	46
27/01/2025	18	3	1	12	14	40
27/01/2025	19	3	1	17	19	31
27/01/2025	20	3	1	11	12	51
27/01/2025	21	3	1	3	5	67
27/01/2025	22	3	1	1	2	73
27/01/2025	23	3	1	1	2	75
28/01/2025	00	3	1	1	2	76
28/01/2025	01	3	1	1	2	76
28/01/2025	02	3	1	1	2	76
28/01/2025	03	3	1	1	2	76
28/01/2025	04	3	1	1	2	77
28/01/2025	05	3	1	1	2	77
28/01/2025	06	3	1	1	2	74
28/01/2025	07	3	1	7	9	66
28/01/2025	08	3	1	19	21	55
28/01/2025	09	3	1	20	22	57
28/01/2025	10	3	1	8	9	69
28/01/2025	11	3	1	7	9	74
28/01/2025	12	3	1	4	6	74
28/01/2025	13	3	1	5	7	73
28/01/2025	14	3	1	4	6	74
28/01/2025	15	3	1	4	6	73
28/01/2025	16	3	1	5	7	71
28/01/2025	17	3	1	11	12	64
28/01/2025	18	3	1	14	15	60
28/01/2025	19	3	1	13	15	58
28/01/2025	20	3	1	11	13	59
28/01/2025	21	3	1	7	9	62
28/01/2025	22	3	1	4	6	63
28/01/2025	23	3	1	2	4	64
29/01/2025	00	3	1	1	3	62
29/01/2025	01	3	1	1	2	61
29/01/2025	02	3	1	1	2	60
29/01/2025	03	3	1	1	3	60
29/01/2025	04	3	1	1	2	60
29/01/2025	05	3	1	1	2	59
29/01/2025	06	3	1	4	6	52
29/01/2025	07	3	1	15	17	42
29/01/2025	08	3	1	34	36	33
29/01/2025	09	3	1	22	23	44
29/01/2025	10	3	1	10	12	52
29/01/2025	11	3	1	10	12	54
29/01/2025	12	3	1	11	12	57
29/01/2025	13	3	1	12	13	59
29/01/2025	14	3	1	15	17	54
29/01/2025	15	3	1	12	14	62
29/01/2025	16	3	1	12	14	60
29/01/2025	17	3	1	27	28	36
29/01/2025	18	3	1	37	39	40
29/01/2025	19	3	1	26	28	41
29/01/2025	20	3	1	28	30	37
29/01/2025	21	3	1	26	28	31
29/01/2025	22	3	1	24	26	41
29/01/2025	23	3	1	21	23	32
30/01/2025	00	3	1	18	20	51
30/01/2025	01	3	1	4	6	64
30/01/2025	02	3	1	1	2	71
30/01/2025	03	3	1	1	2	72
30/01/2025	04	3	1	1	2	70
30/01/2025	05	3	1	2	3	66
30/01/2025	06	3	1	7	9	57
30/01/2025	07	3	3	38	43	30
30/01/2025	08	3	13	60	81	9
30/01/2025	09	3	4	50	56	24
30/01/2025	11	3	1	18	20	56
30/01/2025	12	3	1	7	9	63
30/01/2025	13	3	1	11	13	61
30/01/2025	14	3	1	8	10	63
30/01/2025	15	3	1	4	6	64
30/01/2025	16	3	1	9	11	53
30/01/2025	17	3	1	18	20	39
30/01/2025	18	3	1	22	24	38
30/01/2025	19	3	1	9	11	63
30/01/2025	20	3	1	4	6	65
30/01/2025	21	3	1	4	6	61
30/01/2025	22	3	1	5	7	59
30/01/2025	23	3	1	3	5	61
31/01/2025	00	3	1	1	3	62
31/01/2025	01	3	1	1	3	62
31/01/2025	02	3	1	1	2	63
31/01/2025	03	3	1	1	2	62
31/01/2025	04	3	1	1	2	61
31/01/2025	05	3	1	1	2	61
31/01/2025	06	3	1	8	10	55
31/01/2025	07	3	1	26	28	36
31/01/2025	08	3	2	53	55	16
31/01/2025	09	3	2	49	52	24
31/01/2025	10	3	1	24	26	45
31/01/2025	11	3	1	20	22	49
31/01/2025	12	3	1	14	16	61
31/01/2025	13	3	1	13	15	65
31/01/2025	14	3	1	8	10	70
31/01/2025	15	3	1	9	11	67
31/01/2025	16	3	1	13	15	67
31/01/2025	17	3	1	17	18	67
31/01/2025	18	3	1	19	20	56
31/01/2025	19	3	1	29	31	40
31/01/2025	20	3	1	19	21	49
31/01/2025	21	3	1	17	19	50
31/01/2025	22	3	1	23	25	33
31/01/2025	23	3	1	28	29	27
01/02/2025	00	3	1	30	32	17
01/02/2025	01	3	1	30	32	22
01/02/2025	02	3	1	20	22	25
01/02/2025	03	3	1	10	12	32
01/02/2025	04	3	1	5	6	41
01/02/2025	05	3	1	6	8	37
01/02/2025	06	4	1	6	7	40
01/02/2025	07	5	1	15	17	28
01/02/2025	08	5	1	24	26	22
01/02/2025	09	5	1	23	25	26
01/02/2025	10	5	1	33	35	23
01/02/2025	11	3	1	30	32	32
01/02/2025	12	3	1	18	20	51
01/02/2025	13	3	1	6	8	65
01/02/2025	14	3	1	10	11	60
01/02/2025	15	3	1	12	14	66
01/02/2025	16	3	1	5	7	70
01/02/2025	17	3	1	4	6	64
01/02/2025	18	3	1	8	10	51
01/02/2025	19	3	1	15	17	37
01/02/2025	20	3	1	18	20	37
01/02/2025	21	3	1	33	35	19
01/02/2025	22	3	1	16	18	34
01/02/2025	23	3	1	23	25	24
02/02/2025	00	3	1	22	24	30
02/02/2025	01	3	1	22	24	30
02/02/2025	02	3	1	12	13	32
02/02/2025	03	3	1	9	11	34
02/02/2025	04	3	1	7	9	36
02/02/2025	05	3	1	5	6	35
02/02/2025	06	3	1	4	5	41
02/02/2025	07	3	1	3	5	38
02/02/2025	08	3	1	5	6	37
02/02/2025	09	4	1	6	7	40
02/02/2025	10	3	1	7	9	43
02/02/2025	11	3	1	9	11	46
02/02/2025	12	3	1	8	9	55
02/02/2025	13	3	1	4	6	64
02/02/2025	14	3	1	3	5	66
02/02/2025	15	3	1	5	7	64
02/02/2025	16	3	1	4	5	68
02/02/2025	17	3	1	4	6	66
02/02/2025	18	3	1	12	14	50
02/02/2025	19	3	1	31	33	29
02/02/2025	20	3	1	28	30	24
02/02/2025	21	3	1	27	29	21
02/02/2025	22	3	23	46	81	4
02/02/2025	23	3	26	44	84	3
03/02/2025	00	3	3	33	37	11
03/02/2025	01	3	1	13	14	28
03/02/2025	02	4	1	8	10	30
03/02/2025	03	4	1	6	8	31
03/02/2025	04	4	1	5	7	32
03/02/2025	05	5	1	5	7	33
03/02/2025	06	5	1	12	14	23
03/02/2025	07	5	19	33	62	6
03/02/2025	08	4	43	45	110	5
03/02/2025	09	4	17	43	69	11
03/02/2025	10	4	5	38	45	19
03/02/2025	11	3	1	32	34	33
03/02/2025	12	3	1	17	19	56
03/02/2025	13	3	1	9	10	70
03/02/2025	14	3	1	5	7	70
03/02/2025	15	3	1	17	18	59
03/02/2025	16	3	1	15	17	63
03/02/2025	17	3	1	24	25	44
03/02/2025	18	3	6	56	66	8
03/02/2025	19	3	43	60	125	3
03/02/2025	20	3	44	60	127	4
03/02/2025	21	3	69	59	165	3
03/02/2025	22	3	64	54	153	4
03/02/2025	23	3	54	53	136	3
04/02/2025	00	3	4	36	43	10
04/02/2025	01	3	1	24	26	16
04/02/2025	02	4	1	17	18	24
04/02/2025	03	4	1	9	11	34
04/02/2025	04	4	1	6	8	36
04/02/2025	05	4	1	6	8	35
04/02/2025	06	4	1	10	12	32
04/02/2025	07	5	1	33	35	15
04/02/2025	08	5	23	49	84	6
04/02/2025	09	5	32	49	98	8
04/02/2025	10	4	16	47	72	15
04/02/2025	11	3	3	39	43	24
04/02/2025	12	3	1	44	46	37
04/02/2025	13	3	1	41	43	43
04/02/2025	14	3	1	25	27	61
04/02/2025	15	3	1	17	19	69
04/02/2025	16	3	1	17	18	66
04/02/2025	17	3	1	24	26	49
04/02/2025	18	3	1	40	42	31
04/02/2025	19	3	1	51	53	26
04/02/2025	20	3	1	54	56	13
04/02/2025	21	3	1	41	43	19
04/02/2025	22	3	1	35	37	24
04/02/2025	23	3	1	26	27	31
05/02/2025	00	3	1	25	26	21
05/02/2025	01	3	1	25	27	21
05/02/2025	02	3	1	18	20	25
05/02/2025	03	3	1	10	12	34
05/02/2025	04	3	1	5	7	41
05/02/2025	05	3	1	4	6	39
05/02/2025	06	3	1	15	17	21
05/02/2025	07	5	20	41	72	4
05/02/2025	08	5	51	50	128	3
05/02/2025	09	5	26	50	90	9
05/02/2025	10	4	10	44	59	18
05/02/2025	11	3	1	34	37	27
05/02/2025	12	3	1	29	30	44
05/02/2025	13	3	1	22	23	59
05/02/2025	14	3	1	12	14	71
05/02/2025	15	3	1	14	16	65
05/02/2025	16	3	1	25	27	50
05/02/2025	17	3	1	46	48	34
05/02/2025	18	3	11	57	74	9
05/02/2025	19	3	9	61	75	4
05/02/2025	20	3	6	58	68	6
05/02/2025	21	3	6	52	60	3
05/02/2025	22	3	5	49	56	5
05/02/2025	23	3	8	44	57	4
06/02/2025	00	3	17	48	73	3
06/02/2025	01	4	2	33	37	10
06/02/2025	02	4	1	21	22	19
06/02/2025	03	4	1	14	16	24
06/02/2025	04	5	1	13	15	27
06/02/2025	05	5	1	12	14	28
06/02/2025	06	5	1	17	19	23
06/02/2025	07	6	2	37	40	10
06/02/2025	08	6	21	44	75	5
06/02/2025	09	6	24	47	83	8
06/02/2025	10	5	6	40	50	21
06/02/2025	11	4	1	31	33	35
06/02/2025	12	3	1	23	25	51
06/02/2025	13	3	1	27	29	48
06/02/2025	14	3	1	21	22	63
06/02/2025	15	3	1	15	17	70
06/02/2025	16	3	1	23	25	59
06/02/2025	17	3	1	25	27	58
06/02/2025	18	3	1	59	61	15
06/02/2025	19	3	2	64	67	7
06/02/2025	20	3	11	67	84	7
06/02/2025	21	3	1	55	57	8
06/02/2025	22	3	17	56	82	4
06/02/2025	23	3	40	61	123	4
07/02/2025	00	3	12	50	68	6
07/02/2025	01	3	1	30	32	19
07/02/2025	02	4	1	17	19	26
07/02/2025	03	4	1	13	15	29
07/02/2025	04	4	1	11	12	30
07/02/2025	05	4	1	13	15	26
07/02/2025	06	5	1	17	19	21
07/02/2025	07	6	10	38	52	5
07/02/2025	08	7	64	51	149	3
07/02/2025	09	6	37	50	106	9
07/02/2025	10	6	45	56	125	9
07/02/2025	11	3	19	58	87	16
07/02/2025	12	3	7	53	64	28
07/02/2025	14	3	1	16	18	66
07/02/2025	15	3	1	19	21	75
07/02/2025	16	3	1	20	22	70
07/02/2025	17	3	1	38	40	51
07/02/2025	18	3	4	67	73	17
07/02/2025	19	3	18	74	101	15
07/02/2025	20	3	1	31	33	57
07/02/2025	21	3	1	20	22	56
07/02/2025	22	3	1	13	15	58
07/02/2025	23	3	1	15	17	49
08/02/2025	00	3	1	18	20	49
08/02/2025	01	3	1	8	10	63
08/02/2025	02	3	1	5	7	60
08/02/2025	03	3	1	6	8	56
08/02/2025	04	3	1	5	7	51
08/02/2025	05	3	1	4	6	51
08/02/2025	06	3	1	3	5	51
08/02/2025	07	3	1	7	9	40
08/02/2025	08	3	1	15	17	25
08/02/2025	09	3	1	26	28	21
08/02/2025	10	3	1	27	29	28
08/02/2025	11	3	1	15	17	51
08/02/2025	12	3	1	4	6	67
08/02/2025	13	3	1	3	4	71
08/02/2025	14	3	1	2	4	72
08/02/2025	15	3	1	6	8	67
08/02/2025	16	3	1	15	17	58
08/02/2025	17	3	1	28	30	45
08/02/2025	18	3	1	35	37	41
08/02/2025	19	3	1	22	24	50
08/02/2025	20	3	1	18	20	47
08/02/2025	21	3	1	47	49	17
08/02/2025	22	3	1	41	43	21
08/02/2025	23	3	1	30	32	21
09/02/2025	00	3	2	36	39	10
09/02/2025	01	3	5	42	50	6
09/02/2025	02	3	1	28	30	16
09/02/2025	03	3	1	19	21	24
09/02/2025	04	3	1	9	11	34
09/02/2025	05	3	1	7	9	32
09/02/2025	06	3	1	7	9	34
09/02/2025	07	3	1	9	10	32
09/02/2025	08	3	1	13	15	26
09/02/2025	09	3	1	17	18	30
09/02/2025	10	3	1	15	17	39
09/02/2025	11	3	1	10	12	46
09/02/2025	12	3	1	12	14	48
09/02/2025	13	3	1	30	32	38
09/02/2025	14	3	1	25	27	49
09/02/2025	15	3	1	16	18	56
09/02/2025	16	3	1	13	15	61
09/02/2025	17	3	1	8	10	69
09/02/2025	18	3	1	10	12	60
09/02/2025	19	3	1	13	15	57
09/02/2025	20	3	1	13	15	51
09/02/2025	21	3	1	21	23	38
09/02/2025	22	3	1	21	23	42
09/02/2025	23	3	1	19	21	29
10/02/2025	00	3	1	27	29	22
10/02/2025	01	3	1	19	21	28
10/02/2025	02	3	1	11	12	35
10/02/2025	03	3	1	8	10	35
10/02/2025	04	3	1	7	8	33
10/02/2025	05	3	1	10	12	27
10/02/2025	06	3	1	18	20	16
10/02/2025	07	3	7	35	45	7
10/02/2025	08	3	51	42	120	4
10/02/2025	09	3	44	44	111	6
10/02/2025	10	3	20	41	72	7
10/02/2025	11	3	20	45	75	8
10/02/2025	12	3	12	52	69	18
10/02/2025	13	3	1	32	34	46
10/02/2025	14	3	1	19	20	64
10/02/2025	15	3	1	12	14	71
10/02/2025	16	3	1	12	14	65
10/02/2025	17	3	1	13	15	65
10/02/2025	18	3	1	16	17	57
10/02/2025	19	3	1	23	24	52
10/02/2025	20	3	1	26	28	47
10/02/2025	21	3	1	21	22	55
10/02/2025	22	3	1	15	17	60
10/02/2025	23	3	1	29	31	37
11/02/2025	00	3	1	20	22	58
11/02/2025	01	3	1	8	10	61
11/02/2025	02	3	1	7	9	49
11/02/2025	03	3	1	9	11	31
11/02/2025	04	3	1	10	12	27
11/02/2025	05	3	1	12	14	20
11/02/2025	06	3	3	21	25	9
11/02/2025	07	3	21	32	63	3
11/02/2025	08	3	62	34	129	3
11/02/2025	09	3	90	47	184	5
11/02/2025	10	3	35	53	107	20
11/02/2025	11	3	1	27	29	54
11/02/2025	12	3	1	20	22	62
11/02/2025	13	3	1	37	38	45
11/02/2025	14	3	1	35	37	54
11/02/2025	15	3	1	24	26	65
11/02/2025	16	3	1	19	21	64
11/02/2025	17	3	1	21	23	57
11/02/2025	18	3	1	29	30	48
11/02/2025	19	3	1	27	29	45
11/02/2025	20	3	1	27	29	51
11/02/2025	21	3	1	25	27	46
11/02/2025	22	3	1	22	24	46
11/02/2025	23	3	1	16	18	52
12/02/2025	00	3	1	10	11	58
12/02/2025	01	3	1	6	8	58
12/02/2025	02	3	1	5	7	55
12/02/2025	03	3	1	7	9	47
12/02/2025	04	3	1	9	11	43
12/02/2025	05	3	1	8	10	44
12/02/2025	06	3	1	15	17	25
12/02/2025	07	3	11	29	46	7
12/02/2025	08	3	37	37	94	3
12/02/2025	09	3	30	47	92	8
12/02/2025	10	3	8	52	65	21
12/02/2025	11	3	1	39	41	34
12/02/2025	12	3	1	32	34	31
12/02/2025	13	3	1	34	36	37
12/02/2025	14	3	1	23	25	51
12/02/2025	15	3	1	23	25	38
12/02/2025	16	3	1	25	27	45
12/02/2025	17	3	1	17	19	62
12/02/2025	18	3	1	14	16	59
12/02/2025	19	3	1	14	16	58
12/02/2025	20	3	1	16	18	49
12/02/2025	21	3	1	30	32	20
12/02/2025	22	3	1	18	20	45
12/02/2025	23	3	1	7	9	47
13/02/2025	00	3	1	9	11	36
13/02/2025	01	3	1	7	8	37
13/02/2025	02	3	1	4	6	46
13/02/2025	03	3	1	3	4	49
13/02/2025	04	3	1	2	4	50
13/02/2025	05	3	1	7	9	40
13/02/2025	06	3	1	13	15	26
13/02/2025	07	3	15	41	64	4
13/02/2025	08	3	70	49	157	3
13/02/2025	09	3	25	45	83	10
13/02/2025	10	3	18	46	73	16
13/02/2025	11	3	3	39	44	26
13/02/2025	12	3	1	27	29	43
13/02/2025	13	3	1	15	17	54
13/02/2025	14	3	1	14	16	59
13/02/2025	15	3	1	31	33	43
13/02/2025	16	3	1	32	34	44
13/02/2025	17	3	1	49	51	30
13/02/2025	18	3	1	20	22	54
13/02/2025	19	3	1	22	24	51
13/02/2025	20	3	1	21	23	54
13/02/2025	21	3	1	17	19	42
13/02/2025	22	3	1	36	38	18
13/02/2025	23	3	1	32	34	19
14/02/2025	00	3	1	33	35	16
14/02/2025	01	3	1	26	28	21
14/02/2025	02	3	1	16	18	27
14/02/2025	03	3	1	13	14	24
14/02/2025	04	3	1	17	19	17
14/02/2025	05	3	1	19	21	10
14/02/2025	06	3	1	24	25	8
14/02/2025	07	3	20	33	64	4
14/02/2025	08	3	93	45	188	3
14/02/2025	09	3	74	52	165	5
14/02/2025	10	3	31	47	95	12
14/02/2025	11	3	5	38	45	26
14/02/2025	12	3	1	27	29	39
14/02/2025	13	3	1	20	22	47
14/02/2025	14	3	1	20	22	61
14/02/2025	15	3	1	20	22	60
14/02/2025	16	3	1	40	42	48
14/02/2025	17	3	1	19	21	62
14/02/2025	18	3	1	20	22	53
14/02/2025	19	3	1	23	25	47
14/02/2025	20	3	1	27	29	39
14/02/2025	21	3	1	29	31	36
14/02/2025	22	3	1	32	34	20
14/02/2025	23	3	20	52	82	4
15/02/2025	00	3	38	48	106	3
15/02/2025	01	3	33	43	93	4
15/02/2025	02	3	20	38	68	3
15/02/2025	03	3	5	28	36	4
15/02/2025	04	3	1	24	26	15
15/02/2025	05	3	1	16	18	28
15/02/2025	06	3	1	9	11	37
15/02/2025	07	3	1	8	10	35
15/02/2025	08	3	1	13	15	22
15/02/2025	09	3	1	22	24	21
15/02/2025	10	3	1	23	25	25
15/02/2025	11	3	1	21	23	39
15/02/2025	12	3	1	12	14	62
15/02/2025	13	3	1	6	8	67
15/02/2025	14	3	1	4	6	74
15/02/2025	15	3	1	2	4	78
15/02/2025	16	3	1	3	5	74
15/02/2025	17	3	1	2	4	77
15/02/2025	18	3	1	2	4	74
15/02/2025	19	3	1	3	5	69
15/02/2025	20	3	1	5	7	63
15/02/2025	21	3	1	5	7	60
15/02/2025	22	3	1	10	12	51
15/02/2025	23	3	1	8	10	43
16/02/2025	00	3	1	13	15	25
16/02/2025	01	3	1	25	27	10
16/02/2025	02	3	3	38	43	4
16/02/2025	03	3	1	28	31	6
16/02/2025	04	3	1	21	23	7
16/02/2025	05	3	1	17	19	10
16/02/2025	06	3	1	15	17	11
16/02/2025	07	3	1	13	15	10
16/02/2025	08	3	1	14	16	11
16/02/2025	09	3	1	15	17	17
16/02/2025	10	3	1	22	24	26
16/02/2025	11	3	1	13	15	49
16/02/2025	12	3	1	14	16	55
16/02/2025	13	3	1	11	13	61
16/02/2025	14	3	1	11	13	64
16/02/2025	15	3	1	16	18	60
16/02/2025	16	3	1	18	20	68
16/02/2025	17	3	1	11	13	77
16/02/2025	18	3	1	7	9	75
16/02/2025	19	3	1	3	5	79
16/02/2025	20	3	1	4	6	73
16/02/2025	21	3	1	4	6	70
16/02/2025	22	3	1	5	7	59
16/02/2025	23	3	1	12	14	54
17/02/2025	00	3	1	12	14	55
17/02/2025	01	3	1	8	10	56
17/02/2025	02	3	1	6	8	45
17/02/2025	03	3	1	7	9	36
17/02/2025	04	3	1	6	8	33
17/02/2025	05	3	1	7	9	32
17/02/2025	06	3	1	13	15	16
17/02/2025	07	3	31	27	75	3
17/02/2025	08	3	46	30	100	4
17/02/2025	09	3	22	35	68	8
17/02/2025	10	3	8	34	47	14
17/02/2025	11	3	2	29	32	25
17/02/2025	12	3	1	23	25	32
17/02/2025	13	3	1	20	22	44
17/02/2025	14	3	1	17	19	56
17/02/2025	15	3	1	10	12	73
17/02/2025	16	3	1	6	7	81
17/02/2025	17	3	1	5	7	81
17/02/2025	18	3	1	5	7	79
17/02/2025	19	3	1	8	10	72
17/02/2025	20	3	1	11	13	68
17/02/2025	21	3	1	11	12	66
17/02/2025	22	3	1	12	14	57
17/02/2025	23	3	1	12	14	58
18/02/2025	00	3	1	10	12	56
18/02/2025	01	3	1	8	10	58
18/02/2025	02	3	1	8	9	60
18/02/2025	03	3	1	7	9	50
18/02/2025	04	3	1	6	8	49
18/02/2025	05	3	1	6	8	52
18/02/2025	06	3	1	11	13	39
18/02/2025	07	3	1	37	39	10
18/02/2025	08	3	35	47	101	5
18/02/2025	09	3	31	45	93	5
18/02/2025	10	3	16	45	69	20
18/02/2025	11	3	1	19	21	63
18/02/2025	12	3	1	10	12	74
18/02/2025	13	3	1	6	8	81
18/02/2025	14	3	1	5	7	84
18/02/2025	15	3	1	5	7	85
18/02/2025	16	3	1	3	5	86
18/02/2025	17	3	1	5	7	87
18/02/2025	18	3	1	9	11	83
18/02/2025	19	3	1	11	13	75
18/02/2025	20	3	1	9	11	75
18/02/2025	21	3	1	9	11	74
18/02/2025	22	3	1	5	7	85
18/02/2025	23	3	1	2	4	85
19/02/2025	00	3	1	2	4	73
19/02/2025	01	3	1	3	5	66
19/02/2025	02	3	1	5	7	56
19/02/2025	03	3	1	6	8	42
19/02/2025	04	3	1	6	8	36
19/02/2025	05	3	1	6	7	29
19/02/2025	06	3	1	14	16	23
19/02/2025	07	3	1	32	34	5
19/02/2025	08	3	27	30	72	4
19/02/2025	09	3	19	37	66	12
19/02/2025	10	3	1	34	36	33
19/02/2025	11	3	1	23	25	52
19/02/2025	12	3	1	15	17	62
19/02/2025	13	3	1	13	15	69
19/02/2025	14	3	1	10	12	83
19/02/2025	15	3	1	9	11	79
19/02/2025	16	3	1	5	7	87
19/02/2025	17	3	1	6	8	85
19/02/2025	18	3	1	6	8	85
19/02/2025	19	3	1	8	10	78
19/02/2025	20	3	1	8	10	71
19/02/2025	21	3	1	15	17	50
19/02/2025	22	3	1	21	23	41
19/02/2025	23	3	1	29	31	31
20/02/2025	00	3	1	24	26	33
20/02/2025	01	3	1	24	26	31
20/02/2025	02	3	1	19	21	41
20/02/2025	03	3	1	16	18	42
20/02/2025	04	3	1	10	12	45
20/02/2025	05	3	1	9	11	44
20/02/2025	06	3	1	15	17	31
20/02/2025	07	3	1	30	32	25
20/02/2025	08	3	3	48	52	14
20/02/2025	09	3	1	39	41	19
20/02/2025	10	3	1	36	38	21
20/02/2025	11	3	1	23	25	40
20/02/2025	12	3	1	20	22	57
20/02/2025	13	3	1	20	22	65
20/02/2025	14	3	1	16	18	72
20/02/2025	15	3	1	14	16	76
20/02/2025	16	3	1	13	15	73
20/02/2025	17	3	1	20	22	66
20/02/2025	18	3	1	14	16	81
20/02/2025	19	3	1	8	10	78
20/02/2025	20	3	1	7	9	80
20/02/2025	21	3	1	5	7	80
20/02/2025	22	3	1	12	14	67
20/02/2025	23	3	1	31	33	43
21/02/2025	00	3	1	20	22	63
21/02/2025	01	3	1	18	20	61
21/02/2025	02	3	1	26	28	54
21/02/2025	03	3	1	9	11	65
21/02/2025	04	3	1	9	11	63
21/02/2025	05	3	1	5	7	58
21/02/2025	06	3	1	5	7	60
21/02/2025	07	3	1	9	11	54
21/02/2025	08	3	1	20	22	37
21/02/2025	09	3	1	34	36	38
21/02/2025	10	3	1	40	42	35
21/02/2025	11	3	1	34	36	46
21/02/2025	12	3	1	26	28	57
21/02/2025	13	3	1	23	25	61
21/02/2025	14	3	1	18	20	70
21/02/2025	15	3	1	12	14	77
21/02/2025	16	3	1	14	16	76
21/02/2025	17	3	1	16	18	74
21/02/2025	18	3	1	25	27	59
21/02/2025	19	3	1	34	36	47
21/02/2025	20	3	1	17	19	67
21/02/2025	21	3	1	15	16	59
21/02/2025	22	3	1	16	18	55
21/02/2025	23	3	1	12	14	63
22/02/2025	00	3	1	8	10	68
22/02/2025	01	3	1	8	10	47
22/02/2025	02	3	1	14	16	35
22/02/2025	03	3	1	12	14	36
22/02/2025	04	3	1	14	16	26
22/02/2025	05	3	1	17	19	24
22/02/2025	06	3	1	16	18	26
22/02/2025	07	3	1	25	27	13
22/02/2025	08	3	1	29	31	13
22/02/2025	11	3	1	36	38	
22/02/2025	12	3	1	29	31	
22/02/2025	13	3	1	17	20	
22/02/2025	14	3	2	17	19	
22/02/2025	15	3	2	14	17	
22/02/2025	16	3	2	11	13	
22/02/2025	17	3	2	16	18	
22/02/2025	18	3	2	15	17	
22/02/2025	19	3	2	11	14	
22/02/2025	20	3	2	9	12	
22/02/2025	21	3	2	12	15	
22/02/2025	22	3	2	14	17	
22/02/2025	23	3	2	16	18	
23/02/2025	00	3	2	17	20	
23/02/2025	01	3	2	16	19	
23/02/2025	02	3	2	10	13	
23/02/2025	03	3	2	9	12	
23/02/2025	04	3	2	7	10	
23/02/2025	05	3	2	5	8	
23/02/2025	06	3	2	5	8	
23/02/2025	07	3	2	5	8	
23/02/2025	08	3	2	7	10	
23/02/2025	09	3	2	7	10	
23/02/2025	10	3	2	8	11	
23/02/2025	11	3	2	8	11	
23/02/2025	12	3	2	8	11	
23/02/2025	13	3	2	8	11	
23/02/2025	14	3	2	6	9	
23/02/2025	15	3	2	4	7	
23/02/2025	16	3	2	3	6	
23/02/2025	17	3	2	3	6	
23/02/2025	18	3	2	6	9	
23/02/2025	19	3	2	10	13	
23/02/2025	20	3	2	12	15	
23/02/2025	21	3	2	27	30	
23/02/2025	22	3	4	46	51	
23/02/2025	23	3	4	47	54	
24/02/2025	00	3	2	36	39	
24/02/2025	01	3	2	17	19	
24/02/2025	02	3	2	12	15	
24/02/2025	03	3	2	11	14	
24/02/2025	04	3	2	6	9	
24/02/2025	05	3	2	5	7	
24/02/2025	06	3	2	15	18	
24/02/2025	07	3	12	43	60	
24/02/2025	08	3	35	50	103	
24/02/2025	09	3	8	45	57	
24/02/2025	10	3	5	42	49	
24/02/2025	11	3	7	44	55	
24/02/2025	12	3	4	37	43	
24/02/2025	13	3	2	22	25	
24/02/2025	14	3	2	23	26	
24/02/2025	15	3	2	13	16	
24/02/2025	16	3	2	14	16	
24/02/2025	17	3	2	35	38	
24/02/2025	18	3	2	46	49	
24/02/2025	19	3	4	55	61	
24/02/2025	20	3	2	33	36	
24/02/2025	21	3	2	31	34	
24/02/2025	22	3	2	34	37	
24/02/2025	23	3	2	32	35	
25/02/2025	00	3	2	17	19	
25/02/2025	01	3	2	10	13	
25/02/2025	02	3	2	6	9	
25/02/2025	03	3	2	3	6	
25/02/2025	04	3	2	4	7	
25/02/2025	05	3	2	7	10	
25/02/2025	06	3	2	11	14	
25/02/2025	11	3	2	15	19	54
25/02/2025	12	3	5	18	25	46
25/02/2025	13	3	3	14	19	48
25/02/2025	14	3	2	14	17	47
25/02/2025	15	3	2	17	21	47
25/02/2025	16	3	2	18	21	44
25/02/2025	17	3	2	28	31	34
25/02/2025	18	3	2	7	11	70
25/02/2025	19	3	2	14	18	58
25/02/2025	20	3	2	14	18	60
25/02/2025	21	3	2	13	17	66
25/02/2025	22	3	2	8	12	73
25/02/2025	23	3	2	8	11	70
26/02/2025	00	3	2	5	9	69
26/02/2025	01	3	2	3	6	72
26/02/2025	02	3	2	1	5	82
26/02/2025	03	3	2	2	6	73
26/02/2025	04	3	2	5	8	61
26/02/2025	05	3	2	8	12	54
26/02/2025	06	3	2	20	23	42
26/02/2025	07	5	35	56	109	12
26/02/2025	08	5	47	59	130	7
26/02/2025	09	4	26	44	84	24
26/02/2025	10	3	7	21	32	54
26/02/2025	11	3	3	11	16	65
26/02/2025	12	3	2	6	10	77
26/02/2025	13	3	2	4	8	81
26/02/2025	14	3	2	3	7	78
26/02/2025	15	3	2	5	8	81
26/02/2025	16	3	3	21	25	68
26/02/2025	17	3	2	18	22	73
26/02/2025	18	3	2	25	28	70
26/02/2025	19	3	2	33	36	48
26/02/2025	20	3	2	36	39	40
26/02/2025	21	3	2	22	26	57
26/02/2025	22	3	2	25	28	42
26/02/2025	23	3	2	33	36	27
27/02/2025	00	3	2	27	30	29
27/02/2025	01	3	2	16	19	41
27/02/2025	02	3	2	10	13	45
27/02/2025	03	3	2	11	14	40
27/02/2025	04	3	2	12	16	38
27/02/2025	05	3	3	15	20	36
27/02/2025	06	3	2	19	23	28
27/02/2025	07	3	29	43	88	6
27/02/2025	08	3	35	49	102	5
27/02/2025	09	3	20	37	67	13
27/02/2025	10	3	16	33	58	21
27/02/2025	11	3	13	30	51	27
27/02/2025	12	3	18	40	68	22
27/02/2025	13	3	20	39	69	27
27/02/2025	14	3	13	36	55	39
27/02/2025	15	3	10	31	46	49
27/02/2025	16	3	4	17	24	67
27/02/2025	17	3	2	11	14	75
27/02/2025	18	3	2	11	14	77
27/02/2025	19	3	2	19	23	60
27/02/2025	20	3	2	22	25	52
27/02/2025	21	3	2	26	30	46
27/02/2025	22	3	2	23	26	53
27/02/2025	23	3	2	16	19	63
28/02/2025	00	3	2	14	17	53
28/02/2025	01	3	2	20	23	40
28/02/2025	02	3	2	16	20	35
28/02/2025	03	3	2	11	14	54
28/02/2025	04	3	2	10	14	44
28/02/2025	05	3	2	12	16	36
28/02/2025	06	3	2	21	24	23
28/02/2025	07	3	7	35	47	19
28/02/2025	08	3	63	58	154	5
28/02/2025	09	3	33	44	95	10
28/02/2025	10	3	6	24	33	54
28/02/2025	11	3	2	6	9	89
28/02/2025	12	3	2	6	9	88
28/02/2025	13	3	2	4	7	93
28/02/2025	14	3	2	3	6	97
28/02/2025	15	3	2	3	6	101
28/02/2025	16	3	2	4	8	101
28/02/2025	17	3	2	5	9	100
28/02/2025	18	3	2	6	10	102
28/02/2025	19	3	2	9	13	96
28/02/2025	20	3	2	10	14	93
28/02/2025	21	3	2	7	10	92
28/02/2025	22	3	2	13	17	75
28/02/2025	23	3	2	14	17	77
01/03/2025	00	3	2	10	14	79
01/03/2025	01	3	2	9	13	75
01/03/2025	02	3	2	9	13	74
01/03/2025	03	3	2	10	14	65
01/03/2025	04	3	2	10	14	67
01/03/2025	05	3	2	11	14	65
01/03/2025	06	3	2	14	18	59
01/03/2025	07	3	2	10	13	71
01/03/2025	08	3	2	6	9	73
01/03/2025	09	3	2	10	13	63
01/03/2025	10	3	2	10	13	67
01/03/2025	11	3	2	5	8	81
01/03/2025	12	3	2	3	6	86
01/03/2025	13	3	2	2	5	88
01/03/2025	14	3	2	2	5	88
01/03/2025	15	3	2	2	5	90
01/03/2025	16	3	2	1	5	92
01/03/2025	17	3	2	2	6	91
01/03/2025	18	3	2	2	6	91
01/03/2025	19	3	2	3	6	89
01/03/2025	20	3	2	3	6	90
01/03/2025	21	3	2	2	6	91
01/03/2025	22	3	2	2	6	92
01/03/2025	23	3	2	3	7	83
02/03/2025	00	3	2	8	11	70
02/03/2025	01	3	2	7	10	72
02/03/2025	02	3	2	4	7	71
02/03/2025	03	3	2	3	6	74
02/03/2025	04	3	2	2	6	72
02/03/2025	05	3	2	3	6	71
02/03/2025	06	3	2	3	7	69
02/03/2025	07	4	2	10	13	57
02/03/2025	08	3	2	10	13	58
02/03/2025	09	3	2	10	14	64
02/03/2025	10	3	2	9	12	62
02/03/2025	11	3	2	5	9	74
02/03/2025	12	3	2	2	5	82
02/03/2025	13	3	2	2	5	85
02/03/2025	14	3	2	2	5	85
02/03/2025	15	3	2	2	5	85
02/03/2025	16	3	2	2	5	82
02/03/2025	17	3	2	2	6	80
02/03/2025	18	3	2	2	6	80
02/03/2025	19	3	2	2	6	82
02/03/2025	20	3	2	3	6	78
02/03/2025	21	3	2	2	5	84
02/03/2025	22	3	2	1	5	85
02/03/2025	23	3	2	1	4	88
03/03/2025	00	3	2	1	4	91
03/03/2025	01	3	2	1	4	93
03/03/2025	02	3	2	1	4	93
03/03/2025	03	3	2	1	4	94
03/03/2025	04	3	2	1	4	90
03/03/2025	05	3	2	2	5	88
03/03/2025	06	3	2	1	4	89
03/03/2025	07	3	2	5	9	81
03/03/2025	08	3	2	9	12	78
03/03/2025	09	3	2	7	11	79
03/03/2025	10	3	2	6	9	80
03/03/2025	11	3	2	7	10	78
03/03/2025	12	3	2	8	12	75
03/03/2025	13	3	2	5	9	76
04/03/2025	14	3	2	5	9	78
04/03/2025	15	3	2	5	9	82
04/03/2025	16	3	2	4	8	86
04/03/2025	17	3	2	4	8	89
04/03/2025	18	3	2	5	9	88
04/03/2025	19	3	3	6	9	85
04/03/2025	20	3	3	9	13	73
04/03/2025	21	3	3	13	16	65
04/03/2025	22	3	3	10	14	67
04/03/2025	23	3	3	9	13	69
05/03/2025	00	3	3	3	7	84
05/03/2025	01	3	3	1	5	87
05/03/2025	02	3	3	1	5	88
05/03/2025	03	3	3	1	5	88
05/03/2025	04	3	3	1	5	87
05/03/2025	05	3	3	2	5	83
05/03/2025	06	3	3	2	6	82
05/03/2025	07	3	3	3	7	78
05/03/2025	08	3	3	4	7	79
05/03/2025	09	3	3	3	7	85
05/03/2025	10	3	3	3	6	85
05/03/2025	11	3	3	3	7	86
05/03/2025	12	3	3	3	7	88
05/03/2025	13	4	3	3	7	92
05/03/2025	14	4	2	3	7	96
05/03/2025	15	4	2	4	7	95
05/03/2025	16	4	2	4	7	95
05/03/2025	17	4	2	3	7	92
05/03/2025	18	4	2	2	6	92
05/03/2025	19	4	2	2	6	92
05/03/2025	20	4	2	2	6	90
05/03/2025	21	4	3	2	6	89
05/03/2025	22	4	3	1	5	89
05/03/2025	23	3	3	1	5	87
06/03/2025	00	3	3	1	5	87
06/03/2025	01	3	3	1	5	88
06/03/2025	02	3	3	1	5	87
06/03/2025	03	3	3	1	5	89
06/03/2025	04	3	3	1	5	89
06/03/2025	05	3	3	1	5	88
06/03/2025	06	3	3	2	6	87
06/03/2025	07	3	3	4	8	85
06/03/2025	08	3	3	4	8	89
06/03/2025	09	3	3	4	8	90
06/03/2025	10	3	3	3	6	89
06/03/2025	11	3	3	3	6	86
06/03/2025	12	3	3	2	6	86
06/03/2025	13	3	3	2	6	87
06/03/2025	14	3	3	3	7	86
06/03/2025	15	3	3	2	6	87
06/03/2025	16	3	3	3	7	88
06/03/2025	17	3	3	4	8	90
06/03/2025	18	3	3	6	10	89
06/03/2025	19	3	3	6	9	86
06/03/2025	20	3	3	5	9	86
06/03/2025	21	3	3	4	8	85
06/03/2025	22	3	3	4	8	86
06/03/2025	23	3	3	5	9	77
07/03/2025	00	3	3	9	12	71
07/03/2025	01	3	3	5	9	83
07/03/2025	02	3	3	5	9	77
07/03/2025	03	3	3	9	13	67
07/03/2025	04	3	3	3	7	71
07/03/2025	05	3	3	3	7	64
07/03/2025	06	3	3	6	10	59
07/03/2025	07	3	3	24	28	23
07/03/2025	08	3	3	27	32	26
07/03/2025	09	3	3	27	31	40
07/03/2025	10	3	3	16	20	55
07/03/2025	11	3	3	10	14	73
07/03/2025	12	3	3	8	12	73
07/03/2025	13	3	3	7	10	76
07/03/2025	14	3	3	10	13	66
07/03/2025	15	3	2	15	19	68
07/03/2025	16	3	2	7	11	85
07/03/2025	17	3	2	5	8	87
07/03/2025	18	3	3	12	16	74
07/03/2025	19	3	3	11	15	69
07/03/2025	20	3	2	15	19	57
07/03/2025	21	3	3	17	21	53
07/03/2025	22	3	3	14	18	48
07/03/2025	23	3	3	16	19	31
08/03/2025	00	3	8	32	44	21
08/03/2025	01	3	12	38	56	17
08/03/2025	02	3	3	36	40	17
08/03/2025	03	3	3	39	43	16
08/03/2025	04	3	2	15	18	53
08/03/2025	05	3	3	5	9	69
08/03/2025	06	3	3	6	10	64
08/03/2025	07	3	3	9	13	55
08/03/2025	08	3	2	19	23	51
08/03/2025	09	3	2	24	28	48
08/03/2025	10	3	3	16	21	65
08/03/2025	11	3	2	9	13	77
08/03/2025	12	3	2	8	12	78
08/03/2025	13	3	2	8	12	80
08/03/2025	14	3	2	11	15	77
08/03/2025	15	3	2	8	12	83
08/03/2025	16	3	2	6	10	83
08/03/2025	17	3	2	6	10	89
08/03/2025	18	3	2	9	13	85
08/03/2025	19	3	2	9	13	83
08/03/2025	20	3	2	11	15	82
08/03/2025	21	3	2	19	23	77
08/03/2025	22	3	2	18	22	71
08/03/2025	23	3	2	5	9	79
09/03/2025	00	3	2	5	9	81
09/03/2025	01	3	2	6	9	76
09/03/2025	02	3	2	3	6	84
09/03/2025	03	3	2	2	5	87
09/03/2025	04	3	2	2	6	87
09/03/2025	05	3	2	3	7	82
09/03/2025	06	3	2	2	6	85
09/03/2025	07	3	2	3	6	80
09/03/2025	08	4	2	3	6	80
09/03/2025	09	3	2	3	7	79
09/03/2025	10	3	2	2	6	85
09/03/2025	11	3	2	2	6	86
09/03/2025	12	3	2	2	6	87
09/03/2025	13	3	2	2	6	87
09/03/2025	14	3	2	2	6	87
09/03/2025	15	3	2	2	6	87
09/03/2025	16	3	2	3	7	85
09/03/2025	17	3	2	12	16	76
09/03/2025	18	3	2	15	18	73
09/03/2025	19	3	2	29	33	55
09/03/2025	20	3	2	24	28	53
09/03/2025	21	3	2	7	10	77
09/03/2025	22	3	2	6	10	73
09/03/2025	23	3	2	8	12	69
10/03/2025	00	3	2	9	13	64
10/03/2025	01	3	2	7	11	62
10/03/2025	02	3	2	5	9	65
10/03/2025	03	3	2	4	7	60
10/03/2025	04	3	2	7	11	55
10/03/2025	05	3	2	8	12	52
10/03/2025	06	3	2	20	24	35
10/03/2025	07	3	17	36	62	22
10/03/2025	08	3	33	44	95	16
10/03/2025	09	3	8	20	33	46
10/03/2025	10	3	2	8	12	69
10/03/2025	11	3	2	9	13	73
10/03/2025	12	3	2	8	12	74
10/03/2025	13	3	2	7	11	74
10/03/2025	14	3	2	5	9	77
10/03/2025	15	3	2	5	8	78
10/03/2025	16	3	2	5	8	81
10/03/2025	17	3	2	10	13	79
10/03/2025	18	3	2	15	19	75
10/03/2025	19	3	2	16	20	71
10/03/2025	20	3	2	29	33	51
10/03/2025	21	3	2	24	27	59
10/03/2025	22	3	3	22	25	60
10/03/2025	23	3	3	20	24	40
11/03/2025	00	3	2	23	27	35
11/03/2025	01	3	2	10	13	58
11/03/2025	02	3	2	4	8	64
11/03/2025	03	3	2	2	6	80
11/03/2025	04	3	2	2	5	79
11/03/2025	05	3	2	3	6	77
11/03/2025	06	3	2	11	15	62
11/03/2025	07	3	3	34	39	
11/03/2025	08	4	6	44	54	
11/03/2025	09	3	25	52	90	20
11/03/2025	10	3	9	26	40	53
11/03/2025	11	3	2	11	15	81
11/03/2025	12	3	2	7	11	84
11/03/2025	13	3	3	12	16	78
11/03/2025	14	3	2	9	13	83
11/03/2025	15	3	3	20	24	73
11/03/2025	16	3	2	10	13	90
11/03/2025	17	3	2	10	14	89
11/03/2025	18	3	2	14	18	88
11/03/2025	19	3	2	13	17	
11/03/2025	20	3	2	19	22	74
11/03/2025	21	3	2	16	20	78
11/03/2025	22	3	2	17	20	75
11/03/2025	23	3	2	9	12	80
12/03/2025	00	3	2	5	9	81
12/03/2025	01	3	2	4	8	85
12/03/2025	02	3	2	3	6	81
12/03/2025	03	3	2	5	9	67
12/03/2025	04	3	2	5	8	72
12/03/2025	05	3	2	5	8	68
12/03/2025	06	3	2	11	15	50
12/03/2025	12	3	2	4	8	83
12/03/2025	13	3	2	4	8	86
12/03/2025	14	3	2	4	8	92
12/03/2025	15	3	2	5	8	90
12/03/2025	16	3	2	7	11	86
12/03/2025	17	3	2	9	13	83
12/03/2025	18	3	2	10	14	80
12/03/2025	19	3	2	12	16	77
12/03/2025	20	3	2	18	22	66
12/03/2025	21	3	2	10	14	79
12/03/2025	22	3	2	5	9	85
12/03/2025	23	3	2	6	9	81
13/03/2025	00	3	2	4	8	84
13/03/2025	01	3	2	2	6	87
13/03/2025	02	3	2	2	5	84
13/03/2025	03	3	2	3	7	82
13/03/2025	04	3	2	3	6	82
13/03/2025	05	3	2	3	7	80
13/03/2025	06	3	2	10	14	65
13/03/2025	07	3	3	18	23	56
13/03/2025	08	3	10	32	47	36
13/03/2025	09	3	8	31	43	43
13/03/2025	10	3	5	23	31	59
13/03/2025	11	3	6	25	34	56
13/03/2025	12	3	5	26	34	56
13/03/2025	13	3	3	27	31	53
13/03/2025	14	3	8	41	52	36
13/03/2025	15	3	5	26	33	53
13/03/2025	16	3	2	16	20	70
13/03/2025	17	3	2	14	18	75
13/03/2025	18	3	2	16	20	67
13/03/2025	19	3	2	24	28	50
13/03/2025	20	3	2	25	29	54
13/03/2025	21	3	2	26	30	41
13/03/2025	22	3	2	20	24	44
13/03/2025	23	3	2	17	20	45
14/03/2025	00	3	7	44	55	19
14/03/2025	01	3	5	40	48	21
14/03/2025	02	3	2	29	32	30
14/03/2025	03	3	2	14	18	63
14/03/2025	04	3	2	9	13	71
14/03/2025	05	3	2	10	14	61
14/03/2025	06	3	2	13	17	57
14/03/2025	07	3	2	19	23	48
14/03/2025	08	3	2	24	28	49
14/03/2025	09	3	2	17	20	68
14/03/2025	10	3	2	12	15	73
14/03/2025	11	3	2	15	19	63
14/03/2025	12	3	2	15	18	67
14/03/2025	13	3	2	17	21	66
14/03/2025	14	3	2	14	17	70
14/03/2025	15	3	2	12	16	64
14/03/2025	16	3	2	14	18	63
14/03/2025	17	3	2	15	19	55
14/03/2025	18	3	2	23	26	45
14/03/2025	19	3	2	25	29	38
14/03/2025	20	3	2	26	29	36
14/03/2025	21	3	2	43	46	16
14/03/2025	22	3	2	34	38	19
14/03/2025	23	3	2	33	36	20
15/03/2025	00	3	2	27	31	29
15/03/2025	01	3	2	27	31	24
15/03/2025	02	3	2	30	34	19
15/03/2025	03	3	2	23	27	29
15/03/2025	04	3	2	8	12	59
15/03/2025	05	4	2	5	9	61
15/03/2025	06	5	2	6	10	58
15/03/2025	07	6	2	23	27	42
15/03/2025	08	7	2	18	22	49
15/03/2025	09	6	2	11	15	62
15/03/2025	10	3	2	5	9	70
15/03/2025	11	3	2	4	7	74
15/03/2025	12	3	2	3	7	78
15/03/2025	13	3	2	2	6	81
15/03/2025	14	3	2	2	6	83
15/03/2025	15	3	2	2	6	85
15/03/2025	16	3	2	1	5	86
15/03/2025	17	3	2	4	8	81
15/03/2025	18	3	2	33	37	51
15/03/2025	19	3	2	20	24	65
15/03/2025	20	3	2	23	27	59
15/03/2025	21	3	2	41	45	34
15/03/2025	22	3	3	46	50	23
15/03/2025	23	3	2	37	40	29
16/03/2025	00	3	2	26	30	38
16/03/2025	01	3	2	24	27	38
16/03/2025	02	3	2	15	19	42
16/03/2025	03	3	2	21	25	28
16/03/2025	04	3	2	24	28	25
16/03/2025	05	3	2	20	24	26
16/03/2025	06	3	2	19	22	25
16/03/2025	07	3	2	16	19	29
16/03/2025	08	3	7	19	29	28
16/03/2025	09	3	2	11	15	46
16/03/2025	10	3	2	8	12	53
16/03/2025	11	3	2	12	15	54
16/03/2025	12	3	2	7	11	61
16/03/2025	13	3	2	5	9	67
16/03/2025	14	3	2	4	8	70
16/03/2025	15	3	2	12	16	62
16/03/2025	16	3	2	9	13	64
16/03/2025	17	3	2	11	14	65
16/03/2025	18	3	2	12	16	61
16/03/2025	19	3	2	17	21	48
16/03/2025	20	3	2	26	29	26
16/03/2025	21	3	5	39	47	14
16/03/2025	22	3	2	28	31	29
16/03/2025	23	3	2	19	23	35
17/03/2025	00	3	2	14	17	46
17/03/2025	01	3	2	13	16	41
17/03/2025	02	3	2	15	19	33
17/03/2025	03	3	2	21	24	27
17/03/2025	04	3	2	10	14	38
17/03/2025	05	3	2	7	10	37
17/03/2025	06	3	2	6	9	39
17/03/2025	07	3	2	9	13	37
17/03/2025	08	3	4	21	28	25
17/03/2025	09	3	2	24	28	26
17/03/2025	10	3	2	22	25	36
17/03/2025	11	3	2	23	27	38
17/03/2025	12	3	2	20	24	50
17/03/2025	13	3	2	14	18	57
17/03/2025	14	3	2	7	11	71
17/03/2025	15	3	2	4	7	75
17/03/2025	16	3	2	5	8	73
17/03/2025	17	3	2	7	10	78
17/03/2025	18	3	2	9	13	71
17/03/2025	19	3	2	11	15	69
17/03/2025	20	3	2	17	20	60
17/03/2025	21	3	2	17	21	60
17/03/2025	22	3	2	18	22	56
17/03/2025	23	3	2	27	30	40
18/03/2025	00	3	2	17	21	47
18/03/2025	01	3	2	13	17	52
18/03/2025	02	3	2	7	11	56
18/03/2025	03	3	2	6	9	57
18/03/2025	04	3	2	8	12	50
18/03/2025	05	3	2	10	13	45
18/03/2025	06	3	2	8	12	52
18/03/2025	07	3	2	15	19	53
18/03/2025	08	3	2	13	17	55
18/03/2025	09	3	2	18	21	51
18/03/2025	10	3	2	15	19	59
18/03/2025	11	3	2	8	11	74
18/03/2025	12	3	2	6	10	76
18/03/2025	13	3	2	5	9	79
18/03/2025	14	3	2	5	8	74
18/03/2025	15	3	2	4	7	78
18/03/2025	16	3	2	3	6	82
18/03/2025	17	3	2	3	6	83
18/03/2025	18	3	2	7	11	75
18/03/2025	19	3	2	17	20	60
18/03/2025	20	3	2	14	17	62
18/03/2025	21	3	2	13	17	65
18/03/2025	22	3	2	14	18	63
18/03/2025	23	3	2	12	15	63
19/03/2025	00	3	2	8	11	69
19/03/2025	01	3	2	5	9	71
19/03/2025	02	3	2	2	6	76
19/03/2025	03	3	2	2	6	81
19/03/2025	04	3	2	2	5	77
19/03/2025	05	3	2	3	6	75
19/03/2025	06	3	2	3	6	77
19/03/2025	07	3	2	2	5	75
19/03/2025	08	3	2	5	8	70
19/03/2025	09	3	2	8	11	67
19/03/2025	10	3	2	10	14	63
19/03/2025	11	3	2	8	12	66
19/03/2025	12	3	2	3	7	78
19/03/2025	13	3	2	1	5	84
19/03/2025	14	3	2	5	9	81
19/03/2025	15	3	2	2	6	86
19/03/2025	16	3	2	1	5	87
19/03/2025	17	3	2	2	6	86
19/03/2025	18	3	2	4	7	84
19/03/2025	19	3	2	10	13	74
19/03/2025	20	3	2	17	20	68
19/03/2025	21	3	2	11	15	79
19/03/2025	22	3	2	6	10	81
19/03/2025	23	3	2	5	9	81
20/03/2025	00	3	2	5	9	76
20/03/2025	01	3	2	4	7	77
20/03/2025	02	3	2	4	7	84
20/03/2025	03	3	2	2	5	88
20/03/2025	04	3	2	1	5	83
20/03/2025	05	3	2	1	4	87
20/03/2025	06	3	2	1	5	87
20/03/2025	07	3	2	4	8	82
20/03/2025	08	3	2	6	10	81
20/03/2025	09	3	2	5	8	81
20/03/2025	10	3	2	4	7	84
20/03/2025	11	3	2	3	7	86
20/03/2025	12	3	2	4	7	84
20/03/2025	13	3	2	3	7	83
20/03/2025	14	3	2	4	7	82
20/03/2025	15	3	2	5	8	79
20/03/2025	16	3	2	4	7	82
20/03/2025	17	3	2	2	6	82
20/03/2025	18	3	2	3	7	83
20/03/2025	19	3	2	6	9	79
20/03/2025	20	3	2	5	9	79
20/03/2025	21	3	2	5	9	80
20/03/2025	22	3	2	4	8	79
20/03/2025	23	3	2	8	12	69
21/03/2025	00	3	2	6	9	69
21/03/2025	01	3	2	6	10	59
21/03/2025	02	3	2	8	11	37
21/03/2025	03	3	2	7	10	38
21/03/2025	04	3	2	6	10	49
21/03/2025	05	3	2	8	12	40
21/03/2025	06	3	2	13	16	21
21/03/2025	07	3	30	29	75	10
21/03/2025	08	3	28	39	82	10
21/03/2025	09	3	8	40	52	19
21/03/2025	10	3	2	30	34	42
21/03/2025	11	3	4	19	25	56
21/03/2025	12	4	2	6	9	77
21/03/2025	13	3	2	5	9	79
21/03/2025	14	4	2	4	7	80
21/03/2025	15	3	2	3	7	81
21/03/2025	16	4	2	3	7	81
21/03/2025	17	4	2	8	11	77
21/03/2025	18	3	2	14	17	70
21/03/2025	19	4	2	16	19	67
21/03/2025	20	3	2	21	25	57
21/03/2025	21	4	2	21	24	60
21/03/2025	22	3	2	34	38	37
21/03/2025	23	3	2	27	31	39
22/03/2025	00	3	2	36	39	27
22/03/2025	01	3	2	17	20	42
22/03/2025	02	3	2	22	26	27
22/03/2025	03	3	2	11	15	42
22/03/2025	04	3	2	8	11	59
22/03/2025	05	3	2	1	5	83
22/03/2025	06	3	2	2	6	81
22/03/2025	07	3	2	2	6	80
22/03/2025	08	3	3	9	14	72
22/03/2025	09	3	2	4	8	76
22/03/2025	10	3	2	2	6	80
22/03/2025	11	3	2	3	6	79
22/03/2025	12	3	2	3	7	79
22/03/2025	13	3	2	3	6	79
22/03/2025	14	3	2	2	6	76
22/03/2025	15	3	2	2	5	75
22/03/2025	16	3	2	2	5	73
22/03/2025	17	3	2	2	5	73
22/03/2025	18	3	2	3	7	71
22/03/2025	19	3	2	8	11	64
22/03/2025	20	3	2	5	8	70
22/03/2025	21	3	2	6	9	69
22/03/2025	22	3	2	5	8	72
22/03/2025	23	3	2	3	7	75
23/03/2025	00	3	2	3	6	73
23/03/2025	01	3	2	1	5	78
23/03/2025	02	3	2	1	4	79
23/03/2025	03	3	2	1	4	79
23/03/2025	04	3	2	1	4	76
23/03/2025	05	3	2	1	4	76
23/03/2025	06	3	2	1	4	73
23/03/2025	07	3	2	1	5	74
23/03/2025	08	3	2	2	6	73
23/03/2025	09	3	2	1	5	73
23/03/2025	10	3	2	1	4	73
23/03/2025	11	3	2	1	4	73
23/03/2025	12	3	2	1	4	74
23/03/2025	13	3	2	1	5	74
23/03/2025	14	3	2	1	4	79
23/03/2025	15	3	2	1	4	79
23/03/2025	16	3	2	1	4	77
23/03/2025	17	3	2	3	7	72
23/03/2025	18	3	2	5	9	71
23/03/2025	19	3	2	7	11	68
23/03/2025	20	3	2	10	14	60
23/03/2025	21	3	2	17	20	53
23/03/2025	22	3	2	14	18	53
23/03/2025	23	3	2	15	18	45
24/03/2025	00	3	2	24	28	32
24/03/2025	01	3	2	8	12	44
24/03/2025	02	3	2	3	6	52
24/03/2025	03	3	2	1	5	55
24/03/2025	04	3	2	2	5	52
24/03/2025	05	3	2	4	8	48
24/03/2025	06	3	2	19	23	33
24/03/2025	07	3	15	40	64	16
24/03/2025	08	3	28	38	80	21
24/03/2025	09	3	7	14	25	46
24/03/2025	10	3	2	5	9	63
24/03/2025	11	3	2	3	7	68
24/03/2025	12	3	2	3	6	74
24/03/2025	13	3	2	5	9	74
24/03/2025	14	3	3	17	22	63
24/03/2025	15	3	3	20	25	63
24/03/2025	16	3	3	18	22	66
24/03/2025	17	3	2	11	15	75
24/03/2025	18	3	2	4	8	84
24/03/2025	19	3	2	5	9	82
24/03/2025	20	3	2	9	13	75
24/03/2025	21	3	2	12	15	63
24/03/2025	22	3	2	12	16	61
24/03/2025	23	3	2	11	14	60
25/03/2025	00	3	2	6	10	61
25/03/2025	01	3	2	11	15	41
25/03/2025	02	3	2	13	17	37
25/03/2025	03	3	2	16	19	32
25/03/2025	04	3	2	9	12	38
25/03/2025	05	3	2	7	11	34
25/03/2025	06	3	2	13	16	24
25/03/2025	07	3	15	32	55	14
25/03/2025	08	3	25	36	73	20
25/03/2025	09	3	17	28	54	31
25/03/2025	10	3	9	21	35	47
25/03/2025	13	3	2	6	10	73
25/03/2025	14	3	2	9	12	72
25/03/2025	15	3	2	9	12	74
25/03/2025	16	3	2	15	18	67
25/03/2025	17	3	2	22	25	61
25/03/2025	18	3	2	27	30	56
25/03/2025	19	3	2	27	30	55
25/03/2025	20	3	2	25	28	48
25/03/2025	21	3	2	22	25	44
25/03/2025	22	3	2	17	21	48
25/03/2025	23	3	2	14	17	52
26/03/2025	00	3	2	11	15	49
26/03/2025	01	3	2	5	9	52
26/03/2025	02	3	2	3	7	55
26/03/2025	03	3	2	5	8	50
26/03/2025	04	3	2	4	7	50
26/03/2025	05	3	2	7	10	44
26/03/2025	06	3	2	13	16	42
26/03/2025	07	3	6	37	47	21
26/03/2025	08	3	17	38	64	25
26/03/2025	09	3	13	26	46	41
26/03/2025	10	3	4	8	14	66
26/03/2025	11	3	2	8	11	70
26/03/2025	12	3	3	16	21	66
26/03/2025	13	3	2	9	13	79
26/03/2025	14	3	2	6	10	87
26/03/2025	15	3	2	6	9	88
26/03/2025	16	3	2	15	19	77
26/03/2025	17	3	2	20	24	66
26/03/2025	18	3	2	10	13	78
26/03/2025	19	3	2	22	26	63
26/03/2025	20	3	2	26	29	59
26/03/2025	21	3	2	30	33	40
26/03/2025	22	3	2	37	40	30
26/03/2025	23	3	2	45	49	19
27/03/2025	00	3	2	31	34	34
27/03/2025	01	3	2	10	14	55
27/03/2025	02	3	2	8	12	51
27/03/2025	03	3	2	6	9	48
27/03/2025	04	3	2	4	8	53
27/03/2025	05	3	2	5	9	47
27/03/2025	06	3	2	15	18	41
27/03/2025	07	4	8	40	52	20
27/03/2025	08	4	16	36	59	30
27/03/2025	09	3	7	17	27	51
27/03/2025	10	3	4	16	23	59
27/03/2025	11	3	5	15	22	66
27/03/2025	12	3	2	12	15	75
27/03/2025	13	3	2	14	17	74
27/03/2025	14	3	2	13	16	78
27/03/2025	15	3	2	11	14	81
27/03/2025	16	3	2	10	14	83
27/03/2025	17	3	2	15	19	76
27/03/2025	18	3	2	19	22	72
27/03/2025	19	3	2	26	29	65
27/03/2025	20	3	2	60	63	31
27/03/2025	21	3	2	20	24	66
27/03/2025	22	3	2	17	21	60
27/03/2025	23	3	2	11	14	71
28/03/2025	00	3	2	10	14	67
28/03/2025	01	3	2	16	20	44
28/03/2025	02	3	2	13	16	45
28/03/2025	03	3	2	10	13	47
28/03/2025	04	3	2	8	12	46
28/03/2025	05	3	2	11	14	36
28/03/2025	06	3	2	18	21	26
28/03/2025	07	3	15	36	59	18
28/03/2025	08	3	10	25	41	31
28/03/2025	09	3	4	15	21	49
28/03/2025	10	3	2	6	9	70
28/03/2025	11	3	2	7	10	68
28/03/2025	12	3	2	7	10	74
28/03/2025	13	3	2	5	9	79
28/03/2025	14	3	2	6	9	84
28/03/2025	15	3	2	8	11	86
28/03/2025	16	3	2	12	16	81
28/03/2025	17	3	2	21	24	74
28/03/2025	18	3	2	12	16	81
28/03/2025	19	3	2	15	18	76
28/03/2025	20	3	2	30	33	54
28/03/2025	21	3	2	37	40	50
28/03/2025	22	3	2	40	43	36
28/03/2025	23	3	2	17	20	65
29/03/2025	00	3	2	1	5	87
29/03/2025	01	3	2	1	4	85
29/03/2025	02	3	2	1	4	83
29/03/2025	03	3	2	1	4	84
29/03/2025	04	3	2	1	4	83
29/03/2025	05	3	2	1	4	84
29/03/2025	06	3	2	3	7	74
29/03/2025	07	3	2	8	12	71
29/03/2025	08	3	2	4	8	81
29/03/2025	09	3	2	2	5	86
29/03/2025	10	3	2	3	6	84
29/03/2025	11	3	2	2	6	89
29/03/2025	12	3	2	2	5	93
29/03/2025	13	3	2	1	5	92
29/03/2025	14	3	2	1	4	92
29/03/2025	15	3	2	1	4	94
29/03/2025	16	3	2	1	4	96
29/03/2025	17	3	2	1	5	94
29/03/2025	18	3	2	2	5	93
29/03/2025	19	3	2	2	5	90
29/03/2025	20	3	2	4	7	85
29/03/2025	21	3	2	6	9	80
29/03/2025	22	3	2	5	9	78
29/03/2025	23	3	2	6	9	73
30/03/2025	00	3	2	5	8	76
30/03/2025	01	3	2	4	8	76
30/03/2025	02	3	2	4	8	72
30/03/2025	03	3	2	2	6	73
30/03/2025	04	3	2	3	6	70
30/03/2025	05	3	2	4	8	67
30/03/2025	06	3	2	8	11	64
30/03/2025	07	3	2	7	11	65
30/03/2025	08	3	2	6	9	69
30/03/2025	09	3	2	3	7	73
30/03/2025	10	3	2	2	5	79
30/03/2025	11	3	2	2	6	84
30/03/2025	12	3	2	3	6	86
30/03/2025	13	3	2	3	7	88
30/03/2025	14	3	2	11	14	79
30/03/2025	15	3	2	16	19	77
30/03/2025	16	3	3	21	26	70
30/03/2025	17	3	2	8	12	85
30/03/2025	18	3	2	5	8	87
30/03/2025	19	3	2	8	11	82
30/03/2025	20	3	2	20	23	66
30/03/2025	21	3	2	20	23	54
30/03/2025	22	3	2	26	29	39
30/03/2025	23	3	2	30	33	30
31/03/2025	00	3	2	30	34	24
31/03/2025	01	3	2	19	23	31
31/03/2025	02	3	2	11	15	38
31/03/2025	03	3	2	5	9	49
31/03/2025	04	3	2	4	8	52
31/03/2025	05	3	2	12	15	41
31/03/2025	06	3	10	45	61	14
31/03/2025	07	3	39	50	109	12
31/03/2025	08	3	52	51	131	16
31/03/2025	09	3	53	52	133	21
31/03/2025	10	3	26	40	81	38
31/03/2025	11	3	7	23	34	61
31/03/2025	12	3	6	26	35	67
31/03/2025	13	3	5	28	35	74
31/03/2025	14	3	13	42	62	57
31/03/2025	15	3	9	40	53	63
31/03/2025	16	3	10	40	56	63
31/03/2025	17	3	6	42	51	64
31/03/2025	18	3	2	39	42	64
31/03/2025	19	3	2	47	50	47
31/03/2025	20	3	2	24	27	66
31/03/2025	21	3	2	26	29	58
31/03/2025	22	3	2	21	24	67
31/03/2025	23	3	2	20	23	64
01/04/2025	00	3	2	14	17	75
01/04/2025	01	3	2	8	11	81
01/04/2025	02	3	2	8	11	75
01/04/2025	03	3	2	10	13	56
01/04/2025	04	3	2	12	15	46
01/04/2025	05	3	2	21	24	39
01/04/2025	06	3	4	37	43	29
01/04/2025	07	3	14	41	63	18
01/04/2025	08	3	15	36	59	29
01/04/2025	09	3	9	32	47	48
01/04/2025	10	3	7	27	38	68
01/04/2025	11	3	9	35	47	67
01/04/2025	12	3	2	9	13	96
01/04/2025	13	3	2	11	14	92
01/04/2025	14	3	2	14	17	93
01/04/2025	15	3	2	11	14	105
01/04/2025	16	3	2	7	11	113
01/04/2025	17	3	2	7	10	111
01/04/2025	18	3	2	5	8	102
01/04/2025	19	3	2	8	11	91
01/04/2025	20	3	2	8	11	90
01/04/2025	21	3	2	7	10	83
01/04/2025	22	3	2	7	10	78
01/04/2025	23	3	2	9	12	81
02/04/2025	00	3	2	8	11	84
02/04/2025	01	3	2	8	11	82
02/04/2025	02	3	2	4	8	87
02/04/2025	03	3	2	3	6	87
02/04/2025	04	3	2	3	6	84
02/04/2025	05	3	2	4	7	84
02/04/2025	06	3	7	36	48	45
02/04/2025	07	3	15	51	73	20
02/04/2025	08	3	6	37	46	38
02/04/2025	09	3	4	26	31	53
02/04/2025	10	3	2	15	18	71
02/04/2025	11	3	5	24	32	65
02/04/2025	12	3	5	23	30	75
02/04/2025	13	3	2	10	13	95
02/04/2025	14	3	2	6	10	103
02/04/2025	15	3	2	4	7	108
02/04/2025	16	3	2	5	8	99
02/04/2025	17	3	2	11	14	93
02/04/2025	18	3	2	10	13	92
02/04/2025	19	3	2	8	11	95
02/04/2025	20	3	2	7	10	93
02/04/2025	21	3	2	4	7	96
02/04/2025	22	3	2	4	7	92
02/04/2025	23	3	2	3	6	90
03/04/2025	00	3	2	2	5	91
03/04/2025	01	3	2	2	5	95
03/04/2025	02	3	2	5	8	86
03/04/2025	03	3	2	2	5	91
03/04/2025	04	3	2	1	4	92
03/04/2025	05	3	2	3	6	89
03/04/2025	06	3	2	5	9	88
03/04/2025	07	3	2	8	12	82
03/04/2025	08	3	2	6	9	83
03/04/2025	09	3	2	4	7	87
03/04/2025	10	3	2	3	6	88
03/04/2025	11	3	2	3	6	91
03/04/2025	12	3	2	2	5	94
03/04/2025	13	3	2	2	5	90
03/04/2025	14	3	2	2	5	90
03/04/2025	15	3	2	2	5	93
03/04/2025	16	3	2	3	6	91
03/04/2025	17	3	2	4	8	91
03/04/2025	18	3	2	4	8	89
03/04/2025	19	3	2	4	7	89
03/04/2025	20	3	2	2	5	90
03/04/2025	21	3	2	2	5	90
03/04/2025	22	3	2	2	5	89
03/04/2025	23	3	2	2	5	88
04/04/2025	00	3	2	2	5	88
04/04/2025	01	3	2	1	5	87
04/04/2025	02	3	2	1	4	90
04/04/2025	03	3	2	1	4	90
04/04/2025	04	3	2	1	4	86
04/04/2025	05	3	2	3	6	74
04/04/2025	06	3	2	9	13	57
04/04/2025	07	3	2	12	15	63
04/04/2025	08	3	2	14	17	63
04/04/2025	09	3	2	11	14	74
04/04/2025	10	3	2	5	8	82
04/04/2025	11	3	2	6	9	83
04/04/2025	12	3	2	5	9	88
04/04/2025	13	3	2	6	9	91
04/04/2025	14	3	2	3	6	95
04/04/2025	15	3	2	3	6	96
04/04/2025	16	3	2	3	6	94
04/04/2025	17	3	2	3	6	93
04/04/2025	18	3	2	5	8	88
04/04/2025	19	3	2	5	8	88
04/04/2025	20	3	2	10	13	74
04/04/2025	21	3	2	13	16	67
04/04/2025	22	3	2	8	11	72
04/04/2025	23	3	2	10	13	66
05/04/2025	00	3	2	9	12	59
05/04/2025	01	3	2	8	11	45
05/04/2025	02	3	2	10	13	34
05/04/2025	03	3	2	6	9	47
05/04/2025	04	3	2	6	9	28
05/04/2025	05	3	2	13	16	19
05/04/2025	06	3	2	17	20	29
05/04/2025	07	3	2	16	19	44
05/04/2025	08	3	2	12	16	61
05/04/2025	09	3	2	8	11	67
05/04/2025	10	3	2	3	7	72
05/04/2025	11	3	2	3	6	74
05/04/2025	12	3	2	2	6	78
05/04/2025	13	3	2	2	5	80
05/04/2025	14	3	2	1	4	83
05/04/2025	15	3	2	1	4	83
05/04/2025	16	3	2	2	6	81
05/04/2025	17	3	2	3	6	79
05/04/2025	18	3	2	7	10	72
05/04/2025	19	3	2	21	24	59
05/04/2025	20	3	2	18	21	57
05/04/2025	21	3	2	15	18	58
05/04/2025	22	3	2	14	17	54
05/04/2025	23	3	2	16	19	42
06/04/2025	00	3	2	9	12	55
06/04/2025	01	3	2	6	9	56
06/04/2025	02	3	2	3	6	58
06/04/2025	03	3	2	2	5	56
06/04/2025	04	3	2	2	5	54
06/04/2025	05	3	2	5	8	48
06/04/2025	06	3	2	14	18	38
06/04/2025	07	3	2	10	13	45
06/04/2025	08	3	2	9	12	48
06/04/2025	09	3	2	10	13	52
06/04/2025	10	3	2	8	11	62
06/04/2025	11	3	2	3	6	76
06/04/2025	12	3	2	1	4	79
06/04/2025	13	3	2	2	5	80
06/04/2025	14	3	2	3	6	82
06/04/2025	15	3	2	5	8	81
06/04/2025	16	3	2	4	7	81
06/04/2025	17	3	2	12	15	72
06/04/2025	18	3	2	6	9	81
06/04/2025	19	3	2	16	19	72
06/04/2025	20	3	2	10	13	74
06/04/2025	21	3	2	22	25	51
06/04/2025	22	3	2	24	27	41
06/04/2025	23	3	2	22	25	37
07/04/2025	00	3	2	18	21	37
07/04/2025	01	3	2	6	9	49
07/04/2025	02	3	2	4	7	46
07/04/2025	03	3	2	3	6	48
07/04/2025	04	3	2	7	10	45
07/04/2025	05	3	2	12	15	41
07/04/2025	07	3	27	38	80	20
07/04/2025	08	3	13	29	48	31
07/04/2025	09	3	22	34	68	31
07/04/2025	10	3	7	19	29	54
07/04/2025	11	3	2	7	10	75
07/04/2025	12	3	4	23	29	67
07/04/2025	13	3	2	9	12	88
07/04/2025	14	3	2	13	16	85
07/04/2025	15	3	2	8	11	87
07/04/2025	16	3	2	15	18	82
07/04/2025	17	3	2	12	15	90
07/04/2025	18	3	2	9	11	93
07/04/2025	19	3	2	12	14	91
07/04/2025	20	3	2	9	12	88
07/04/2025	21	3	2	12	15	87
07/04/2025	22	3	2	12	15	81
07/04/2025	23	3	2	11	14	79
08/04/2025	00	3	2	10	13	81
08/04/2025	01	3	2	10	13	59
08/04/2025	02	3	2	9	12	61
08/04/2025	03	3	2	8	11	56
08/04/2025	04	3	2	10	12	59
08/04/2025	05	3	2	14	17	35
08/04/2025	06	3	43	46	112	8
08/04/2025	07	3	49	48	122	11
08/04/2025	08	3	18	35	62	28
08/04/2025	09	3	3	18	22	56
08/04/2025	10	3	2	15	18	67
08/04/2025	11	3	2	15	18	75
08/04/2025	12	3	2	13	15	86
08/04/2025	13	3	2	10	13	96
08/04/2025	14	3	2	7	9	100
08/04/2025	15	3	2	3	6	98
08/04/2025	16	3	2	2	5	101
08/04/2025	17	3	2	3	5	100
08/04/2025	18	3	2	2	5	98
08/04/2025	19	3	2	2	5	95
08/04/2025	20	3	2	3	5	94
08/04/2025	21	3	2	1	4	94
08/04/2025	22	3	2	1	4	96
08/04/2025	23	3	2	2	4	90
09/04/2025	00	3	2	6	9	81
09/04/2025	01	3	2	6	9	79
09/04/2025	02	3	2	6	9	67
09/04/2025	03	3	2	4	7	69
09/04/2025	04	3	2	5	8	75
09/04/2025	05	3	2	10	12	67
09/04/2025	06	3	2	26	29	44
09/04/2025	07	3	7	38	48	30
09/04/2025	08	3	6	27	36	40
09/04/2025	09	3	8	28	39	50
09/04/2025	10	3	8	28	40	51
09/04/2025	11	3	6	21	31	59
09/04/2025	12	3	2	16	18	80
09/04/2025	13	3	3	19	22	82
09/04/2025	14	3	2	23	26	81
09/04/2025	15	3	4	22	28	79
09/04/2025	16	3	2	15	17	83
09/04/2025	17	3	1	12	14	89
09/04/2025	18	3	1	8	10	98
09/04/2025	19	3	1	3	3	92
09/04/2025	20	3	1	3	4	87
09/04/2025	21	3	2	7	10	76
09/04/2025	22	3	2	7	10	73
09/04/2025	23	3	2	6	8	71
10/04/2025	00	3	2	6	9	66
10/04/2025	01	3	2	6	9	69
10/04/2025	02	3	2	6	8	64
10/04/2025	03	3	2	6	9	66
10/04/2025	04	3	2	7	10	67
10/04/2025	05	3	2	8	10	55
10/04/2025	06	3	5	30	37	31
10/04/2025	07	3	2	28	31	43
10/04/2025	08	3	6	28	37	50
10/04/2025	09	3	2	12	15	77
10/04/2025	10	3	2	4	7	88
10/04/2025	11	3	2	5	8	87
10/04/2025	12	3	2	2	5	94
10/04/2025	13	3	2	2	5	96
10/04/2025	14	3	2	2	5	98
10/04/2025	15	3	2	1	4	96
10/04/2025	16	3	2	2	4	92
10/04/2025	17	3	2	2	5	93
10/04/2025	18	3	2	6	9	88
10/04/2025	19	3	2	13	16	86
10/04/2025	20	3	2	8	11	88
10/04/2025	21	3	2	3	6	93
10/04/2025	22	3	2	2	5	89
10/04/2025	23	3	2	3	6	78
11/04/2025	00	3	2	5	8	73
11/04/2025	01	3	2	6	9	73
11/04/2025	02	3	2	5	8	72
11/04/2025	03	3	2	7	10	63
11/04/2025	04	3	2	10	13	61
11/04/2025	05	3	2	11	14	62
11/04/2025	06	3	2	16	19	53
11/04/2025	07	3	2	20	22	56
11/04/2025	08	3	2	18	20	63
11/04/2025	09	3	2	13	16	67
11/04/2025	10	3	2	9	12	81
11/04/2025	11	3	2	5	8	87
11/04/2025	12	3	2	2	5	93
11/04/2025	13	3	2	2	5	92
11/04/2025	14	3	2	1	4	90
11/04/2025	15	3	2	1	4	90
11/04/2025	16	3	2	1	4	90
11/04/2025	17	3	2	2	5	92
11/04/2025	18	3	2	2	5	94
11/04/2025	19	3	2	4	7	90
11/04/2025	20	3	2	3	5	89
11/04/2025	21	3	2	2	5	82
11/04/2025	22	3	2	5	8	72
11/04/2025	23	3	2	7	10	67
12/04/2025	00	3	2	5	8	63
12/04/2025	01	3	2	5	8	52
12/04/2025	02	3	2	6	9	49
12/04/2025	03	3	2	5	8	51
12/04/2025	04	3	2	3	6	52
12/04/2025	05	3	2	10	12	48
12/04/2025	06	3	2	14	16	44
12/04/2025	07	3	2	15	18	40
12/04/2025	08	3	2	16	19	39
12/04/2025	09	3	2	20	23	40
12/04/2025	10	3	2	19	21	51
12/04/2025	11	3	2	13	15	66
12/04/2025	12	3	2	15	18	65
12/04/2025	13	3	2	13	16	77
12/04/2025	14	3	3	16	20	72
12/04/2025	15	3	2	8	11	81
12/04/2025	16	3	2	23	26	63
12/04/2025	17	3	2	22	25	68
12/04/2025	18	3	2	13	16	75
12/04/2025	19	3	2	23	26	60
12/04/2025	20	3	2	37	40	41
12/04/2025	21	3	2	25	28	43
12/04/2025	22	3	2	17	19	46
12/04/2025	23	3	2	14	17	43
13/04/2025	00	3	2	19	22	40
13/04/2025	01	3	2	19	22	32
13/04/2025	02	3	2	19	22	21
13/04/2025	03	3	2	22	24	25
13/04/2025	04	3	2	18	20	20
13/04/2025	05	3	1	14	16	16
13/04/2025	06	3	2	12	14	15
13/04/2025	07	3	2	11	14	27
13/04/2025	08	3				48
13/04/2025	09	3	2	10	13	50
13/04/2025	10	3	2	13	16	53
13/04/2025	11	3	2	11	14	68
13/04/2025	12	3	2	11	14	77
13/04/2025	13	3	2	8	11	91
13/04/2025	14	3	2	4	8	95
13/04/2025	15	3	2	3	6	94
13/04/2025	16	3	2	6	9	88
13/04/2025	17	3	2	7	10	89
13/04/2025	18	3	1	5	7	87
13/04/2025	19	3	2	3	6	87
13/04/2025	20	3	2	4	6	86
13/04/2025	21	3	2	6	8	78
13/04/2025	22	3	2	14	16	66
13/04/2025	23	3	2	13	15	58
14/04/2025	00	3	2	10	13	52
14/04/2025	01	3	2	14	17	42
14/04/2025	02	3	2	12	14	47
14/04/2025	03	3	2	9	11	54
14/04/2025	04	3	2	6	9	47
14/04/2025	05	3	2	10	13	35
14/04/2025	06	3	2	14	17	48
14/04/2025	07	3	2	18	21	55
14/04/2025	08	3	2	18	21	62
14/04/2025	09	3	2	20	23	56
14/04/2025	10	3	2	19	22	63
14/04/2025	11	3	4	27	33	60
14/04/2025	12	3	5	26	34	64
14/04/2025	13	3	6	27	35	71
14/04/2025	14	3	2	15	19	81
14/04/2025	15	3	2	18	21	82
14/04/2025	16	3	2	14	17	87
14/04/2025	17	3	2	31	34	65
14/04/2025	18	3	2	12	14	75
14/04/2025	19	3	2	14	17	76
14/04/2025	20	3	2	12	15	71
14/04/2025	21	3	2	25	28	51
14/04/2025	22	3	2	18	21	53
14/04/2025	23	3	2	5	8	73
15/04/2025	00	3	2	3	6	71
15/04/2025	01	3	2	4	7	68
15/04/2025	02	3	2	3	5	72
15/04/2025	03	3	2	1	4	76
15/04/2025	04	3	2	2	4	77
15/04/2025	05	3	2	5	8	70
15/04/2025	06	3	2	12	15	62
15/04/2025	07	3	3	16	21	59
15/04/2025	08	3	2	11	13	67
15/04/2025	09	3	2	8	10	70
15/04/2025	10	3	2	6	9	73
15/04/2025	11	3	2	7	9	76
15/04/2025	12	3	2	5	8	81
15/04/2025	13	3	2	3	6	90
15/04/2025	14	3	2	3	5	92
15/04/2025	15	3	2	4	6	87
15/04/2025	16	3	2	4	7	84
15/04/2025	17	3	2	4	7	85
15/04/2025	18	3	2	4	7	84
15/04/2025	19	3	2	5	8	84
15/04/2025	20	3	2	10	13	73
15/04/2025	21	3	2	7	10	73
15/04/2025	22	3	2	7	10	73
15/04/2025	23	3	2	5	8	73
16/04/2025	00	3	2	1	4	80
16/04/2025	01	3	2	1	3	80
16/04/2025	02	3	2	1	4	70
16/04/2025	03	3	2	3	5	63
16/04/2025	04	3	2	6	9	62
16/04/2025	05	3	2	10	13	61
16/04/2025	06	3	3	17	20	60
16/04/2025	07	3	4	22	28	54
16/04/2025	08	3	2	13	15	66
16/04/2025	09	3	2	4	7	76
16/04/2025	10	3	2	3	6	77
16/04/2025	11	3	2	2	5	82
16/04/2025	12	3	2	3	6	83
16/04/2025	13	3	2	2	4	86
16/04/2025	14	3	2	2	5	85
16/04/2025	15	3	2	2	5	84
16/04/2025	16	3	2	3	6	84
16/04/2025	17	3	2	5	7	87
16/04/2025	18	3	2	4	7	87
16/04/2025	19	3	2	4	7	82
16/04/2025	20	3	2	5	8	76
16/04/2025	21	3	2	7	10	71
16/04/2025	22	3	2	4	7	71
16/04/2025	23	3	2	4	7	70
17/04/2025	00	3	2	2	4	71
17/04/2025	01	3	2	1	3	65
17/04/2025	02	3	2	2	4	63
17/04/2025	03	3	2	2	5	59
17/04/2025	04	3	2	5	8	58
17/04/2025	05	3	2	10	12	49
17/04/2025	06	3	3	22	27	37
17/04/2025	07	3	9	29	43	29
17/04/2025	08	3	11	26	43	34
17/04/2025	09	3	4	11	18	57
17/04/2025	10	3	2	3	6	81
17/04/2025	11	3	2	3	5	84
17/04/2025	12	3	2	2	5	87
17/04/2025	13	3	9	25	39	67
17/04/2025	14	3	2	5	8	84
17/04/2025	15	3	2	2	5	90
17/04/2025	16	3	2	3	6	90
17/04/2025	17	3	2	3	6	90
17/04/2025	18	3	2	5	8	86
17/04/2025	19	3	2	7	10	80
17/04/2025	20	3	2	10	12	72
17/04/2025	21	3	2	12	15	71
17/04/2025	22	3	2	18	20	64
17/04/2025	23	3	2	9	12	75
18/04/2025	00	3	2	12	15	60
18/04/2025	01	3	2	16	19	45
18/04/2025	02	3	2	23	25	32
18/04/2025	03	3	2	25	27	26
18/04/2025	04	3	2	26	29	24
18/04/2025	05	3	2	20	22	26
18/04/2025	06	3	2	14	16	35
18/04/2025	07	3	2	7	10	50
18/04/2025	08	3	2	10	12	46
18/04/2025	09	3	2	7	9	57
18/04/2025	10	3	2	2	5	69
18/04/2025	11	3	2	1	3	71
18/04/2025	12	3	2	1	3	73
18/04/2025	13	3	2	4	6	73
18/04/2025	14	3	2	7	9	74
18/04/2025	15	3	2	6	9	71
18/04/2025	16	3	2	9	12	66
18/04/2025	17	3	2	15	18	60
18/04/2025	18	3	2	20	24	58
18/04/2025	19	3	2	11	14	73
18/04/2025	20	3	2	12	15	70
18/04/2025	21	3	2	11	14	70
18/04/2025	22	3	2	8	11	69
18/04/2025	23	3	2	9	12	61
19/04/2025	00	3	2	10	13	45
19/04/2025	01	3	2	10	12	40
19/04/2025	02	3	2	10	13	32
19/04/2025	03	3	2	17	20	27
19/04/2025	04	3	2	11	14	38
19/04/2025	05	3	2	3	6	54
19/04/2025	06	3	2	2	5	62
19/04/2025	07	3	2	3	6	64
19/04/2025	08	3	2	2	4	70
19/04/2025	09	3	2	1	3	70
19/04/2025	10	3	2	1	4	73
19/04/2025	11	3	2	2	5	77
19/04/2025	12	3	2	1	4	85
19/04/2025	13	3	2	1	3	88
19/04/2025	14	3	2	1	3	90
19/04/2025	15	3	2	1	3	88
19/04/2025	16	3	2	1	3	87
19/04/2025	17	3	2	1	3	87
19/04/2025	18	3	2	1	4	84
19/04/2025	19	3	2	2	5	81
19/04/2025	20	3	2	3	6	86
19/04/2025	21	3	2	4	6	80
19/04/2025	22	3	2	2	4	80
19/04/2025	23	3	2	2	5	78
20/04/2025	00	3	2	1	4	77
20/04/2025	01	3	2	1	3	76
20/04/2025	02	3	2	1	3	75
20/04/2025	03	3	2	1	3	74
20/04/2025	04	3	2	1	3	73
20/04/2025	05	3	2	1	3	72
20/04/2025	06	3	2	1	4	71
20/04/2025	07	3	2	2	4	70
20/04/2025	08	3	2	1	3	76
20/04/2025	09	3	2	1	3	76
20/04/2025	10	3	2	1	3	73
20/04/2025	11	3	2	1	3	73
20/04/2025	12	3	2	1	3	75
20/04/2025	13	4	2	1	3	77
20/04/2025	14	3	2	1	3	78
20/04/2025	15	3	2	1	3	82
20/04/2025	16	3	2	1	3	85
20/04/2025	17	3	2	2	4	82
20/04/2025	18	3	2	9	12	74
20/04/2025	19	3	2	6	9	78
20/04/2025	20	3	2	6	8	75
20/04/2025	21	3	2	6	8	76
20/04/2025	22	3	2	7	10	65
20/04/2025	23	3	2	10	13	56
21/04/2025	00	3	2	17	19	45
21/04/2025	01	3	2	9	12	50
21/04/2025	02	3	2	6	8	51
21/04/2025	03	3	2	3	6	50
21/04/2025	04	3	2	2	5	45
21/04/2025	05	3	2	4	6	46
21/04/2025	06	3	2	13	15	37
21/04/2025	07	3	2	11	14	46
21/04/2025	08	3	2	7	10	53
21/04/2025	09	3	2	4	7	61
21/04/2025	10	3	2	2	4	72
21/04/2025	11	3	2	1	3	77
21/04/2025	12	3	2	10	12	71
21/04/2025	13	3	2	5	7	79
21/04/2025	14	3	2	4	6	83
21/04/2025	15	3	2	8	11	79
21/04/2025	16	3	2	7	9	83
21/04/2025	17	3	2	4	6	94
21/04/2025	18	3	2	3	6	95
21/04/2025	19	3	2	5	8	89
21/04/2025	20	3	2	5	8	88
21/04/2025	21	3	2	10	12	76
21/04/2025	22	3	2	7	10	76
21/04/2025	23	3	2	8	11	69
22/04/2025	00	3	2	10	13	60
22/04/2025	01	3	2	14	16	49
22/04/2025	02	3	2	13	15	44
22/04/2025	03	3	2	10	13	44
22/04/2025	04	3	2	7	9	48
22/04/2025	05	3	2	12	14	33
22/04/2025	06	3	3	30	34	17
22/04/2025	07	3	20	41	71	11
22/04/2025	08	3	34	43	96	10
22/04/2025	09	3	24	36	72	17
22/04/2025	13	3	6	34	43	45
22/04/2025	14	3	4	14	21	67
22/04/2025	15	3	2	5	8	80
22/04/2025	16	3	2	11	13	70
22/04/2025	17	3	2	7	10	79
22/04/2025	18	3	2	5	8	76
22/04/2025	19	3	2	9	11	68
22/04/2025	20	3	2	19	21	45
22/04/2025	21	3	2	27	30	30
22/04/2025	22	3	2	28	31	29
22/04/2025	23	3	2	20	22	36
23/04/2025	00	3	2	16	19	28
23/04/2025	01	3	2	9	11	31
23/04/2025	02	3	2	5	7	29
23/04/2025	03	3	2	3	6	28
23/04/2025	04	3	2	4	6	29
23/04/2025	05	3	2	14	17	18
23/04/2025	06	3	8	27	40	17
23/04/2025	07	3	20	35	64	21
23/04/2025	08	3	7	17	28	40
23/04/2025	09	3	5	18	25	48
23/04/2025	10	3	2	13	16	63
23/04/2025	11	3	2	9	12	73
23/04/2025	12	3	2	14	16	77
23/04/2025	13	3	4	24	31	69
23/04/2025	14	3	2	17	20	76
23/04/2025	15	3	2	6	9	87
23/04/2025	16	3	2	17	21	73
23/04/2025	17	3	4	31	37	60
23/04/2025	18	3	5	36	44	56
23/04/2025	19	3	2	14	17	81
23/04/2025	20	3	2	12	15	77
23/04/2025	21	3	2	13	16	69
23/04/2025	22	3	2	17	19	49
23/04/2025	23	3	2	20	23	47
24/04/2025	00	3	2	12	14	58
24/04/2025	01	3	2	8	11	53
24/04/2025	02	3	2	6	8	48
24/04/2025	03	3	2	6	8	37
24/04/2025	04	3	2	12	15	30
24/04/2025	05	3	2	19	21	18
24/04/2025	06	3	9	35	50	10
24/04/2025	07	3	31	38	85	13
24/04/2025	08	3	20	32	62	25
24/04/2025	09	3	11	24	40	41
24/04/2025	10	3	4	16	22	59
24/04/2025	11	3	3	17	21	65
24/04/2025	12	3	2	16	20	74
24/04/2025	13	3	3	11	14	75
24/04/2025	14	3	2	8	11	85
24/04/2025	15	3	2	7	9	83
24/04/2025	16	3	3	19	23	69
24/04/2025	17	3	3	25	29	70
24/04/2025	18	3	2	12	15	84
24/04/2025	19	3	2	16	19	75
24/04/2025	20	3	2	11	13	75
24/04/2025	21	3	2	7	10	75
24/04/2025	22	3	2	8	10	71
24/04/2025	23	3	2	10	13	51
25/04/2025	00	3	2	13	15	40
25/04/2025	01	3	2	17	19	31
25/04/2025	02	3	2	18	21	26
25/04/2025	03	3	2	17	20	22
25/04/2025	04	3	2	12	15	26
25/04/2025	05	3	2	9	12	22
25/04/2025	06	3	6	20	29	15
25/04/2025	07	3	4	27	34	21
25/04/2025	08	3	2	14	17	58
25/04/2025	09	3	2	12	15	67
25/04/2025	10	3	2	10	13	76
25/04/2025	11	3	2	8	11	84
25/04/2025	12	3	2	6	9	95
25/04/2025	13	3	2	3	7	102
25/04/2025	14	3	2	2	5	98
25/04/2025	15	3	2	2	5	99
25/04/2025	16	3	2	4	7	102
25/04/2025	17	3	2	2	5	98
25/04/2025	18	3	2	2	5	95
25/04/2025	19	3	2	3	6	95
25/04/2025	20	3	2	3	6	92
25/04/2025	21	3	2	5	8	84
25/04/2025	22	3	2	11	14	63
25/04/2025	23	3	2	15	19	59
26/04/2025	00	3	2	13	17	49
26/04/2025	01	3	2	12	15	39
26/04/2025	02	3	2	12	15	32
26/04/2025	03	3	2	11	14	32
26/04/2025	04	3	2	12	15	23
26/04/2025	05	3	2	13	16	31
26/04/2025	06	3	3	20	25	21
26/04/2025	07	3	3	21	24	36
26/04/2025	08	3	2	18	21	50
26/04/2025	09	3	3	18	22	56
26/04/2025	10	3	2	4	7	74
26/04/2025	11	3	2	4	7	77
26/04/2025	12	3	2	3	6	79
26/04/2025	13	3	2	4	7	77
26/04/2025	14	3	2	8	11	77
26/04/2025	15	3	2	4	8	85
26/04/2025	16	3	2	1	5	76
26/04/2025	17	3	2	3	6	76
26/04/2025	18	3	2	9	12	71
26/04/2025	19	3	2	16	19	65
26/04/2025	20	3	2	8	12	71
26/04/2025	21	3	2	6	9	74
26/04/2025	22	3	2	4	7	70
26/04/2025	23	3	2	5	8	63
27/04/2025	00	3	2	6	9	64
27/04/2025	01	3	2	3	6	66
27/04/2025	02	3	2	1	4	73
27/04/2025	03	3	2	1	4	72
27/04/2025	04	3	2	1	4	74
27/04/2025	05	3	2	1	4	67
27/04/2025	06	3	2	2	6	64
27/04/2025	07	3	2	4	8	57
27/04/2025	08	3	2	3	7	66
27/04/2025	09	3	2	1	4	75
27/04/2025	10	3	2	1	4	77
27/04/2025	11	3	2	7	10	72
27/04/2025	12	3	2	6	9	73
27/04/2025	13	3	2	4	7	81
27/04/2025	14	3	2	5	8	84
27/04/2025	15	3	2	12	15	83
27/04/2025	16	3	2	5	9	89
27/04/2025	17	3	2	14	18	77
27/04/2025	18	3	2	18	21	70
27/04/2025	19	3	2	10	13	80
27/04/2025	20	3	2	19	23	67
27/04/2025	21	3	2	17	21	65
27/04/2025	22	3	2	9	12	73
27/04/2025	23	3	2	4	7	75
28/04/2025	00	3	2	5	9	69
28/04/2025	01	3	2	9	13	55
28/04/2025	02	3	2	7	10	55
28/04/2025	03	3	2	6	9	54
28/04/2025	04	3	2	8	11	39
28/04/2025	05	3	2	9	13	38
28/04/2025	06	3	2	12	16	34
28/04/2025	07	3	2	12	16	40
28/04/2025	08	3	2	7	10	53
28/04/2025	09	3	2	4	7	73
28/04/2025	10	3	2	4	7	81
29/04/2025	07	3	3	38	42	44
29/04/2025	08	3	2	21	25	52
29/04/2025	09	3	2	9	13	84
29/04/2025	10	3	2	4	7	93
29/04/2025	11	3	2	4	7	95
29/04/2025	12	3	2	2	6	103
29/04/2025	13	3	2	2	5	100
29/04/2025	14	3	2	2	5	102
29/04/2025	15	3	2	1	4	102
29/04/2025	16	3	2	1	5	99
29/04/2025	17	3	2	2	5	94
29/04/2025	18	3	2	1	5	92
29/04/2025	19	3	2	3	6	98
29/04/2025	20	3	2	3	6	94
29/04/2025	21	3	2	2	5	93
29/04/2025	22	3	2	1	5	98
29/04/2025	23	3	2	1	4	97
30/04/2025	00	3	2	1	4	95
30/04/2025	01	3	2	4	8	82
30/04/2025	02	3	2	11	14	73
30/04/2025	03	3	2	9	12	71
30/04/2025	04	3	2	7	10	74
30/04/2025	05	3	2	8	11	70
30/04/2025	06	3	2	14	17	66
30/04/2025	07	3	2	19	22	67
30/04/2025	08	3	2	6	9	87
30/04/2025	09	3	2	3	7	90
30/04/2025	10	3	2	2	5	90
30/04/2025	11	3	2	2	5	90
30/04/2025	12	3	2	1	5	94
30/04/2025	13	3	2	1	4	95
30/04/2025	14	3	2	1	4	98
30/04/2025	15	3	2	1	5	97
30/04/2025	16	3	2	2	5	91
30/04/2025	17	3	2	2	6	89
30/04/2025	18	3	2	2	6	86
30/04/2025	19	3	2	3	7	83
30/04/2025	20	3	2	3	6	84
30/04/2025	21	3	2	2	5	85
30/04/2025	22	3	2	2	5	87
30/04/2025	23	3	2	2	6	84
