Red: Red de Vigilancia y Control de la Contaminación Atmosférica
Estación: 03014012-Alacant AP ISM
	
FECHA	HORA	PM2.5	PM10
		µg/m³	µg/m³
01/01/2025	01	14	15
01/01/2025	02	6	6
01/01/2025	03	4	4
01/01/2025	04	3	4
01/01/2025	05	8	8
01/01/2025	06	4	5
01/01/2025	07	2	2
01/01/2025	08	2	2
01/01/2025	09	4	4
01/01/2025	10	5	5
01/01/2025	11	5	5
01/01/2025	12	8	8
01/01/2025	13	6	6
01/01/2025	14	2	2
01/01/2025	15	2	2
01/01/2025	16	1	2
01/01/2025	17	3	3
01/01/2025	18	5	5
01/01/2025	19	6	6
01/01/2025	20	7	7
01/01/2025	21	7	8
01/01/2025	22	7	7
01/01/2025	23	7	8
02/01/2025	00	7	7
02/01/2025	01	8	8
02/01/2025	02	6	6
02/01/2025	03	4	5
02/01/2025	04	4	4
02/01/2025	05	3	4
02/01/2025	06	4	4
02/01/2025	07	4	4
02/01/2025	08	5	5
02/01/2025	09	6	7
02/01/2025	10	12	12
02/01/2025	11	5	5
02/01/2025	12	1	2
02/01/2025	13	3	3
02/01/2025	14	3	3
02/01/2025	15	3	4
02/01/2025	16	3	3
02/01/2025	17	4	4
02/01/2025	18	3	3
02/01/2025	19	4	4
02/01/2025	20	8	8
02/01/2025	21	11	11
02/01/2025	22	8	8
02/01/2025	23	8	8
03/01/2025	00	4	4
03/01/2025	01	4	4
03/01/2025	02	4	5
03/01/2025	03	4	5
03/01/2025	04	4	4
03/01/2025	05	3	3
03/01/2025	06	2	3
03/01/2025	07	2	3
03/01/2025	08	3	3
03/01/2025	09	3	3
03/01/2025	10	3	3
03/01/2025	11	3	3
03/01/2025	12	2	2
03/01/2025	13	2	2
03/01/2025	14	2	2
03/01/2025	15	2	2
03/01/2025	16	3	3
03/01/2025	17	2	3
03/01/2025	18	3	3
03/01/2025	19	3	3
03/01/2025	20	2	3
03/01/2025	21	3	4
03/01/2025	22	4	5
03/01/2025	23	6	6
04/01/2025	00	5	5
04/01/2025	01	4	5
04/01/2025	02	3	3
04/01/2025	03	3	3
04/01/2025	04	3	3
04/01/2025	05	3	3
04/01/2025	06	3	4
04/01/2025	07	4	4
04/01/2025	08	4	4
04/01/2025	09	4	4
04/01/2025	10	5	5
04/01/2025	11	3	3
04/01/2025	12	2	3
04/01/2025	13	2	2
04/01/2025	14	2	2
04/01/2025	15	3	3
04/01/2025	16	3	4
04/01/2025	17	4	5
04/01/2025	18	4	4
04/01/2025	19	6	6
04/01/2025	20	7	7
04/01/2025	21	7	7
04/01/2025	22	6	6
04/01/2025	23	6	6
05/01/2025	00	5	5
05/01/2025	01	5	5
05/01/2025	02	4	5
05/01/2025	03	3	3
05/01/2025	04	2	3
05/01/2025	05	2	3
05/01/2025	06	2	3
05/01/2025	07	4	4
05/01/2025	08	3	3
05/01/2025	09	4	4
05/01/2025	10	4	5
05/01/2025	11	15	16
05/01/2025	12	7	7
05/01/2025	13	8	8
05/01/2025	14	6	6
05/01/2025	15	6	7
05/01/2025	16	7	8
05/01/2025	17	8	8
05/01/2025	18	9	9
05/01/2025	19	13	13
05/01/2025	20	16	16
05/01/2025	21	22	23
05/01/2025	22	24	25
05/01/2025	23	21	21
06/01/2025	00	12	12
06/01/2025	01	10	11
06/01/2025	02	9	10
06/01/2025	03	12	12
06/01/2025	04	12	13
06/01/2025	05	11	11
06/01/2025	06	9	9
06/01/2025	07	9	9
06/01/2025	08	7	8
06/01/2025	09	8	9
06/01/2025	10	10	10
06/01/2025	11	13	14
06/01/2025	12	10	11
06/01/2025	13	6	6
06/01/2025	14	10	10
06/01/2025	15	7	7
06/01/2025	16	1	2
06/01/2025	17	1	1
06/01/2025	18	1	1
06/01/2025	19	0	1
06/01/2025	20	1	1
06/01/2025	21	1	1
06/01/2025	22	1	1
06/01/2025	23	1	1
07/01/2025	00	1	2
07/01/2025	01	1	1
07/01/2025	02	1	1
07/01/2025	03	1	1
07/01/2025	04	1	1
07/01/2025	05	1	1
07/01/2025	06	1	1
07/01/2025	07	1	1
07/01/2025	08	1	2
07/01/2025	09	1	2
07/01/2025	10	1	1
07/01/2025	11	1	2
07/01/2025	12	1	2
07/01/2025	13	2	3
07/01/2025	14	1	1
07/01/2025	15	1	1
07/01/2025	16	1	1
07/01/2025	17	2	2
07/01/2025	18	2	3
07/01/2025	19	1	2
07/01/2025	20	2	2
07/01/2025	21	2	2
07/01/2025	22	2	3
07/01/2025	23	3	3
08/01/2025	00	2	3
08/01/2025	01	2	2
08/01/2025	02	1	1
08/01/2025	03	1	2
08/01/2025	04	2	2
08/01/2025	05	1	2
08/01/2025	06	1	2
08/01/2025	07	3	3
08/01/2025	08	3	3
08/01/2025	09	7	7
08/01/2025	10	16	16
08/01/2025	11	10	10
08/01/2025	12	9	10
08/01/2025	13	9	9
08/01/2025	14	3	3
08/01/2025	15	2	2
08/01/2025	16	1	2
08/01/2025	17	2	2
08/01/2025	18	2	2
08/01/2025	19	4	4
08/01/2025	20	5	5
08/01/2025	21	11	11
08/01/2025	22	12	12
08/01/2025	23	7	7
09/01/2025	00	1	1
09/01/2025	01	1	1
09/01/2025	02	2	2
09/01/2025	03	1	2
09/01/2025	04	3	3
09/01/2025	05	2	2
09/01/2025	06	1	1
09/01/2025	07	2	3
09/01/2025	08	3	4
09/01/2025	09	2	3
09/01/2025	10	1	2
09/01/2025	11	2	3
09/01/2025	12	2	3
09/01/2025	13	3	6
09/01/2025	14	2	2
09/01/2025	15	2	4
09/01/2025	16	1	3
09/01/2025	17	1	2
09/01/2025	18	1	2
09/01/2025	19	1	2
09/01/2025	20	2	2
09/01/2025	21	1	1
09/01/2025	22	1	1
09/01/2025	23	1	2
10/01/2025	00	1	1
10/01/2025	01	1	1
10/01/2025	02	1	2
10/01/2025	03	1	1
10/01/2025	04	1	1
10/01/2025	05	1	1
10/01/2025	06	1	1
10/01/2025	07	1	2
10/01/2025	08	2	3
10/01/2025	09	2	3
10/01/2025	10	1	2
10/01/2025	11	1	2
10/01/2025	12	1	2
10/01/2025	13	1	2
10/01/2025	14	1	2
10/01/2025	15	1	2
10/01/2025	16	1	2
10/01/2025	17	1	2
10/01/2025	18	1	2
10/01/2025	19	2	2
10/01/2025	20	2	3
10/01/2025	21	2	3
10/01/2025	22	2	2
10/01/2025	23	2	3
11/01/2025	00	2	2
11/01/2025	01	1	1
11/01/2025	02	1	2
11/01/2025	03	2	2
11/01/2025	04	1	2
11/01/2025	05	1	3
11/01/2025	06	2	4
11/01/2025	07	1	1
11/01/2025	08	1	1
11/01/2025	09	1	1
11/01/2025	10	1	2
11/01/2025	11	1	1
11/01/2025	12	1	1
11/01/2025	13	1	2
11/01/2025	14	1	3
11/01/2025	15	2	4
11/01/2025	16	1	1
11/01/2025	17	1	1
11/01/2025	18	1	1
11/01/2025	19	1	1
11/01/2025	20	1	1
11/01/2025	21	1	2
11/01/2025	22	3	3
11/01/2025	23	2	2
12/01/2025	00	1	1
12/01/2025	01	0	1
12/01/2025	02	0	1
12/01/2025	03	1	3
12/01/2025	04	0	1
12/01/2025	05	0	0
12/01/2025	06	0	1
12/01/2025	07	0	1
12/01/2025	08	0	1
12/01/2025	09	1	1
12/01/2025	10	1	1
12/01/2025	11	1	1
12/01/2025	12	1	1
12/01/2025	13	1	2
12/01/2025	14	0	1
12/01/2025	15	0	1
12/01/2025	16	0	1
12/01/2025	17	1	1
12/01/2025	18	1	1
12/01/2025	19	2	2
12/01/2025	20	1	1
12/01/2025	21	2	2
12/01/2025	22	2	2
12/01/2025	23	2	2
13/01/2025	00	2	2
13/01/2025	01	2	2
13/01/2025	02	2	2
13/01/2025	03	2	2
13/01/2025	04	2	2
13/01/2025	05	3	3
13/01/2025	06	2	2
13/01/2025	07	2	2
13/01/2025	08	3	3
13/01/2025	09	3	4
13/01/2025	10	3	3
13/01/2025	11	3	3
13/01/2025	12	2	2
13/01/2025	13	2	2
13/01/2025	14	1	2
13/01/2025	15	1	1
13/01/2025	16	1	2
13/01/2025	17	1	1
13/01/2025	18	1	1
13/01/2025	19	2	2
13/01/2025	20	5	5
13/01/2025	21	6	6
13/01/2025	22	5	5
13/01/2025	23	5	5
14/01/2025	00	3	4
14/01/2025	01	2	2
14/01/2025	02	2	2
14/01/2025	03	2	2
14/01/2025	04	2	2
14/01/2025	05	3	3
14/01/2025	06	3	3
14/01/2025	07	3	4
14/01/2025	08	4	5
14/01/2025	09	5	6
14/01/2025	10	7	9
14/01/2025	11	4	6
14/01/2025	12	2	3
14/01/2025	13	2	3
14/01/2025	14	2	2
14/01/2025	15	2	2
14/01/2025	16	2	3
14/01/2025	17	2	2
14/01/2025	18	3	3
14/01/2025	19	4	4
14/01/2025	20	7	8
14/01/2025	21	9	9
14/01/2025	22	11	12
14/01/2025	23	9	10
15/01/2025	00	6	6
15/01/2025	01	6	7
15/01/2025	02	5	6
15/01/2025	03	5	5
15/01/2025	04	4	4
15/01/2025	05	4	4
15/01/2025	06	3	3
15/01/2025	07	4	4
15/01/2025	08	4	5
15/01/2025	09	6	7
15/01/2025	10	10	12
15/01/2025	11	10	11
15/01/2025	12	16	17
15/01/2025	13	11	11
15/01/2025	14	4	5
15/01/2025	15	3	3
15/01/2025	16	6	6
15/01/2025	17	4	5
15/01/2025	18	4	5
15/01/2025	19	7	8
15/01/2025	20	13	13
15/01/2025	21	16	17
15/01/2025	22	12	13
15/01/2025	23	15	15
16/01/2025	00	16	16
16/01/2025	01	15	16
16/01/2025	02	13	13
16/01/2025	03	8	8
16/01/2025	04	8	8
16/01/2025	05	7	7
16/01/2025	06	7	7
16/01/2025	07	8	8
16/01/2025	08	7	7
16/01/2025	09	7	8
16/01/2025	10	6	6
16/01/2025	11	5	5
16/01/2025	12	4	5
16/01/2025	13	4	4
16/01/2025	14	3	4
16/01/2025	15	3	4
16/01/2025	16	3	3
16/01/2025	17	3	3
16/01/2025	18	2	2
16/01/2025	19	1	1
16/01/2025	20	2	2
16/01/2025	21	2	2
16/01/2025	22	2	2
16/01/2025	23	2	2
17/01/2025	00	1	1
17/01/2025	01	0	0
17/01/2025	02	0	0
17/01/2025	03	1	1
17/01/2025	04	0	1
17/01/2025	05	0	0
17/01/2025	06	1	1
17/01/2025	07	1	1
17/01/2025	08	1	1
17/01/2025	09	1	2
17/01/2025	10	1	1
17/01/2025	11	1	1
17/01/2025	12	1	1
17/01/2025	13	1	2
17/01/2025	14	1	1
17/01/2025	15	1	2
17/01/2025	16	1	1
17/01/2025	17	1	2
17/01/2025	18	2	3
17/01/2025	19	4	4
17/01/2025	20	3	4
17/01/2025	21	6	6
17/01/2025	22	8	8
17/01/2025	23	7	7
18/01/2025	01	4	4
18/01/2025	02	4	4
18/01/2025	03	3	4
18/01/2025	04	3	4
18/01/2025	05	3	4
18/01/2025	06	3	3
18/01/2025	07	3	3
18/01/2025	08	3	3
18/01/2025	09	4	5
18/01/2025	10	4	5
18/01/2025	11	2	2
18/01/2025	12	2	2
18/01/2025	13	1	2
18/01/2025	14	1	2
18/01/2025	15	2	3
18/01/2025	16	3	3
18/01/2025	17	2	2
18/01/2025	18	2	2
18/01/2025	19	3	3
18/01/2025	20	8	9
18/01/2025	21	8	9
18/01/2025	22	6	7
18/01/2025	23	8	8
19/01/2025	00	11	12
19/01/2025	01	8	8
19/01/2025	02	5	5
19/01/2025	03	7	8
19/01/2025	04	7	7
19/01/2025	05	7	7
19/01/2025	06	6	7
19/01/2025	07	7	7
19/01/2025	08	7	7
19/01/2025	09	6	6
19/01/2025	10	5	6
19/01/2025	11	4	4
19/01/2025	12	3	3
19/01/2025	13	4	4
19/01/2025	14	4	4
19/01/2025	15	4	4
19/01/2025	16	4	4
19/01/2025	17	4	4
19/01/2025	18	4	5
19/01/2025	19	5	5
19/01/2025	20	13	13
19/01/2025	21	18	19
19/01/2025	22	23	23
19/01/2025	23	17	17
20/01/2025	00	12	12
20/01/2025	01	10	10
20/01/2025	02	12	12
20/01/2025	03	14	15
20/01/2025	04	12	12
20/01/2025	05	11	12
20/01/2025	06	11	11
20/01/2025	07	11	11
20/01/2025	08	11	12
20/01/2025	09	12	14
20/01/2025	10	16	18
20/01/2025	11	18	19
20/01/2025	12	14	14
20/01/2025	13	13	13
20/01/2025	14	10	11
20/01/2025	15	9	9
20/01/2025	16	8	8
20/01/2025	17	5	5
20/01/2025	18	4	4
20/01/2025	19	6	6
20/01/2025	20	15	15
20/01/2025	21	18	19
20/01/2025	22	22	22
20/01/2025	23	30	30
21/01/2025	00	30	31
21/01/2025	01	23	23
21/01/2025	02	15	15
21/01/2025	03	13	13
21/01/2025	04	12	12
21/01/2025	05	13	14
21/01/2025	06	14	14
21/01/2025	07	13	14
21/01/2025	08	13	14
21/01/2025	09	17	17
21/01/2025	10	26	26
21/01/2025	11	23	24
21/01/2025	12	23	31
21/01/2025	13	19	19
21/01/2025	14	19	19
21/01/2025	15	18	18
21/01/2025	16	17	17
21/01/2025	17	16	17
21/01/2025	18	17	18
21/01/2025	19	22	23
21/01/2025	20	22	22
21/01/2025	21	27	28
21/01/2025	22	25	26
21/01/2025	23	25	25
22/01/2025	00	21	21
22/01/2025	01	19	20
22/01/2025	02	17	18
22/01/2025	03	17	17
22/01/2025	04	16	16
22/01/2025	05	12	13
22/01/2025	06	9	10
22/01/2025	07	10	10
22/01/2025	08	15	16
22/01/2025	09	14	19
22/01/2025	10	15	18
22/01/2025	11	30	34
22/01/2025	12	38	43
22/01/2025	13	27	33
22/01/2025	14	11	14
22/01/2025	15	5	7
22/01/2025	16	4	6
22/01/2025	17	4	6
22/01/2025	18	4	6
22/01/2025	19	7	8
22/01/2025	20	12	13
22/01/2025	21	20	22
22/01/2025	22	17	20
22/01/2025	23	17	19
23/01/2025	01	12	15
23/01/2025	02	11	12
23/01/2025	03	10	12
23/01/2025	04	7	7
23/01/2025	05	4	4
23/01/2025	06	3	3
23/01/2025	07	3	4
23/01/2025	08	5	9
23/01/2025	09	7	8
23/01/2025	10	9	13
23/01/2025	11	18	21
23/01/2025	12	8	10
23/01/2025	13	6	7
23/01/2025	14	7	9
23/01/2025	15	3	4
23/01/2025	16	3	5
23/01/2025	17	2	5
23/01/2025	18	3	4
23/01/2025	19	4	4
23/01/2025	20	5	6
23/01/2025	21	8	9
23/01/2025	22	8	9
23/01/2025	23	7	8
24/01/2025	00	7	8
24/01/2025	01	6	7
24/01/2025	02	6	7
24/01/2025	03	4	5
24/01/2025	04	4	4
24/01/2025	05	3	3
24/01/2025	06	3	3
24/01/2025	07	5	5
24/01/2025	08	5	6
24/01/2025	09	6	8
24/01/2025	10	7	9
24/01/2025	11	13	15
24/01/2025	12	10	13
24/01/2025	13	5	7
24/01/2025	14	5	6
24/01/2025	15	4	4
24/01/2025	16	3	4
24/01/2025	17	3	3
24/01/2025	18	4	4
24/01/2025	19	5	5
24/01/2025	20	6	7
24/01/2025	21	10	11
24/01/2025	22	7	7
24/01/2025	23	15	17
25/01/2025	00	13	15
25/01/2025	01	10	11
25/01/2025	02	8	9
25/01/2025	03	6	6
25/01/2025	04	6	7
25/01/2025	05	7	7
25/01/2025	06	6	7
25/01/2025	07	5	6
25/01/2025	08	6	7
25/01/2025	09	9	10
25/01/2025	10	24	26
25/01/2025	11	15	17
25/01/2025	12	7	8
25/01/2025	13	10	11
25/01/2025	14	10	11
25/01/2025	15	7	8
25/01/2025	16	2	3
25/01/2025	17	1	1
25/01/2025	18	1	1
25/01/2025	19	1	1
25/01/2025	20	1	1
25/01/2025	21	1	1
25/01/2025	22	1	1
25/01/2025	23	1	1
26/01/2025	00	1	1
26/01/2025	01	1	1
26/01/2025	02	1	1
26/01/2025	03	1	1
26/01/2025	04	1	1
26/01/2025	05	1	2
26/01/2025	06	1	1
26/01/2025	07	1	1
26/01/2025	08	3	5
26/01/2025	09	3	4
26/01/2025	10	2	3
26/01/2025	11	2	3
26/01/2025	12	2	3
26/01/2025	13	2	2
26/01/2025	14	1	1
26/01/2025	15	2	3
26/01/2025	16	2	2
26/01/2025	17	2	2
26/01/2025	18	2	2
26/01/2025	19	2	2
26/01/2025	20	2	2
26/01/2025	21	5	5
26/01/2025	22	10	11
26/01/2025	23	10	11
27/01/2025	00	9	9
27/01/2025	01	7	8
27/01/2025	02	7	8
27/01/2025	03	5	6
27/01/2025	04	6	6
27/01/2025	05	6	7
27/01/2025	06	6	7
27/01/2025	07	6	7
27/01/2025	08	8	9
27/01/2025	09	9	11
27/01/2025	10	9	11
27/01/2025	11	11	13
27/01/2025	12	8	10
27/01/2025	13	4	13
27/01/2025	14	5	16
27/01/2025	15	4	16
27/01/2025	16	5	15
27/01/2025	17	4	8
27/01/2025	18	5	9
27/01/2025	19	5	9
27/01/2025	20	4	6
27/01/2025	21	3	4
27/01/2025	22	3	4
27/01/2025	23	1	4
28/01/2025	00	7	57
28/01/2025	01	5	34
28/01/2025	02	3	20
28/01/2025	03	1	3
28/01/2025	04	2	5
28/01/2025	05	1	2
28/01/2025	06	1	1
28/01/2025	07	1	1
28/01/2025	08	1	1
28/01/2025	09	1	2
28/01/2025	10	2	3
28/01/2025	11	1	2
28/01/2025	12	1	1
28/01/2025	13	1	3
28/01/2025	14	2	3
28/01/2025	15	2	6
28/01/2025	16	2	7
28/01/2025	17	2	5
28/01/2025	18	2	9
28/01/2025	19	2	5
28/01/2025	20	1	2
28/01/2025	21	1	4
28/01/2025	22	2	3
28/01/2025	23	1	1
29/01/2025	00	1	2
29/01/2025	01	1	1
29/01/2025	02	1	1
29/01/2025	03	1	1
29/01/2025	04	1	1
29/01/2025	05	1	1
29/01/2025	06	1	1
29/01/2025	07	1	1
29/01/2025	08	2	2
29/01/2025	09	2	3
29/01/2025	10	2	3
29/01/2025	11	4	5
29/01/2025	12	4	5
29/01/2025	13	3	4
29/01/2025	14	2	2
29/01/2025	15	2	3
29/01/2025	16	2	3
29/01/2025	17	2	3
29/01/2025	18	4	5
29/01/2025	19	5	7
29/01/2025	20	5	6
29/01/2025	21	6	7
29/01/2025	22	8	9
29/01/2025	23	9	10
30/01/2025	00	7	9
30/01/2025	01	5	5
30/01/2025	02	1	2
30/01/2025	03	1	1
30/01/2025	04	1	1
30/01/2025	05	1	1
30/01/2025	06	1	1
30/01/2025	07	2	2
30/01/2025	08	1	2
30/01/2025	09	1	2
30/01/2025	10	1	2
30/01/2025	11	2	3
30/01/2025	12	1	2
30/01/2025	13	1	1
30/01/2025	14	1	1
30/01/2025	15	1	1
30/01/2025	16	1	1
30/01/2025	17	1	1
30/01/2025	18	1	1
30/01/2025	19	1	1
30/01/2025	20	1	1
30/01/2025	21	1	1
30/01/2025	22	1	1
30/01/2025	23	1	1
31/01/2025	00	0	1
31/01/2025	01	1	1
31/01/2025	02	0	1
31/01/2025	03	0	0
31/01/2025	04	0	0
31/01/2025	05	0	1
31/01/2025	06	1	1
31/01/2025	07	1	1
31/01/2025	08	1	1
31/01/2025	09	1	2
31/01/2025	10	1	1
31/01/2025	11	1	2
31/01/2025	12	1	1
31/01/2025	13	1	2
31/01/2025	14	1	1
31/01/2025	15	1	1
31/01/2025	16	1	1
31/01/2025	17	1	2
31/01/2025	18	2	6
31/01/2025	19	2	3
31/01/2025	20	4	4
31/01/2025	21	5	6
31/01/2025	22	6	7
31/01/2025	23	6	7
01/02/2025	00	6	6
01/02/2025	01	4	4
01/02/2025	02	4	5
01/02/2025	03	3	3
01/02/2025	04	2	2
01/02/2025	05	1	2
01/02/2025	06	1	2
01/02/2025	07	1	2
01/02/2025	08	2	2
01/02/2025	09	2	2
01/02/2025	10	2	3
01/02/2025	11	2	2
01/02/2025	12	1	2
01/02/2025	13	1	2
01/02/2025	14	1	2
01/02/2025	15	2	3
01/02/2025	16	2	2
01/02/2025	17	2	2
01/02/2025	18	2	2
01/02/2025	19	2	3
01/02/2025	20	3	3
01/02/2025	21	3	3
01/02/2025	22	3	3
01/02/2025	23	4	4
02/02/2025	00	3	3
02/02/2025	01	2	3
02/02/2025	02	2	2
02/02/2025	03	3	3
02/02/2025	04	2	3
02/02/2025	05	1	1
02/02/2025	06	1	1
02/02/2025	07	1	1
02/02/2025	08	1	2
02/02/2025	09	2	2
02/02/2025	10	1	1
02/02/2025	11	1	1
02/02/2025	12	1	1
02/02/2025	13	1	1
02/02/2025	14	2	2
02/02/2025	15	1	1
02/02/2025	16	1	1
02/02/2025	17	1	1
02/02/2025	18	1	1
02/02/2025	19	1	2
02/02/2025	20	5	6
02/02/2025	21	11	12
02/02/2025	22	9	10
02/02/2025	23	6	6
03/02/2025	00	4	5
03/02/2025	01	4	4
03/02/2025	02	3	3
03/02/2025	03	3	3
03/02/2025	04	3	3
03/02/2025	05	4	4
03/02/2025	06	3	3
03/02/2025	07	3	4
03/02/2025	08	5	5
03/02/2025	09	5	6
03/02/2025	10	3	4
03/02/2025	11	1	2
03/02/2025	12	1	2
03/02/2025	13	1	1
03/02/2025	14	1	1
03/02/2025	15	1	1
03/02/2025	16	1	2
03/02/2025	17	1	1
03/02/2025	18	2	2
03/02/2025	19	2	2
03/02/2025	20	2	3
03/02/2025	21	10	11
03/02/2025	22	10	11
03/02/2025	23	9	10
04/02/2025	00	7	7
04/02/2025	01	4	5
04/02/2025	02	5	5
04/02/2025	03	2	3
04/02/2025	04	2	3
04/02/2025	05	2	3
04/02/2025	06	2	3
04/02/2025	07	3	3
04/02/2025	08	3	4
04/02/2025	09	5	7
04/02/2025	10	5	7
04/02/2025	11	4	8
04/02/2025	12	2	3
04/02/2025	13	2	2
04/02/2025	14	1	2
04/02/2025	15	2	2
04/02/2025	16	2	7
04/02/2025	17	1	2
04/02/2025	18	2	5
04/02/2025	19	7	9
04/02/2025	20	6	6
04/02/2025	21	8	9
04/02/2025	22	8	9
04/02/2025	23	13	14
05/02/2025	00	10	11
05/02/2025	01	10	11
05/02/2025	02	9	10
05/02/2025	03	7	8
05/02/2025	04	7	7
05/02/2025	05	5	6
05/02/2025	06	5	5
05/02/2025	07	5	6
05/02/2025	08	5	6
05/02/2025	09	5	7
05/02/2025	10	5	6
05/02/2025	11	4	5
05/02/2025	12	5	6
05/02/2025	13	4	4
05/02/2025	14	3	3
05/02/2025	15	3	3
05/02/2025	16	2	2
05/02/2025	17	2	3
05/02/2025	18	2	2
05/02/2025	19	4	4
05/02/2025	20	8	9
05/02/2025	21	17	18
05/02/2025	22	10	11
05/02/2025	23	9	10
06/02/2025	01	9	10
06/02/2025	02	9	10
06/02/2025	03	8	8
06/02/2025	04	9	9
06/02/2025	05	6	6
06/02/2025	06	5	6
06/02/2025	07	6	7
06/02/2025	08	6	7
06/02/2025	09	8	10
06/02/2025	10	9	12
06/02/2025	11	6	9
06/02/2025	12	5	8
06/02/2025	13	5	5
06/02/2025	14	5	5
06/02/2025	15	4	5
06/02/2025	16	4	5
06/02/2025	17	4	6
06/02/2025	18	7	15
06/02/2025	19	7	17
06/02/2025	20	12	14
06/02/2025	21	15	16
06/02/2025	22	13	14
06/02/2025	23	13	14
07/02/2025	00	12	13
07/02/2025	01	12	13
07/02/2025	02	12	13
07/02/2025	03	13	14
07/02/2025	04	12	13
07/02/2025	05	12	13
07/02/2025	06	11	12
07/02/2025	07	12	13
07/02/2025	08	13	14
07/02/2025	09	15	17
07/02/2025	10	16	18
07/02/2025	11	15	19
07/02/2025	12	14	16
07/02/2025	13	15	20
07/02/2025	14	14	18
07/02/2025	15	7	18
07/02/2025	16	4	9
07/02/2025	17	3	6
07/02/2025	18	5	11
07/02/2025	19	3	4
07/02/2025	20	4	4
07/02/2025	21	4	5
07/02/2025	22	5	6
07/02/2025	23	9	10
08/02/2025	00	14	16
08/02/2025	01	19	21
08/02/2025	02	18	19
08/02/2025	03	13	14
08/02/2025	04	13	14
08/02/2025	05	13	14
08/02/2025	06	13	14
08/02/2025	07	11	12
08/02/2025	08	9	9
08/02/2025	09	4	5
08/02/2025	10	2	3
08/02/2025	11	2	2
08/02/2025	12	1	2
08/02/2025	13	1	2
08/02/2025	14	1	2
08/02/2025	15	1	1
08/02/2025	16	1	2
08/02/2025	17	3	4
08/02/2025	18	2	2
08/02/2025	19	2	2
08/02/2025	20	1	2
08/02/2025	21	2	2
08/02/2025	22	5	5
08/02/2025	23	7	7
09/02/2025	00	4	5
09/02/2025	01	5	5
09/02/2025	02	2	3
09/02/2025	03	3	4
09/02/2025	04	3	3
09/02/2025	05	3	4
09/02/2025	06	4	5
09/02/2025	07	6	7
09/02/2025	08	6	7
09/02/2025	09	5	6
09/02/2025	10	5	5
09/02/2025	11	6	7
09/02/2025	12	4	5
09/02/2025	13	3	4
09/02/2025	14	3	4
09/02/2025	15	3	4
09/02/2025	16	2	2
09/02/2025	17	2	2
09/02/2025	18	2	2
09/02/2025	19	3	3
09/02/2025	20	6	7
09/02/2025	21	10	11
09/02/2025	22	12	13
09/02/2025	23	13	14
10/02/2025	00	7	8
10/02/2025	01	7	8
10/02/2025	02	7	7
10/02/2025	03	8	8
10/02/2025	04	6	7
10/02/2025	05	5	6
10/02/2025	06	4	5
10/02/2025	07	6	7
10/02/2025	08	8	8
10/02/2025	09	6	6
10/02/2025	10	3	3
10/02/2025	11	2	2
10/02/2025	12	1	1
10/02/2025	13	1	1
10/02/2025	14	1	1
10/02/2025	15	1	1
10/02/2025	16	1	1
10/02/2025	17	1	1
10/02/2025	18	1	1
10/02/2025	19	1	1
10/02/2025	20	1	1
10/02/2025	21	1	1
10/02/2025	22	3	4
10/02/2025	23	4	5
11/02/2025	00	5	5
11/02/2025	01	3	4
11/02/2025	02	2	3
11/02/2025	03	3	3
11/02/2025	04	3	3
11/02/2025	05	3	4
11/02/2025	06	4	5
11/02/2025	07	6	7
11/02/2025	08	7	8
11/02/2025	09	10	11
11/02/2025	10	16	18
11/02/2025	11	14	15
11/02/2025	12	9	10
11/02/2025	13	4	4
11/02/2025	14	2	3
11/02/2025	15	5	37
11/02/2025	16	1	2
11/02/2025	17	1	2
11/02/2025	18	2	2
11/02/2025	19	3	4
11/02/2025	20	4	5
11/02/2025	21	7	8
11/02/2025	22	12	13
11/02/2025	23	13	14
12/02/2025	00	11	12
12/02/2025	01	9	10
12/02/2025	02	9	10
12/02/2025	03	8	9
12/02/2025	04	9	10
12/02/2025	05	11	12
12/02/2025	06	11	12
12/02/2025	07	12	13
12/02/2025	08	15	16
12/02/2025	09	16	17
12/02/2025	10	14	15
12/02/2025	11	14	15
12/02/2025	12	11	12
12/02/2025	13	3	7
12/02/2025	14	1	2
12/02/2025	15	1	2
12/02/2025	16	1	2
12/02/2025	17	1	1
12/02/2025	18	1	1
12/02/2025	19	1	1
12/02/2025	20	1	2
12/02/2025	21	1	2
12/02/2025	22	1	1
12/02/2025	23	1	1
13/02/2025	00	1	1
13/02/2025	01	1	2
13/02/2025	02	1	2
13/02/2025	03	1	1
13/02/2025	04	1	1
13/02/2025	05	1	2
13/02/2025	06	1	2
13/02/2025	07	2	3
13/02/2025	08	4	7
13/02/2025	09	5	6
13/02/2025	10	2	3
13/02/2025	11	2	2
13/02/2025	12	1	2
13/02/2025	13	1	1
13/02/2025	14	1	1
13/02/2025	15	1	1
13/02/2025	16	1	1
13/02/2025	17	1	1
13/02/2025	18	1	1
13/02/2025	19	1	1
13/02/2025	20	2	2
13/02/2025	21	5	5
13/02/2025	22	6	6
13/02/2025	23	6	6
14/02/2025	00	4	4
14/02/2025	01	5	6
14/02/2025	02	6	7
14/02/2025	03	5	5
14/02/2025	04	4	5
14/02/2025	05	5	6
14/02/2025	06	5	6
14/02/2025	07	6	7
14/02/2025	08	8	10
14/02/2025	09	7	9
14/02/2025	10	13	16
14/02/2025	11	13	15
14/02/2025	12	14	15
14/02/2025	13	6	6
14/02/2025	14	4	6
14/02/2025	15	3	3
14/02/2025	16	2	3
14/02/2025	17	1	2
14/02/2025	18	2	2
14/02/2025	19	3	4
14/02/2025	20	7	7
14/02/2025	21	9	10
14/02/2025	22	7	8
14/02/2025	23	9	10
15/02/2025	00	8	8
15/02/2025	01	7	8
15/02/2025	02	10	11
15/02/2025	03	10	10
15/02/2025	04	14	15
15/02/2025	05	8	8
15/02/2025	06	5	5
15/02/2025	07	3	4
15/02/2025	08	4	4
15/02/2025	09	5	6
15/02/2025	10	5	6
15/02/2025	11	6	7
15/02/2025	12	6	6
15/02/2025	13	6	7
15/02/2025	14	6	6
15/02/2025	15	3	3
15/02/2025	16	3	3
15/02/2025	17	4	4
15/02/2025	18	5	5
15/02/2025	19	8	9
15/02/2025	20	11	12
15/02/2025	21	13	14
15/02/2025	22	18	19
15/02/2025	23	18	20
16/02/2025	00	16	17
16/02/2025	01	13	15
16/02/2025	02	10	11
16/02/2025	03	11	12
16/02/2025	04	7	8
16/02/2025	05	8	8
16/02/2025	06	8	8
16/02/2025	07	9	10
16/02/2025	08	10	11
16/02/2025	09	11	12
16/02/2025	10	14	15
16/02/2025	11	10	11
16/02/2025	12	10	11
16/02/2025	13	8	9
16/02/2025	14	6	7
16/02/2025	15	5	5
16/02/2025	16	5	6
16/02/2025	17	3	4
16/02/2025	18	4	4
16/02/2025	19	5	6
16/02/2025	20	12	13
16/02/2025	21	16	17
16/02/2025	22	18	19
16/02/2025	23	17	18
17/02/2025	00	15	16
17/02/2025	01	13	15
17/02/2025	02	14	15
17/02/2025	03	14	15
17/02/2025	04	12	13
17/02/2025	05	11	12
17/02/2025	06	10	11
17/02/2025	07	10	10
17/02/2025	08	9	10
17/02/2025	09	9	10
17/02/2025	10	15	17
17/02/2025	11	11	13
17/02/2025	12	11	12
17/02/2025	13	12	13
17/02/2025	14	13	14
17/02/2025	15	9	9
17/02/2025	17	2	2
17/02/2025	18	2	3
17/02/2025	19	4	4
17/02/2025	20	7	7
17/02/2025	21	16	17
17/02/2025	22	16	17
17/02/2025	23	17	18
18/02/2025	00	13	14
18/02/2025	01	11	11
18/02/2025	02	10	11
18/02/2025	03	8	9
18/02/2025	04	6	7
18/02/2025	05	5	6
18/02/2025	06	5	5
18/02/2025	07	6	6
18/02/2025	08	6	7
18/02/2025	09	7	7
18/02/2025	10	5	6
18/02/2025	11	4	4
18/02/2025	12	4	4
18/02/2025	13	5	6
18/02/2025	14	5	6
18/02/2025	15	6	7
18/02/2025	16	9	9
18/02/2025	17	7	8
18/02/2025	18	4	4
18/02/2025	19	4	4
18/02/2025	20	4	4
18/02/2025	21	5	6
18/02/2025	22	9	10
18/02/2025	23	13	14
19/02/2025	00	13	14
19/02/2025	01	16	18
19/02/2025	02	10	11
19/02/2025	03	12	13
19/02/2025	04	15	16
19/02/2025	05	16	17
19/02/2025	06	14	15
19/02/2025	07	13	15
19/02/2025	08	13	14
19/02/2025	09	15	18
19/02/2025	10	15	17
19/02/2025	11	13	15
19/02/2025	12	18	19
19/02/2025	13	20	22
19/02/2025	14	13	15
19/02/2025	15	8	8
19/02/2025	16	8	8
19/02/2025	17	8	9
19/02/2025	18	8	9
19/02/2025	19	5	6
19/02/2025	20	6	6
19/02/2025	21	9	9
19/02/2025	22	15	16
19/02/2025	23	16	17
20/02/2025	00	16	18
20/02/2025	01	19	21
20/02/2025	02	20	22
20/02/2025	03	20	22
20/02/2025	04	23	25
20/02/2025	05	25	27
20/02/2025	06	23	24
20/02/2025	07	20	22
20/02/2025	08	21	22
20/02/2025	09	23	25
20/02/2025	10	25	27
20/02/2025	11	22	24
20/02/2025	12	21	22
20/02/2025	13	20	22
20/02/2025	14	18	20
20/02/2025	15	14	15
20/02/2025	16	11	12
20/02/2025	17	11	12
20/02/2025	18	12	13
20/02/2025	19	13	14
20/02/2025	20	13	14
20/02/2025	21	14	16
20/02/2025	22	15	17
20/02/2025	23	17	18
21/02/2025	00	14	15
21/02/2025	01	13	15
21/02/2025	02	14	15
21/02/2025	03	14	15
21/02/2025	04	15	16
21/02/2025	05	17	18
21/02/2025	06	16	18
21/02/2025	07	17	18
21/02/2025	08	17	19
21/02/2025	09	13	14
21/02/2025	10	11	12
21/02/2025	11	11	12
21/02/2025	12	10	11
21/02/2025	13	10	11
21/02/2025	14	8	9
21/02/2025	15	7	7
21/02/2025	16	5	6
21/02/2025	17	6	7
21/02/2025	18	5	6
21/02/2025	19	4	4
21/02/2025	20	4	4
21/02/2025	21	5	6
21/02/2025	22	6	7
21/02/2025	23	10	11
22/02/2025	00	10	11
22/02/2025	01	11	12
22/02/2025	02	11	12
22/02/2025	03	11	12
22/02/2025	04	11	12
22/02/2025	05	12	12
22/02/2025	06	10	11
22/02/2025	07	9	10
22/02/2025	08	10	11
22/02/2025	09	11	12
22/02/2025	10	13	14
22/02/2025	11	16	17
22/02/2025	12	20	22
22/02/2025	13	18	19
22/02/2025	14	14	15
22/02/2025	15	12	13
22/02/2025	16	10	10
22/02/2025	17	4	4
22/02/2025	18	3	4
22/02/2025	19	16	18
22/02/2025	20	17	18
22/02/2025	21	16	17
22/02/2025	22	21	22
22/02/2025	23	25	27
23/02/2025	00	16	17
23/02/2025	01	2	2
23/02/2025	02	1	1
23/02/2025	03	2	2
23/02/2025	04	1	1
23/02/2025	05	1	1
23/02/2025	06	1	2
23/02/2025	07	1	2
23/02/2025	08	2	3
23/02/2025	09	2	2
23/02/2025	10	2	2
23/02/2025	11	1	1
23/02/2025	12	1	1
23/02/2025	13	1	1
23/02/2025	14	0	0
23/02/2025	15	1	1
23/02/2025	16	1	1
23/02/2025	17	1	2
23/02/2025	18	1	1
23/02/2025	19	1	1
23/02/2025	20	1	1
23/02/2025	21	1	2
23/02/2025	22	4	4
23/02/2025	23	5	5
24/02/2025	00	4	5
24/02/2025	01	5	5
24/02/2025	02	5	5
24/02/2025	03	6	6
24/02/2025	04	5	5
24/02/2025	05	5	5
24/02/2025	06	3	3
24/02/2025	07	4	4
24/02/2025	08	5	6
24/02/2025	09	7	8
24/02/2025	10	8	10
24/02/2025	11	5	6
24/02/2025	12	4	5
24/02/2025	13	5	5
24/02/2025	14	6	7
24/02/2025	15	2	3
24/02/2025	16	2	2
24/02/2025	17	3	3
24/02/2025	18	3	4
24/02/2025	19	4	4
24/02/2025	20	7	8
24/02/2025	21	11	12
24/02/2025	22	11	12
24/02/2025	23	11	12
25/02/2025	00	12	13
25/02/2025	01	9	10
25/02/2025	02	5	6
25/02/2025	03	2	3
25/02/2025	04	3	3
25/02/2025	05	7	8
25/02/2025	06	5	6
25/02/2025	07	3	3
25/02/2025	08	3	4
25/02/2025	09	3	4
25/02/2025	10	3	3
25/02/2025	11	2	2
25/02/2025	12	1	2
25/02/2025	13	1	2
25/02/2025	14	1	2
25/02/2025	15	1	2
25/02/2025	16	2	3
25/02/2025	17	2	3
25/02/2025	18	1	2
25/02/2025	19	2	2
25/02/2025	20	1	2
25/02/2025	21	1	2
25/02/2025	22	1	2
25/02/2025	23	1	1
26/02/2025	01	1	1
26/02/2025	02	1	1
26/02/2025	03	1	1
26/02/2025	04	3	4
26/02/2025	05	0	1
26/02/2025	06	1	1
26/02/2025	07	1	1
26/02/2025	08	2	3
26/02/2025	09	2	3
26/02/2025	10	1	2
26/02/2025	11	1	2
26/02/2025	12	1	1
26/02/2025	13	1	1
26/02/2025	14	1	1
26/02/2025	15	1	1
26/02/2025	16	1	1
26/02/2025	17	1	2
26/02/2025	18	1	1
26/02/2025	19	1	2
26/02/2025	20	2	2
26/02/2025	21	2	2
26/02/2025	22	4	4
26/02/2025	23	6	6
27/02/2025	00	3	4
27/02/2025	01	2	3
27/02/2025	02	2	3
27/02/2025	03	3	4
27/02/2025	04	3	3
27/02/2025	05	3	3
27/02/2025	06	3	4
27/02/2025	07	3	3
27/02/2025	08	4	4
27/02/2025	09	4	6
27/02/2025	10	3	4
27/02/2025	11	6	7
27/02/2025	12	7	8
27/02/2025	13	3	3
27/02/2025	14	1	1
27/02/2025	15	1	1
27/02/2025	16	1	1
27/02/2025	17	1	1
27/02/2025	18	1	1
27/02/2025	19	1	1
27/02/2025	20	1	2
27/02/2025	21	5	6
27/02/2025	22	10	10
27/02/2025	23	10	11
28/02/2025	00	5	6
28/02/2025	01	5	5
28/02/2025	02	5	6
28/02/2025	03	5	5
28/02/2025	04	4	4
28/02/2025	05	3	3
28/02/2025	06	3	3
28/02/2025	07	4	5
28/02/2025	08	6	6
28/02/2025	09	4	4
28/02/2025	10	2	3
28/02/2025	11	2	2
28/02/2025	12	3	3
28/02/2025	13	3	3
28/02/2025	14	1	2
28/02/2025	15	1	1
28/02/2025	16	1	1
28/02/2025	17	1	1
28/02/2025	18	1	1
28/02/2025	19	1	1
28/02/2025	20	1	2
28/02/2025	21	1	1
28/02/2025	22	1	1
28/02/2025	23	1	1
01/03/2025	00	1	1
01/03/2025	01	1	1
01/03/2025	02	1	1
01/03/2025	03	1	1
01/03/2025	04	1	1
01/03/2025	05	1	1
01/03/2025	06	1	1
01/03/2025	07	1	1
01/03/2025	08	1	1
01/03/2025	09	1	1
01/03/2025	10	1	2
01/03/2025	11	1	1
01/03/2025	12	1	1
01/03/2025	13	1	1
01/03/2025	14	1	1
01/03/2025	15	1	2
01/03/2025	16	1	2
01/03/2025	17	2	2
01/03/2025	18	2	2
01/03/2025	19	2	2
01/03/2025	20	2	2
01/03/2025	21	2	2
01/03/2025	22	2	2
01/03/2025	23	2	3
02/03/2025	00	2	2
02/03/2025	01	1	2
02/03/2025	02	2	2
02/03/2025	03	2	2
02/03/2025	04	1	2
02/03/2025	05	1	2
02/03/2025	06	1	1
02/03/2025	07	1	1
02/03/2025	08	1	1
02/03/2025	09	1	1
02/03/2025	10	1	1
02/03/2025	11	1	2
02/03/2025	12	2	2
02/03/2025	13	2	2
02/03/2025	14	2	2
02/03/2025	15	2	2
02/03/2025	16	1	2
02/03/2025	17	2	2
02/03/2025	18	2	2
02/03/2025	19	2	2
02/03/2025	20	2	2
02/03/2025	21	2	2
02/03/2025	22	2	2
02/03/2025	23	2	2
03/03/2025	00	2	2
03/03/2025	01	1	2
03/03/2025	02	1	2
03/03/2025	03	1	2
03/03/2025	04	1	2
03/03/2025	05	2	2
03/03/2025	06	2	2
03/03/2025	07	2	2
03/03/2025	08	2	2
03/03/2025	09	2	3
03/03/2025	10	2	3
03/03/2025	11	2	3
03/03/2025	13	2	3
03/03/2025	14	3	3
03/03/2025	15	3	3
03/03/2025	16	2	3
03/03/2025	17	2	2
03/03/2025	18	2	3
03/03/2025	19	2	3
03/03/2025	20	2	3
03/03/2025	21	2	2
03/03/2025	22	2	3
03/03/2025	23	3	3
04/03/2025	00	2	3
04/03/2025	01	3	3
04/03/2025	02	3	3
04/03/2025	03	3	4
04/03/2025	04	4	4
04/03/2025	05	3	4
04/03/2025	06	4	5
04/03/2025	07	5	5
04/03/2025	08	4	5
04/03/2025	09	4	4
04/03/2025	10	4	4
04/03/2025	11	4	4
04/03/2025	12	4	4
04/03/2025	13	4	4
04/03/2025	14	4	5
04/03/2025	15	4	4
04/03/2025	16	4	5
04/03/2025	17	4	5
04/03/2025	18	4	5
04/03/2025	19	4	5
04/03/2025	20	5	5
04/03/2025	21	5	5
04/03/2025	22	4	5
04/03/2025	23	5	6
05/03/2025	00	4	5
05/03/2025	01	4	5
05/03/2025	02	4	5
05/03/2025	03	4	5
05/03/2025	04	4	5
05/03/2025	05	4	5
05/03/2025	06	4	4
05/03/2025	07	4	4
05/03/2025	08	4	4
05/03/2025	09	4	5
05/03/2025	10	4	5
05/03/2025	11	4	4
05/03/2025	12	4	4
05/03/2025	13	4	5
05/03/2025	14	5	5
05/03/2025	15	5	6
05/03/2025	16	6	6
05/03/2025	17	6	6
05/03/2025	18	6	6
05/03/2025	19	6	6
05/03/2025	20	6	6
05/03/2025	21	6	7
05/03/2025	22	6	6
05/03/2025	23	6	7
06/03/2025	00	6	6
06/03/2025	01	6	6
06/03/2025	02	6	6
06/03/2025	03	6	6
06/03/2025	04	6	6
06/03/2025	05	6	6
06/03/2025	06	6	7
06/03/2025	07	7	7
06/03/2025	08	6	6
06/03/2025	09	5	5
06/03/2025	10	5	5
06/03/2025	11	5	5
06/03/2025	12	5	6
06/03/2025	13	5	6
06/03/2025	14	5	6
06/03/2025	15	5	6
06/03/2025	16	5	5
06/03/2025	17	4	5
06/03/2025	18	4	5
06/03/2025	19	4	5
06/03/2025	20	4	5
06/03/2025	21	4	5
06/03/2025	22	5	5
06/03/2025	23	6	6
07/03/2025	00	4	5
07/03/2025	01	4	5
07/03/2025	02	4	4
07/03/2025	03	4	4
07/03/2025	04	6	6
07/03/2025	05	7	7
07/03/2025	06	7	7
07/03/2025	07	7	8
07/03/2025	08	7	8
07/03/2025	09	8	9
07/03/2025	10	5	6
07/03/2025	11	4	5
07/03/2025	12	4	4
07/03/2025	13	3	3
07/03/2025	14	3	3
07/03/2025	15	2	3
07/03/2025	16	2	2
07/03/2025	17	2	2
07/03/2025	18	2	2
07/03/2025	19	2	2
07/03/2025	20	2	2
07/03/2025	21	2	3
07/03/2025	22	2	2
07/03/2025	23	2	2
08/03/2025	00	2	2
08/03/2025	01	2	3
08/03/2025	02	2	3
08/03/2025	03	3	3
08/03/2025	04	3	3
08/03/2025	05	3	3
08/03/2025	06	4	4
08/03/2025	07	4	5
08/03/2025	08	5	6
08/03/2025	09	4	5
08/03/2025	10	4	5
08/03/2025	11	5	5
08/03/2025	12	6	7
08/03/2025	13	5	6
08/03/2025	14	6	6
08/03/2025	15	6	7
08/03/2025	16	7	7
08/03/2025	17	6	7
08/03/2025	18	6	6
08/03/2025	19	7	7
08/03/2025	20	8	9
08/03/2025	21	7	7
08/03/2025	22	6	6
08/03/2025	23	3	4
09/03/2025	00	3	3
09/03/2025	01	3	3
09/03/2025	02	5	5
09/03/2025	03	8	9
09/03/2025	04	3	3
09/03/2025	05	1	1
09/03/2025	06	1	1
09/03/2025	07	1	1
09/03/2025	08	1	1
09/03/2025	09	1	1
09/03/2025	10	1	1
09/03/2025	11	1	1
09/03/2025	12	0	1
09/03/2025	13	0	1
09/03/2025	14	0	0
09/03/2025	15	0	1
09/03/2025	16	0	1
09/03/2025	17	0	1
09/03/2025	18	0	1
09/03/2025	19	1	1
09/03/2025	20	1	1
09/03/2025	21	1	1
09/03/2025	22	2	2
09/03/2025	23	2	3
10/03/2025	00	2	2
10/03/2025	01	2	3
10/03/2025	02	3	3
10/03/2025	03	2	2
10/03/2025	04	2	2
10/03/2025	05	2	2
10/03/2025	06	1	1
10/03/2025	07	1	1
10/03/2025	08	2	2
10/03/2025	09	1	1
10/03/2025	10	1	1
10/03/2025	11	1	1
10/03/2025	12	1	2
10/03/2025	13	1	1
10/03/2025	14	0	1
10/03/2025	15	1	2
10/03/2025	16	1	1
10/03/2025	17	0	1
10/03/2025	18	1	1
10/03/2025	19	1	1
10/03/2025	20	1	1
10/03/2025	21	1	1
10/03/2025	22	1	1
10/03/2025	23	3	3
11/03/2025	00	4	4
11/03/2025	01	4	5
11/03/2025	02	3	3
11/03/2025	03	2	2
11/03/2025	04	2	3
11/03/2025	05	3	3
11/03/2025	06	3	4
11/03/2025	07	4	5
11/03/2025	08	4	4
11/03/2025	09	2	2
11/03/2025	10	1	1
11/03/2025	11	3	4
11/03/2025	12	2	2
11/03/2025	13	1	1
11/03/2025	14	1	1
11/03/2025	15	1	1
11/03/2025	16	2	2
11/03/2025	17	2	2
11/03/2025	18	1	1
11/03/2025	19	1	2
11/03/2025	20	1	1
11/03/2025	21	1	1
11/03/2025	22	1	1
11/03/2025	23	1	2
12/03/2025	00	1	1
12/03/2025	01	1	1
12/03/2025	02	1	1
12/03/2025	03	1	1
12/03/2025	04	0	1
12/03/2025	05	0	1
12/03/2025	06	0	1
12/03/2025	07	1	1
12/03/2025	08	1	1
12/03/2025	09	1	1
12/03/2025	10	1	1
12/03/2025	11	1	1
12/03/2025	12	1	1
12/03/2025	13	1	1
12/03/2025	14	1	1
12/03/2025	15	1	1
12/03/2025	16	1	2
12/03/2025	17	1	1
12/03/2025	18	1	2
12/03/2025	19	1	1
12/03/2025	20	1	2
12/03/2025	21	1	2
12/03/2025	22	2	2
12/03/2025	23	1	1
13/03/2025	00	1	2
13/03/2025	01	1	2
13/03/2025	02	1	1
13/03/2025	03	1	1
13/03/2025	04	2	2
13/03/2025	05	1	1
13/03/2025	06	1	2
13/03/2025	07	2	3
13/03/2025	08	4	5
13/03/2025	09	3	3
13/03/2025	10	2	2
13/03/2025	11	3	3
13/03/2025	12	1	2
13/03/2025	13	1	1
13/03/2025	14	2	2
13/03/2025	15	1	1
13/03/2025	16	2	3
13/03/2025	17	3	3
13/03/2025	18	1	1
13/03/2025	19	2	3
13/03/2025	20	3	3
13/03/2025	21	3	3
13/03/2025	22	2	2
13/03/2025	23	1	1
14/03/2025	00	1	1
14/03/2025	01	1	2
14/03/2025	02	2	2
14/03/2025	03	1	2
14/03/2025	04	2	2
14/03/2025	05	1	2
14/03/2025	06	1	1
14/03/2025	07	1	2
14/03/2025	08	2	2
14/03/2025	09	1	2
14/03/2025	10	1	2
14/03/2025	11	1	2
14/03/2025	12	1	2
14/03/2025	13	1	1
14/03/2025	14	1	1
14/03/2025	15	1	1
14/03/2025	16	1	1
14/03/2025	17	1	1
14/03/2025	18	1	1
14/03/2025	19	1	1
14/03/2025	20	2	2
14/03/2025	21	2	2
14/03/2025	22	2	2
14/03/2025	23	3	3
15/03/2025	00	3	4
15/03/2025	01	2	2
15/03/2025	02	2	3
15/03/2025	03	1	1
15/03/2025	04	1	1
15/03/2025	05	1	2
15/03/2025	06	2	2
15/03/2025	07	2	2
15/03/2025	08	2	3
15/03/2025	09	2	3
15/03/2025	10	1	2
15/03/2025	11	1	2
15/03/2025	12	1	1
15/03/2025	13	1	1
15/03/2025	14	1	1
15/03/2025	15	1	1
15/03/2025	16	1	1
15/03/2025	17	1	1
15/03/2025	18	1	1
15/03/2025	19	1	1
15/03/2025	20	1	1
15/03/2025	21	2	3
15/03/2025	22	3	4
15/03/2025	23	4	4
16/03/2025	01	3	4
16/03/2025	02	5	5
16/03/2025	03	4	5
16/03/2025	04	4	5
16/03/2025	05	4	5
16/03/2025	06	4	5
16/03/2025	07	3	4
16/03/2025	08	4	5
16/03/2025	09	3	4
16/03/2025	10	2	2
16/03/2025	11	2	3
16/03/2025	12	3	3
16/03/2025	13	2	3
16/03/2025	14	2	2
16/03/2025	15	1	2
16/03/2025	16	1	1
16/03/2025	17	1	1
16/03/2025	18	1	1
16/03/2025	19	1	1
16/03/2025	20	1	2
16/03/2025	21	2	2
16/03/2025	22	1	1
16/03/2025	23	2	2
17/03/2025	00	1	2
17/03/2025	01	1	2
17/03/2025	02	1	2
17/03/2025	03	2	2
17/03/2025	04	1	2
17/03/2025	05	1	1
17/03/2025	06	1	1
17/03/2025	07	1	1
17/03/2025	08	1	1
17/03/2025	09	1	1
17/03/2025	10	1	1
17/03/2025	11	1	1
17/03/2025	12	1	1
17/03/2025	13	1	2
17/03/2025	14	2	2
17/03/2025	15	2	2
17/03/2025	16	2	2
17/03/2025	17	1	1
17/03/2025	18	1	1
17/03/2025	19	1	2
17/03/2025	20	2	2
17/03/2025	21	2	2
17/03/2025	22	1	1
17/03/2025	23	1	1
18/03/2025	00	1	1
18/03/2025	01	1	1
18/03/2025	02	1	1
18/03/2025	03	1	1
18/03/2025	04	1	1
18/03/2025	05	1	1
18/03/2025	06	1	1
18/03/2025	07	1	1
18/03/2025	08	1	1
18/03/2025	09	1	1
18/03/2025	10	1	1
18/03/2025	11	1	1
18/03/2025	12	1	1
18/03/2025	13	1	1
18/03/2025	14	1	1
18/03/2025	15	1	1
18/03/2025	16	1	1
18/03/2025	17	1	1
18/03/2025	18	1	1
18/03/2025	19	2	2
18/03/2025	20	1	1
18/03/2025	21	1	1
18/03/2025	22	2	2
18/03/2025	23	3	3
19/03/2025	00	3	3
19/03/2025	01	1	1
19/03/2025	02	0	1
19/03/2025	03	1	1
19/03/2025	04	1	1
19/03/2025	05	1	1
19/03/2025	06	2	2
19/03/2025	07	2	3
19/03/2025	08	1	1
19/03/2025	09	1	1
19/03/2025	10	1	1
19/03/2025	11	1	1
19/03/2025	12	1	1
19/03/2025	13	1	1
19/03/2025	14	1	1
19/03/2025	15	1	1
19/03/2025	16	1	2
19/03/2025	17	1	2
19/03/2025	18	1	2
19/03/2025	19	1	1
19/03/2025	20	1	2
19/03/2025	21	1	1
19/03/2025	22	1	1
19/03/2025	23	1	1
20/03/2025	00	2	2
20/03/2025	01	2	2
20/03/2025	02	2	2
20/03/2025	03	2	2
20/03/2025	04	2	2
20/03/2025	05	2	3
20/03/2025	06	3	3
20/03/2025	07	3	4
20/03/2025	08	3	4
20/03/2025	09	3	3
20/03/2025	10	4	4
20/03/2025	11	4	6
20/03/2025	12	6	8
20/03/2025	13	7	11
20/03/2025	14	6	8
20/03/2025	15	6	10
20/03/2025	16	6	9
20/03/2025	17	6	9
20/03/2025	18	6	8
20/03/2025	19	5	7
20/03/2025	20	6	9
20/03/2025	21	6	8
20/03/2025	22	6	9
20/03/2025	23	7	11
21/03/2025	00	7	13
21/03/2025	01	7	13
21/03/2025	02	7	14
21/03/2025	03	7	14
21/03/2025	04	5	9
21/03/2025	05	4	7
21/03/2025	06	4	6
21/03/2025	07	3	5
21/03/2025	08	1	1
21/03/2025	09	1	1
21/03/2025	10	1	1
21/03/2025	11	1	1
21/03/2025	12	1	1
21/03/2025	13	1	1
21/03/2025	14	1	1
21/03/2025	15	1	2
21/03/2025	16	1	1
21/03/2025	17	1	1
21/03/2025	18	1	1
21/03/2025	19	1	1
21/03/2025	20	1	1
21/03/2025	21	1	2
21/03/2025	22	2	2
21/03/2025	23	4	4
22/03/2025	00	4	5
22/03/2025	01	5	6
22/03/2025	02	6	6
22/03/2025	03	4	5
22/03/2025	04	3	3
22/03/2025	05	3	3
22/03/2025	06	2	2
22/03/2025	07	0	1
22/03/2025	08	0	1
22/03/2025	09	0	1
22/03/2025	10	1	1
22/03/2025	11	2	2
22/03/2025	12	0	1
22/03/2025	13	1	1
22/03/2025	14	1	1
22/03/2025	15	1	1
22/03/2025	16	0	1
22/03/2025	17	0	0
22/03/2025	18	0	0
22/03/2025	19	1	1
22/03/2025	20	1	1
22/03/2025	21	1	1
22/03/2025	22	1	1
22/03/2025	23	1	1
23/03/2025	00	0	1
23/03/2025	01	2	2
23/03/2025	02	0	0
23/03/2025	03	0	0
23/03/2025	04	0	0
23/03/2025	05	0	0
23/03/2025	06	0	1
23/03/2025	07	1	1
23/03/2025	08	1	1
23/03/2025	09	2	2
23/03/2025	10	1	1
23/03/2025	11	1	1
23/03/2025	12	1	1
23/03/2025	13	1	1
23/03/2025	14	1	1
23/03/2025	15	0	1
23/03/2025	16	0	1
23/03/2025	17	0	0
23/03/2025	18	1	1
23/03/2025	19	0	1
23/03/2025	20	0	1
23/03/2025	21	1	1
23/03/2025	22	1	1
23/03/2025	23	1	2
24/03/2025	00	1	1
24/03/2025	01	1	1
24/03/2025	02	1	1
24/03/2025	03	1	1
24/03/2025	04	1	1
24/03/2025	05	1	1
24/03/2025	06	1	1
24/03/2025	07	1	1
24/03/2025	08	1	1
24/03/2025	09	1	1
24/03/2025	10	1	2
24/03/2025	11	1	1
24/03/2025	12	1	1
24/03/2025	13	1	1
24/03/2025	14	1	1
24/03/2025	15	0	1
24/03/2025	16	1	2
24/03/2025	17	1	1
24/03/2025	18	1	1
24/03/2025	19	1	2
24/03/2025	20	1	1
24/03/2025	21	1	1
24/03/2025	22	1	2
24/03/2025	23	2	2
25/03/2025	00	3	5
25/03/2025	01	1	1
25/03/2025	02	1	1
25/03/2025	03	1	1
25/03/2025	04	1	1
25/03/2025	05	1	1
25/03/2025	06	1	1
25/03/2025	07	2	2
25/03/2025	08	1	2
25/03/2025	09	1	2
25/03/2025	10	1	1
25/03/2025	11	1	1
25/03/2025	12	1	1
25/03/2025	13	1	1
25/03/2025	14	1	1
25/03/2025	15	1	1
25/03/2025	16	1	1
25/03/2025	17	1	1
25/03/2025	18	0	1
25/03/2025	19	0	1
25/03/2025	20	1	1
25/03/2025	21	1	1
25/03/2025	22	2	2
25/03/2025	23	3	3
26/03/2025	01	6	7
26/03/2025	02	6	7
26/03/2025	03	20	22
26/03/2025	04	15	16
26/03/2025	05	5	5
26/03/2025	06	4	4
26/03/2025	07	3	3
26/03/2025	08	3	3
26/03/2025	09	2	2
26/03/2025	10	1	2
26/03/2025	11	3	4
26/03/2025	12	2	3
26/03/2025	13	5	6
26/03/2025	14	2	3
26/03/2025	15	2	6
26/03/2025	16	1	2
26/03/2025	17	1	1
26/03/2025	18	1	2
26/03/2025	19	2	2
26/03/2025	20	2	2
26/03/2025	21	3	4
26/03/2025	22	4	5
26/03/2025	23	7	7
27/03/2025	00	7	8
27/03/2025	01	7	7
27/03/2025	02	7	8
27/03/2025	03	5	5
27/03/2025	04	2	3
27/03/2025	05	3	3
27/03/2025	06	3	3
27/03/2025	07	3	3
27/03/2025	08	4	4
27/03/2025	09	4	5
27/03/2025	10	3	3
27/03/2025	11	2	2
27/03/2025	12	3	3
27/03/2025	13	3	4
27/03/2025	14	3	3
27/03/2025	15	3	4
27/03/2025	16	4	4
27/03/2025	17	3	4
27/03/2025	18	3	3
27/03/2025	19	3	3
27/03/2025	20	3	3
27/03/2025	21	2	3
27/03/2025	22	8	9
27/03/2025	23	15	16
28/03/2025	00	13	14
28/03/2025	01	15	17
28/03/2025	02	15	16
28/03/2025	03	18	20
28/03/2025	04	17	18
28/03/2025	05	4	5
28/03/2025	06	4	5
28/03/2025	07	5	6
28/03/2025	08	5	6
28/03/2025	09	5	6
28/03/2025	10	5	6
28/03/2025	11	6	7
28/03/2025	12	3	4
28/03/2025	13	3	4
28/03/2025	14	4	4
28/03/2025	15	4	4
28/03/2025	16	5	5
28/03/2025	17	5	6
28/03/2025	18	4	4
28/03/2025	19	4	4
28/03/2025	20	3	4
28/03/2025	21	3	4
28/03/2025	22	10	11
28/03/2025	23	16	18
29/03/2025	00	12	13
29/03/2025	01	11	13
29/03/2025	02	6	7
29/03/2025	03	3	3
29/03/2025	04	2	2
29/03/2025	05	2	2
29/03/2025	06	1	2
29/03/2025	07	1	2
29/03/2025	08	1	2
29/03/2025	09	1	1
29/03/2025	10	1	2
29/03/2025	11	1	1
29/03/2025	12	1	2
29/03/2025	13	1	1
29/03/2025	14	1	1
29/03/2025	15	1	1
29/03/2025	16	1	1
29/03/2025	17	1	1
29/03/2025	18	1	1
29/03/2025	19	1	1
29/03/2025	20	1	2
29/03/2025	21	1	2
29/03/2025	22	1	2
29/03/2025	23	2	2
30/03/2025	00	1	1
30/03/2025	01	1	1
30/03/2025	02	1	2
30/03/2025	03	2	2
30/03/2025	04	1	2
30/03/2025	05	1	1
30/03/2025	06	1	1
30/03/2025	07	2	2
30/03/2025	08	1	2
30/03/2025	09	2	2
30/03/2025	10	1	1
30/03/2025	11	2	2
30/03/2025	12	1	1
30/03/2025	13	1	1
30/03/2025	14	1	1
30/03/2025	15	1	1
30/03/2025	16	1	1
30/03/2025	17	1	1
30/03/2025	18	1	1
30/03/2025	19	1	1
30/03/2025	20	1	1
30/03/2025	21	1	1
30/03/2025	22	3	3
30/03/2025	23	3	4
31/03/2025	00	3	3
31/03/2025	01	2	3
31/03/2025	02	2	3
31/03/2025	03	2	2
31/03/2025	04	1	2
31/03/2025	05	1	2
31/03/2025	06	3	4
31/03/2025	07	4	5
31/03/2025	08	3	4
31/03/2025	09	4	5
31/03/2025	10	5	6
31/03/2025	11	8	9
31/03/2025	12	3	3
31/03/2025	13	1	2
31/03/2025	14	1	1
31/03/2025	15	1	2
31/03/2025	16	1	2
31/03/2025	17	1	1
31/03/2025	18	7	7
31/03/2025	19	1	1
31/03/2025	20	1	1
31/03/2025	21	2	2
31/03/2025	22	3	4
31/03/2025	23	4	4
01/04/2025	00	7	10
01/04/2025	01	4	5
01/04/2025	02	2	2
01/04/2025	03	1	2
01/04/2025	04	3	3
01/04/2025	05	4	4
01/04/2025	06	5	5
01/04/2025	07	6	6
01/04/2025	08	5	5
01/04/2025	09	3	4
01/04/2025	10	1	2
01/04/2025	11	1	2
01/04/2025	12	1	2
01/04/2025	13	1	1
01/04/2025	14	1	1
01/04/2025	15	1	1
01/04/2025	16	1	1
01/04/2025	17	1	1
01/04/2025	18	1	1
01/04/2025	19	1	1
01/04/2025	20	1	1
01/04/2025	21	1	1
01/04/2025	22	1	1
01/04/2025	23	1	1
02/04/2025	00	2	2
02/04/2025	01	2	2
02/04/2025	02	2	2
02/04/2025	03	2	2
02/04/2025	04	3	3
02/04/2025	05	3	3
02/04/2025	06	4	4
02/04/2025	07	5	5
02/04/2025	08	5	6
02/04/2025	09	3	4
02/04/2025	10	3	3
02/04/2025	11	1	2
02/04/2025	12	1	1
02/04/2025	13	1	1
02/04/2025	14	1	2
02/04/2025	15	1	2
02/04/2025	16	2	2
02/04/2025	17	1	1
02/04/2025	18	1	1
02/04/2025	19	1	1
02/04/2025	20	1	1
02/04/2025	21	1	1
02/04/2025	22	1	1
02/04/2025	23	1	2
03/04/2025	00	2	2
03/04/2025	01	2	2
03/04/2025	02	9	9
03/04/2025	03	3	3
03/04/2025	04	2	2
03/04/2025	05	2	2
03/04/2025	06	2	2
03/04/2025	07	2	2
03/04/2025	08	1	2
03/04/2025	09	1	2
03/04/2025	10	1	2
03/04/2025	11	1	2
03/04/2025	12	2	2
03/04/2025	13	2	3
03/04/2025	14	2	2
03/04/2025	15	2	3
03/04/2025	16	2	3
03/04/2025	17	2	2
03/04/2025	18	2	2
03/04/2025	19	2	3
03/04/2025	20	2	3
03/04/2025	21	3	3
03/04/2025	22	4	4
03/04/2025	23	6	7
04/04/2025	00	4	5
04/04/2025	01	4	5
04/04/2025	02	3	4
04/04/2025	03	3	4
04/04/2025	04	2	5
04/04/2025	05	2	3
04/04/2025	06	1	2
04/04/2025	07	2	2
04/04/2025	08	3	3
04/04/2025	09	3	3
04/04/2025	10	2	3
04/04/2025	11	3	4
04/04/2025	12	2	3
04/04/2025	13	2	3
04/04/2025	14	3	3
04/04/2025	15	3	4
04/04/2025	16	3	3
04/04/2025	17	3	3
04/04/2025	18	3	3
04/04/2025	19	3	3
04/04/2025	20	3	3
04/04/2025	21	3	3
04/04/2025	22	3	3
04/04/2025	23	4	5
05/04/2025	00	4	4
05/04/2025	01	4	4
05/04/2025	02	5	5
05/04/2025	03	5	6
05/04/2025	04	6	6
05/04/2025	05	6	6
05/04/2025	06	5	5
05/04/2025	07	4	5
05/04/2025	08	2	3
05/04/2025	09	1	1
05/04/2025	10	1	1
05/04/2025	11	1	1
05/04/2025	12	1	1
05/04/2025	13	1	1
05/04/2025	14	0	1
05/04/2025	15	0	1
05/04/2025	16	0	1
05/04/2025	17	1	1
05/04/2025	18	1	1
05/04/2025	19	1	1
05/04/2025	20	1	1
05/04/2025	21	1	2
05/04/2025	22	1	2
05/04/2025	23	2	3
06/04/2025	00	1	2
06/04/2025	01	1	1
06/04/2025	02	1	1
06/04/2025	03	1	1
06/04/2025	04	1	1
06/04/2025	05	1	1
06/04/2025	06	1	1
06/04/2025	07	1	2
06/04/2025	08	1	2
06/04/2025	09	1	2
06/04/2025	10	1	2
06/04/2025	11	1	2
06/04/2025	12	3	3
06/04/2025	13	5	5
06/04/2025	14	3	3
06/04/2025	15	2	2
06/04/2025	16	2	2
06/04/2025	17	1	2
06/04/2025	18	1	2
06/04/2025	19	1	2
06/04/2025	20	2	2
06/04/2025	21	2	2
06/04/2025	22	3	4
06/04/2025	23	3	4
07/04/2025	00	2	2
07/04/2025	01	2	2
07/04/2025	02	2	2
07/04/2025	03	2	2
07/04/2025	04	2	2
07/04/2025	05	2	3
07/04/2025	06	3	4
07/04/2025	07	4	6
07/04/2025	08	3	4
07/04/2025	09	2	3
07/04/2025	10	2	2
07/04/2025	11	2	2
07/04/2025	12	3	3
07/04/2025	13	2	2
07/04/2025	14	2	2
07/04/2025	15	2	2
07/04/2025	16	3	3
07/04/2025	17	3	3
07/04/2025	18	2	2
07/04/2025	19	4	4
07/04/2025	20	4	5
07/04/2025	21	4	4
07/04/2025	22	4	4
07/04/2025	23	3	4
08/04/2025	00	2	3
08/04/2025	01	2	3
08/04/2025	02	4	5
08/04/2025	03	10	12
08/04/2025	04	2	2
08/04/2025	05	2	2
08/04/2025	06	3	4
08/04/2025	07	4	5
08/04/2025	08	5	5
08/04/2025	09	5	5
08/04/2025	10	4	4
08/04/2025	11	4	4
08/04/2025	12	4	4
08/04/2025	13	5	6
08/04/2025	14	5	5
08/04/2025	15	5	6
08/04/2025	16	5	5
08/04/2025	17	4	5
08/04/2025	18	5	5
08/04/2025	19	5	5
08/04/2025	20	6	6
08/04/2025	21	8	9
08/04/2025	22	9	10
08/04/2025	23	14	15
09/04/2025	00	14	15
09/04/2025	01	8	9
09/04/2025	02	6	7
09/04/2025	03	5	5
09/04/2025	04	3	4
09/04/2025	05	3	4
09/04/2025	06	3	4
09/04/2025	07	4	5
09/04/2025	08	5	5
09/04/2025	09	3	3
09/04/2025	10	4	4
09/04/2025	11	6	7
09/04/2025	12	5	6
09/04/2025	13	3	4
09/04/2025	14	3	3
09/04/2025	15	3	3
09/04/2025	16	2	3
09/04/2025	17	2	2
09/04/2025	18	2	2
09/04/2025	19	2	2
09/04/2025	20	2	3
09/04/2025	21	3	3
09/04/2025	22	3	4
09/04/2025	23	4	4
10/04/2025	00	3	4
10/04/2025	01	3	4
10/04/2025	02	3	4
10/04/2025	03	4	4
10/04/2025	04	3	4
10/04/2025	05	3	3
10/04/2025	06	4	5
10/04/2025	07	5	6
10/04/2025	08	5	7
10/04/2025	09	4	4
10/04/2025	10	4	4
10/04/2025	11	3	3
10/04/2025	12	3	3
10/04/2025	13	3	3
10/04/2025	14	3	3
10/04/2025	15	3	3
10/04/2025	16	3	3
10/04/2025	17	3	3
10/04/2025	18	3	3
10/04/2025	19	3	3
10/04/2025	20	3	3
10/04/2025	21	3	3
10/04/2025	22	3	3
10/04/2025	23	3	3
11/04/2025	00	3	3
11/04/2025	01	3	3
11/04/2025	02	2	3
11/04/2025	03	2	3
11/04/2025	04	2	3
11/04/2025	05	2	3
11/04/2025	06	2	3
11/04/2025	07	2	2
11/04/2025	08	2	3
11/04/2025	09	2	3
11/04/2025	10	3	3
11/04/2025	11	3	3
11/04/2025	12	3	4
11/04/2025	13	3	3
11/04/2025	14	3	4
11/04/2025	15	3	3
11/04/2025	16	3	4
11/04/2025	17	4	4
11/04/2025	18	3	4
11/04/2025	19	4	4
11/04/2025	20	4	4
11/04/2025	21	4	4
11/04/2025	22	4	5
11/04/2025	23	4	5
12/04/2025	00	4	4
12/04/2025	01	4	4
12/04/2025	02	5	5
12/04/2025	03	5	6
12/04/2025	04	7	8
12/04/2025	05	10	11
12/04/2025	06	11	12
12/04/2025	07	10	11
12/04/2025	08	13	14
12/04/2025	09	8	8
12/04/2025	10	8	9
12/04/2025	11	10	11
12/04/2025	12	10	10
12/04/2025	13	5	5
12/04/2025	14	6	6
12/04/2025	15	11	12
12/04/2025	16	14	15
12/04/2025	17	16	17
12/04/2025	18	15	16
12/04/2025	19	10	10
12/04/2025	20	9	10
12/04/2025	21	17	18
12/04/2025	22	16	18
12/04/2025	23	17	18
13/04/2025	00	19	21
13/04/2025	01	23	25
13/04/2025	02	25	27
13/04/2025	03	27	29
13/04/2025	04	17	19
13/04/2025	05	10	11
13/04/2025	06	23	25
13/04/2025	07	25	27
13/04/2025	08	22	24
13/04/2025	09	21	23
13/04/2025	10	19	21
13/04/2025	11	14	16
13/04/2025	12	12	13
13/04/2025	13	10	11
13/04/2025	14	12	13
13/04/2025	15	8	9
13/04/2025	16	4	5
13/04/2025	17	5	6
13/04/2025	18	7	8
13/04/2025	19	9	10
13/04/2025	20	10	11
13/04/2025	21	13	14
13/04/2025	22	13	14
13/04/2025	23	13	14
14/04/2025	00	17	18
14/04/2025	01	17	19
14/04/2025	02	16	17
14/04/2025	03	13	15
14/04/2025	04	14	16
14/04/2025	05	17	18
14/04/2025	06	17	19
14/04/2025	07	14	16
14/04/2025	08	13	14
14/04/2025	09	17	18
14/04/2025	10	10	11
14/04/2025	11	10	11
14/04/2025	12	8	9
14/04/2025	13	11	12
14/04/2025	14	12	14
14/04/2025	15	13	15
14/04/2025	16	11	12
14/04/2025	17	10	11
14/04/2025	18	10	11
14/04/2025	19	9	10
14/04/2025	20	12	13
14/04/2025	21	15	16
14/04/2025	22	14	15
14/04/2025	23	15	17
15/04/2025	00	14	15
15/04/2025	01	17	19
15/04/2025	02	14	15
15/04/2025	03	13	14
15/04/2025	04	7	8
15/04/2025	05	2	3
15/04/2025	06	1	2
15/04/2025	07	1	2
15/04/2025	08	1	1
15/04/2025	09	1	1
15/04/2025	10	1	1
15/04/2025	11	1	1
15/04/2025	12	1	1
15/04/2025	13	1	1
15/04/2025	14	1	2
15/04/2025	15	1	1
15/04/2025	16	1	2
15/04/2025	17	1	1
15/04/2025	18	1	1
15/04/2025	19	0	1
15/04/2025	20	1	1
15/04/2025	21	1	1
15/04/2025	22	0	1
15/04/2025	23	0	1
16/04/2025	00	0	1
16/04/2025	01	0	1
16/04/2025	02	1	1
16/04/2025	03	0	1
16/04/2025	04	1	1
16/04/2025	05	1	1
16/04/2025	06	1	1
16/04/2025	07	1	1
16/04/2025	08	1	1
16/04/2025	09	1	1
16/04/2025	10	1	1
16/04/2025	11	1	1
16/04/2025	12	1	2
16/04/2025	13	1	1
16/04/2025	14	1	2
16/04/2025	15	1	2
16/04/2025	16	1	1
16/04/2025	17	1	1
16/04/2025	18	1	1
16/04/2025	19	1	1
16/04/2025	20	1	1
16/04/2025	21	2	2
16/04/2025	22	1	1
16/04/2025	23	1	1
17/04/2025	00	1	1
17/04/2025	01	1	1
17/04/2025	02	1	1
17/04/2025	03	1	1
17/04/2025	04	1	1
17/04/2025	05	1	1
17/04/2025	06	2	2
17/04/2025	07	1	1
17/04/2025	08	1	1
17/04/2025	09	0	1
17/04/2025	10	0	1
17/04/2025	11	0	1
17/04/2025	12	1	1
17/04/2025	13	1	1
17/04/2025	14	1	2
17/04/2025	15	1	1
17/04/2025	16	1	1
17/04/2025	17	1	1
17/04/2025	18	1	1
17/04/2025	19	1	1
17/04/2025	20	2	2
17/04/2025	21	3	3
17/04/2025	22	2	3
17/04/2025	23	2	2
18/04/2025	00	1	2
18/04/2025	01	2	2
18/04/2025	02	2	3
18/04/2025	03	2	2
18/04/2025	04	2	2
18/04/2025	05	1	2
18/04/2025	06	2	2
18/04/2025	07	2	2
18/04/2025	08	1	1
18/04/2025	09	1	1
18/04/2025	10	1	1
18/04/2025	11	1	1
18/04/2025	12	2	3
18/04/2025	13	1	1
18/04/2025	14	1	1
18/04/2025	15	1	1
18/04/2025	16	1	1
18/04/2025	17	1	1
18/04/2025	18	1	1
18/04/2025	19	2	2
18/04/2025	20	1	1
18/04/2025	21	1	2
18/04/2025	22	2	2
18/04/2025	23	3	3
19/04/2025	00	7	7
19/04/2025	01	13	14
19/04/2025	02	9	9
19/04/2025	03	6	6
19/04/2025	04	5	6
19/04/2025	05	4	5
19/04/2025	06	5	6
19/04/2025	07	7	8
19/04/2025	08	3	3
19/04/2025	09	4	4
19/04/2025	10	1	1
19/04/2025	11	1	3
19/04/2025	12	1	2
19/04/2025	13	1	3
19/04/2025	14	1	2
19/04/2025	15	0	1
19/04/2025	16	0	1
19/04/2025	17	0	1
19/04/2025	18	0	1
19/04/2025	19	0	1
19/04/2025	20	0	1
19/04/2025	21	0	1
19/04/2025	22	1	1
19/04/2025	23	1	1
20/04/2025	00	1	1
20/04/2025	01	1	1
20/04/2025	02	1	1
20/04/2025	03	1	1
20/04/2025	04	1	1
20/04/2025	05	3	3
20/04/2025	06	1	2
20/04/2025	07	1	1
20/04/2025	08	0	1
20/04/2025	09	0	0
20/04/2025	10	0	1
20/04/2025	11	0	0
20/04/2025	12	0	0
20/04/2025	13	0	0
20/04/2025	14	0	0
20/04/2025	15	0	0
20/04/2025	16	0	0
20/04/2025	17	1	1
20/04/2025	18	0	1
20/04/2025	19	0	1
20/04/2025	20	1	1
20/04/2025	21	1	1
20/04/2025	22	1	1
20/04/2025	23	1	1
21/04/2025	00	1	1
21/04/2025	01	1	2
21/04/2025	02	1	1
21/04/2025	03	1	1
21/04/2025	04	1	1
21/04/2025	05	1	1
21/04/2025	06	1	2
21/04/2025	07	1	1
21/04/2025	08	1	1
21/04/2025	09	1	1
21/04/2025	10	1	1
21/04/2025	11	1	1
21/04/2025	12	1	1
21/04/2025	13	1	1
21/04/2025	14	1	1
21/04/2025	15	1	1
21/04/2025	16	1	1
21/04/2025	17	1	1
21/04/2025	18	1	1
21/04/2025	19	1	1
21/04/2025	20	1	1
21/04/2025	21	2	2
21/04/2025	22	2	2
21/04/2025	23	3	3
22/04/2025	00	2	2
22/04/2025	01	2	3
22/04/2025	02	2	2
22/04/2025	03	3	3
22/04/2025	04	2	3
22/04/2025	05	2	3
22/04/2025	06	2	3
22/04/2025	07	3	4
22/04/2025	08	4	5
22/04/2025	09	7	8
22/04/2025	10	9	10
22/04/2025	11	3	3
22/04/2025	12	5	6
22/04/2025	13	4	4
22/04/2025	14	5	5
22/04/2025	15	4	4
22/04/2025	16	1	2
22/04/2025	17	3	3
22/04/2025	18	2	2
22/04/2025	19	1	2
22/04/2025	20	1	1
22/04/2025	21	2	3
22/04/2025	22	4	5
22/04/2025	23	11	13
23/04/2025	00	14	15
23/04/2025	01	8	8
23/04/2025	02	6	6
23/04/2025	03	6	7
23/04/2025	04	7	8
23/04/2025	05	8	9
23/04/2025	06	10	11
23/04/2025	07	12	13
23/04/2025	08	7	8
23/04/2025	09	4	4
23/04/2025	10	5	5
23/04/2025	11	5	5
23/04/2025	12	2	3
23/04/2025	13	3	3
23/04/2025	14	2	2
23/04/2025	15	1	2
23/04/2025	16	1	1
23/04/2025	17	1	1
23/04/2025	18	1	1
23/04/2025	19	1	1
23/04/2025	20	2	2
23/04/2025	21	1	2
23/04/2025	22	3	3
23/04/2025	23	3	4
24/04/2025	01	5	5
24/04/2025	02	4	5
24/04/2025	03	4	4
24/04/2025	04	4	4
24/04/2025	05	5	6
24/04/2025	06	8	8
24/04/2025	07	8	9
24/04/2025	08	6	7
24/04/2025	09	6	7
24/04/2025	10	10	11
24/04/2025	11	10	11
24/04/2025	12	7	8
24/04/2025	13	5	6
24/04/2025	14	3	4
24/04/2025	15	5	5
24/04/2025	16	4	4
24/04/2025	17	3	3
24/04/2025	18	3	4
24/04/2025	19	3	4
24/04/2025	20	4	5
24/04/2025	21	7	8
24/04/2025	22	6	7
24/04/2025	23	8	9
25/04/2025	00	7	8
25/04/2025	01	11	12
25/04/2025	02	14	15
25/04/2025	03	16	17
25/04/2025	04	15	16
25/04/2025	05	13	14
25/04/2025	06	9	10
25/04/2025	07	11	12
25/04/2025	08	13	15
25/04/2025	09	8	10
25/04/2025	10	6	6
25/04/2025	11	5	6
25/04/2025	12	3	3
25/04/2025	13	1	1
25/04/2025	14	1	1
25/04/2025	15	1	1
25/04/2025	16	1	1
25/04/2025	17	1	1
25/04/2025	18	1	1
25/04/2025	19	1	1
25/04/2025	20	1	1
25/04/2025	21	1	1
25/04/2025	22	1	1
25/04/2025	23	1	1
26/04/2025	00	2	2
26/04/2025	01	5	5
26/04/2025	02	2	2
26/04/2025	03	2	2
26/04/2025	04	2	3
26/04/2025	05	2	3
26/04/2025	06	3	3
26/04/2025	07	3	3
26/04/2025	08	2	3
26/04/2025	09	2	2
26/04/2025	10	3	4
26/04/2025	11	3	3
26/04/2025	12	2	3
26/04/2025	13	1	3
26/04/2025	14	1	1
26/04/2025	15	1	1
26/04/2025	16	1	1
26/04/2025	17	1	1
26/04/2025	18	1	1
26/04/2025	19	1	1
26/04/2025	20	1	1
26/04/2025	21	2	2
26/04/2025	22	2	3
26/04/2025	23	3	3
27/04/2025	01	2	2
27/04/2025	02	2	2
27/04/2025	03	2	2
27/04/2025	04	2	2
27/04/2025	05	2	2
27/04/2025	06	3	3
27/04/2025	07	2	3
27/04/2025	08	1	2
27/04/2025	09	1	2
27/04/2025	10	1	1
27/04/2025	11	1	1
27/04/2025	12	1	2
27/04/2025	13	1	1
27/04/2025	14	0	1
27/04/2025	15	0	0
27/04/2025	16	0	0
27/04/2025	17	0	1
27/04/2025	18	0	1
27/04/2025	19	0	1
27/04/2025	20	1	1
27/04/2025	21	1	1
27/04/2025	22	0	0
27/04/2025	23	2	3
28/04/2025	00	1	2
28/04/2025	01	1	1
28/04/2025	02	1	1
28/04/2025	03	1	1
28/04/2025	04	1	1
28/04/2025	05	1	1
28/04/2025	06	2	2
28/04/2025	07	2	2
28/04/2025	08	2	2
28/04/2025	09	1	2
28/04/2025	10	1	1
28/04/2025	18	1	1
28/04/2025	19	1	2
28/04/2025	20	1	2
28/04/2025	21	1	2
28/04/2025	22	1	2
28/04/2025	23	3	3
29/04/2025	00	2	3
29/04/2025	01	2	2
29/04/2025	02	2	2
29/04/2025	03	2	2
29/04/2025	04	2	2
29/04/2025	05	2	2
29/04/2025	06	2	2
29/04/2025	07	2	2
29/04/2025	08	1	2
29/04/2025	09	1	1
29/04/2025	10	1	1
29/04/2025	11	1	1
29/04/2025	12	1	1
29/04/2025	13	1	1
29/04/2025	14	1	1
29/04/2025	15	1	1
29/04/2025	16	1	1
29/04/2025	17	1	1
29/04/2025	18	1	1
29/04/2025	19	1	1
29/04/2025	20	1	1
29/04/2025	21	1	1
29/04/2025	22	1	1
29/04/2025	23	1	1
30/04/2025	00	1	2
30/04/2025	01	1	2
30/04/2025	02	1	2
30/04/2025	03	1	2
30/04/2025	04	1	2
30/04/2025	05	2	2
30/04/2025	06	3	3
30/04/2025	07	3	3
30/04/2025	08	2	2
30/04/2025	09	1	2
30/04/2025	10	1	2
30/04/2025	11	2	2
30/04/2025	12	1	1
30/04/2025	13	1	2
30/04/2025	14	1	1
30/04/2025	15	1	1
30/04/2025	16	1	1
30/04/2025	17	1	1
30/04/2025	18	1	1
30/04/2025	19	2	2
30/04/2025	20	2	2
30/04/2025	21	2	3
30/04/2025	22	3	3
30/04/2025	23	3	3
