Red: Red de Vigilancia y Control de la Contaminación Atmosférica
Estación: 12009007-Almassora_2
	
FECHA	HORA	SO2	CO	NO	NO2	PM10	NOx	Veloc.	Direc.	PM2.5
		µg/m³	mg/m³	µg/m³	µg/m³	µg/m³	µg/m³	m/s	grados	µg/m³
10/10/2006	14		0,1							
10/10/2006	15		0,3							
10/10/2006	16	3	0,3							
10/10/2006	17	3	0,3	2	8	10,9	9			
10/10/2006	18	3	0,3	2	15	12,9	16			
10/10/2006	19	3	0,4	2	21	17,3	22			
10/10/2006	20	3	0,3	2	8	25,4	9			
10/10/2006	21	3	0,4	2	15	20,2	16			
10/10/2006	22	3	0,5	2	38	27,8	39			
10/10/2006	23	3	0,5	2	38	23,7	39			
11/10/2006	00	3	0,6	2	37	55,2	37			
11/10/2006	01	3	0,5	2	25	63,8	26			
11/10/2006	02	3	0,4	2	16	57,8	17			
11/10/2006	03	3	0,5	2	27	29,1	28			
11/10/2006	04	3	0,5	2	30	54,4	31			
11/10/2006	05	3	0,5	2	40	62,5	40			
11/10/2006	06	3	0,6	5	43	55	50			
11/10/2006	07	3	1	168	65	62,1	323			
11/10/2006	08	3	0,7	216	77	135,5	409			
11/10/2006	09	3	0,5	55	48	158,6	132			
11/10/2006	10	3	0,2	7	31	79,6	41			
11/10/2006	11	4	0,4	4	22	74,6	28			
11/10/2006	12	4	0,5	2	21	43,3	25			
11/10/2006	13	3	0,5	5	27	34,3	35			
11/10/2006	14	15	0,5	3	30	50,1	35			
11/10/2006	15	10	0,5	3	36	45,6	40			
11/10/2006	16	8	0,5	2	28	55,3	31			
11/10/2006	17	6	0,5	2	13	44,8	15			
11/10/2006	18	4	0,6	2	13	37,5	14			
11/10/2006	19	3	0,6	2	17	33,8	18			
11/10/2006	20	5	0,7	35	68	44,9	121			
11/10/2006	21	10	0,6	113	82	93,9	255			
11/10/2006	22	7	0,6	56	65	81,1	150			
11/10/2006	23	8	0,4	3	8	59	12			
12/10/2006	00	7	0,3	2	4	19,6	6			
12/10/2006	01	6	0,4	2	4	79,7	6			
12/10/2006	02	5	0,4	2	5	15,9	6			
12/10/2006	03	4	0,2	2	10	10,4	11			
12/10/2006	04	6	0,2	10	42	1,6	57			
12/10/2006	05	9	0,2	30	48	43	94			
12/10/2006	06	15	0,2	95	73	61,9	219			
12/10/2006	07	16	0,2	77	66	101,1	184			
12/10/2006	08	13	0,2	24	42	84,7	79			
12/10/2006	09	10	0,2	5	22	74,9	29			
12/10/2006	10	6	0,2	3	19	20,8	22			
12/10/2006	11	6	0,2	2	4	27,4	6			
12/10/2006	12	6	0,2	2	6	9,4	8			
12/10/2006	13	5	0,2	2	5	8,7	6			
12/10/2006	14	5	0,2	2	5	7,8	7			
12/10/2006	15	8	0,2	2	6	1,9	9			
12/10/2006	16	7	0,3	3	6	2,7	10			
12/10/2006	17	6	0,3	2	6	7,4	10			
12/10/2006	18	5	0,4	2	14	1,6	17			
12/10/2006	19	4	0,4	2	22	10,3	24			
12/10/2006	20	6	0,4	30	48	18,7	93			
12/10/2006	21	9	0,4	26	55	41,7	94			
12/10/2006	22	15	0,4	99	69	67,8	221			
12/10/2006	23	20	0,4	86	71	78	203			
13/10/2006	00	22	0,4	22	51	164	83			
13/10/2006	01	16	0,3	16	41	88,3	65			
13/10/2006	02	13	0,3	4	18	59,6	22			
13/10/2006	03	9	0,4	4	23	13,9	28			
13/10/2006	04	10	0,3	7	34	50,9	43			
13/10/2006	05	12	0,4	5	32	78,7	38			
13/10/2006	06	8	0,4	10	35	37,9	49			
13/10/2006	07	12	0,5	37	51	61,2	107			
13/10/2006	08	25	0,5	196	78	157,5	379			
13/10/2006	09	15	0,5	21	40	125,3	72			
13/10/2006	10	16	0,4	12	34	67,7	52			
13/10/2006	11	17	0,4	5	27	46,5	35			
13/10/2006	12	11	0,4	2	12	24,7	14			
13/10/2006	13	14	0,4	2	19	18,5	22			
13/10/2006	14	12	0,4	3	11	18,4	14			
13/10/2006	15	7	0,4	2	9	14,2	11			
13/10/2006	16	6	0,5	2	12	25,7	15			
13/10/2006	17	5	0,4	2	10	28,9	13			
13/10/2006	18	4	0,4	2	15	25,5	16			
13/10/2006	19	3	0,5	2	16	24,8	18			
13/10/2006	20	4	0,5	2	19	21	21			
13/10/2006	21	3	0,4	2	14	30,4	15			
13/10/2006	22	3	0,4	2	12	20,1	14			
13/10/2006	23	8	0,5	103	80	26,6	238			
14/10/2006	00	12	0,5	150	83	107	313			
14/10/2006	01	12	0,3	112	75	71,6	247			
14/10/2006	02	13	0,3	48	64	87,5	137			
14/10/2006	03	21	0,3	125	81	175,4	272			
14/10/2006	04	19	0,4	20	54	178,8	84			
14/10/2006	05	17	0,3	11	51	103,3	68			
14/10/2006	06	13	0,3	2	32	85,4	34			
14/10/2006	07	10	0,3	3	28	54,4	32			
14/10/2006	08	9	0,4	13	37	34,9	57			
14/10/2006	09	15	0,4	21	43	83	76			
14/10/2006	10	13	0,3	14	37	86,5	58			
14/10/2006	11	10	0,3	3	15	42,6	20			
14/10/2006	12	38	0,3	6	21	19,5	30			
14/10/2006	13	66	0,3	7	31	23,7	42			
14/10/2006	14	71	0,3	3	19	31,6	23			
14/10/2006	15	52	0,3	2	31	27,4	34			
14/10/2006	16	48	0,3	2	26	26,9	27			
14/10/2006	17	25	0,3	2	15	17,3	16			
14/10/2006	18	12	0,4	2	21	9,9	21			
14/10/2006	19	8	0,4	2	29	22,8	30			
14/10/2006	20	7	0,5	2	49	31,3	49			
14/10/2006	21	9	0,4	2	50	35,5	51			
14/10/2006	22	16	0,4	120	84	41,6	268			
14/10/2006	23	17	0,4	89	91	111,2	227			
15/10/2006	00	25	0,4	240	113	70,5	481			
15/10/2006	01	27	0,4	123	91	96,9	279			
15/10/2006	02	30	0,5	33	73	62,5	124			
15/10/2006	03	24	0,4	6	53	49,7	62			
15/10/2006	04	24	0,4	9	50	37,4	62			
15/10/2006	05	22	0,5	4	55	36,8	59			
15/10/2006	06	17	0,5	2	40	36,3	42			
15/10/2006	07	13	0,5	2	42	30,5	44			
15/10/2006	08	21	0,5	8	56	28,4	68			
15/10/2006	09	20	0,5	4	32	46,4	37			
15/10/2006	10	15	0,4	6	35	37,4	43			
15/10/2006	11	10	0,4	2	13	29,5	15			
15/10/2006	12	10	0,3	2	12	32,7	13			
15/10/2006	13	9	0,3	2	12	26	14			
15/10/2006	14	8	0,3	2	8	19	11			
15/10/2006	15	6	0,4	2	10	16,6	12			
15/10/2006	16	5	0,4	2	10	18,5	11			
15/10/2006	17	4	0,4	2	10	11,7	12			
15/10/2006	18	4	0,4	2	13	14,5	14			
15/10/2006	19	4	0,3	2	12	23,6	13			
15/10/2006	20	4	0,3	2	11	14,7	13			
15/10/2006	21	4	0,3	2	7	14,1	8			
15/10/2006	22	3	0,3	2	6	21,9	7			
15/10/2006	23	3	0,3	2	5	16,4	7			
16/10/2006	00	3	0,3	2	5	19,4	7			
16/10/2006	01	3	0,3	2	4	18,3	6			
16/10/2006	02	3	0,3	2	14	26,8	15			
16/10/2006	03	5	0,3	26	37	15,2	77			
16/10/2006	04	4	0,3	2	26	14,9	28			
16/10/2006	05	4	0,4	2	39	16,2	40			
16/10/2006	06	4	0,5	6	47	18,9	56			
16/10/2006	07	5	0,6	26	62	25,9	102			
16/10/2006	08	8	0,7	83	71	70,6	198			
16/10/2006	09	7	0,6	50	65	88,9	141			
16/10/2006	10	4	0,3	4	23	70,1	28			
16/10/2006	11	5	0,3	2	9	31,2	10			
16/10/2006	12	5	0,3	2	8	32,4	9			
16/10/2006	13	4	0,3	2	9	27	10			
16/10/2006	14	4	0,3	2	8	30,2	10			
16/10/2006	15	4	0,4	2	11	23,3	14			
16/10/2006	16	3	0,3	2	17	21,1	20			
16/10/2006	17	4	0,4	3	22	33,9	25			
16/10/2006	18	3	0,4	2	31	29,8	34			
16/10/2006	19	3	0,4	2	26	23,9	28			
16/10/2006	20	3	0,4	3	15	25,9	18			
16/10/2006	21	3	0,3	2	16	18,4	17			
16/10/2006	22	4	0,4	2	16	23,4	17			
16/10/2006	23	3	0,4	2	16	23,6	17			
17/10/2006	00	3	0,3	2	18	21,9	19			
17/10/2006	01	4	0,3	3	14	18,4	18			
17/10/2006	02	4	0,2	7	27	29,5	38			
17/10/2006	03	8	0,3	88	71	35,2	206			
17/10/2006	04	10	0,3	108	72	102,2	238			
17/10/2006	05	7	0,4	14	47	94,9	68			
17/10/2006	06	7	0,5	20	64	31,1	94			
17/10/2006	07	8	0,8	56	67	59,5	154			
17/10/2006	08	9	0,7	76	71	83,4	188			
17/10/2006	09	6	0,4	24	46	86	83			
17/10/2006	10	4	0,3	3	12	44,7	15			
17/10/2006	11	4	0,3	3	13	24,8	17			
17/10/2006	12	4	0,3	3	13	19,1	17			
17/10/2006	13	4	0,3	3	10	18,9	14			
17/10/2006	14	3	0,3	3	10	14,4	13			
17/10/2006	15	4	0,3	3	11	16,4	15			
17/10/2006	16	3	0,3	4	14	8,1	19			
17/10/2006	17	4	0,3	3	23	13,8	27			
17/10/2006	18	4	0,3	3	37	23,5	40			
17/10/2006	19	3	0,3	3	34	27,4	38			
17/10/2006	20	3	0,3	2	30	27,8	32			
17/10/2006	21	4	0,3	2	27	28,6	28			
17/10/2006	22	4	0,2	2	29	24,4	32			
17/10/2006	23	4	0,2	3	29	18,3	32			
18/10/2006	00	5	0,2	16	46	15,3	70			
18/10/2006	01	6	0,3	41	53	45,9	116			
18/10/2006	02	4	0,2	2	33	47,9	36			
18/10/2006	03	6	0,3	27	58	35,2	99			
18/10/2006	04	6	0,3	2	34	72,4	36			
18/10/2006	05	5	0,4	2	28	29,1	30			
18/10/2006	06	7	0,4	47	56	24	128			
18/10/2006	07	12	0,6	149	70	55,8	298			
18/10/2006	08	9	0,5	85	67	63,7	198			
18/10/2006	09	11	0,5	111	68	65	238			
18/10/2006	10	6	0,5	27	55	68,6	97			
18/10/2006	11	4	0,4	5	27	57,7	34			
18/10/2006	12	4	0,3	3	12	37,8	15			
18/10/2006	13	5	0,3	2	10	33,6	13			
18/10/2006	14	4	0,2	2	7	31,6	9			
18/10/2006	15	5	0,3	2	15	29,7	15			
18/10/2006	16	4	0,3	2	23	29,4	25			
18/10/2006	17	4	0,3	2	30	31,8	31			
18/10/2006	18	4	0,3	2	46	22,6	47			
18/10/2006	19	4	0,3	2	32	21,4	32			
18/10/2006	20	5	0,4	3	66	21,6	70			
18/10/2006	21	6	0,4	28	52	32,4	94			
18/10/2006	22	5	0,4	4	51	34,9	57			
18/10/2006	23	11	0,4	100	67	37	219			
19/10/2006	00	11	0,4	59	55	70,1	146			
19/10/2006	01	8	0,3	13	47	52,7	67			
19/10/2006	02	7	0,4	2	28	31,9	30			
19/10/2006	03	5	0,6	8	44	14	57			
19/10/2006	04	8	0,6	11	50	37,7	67			
19/10/2006	05	12	0,6	28	53	46,6	95			
19/10/2006	06	13	0,5	15	46	56	69			
19/10/2006	07	13	0,6	38	54	29,4	112			
19/10/2006	08	13	0,7	56	55	51,4	142			
19/10/2006	09	10	0,4	13	36	62,4	56			
19/10/2006	10	8	0,3	5	30	29,3	38			
19/10/2006	11	7	0,3	4	24	18,1	29			
19/10/2006	12	7	0,4	3	21	15,2	24			
19/10/2006	13	6	0,4	3	20	10	23			
19/10/2006	14	6	0,4	3	26	15,4	30			
19/10/2006	15	5	0,3	2	26	14,2	28			
19/10/2006	16	6	0,3	2	23	21,4	25			
19/10/2006	17	6	0,3	2	27	21,4	29			
19/10/2006	18	5	0,3	2	27	15,1	27			
19/10/2006	19	4	0,3	2	25	16,5	26			
19/10/2006	20	4	0,3	2	27	7,4	27			
19/10/2006	21	4	0,3	2	33	6,1	35			
19/10/2006	22	3	0,3	2	24	11,2	25			
19/10/2006	23	4	0,2	2	17	15,1	17			
20/10/2006	00	4	0,2	2	16	3,3	18			
20/10/2006	01	4	0,2	2	21	14,2	22			
20/10/2006	02	4	0,2	4	40	17,4	45			
20/10/2006	03	5	0,3	2	46	26,1	48			
20/10/2006	04	6	0,2	2	44	28,9	46			
20/10/2006	05	8	0,3	5	47	21,7	53			
20/10/2006	06	8	0,3	11	46	24,2	62			
20/10/2006	07	9	0,4	34	55	23,3	107			
20/10/2006	08	12	0,6	63	63	63,8	160			
20/10/2006	09	11	0,5	29	49	80,9	93			
20/10/2006	10	9	0,3	8	33	35,7	45			
20/10/2006	11	7	0,3	2	22	27,5	25			
20/10/2006	12	6	0,3	2	17	12,5	18			
20/10/2006	13	5	0,3	2	20	5,7	22			
20/10/2006	14	5	0,3	3	14	12,3	18			
20/10/2006	15	4	0,3	6	17	10,7	27			
20/10/2006	16	4	0,4	10	28	13,5	42			
20/10/2006	17	4	0,3	7	17	8,6	28			
20/10/2006	18	4	0,3	5	20	7,6	27			
20/10/2006	19	4	0,3	3	19	6,7	24			
20/10/2006	20	4	0,3	3	20	10,2	24			
20/10/2006	21	4	0,4	5	37	7,8	46			
20/10/2006	22	5	0,4	15	37	7,4	60			
20/10/2006	23	6	0,4	52	45	27,9	125			
21/10/2006	00	8	0,4	69	41	96,8	147			
21/10/2006	01	6	0,4	25	34	64,4	73			
21/10/2006	02	15	0,3	162	48	59,9	298			
21/10/2006	03	15	0,4	127	43	85,6	238			
21/10/2006	04	19	0,5	204	47	50,5	361			
21/10/2006	05	12	0,6	71	33	61,6	141			
21/10/2006	06	21	0,5	240	55	53,8	423			
21/10/2006	07	14	0,6	91	38	54,4	178			
21/10/2006	08	14	0,5	58	27	44	115			
21/10/2006	09	12	0,5	40	26	51,3	86			
21/10/2006	10	11	0,2	13	12	51,8	32			
21/10/2006	11	91	0,2	12	20	6,8	37			
21/10/2006	12	37	0,3	9	10	20,6	23			
21/10/2006	13	18	0,3	7	9	5,1	20			
21/10/2006	14	13	0,2	5	7	9,9	15			
21/10/2006	15	10	0,2	5	5	6,2	12			
21/10/2006	16	9	0,3	7	17	9,5	27			
21/10/2006	17	15	0,3	5	11	15,9	19			
21/10/2006	18	8	0,4	5	12	11,6	19			
21/10/2006	19	6	0,4	3	15	9,9	20			
21/10/2006	20	5	0,5	4	24	15,7	30			
21/10/2006	21	9	0,4	42	40	23,4	104			
21/10/2006	22	12	0,4	13	33	33,1	53			
21/10/2006	23	17	0,3	44	39	28,7	106			
22/10/2006	00	17	0,4	6	31	34	41			
22/10/2006	01	22	0,3	99	53	31,9	204			
22/10/2006	02	23	0,4	131	48	29,2	249			
22/10/2006	03	24	0,4	75	43	38,2	158			
22/10/2006	04	22	0,4	7	31	34,7	42			
22/10/2006	05	21	0,4	7	34	23,6	44			
22/10/2006	06	26	0,4	80	49	19,1	171			
22/10/2006	07	24	0,3	25	27	41,5	66			
22/10/2006	08	20	0,3	31	27	18,7	74			
22/10/2006	09	12	0,3	5	10	20,9	17			
22/10/2006	10	11	0,3	6	17	46,1	27			
22/10/2006	11	10	0,3	5	8	28,1	16			
22/10/2006	12	7	0,3	4	5	20,2	10			
22/10/2006	13	7	0,3	5	6	5,5	13			
22/10/2006	14	6	0,3	4	4	6,8	10			
22/10/2006	15	5	0,3	3	5	8	10			
22/10/2006	16	5	0,2	2	5	15,7	8			
22/10/2006	17	4	0,3	2	5	7,5	7			
22/10/2006	18	3	0,2	2	4	6,8	6			
22/10/2006	19	4	0,2	2	5	10,1	7			
22/10/2006	20	4	0,3	2	14	16,8	16			
22/10/2006	21	3	0,3	2	18	19	20			
22/10/2006	22	4	0,5	4	36	22,3	41			
22/10/2006	23	15	0,3	194	72	24,2	369			
23/10/2006	00	9	0,2	21	44	56,4	76			
23/10/2006	01	13	0,2	54	44	35,4	127			
23/10/2006	02	10	0,2	22	31	50,4	65			
23/10/2006	03	7	0,1	2	12	24,7	14			
23/10/2006	04	6	0,1	2	6	12,7	8			
23/10/2006	05	6	0,1	2	8	13,3	9			
23/10/2006	06	6	0,2	4	16	7,8	21			
23/10/2006	07	6	0,2	22	27	10,1	60			
23/10/2006	08	5	0,2	4	14	18,8	20			
23/10/2006	09	5	0,3	6	16	13,5	25			
23/10/2006	10	5	0,1	8	11	26,7	24			
23/10/2006	11	4	0,2	8	13	18,6	24			
23/10/2006	12	5	0,1	5	11	12,7	19			
23/10/2006	13	5	0,2	3	8	12,9	13			
23/10/2006	14	4	0,2	4	12	15,6	19			
23/10/2006	15	4	0,1	4	11	15,3	17			
23/10/2006	16	4	0,3	5	24	16,7	32			
23/10/2006	17	4	0,2	3	15	29,5	19			
23/10/2006	18	4	0,1	3	14	14,3	17			
23/10/2006	19	4	0,2	3	20	14,1	24			
23/10/2006	20	4	0,2	3	15	12,9	18			
23/10/2006	21	4	0,2	4	15	8,3	20			
23/10/2006	22	4	0,1	2	10	13,8	13			
23/10/2006	23	4	0,1	2	12	9,3	13			
24/10/2006	00	5	0,2	2	12	20,7	14			
24/10/2006	01	5	0,3	2	26	7,9	28			
24/10/2006	02	9	0,3	3	26	45,6	30			
24/10/2006	03	9	0,1	2	23	30,1	26			
24/10/2006	04	7	0,1	2	24	20,5	28			
24/10/2006	05	6	0,1	2	12	14	13			
24/10/2006	06	5	0,2	5	22	10,6	29			
24/10/2006	07	6	0,3	20	45	5,9	76			
24/10/2006	08	10	0,3	51	48	46,2	127			
24/10/2006	09	10	0,3	16	31	54,6	55			
24/10/2006	10	16	0,2	8	17	41,2	28			
24/10/2006	11	239	0,2	12	24	17,8	43			
24/10/2006	12	100	0,2	10	19	31	34			
24/10/2006	13	24	0,1	4	7	17,9	13			
24/10/2006	14	13	0,1	4	9	15,4	14			
24/10/2006	15	10	0,1	4	14	19,2	20			
24/10/2006	16	9	0,2	5	19	9,8	26			
24/10/2006	17	9	0,2	5	30	12	37			
24/10/2006	18	10	0,2	2	30	23,4	33			
24/10/2006	19	7	0,3	3	36	23,3	41			
24/10/2006	20	7	0,4	9	41	20,4	55			
24/10/2006	21	8	0,3	74	57	26,8	171			
24/10/2006	22	16	0,3	169	71	51,2	330			
24/10/2006	23	10	0,3	13	47	70,8	67			
25/10/2006	00	9	0,3	7	46	47,6	57			
25/10/2006	01	6	0,2	10	39	29,8	54			
25/10/2006	02	5	0,2	7	43	45,8	53			
25/10/2006	03	22	0,2	187	59	43	345			
25/10/2006	04	25	0,2	217	60	83,9	393			
25/10/2006	05	23	0,3	183	61	79,8	342			
25/10/2006	06	24	0,5	183	60	93,3	341			
25/10/2006	07	22	0,7	166	64	116,6	319			
25/10/2006	08	20	0,4	136	59	177,1	267			
25/10/2006	09	19	0,4	102	57	139,4	213			
25/10/2006	10	10	0,3	11	26	136,6	43			
25/10/2006	11	10	0,2	4	18	36,7	24			
25/10/2006	12	10	0,2	3	16	14,3	21			
25/10/2006	13	77	0,2	4	19	15,5	24			
25/10/2006	14	100	0,2	7	21	23,5	32			
25/10/2006	15	36	0,2	3	13	23,6	18			
25/10/2006	16	16	0,2	5	17	14,4	24			
25/10/2006	17	15	0,2	3	14	17,4	19			
25/10/2006	18	9	0,2	2	22	14,3	24			
25/10/2006	19	7	0,2	3	22	27,4	27			
25/10/2006	20	5	0,3	2	31	17,6	33			
25/10/2006	21	5	0,3	2	25	30,4	26			
25/10/2006	22	6	0,3	2	24	29,4	26			
25/10/2006	23	7	0,2	42	37	21	100			
26/10/2006	00	7	0,2	40	47	33,3	108			
26/10/2006	01	9	0,2	52	54	49,9	134			
26/10/2006	02	9	0,2	20	45	98,1	76			
26/10/2006	03	12	0,2	49	48	91,2	123			
26/10/2006	04	14	0,3	53	47	89,7	128			
26/10/2006	05	14	0,3	8	34	82,5	46			
26/10/2006	06	14	0,4	12	32	43,5	50			
26/10/2006	07	19	0,4	96	50	70,7	197			
26/10/2006	08	19	0,5	91	51	71	191			
26/10/2006	09	18	0,4	26	35	98,5	75			
26/10/2006	10	12	0,4	25	37	65,4	76			
26/10/2006	11	10	0,4	13	30	63,7	51			
26/10/2006	12	10	0,3	7	26	43	37			
26/10/2006	13	8	0,3	9	24	28	37			
26/10/2006	14	8	0,4	5	17	19,7	24			
26/10/2006	15	6	0,4	8	40	30,1	52			
26/10/2006	16	5	0,3	3	25	26,3	30			
26/10/2006	17	4	0,3	3	19	27	22			
26/10/2006	18	3	0,4	2	25	29,2	26			
26/10/2006	19	4	0,5	6	38	33,4	47			
26/10/2006	20	3	0,5	7	43	47,4	53			
26/10/2006	21	7	0,6	81	60	47	185			
26/10/2006	22	5	0,5	30	52	57,4	98			
26/10/2006	23	5	0,5	23	46	64,4	81			
27/10/2006	00	6	0,5	19	46	47	74			
27/10/2006	01	5	0,4	5	41	34	48			
27/10/2006	02	9	0,5	46	46	41,1	116			
27/10/2006	03	9	0,6	28	41	89,6	84			
27/10/2006	04	13	0,6	52	47	66,4	127			
27/10/2006	05	17	0,6	105	56	65,5	217			
27/10/2006	06	18	0,5	90	58	104,2	196			
27/10/2006	07	25	0,7	193	69	111,1	365			
27/10/2006	08	22	0,7	90	56	161,6	194			
27/10/2006	09	20	0,5	62	52	150,3	148			
27/10/2006	10	11	0,4	10	28	110,3	43			
27/10/2006	11	6	0,3	2	15	55,3	18			
27/10/2006	12	5	0,4	5	20	46,5	27			
27/10/2006	13	5	0,4	4	21	49	27			
27/10/2006	14	4	0,3	4	22	44,5	29			
27/10/2006	15	4	0,3	3	13	51,9	17			
27/10/2006	16	4	0,3	4	15	43,1	20			
27/10/2006	17	3	0,3	3	14	42,3	17			
27/10/2006	18	4	0,4	2	16	38,1	19			
27/10/2006	19	3	0,4	2	20	38	23			
27/10/2006	20	3	0,4	2	25	48	27			
27/10/2006	21	3	0,6	2	34	52,6	35			
27/10/2006	22	3	0,5	4	47	52,3	52			
27/10/2006	23	4	0,5	36	56	65	111			
28/10/2006	00	8	0,5	104	67	87,2	226			
28/10/2006	01	4	0,5	5	44	78,6	50			
28/10/2006	02	5	0,4	16	46	78,2	71			
28/10/2006	03	17	0,4	210	72	127,7	394			
28/10/2006	04	19	0,4	221	73	121,4	412			
28/10/2006	05	16	0,6	155	64	131,5	302			
28/10/2006	06	14	0,4	92	56	117,7	197			
28/10/2006	07	13	0,5	41	49	131,9	112			
28/10/2006	08	18	0,4	89	60	146,7	197			
28/10/2006	09	19	0,4	40	49	174,3	110			
28/10/2006	10	18	0,4	53	50	122	132			
28/10/2006	11	12	0,3	4	24	73,5	30			
28/10/2006	12	10	0,3	6	25	48,3	34			
28/10/2006	13	7	0,3	3	11	54,7	15			
28/10/2006	14	6	0,3	2	10	53,3	12			
28/10/2006	15	5	0,3	2	12	48,3	13			
28/10/2006	16	4	0,3	2	15	49,9	16			
28/10/2006	17	4	0,3	2	16	43,1	17			
28/10/2006	18	3	0,4	2	20	42,2	21			
28/10/2006	19	3	0,4	2	25	40,9	26			
28/10/2006	20	3	0,4	2	31	47,5	32			
28/10/2006	21	3	0,5	2	52	52,4	52			
28/10/2006	22	4	0,5	19	60	62,8	89			
28/10/2006	23	6	0,4	5	50	100,7	57			
29/10/2006	00	9	0,4	8	49	49,7	60			
29/10/2006	01	14	0,4	67	58	56,7	162			
29/10/2006	02	9	0,5	12	53	62,7	72			
29/10/2006	03	18	0,4	164	71	65,5	323			
29/10/2006	04	28	0,3	67	62	83,4	165			
29/10/2006	05	27	0,3	92	62	59	203			
29/10/2006	06	31	0,3	19	54	57,3	82			
29/10/2006	07	40	0,3	46	61	46,7	131			
29/10/2006	08	21	0,2	7	41	50,6	52			
29/10/2006	09	16	0,3	6	32	47,6	41			
29/10/2006	10	16	0,3	13	39	47,2	60			
29/10/2006	11	17	0,3	13	43	53,8	62			
29/10/2006	12	11	0,3	4	28	47,5	34			
29/10/2006	13	11	0,2	2	21	43,9	22			
29/10/2006	14	11	0,2	2	19	28,7	20			
29/10/2006	15	7	0,3	2	15	24,2	16			
29/10/2006	16	7	0,3	2	14	30,1	15			
29/10/2006	17	5	0,2	2	25	28,7	26			
29/10/2006	18	4	0,3	2	35	36,4	36			
29/10/2006	19	4	0,5	2	44	32,1	46			
29/10/2006	20	4	0,5	3	64	41,5	67			
29/10/2006	21	4	0,7	18	64	46,9	90			
29/10/2006	22	7	0,8	35	69	51,7	123			
29/10/2006	23	20	0,4	85	68	60,7	197			
30/10/2006	00	39	0,3	235	85	58,3	446			
30/10/2006	01	30	0,3	129	68	60,8	265			
30/10/2006	02	20	0,3	19	59	63,6	89			
30/10/2006	03	12	0,3	4	62	46,1	68			
30/10/2006	04	9	0,3	6	46	47,4	54			
30/10/2006	05	20	0,3	157	67	46,6	308			
30/10/2006	06	31	0,4	266	70	72,7	479			
30/10/2006	07	33	0,9	340	96	92,9	617			
30/10/2006	08	27	0,6	85	63	135,6	192			
30/10/2006	09	23	0,7	90	74	143	211			
30/10/2006	10	39	0,7	69	80	118,9	187			
30/10/2006	11	91	0,4	24	60	92,6	96			
30/10/2006	12	203	0,3	16	54	66,4	78			
30/10/2006	13	247	0,3	8	51	50,1	63			
30/10/2006	14	129	0,3	5	22	48	28			
30/10/2006	15	20	0,2	2	15	35	17			
30/10/2006	16	13	0,3	3	25	28,9	28			
30/10/2006	17	9	0,3	2	35	33	38			
30/10/2006	18	8	0,3	6	46	42,3	55			
30/10/2006	19	7	0,3	4	42	51,5	48			
30/10/2006	20	5	0,4	4	34	51,6	39			
30/10/2006	21	6	0,6	20	61	54,5	92			
30/10/2006	22	8	0,4	65	55	67,8	154			
30/10/2006	23	9	0,4	34	45	103,6	97			
31/10/2006	00	13	0,4	53	47	97,8	129			
31/10/2006	01	15	0,4	41	42	84	105			
31/10/2006	02	14	0,4	35	43	83,1	98			
31/10/2006	03	12	0,3	22	49	81	82			
31/10/2006	04	35	0,3	294	83	70,8	534			
31/10/2006	05	35	0,3	307	80	131,2	550			
31/10/2006	06	35	0,5	272	77	132,5	494			
31/10/2006	07	35	0,6	93	52	137,9	195			
31/10/2006	08	41	0,7	248	78	111,4	459			
31/10/2006	09	36	0,5	211	72	209,7	394			
31/10/2006	10	19	0,3	27	48	122,4	89			
31/10/2006	11	16	0,2	3	19	75,5	22			
31/10/2006	12	14	0,3	2	18	45,1	20			
31/10/2006	13	18	0,3	3	26	42,2	30			
31/10/2006	14	26	0,3	4	25	42,2	31			
31/10/2006	15	26	0,2	3	30	45,3	34			
31/10/2006	16	16	0,2	3	23	40,2	26			
31/10/2006	17	10	0,2	2	20	42,5	21			
31/10/2006	18	7	0,4	5	42	42,1	49			
31/10/2006	19	6	0,5	2	28	52,4	29			
31/10/2006	20	6	0,6	13	51	52,3	70			
31/10/2006	21	6	0,5	16	58	74,2	81			
31/10/2006	22	7	0,6	37	62	90,2	118			
31/10/2006	23	9	0,7	37	58	102,5	115			
01/11/2006	00	8	0,5	16	56	89,9	80			
01/11/2006	01	10	0,5	52	58	77,6	137			
01/11/2006	02	9	0,5	32	54	89,7	103			
01/11/2006	03	13	0,4	92	58	88,9	200			
01/11/2006	04	21	0,3	143	64	122,3	284			
01/11/2006	05	30	0,3	152	66	137,5	299			
01/11/2006	06	27	0,3	100	59	83,9	212			
01/11/2006	07	28	0,3	19	55	105,4	83			
01/11/2006	08	26	0,3	15	46	66,1	69			
01/11/2006	09	20	0,3	10	33	51,4	48			
01/11/2006	10	9	0,3	3	19	47,3	22			
01/11/2006	11	8	0,3	2	11	39,5	13			
01/11/2006	12	7	0,3	2	14	37,7	15			
01/11/2006	13	6	0,3	2	10	33,1	12			
01/11/2006	14	6	0,2	2	6	28,5	8			
01/11/2006	15	6	0,2	2	12	34,5	13			
01/11/2006	16	5	0,2	2	11	35,2	13			
01/11/2006	17	4	0,3	2	11	36,5	11			
01/11/2006	18	4	0,3	2	11	37,9	12			
01/11/2006	19	3	0,3	2	31	43,6	31			
01/11/2006	20	4	0,3	2	22	51,2	23			
01/11/2006	21	4	0,4	2	41	44,1	42			
01/11/2006	22	4	0,6	4	69	56,1	74			
01/11/2006	23	10	0,4	112	71	55,9	243			
02/11/2006	00	11	0,3	105	72	100,1	233			
02/11/2006	01	11	0,3	25	58	102	96			
02/11/2006	02	18	0,3	36	55	99,8	109			
02/11/2006	03	27	0,2	198	66	87,2	370			
02/11/2006	04	18	0,3	84	52	71,6	181			
02/11/2006	05	14	0,4	12	38	76,5	55			
02/11/2006	06	16	0,4	30	45	49,2	90			
02/11/2006	07	20	0,5	99	56	70,3	208			
02/11/2006	08	14	0,4	22	51	70,3	85			
02/11/2006	09	11	0,3	8	33	45	43			
02/11/2006	10	10	0,2	3	26	19,3	29			
02/11/2006	11	12	0,2	2	23	15,8	24			
02/11/2006	12	10	0,2	2	21	18,8	23			
02/11/2006	13	8	0,2	2	19	17,4	19			
02/11/2006	14	6	0,2	2	15	17,5	15			
02/11/2006	15	5	0,2	2	17	19,5	17			
02/11/2006	16	4	0,2	2	16	12,4	16			
02/11/2006	17	4	0,2	2	25	13,3	25			
02/11/2006	18	4	0,3	5	46	19,3	53			
02/11/2006	19	4	0,4	4	57	27,5	62			
02/11/2006	20	4	0,3	2	29	33,6	29			
02/11/2006	21	4	0,3	2	18	18,6	19			
02/11/2006	22	4	0,3	2	28	16,4	28			
02/11/2006	23	4	0,3	2	23	18,1	24			
03/11/2006	00	3	0,2	2	11	8,8	11			
03/11/2006	01	3	0,2	2	8	13,7	9			
03/11/2006	02	3	0,2	2	7	15,9	7			
03/11/2006	03	3	0,2	2	6	5,7	7			
03/11/2006	04	3	0,2	2	8	5,4	8			
03/11/2006	05	3	0,2	2	9	7,2	10			
03/11/2006	06	3	0,2	2	10	12,7	10			
03/11/2006	07	3	0,3	2	32	9,6	33			
03/11/2006	08	3	0,3	2	36	15,9	37			
03/11/2006	09	3	0,3	2	32	9,7	32			
03/11/2006	10	3	0,3	3	44	11,9	49			
03/11/2006	11	3	0,3	5	44	15,7	50			
03/11/2006	12	3	0,3	2	41	23,9	43			
03/11/2006	13	3	0,3	2	40	27,6	41			
03/11/2006	14	3	0,3	2	17	27,5	18			
03/11/2006	15	3	0,2	2	26	22,3	29			
03/11/2006	16	3	0,3	2	33	16	35			
03/11/2006	17	4	0,3	8	50	20,6	62			
03/11/2006	18	4	0,4	19	52	17,7	81			
03/11/2006	19	4	0,4	30	52	25,8	98			
03/11/2006	20	4	0,4	7	41	12,9	51			
03/11/2006	21	3	0,3	3	33	16,6	37			
03/11/2006	22	4	0,3	11	35	16,6	51			
03/11/2006	23	5	0,3	16	39	17,6	64			
04/11/2006	00	4	0,3	2	24	31	26			
04/11/2006	01	3	0,2	2	15	6,6	17			
04/11/2006	02	4	0,3	2	15	4	18			
04/11/2006	03	3	0,2	2	13	4,4	15			
04/11/2006	04	3	0,2	2	8	6,8	10			
04/11/2006	05	3	0,2	3	7	8,1	11			
04/11/2006	06	3	0,2	2	12	8,1	14			
04/11/2006	07	3	0,3	2	13	9,2	15			
04/11/2006	08	3	0,3	3	16	22	20			
04/11/2006	09	3	0,4	2	16	13,1	18			
04/11/2006	10	5	0,4	44	47	15	116			
04/11/2006	11	3	0,4	2	20	21,7	23			
04/11/2006	12	3	0,4	2	20	17,3	23			
04/11/2006	13	3	0,4	2	16	13,7	19			
04/11/2006	14	3	0,5	2	24	2,2	25			
04/11/2006	15	3	0,4	2	23	4,4	25			
04/11/2006	16	3	0,4	3	25	7,6	30			
04/11/2006	17	3	0,4	3	26	11,5	29			
04/11/2006	18	3	0,6	19	51	12,9	81			
04/11/2006	19	3	0,5	2	41	28,9	43			
04/11/2006	20	3	0,5	2	46	34,8	49			
04/11/2006	21	4	0,6	19	44	26	72			
04/11/2006	22	3	0,6	3	42	30,9	45			
04/11/2006	23	3	0,4	2	22	16,2	24			
05/11/2006	00	3	0,4	2	20	21,5	22			
05/11/2006	01	3	0,4	21	39	28,8	70			
05/11/2006	02	4	0,3	27	41	35,3	82			
05/11/2006	03	4	0,3	26	30	37,8	68			
05/11/2006	04	5	0,3	40	52	32,7	113			
05/11/2006	05	4	0,3	3	17	44,8	21			
05/11/2006	06	4	0,3	7	36	18,5	46			
05/11/2006	07	4	0,3	2	26	28,1	29			
05/11/2006	08	3	0,2	2	13	23,2	14			
05/11/2006	09	3	0,2	2	14	12,7	16			
05/11/2006	10	3	0,2	2	10	11,6	12			
05/11/2006	11	3	0,2	2	5	9,2	7			
05/11/2006	12	3	0,2	2	5	14,3	7			
05/11/2006	13	3	0,2	2	6	6,1	7			
05/11/2006	14	3	0,3	2	6	6	9			
05/11/2006	15	3	0,2	2	7	5,7	9			
05/11/2006	16	3	0,2	3	5	4	8			
05/11/2006	17	3	0,3	3	12	13,7	16			
05/11/2006	18	3	0,5	2	26	7,4	28			
05/11/2006	19	3	0,4	2	27	22,3	29			
05/11/2006	20	3	0,5	2	38	15,4	40			
05/11/2006	21	5	0,4	44	54	25,1	121			
05/11/2006	22	6	0,4	62	54	47,7	149			
05/11/2006	23	11	0,3	130	63	46,7	263			
06/11/2006	00	7	0,3	16	40	54,5	65			
06/11/2006	01	9	0,3	6	41	30,6	49			
06/11/2006	02	12	0,3	3	35	40,6	40			
06/11/2006	03	12	0,3	8	37	69,8	49			
06/11/2006	04	15	0,4	7	36	128,9	47			
06/11/2006	05	12	0,4	4	25	101,4	31			
06/11/2006	06	10	0,3	10	33	40,1	48			
06/11/2006	07	16	0,4	56	47	83,5	134			
06/11/2006	08	18	0,5	48	42	134,3	115			
06/11/2006	09	15	0,5	48	43	122,7	117			
06/11/2006	10	14	0,4	38	46	81,1	105			
06/11/2006	11	8	0,3	3	17	57,5	20			
06/11/2006	12	6	0,3	2	14	22,6	16			
06/11/2006	13	4	0,3	2	8	16,5	11			
06/11/2006	14	4	0,3	2	11	6,4	13			
06/11/2006	15	4	0,3	3	9	14,9	12			
06/11/2006	16	4	0,3	2	17	10,9	20			
06/11/2006	17	4	0,3	3	20	19,7	24			
06/11/2006	18	4	0,5	6	56	19,7	64			
06/11/2006	19	4	0,6	12	66	33,2	85			
06/11/2006	20	3	0,7	8	65	37,3	77			
06/11/2006	21	4	0,7	15	69	30,8	91			
06/11/2006	22	5	0,6	32	64	38,8	112			
06/11/2006	23	6	0,5	27	50	38,3	91			
07/11/2006	00	6	0,4	4	48	26,1	53			
07/11/2006	01	8	0,4	11	47	19,8	63			
07/11/2006	02	11	0,4	63	58	20,8	154			
07/11/2006	03	10	0,3	13	44	64,1	62			
07/11/2006	04	8	0,3	2	26	30,8	29			
07/11/2006	05	8	0,4	22	45	17,8	79			
07/11/2006	06	10	0,6	26	48	49,5	88			
07/11/2006	07	8	0,5	11	35	36	51			
07/11/2006	08	9	0,8	44	59	31,8	126			
07/11/2006	09	6	0,5	10	37	54,4	52			
07/11/2006	10	5	0,4	4	22	41	28			
07/11/2006	11	4	0,4	3	18	20,9	22			
07/11/2006	12	3	0,4	2	10	16,4	12			
07/11/2006	13	3	0,4	3	19	8,8	23			
07/11/2006	14	3	0,4	3	14	5,5	17			
07/11/2006	15	3	0,4	3	10	3	14			
07/11/2006	16	3	0,4	3	11	9,8	16			
07/11/2006	17	3	0,4	4	13	19,5	19			
07/11/2006	18	3	0,4	4	19	17,8	25			
07/11/2006	19	3	0,4	3	13	11,9	18			
07/11/2006	20	3	0,4	3	10	8,4	14			
07/11/2006	21	3	0,4	2	7	12,1	10			
07/11/2006	22	3	0,4	2	8	14,1	10			
07/11/2006	23	3	0,4	2	6	8,1	8			
08/11/2006	00	3	0,4	2	5	6,6	7			
08/11/2006	01	3	0,3	2	5	13,1	7			
08/11/2006	02	3	0,3	3	5	20,7	8			
08/11/2006	03	3	0,3	2	6	16,9	9			
08/11/2006	04	3	0,3	3	8	14,3	11			
08/11/2006	05	3	0,3	2	11	14,6	14			
08/11/2006	06	3	0,3	2	15	9	18			
08/11/2006	07	3	0,4	4	30	12,5	36			
08/11/2006	08	3	0,5	5	42	11,9	48			
08/11/2006	09	3	0,5	2	30	11,1	34			
08/11/2006	10	3	0,5	5	37	21,6	44			
08/11/2006	11	5	0,5	67	64	23,8	167			
08/11/2006	12	3	0,5	25	54	39	92			
08/11/2006	13	3	0,5	7	47	23,9	58			
08/11/2006	14	3	0,6	5	33	20,9	40			
08/11/2006	15	3	0,5	4	27	12,9	33			
08/11/2006	16	3	0,5	4	30	25,3	35			
08/11/2006	17	3	0,6	4	41	21,1	48			
08/11/2006	18	3	0,7	8	55	25,3	67			
08/11/2006	19	3	0,7	7	50	35,6	60			
08/11/2006	20	3	0,8	11	57	25,9	73			
08/11/2006	21	3	0,6	25	54	33,8	93			
08/11/2006	22	3	0,6	13	52	43,5	71			
08/11/2006	23	3	0,5	11	45	42,4	61			
09/11/2006	00	7	0,5	86	61	34,6	194			
09/11/2006	01	6	0,5	34	51	73,8	102			
09/11/2006	02	7	0,5	9	45	96,8	59			
09/11/2006	03	11	0,5	50	52	93,3	129			
09/11/2006	04	17	0,4	126	61	86,9	255			
09/11/2006	05	12	0,5	16	39	85,8	64			
09/11/2006	06	17	0,5	91	53	78,6	192			
09/11/2006	07	19	0,6	101	52	88,9	206			
09/11/2006	08	20	0,7	62	50	137,3	146			
09/11/2006	09	16	0,5	34	38	129,8	90			
09/11/2006	10	14	0,5	44	41	72,3	108			
09/11/2006	11	14	0,5	40	45	95,3	107			
09/11/2006	12	9	0,5	16	31	70,3	55			
09/11/2006	13	6	0,4	7	26	51,5	37			
09/11/2006	14	6	0,4	3	11	31,9	15			
09/11/2006	15	4	0,4	3	8	24,2	12			
09/11/2006	16	4	0,4	2	6	27,2	9			
09/11/2006	17	4	0,4	4	18	30,8	24			
09/11/2006	18	4	0,7	10	47	39,3	62			
09/11/2006	19	5	1	28	58	56,4	102			
09/11/2006	20	6	1	56	64	60,9	150			
09/11/2006	21	5	0,7	38	54	68	111			
09/11/2006	22	9	0,7	103	54	81	211			
09/11/2006	23	12	0,6	118	50	116,9	232			
10/11/2006	00	14	0,6	102	42	113,1	199			
10/11/2006	01	16	0,5	92	37	130,1	179			
10/11/2006	02	22	0,5	136	42	140,3	250			
10/11/2006	03	21	0,5	45	26	150,5	96			
10/11/2006	04	29	0,5	181	42	160,1	320			
10/11/2006	05	22	0,5	24	21	139,8	57			
10/11/2006	06	24	0,5	55	27	95	112			
10/11/2006	07	22	0,6	40	28	148,4	89			
10/11/2006	08	27	0,8	89	38	116	175			
10/11/2006	09	27	0,7	59	29	157	119			
10/11/2006	10	24	0,6	81	39	91,6	163			
10/11/2006	11	24	0,5	27	20	75	61			
10/11/2006	12	22	0,4	8	10	47,6	23			
10/11/2006	13	13	0,5	9	11	30,8	24			
10/11/2006	14	8	0,5	9	11	30,5	24			
10/11/2006	15	7	0,4	4	7	35,1	14			
10/11/2006	16	6	0,4	4	7	23,3	13			
10/11/2006	17	5	0,4	4	27	29,2	33			
10/11/2006	18	6	0,8	44	55	39	122			
10/11/2006	19	6	1,2	62	62	66,6	157			
10/11/2006	20	10	1,8	129	69	93,8	268			
10/11/2006	21	13	1,6	151	62	120,8	293			
10/11/2006	22	6	0,7	41	40	109,1	103			
10/11/2006	23	15	0,6	28	37	80,6	79			
11/11/2006	00	21	0,5	70	36	70,4	142			
11/11/2006	01	18	0,4	7	18	101,3	30			
11/11/2006	02	14	0,5	5	10	36,7	17			
11/11/2006	03	11	0,4	4	9	27,9	15			
11/11/2006	04	12	0,4	26	20	23,1	60			
11/11/2006	05	16	0,4	95	26	56,4	172			
11/11/2006	06	23	0,5	186	47	30,9	332			
11/11/2006	07	29	0,5	186	40	98,8	324			
11/11/2006	08	29	0,5	245	45	75	421			
11/11/2006	09	30	0,5	123	33	94,3	221			
11/11/2006	10	30	0,5	123	35	97,7	224			
11/11/2006	11	60	0,4	9	11	72,6	24			
11/11/2006	12	41	0,4	9	12	38,2	26			
11/11/2006	13	23	0,4	5	8	34,8	16			
11/11/2006	14	12	0,4	5	8	33,7	15			
11/11/2006	15	8	0,3	3	21	33,6	25			
11/11/2006	16	8	0,3	2	22	29,6	24			
11/11/2006	17	7	0,4	2	41	32,8	44			
11/11/2006	18	7	0,5	10	54	34,7	69			
11/11/2006	19	7	0,7	7	57	39,4	68			
11/11/2006	20	7	0,7	10	58	65,6	73			
11/11/2006	21	17	0,8	172	72	63,9	335			
11/11/2006	22	20	0,8	93	62	85,8	205			
11/11/2006	23	26	0,5	13	41	108,5	61			
12/11/2006	00	28	0,5	35	46	65,9	100			
12/11/2006	01	33	0,5	70	52	71,2	160			
12/11/2006	02	36	0,4	57	49	92,7	137			
12/11/2006	03	31	0,3	147	56	54,5	281			
12/11/2006	04	23	0,3	43	39	54,8	104			
12/11/2006	05	13	0,2	4	15	33,2	19			
12/11/2006	06	18	0,3	44	44	12,6	112			
12/11/2006	07	21	0,3	66	49	27,3	152			
12/11/2006	08	21	0,3	37	46	58,4	102			
12/11/2006	09	26	0,2	83	51	101,2	178			
12/11/2006	10	17	0,3	14	27	79,4	48			
12/11/2006	11	10	0,3	2	8	45,6	9			
12/11/2006	12	8	0,3	3	19	23,8	23			
12/11/2006	13	10	0,3	2	15	19,6	18			
12/11/2006	14	8	0,2	2	11	16	13			
12/11/2006	15	9	0,2	2	10	12,6	10			
12/11/2006	16	10	0,2	2	13	20,7	15			
12/11/2006	17	9	0,2	2	12	13,6	13			
12/11/2006	18	9	0,4	5	34	25,8	41			
12/11/2006	19	10	0,6	22	56	31,9	89			
12/11/2006	20	11	0,6	27	59	36,8	100			
12/11/2006	21	12	0,6	34	52	51,5	105			
12/11/2006	22	13	0,5	8	43	42,4	55			
12/11/2006	23	14	0,3	11	28	38,3	45			
13/11/2006	00	15	0,4	2	23	23,4	24			
13/11/2006	01	20	0,2	5	25	13,6	30			
13/11/2006	02	23	0,3	13	30	22,7	49			
13/11/2006	03	13	0,4	2	27	19,1	28			
13/11/2006	04	12	0,3	2	11	26,3	12			
13/11/2006	05	12	0,3	2	14	15,6	15			
13/11/2006	06	8	0,3	2	15	12,9	16			
13/11/2006	07	7	0,2	2	26	12,8	28			
13/11/2006	08	12	0,3	23	49	23,9	84			
13/11/2006	09	18	0,3	55	52	62,7	136			
13/11/2006	10	11	0,2	11	34	61,2	51			
13/11/2006	11	11	0,3	4	25	33,9	30			
13/11/2006	12	7	0,2	2	19	23,9	22			
13/11/2006	13	7	0,2	2	18	9,7	20			
13/11/2006	14	5	0,3	3	15	8,2	19			
13/11/2006	15	5	0,3	6	34	12,7	42			
13/11/2006	16	6	0,3	4	37	17	43			
13/11/2006	17	5	0,4	12	48	18,3	66			
13/11/2006	18	7	0,6	45	67	18,1	137			
13/11/2006	19	9	0,8	84	76	40,9	204			
13/11/2006	20	13	1,1	91	73	63,3	213			
13/11/2006	21	20	0,7	88	66	75,3	201			
13/11/2006	22	20	0,5	37	55	99,2	113			
13/11/2006	23	24	0,4	47	57	67,8	128			
14/11/2006	00	22	0,3	27	50	115,4	92			
14/11/2006	01	27	0,3	53	57	99,9	138			
14/11/2006	02	32	0,4	45	57	128,6	126			
14/11/2006	03	35	0,3	79	57	173,1	179			
14/11/2006	04	40	0,3	153	71	143,8	306			
14/11/2006	05	40	0,4	138	70	115,7	281			
14/11/2006	06	40	0,4	116	70	136	248			
14/11/2006	07	38	0,5	145	70	172,3	291			
14/11/2006	08	37	0,5	156	72	117,3	311			
14/11/2006	09	38	0,6	111	67	160,6	237			
14/11/2006	10	36	0,5	56	51		136			
14/11/2006	11		0,2	14	33		54			
14/11/2006	12	15	0,2	4	22	53,5	28			
14/11/2006	13	10	0,3	3	18	32,7	23			
14/11/2006	14	9	0,3	4	18	27,6	23			
14/11/2006	15	8	0,2	3	21	17,3	24			
14/11/2006	16	7	0,2	6	36	15,8	45			
14/11/2006	17	6	0,3	8	45	25,9	57			
14/11/2006	18	7	0,6	34	65	54,7	116			
14/11/2006	19	10	1	74	77	72	190			
14/11/2006	20	22	0,6	188	86	83,8	376			
14/11/2006	21	29	0,6	123	76	128,2	265			
14/11/2006	22	28	0,4	33	56	225,6	107			
14/11/2006	23	27	0,4	30	54	185,2	101			
15/11/2006	00	30	0,3	32	53	228,3	103			
15/11/2006	01	34	0,3	41	55	213,3	117			
15/11/2006	02	35	0,3	39	53	204,4	113			
15/11/2006	03	34	0,3	27	48	248,9	90			
15/11/2006	04	27	0,3	21	43	162,2	75			
15/11/2006	05	26	0,3	21	46	101,2	78			
15/11/2006	06	19	0,3	5	41	119,3	49			
15/11/2006	07	14	0,3	9	37	45	51			
15/11/2006	08	12	0,4	25	39	35,5	78			
15/11/2006	09	15	0,4	29	40	62	85			
15/11/2006	10	21	0,4	40	48	90,8	109			
15/11/2006	11	22	0,3	40	41	148,6	102			
15/11/2006	12	13	0,2	2	18	59,6	20			
15/11/2006	13	9	0,3	2	14	26,2	16			
15/11/2006	14	7	0,3	2	10	20,4	12			
15/11/2006	15	6	0,2	3	6	16,2	9			
15/11/2006	16	5	0,2	2	9	11,2	11			
15/11/2006	17	5	0,3	5	32	17,1	39			
15/11/2006	18	6	0,5	18	62	31,3	90			
15/11/2006	19	7	0,8	30	65	43,2	111			
15/11/2006	20	11	0,6	51	53	72,3	132			
15/11/2006	21	23	0,5	88	58	97,3	194			
15/11/2006	22	29	0,4	40	50	175,8	112			
15/11/2006	23	28	0,4	21	40	168,6	72			
16/11/2006	00	31	0,5	25	40	184,4	78			
16/11/2006	01	27	0,4	8	34	195,3	46			
16/11/2006	02	29	0,4	124	54	84,4	244			
16/11/2006	03	32	0,5	76	49	91,5	165			
16/11/2006	04	28	0,5	31	45	119,4	93			
16/11/2006	05	34	0,7	38	41	198,3	99			
16/11/2006	06	37	0,6	38	46	168,8	105			
16/11/2006	07	39	0,6	50	47	183,2	124			
16/11/2006	08	27	0,6	33	38	168,6	89			
16/11/2006	09	28	0,6	65	49	95,1	148			
16/11/2006	10	28	0,5	112	56	158,3	226			
16/11/2006	11	26	0,6	39	48	99,6	107			
16/11/2006	12	21	0,3	8	29	107,5	41			
16/11/2006	13	13	0,3	4	11	51,4	16			
16/11/2006	14	10	0,3	3	13	33,1	17			
16/11/2006	15	8	0,3	4	22	37,9	27			
16/11/2006	16	7	0,3	3	17	37,2	20			
16/11/2006	17	7	0,3	3	18	42,7	22			
16/11/2006	18	6	0,4	6	38	41,4	47			
16/11/2006	19	7	0,5	21	54	45,1	87			
16/11/2006	20	8	0,7	25	50	52,1	88			
16/11/2006	21	8	0,6	26	51	46,8	90			
16/11/2006	22	9	0,6	39	48	47,5	108			
16/11/2006	23	10	0,6	35	46	67,7	99			
17/11/2006	00	9	0,5	20	36	64,7	66			
17/11/2006	01	8	0,4	24	32	48,6	68			
17/11/2006	02	9	0,5	32	27	59,6	75			
17/11/2006	03	8	0,3	18	22	66	50			
17/11/2006	04	9	0,4	21	27	49,3	60			
17/11/2006	05	14	0,5	46	34	67,8	104			
17/11/2006	06	20	0,5	32	36	110	84			
17/11/2006	07	14	0,3	6	30	57,1	39			
17/11/2006	08	10	0,4	20	42	32,6	73			
17/11/2006	09	11	0,4	28	43	37,8	85			
17/11/2006	10	8	0,2	7	15	50,1	25			
17/11/2006	11	7	0,2	7	18	20,2	29			
17/11/2006	12	7	0,3	6	20	24,2	29			
17/11/2006	13	5	0,2	3	7	22,8	11			
17/11/2006	14	5	0,2	2	5	17,4	8			
17/11/2006	15	6	0,2	4	27	6,7	33			
17/11/2006	16	6	0,2	4	30	15,5	36			
17/11/2006	17	5	0,2	6	44	14,8	54			
17/11/2006	18	5	0,3	12	56	21,5	74			
17/11/2006	19	7	0,4	38	63	30,1	121			
17/11/2006	20	17	0,4	91	66	100,7	206			
17/11/2006	21	13	0,2	7	33	128,9	42			
17/11/2006	22	14	0,1	2	29	45,4	30			
17/11/2006	23	7	0,1	2	35	19,9	35			
18/11/2006	00	8	0,1	2	30	31,3	31			
18/11/2006	01	11	0,2	5	38	17,6	43			
18/11/2006	02	12	0,2	14	52	46,5	74			
18/11/2006	03	20	0,2	52	60	54,7	140			
18/11/2006	04	20	0,3	51	55	111	134			
18/11/2006	05	20	0,2	38	54	76	113			
18/11/2006	06	13	0,4	13	47	59,3	67			
18/11/2006	07	20	0,3	71	61	53	170			
18/11/2006	08	30	0,3	214	74	96,1	402			
18/11/2006	09	33	0,4	104	67	78,4	227			
18/11/2006	10	26	0,5	24	50	104,6	87			
18/11/2006	11	12	0,2	7	32	53,1	42			
18/11/2006	12	18	0,2	7	33	26,5	45			
18/11/2006	13	20	0,2	6	29	21,5	38			
18/11/2006	14	30	0,2	7	33	13,2	44			
18/11/2006	15	28	0,1	4	27	12,6	33			
18/11/2006	16	14	0,1	3	29	6,9	34			
18/11/2006	17	9	0,2	5	33	10,8	40			
18/11/2006	18	8	0,3	8	55	17,3	67			
18/11/2006	19	8	0,4	17	58	25,3	85			
18/11/2006	20	17	0,4	32	56	35,9	104			
18/11/2006	21	25	0,3	115	66	75,3	243			
18/11/2006	22	24	0,3	75	65	92,2	180			
18/11/2006	23	27	0,2	30	55	125,7	100			
19/11/2006	00	21	0,2	7	43	136,8	52			
19/11/2006	01	20	0,2	12	46	53	64			
19/11/2006	02	23	0,2	108	60	118,5	225			
19/11/2006	03	23	0,2	127	64	58,9	259			
19/11/2006	04	31	0,2	209	75	43,8	396			
19/11/2006	05	33	0,2	160	72	48	317			
19/11/2006	06	32	0,2	139	69	46,6	283			
19/11/2006	07	29	0,2	157	66	44,8	307			
19/11/2006	08	27	0,2	20	48	43,3	77			
19/11/2006	09	26	0,2	17	38	36,6	63			
19/11/2006	10	21	0,2	36	44	20,8	98			
19/11/2006	11	12	0,2	17	29	13,6	55			
19/11/2006	12	8	0,1	3	17	7,5	21			
19/11/2006	13	8	0,2	3	19	16,8	24			
19/11/2006	14	6	0,2	2	13	11,9	14			
19/11/2006	15	5	0,2	3	15	3,5	18			
19/11/2006	16	5	0,2	2	12	5,1	14			
19/11/2006	17	4	0,3	4	25	14,5	29			
19/11/2006	18	4	0,6	7	47	13,7	57			
19/11/2006	19	6	0,6	29	59	31,3	103			
19/11/2006	20	19	0,5	160	70	41	315			
19/11/2006	21	31	0,4	191	76	79,2	369			
19/11/2006	22	34	0,3	208	72	87,9	391			
19/11/2006	23	25	0,2	131	59	68,6	261			
20/11/2006	00	13	0,2	7	44	57	53			
20/11/2006	01	20	0,2	27	49	68,7	90			
20/11/2006	02	11	0,2	4	37	107	42			
20/11/2006	03	15	0,2	20	40	27,5	71			
20/11/2006	04	20	0,2	20	49	127,5	78			
20/11/2006	05	22	0,2	33	54	147,6	105			
20/11/2006	06	18	0,2	21	48	92,9	80			
20/11/2006	07	19	0,2	39	52	44,3	113			
20/11/2006	08	19	0,3	111	64	157,6	234			
20/11/2006	09	17	0,2	88	59	143,9	194			
20/11/2006	10	12	0,1	32	40	183,2	88			
20/11/2006	11	9	0,1	19	31	71,2	60			
20/11/2006	12	4	0,1	5	19	46	26			
20/11/2006	13	5	0,1	7	25	22,9	36			
20/11/2006	14	5	0,1	3	19	11,3	23			
20/11/2006	15	4	0,1	3	18	10,8	22			
20/11/2006	16	5	0,1	5	29	11,7	37			
20/11/2006	17	5	0,2	17	47	24,7	73			
20/11/2006	18	6	0,4	36	57	41,1	112			
20/11/2006	19	20	0,7	182	83	55,9	361			
20/11/2006	20	26	0,6	135	73	112,3	281			
20/11/2006	21	32	0,3	203	80	158,4	391			
20/11/2006	22	19	0,3	31	51	142	98			
20/11/2006	23	21	0,1	58	60	105,8	148			
21/11/2006	00	23	0,1	134	68	102,9	273			
21/11/2006	01	22	0,1	131	60	79,4	260			
21/11/2006	02	20	0,1	76	59	114,1	174			
21/11/2006	03	18	0,1	54	52	144,1	134			
21/11/2006	04	15	0,1	54	47	94,6	129			
21/11/2006	05	17	0,2	20	52	88,7	82			
21/11/2006	06	13	0,3	9	46	127,3	58			
21/11/2006	07	13	0,4	22	48	42,2	82			
21/11/2006	08	17	0,7	88	61	37,1	195			
21/11/2006	09	23	0,7	128	67	80,8	263			
21/11/2006	10	16	0,4	57	55	113,5	142			
21/11/2006	11	14	0,3	47	49	68,2	121			
21/11/2006	12	9	0,1	14	33	85,5	55			
21/11/2006	13	6	0,1	9	25	35,8	39			
21/11/2006	14	5	0,1	2	9	51,1	12			
21/11/2006	15	4	0,1	4	5	38	10			
21/11/2006	16	4	0,1	5	7	36,9	13			
21/11/2006	17	6	0,1	10	31	11,1	46			
21/11/2006	18	5	0,1	4	25	46,7	32			
21/11/2006	19	5	0,1	2	18	7,7	20	1,75	220,69	
21/11/2006	20	5	0,1	3	22	21,1	26	1,42	205,85	
21/11/2006	21	4	0,1	2	15	24,7	18	1,77	207,05	
21/11/2006	22	5	0,1	2	9	20,6	11	1,45	206,27	
21/11/2006	23	6	0,1	3	9	13,1	12	2,32	217,88	
22/11/2006	00	5	0,1	2	6	9	8	1,6	192,29	
22/11/2006	01	4	0,1	2	5	15,9	7	2,47	186,12	
22/11/2006	02	4	0,1	2	4	10,8	6	1,77	189,87	
22/11/2006	03	4	0,1	2	5	4,3	7	1,18	203,56	
22/11/2006	04	6	0,1	2	5	4,6	7	2,18	235,31	
22/11/2006	05	7	0,1	3	4	12,5	7	2,15	236,11	
22/11/2006	06	6	0,1	2	6	11,7	8	2,6	235,86	
22/11/2006	07	7	0,2	5	17	13,1	24	1,6	229,42	
22/11/2006	08	7	0,2	18	31	19,3	59	1,95	232,94	
22/11/2006	09	8	0,2	13	24	64	43	2,43	243,33	
22/11/2006	10	7	0,2	12	20	41,5	38	2,53	235,71	
22/11/2006	11	6	0,2	12	13	44,3	31	2,95	231,9	
22/11/2006	12	5	0,1	7	6	36,9	16	4,32	237,6	
22/11/2006	13	4	0,1	7	6	55,1	16	4,52	238,36	
22/11/2006	14	4	0,1	3	4	47,8	7	5,18	245,61	
22/11/2006	15	5	0,1	4	4	46,1	10	3,95	251,02	
22/11/2006	16	5	0,1	7	13	48,5	24	1,92	246,77	
22/11/2006	17	6	0,3	10	27	52,4	42	0,83	190,93	
22/11/2006	18	5	0,3	15	26	35,8	48	1,18	181,03	
22/11/2006	19	6	0,3	7	26	28,1	37	0,98	203,75	
22/11/2006	20	6	0,3	13	32	19,8	51	1,13	218,04	
22/11/2006	21	7	0,2	8	21	28,6	33	1,4	217,83	
22/11/2006	22	6	0,1	2	9	26,3	10	2	229,39	
22/11/2006	23	7	0,1	2	4	13	6	2,57	243,08	
23/11/2006	00	6	0,1	2	11	7,8	13	1,63	233,99	
23/11/2006	01	8	0,1	2	10	19,2	12	1,37	221,24	
23/11/2006	02	8	0,1	3	22	22,5	28	1,15	209,12	
23/11/2006	03	7	0,1	2	18	21,6	21	0,95	194,95	
23/11/2006	04	7	0,1	2	12	20,8	12	0,95	208,26	
23/11/2006	05	8	0,1	3	12	16,4	15	1,82	232,91	
23/11/2006	06	8	0,1	2	5	18,3	7	2,78	245,91	
23/11/2006	07	7	0,3	5	15	15,5	22	1,85	241,74	
23/11/2006	08	8	0,3	33	33	23,8	84	1,22	210,26	
23/11/2006	09	9	0,2	34	28	58,1	81	1,73	337	
23/11/2006	10	11	0,2	30	25	79,1	70	1,87	332,14	
23/11/2006	11	11	0,1	16	18	51,6	43	2,07	66,48	
23/11/2006	12	10	0,1	6	6	24,1	16	2,63	102,26	
23/11/2006	13	7	0,1	5	5	19,4	12	2,45	80,08	
23/11/2006	14	8	0,1	3	6	20,6	9	2,5	100,56	
23/11/2006	15	7	0,1	4	24	13,6	30	2,03	71,77	
23/11/2006	16	7	0,1	3	24	20,3	28	1,35	53,86	
23/11/2006	17	6	0,2	3	33	20,4	38	0,6	41,54	
23/11/2006	18	8	0,5	46	57	29,5	128	0,55	11,83	
23/11/2006	19	8	0,3	9	49	47,2	62	1,43	315,65	
23/11/2006	20	7	0,2	4	45	34,2	51	1,63	221,79	
23/11/2006	21	8	0,2	20	52	14,6	82	1,2	216,01	
23/11/2006	22	9	0,3	27	51	44	93	1,13	218,13	
23/11/2006	23	9	0,1	5	39	50,2	46	1,63	222,07	
24/11/2006	00	11	0,1	14	49	29,7	71	1,45	231,15	
24/11/2006	01	16	0,1	4	45	45	51	1,15	203,24	
24/11/2006	02	13	0,1	6	40	63,1	48	1,1	217,05	
24/11/2006	03	9	0,1	3	30	40,7	33	1,45	225,6	
24/11/2006	04	11	0,1	5	43	22,4	50	1,33	212,96	
24/11/2006	05	9	0,1	3	28	26,5	30	1,17	195,72	
24/11/2006	06	7	0,1	3	35	24,7	39	1,45	212,82	
24/11/2006	07	7	0,2	14	42	20,6	64	1,07	203,07	
24/11/2006	08	8	0,3	27	40	36,3	82	1,33	201,25	
24/11/2006	09	6	0,2	3	23	35,1	28	2,38	186,81	
24/11/2006	10	5	0,1	3	18	16,4	21	3,82	173,84	
24/11/2006	11	7	0,1	10	29	19,7	45	3,25	166,05	
24/11/2006	12	6	0,1	4	22	28,4	28	5,67	179,67	
24/11/2006	13	5	0,1	2	17	36,1	20	4,85	191,1	
24/11/2006	14	5	0,1	2	8	23,5	10	5,37	177,67	
24/11/2006	15	4	0,1	2	8	10,8	8	4,07	173,69	
24/11/2006	16	4	0,1	2	11	11,5	11	3,68	177,5	
24/11/2006	17	4	0,2	2	23	16	23	1,93	189,31	
24/11/2006	18	4	0,2	2	24	26,3	25	0,98	223,51	
24/11/2006	19	4	0,2	2	43	27,7	45	0,67	213,98	
24/11/2006	20	5	0,6	21	52	33,1	84	0,52	168,77	
24/11/2006	21	5	0,4	22	52	38,9	85	0,57	1,05	
24/11/2006	22	7	0,3	32	52	30,4	101	0,68	228,7	
24/11/2006	23	7	0,3	29	47	33,5	91	0,67	197,7	
25/11/2006	00	6	0,4	23	44	30,4	79	0,58	188,09	
25/11/2006	01	6	0,3	20	47	38,6	78	0,5	336,83	
25/11/2006	02	6	0,4	36	48	32,6	102	0,52	301,22	
25/11/2006	03	7	0,3	33	47	43,2	98	0,52	254,89	
25/11/2006	04	10	0,3	95	52	54	198	0,62	254,78	
25/11/2006	05	11	0,2	63	49	94,8	146	0,6	259,37	
25/11/2006	06	20	0,3	210	71	68,9	393	0,82	280,52	
25/11/2006	07	26	0,4	239	70	133,8	436	0,92	261,74	
25/11/2006	08	38	0,5	421	89	150,6	735	0,87	257,75	
25/11/2006	09	22	0,4	94	53	161,3	198	0,92	249,79	
25/11/2006	10	25	0,5	152	59	128,8	293	0,68	258,83	
25/11/2006	11	16	0,4	47	49	136,1	120	0,6	306,8	
25/11/2006	12	12	0,3	15	38	88,6	61	0,53	302,73	
25/11/2006	13	12	0,3	14	38	76,4	59	0,63	5,13	
25/11/2006	14	9	0,1	4	15	74,6	19	1,12	107,42	
25/11/2006	15	8	0,1	4	17	56,4	23	0,98	65,07	
25/11/2006	16	6	0,1	3	17	55,1	21	0,8	50,68	
25/11/2006	17	5	0,2	3	26	51,6	31	0,62	27,49	
25/11/2006	18	4	0,3	4	32	62,8	38	0,5	4,7	
25/11/2006	19	4	0,5	13	41	62	60	0,6	298,88	
25/11/2006	20	5	0,5	35	42	70,2	96	0,7	258,69	
25/11/2006	21	9	0,3	80	44	81,6	167	1,2	262,37	
25/11/2006	22	8	0,3	57	41	98,7	129	1,02	254,81	
25/11/2006	23	8	0,2	20	34	95,7	64	1,52	258,35	
26/11/2006	00	9	0,2	31	38	80,3	85	0,9	257,74	
26/11/2006	01	11	0,2	48	39	83,9	113	0,77	281,7	
26/11/2006	02	10	0,3	34	34	89,9	85	0,75	231,13	
26/11/2006	03	11	0,2	14	30	91	52	0,65	231,82	
26/11/2006	04	10	0,2	8	29	88,8	41	0,65	197,78	
26/11/2006	05	10	0,1	20	35	59,4	65	0,72	227,01	
26/11/2006	06	11	0,2	39	38	84,4	98	0,95	282,86	
26/11/2006	07	11	0,2	76	46	87,1	162	0,7	279,84	
26/11/2006	08	15	0,2	96	43	89,2	190	0,85	260,78	
26/11/2006	09	14	0,3	38	33	101,9	91	0,9	251,03	
26/11/2006	10	12	0,2	15	29	82,2	51	1,03	248,2	
26/11/2006	11	10	0,2	11	23	106,6	40	0,72	224,68	
26/11/2006	12	10	0,2	6	17	67,2	25	0,73	174	
26/11/2006	13	10	0,1	3	11	47,6	15	1,18	105,64	
26/11/2006	14	7	0,1	2	9	37	12	2,23	100,04	
26/11/2006	15	7	0,1	2	8	36,1	11	1,75	108,69	
26/11/2006	16	6	0,1	2	8	27,7	10	1,25	125,98	
26/11/2006	17	5	0,2	6	21	29	29	0,5	139,51	
26/11/2006	18	5	0,3	11	42	36,1	59	0,5	159,15	
26/11/2006	19	4	0,6	12	43	43,8	61	0,5	294,06	
26/11/2006	20	6	0,9	37	54	55,3	111	0,52	257,61	
26/11/2006	21	6	0,5	44	54	73,1	122	0,6	281,89	
26/11/2006	22	5	0,5	29	47	61,1	92	0,62	286,68	
26/11/2006	23	5	0,3	22	36	71,6	69	1,15	259,85	
27/11/2006	00	9	0,1	54	35	68,3	118	1,65	264,44	
27/11/2006	01	10	0,1	4	23	66	29	1,58	261,53	
27/11/2006	02	8	0,1	3	22	20,7	26	2,1	257,71	
27/11/2006	03	7	0,1	2	13	23,5	15	2,33	247,85	
27/11/2006	04	6	0,1	3	20	10,3	25	2,23	257,02	
27/11/2006	05	12	0,1	78	48	35,9	167	2,35	273,47	
27/11/2006	06	16	0,1	93	52	122,4	194	2,2	264,79	
27/11/2006	07	13	0,3	24	42	125,2	79	2,28	264,87	
27/11/2006	08	11	0,3	16	39	69	64	2,53	261,79	
27/11/2006	09	13	0,3	47	47	41,8	119	1,93	259,85	
27/11/2006	10	20	0,2	52	47	135,7	127	1,48	258,23	
27/11/2006	11	10	0,2	10	25	82,9	41	0,77	196,32	
27/11/2006	12	11	0,1	3	13	50,2	18	0,93	149,8	
27/11/2006	13	8	0,1	3	12	29,2	16	1,77	107,87	
27/11/2006	14	7	0,1	3	10	25,4	14	2,77	118,33	
27/11/2006	15	5	0,1	6	19	22,9	28	2,28	120,51	
27/11/2006	16	5	0,1	6	24	30,8	33	1,63	114,07	
27/11/2006	17	4	0,2	8	36	28,6	49	0,55	30,58	
27/11/2006	18	4	0,3	15	47	30,7	69	0,5	324,04	
27/11/2006	19	7	0,6	56	59	51	146	0,55	290,12	
27/11/2006	20	9	0,6	95	57	76,8	203	0,67	280,43	
27/11/2006	21	7	0,4	41	47	83,9	109	1,1	258,06	
27/11/2006	22	10	0,4	43	48	86,5	114	1,32	259,27	
27/11/2006	23	13	0,3	25	35	151,2	73	1,92	262,38	
28/11/2006	00	23	0,2	151	58	111,8	289	2,32	273,02	
28/11/2006	01	22	0,2	58	47	93,9	136	2,58	266,98	
28/11/2006	02	22	0,1	40	43	148,2	104	2,35	263	
28/11/2006	03	23	0,1	58	46	138,6	134	2,25	274,53	
28/11/2006	04	25	0,1	55	49	170,8	133	2,08	273,98	
28/11/2006	05	26	0,2	91	50	169,4	189	2,87	275,36	
28/11/2006	06	23	0,2	95	54	98	199	2,12	275,71	
28/11/2006	07	20	0,5	49	45	129,7	120	1,53	255,09	
28/11/2006	08	18	0,6	52	47	117,5	126	1,38	250,78	
28/11/2006	09	17	0,5	42	46	109,7	111	1,47	253,79	
28/11/2006	10	17	0,4	43	48	62,2	114	1,27	263,86	
28/11/2006	11	16	0,5	60	48	94,5	140	0,9	252,45	
28/11/2006	12	12	0,4	25	36	94,1	75	1,08	244,77	
28/11/2006	13	12	0,2	27	41	74	82	0,75	218,57	
28/11/2006	14	11	0,2	22	38	57,9	71	0,75	155,75	
28/11/2006	15	9	0,1	11	33	44,6	50	0,72	145,43	
28/11/2006	16	7	0,1	12	35	29,1	53	0,63	67,05	
28/11/2006	17	8	0,4	41	44	30,4	106	0,58	9,19	
28/11/2006	18	9	0,6	53	49	58,1	131	0,55	229,51	
28/11/2006	19	13	0,7	105	58	58,5	219	1,32	306,83	
28/11/2006	20	12	0,5	77	57	98,2	174	1,08	221,91	
28/11/2006	21	15	0,7	93	55	77,5	197	1,02	255,16	
28/11/2006	22	19	0,4	163	56	99,2	306	1,25	258,46	
28/11/2006	23	23	0,4	168	58	116,1	315	1,28	263,31	
29/11/2006	00	23	0,3	116	54	112,5	231	1,33	262,32	
29/11/2006	01	35	0,2	222	68	138,2	409	1,58	273,56	
29/11/2006	02	31	0,3	104	57	102,5	217	0,93	260,75	
29/11/2006	03	34	0,2	190	67	93,3	359	0,93	265,42	
29/11/2006	04	33	0,3	192	68	74,9	363	1,13	262,33	
29/11/2006	05	31	0,3	95	58	100,6	204	1,03	259,08	
29/11/2006	06	27	0,3	71	54	111,2	163	1,32	273,05	
29/11/2006	07	28	0,5	188	64	72,8	352	0,8	275,67	
29/11/2006	08	16	0,8	71	58	109,8	166	0,6	280,72	
29/11/2006	09	10	0,4	22	43	62,6	77	0,65	350,52	
29/11/2006	10	7	0,2	8	28	37,9	40	0,62	41,73	
29/11/2006	11	7	0,1	5	18	24,3	25	0,8	71,81	
29/11/2006	12	11	0,1	5	19	14,3	26	1,25	108,62	
29/11/2006	13	15	0,1	6	15	21,3	24	4,38	72,31	
29/11/2006	14	7	0,1	3	8	29,1	13	4,75	66,83	
29/11/2006	15	6	0,1	3	5	25,6	9	3,32	66,85	
29/11/2006	16	5	0,1	2	13	16,7	16	1,97	63,71	
29/11/2006	17	5	0,2	3	26	20,3	30	1,03	34,66	
29/11/2006	18	5	0,3	23	49	28,2	84	0,63	18,47	
29/11/2006	19	7	0,6	51	55	46,3	133	0,62	243,44	
29/11/2006	20	17	0,4	211	73	79,6	396	0,98	260,85	
29/11/2006	21	18	0,5	112	60	118,2	232	1,08	255,03	
29/11/2006	22	21	0,3	77	54	149	171	1,68	264,32	
29/11/2006	23	22	0,4	38	44	151	103	1,77	262,06	
30/11/2006	00	22	0,3	39	46	165,2	106	3,03	263,04	
30/11/2006	01	24	0,2	102	49	173	205	2,8	274,28	
30/11/2006	02	17	0,2	24	34	146,2	71	2,63	265,02	
30/11/2006	03	21	0,2	55	45	89,7	130	2,87	273,11	
30/11/2006	04	19	0,3	24	34	221,7	71	2,8	273,98	
30/11/2006	05	18	0,5	31	37	154,1	84	3,33	265,68	
30/11/2006	06	21	0,2	134	46	132,4	252	3,53	276,08	
30/11/2006	07	21	0,3	70	51	167,7	158	3	274	
30/11/2006	08	29	0,4	167	64	198	319	2,62	274,24	
30/11/2006	09	35	0,5	360	81	112,8	633	1	273,96	
30/11/2006	10	29	0,4	195	64	102	363	0,9	266	
30/11/2006	11	17	0,2	52	38	119,2	118	0,75	179,47	
30/11/2006	12	15	0,1	3	8	45,3	13	0,93	107,26	
30/11/2006	13	11	0,1	2	4	15,3	6	0,76	125,38	
30/11/2006	14	12	0,2	2	5	20,1	8	1,62	128,26	
30/11/2006	15	10	0,2	2	4	19	6	1,38	127,8	
30/11/2006	16	9	0,2	2	6	16,8	9	1,52	128,79	
30/11/2006	17	8	0,3	4	25	14,7	31	0,63	133,18	
30/11/2006	18	5	0,3	5	27	33	34	0,58	173,63	
30/11/2006	19	6	0,5	19	43	23,8	71	0,6	238,23	
30/11/2006	20	10	0,8	44	56	42,1	124	0,57	246,59	
30/11/2006	21	19	0,8	43	49	79,2	115	0,6	245,81	
30/11/2006	22	15	0,5	43	48	87,5	115	0,78	255,18	
30/11/2006	23	23	0,4	150	54	75,4	284	0,95	261,03	
01/12/2006	00	21	0,3	41	40	103,6	103	1,23	256,45	
01/12/2006	01	20	0,2	35	35	85,3	88	1,95	264,35	
01/12/2006	02	25	0,2	93	40	103,6	183	2,75	264,78	
01/12/2006	03	20	0,1	31	33	126,7	81	2,27	274,1	
01/12/2006	04	15	0,1	13	26	97,3	46	2,27	263,49	
01/12/2006	05	20	0,2	50	35	39,2	111	3,32	273,81	
01/12/2006	06	21	0,2	34	34	105,1	87	3,37	274,38	
01/12/2006	07	15	0,2	16	28	88,6	53	2,43	260,8	
01/12/2006	08	16	0,3	50	35	42,3	112	1,82	259,88	
01/12/2006	09	20	0,3	65	40	78,7	140	2,27	274,22	
01/12/2006	10	27	0,2	167	56	124,6	313	2,97	277,12	
01/12/2006	11	21	0,3	110	49	96,5	217	1,33	286,17	
01/12/2006	12	19	0,3	64	48	81,3	145	0,9	279,07	
01/12/2006	13	17	0,3	54	51	82,5	134	0,57	328,41	
01/12/2006	14	12	0,3	18	30	77,1	58	0,65	71,96	
01/12/2006	15	16	0,2	11	45	49,8	63	0,62	63,1	
01/12/2006	16	14	0,3	13	49	39	68	0,5	14,81	
01/12/2006	17	11	0,3	26	55	56,8	95	0,52	50,9	
01/12/2006	18	10	0,6	43	62	42,9	128	0,52	169,75	
01/12/2006	19	10	0,8	47	62	68,1	135	0,55	244,15	
01/12/2006	20	14	0,9	107	66	69,8	231	0,6	259,3	
01/12/2006	21	11	0,6	52	61	93,2	141	0,62	275,34	
01/12/2006	22	11	0,5	36	54	66,5	108	0,85	261,69	
01/12/2006	23	15	0,3	116	56	70,7	233	1,17	265,79	
02/12/2006	00	18	0,4	117	60	59,9	239	0,67	260,84	
02/12/2006	01	23	0,4	128	59	99,8	255	0,7	263,34	
02/12/2006	02	22	0,5	109	56	96,8	223	0,62	250,31	
02/12/2006	03	21	0,4	61	47	108,5	140	0,53	253,77	
02/12/2006	04	23	0,4	107	50	99,6	214	0,5	257,53	
02/12/2006	05	17	0,5	63	44	103,7	141	0,53	250,24	
02/12/2006	06	16	0,6	43	41	98,4	107	0,5	302,09	
02/12/2006	07	15	0,9	77	42	69,8	159	0,5	245,61	
02/12/2006	08	15	0,9	75	44	73,9	159	0,55	244,94	
02/12/2006	09	16	0,7	63	48	107,3	144	0,52	250,62	
02/12/2006	10	15	0,6	43	48	114,1	114	0,57	251,05	
02/12/2006	11	16	0,3	17	36	94,7	62	0,78	202,48	
02/12/2006	12	10	0,2	7	26	54,2	37	1,27	188,63	
02/12/2006	13	8	0,2	6	20	45,3	28	0,8	221,84	
02/12/2006	14	6	0,2	4	20	37,6	26	1,25	135,68	
02/12/2006	15	5	0,2	3	17	36,5	22	1,35	125,66	
02/12/2006	16	4	0,2	3	20	29	24	0,73	109,73	
02/12/2006	17	4	0,3	4	34	32,4	41	0,57	136,86	
02/12/2006	18	4	0,6	12	44	34,7	62	0,5	322,3	
02/12/2006	19	5	1	27	53	42,3	95	0,53	245,27	
02/12/2006	20	6	0,7	26	49	74,3	89	0,67	278,78	
02/12/2006	21	8	0,6	60	50	60,9	141	0,88	277,88	
02/12/2006	22	10	0,6	61	50	81,4	144	0,75	255,39	
02/12/2006	23	18	0,5	88	48	95,3	183	0,77	258,43	
03/12/2006	00	20	0,3	84	47	93,8	175	1,27	262,29	
03/12/2006	01	19	0,3	45	42	96,2	110	1,35	260,91	
03/12/2006	02	18	0,2	20	32	76,3	62	1,93	262,08	
03/12/2006	03	20	0,2	35	37	49,9	90	1,85	262,82	
03/12/2006	04	21	0,2	45	42	55,9	111	2,42	274,41	
03/12/2006	05	21	0,3	28	38	61,1	82	1,97	260,15	
03/12/2006	06	18	0,2	15	32	56,8	55	2,58	262,87	
03/12/2006	07	19	0,2	47	42	31,8	113	2,38	263,42	
03/12/2006	08	18	0,2	19	34	42,9	63	2,78	261,94	
03/12/2006	09	17	0,2	16	29	35,2	52	2,75	260,15	
03/12/2006	10	11	0,1	6	16	30,6	25	1,8	257,02	
03/12/2006	11	9	0,1	4	14	37,3	21	1,37	250,15	
03/12/2006	12	8	0,2	4	14	18,5	21	1,13	199,92	
03/12/2006	13	6	0,1	5	16	23,6	24	1,98	147,7	
03/12/2006	14	5	0,1	4	10	24,7	15	1,72	134,4	
03/12/2006	15	4	0,1	2	7	18,9	9	1,52	121,52	
03/12/2006	16	4	0,2	2	16	22,2	17	1,08	109,08	
03/12/2006	17	4	0,3	3	28	27	32	0,9	34,38	
03/12/2006	18	4	0,4	2	39	27,2	42	0,8	317,32	
03/12/2006	19	7	0,5	21	50	42,3	82	0,62	287,46	
03/12/2006	20	14	0,7	48	52	60,6	126	0,62	194	
03/12/2006	21	25	0,5	33	54	67,1	104	0,93	252,45	
03/12/2006	22	21	0,6	28	45	74,5	89	0,6	210,13	
03/12/2006	23	13	0,4	21	40	58,1	71	0,62	202,49	
04/12/2006	00	9	0,3	10	36	36,5	50	0,65	211,83	
04/12/2006	01	8	0,4	10	37	24,3	52	0,67	201,38	
04/12/2006	02	10	0,2	11	42	29	59	0,75	279,14	
04/12/2006	03	11	0,3	19	42	32,9	70	0,7	286,08	
04/12/2006	04	15	0,2	51	49	29	126	0,7	280,3	
04/12/2006	05	15	0,5	73	46	34,3	159	0,52	239,62	
04/12/2006	06	17	0,5	98	55	40,6	204	1	252,8	
04/12/2006	07	12	0,4	16	43	71,3	68	1,05	233,97	
04/12/2006	08	15	0,9	102	61	31,2	217	0,63	317,99	
04/12/2006	09	20	1,2	160	75	83,4	319	0,5	208,69	
04/12/2006	10	18	0,6	83	57	141,5	185	0,6	199,9	
04/12/2006	11		0,3	31	44		91	0,82	153,23	
04/12/2006	12			7	20		30	1,5	127,02	
04/12/2006	13	5	0,1	6	19		28	1,97	139,07	
04/12/2006	14	4	0,2	3	14		19	1,75	160,41	
04/12/2006	15	4	0,2	5	14	15,2	22	2,65	169,05	
04/12/2006	16	3	0,2	6	20	15,2	28	1,47	165	
04/12/2006	17	4	0,2	15	37	31,2	60	0,6	163,82	
04/12/2006	18	5	0,4	48	46	40,4	120	0,58	356,69	
04/12/2006	19	8	0,9	86	59	48,7	191	0,78	289,57	
04/12/2006	20	9	0,3	38	52	109,7	111	1,47	260,48	
04/12/2006	21	12	0,5	101	57	79,2	212	0,98	310,18	
04/12/2006	22	16	0,2	128	64	67,4	259	1,75	276,64	
04/12/2006	23	17	0,2	68	54	76,3	158	2,37	259,92	
05/12/2006	00	17	0,2	34	51	43,6	104	1,72	257,23	
05/12/2006	01	14	0,1	13	42	72	63	2,43	254,49	
05/12/2006	02	13	0,1	15	41	41,3	64	2,88	261,19	
05/12/2006	03	14	0,1	19	43	16,9	72	2,57	261,15	
05/12/2006	04	10	0,2	4	27	35	33	2,75	258,22	
05/12/2006	05	11	0,2	2	33	15,3	35	1,82	237,18	
05/12/2006	06	18	0,3	106	49	42	211	1,05	249,06	
05/12/2006	07	21	0,4	157	54	57,9	295	1,5	239,95	
05/12/2006	08	16	0,4	38	47	92,8	105	2,02	257,22	
05/12/2006	09	16	0,3	38	41	61,1	100	1,7	238,42	
05/12/2006	10	14	0,3	43	39	64,4	104	1,57	186,28	
05/12/2006	11	9	0,2	14	24	40,8	46	1,77	181,5	
05/12/2006	12	6	0,2	7	18	24,6	29	2,1	165,43	
05/12/2006	13	5	0,1	4	12	25,1	18	3,68	168,63	
05/12/2006	14	4	0,1	2	9	29,1	13	5,28	177,67	
05/12/2006	15	4	0,1	4	12	30,2	17	3,52	211,32	
05/12/2006	16	4	0,1	3	13	66,2	17	1,93	201,78	
05/12/2006	17	4	0,1	3	21	26,1	25	1,87	184,66	
05/12/2006	18	3	0,2	3	20	18,8	23	2,42	189,58	
05/12/2006	19	3	0,1	2	21	10,4	23	1,58	213,85	
05/12/2006	20	3	0,2	2	18	15,7	20	1,38	205,6	
05/12/2006	21	3	0,1	2	17	4,3	18	1,47	201,38	
05/12/2006	22	3	0,1	2	18	2,7	19	0,82	175,2	
05/12/2006	23	3	0,1	2	14	5,2	15	0,78	195,92	
06/12/2006	00	3	0,1	3	15	11,2	17	1,17	207,8	
06/12/2006	01	3	0,1	2	7	1,8	8	1,58	184,13	
06/12/2006	02	3	0,1	2	9	1	10	1,45	176,04	
06/12/2006	03	3	0,1	2	19	3,2	19	1,48	212,84	
06/12/2006	04	3	0,1	2	11	5,3	13	3,57	260,38	
06/12/2006	05	4	0,1	2	5	4	6	3,78	357,71	
06/12/2006	06	4	0,1	2	6	22,9	8	5,85	254,09	
06/12/2006	07	4	0,1	2	7	38,6	8	3,05	242,49	
06/12/2006	08	4	0,1	2	13	10,7	14	4,17	243,4	
06/12/2006	09	3	0,1	2	9	19,8	10	5,48	260,89	
06/12/2006	10	3	0,1	2	16	15,5	18	5,05	266,06	
06/12/2006	11	3	0,1	2	8	26,9	9	4,3	264,44	
06/12/2006	12	3	0,1	2	4	15,1	6	5,9	321,58	
06/12/2006	13	3	0,1	2	4	18,2	6	7,02	218,19	
06/12/2006	14	3	0,1	2	4	18,5	6	8	198,9	
06/12/2006	15	3	0,1	2	4	26,4	6	5,6	258,43	
06/12/2006	16	3	0,1	2	4	1,3	7	3,92	334,64	
06/12/2006	17	3	0,1	2	9	3	11	3,17	318,55	
06/12/2006	18	5	0,2	2	24	6	27	1,5	262,91	
06/12/2006	19	5	0,2	3	14	18	17	1,68	238,43	
06/12/2006	20	3	0,1	2	10	12,7	12	2,15	257,77	
06/12/2006	21	4	0,1	3	14	36,9	18	2,9	257,91	
06/12/2006	22	5	0,1	3	14	18,7	17	2	228,75	
06/12/2006	23	4	0,1	2	17	22,1	18	1,08	209,24	
07/12/2006	00	4	0,1	2	13	16,2	15	1,33	221,68	
07/12/2006	01	5	0,1	2	20	14,2	21	1,95	241,82	
07/12/2006	02	4	0,1	2	9	14,5	11	1,82	235,16	
07/12/2006	03	5	0,1	2	6	12,4	9	1,48	246,72	
07/12/2006	04	3	0,2	2	6	13,5	9	1,45	253,53	
07/12/2006	05	6	0,1	27	30	16,3	71	1,45	280,13	
07/12/2006	06	14	0,1	83	52	30,2	179	1,33	265,26	
07/12/2006	07	20	0,3	83	57	71,4	185	1,47	249,92	
07/12/2006	08	20	0,4	87	58	93,5	192	1,13	254,12	
07/12/2006	09	27	0,3	97	59	108,1	208	1,23	262,38	
07/12/2006	10	30	0,3	207	71	85,6	390	0,77	252,05	
07/12/2006	11	17	0,2	55	42	109,7	126	0,58	4,04	
07/12/2006	12	7	0,1	6	15	61,1	24	0,72	196,39	
07/12/2006	13	7	0,1	6	19	20,9	28	1,27	124,18	
07/12/2006	14	5	0,1	6	24	18,2	33	1,3	105,44	
07/12/2006	15	5	0,2	6	28	25	37	0,78	83,68	
07/12/2006	16	5	0,2	5	35	30,6	42	0,62	1,42	
07/12/2006	17	11	0,5	45	56	30,4	125	0,57	298,5	
07/12/2006	18	17	0,8	126	65	54,4	259	0,5	357,65	
07/12/2006	19	16	1,1	123	61	80,4	249	0,62	200,24	
07/12/2006	20	14	1,1	123	56	82,2	244	0,55	297,11	
07/12/2006	21	14	1	100	58	88,4	211	0,68	231,09	
07/12/2006	22	13	0,7	76	49	85,4	165	0,9	199,78	
07/12/2006	23	15	0,7	116	53	74,3	231	0,63	253,88	
08/12/2006	00	20	0,5	166	62	82,6	317	1,12	279,07	
08/12/2006	01	15	0,3	60	45	80,2	137	0,8	243,4	
08/12/2006	02	12	0,3	53	38	43,4	120	0,57	228,77	
08/12/2006	03	9	0,4	26	40	42,1	81	0,58	315,68	
08/12/2006	04	7	0,3	24	36	32,3	73	0,62	359,62	
08/12/2006	05	7	0,3	18	37	30,6	65	0,65	209,91	
08/12/2006	06	5	0,1	2	12	36,8	14	0,75	165,61	
08/12/2006	07	5	0,2	2	9	10,3	11	0,97	226,62	
08/12/2006	08	4	0,1	2	4	1,1	6	3,28	205,45	
08/12/2006	09	4	0,1	2	4	1,7	6	3,55	200,22	
08/12/2006	10	3	0,1	2	4	2,3	6	3,75	186,31	
08/12/2006	11	3	0,1	2	4	3,1	6	4,57	187,99	
08/12/2006	12	3	0,1	2	5	6,7	8	4,77	197,46	
08/12/2006	13	4	0,1	2	6	12,7	9	8,05	260,28	
08/12/2006	14	3	0,1	2	4	33,7	7	5,08	254,49	
08/12/2006	15	3	0,1	2	5	1,5	7	5,12	261,78	
08/12/2006	16	3	0,1	2	6	2,2	8	5,88	257,97	
08/12/2006	17	4	0,1	6	23	6	32	4,7	262,29	
08/12/2006	18	4	0,1	2	18	7,6	20	2,57	259,72	
08/12/2006	19	5	0,1	2	17	8,2	18	2,97	255,66	
08/12/2006	20	4	0,1	2	17	11,1	18	4,63	242,83	
08/12/2006	21	4	0,1	2	20	8,4	22	3,32	241,71	
08/12/2006	22	4	0,1	2	14	17,3	15	2	231,18	
08/12/2006	23	3	0,1	2	12	1,6	14	2,43	234,22	
09/12/2006	00	3	0,1	2	21	1,7	24	2,45	223,03	
09/12/2006	01	3	0,1	2	25	11	27	1,18	217,61	
09/12/2006	02	5	0,1	2	18	18,1	21	1,62	246,11	
09/12/2006	03	3	0,1	2	8	7	10	1,52	248,42	
09/12/2006	04	3	0,2	2	10	6,4	13	2,82	262,55	
09/12/2006	05	3	0,2	2	9	6,8	11	1,95	251,93	
09/12/2006	06	11	0,2	2	25	3,2	26	1,98	248,28	
09/12/2006	07	10	0,2	2	28	20	31	2,35	246,43	
09/12/2006	08	8	0,3	3	29	18,6	33	1,2	219,63	
09/12/2006	09	6	0,3	5	22	13	30	1	241,69	
09/12/2006	10	4	0,1	2	8	19,2	11	1,75	260,46	
09/12/2006	11	3	0,1	2	8	3,5	11	1,73	251,95	
09/12/2006	12	3	0,2	2	6	5,5	8	1,6	249,82	
09/12/2006	13	3	0,2	3	7	5,5	10	1,12	212,37	
09/12/2006	14	3	0,1	2	7	3,8	11	1,33	167,55	
09/12/2006	15	4	0,2	4	10	5,5	15	2	137,6	
09/12/2006	16	3	0,2	2	13	6,6	16	1,37	121,12	
09/12/2006	17	3	0,2	3	26	3,3	31	0,73	38,96	
09/12/2006	18	3	0,3	3	27	1,3	30	1,12	34,23	
09/12/2006	19	5	0,4	19	42	9,6	71	0,85	300,57	
09/12/2006	20	6	0,2	14	39	19,4	60	1,68	264,37	
09/12/2006	21	4	0,2	3	24	12	27	1,75	254,68	
09/12/2006	22	3	0,2	2	12	6,2	15	2,62	256	
09/12/2006	23	3	0,1	2	14	4,5	16	3,13	262,71	
10/12/2006	00	3	0,1	2	10	1,2	13	3,13	261,37	
10/12/2006	01	3	0,2	3	11	17,2	14	1,93	256,74	
10/12/2006	02	3	0,1	2	10	3,2	13	1,93	255,55	
10/12/2006	03	3	0,2	3	10	3,2	14	1,6	243,88	
10/12/2006	04	7	0,2	2	19	2,9	22	2,2	244,55	
10/12/2006	05	4	0,2	3	11	14,9	15	1,85	256,65	
10/12/2006	06	6	0,2	4	27	1,2	33	2,12	260,68	
10/12/2006	07	5	0,1	4	25	2,4	30	2,15	248,17	
10/12/2006	08	5	0,2	4	16	6,4	22	1,87	254,76	
10/12/2006	09	5	0,2	6	19	6,2	29	1,3	256,81	
10/12/2006	10	5	0,2	6	18	10,9	27	0,65	244,65	
10/12/2006	11	5	0,1	5	18	44,3	26	0,82	164,21	
10/12/2006	12	5	0,1	2	7	10	10	1,7	102,56	
10/12/2006	13	5	0,1	3	7	3,2	11	2,45	104,56	
10/12/2006	14	5	0,1	3	8	1	11	3,03	74,67	
10/12/2006	15	6	0,2	3	10	2	15	2,42	76,4	
10/12/2006	16	4	0,2	3	13	6	17	2,13	81,94	
10/12/2006	17	4	0,2	3	17	4	20	1,02	49,61	
10/12/2006	18	3	0,3	3	27	4,6	31	0,7	30,87	
10/12/2006	19	3	0,4	5	34	11,8	41	1	9,17	
10/12/2006	20	3	0,6	6	44	18,1	54	0,8	299,21	
10/12/2006	21	3	0,3	3	27	12,5	31	1,48	277,95	
10/12/2006	22	5	0,3	26	43	10,1	84	1,52	277,39	
10/12/2006	23	4	0,3	11	37	16	54	2,17	260,99	
11/12/2006	00	6	0,2	10	41	11,4	56	2,75	265,26	
11/12/2006	01	9	0,2	10	40	16,7	55	2,83	266,76	
11/12/2006	02	5	0,2	4	28	17,8	34	3,13	261,93	
11/12/2006	03	4	0,2	5	24	4,2	31	2,98	262,05	
11/12/2006	04	3	0,2	4	21	5,9	27	3,17	260,27	
11/12/2006	05	3	0,1	3	21	5,5	26	3,63	262,47	
11/12/2006	06	3	0,2	4	27	6,1	32	3,38	261,61	
11/12/2006	07	3	0,3	8	34	13,5	47	3,82	264,03	
11/12/2006	08	4	0,4	20	41		72	3,72	262,85	
11/12/2006	09	6	0,3	22	37		71	3,18	263,38	
11/12/2006	10	7	0,2	23	38		73	2,27	261,97	
11/12/2006	11	8	0,2	22	35		69	1,13	253,78	
11/12/2006	12	8	0,2	4	16		22	0,62	349,61	
11/12/2006	13	7	0,1	4	15		21	1,12	31,97	
11/12/2006	14	8	0,1	4	16		23	2,12	112,17	
11/12/2006	15	5	0,1	3	13		17	1,68	127,32	
11/12/2006	16	4	0,2	3	15		19	1,65	131	
11/12/2006	17	4	0,2	9	40		54	0,7	141,39	
11/12/2006	18	3	0,4	11	42		59	0,55	199,47	
11/12/2006	19	5	0,7	41	54		117	0,75	232,94	
11/12/2006	20	14	0,6	151	72		303	1,73	276,3	
11/12/2006	21	19	0,6	184	74		357	1,42	259,74	
11/12/2006	22	19	0,3	51	55		133	1,97	262,35	
11/12/2006	23	19	0,3	45	51		120	1,68	263,32	
12/12/2006	00	17	0,2	43	47		114	2,33	264,41	
12/12/2006	01	21	0,2	91	55		195	2,35	265,62	
12/12/2006	02	17	0,2	47	50		122	2,32	264,22	
12/12/2006	03	17	0,3	59	51		142	2,47	263,2	
12/12/2006	04	15	0,3	22	44		77	2,53	264,03	
12/12/2006	05	14	0,3	29	43		89	2,23	264,25	
12/12/2006	06	19	0,3	95	53		198	2,83	279,01	
12/12/2006	07	13	0,4	29	44		87	2,83	262,24	
12/12/2006	08	19	0,4	54	53		136	2,35	263,44	
12/12/2006	09	20	0,3	42	48		112	2,53	262,06	
12/12/2006	10	20	0,3	38	45		104	1,37	265,84	
12/12/2006	11	20	0,3	36	49		104	0,78	306,21	
12/12/2006	12	10	0,3	7	19		29	1,6	51,95	
12/12/2006	13	5	0,2	6	27		35	1,45	70,08	
12/12/2006	14	5	0,2	2	18		21	1,75	60,66	
12/12/2006	15	6	0,2	4	24		29	0,93	74,03	
12/12/2006	16	5	0,2	9	37		52	0,65	66,62	
12/12/2006	17	4	0,2	6	36		45	0,6	131,62	
12/12/2006	18	5	0,4	16	50		74	0,52	354,05	
12/12/2006	19	9	0,9	58	60		149	0,52	306,24	
12/12/2006	20	25	1,1	331	92		600	1,17	266,37	
12/12/2006	21	36	0,6	445	103		785	1,72	271,83	
12/12/2006	22	25	0,6	180	69		345	1,2	259,87	
12/12/2006	23	22	0,4	36	52		108	1,35	255,49	
13/12/2006	00	15	0,2	17	38		64	1,72	259,66	
13/12/2006	01	18	0,1	43	44		110	1,3	263,05	
13/12/2006	02	18	0,1	13	41		61	0,85	279,5	
13/12/2006	03	18	0,1	24	43		80	1,4	279,48	
13/12/2006	04	26	0,2	79	51		173	1,47	259,7	
13/12/2006	05	25	0,3	34	49		100	1,15	257,17	
13/12/2006	06	21	0,3	50	49		125	0,58	359,25	
13/12/2006	07	18	0,8	41	56		119	0,58	252,13	
13/12/2006	08	17	1,1	69	66		172	0,73	312,73	
13/12/2006	09	11	0,3	10	47		63	1,62	349,64	
13/12/2006	10	8	0,2	6	42		51	0,68	342,18	
13/12/2006	11	7	0,3	6	39		48	0,8	329,63	
13/12/2006	12	5	0,2	2	28		31	0,92	8,94	
13/12/2006	13	4	0,2	2	14		15	0,58	37,04	
13/12/2006	14	4	0,1	2	14		15	0,62	122,13	
13/12/2006	15	4	0,1	2	19		21	0,67	114,49	
13/12/2006	16	4	0,2	2	25	30,3	27	1,15	72,8	
13/12/2006	17	4	0,1	2	18	19,8	18	1,58	53,99	
13/12/2006	18	3	0,1	2	30	18,2	32	1,57	41,64	
13/12/2006	19	3	0,2	4	43	19,3	49	0,68	24,66	
13/12/2006	20	5	0,3	15	57	17,9	81	0,6	331,64	
13/12/2006	21	6	0,2	9	52	43,8	66	0,77	335,17	
13/12/2006	22	5	0,2	3	47	29,7	52	0,75	332,19	
13/12/2006	23	10	0,1	31	49	35,4	97	0,65	323,2	
14/12/2006	00	16	0,1	135	60	51,7	267	1,1	322,68	
14/12/2006	01	20	0,1	177	67	52,2	338	1,22	323,75	
14/12/2006	02	20	0,1	146	56	69,8	280	0,7	319,76	
14/12/2006	03	25	0,2	58	51	70,1	141	0,75	307,64	
14/12/2006	04	25	0,1	74	55	90,6	169	1,22	319,09	
14/12/2006	05	28	0,2	57	55	90,6	143	1,15	318,01	
14/12/2006	06	29	0,1	12	44	75,7	62	1,38	310,3	
14/12/2006	07	17	0,1	10	40	46,2	55	1,22	308,24	
14/12/2006	08	17	0,2	27	47	30,4	87	1,28	313,41	
14/12/2006	09	26	0,3	36	49	44,1	105	1,23	315,04	
14/12/2006	10	26	0,1	24	45	64,6	82	0,9	307,28	
14/12/2006	11	17	0,1	16	39	58,3	64	0,6	351,77	
14/12/2006	12	6	0,1	3	13	53,8	17	2,1	96,04	
14/12/2006	13	5	0,1	4	16	14	22	1,85	75,34	
14/12/2006	14	4	0,1	3	14	28,3	19	1,4	74,97	
14/12/2006	15	3	0,1	4	18	15,7	23	1,32	75,71	
14/12/2006	16	3	0,1	3	21	8,9	26	0,88	74,83	
14/12/2006	17	3	0,2	6	35	16,1	44	0,57	61,06	
14/12/2006	18	4	0,3	13	48	23,9	69	0,78	41,44	
14/12/2006	19	4	0,3	10	56	32,8	72	0,6	5,85	
14/12/2006	20	7	0,5	20	62	38,3	93	0,58	328,38	
14/12/2006	21	10	0,4	40	66	54,5	126	0,77	325,4	
14/12/2006	22	13	0,4	19	61	50,5	91	0,73	306,71	
14/12/2006	23	20	0,3	42	61	64,9	126	1,22	318,63	
15/12/2006	00	14	0,2	73	56	65	168	1,35	323,19	
15/12/2006	01	18	0,2	78	65	27,7	185	1	318,82	
15/12/2006	02	13	0,2	54	54	47,6	138	1,2	320,96	
15/12/2006	03	17	0,2	98	62	36,6	212	1,5	325,83	
15/12/2006	04	14	0,3	58	59	55,6	147	1,03	317,48	
15/12/2006	05	16	0,2	76	60	40,2	176	1,22	319,34	
15/12/2006	06	9	0,1	44	53	52	120	1,83	328,19	
15/12/2006	07	11	0,3	52	59	18,5	138	0,85	313,51	
15/12/2006	08	7	0,3	16	54	76,5	79	1,22	325,66	
15/12/2006	09	12	0,3	48	60	36,3	133	0,95	313,98	
15/12/2006	10	8	0,3	35	59	89,6	112	0,62	330,35	
15/12/2006	11	10	0,3	34	51	51,8	102	0,62	318,63	
15/12/2006	12	5	0,1	3	16	66,9	21	1,17	30,55	
15/12/2006	13	3	0,1	3	15	17,5	19	1,47	72,38	
15/12/2006	14	3	0,1	2	12	10,9	15	1,08	50,66	
15/12/2006	15	3	0,1	2	18	7,1	20	1,05	30,31	
15/12/2006	16	3	0,1	4	31	15,4	36	0,48	58,09	
15/12/2006	17	3	0,2	3	36	22,4	40	0,6	26,42	
15/12/2006	18	4	0,4	18	57	16	85	0,33	348,96	
15/12/2006	19	5	0,5	20	61	40	92	0,43	335,05	
15/12/2006	20	11	0,6	56	66	47,2	152	0,38	311,37	
15/12/2006	21	12	0,4	45	61	74,6	129	0,38	306,09	
15/12/2006	22	10	0,5	22	53	66,8	86	0,4	300,07	
15/12/2006	23	11	0,3	8	41	56,5	53	0,63	306,44	
16/12/2006	00	8	0,2	3	35	51,9	39	0,78	305,26	
16/12/2006	01	7	0,1	3	34	35,5	39	1,25	314,39	
16/12/2006	02	10	0,1	14	44	35,7	65	1,05	314,81	
16/12/2006	03	9	0,1	3	31	54,2	34	1,05	310,2	
16/12/2006	04	7	0,2	3	29	29,9	32	1,1	316,22	
16/12/2006	05	7	0,1	4	38	23,8	44	0,85	309,55	
16/12/2006	06	6	0,2	3	36	24,2	41	0,58	302,56	
16/12/2006	07	6	0,1	8	41	39,3	52	0,65	304,15	
16/12/2006	08	16	0,1	64	56	41,2	154	0,75	316,36	
16/12/2006	09	11	0,2	15	35	67,9	58	1	305,17	
16/12/2006	10	8	0,1	5	24	44,5	31	0,93	311,58	
16/12/2006	11	20	0,2	14	33	23,5	54	0,43	311,29	
16/12/2006	12	21	0,1	4	14	60,2	19	0,47	302,42	
16/12/2006	13	15	0,1	4	18	26,3	23	0,57	195,72	
16/12/2006	14	10	0,1	4	20	19,9	25	1,57	126,93	
16/12/2006	15	5	0,1	3	15	17,1	18	1	118,69	
16/12/2006	16	4	0,1	2	15	12,4	18	0,63	129,11	
16/12/2006	17	3	0,1	2	25	23,8	27	0,35	173,61	
16/12/2006	18	3	0,3	2	32	19	34	0,3	255,04	
16/12/2006	19	4	0,5	19	52	31,5	80	0,4	304,12	
16/12/2006	20	12	0,5	39	65	60,3	124	0,58	317,4	
16/12/2006	21	19	0,5	71	64	89,4	172	0,67	314,68	
16/12/2006	22	21	0,3	47	59	99,1	132	0,95	314,88	
16/12/2006	23	20	0,2	18	47	72,7	74	1,05	311,4	
17/12/2006	00	18	0,2	13	41	46,4	61	1,43	311,09	
17/12/2006	01	13	0,1	4	29	33,5	33	1,48	309,37	
17/12/2006	02	12	0,1	3	27	12,9	31	1,67	311,99	
17/12/2006	03	11	0,1	4	28	15	33	1,78	315,52	
17/12/2006	04	13	0,1	4	27	21,1	34	1,7	315,87	
17/12/2006	05	18	0,1	38	48	21,2	107	1,82	327,22	
17/12/2006	06	23	0,1	96	55	21,5	203	1,52	326,02	
17/12/2006	07	26	0,1	44	57	36,5	124	1,17	315,79	
17/12/2006	08	25	0,1	47	51	28	123	1,48	317,41	
17/12/2006	09	25	0,1	22	48	27,6	82	1,1	314,86	
17/12/2006	10	22	0,1	16	33	38,5	57	0,88	314,9	
17/12/2006	11	15	0,1	4	17	27,2	23	0,7	307,21	
17/12/2006	12	16	0,1	2	14	17,5	16	0,48	306,45	
17/12/2006	13	14	0,1	3	17	11,7	20	0,75	202,78	
17/12/2006	14	14	0,1	2	13	18,2	15	0,82	183,8	
17/12/2006	15	12	0,1	2	13	9,4	16	0,77	182	
17/12/2006	16	11	0,1	3	24	8,2	28	0,5	169,35	
17/12/2006	17	7	0,1	4	27	15,2	31	0,32	185,91	
17/12/2006	18	7	0,3	10	48	18,3	63	0,3	23,75	
17/12/2006	19	7	0,4	10	54	48,5	68	0,3	350,16	
17/12/2006	20	10	1,4	65	73	44,2	172	0,3	325,7	
17/12/2006	21	20	0,7	201	71	88,1	379	0,6	317,11	
17/12/2006	22	24	0,4	173	67	85,1	332	0,5	329,22	
17/12/2006	23	26	0,3	111	61	82,3	232	0,68	314,38	
18/12/2006	00	28	0,3	115	61	90,6	237	0,8	316,06	
18/12/2006	01	28	0,2	123	56	63,7	245	0,43	325,38	
18/12/2006	02	23	0,2	46	44	58,3	114	0,85	324,8	
18/12/2006	03	21	0,2	44	45	30,6	112	0,38	315,61	
18/12/2006	04	18	0,1	32	45	38,6	93	0,6	314,93	
18/12/2006	05	15	0,1	2	29	31,1	31	1,17	290,86	
18/12/2006	06	9	0,1	5	21	24,4	27	1,38	312,3	
18/12/2006	07	12	0,2	24	48	5,4	84	1,1	323,31	
18/12/2006	08	11	0,2	11	41	44,1	58	1,52	310,31	
18/12/2006	09	9	0,1	13	40	29,2	59	1,47	321,81	
18/12/2006	10	11	0,1	28	47	39	90	1,1	318	
18/12/2006	11	7	0,1	8	29	48,2	42	0,77	11,54	
18/12/2006	12	6	0,1	3	9	22,6	12	0,62	52,33	
18/12/2006	13	17	0,1	6	17	12,7	25	1,27	61,48	
18/12/2006	14	7	0,1	3	7	14,2	11	0,9	52,56	
18/12/2006	15	6	0,1	3	11	3	15	0,8	63,72	
18/12/2006	16	6	0,1	4	19	4	26	0,78	128,38	
18/12/2006	17	4	0,1	4	30	7,2	36	0,47	186,66	
18/12/2006	18	9	0,3	50	59	16,9	136	0,43	350,06	
18/12/2006	19	11	0,4	42	58	64,3	122	0,48	354,66	
18/12/2006	20	18	0,1	12	44	40,2	62	1	323,66	
18/12/2006	21	13	0,1	9	44	32,8	57	0,77	312,64	
18/12/2006	22	15	0,1	9	51	30	64	0,8	315,08	
18/12/2006	23	11	0,1	2	30	51,4	33	1,15	308,89	
19/12/2006	00	10	0,1	3	22	20,6	25	1,45	306,37	
19/12/2006	01	24	0,1	5	38	12,5	46	1,15	312,24	
19/12/2006	02	16	0,1	2	20	37,4	23	1,18	299,54	
19/12/2006	03	18	0,1	2	20	18,5	22	1,48	312,27	
19/12/2006	04	19	0,1	7	31	7,8	43	1,27	311,33	
19/12/2006	05	26	0,2	5	40	20,7	48	1,23	310,77	
19/12/2006	06	26	0,1	3	36	71,9	41	1,43	310,92	
19/12/2006	07	22	0,3	14	44	29	65	1,32	311,3	
19/12/2006	08	23	0,3	59	61	66,7	151	1,62	319,26	
19/12/2006	09	31	0,3	51	61	115,8	139	1,35	310,04	
19/12/2006	10	20	0,2	20	42	135,6	73	1,07	312,75	
19/12/2006	11	14	0,2	13	38	73,4	57	0,67	303,23	
19/12/2006	12	11	0,1	11	34	42,6	51	0,32	200,91	
19/12/2006	13	8	0,1	4	20	38,2	26	0,97	134,25	
19/12/2006	14	5	0,1	2	9	3,5	13	1,27	123,09	
19/12/2006	15	6	0,1	3	12	2,9	16	1,35	113,88	
19/12/2006	16	9	0,1	5	21	5	28	0,6	101,95	
19/12/2006	17	7	0,1	8	37	15,3	49	0,42	56,45	
19/12/2006	18	8	0,1	9	45	15,8	58	0,67	30,44	
19/12/2006	19	10	0,1	5	39	22,6	47	1,13	51,06	
19/12/2006	20	14	0,1	2	25	16,7	28	1,6	34,32	
19/12/2006	21	6	0,1	2	13	19,5	16	1,58	26,4	
19/12/2006	22	4	0,1	2	11	10,6	14	1,12	330,07	
19/12/2006	23	5	0,1	2	12	11,7	14	0,65	345,67	
20/12/2006	00	5	0,1	2	10	16,2	13	1,75	313,56	
20/12/2006	01	4	0,1	2	7	9,4	11	1,23	359,72	
20/12/2006	02	4	0,1	2	6	5,5	8	1,5	22,83	
20/12/2006	03	5	0,1	3	5	1,9	10	1,88	9,2	
20/12/2006	04	5	0,1	4	7	3,6	12	1,1	353,08	
20/12/2006	05	7	0,1	4	9	7	15	2,17	327,86	
20/12/2006	06	9	0,1	4	13	9,9	20	2,55	328,55	
20/12/2006	07	9	0,1	5	25	3,1	32	1,65	330,35	
20/12/2006	08	19	0,1	6	32	21,2	42	1,67	324,33	
20/12/2006	09	21	0,1	7	31	17,3	41	1,62	318,46	
20/12/2006	10	21	0,1	4	24	19,4	30	1,68	323,96	
20/12/2006	11	19	0,1	4	21	23,2	26	2,03	29,44	
20/12/2006	12	18	0,1	3	17	27	22	1,77	352,2	
20/12/2006	13	22	0,1	4	23	24,5	29	2,02	14	
20/12/2006	14	34	0,1	3	23	17,4	28	1,67	38,88	
20/12/2006	15	34	0,1	3	23	13,8	28	1,53	43,57	
20/12/2006	16	30	0,1	3	26	22,9	30	1,95	348,03	
20/12/2006	17	29	0,1	2	28	20,1	31	2,45	322,95	
20/12/2006	18	21	0,1	2	29	25,5	33	1,85	204,73	
20/12/2006	19	22	0,1	2	27	22,2	30	2,57	301,26	
20/12/2006	20	20	0,1	2	23	13,4	25	2,2	301,51	
20/12/2006	21	26	0,1	2	21	7,2	24	1,65	311,94	
20/12/2006	22	17	0,1	2	14	15,6	15	1,95	311,14	
20/12/2006	23	23	0,1	2	14	9,6	16	1,68	320,12	
21/12/2006	00	40	0,1	2	17	10,7	20	2,27	308,71	
21/12/2006	01	38	0,1	2	14	9,1	16	2,42	312,52	
21/12/2006	02	36	0,1	3	14	13,2	17	2,12	321,38	
21/12/2006	03	30	0,1	2	12	13	15	2,63	318,55	
21/12/2006	04	10	0,1	2	8	10	11	2,82	310,43	
21/12/2006	05	8	0,1	3	11	6,9	14	2,45	314,03	
21/12/2006	06	7	0,1	2	15	3,4	19	1,75	320,66	
21/12/2006	07	6	0,1	2	22	1,9	25	2,08	309,53	
21/12/2006	08	6	0,1	3	35	10,7	40	1,67	326,34	
21/12/2006	09	13	0,2	19	47	12,6	76	0,8	293,16	
21/12/2006	10	8	0,1	11	33	52,6	50	0,45	236,38	
21/12/2006	11	4	0,1	3	19	32,7	24	0,67	21,21	
21/12/2006	12	3	0,1	2	13	17,4	15	1,47	39,93	
21/12/2006	13	20	0,1	4	19	9,8	25	1,75	98,89	
21/12/2006	14	20	0,1	3	18	10,7	23	1,45	96,68	
21/12/2006	15	21	0,1	4	21	9,6	27	1,52	95,13	
21/12/2006	16	15	0,1	3	21	8,9	27	1,1	74,18	
21/12/2006	17	8	0,1	4	34	20,5	40	0,48	34,98	
21/12/2006	18	8	0,3	30	60	27,7	107	0,67	340,09	
21/12/2006	19	8	0,2	18	55	57,4	82	0,72	329,28	
21/12/2006	20	9	0,2	3	45	31,2	48	0,98	328,61	
21/12/2006	21	9	0,1	2	25	19,6	27	1,43	322,52	
21/12/2006	22	7	0,1	2	18	18,2	19	1,67	308,71	
21/12/2006	23	8	0,1	2	15	19,4	17	1,17	315,78	
22/12/2006	00	7	0,1	2	27	12,6	29	1,17	314,44	
22/12/2006	01	7	0,1	5	39	24	47	1,57	327,22	
22/12/2006	02	7	0,1	3	32	26,5	36	1,42	308,64	
22/12/2006	03	11	0,1	4	39	22,9	45	1,38	313,31	
22/12/2006	04	11	0,1	2	33	57,9	37	1,37	312,87	
22/12/2006	05	12	0,1	3	27	44,5	30	1,7	309,22	
22/12/2006	06	13	0,1	4	32	21,7	37	1,73	310,07	
22/12/2006	07	14	0,1	8	47	33,3	60	1,62	310,52	
22/12/2006	08	15	0,2	12	52	46,8	70	1,72	311,27	
22/12/2006	09	17	0,2	23	52	42,3	87	1,53	317,39	
22/12/2006	10	16	0,1	24	53	54,8	90	1,42	320,03	
22/12/2006	11	17	0,2	29	53	74,8	97	1,07	317,57	
22/12/2006	12	14	0,2	14	31	72,1	51	0,7	314,63	
22/12/2006	13	11	0,1	15	40	69,6	63	0,4	328,15	
22/12/2006	14	9	0,1	4	17	48	23	0,97	81,38	
22/12/2006	15	7	0,1	4	15	16,7	20	1,33	102,7	
22/12/2006	16	7	0,1	4	17	14,3	22	0,85	106,17	
22/12/2006	17	5	0,1	3	18	17,9	22	1,08	55,62	
22/12/2006	18	5	0,1	3	26	14	31	1,72	30,04	
22/12/2006	19	5	0,1	3	19	23,6	23	2,3	329,54	
22/12/2006	20	5	0,2	4	19	8,9	25	1,27	297,18	
22/12/2006	21	4	0,1	4	25	16,4	31	1,38	245,5	
22/12/2006	22	4	0,1	2	14	23,5	18	1,62	306,9	
22/12/2006	23	4	0,1	3	20	18,2	24	1,68	316,77	
23/12/2006	00	5	0,1	4	22	30,7	28	1,43	319,83	
23/12/2006	01	6	0,1	4	25	21,3	32	1,2	320,45	
23/12/2006	02	9	0,2	5	31	28,1	39	0,62	305,79	
23/12/2006	03	12	0,1	4	28	37,1	35	0,7	319,51	
23/12/2006	04	8	0,1	3	16	29,6	20	1,17	326,37	
23/12/2006	05	6	0,1	3	13	13,3	19	0,97	356,51	
23/12/2006	06	5	0,1	3	13	5,4	17	0,92	323,62	
23/12/2006	07	4	0,1	2	12	14,5	15	1,03	323,73	
23/12/2006	08	4	0,1	2	14	6,4	17	0,85	356,08	
23/12/2006	09	3	0,1	3	10	5,4	14	1,5	42,4	
23/12/2006	10	4	0,1	3	11	6,4	16	1,22	4,06	
23/12/2006	11	3	0,1	3	12	9,6	17	1,65	27,51	
23/12/2006	12	3	0,1	3	11	8,6	16	1,83	45,1	
23/12/2006	13	3	0,1	3	11	16,6	15	2,83	41,96	
23/12/2006	14	3	0,1	3	10	15,6	14	2,57	50,74	
23/12/2006	15	3	0,1	4	8	7,2	14	2,62	60,59	
23/12/2006	16	3	0,1	4	10	3,9	16	1,87	44,8	
23/12/2006	17	3	0,2	3	17	11	23	1,3	324,23	
23/12/2006	18	4	0,1	3	15	18,3	19	1,72	307,78	
23/12/2006	19	4	0,1	2	13	12,4	17	2	303,17	
23/12/2006	20	4	0,1	3	13	16	17	1,67	313,91	
23/12/2006	21	4	0,1	3	14	13,9	18	1,65	321,18	
23/12/2006	22	4	0,1	3	10	11,3	15	1,93	331,86	
23/12/2006	23	8	0,1	2	8	16,2	11	2,02	327,58	
24/12/2006	00	16	0,1	2	10	13,9	13	2,02	327,47	
24/12/2006	01	31	0,1	2	9	4,3	12	2,27	318,95	
24/12/2006	02	28	0,1	2	7	11,5	10	1,98	314,47	
24/12/2006	03	22	0,1	3	7	3,7	11	1,75	302,02	
24/12/2006	04	16	0,1	2	8	4,2	10	1,27	299,87	
24/12/2006	05	18	0,1	2	9	6	12	1,37	315,46	
24/12/2006	06	23	0,1	2	11	5,4	14	1,13	325,67	
24/12/2006	07	18	0,1	2	9	3,5	11	1,43	314,72	
24/12/2006	08	25	0,1	2	10	6,2	12	1,67	299,81	
24/12/2006	09	26	0,1	3	12	3,9	17	0,93	331,28	
24/12/2006	10	20	0,1	3	17	2,1	22	0,65	333,65	
24/12/2006	11	20	0,1	3	11	15,2	15	0,9	331,39	
24/12/2006	12	18	0,1	2	9	6,9	12	0,97	18,45	
24/12/2006	13	9	0,1	2	12	7	15	0,65	44,45	
24/12/2006	14	8	0,1	2	14	11,6	16	0,45	76,3	
24/12/2006	15	6	0,1	3	8	29,5	11	0,67	48,32	
24/12/2006	16	5	0,1	2	13	15,3	16	0,43	65,49	
24/12/2006	17	5	0,2	2	30	14,9	31	0,3	10,54	
24/12/2006	18	8	0,5	3	46	22,9	49	0,37	354,5	
24/12/2006	19	8	0,5	5	46	24,6	54	0,57	353,2	
24/12/2006	20	9	0,6	3	38	29,4	43	0,65	317,35	
24/12/2006	21	7	0,7	3	34	19,4	38	0,58	301,7	
24/12/2006	22	8	0,4	2	17	42,1	19	0,7	305,07	
24/12/2006	23	14	0,3	2	17	25,9	19	0,78	303,65	
25/12/2006	00	17	0,2	2	18	13,7	19	1,08	308,72	
25/12/2006	01	11	0,1	2	16	6	18	0,83	311,13	
25/12/2006	02	5	0,1	2	14	10,3	16	0,7	308,24	
25/12/2006	03	3	0,1	2	9	8,5	11	0,8	302,28	
25/12/2006	04	3	0,1	2	8	4,1	10	1,03	308,54	
25/12/2006	05	3	0,1	2	6	1,1	8	0,93	305,34	
25/12/2006	06	3	0,1	3	6	1,4	8	0,85	302,73	
25/12/2006	07	4	0,1	2	6	1	8	1,63	308,79	
25/12/2006	08	3	0,1	2	7	1	9	1,67	314,4	
25/12/2006	09	3	0,1	3	6	1	9	1,42	306,17	
25/12/2006	10	3	0,1	2	7	1,3	9	1,35	309,57	
25/12/2006	11	3	0,1	2	12	3,7	15	0,83	318,98	
25/12/2006	12	3	0,1	2	15	2,4	17	0,47	323,03	
25/12/2006	13	3	0,1	2	10	2	12	0,3	9,04	
25/12/2006	14	9	0,1	2	12	13,3	15	0,57	153,35	
25/12/2006	15	11	0,1	2	10	8,4	12	0,42	182,49	
25/12/2006	16	5	0,1	3	10	6,9	13	0,43	171,56	
25/12/2006	17	4	0,1	3	29	11,9	33	0,33	124,73	
25/12/2006	18	3	0,2	3	35	21,6	38	0,3	9,41	
25/12/2006	19	5	0,9	15	58	23,6	82	0,32	339,31	
25/12/2006	20	7	0,6	13	51	47,8	72	0,58	324,4	
25/12/2006	21	8	0,6	9	47	31,9	61	0,42	309,01	
25/12/2006	22	6	0,4	7	39	36,5	50	0,7	312,43	
25/12/2006	23	4	0,2	3	31	21,2	35	1	318,91	
26/12/2006	00	4	0,3	2	21		25	0,77	320,71	
26/12/2006	01	3	0,1	2	26		28	0,78	313,16	
26/12/2006	02	3	0,1	2	22		25	0,88	315,13	
26/12/2006	03	3	0,1	3	21	2	24	1,3	320,35	
26/12/2006	04	3	0,1	3	22	2,9	25	1,42	322,86	
26/12/2006	05	3	0,1	2	24	4,9	27	0,95	312,6	
26/12/2006	06	3	0,1	4	33	10,3	39	1,03	314,27	
26/12/2006	07	4	0,2	16	44	8,1	69	0,88	310,97	
26/12/2006	08	4	0,1	15	45	35,6	68	1,58	322,4	
26/12/2006	09	8	0,1	28	49	25,2	92	0,85	311,04	
26/12/2006	10	6	0,1	26	40	40	79	0,7	312,38	
26/12/2006	11	12	0,2	29	43	33,3	87	0,33	325,64	
26/12/2006	12	9	0,1	3	15	38,8	19	0,42	157,16	
26/12/2006	13	10	0,1	4	17	13,3	23	0,68	130,77	
26/12/2006	14	7	0,1	3	15	16,8	21	0,72	154,96	
26/12/2006	15	6	0,1	4	19	9,2	25	0,72	154,25	
26/12/2006	16	6	0,1	3	23	17	28	0,48	131,34	
26/12/2006	17	4	0,2	7	38	13,6	48	0,3	179,96	
26/12/2006	18	5	1	37	64	27,8	120	0,3	253,3	
26/12/2006	19	9	1	88	71	57	206	0,37	311,32	
26/12/2006	20	8	0,7	65	57	76,9	157	0,48	311,06	
26/12/2006	21	8	0,5	35	49	72,9	102	0,97	317,9	
26/12/2006	22	9	0,2	22	45	54,1	79	1,02	314,95	
26/12/2006	23	7	0,1	8	36	40,3	49	1,13	307,8	
27/12/2006	00	6	0,1	8	34	27	46	1,17	304,78	
27/12/2006	01	6	0,1	4	32	21,4	37	1,17	307,76	
27/12/2006	02	6	0,1	6	33	22,4	41	0,88	312,76	
27/12/2006	03	6	0,1	5	37	23,8	45	1,22	320,26	
27/12/2006	04	6	0,1	3	29	17,9	34	1,03	313,92	
27/12/2006	05	5	0,1	4	30	15,7	37	0,95	310,43	
27/12/2006	06	4	0,1	7	37	16,6	48	0,78	309,67	
27/12/2006	07	6	0,1	20	43	26,7	74	0,98	311,41	
27/12/2006	08	8	0,3	51	50	34,5	127	0,88	309,58	
27/12/2006	09	10	0,3	47	47	65,3	119	0,97	309,7	
27/12/2006	10	10	0,2	47	44	66,9	115	0,57	303,36	
27/12/2006	11	11	0,2	34	46	58,8	98	0,38	307,21	
27/12/2006	12	8	0,1	10	28	66,5	42	0,48	37,56	
27/12/2006	13	10	0,1	5	24	27,6	33	0,72	123,82	
27/12/2006	14	12	0,1	5	27	19	34	0,75	111,66	
27/12/2006	15	9	0,1	5	23	13,7	31	0,65	122,1	
27/12/2006	16	10	0,1	7	29	21,1	39	0,57	118,79	
27/12/2006	17	9	0,1	22	46	19,4	80	0,3	131,88	
27/12/2006	18	9	0,5	56	61	33	147	0,32	166,56	
27/12/2006	19	10	1,3	78	69	50,5	189	0,3	327,57	
27/12/2006	20	13	1,1	122	68	109,4	256	0,47	321,93	
27/12/2006	21	6	0,6	39	46	86,4	106	0,78	316,57	
27/12/2006	22	6	0,4	29	41	55,6	86	0,7	307,53	
27/12/2006	23	4	0,3	18	35	55,3	62	0,9	305,87	
28/12/2006	00	7	0,1	14	36	41,2	58	1,08	311,79	
28/12/2006	01	6	0,1	9	25	31,9	39	1,07	318,23	
28/12/2006	02	6	0,1	12	36	27,3	54	1,3	316,85	
28/12/2006	03	6	0,1	7	33	36,7	43	1,23	316,39	
28/12/2006	04	4	0,1	4	29	27,8	35	1,48	317,76	
28/12/2006	05	5	0,1	7	31	14,7	41	1,47	313,19	
28/12/2006	06	4	0,1	5	28	21,8	36	1,28	311,36	
28/12/2006	07	5	0,1	13	38	23,5	59	1,33	312,37	
28/12/2006	08	5	0,1	18	38	25,4	65	1,52	312,34	
28/12/2006	09	9	0,1	30	41	34,1	87	1,17	312,23	
28/12/2006	10	14	0,1	37	40	45,9	97	0,7	307,46	
28/12/2006	11	16	0,1	25	39	51,1	77	0,35	305,19	
28/12/2006	12	13	0,1	6	23	50,9	32	0,3	325,32	
28/12/2006	13	9	0,1	4	17	27,4	22	0,62	171,64	
28/12/2006	14	7	0,1	3	15	19,9	19	1,02	182,47	
28/12/2006	15	5	0,1	3	16	24,4	19	1,02	168,42	
28/12/2006	16	5	0,1	2	19	21,3	22	0,83	154,3	
28/12/2006	17	5	0,2	12	45	24,8	63	0,37	137,79	
28/12/2006	18	6	0,6	46	62	40,8	131	0,3	358,73	
28/12/2006	19	9	1,3	86	79	72,1	211	0,3	338,81	
28/12/2006	20	9	1,1	90	65	110,8	202	0,47	307,72	
28/12/2006	21	5	0,5	23	48	103,5	83	0,63	305,1	
28/12/2006	22	5	0,4	13	44	66,4	63	0,73	316,68	
28/12/2006	23	5	0,2	6	35	47,4	43	1,03	309,58	
29/12/2006	00	5	0,2	9	36	38,9	49	1	316,76	
29/12/2006	01	4	0,1	4	30	33	36	1,22	323,08	
29/12/2006	02	4	0,1	7	34	43,3	45	1,17	315,69	
29/12/2006	03	4	0,1	6	28	31,4	38	1,07	320,53	
29/12/2006	04	4	0,1	8	33	26,4	44	0,92	309,48	
29/12/2006	05	4	0,1	5	28	28,7	35	1,35	311,96	
29/12/2006	06	4	0,1	6	28	29,3	37	1,22	311,19	
29/12/2006	07	4	0,2	12	35	29,7	53	1,02	309,72	
29/12/2006	08	4	0,2	19	38	34,2	67	1,13	312,87	
29/12/2006	09	4	0,1	25	35	38,5	74	1,37	313,27	
29/12/2006	10	6	0,1	22	36	39	70	1,2	318,5	
29/12/2006	11	7	0,1	15	32	49,3	55	0,6	344,62	
29/12/2006	12	10	0,1	14	35	39	56	0,58	51,63	
29/12/2006	13	17	0,1	13	36	29,4	55	0,67	77,31	
29/12/2006	14	39	0,1	11	49	31,7	67	0,52	101,12	
29/12/2006	15	49	0,1	10	44	49,7	59	0,48	70,75	
29/12/2006	16	34	0,1	9	45	50,6	58	0,48	112,97	
29/12/2006	17	17	0,1	15	52	44,6	75	0,35	49,43	
29/12/2006	18	11	0,6	38	62	45,1	121	0,32	320,26	
29/12/2006	19	12	0,9	68	69	57,8	174	0,37	324,07	
29/12/2006	20	10	0,7	44	57	89,6	124	0,42	319,99	
29/12/2006	21	9	0,8	43	49	66,2	115	0,47	307,45	
29/12/2006	22	7	0,6	24	40	68,2	77	0,53	295,82	
29/12/2006	23	5	0,3	14	36	51,4	58	0,78	306,2	
30/12/2006	00	5	0,3	10	33	41,8	47	0,65	299,47	
30/12/2006	01	4	0,2	5	22	39,2	30	1,03	314,42	
30/12/2006	02	4	0,1	5	28	40,7	36	1,03	314,34	
30/12/2006	03	4	0,1	5	28	27,4	36	0,83	310,07	
30/12/2006	04	4	0,1	3	25	22,3	30	1,18	317,45	
30/12/2006	05	4	0,1	3	26	18,2	31	0,88	306,41	
30/12/2006	06	4	0,1	3	19	19,6	23	1,17	311,28	
30/12/2006	07	3	0,1	4	25	17,3	30	1,12	308,51	
30/12/2006	08	4	0,1	5	29	16,8	36	1,1	310,39	
30/12/2006	09	5	0,2	11	30	26,5	47	0,72	309,16	
30/12/2006	10	5	0,2	13	27	31,6	47	0,57	296,2	
30/12/2006	11	7	0,1	4	20	37,4	27	0,38	289,87	
30/12/2006	12	6	0,1	2	18	29,2	20	0,73	192,51	
30/12/2006	13	5	0,1	3	16	20,3	21	0,62	151,69	
30/12/2006	14	5	0,1	4	20	21,5	25	0,68	146,94	
30/12/2006	15	4	0,1	3	19	25,7	23	0,55	132,69	
30/12/2006	16	3	0,1	2	18	22,5	20	0,35	126,17	
30/12/2006	17	3	0,2	4	38	24,3	44	0,3	32,91	
30/12/2006	18	6	0,6	13	56	33,1	75	0,3	356,75	
30/12/2006	19	9	1	40	64	51	126	0,35	329,79	
30/12/2006	20	13	0,9	31	54	61	102	0,37	304,75	
30/12/2006	21	16	0,9	22	51	69,3	85	0,43	307,38	
30/12/2006	22	14	0,8	15	44	62,6	66	0,45	305,78	
30/12/2006	23	10	0,4	4	36	53,1	41	0,47	316,13	
31/12/2006	00	8	0,4	4	31	37,7	37	0,57	318,39	
31/12/2006	01	5	0,3	2	22	37,7	23	0,43	318,91	
31/12/2006	02	5	0,1	2	18	18	20	1,18	319,28	
31/12/2006	03	4	0,1	3	16	15	19	1,23	315,4	
31/12/2006	04	3	0,1	2	18	9,5	20	1,17	316,36	
31/12/2006	05	3	0,1	2	22	4,5	25	0,93	323,09	
31/12/2006	06	3	0,1	2	14	12,1	15	0,82	331,49	
31/12/2006	07	4	0,1	3	20	8,2	23	0,43	314,22	
31/12/2006	08	4	0,1	2	20	18,2	23	1	323,83	
31/12/2006	09	4	0,2	5	21	7,8	28	1,05	319,02	
31/12/2006	10	4	0,1	6	20	14,6	28	0,8	320,69	
31/12/2006	11	7	0,1	5	22	12,4	30	0,32	298,12	
31/12/2006	12	43	0,1	3	15	11,9	17	0,3	2,52	
31/12/2006	13	29	0,1	3	13	15,2	17	0,9	161,26	
31/12/2006	14	19	0,1	2	15	23,2	18	0,68	169,3	
31/12/2006	15	10	0,1	2	11	13,2	15	0,7	161,2	
31/12/2006	16	6	0,1	3	12	15,2	15	0,42	166,07	
31/12/2006	17	5	0,2	5	31	13,6	39	0,32	136,91	
31/12/2006	18	5	0,3	16	43	19,9	68	0,3	48,27	
31/12/2006	19	4	0,6	22	50	29	83	0,3	351,35	
31/12/2006	20	6	1,7	50	60	50,1	136	0,32	249,4	
31/12/2006	21	5	1,5	23	46	102,2	82	0,35	308,27	
31/12/2006	22	4	0,9	7	38	89,8	49	0,3	314,14	
31/12/2006	23	3	0,6	3	32	59,7	36	0,37	310,66	
