Red: Red de Vigilancia y Control de la Contaminación Atmosférica
Estación: 12040009-Castelló - Ermita
	
FECHA	HORA	SO2	NO	NO2	NOx	O3
		µg/m³	µg/m³	µg/m³	µg/m³	µg/m³
01/01/2025	00		3	13	17	31
01/01/2025	01		3	14	18	30
01/01/2025	02		3	14	19	26
01/01/2025	03		3	12	16	31
01/01/2025	04		3	12	16	46
01/01/2025	05		3	12	16	61
01/01/2025	06		3	12	16	39
01/01/2025	07		3	13	17	34
01/01/2025	08		3	12	16	35
01/01/2025	09		3	12	16	31
01/01/2025	10		3	12	16	32
01/01/2025	11		3	12	16	32
01/01/2025	12		3	13	17	36
01/01/2025	13		3	13	17	42
01/01/2025	14		3	12	16	77
01/01/2025	15		3	12	17	79
01/01/2025	16		3	12	16	72
01/01/2025	17		3	13	17	60
01/01/2025	18		3	13	17	59
01/01/2025	19		3	13	17	52
01/01/2025	20		3	18	22	42
01/01/2025	21		4	28	34	13
01/01/2025	22		8	23	35	3
01/01/2025	23		3	18	23	6
02/01/2025	00		3	13	17	9
02/01/2025	01		3	12	16	13
02/01/2025	02		2	11	15	13
02/01/2025	03		3	12	15	15
02/01/2025	04		2	12	15	15
02/01/2025	05		3	12	16	10
02/01/2025	06		3	16	20	14
02/01/2025	07		6	20	30	11
02/01/2025	08		9	21	35	11
02/01/2025	09		10	20	35	11
02/01/2025	10		5	19	27	24
02/01/2025	11		4	18	24	37
02/01/2025	12		4	16	23	50
02/01/2025	13		3	14	18	61
02/01/2025	14		3	13	17	62
02/01/2025	15		3	18	23	54
02/01/2025	16		3	14	19	53
02/01/2025	17		3	18	23	46
02/01/2025	18		3	29	34	23
02/01/2025	19		28	50	93	9
02/01/2025	20		17	35	62	4
02/01/2025	21		4	22	27	11
02/01/2025	22		3	16	21	14
02/01/2025	23		3	16	21	17
03/01/2025	00		3	12	16	23
03/01/2025	01		2	11	15	24
03/01/2025	02		3	12	16	20
03/01/2025	03		2	11	15	20
03/01/2025	04		2	11	15	17
03/01/2025	05		3	12	16	17
03/01/2025	06		6	18	28	10
03/01/2025	10	3	11	17	33	15
03/01/2025	11	3	8	18	31	25
03/01/2025	12	4	4	16	22	48
03/01/2025	13	3	3	6	10	64
03/01/2025	14	4	2	5	8	71
03/01/2025	15	6	2	12	15	58
03/01/2025	16	4	2	10	13	57
03/01/2025	17	3	2	13	15	44
03/01/2025	18	3	2	23	26	30
03/01/2025	19	4	8	33	45	21
03/01/2025	20	6	38	57	115	6
03/01/2025	21	4	20	32	62	6
03/01/2025	22	3	5	26	33	5
03/01/2025	23	4	13	23	44	4
04/01/2025	00	3	7	15	25	4
04/01/2025	01	3	2	10	14	9
04/01/2025	02	3	2	11	15	10
04/01/2025	03	3	2	11	14	13
04/01/2025	04	3	2	7	10	17
04/01/2025	05	3	3	10	14	14
04/01/2025	06	3	4	10	16	7
04/01/2025	07	3	2	11	14	12
04/01/2025	08	3	3	20	26	8
04/01/2025	09	3	3	13	17	15
04/01/2025	10	3	4	13	19	21
04/01/2025	11	3	4	14	20	34
04/01/2025	12	4	3	8	12	49
04/01/2025	13	6	2	9	12	54
04/01/2025	14	5	2	6	9	60
04/01/2025	15	7	2	6	9	67
04/01/2025	16	5	2	5	8	67
04/01/2025	17	3	2	5	7	60
04/01/2025	18	3	2	13	16	38
04/01/2025	19	4	8	33	44	11
04/01/2025	20	4	12	28	47	4
04/01/2025	21	3	2	16	20	10
04/01/2025	22	3	2	14	17	12
04/01/2025	23	3	2	10	13	14
05/01/2025	00	3	2	7	9	17
05/01/2025	01	3	2	5	8	17
05/01/2025	02	3	1	4	7	20
05/01/2025	03	3	2	4	6	22
05/01/2025	04	3	1	4	6	26
05/01/2025	05	3	1	4	6	22
05/01/2025	06	3	2	4	6	22
05/01/2025	07	3	2	4	6	22
05/01/2025	08	3	1	3	6	21
05/01/2025	09	3	2	4	6	20
05/01/2025	10	4	2	5	8	19
05/01/2025	11	4	2	6	10	35
05/01/2025	12	6	2	7	10	45
05/01/2025	13	11	3	11	15	40
05/01/2025	14	16	3	14	18	44
05/01/2025	15	19	2	10	12	56
05/01/2025	16	17	2	8	10	55
05/01/2025	17	12	2	18	22	36
05/01/2025	18	8	7	38	48	7
05/01/2025	19	6	9	36	49	6
05/01/2025	20	5	7	29	40	8
05/01/2025	21	5	10	29	44	6
05/01/2025	22	4	5	17	25	5
05/01/2025	23	6	2	8	11	41
06/01/2025	00	5	2	4	7	62
06/01/2025	01	6	2	4	7	65
06/01/2025	02	4	2	4	7	61
06/01/2025	03	3	2	5	8	54
06/01/2025	04	4	2	5	8	52
06/01/2025	05	4	2	6	8	44
06/01/2025	06	4	6	16	25	19
06/01/2025	07	5	13	20	40	7
06/01/2025	08	4	3	14	19	15
06/01/2025	09	4	2	15	18	22
06/01/2025	10	5	2	6	9	61
06/01/2025	11	6	2	4	7	72
06/01/2025	12	5	2	4	7	70
06/01/2025	13	4	2	5	7	72
06/01/2025	14	4	2	4	7	74
06/01/2025	15	3	2	6	9	69
06/01/2025	16	4	2	10	13	59
06/01/2025	17	4	3	13	17	43
06/01/2025	18	4	2	4	7	74
06/01/2025	19	4	2	4	7	73
06/01/2025	20	3	2	6	8	67
06/01/2025	21	3	2	6	9	62
06/01/2025	22	3	2	12	14	38
06/01/2025	23	3	2	17	19	23
07/01/2025	00	3	2	7	10	40
07/01/2025	01	3	2	6	9	48
07/01/2025	02	3	2	4	7	46
07/01/2025	03	3	2	5	7	39
07/01/2025	04	4	3	15	20	25
07/01/2025	05	3	3	16	21	22
07/01/2025	06	4	4	11	16	33
07/01/2025	07	6	29	40	84	5
07/01/2025	08	7	38	48	106	4
07/01/2025	09	8	36	42	97	9
07/01/2025	10	8	10	27	42	23
07/01/2025	11	5	3	12	18	49
07/01/2025	12	6	3	12	16	59
07/01/2025	13	4	4	8	13	67
07/01/2025	14	3	2	7	10	75
07/01/2025	15	3	4	8	13	72
07/01/2025	16	3	3	9	14	63
07/01/2025	17	3	4	22	27	37
07/01/2025	18	3	3	22	26	27
07/01/2025	19	4	14	39	60	6
07/01/2025	20	9	20	41	71	5
07/01/2025	21	10	7	34	44	7
07/01/2025	22	9	6	30	39	6
07/01/2025	23	8	3	23	27	10
08/01/2025	00	9	6	24	33	7
08/01/2025	01	7	2	11	14	24
08/01/2025	02	6	2	7	9	34
08/01/2025	03	4	2	4	6	39
08/01/2025	04	4	2	9	11	31
08/01/2025	05	7	2	21	25	17
08/01/2025	06	8	7	24	33	13
08/01/2025	07	9	19	37	65	6
08/01/2025	08	13	32	38	88	5
08/01/2025	09	27	33	42	93	9
08/01/2025	10	46	31	43	90	10
08/01/2025	11	35	22	43	76	18
08/01/2025	12	17	7	21	32	42
08/01/2025	13	7	3	10	15	62
08/01/2025	14	5	2	7	9	67
08/01/2025	15	4	3	13	18	57
08/01/2025	16	3	3	8	13	58
08/01/2025	17	4	4	9	15	64
08/01/2025	18	3	3	9	14	64
08/01/2025	19	3	2	6	9	70
08/01/2025	20	3	2	4	7	79
08/01/2025	21	3	2	4	7	77
08/01/2025	22	4	2	4	7	75
08/01/2025	23	5	2	5	7	77
09/01/2025	00	5	2	5	7	72
09/01/2025	01	5	2	4	7	70
09/01/2025	02	20	2	6	8	59
09/01/2025	03	20	2	7	10	49
09/01/2025	04	10	2	17	20	32
09/01/2025	05	23	8	34	45	9
09/01/2025	06	19	4	29	35	18
09/01/2025	07	13	6	30	39	18
09/01/2025	08	8	14	32	52	15
09/01/2025	09	11	17	38	64	11
09/01/2025	10	11	10	23	37	27
09/01/2025	11	8	5	9	15	56
09/01/2025	12	6	4	8	14	62
09/01/2025	13	5	3	8	13	62
09/01/2025	14	5	3	7	11	66
09/01/2025	15	4	2	5	7	71
09/01/2025	16	4	2	7	10	66
09/01/2025	17	4	2	9	12	61
09/01/2025	18	4	15	47	71	14
09/01/2025	19	4	8	41	53	12
09/01/2025	20	5	3	27	31	21
09/01/2025	21	8	3	28	33	16
09/01/2025	22	7	2	29	32	13
09/01/2025	23	7	3	18	22	16
10/01/2025	00	6	2	16	19	16
10/01/2025	01	6	2	15	17	14
10/01/2025	02	9	2	17	19	16
10/01/2025	03	9	2	21	24	11
10/01/2025	04	8	2	16	19	14
10/01/2025	05	9	3	21	25	9
10/01/2025	06	7	5	21	28	10
10/01/2025	07	7	15	27	49	8
10/01/2025	08	10	23	38	74	5
10/01/2025	09	12	19	36	66	10
10/01/2025	10	9	7	19	30	28
10/01/2025	11	16	7	19	29	31
10/01/2025	12	9	3	8	12	48
10/01/2025	13	13	3	10	15	49
10/01/2025	14	13	3	6	10	59
10/01/2025	15	8	2	4	7	72
10/01/2025	16	6	2	9	12	57
10/01/2025	17	6	2	13	16	39
10/01/2025	18	5	5	20	27	26
10/01/2025	19	8	17	40	66	4
10/01/2025	20	8	10	33	47	4
10/01/2025	21	8	6	28	38	7
10/01/2025	22	10	6	32	42	5
10/01/2025	23	10	3	23	27	10
11/01/2025	00	12	2	25	28	12
11/01/2025	01	15	2	29	32	10
11/01/2025	02	15	2	24	26	17
11/01/2025	03	14	2	20	23	15
11/01/2025	04	15	2	17	20	25
11/01/2025	05	15	2	24	27	19
11/01/2025	06	13	3	22	26	14
11/01/2025	07	13	2	27	30	15
11/01/2025	08	14	6	31	40	9
11/01/2025	09	14	6	27	36	18
11/01/2025	10	20	3	11	15	44
11/01/2025	11	10	2	6	8	66
11/01/2025	12	6	2	4	7	77
11/01/2025	13	6	2	5	7	87
11/01/2025	14	5	2	5	7	89
11/01/2025	15	5	2	4	7	93
11/01/2025	16	5	2	4	7	92
11/01/2025	17	5	2	4	7	88
11/01/2025	18	6	2	4	7	85
11/01/2025	19	5	2	4	7	86
11/01/2025	20	5	2	5	7	87
11/01/2025	21	5	2	4	7	89
11/01/2025	22	5	2	5	7	87
11/01/2025	23	8	2	4	6	83
12/01/2025	00	6	2	4	7	86
12/01/2025	01	6	2	5	7	85
12/01/2025	02	8	2	4	7	80
12/01/2025	03	9	2	5	7	76
12/01/2025	04	9	2	4	7	77
12/01/2025	05	8	2	4	7	80
12/01/2025	06	10	2	5	7	76
12/01/2025	07	13	2	6	8	63
12/01/2025	08	7	2	4	7	79
12/01/2025	09	5	2	4	7	85
12/01/2025	10		2	6	9	
12/01/2025	11	3	2	4	7	86
12/01/2025	12	3	2	4	7	85
12/01/2025	13	3	2	4	6	85
12/01/2025	14	3	2	4	6	87
12/01/2025	15	3	2	4	7	87
12/01/2025	16	3	2	4	6	86
12/01/2025	17	3	2	4	7	84
12/01/2025	18	3	2	5	7	82
12/01/2025	19	4	2	5	8	78
12/01/2025	20	4	2	7	10	68
12/01/2025	21	3	2	14	16	44
12/01/2025	22	4	2	22	26	22
12/01/2025	23	6	3	20	23	16
13/01/2025	00	6	2	11	13	20
13/01/2025	01	6	2	6	9	37
13/01/2025	02	7	2	4	6	52
13/01/2025	03	9	1	5	8	51
13/01/2025	04	12	1	15	17	37
13/01/2025	05	16	2	23	25	16
13/01/2025	06	18	4	26	33	11
13/01/2025	07	17	9	31	45	8
13/01/2025	08	22	12	34	52	5
13/01/2025	09	21	13	23	43	14
13/01/2025	10	11	6	18	27	32
13/01/2025	11	11	5	16	24	43
13/01/2025	12	5	2	10	13	75
13/01/2025	13	4	2	6	9	75
13/01/2025	14	3	2	6	9	81
13/01/2025	15	3	2	5	7	82
13/01/2025	16	3	2	7	9	83
13/01/2025	17	3	2	4	7	77
13/01/2025	18	3	2	7	10	58
13/01/2025	19	3	2	11	13	54
13/01/2025	20	4	15	39	63	9
13/01/2025	21	5	9	33	47	6
13/01/2025	22	6	2	21	23	14
13/01/2025	23	6	1	10	12	29
14/01/2025	00	8	1	9	11	30
14/01/2025	01	21	1	22	24	13
14/01/2025	02	19	1	10	12	25
14/01/2025	03	19	1	12	14	23
14/01/2025	04	15	1	12	14	26
14/01/2025	05	16	2	20	22	14
14/01/2025	06	18	4	26	32	11
14/01/2025	07	24	15	34	58	6
14/01/2025	08	24	16	34	58	6
14/01/2025	09	15	10	28	44	15
14/01/2025	10	19	9	25	39	23
14/01/2025	11	7	5	17	24	44
14/01/2025	12	7	2	9	12	69
14/01/2025	13	12	2	8	10	72
14/01/2025	14	5	2	5	8	76
14/01/2025	15	3	2	6	8	78
14/01/2025	16	4	2	8	12	70
14/01/2025	17	4	7	25	36	50
14/01/2025	18	5	12	51	70	13
14/01/2025	19	8	34	62	114	6
14/01/2025	20	7	22	43	76	4
14/01/2025	21	7	6	33	42	5
14/01/2025	22	12	2	31	33	9
14/01/2025	23	20	1	26	28	10
15/01/2025	00	25	2	22	24	13
15/01/2025	01	32	4	34	39	5
15/01/2025	02	21	1	22	25	11
15/01/2025	03	20	1	15	17	16
15/01/2025	04	20	2	20	23	11
15/01/2025	05	17	3	20	25	8
15/01/2025	06	16	10	29	44	4
15/01/2025	07	17	19	30	59	4
15/01/2025	08	20	28	32	75	5
15/01/2025	09	22	22	27	61	8
15/01/2025	10	39	22	39	72	11
15/01/2025	11	30	9	24	38	31
15/01/2025	12	11	5	13	20	63
15/01/2025	13	9	4	9	16	73
15/01/2025	14	7	2	8	11	76
15/01/2025	15	6	3	10	15	73
15/01/2025	16	5	4	17	23	62
15/01/2025	17	7	7	38	49	30
15/01/2025	18	8	21	54	86	6
15/01/2025	19	9	20	55	86	5
15/01/2025	20	14	35	52	106	5
15/01/2025	21	31	11	41	57	4
15/01/2025	22	30	8	36	48	4
15/01/2025	23	32	4	35	42	3
16/01/2025	00	24	4	31	38	4
16/01/2025	01	20	2	28	30	5
16/01/2025	02	19	2	23	25	6
16/01/2025	03	16	1	21	23	10
16/01/2025	04	20	1	24	26	7
16/01/2025	05	26	3	25	30	6
16/01/2025	06	25	9	31	45	6
16/01/2025	07	26	22	41	74	5
16/01/2025	08	24	29	42	86	5
16/01/2025	09	22	39	45	105	6
16/01/2025	10	10	2	6	9	62
16/01/2025	11	7	1	4	6	73
16/01/2025	12	5	2	4	7	79
16/01/2025	13	4	2	4	7	82
16/01/2025	14	3	2	4	7	83
16/01/2025	15	4	2	5	7	79
16/01/2025	16	4	2	5	8	75
16/01/2025	17	3	2	4	7	75
16/01/2025	18	3	2	4	6	74
16/01/2025	19	3	1	12	14	54
16/01/2025	20	3	2	9	11	59
16/01/2025	21	3	2	4	6	72
16/01/2025	22	3	2	4	6	68
16/01/2025	23	3	1	4	6	66
17/01/2025	00	3	2	4	6	67
17/01/2025	01	3	2	4	6	65
17/01/2025	02	3	2	4	6	67
17/01/2025	03	3	1	4	6	66
17/01/2025	04	3	1	3	6	68
17/01/2025	05	3	2	4	6	70
17/01/2025	06	3	2	4	6	68
17/01/2025	07	3	2	4	6	67
17/01/2025	08	3	1	4	6	65
17/01/2025	09	3	1	4	6	63
17/01/2025	10	5	2	4	7	64
17/01/2025	14	3	2	4	7	69
17/01/2025	15	3	2	4	6	70
17/01/2025	16	4	2	5	7	70
17/01/2025	17	3	2	8	10	57
17/01/2025	18	3	2	8	11	47
17/01/2025	19	3	2	8	11	49
17/01/2025	20	3	2	16	19	32
17/01/2025	21	3	2	16	18	36
17/01/2025	22	3	1	9	11	43
17/01/2025	23	3	1	5	8	39
18/01/2025	00	6	2	17	20	21
18/01/2025	01	9	2	21	24	18
18/01/2025	02	5	1	4	6	30
18/01/2025	03	6	1	5	7	27
18/01/2025	04	6	1	7	9	32
18/01/2025	05	4	1	4	6	41
18/01/2025	06	4	1	3	5	40
18/01/2025	07	4	1	3	5	40
18/01/2025	08	4	1	3	6	42
18/01/2025	09	5	1	4	6	47
18/01/2025	10	5	1	4	6	52
18/01/2025	11	4	2	6	8	55
18/01/2025	12	5	2	7	9	58
18/01/2025	13	5	2	5	8	78
18/01/2025	14	6	2	6	9	82
18/01/2025	15	4	2	4	6	83
18/01/2025	16	4	2	4	7	82
18/01/2025	17	3	2	17	19	59
18/01/2025	18	3	3	38	43	23
18/01/2025	19	5	29	47	91	12
18/01/2025	20	5	28	37	80	4
18/01/2025	21	4	4	26	32	5
18/01/2025	22	6	4	29	35	6
18/01/2025	23	8	2	24	28	8
19/01/2025	00	6	2	16	18	9
19/01/2025	01	11	2	16	19	10
19/01/2025	02	13	1	18	21	11
19/01/2025	03	15	1	23	25	9
19/01/2025	04	18	1	23	25	14
19/01/2025	05	12	1	9	10	28
19/01/2025	06	8	1	4	5	40
19/01/2025	07	10	1	6	8	35
19/01/2025	08	13	1	8	10	32
19/01/2025	09	18	1	14	17	27
19/01/2025	10	21	3	12	16	33
19/01/2025	11	40	5	24	32	33
19/01/2025	12	12	2	5	8	71
19/01/2025	13	7	2	4	6	77
19/01/2025	14	8	3	5	9	79
19/01/2025	15	6	2	4	7	81
19/01/2025	16	5	2	4	6	82
19/01/2025	17	4	2	9	12	67
19/01/2025	18	4	2	12	14	58
19/01/2025	19	4	6	32	41	39
19/01/2025	20	5	22	51	83	6
19/01/2025	21	5	4	31	37	7
19/01/2025	22	8	4	32	38	6
19/01/2025	23	11	3	27	31	10
20/01/2025	00	12	2	22	24	17
20/01/2025	01	15	2	23	25	14
20/01/2025	02	21	1	22	24	16
20/01/2025	03	24	1	25	27	14
20/01/2025	04	21	1	18	20	18
20/01/2025	05	26	3	28	32	6
20/01/2025	06	18	7	22	32	8
20/01/2025	07	20	22	32	66	3
20/01/2025	08	22	44	35	103	4
20/01/2025	09	22	60	50	142	5
20/01/2025	10	15	42	38	102	9
20/01/2025	11	21	5	18	26	32
20/01/2025	12	19	17	35	62	17
20/01/2025	13	21	11	31	47	23
20/01/2025	14	22	4	27	34	25
20/01/2025	15	10	3	31	36	16
20/01/2025	16	8	13	40	60	9
20/01/2025	17	6	7	30	41	8
20/01/2025	18	7	23	41	76	4
20/01/2025	19	8	41	43	107	4
20/01/2025	20	9	55	29	113	4
20/01/2025	21	7	24	25	62	4
20/01/2025	22	7	10	24	39	4
20/01/2025	23	7	8	24	37	4
21/01/2025	00	7	7	22	33	5
21/01/2025	01	7	10	23	39	5
21/01/2025	02	6	6	22	31	4
21/01/2025	03	5	5	16	24	4
21/01/2025	04	6	7	18	28	5
21/01/2025	05	7	13	17	37	4
21/01/2025	06	7	19	21	50	4
21/01/2025	07	12	75	34	148	4
21/01/2025	08	12	60	34	126	5
21/01/2025	09	13	61	30	123	5
21/01/2025	10	13	36	29	84	15
21/01/2025	11	9	2	8	12	35
21/01/2025	12	7	2	6	9	44
21/01/2025	13	6	2	6	9	44
21/01/2025	14	6	2	8	11	46
21/01/2025	15	6	2	4	7	53
21/01/2025	16	5	2	5	8	53
21/01/2025	17	5	4	20	26	22
21/01/2025	18	4	3	23	27	11
21/01/2025	19	4	2	18	21	25
21/01/2025	20	5	8	30	41	10
21/01/2025	21	7	25	28	66	3
21/01/2025	22	6	13	17	37	4
21/01/2025	23	6	12	16	34	4
22/01/2025	00	7	11	17	34	5
22/01/2025	01	8	13	16	36	4
22/01/2025	02	8	13	13	32	4
22/01/2025	03	7	11	12	29	4
22/01/2025	04	7	8	17	31	4
22/01/2025	05	7	15	16	39	4
22/01/2025	06	9	28	15	58	4
22/01/2025	07	11	46	18	88	4
22/01/2025	08	14	69	28	134	5
22/01/2025	09	35	62	40	135	5
22/01/2025	10	25	29	33	78	11
22/01/2025	11	18	7	17	28	33
22/01/2025	12	11	5	14	21	47
22/01/2025	13	9	5	17	24	51
22/01/2025	14	6	4	10	16	58
22/01/2025	15	6	4	9	16	60
22/01/2025	16	6	3	10	16	61
22/01/2025	17	6	4	16	22	50
22/01/2025	18	8	11	37	53	18
22/01/2025	19	7	7	38	49	9
22/01/2025	20	7	3	31	35	18
22/01/2025	21	9	4	42	46	13
22/01/2025	22	7	2	33	35	13
22/01/2025	23	8	3	19	23	24
23/01/2025	00	9	2	10	13	36
23/01/2025	01	15	7	24	34	24
23/01/2025	02	8	2	5	7	49
23/01/2025	03	11	2	4	6	49
23/01/2025	04	6	2	4	6	52
23/01/2025	05	6	2	6	9	43
23/01/2025	06	8	6	21	30	27
23/01/2025	07	10	24	33	70	4
23/01/2025	08	18	46	42	113	5
23/01/2025	09	17	25	31	69	15
23/01/2025	10	10	10	26	41	34
23/01/2025	11	21	14	39	59	18
23/01/2025	12	18	3	14	19	54
23/01/2025	13	14	3	12	17	57
23/01/2025	14	11	2	6	9	73
23/01/2025	15	7	2	6	9	73
23/01/2025	16	6	2	6	8	74
23/01/2025	17	5	2	5	8	68
23/01/2025	18	5	2	11	14	58
23/01/2025	19	5	2	13	15	58
23/01/2025	20	6	6	27	37	32
23/01/2025	21	6	10	46	61	6
23/01/2025	22	6	4	32	38	7
23/01/2025	23	7	2	35	38	7
24/01/2025	00	8	4	31	37	6
24/01/2025	01	7	3	25	29	6
24/01/2025	02	7	3	22	26	5
24/01/2025	03	6	2	21	24	5
24/01/2025	04	6	3	21	25	5
24/01/2025	05	7	5	24	31	6
24/01/2025	06	11	22	33	66	4
24/01/2025	07	13	34	34	85	3
24/01/2025	08	16	40	35	96	5
24/01/2025	09	23	27	34	75	8
24/01/2025	10	29	19	29	58	15
24/01/2025	11	28	7	21	31	33
24/01/2025	12	17	5	10	17	48
24/01/2025	13	9	3	9	14	58
24/01/2025	14	7	2	9	13	64
24/01/2025	15	5	2	6	10	74
24/01/2025	16	4	3	7	12	74
24/01/2025	17	4	3	7	12	71
24/01/2025	18	3	3	7	11	72
24/01/2025	19	7	3	7	11	63
24/01/2025	20	4	2	5	8	61
24/01/2025	21	7	8	35	46	26
24/01/2025	22	16	4	37	43	12
24/01/2025	23	15	3	27	30	26
25/01/2025	00	7	2	16	20	26
25/01/2025	01	8	2	23	26	19
25/01/2025	02	12	4	27	33	20
25/01/2025	03	15	4	24	30	15
25/01/2025	04	10	4	15	20	21
25/01/2025	05	17	4	21	28	17
25/01/2025	06	15	5	31	39	8
25/01/2025	07	11	5	27	36	8
25/01/2025	08	23	8	33	45	12
25/01/2025	09	50	15	36	58	17
25/01/2025	10	22	6	20	29	33
25/01/2025	11	15	5	8	15	45
25/01/2025	12	12	3	6	10	56
25/01/2025	13	8	2	5	8	64
25/01/2025	14	6	2	5	7	63
25/01/2025	15	6	2	7	10	59
25/01/2025	16	4	2	8	11	60
25/01/2025	17	5	4	18	24	38
25/01/2025	18	14	4	30	35	23
25/01/2025	19	9	4	22	28	30
25/01/2025	20	4	2	10	13	36
25/01/2025	21	4	4	27	33	15
25/01/2025	22	4	3	21	25	21
25/01/2025	23	5	3	17	22	21
26/01/2025	00	7	2	22	26	12
26/01/2025	01	7	2	18	21	15
26/01/2025	02	7	2	16	19	9
26/01/2025	03	10	2	16	18	13
26/01/2025	04	9	2	17	20	16
26/01/2025	05	8	2	6	8	33
26/01/2025	06	9	1	7	10	35
26/01/2025	07	10	2	7	10	34
26/01/2025	08	22	5	26	34	10
26/01/2025	09	22	5	17	24	16
26/01/2025	10	19	3	8	11	43
26/01/2025	11	14	2	4	6	61
26/01/2025	12	5	2	5	8	72
26/01/2025	13	3	2	4	8	75
26/01/2025	14	5	2	4	7	76
26/01/2025	15	6	2	5	8	73
26/01/2025	16	9	2	4	7	65
26/01/2025	17	5	2	5	8	70
26/01/2025	18	4	2	4	7	66
26/01/2025	19	3	2	5	8	73
26/01/2025	20	3	2	5	7	78
26/01/2025	21	4	2	8	11	61
26/01/2025	22	7	2	5	8	58
26/01/2025	23	4	2	8	11	57
27/01/2025	00	4	2	5	8	59
27/01/2025	01	3	2	4	7	64
27/01/2025	02	3	2	5	7	57
27/01/2025	03	3	2	5	8	63
27/01/2025	04	3	2	5	8	66
27/01/2025	05	3	2	4	7	67
27/01/2025	06	3	2	5	9	64
27/01/2025	07	3	2	5	8	61
27/01/2025	08	3	3	7	11	57
27/01/2025	09	3	4	6	12	53
27/01/2025	10	3	2	5	9	55
27/01/2025	11	3	4	7	13	55
27/01/2025	12	3	4	5	10	58
27/01/2025	13	3	2	5	8	60
27/01/2025	14	3	3	6	10	61
27/01/2025	15	3	2	8	12	56
27/01/2025	16	4	4	8	14	49
27/01/2025	17	3	3	6	11	59
27/01/2025	18	3	4	7	12	55
27/01/2025	19	3	2	4	7	62
27/01/2025	20	3	2	5	8	63
27/01/2025	21	4	2	4	7	76
27/01/2025	22	4	2	5	7	83
27/01/2025	23	3	2	5	8	85
28/01/2025	00	3	2	5	8	87
28/01/2025	01	3	2	5	8	89
28/01/2025	02	3	2	4	7	87
28/01/2025	03	3	2	5	7	88
28/01/2025	04	3	2	4	7	82
28/01/2025	05	4	1	4	6	79
28/01/2025	06	7	2	20	24	56
28/01/2025	07	6	5	26	33	47
28/01/2025	08	8	6	20	29	53
28/01/2025	09	3	5	11	20	64
28/01/2025	10	3	2	7	10	69
28/01/2025	11	3	2	4	8	81
28/01/2025	12	3	2	6	9	77
28/01/2025	13	3	2	4	7	77
28/01/2025	14	3	2	6	9	77
28/01/2025	15	3	2	5	7	74
28/01/2025	16	3	2	7	10	73
28/01/2025	17	4	3	14	18	64
28/01/2025	18	3	4	19	25	51
28/01/2025	19	19	3	17	21	52
28/01/2025	20	7	2	6	8	68
28/01/2025	21	17	2	13	16	58
28/01/2025	22	9	2	5	8	69
28/01/2025	23	5	2	5	7	73
29/01/2025	00	7	2	6	9	62
29/01/2025	01	7	2	4	7	69
29/01/2025	02	7	2	5	8	60
29/01/2025	03	9	2	6	8	60
29/01/2025	04	5	2	5	7	56
29/01/2025	05	6	2	5	8	49
29/01/2025	06	4	2	7	11	54
29/01/2025	07	14	26	36	76	12
29/01/2025	08	17	18	35	62	6
29/01/2025	09	18	13	30	49	21
29/01/2025	10	10	6	21	29	38
29/01/2025	11	9	6	13	21	48
29/01/2025	12	6	5	8	15	55
29/01/2025	13	8	3	9	14	57
29/01/2025	14	7	4	13	19	50
29/01/2025	15	8	4	8	15	66
29/01/2025	16	6	4	5	12	66
29/01/2025	17	6	3	8	13	65
29/01/2025	18	6	6	21	31	45
29/01/2025	19	9	4	15	22	42
29/01/2025	20	15	2	12	14	51
29/01/2025	21	16	1	4	6	66
29/01/2025	22	7	1	3	6	75
29/01/2025	23	13	2	4	6	68
30/01/2025	00	9	2	4	6	70
30/01/2025	01	6	1	6	8	45
30/01/2025	02	7	1	6	8	20
30/01/2025	03	9	3	17	21	12
30/01/2025	04	9	2	12	14	21
30/01/2025	05	10	2	23	26	10
30/01/2025	06	11	8	24	37	10
30/01/2025	07	13	20	38	68	5
30/01/2025	08	13	33	32	82	5
30/01/2025	09	22	40	35	97	7
30/01/2025	10	20	15	34	58	19
30/01/2025	11	19	5	18	26	48
30/01/2025	12	8	3	6	11	67
30/01/2025	13	7	1	3	6	74
30/01/2025	14	6	2	6	8	72
30/01/2025	15	6	5	13	21	46
30/01/2025	16	13	5	24	32	34
30/01/2025	17	8	2	8	12	51
30/01/2025	18	7	1	4	6	58
30/01/2025	19	6	1	4	6	62
30/01/2025	20	5	1	3	5	73
30/01/2025	21	5	2	4	7	73
30/01/2025	22	5	2	4	7	72
30/01/2025	23	5	1	3	6	73
31/01/2025	00	5	2	3	5	74
31/01/2025	01	4	2	4	7	76
31/01/2025	02	5	2	4	7	77
31/01/2025	03	4	1	4	6	77
31/01/2025	04	5	2	4	6	77
31/01/2025	05	4	2	4	7	76
31/01/2025	06	5	2	4	7	75
31/01/2025	07	5	6	31	40	30
31/01/2025	08	8	8	31	43	22
31/01/2025	09	12	7	20	31	34
31/01/2025	10	8	3	10	14	55
31/01/2025	11	4	3	8	13	53
31/01/2025	12	5	2	5	7	64
31/01/2025	13	3	2	4	8	75
31/01/2025	14	4	2	5	8	73
31/01/2025	15	3	2	6	8	76
31/01/2025	16	3	2	6	8	74
31/01/2025	17	3	2	6	10	69
31/01/2025	18	3	3	23	28	47
31/01/2025	19	3	9	56	70	11
31/01/2025	20	4	18	43	70	16
31/01/2025	21	4	12	35	53	5
31/01/2025	22	5	5	29	36	6
31/01/2025	23	5	3	23	28	7
01/02/2025	00	6	2	19	21	9
01/02/2025	01	6	2	11	13	19
01/02/2025	02	6	1	9	12	22
01/02/2025	03	5	1	5	7	35
01/02/2025	04	8	1	5	7	37
01/02/2025	05	10	2	21	24	12
01/02/2025	06	12	1	14	16	21
01/02/2025	07	10	3	20	24	11
01/02/2025	08	13	4	15	21	24
01/02/2025	09	12	6	23	32	17
01/02/2025	10	10	4	17	23	26
01/02/2025	11	9	2	10	12	46
01/02/2025	12	8	1	2	3	62
01/02/2025	13	9	3	5	10	67
01/02/2025	14	7	2	4	6	72
01/02/2025	15	6	1	3	5	72
01/02/2025	16	5	2	4	6	71
01/02/2025	17	4	2	4	6	69
01/02/2025	18	4	2	3	6	64
01/02/2025	19	4	2	5	8	47
01/02/2025	20	5	2	5	6	47
01/02/2025	21	5	2	4	6	61
01/02/2025	22	5	1	3	6	60
01/02/2025	23	5	1	3	5	64
02/02/2025	00	7	2	4	7	54
02/02/2025	01	6	2	5	8	56
02/02/2025	02	4	2	4	6	65
02/02/2025	03	5	1	4	6	46
02/02/2025	04	5	2	3	6	43
02/02/2025	05	6	2	9	11	28
02/02/2025	06	7	1	7	10	32
02/02/2025	07	8	1	12	13	25
02/02/2025	08	13	2	18	20	17
02/02/2025	09	24	2	10	13	31
02/02/2025	10	18	3	7	12	42
02/02/2025	11	5	2	5	7	71
02/02/2025	12	5	2	5	8	71
02/02/2025	13	5	2	4	6	75
02/02/2025	14	5	2	4	7	77
02/02/2025	15	4	2	4	7	81
02/02/2025	16	3	2	4	7	83
02/02/2025	17	3	2	6	8	77
02/02/2025	18	3	2	12	15	52
02/02/2025	19	3	3	12	16	41
02/02/2025	20	3	9	25	37	29
02/02/2025	21	4	5	23	31	7
02/02/2025	22	5	2	14	17	14
02/02/2025	23	7	2	16	18	15
03/02/2025	00	8	1	9	11	20
03/02/2025	01	11	2	15	17	17
03/02/2025	02	6	1	4	6	36
03/02/2025	03	5	1	4	6	33
03/02/2025	04	6	1	3	5	43
03/02/2025	05	4	2	5	8	35
03/02/2025	06	5	3	14	19	21
03/02/2025	07	7	18	28	55	8
03/02/2025	08	6	17	28	53	8
03/02/2025	09	7	12	20	37	18
03/02/2025	10	9	6	21	29	31
03/02/2025	11	6	2	5	7	69
03/02/2025	12	5	2	7	10	75
03/02/2025	13	6	2	7	10	77
03/02/2025	14	5	2	4	7	83
03/02/2025	15	5	2	6	9	80
03/02/2025	16	8	2	6	9	78
03/02/2025	17	5	3	14	18	67
03/02/2025	18	4	5	26	34	35
03/02/2025	19	5	8	46	58	12
03/02/2025	20	6	27	56	97	5
03/02/2025	21	7	17	42	69	4
03/02/2025	22	6	4	27	34	5
03/02/2025	23	8	2	24	27	8
04/02/2025	00	16	4	30	37	6
04/02/2025	01	17	1	19	21	14
04/02/2025	02	22	1	18	20	14
04/02/2025	03	17	1	9	11	27
04/02/2025	04	24	2	24	27	16
04/02/2025	05	23	4	21	27	19
04/02/2025	06	30	4	30	37	8
04/02/2025	07	33	15	37	60	5
04/02/2025	08	29	20	30	59	7
04/02/2025	09	40	23	38	73	9
04/02/2025	10	33	17	36	61	17
04/02/2025	11	20	6	18	28	43
04/02/2025	12	17	6	15	24	56
04/02/2025	13	15	4	10	17	62
04/02/2025	14	8	3	7	11	75
04/02/2025	15	7	3	6	9	75
04/02/2025	16	7	2	7	10	74
04/02/2025	17	7	2	5	7	72
04/02/2025	18	6	2	9	12	50
04/02/2025	19	8	5	34	41	16
04/02/2025	20	9	13	24	44	5
04/02/2025	21	13	15	42	65	4
04/02/2025	22	12	5	32	40	5
04/02/2025	23	20	3	29	33	8
05/02/2025	00	24	2	21	24	12
05/02/2025	01	16	2	6	9	35
05/02/2025	02	21	3	14	17	26
05/02/2025	03	34	2	34	37	9
05/02/2025	04	29	4	34	40	6
05/02/2025	05	26	3	32	36	10
05/02/2025	06	23	8	32	44	7
05/02/2025	07	40	27	42	83	3
05/02/2025	08	39	28	42	84	6
05/02/2025	09	32	19	32	61	14
05/02/2025	10	16	7	25	36	31
05/02/2025	11	17	3	13	18	57
05/02/2025	12	15	3	7	11	66
05/02/2025	13	12	2	4	7	75
05/02/2025	14	10	2	5	7	86
05/02/2025	15	9	2	4	8	80
05/02/2025	16	8	2	7	11	74
05/02/2025	17	8	5	19	26	53
05/02/2025	18	8	5	29	37	29
05/02/2025	19	6	1	12	14	25
05/02/2025	20	7	1	3	5	25
05/02/2025	21	8	1	3	5	5
05/02/2025	22	7	2	10	12	6
05/02/2025	23	8	2	20	22	7
06/02/2025	00	10	2	20	23	7
06/02/2025	01	11	2	20	22	6
06/02/2025	02	15	3	20	25	5
06/02/2025	03	18	2	21	24	8
06/02/2025	04	18	2	17	20	10
06/02/2025	05	17	2	18	21	13
06/02/2025	06	14	5	16	23	15
06/02/2025	14	3				81
06/02/2025	15	3				83
06/02/2025	16	3				82
06/02/2025	17	3				80
06/02/2025	18	3				67
06/02/2025	19	3				61
06/02/2025	20	3				11
06/02/2025	21	3				4
06/02/2025	22	3				6
06/02/2025	23	3				7
07/02/2025	00	3				7
07/02/2025	01	3				6
07/02/2025	02	3				6
07/02/2025	03	3				11
07/02/2025	04	3				10
07/02/2025	05	4				5
07/02/2025	06	3				6
07/02/2025	07	4				4
07/02/2025	08	5				5
07/02/2025	09	9				9
07/02/2025	10	15				17
07/02/2025	11	15				57
07/02/2025	12	9				77
07/02/2025	13	9				73
07/02/2025	14	8				78
07/02/2025	15	6				80
07/02/2025	16	5				84
07/02/2025	17	4				78
07/02/2025	18	4				67
07/02/2025	19	6				55
07/02/2025	20	6				17
07/02/2025	21	6				17
07/02/2025	22	6				15
07/02/2025	23	7				7
08/02/2025	00	10				18
08/02/2025	01	10				37
08/02/2025	02	10				34
08/02/2025	03	10				27
08/02/2025	04	7				32
08/02/2025	05	5				37
08/02/2025	06	7				37
08/02/2025	07	7				26
08/02/2025	08	5				47
08/02/2025	09	8				45
08/02/2025	10	7				57
08/02/2025	11	3				69
08/02/2025	12	3				76
08/02/2025	13	3				82
08/02/2025	14	4				77
08/02/2025	15	4				82
08/02/2025	16	3				85
08/02/2025	17	3				79
08/02/2025	18	3				50
08/02/2025	19	3				31
08/02/2025	20	4				8
08/02/2025	21	6				6
08/02/2025	22	9				11
08/02/2025	23	12				10
09/02/2025	00	11				11
09/02/2025	01	9				24
09/02/2025	02	12				18
09/02/2025	03	15				7
09/02/2025	04	19				6
09/02/2025	05	19				9
09/02/2025	06	11				22
09/02/2025	07	11				22
09/02/2025	08	18				19
09/02/2025	09	22				27
09/02/2025	10	15				41
09/02/2025	11	15				55
09/02/2025	12	18				68
09/02/2025	13	8				84
09/02/2025	14	6				87
09/02/2025	15	6				90
09/02/2025	16	7				89
09/02/2025	17	5				82
09/02/2025	18	4				71
09/02/2025	19	4				24
09/02/2025	20	4				20
09/02/2025	21	4				4
09/02/2025	22	6				7
09/02/2025	23	7				13
10/02/2025	00	6				16
10/02/2025	01	7				6
10/02/2025	02	8				10
10/02/2025	03	11				11
10/02/2025	04	11				9
10/02/2025	05	9				7
10/02/2025	06	8				5
10/02/2025	07	14				4
10/02/2025	08	14				4
10/02/2025	09	15				6
10/02/2025	10	16				7
10/02/2025	11	12				45
10/02/2025	12	10				45
10/02/2025	13	10				62
10/02/2025	14	8				76
10/02/2025	15	5				80
10/02/2025	16	5				73
10/02/2025	17	5				65
10/02/2025	18	5				36
10/02/2025	19	4				31
10/02/2025	20	4				49
10/02/2025	21	4				42
10/02/2025	22	4				48
10/02/2025	23	4				45
11/02/2025	00	4				51
11/02/2025	01	4				41
11/02/2025	02	4				47
11/02/2025	03	3				37
11/02/2025	04	4				9
11/02/2025	05	4				4
11/02/2025	06	6				5
11/02/2025	07	8				3
11/02/2025	08	9				5
11/02/2025	09	14				6
11/02/2025	10	17				30
11/02/2025	11	16				60
11/02/2025	12	11				76
11/02/2025	13	8				83
11/02/2025	14	7				86
11/02/2025	15	6				85
11/02/2025	16	6				77
11/02/2025	17	5				67
11/02/2025	18	4				42
11/02/2025	19	5				36
11/02/2025	20	4				51
11/02/2025	21	5				23
11/02/2025	22	6				4
11/02/2025	23	5				5
12/02/2025	00	5				6
12/02/2025	01	5				12
12/02/2025	02	5				13
12/02/2025	03	5				10
12/02/2025	04	5				8
12/02/2025	05	7				7
12/02/2025	06	8				4
12/02/2025	07	10				4
12/02/2025	08	10				5
12/02/2025	09	11				6
12/02/2025	10	8				16
12/02/2025	11	10				42
12/02/2025	12	9				60
12/02/2025	13	8				77
12/02/2025	14	7				78
12/02/2025	15	6				73
12/02/2025	16	5				67
12/02/2025	17	4				57
12/02/2025	18	3				63
12/02/2025	19	3				37
12/02/2025	20	3				19
12/02/2025	21	3				10
12/02/2025	22	3				15
12/02/2025	23	3				17
13/02/2025	00	3				14
13/02/2025	01	3				10
13/02/2025	02	3				9
13/02/2025	03	3				6
13/02/2025	04	3				24
13/02/2025	05	4				22
13/02/2025	06	4				11
13/02/2025	07	6				6
13/02/2025	08	8				6
13/02/2025	09	10				17
13/02/2025	10	8				32
13/02/2025	11	9				53
13/02/2025	12	12				62
13/02/2025	13	11				68
13/02/2025	14	9				68
13/02/2025	15	8				72
13/02/2025	16	7				73
13/02/2025	17	6				59
13/02/2025	18	6				57
13/02/2025	19	5				51
13/02/2025	20	6				25
13/02/2025	21	6				12
13/02/2025	22	7				4
13/02/2025	23	7				4
14/02/2025	00	7				5
14/02/2025	01	8				5
14/02/2025	02	8				4
14/02/2025	03	9				6
14/02/2025	04	9				7
14/02/2025	05	9				8
14/02/2025	06	10				5
14/02/2025	07	13				5
14/02/2025	08	18				6
14/02/2025	09	26				17
14/02/2025	10	17	18	34	62	24
14/02/2025	11	9	9	22	36	45
14/02/2025	12	10	9	22	36	53
14/02/2025	13	7	4	15	22	65
14/02/2025	14	5	3	14	18	67
14/02/2025	15	3	7	21	33	66
14/02/2025	16	3	5	20	27	70
14/02/2025	17	4	5	28	35	65
14/02/2025	18	3	6	36	46	54
14/02/2025	19	3	1	41	42	28
14/02/2025	20	3	5	51	58	23
14/02/2025	21	4	39	69	129	4
14/02/2025	22	4	11	53	70	5
14/02/2025	23	5	6	50	60	6
15/02/2025	00	7	8	57	68	5
15/02/2025	01	6	12	52	71	5
15/02/2025	02	4	4	40	45	11
15/02/2025	03	4	2	33	35	15
15/02/2025	04	5	4	38	44	6
15/02/2025	05	8	12	45	63	6
15/02/2025	06	8	25	43	81	4
15/02/2025	07	7	42	39	103	4
15/02/2025	08	8	51	43	121	6
15/02/2025	09	11	31	45	92	11
15/02/2025	10	8	11	28	45	33
15/02/2025	11	4	1	8	8	66
15/02/2025	12	3	1	7	8	72
15/02/2025	13	3	1	6	6	75
15/02/2025	14	3	1	7	7	77
15/02/2025	15	3	1	6	6	78
15/02/2025	16	3	1	5	6	80
15/02/2025	17	3	1	7	7	77
15/02/2025	18	3	1	13	13	69
15/02/2025	19	3	1	10	11	69
15/02/2025	20	3	1	11	11	63
15/02/2025	21	3	1	11	11	51
15/02/2025	22	3	3	27	29	43
15/02/2025	23	3	6	41	50	14
16/02/2025	00	3	9	39	53	7
16/02/2025	01	3	40	49	110	4
16/02/2025	02	3	18	35	61	10
16/02/2025	03	3	5	27	34	17
16/02/2025	04	3	3	21	25	12
16/02/2025	05	3	4	20	26	10
16/02/2025	06	3	12	29	48	6
16/02/2025	07	3	14	33	54	4
16/02/2025	08	3	12	26	45	8
16/02/2025	09	3	10	29	44	14
16/02/2025	10	5	10	29	44	22
16/02/2025	11	11	8	22	34	43
16/02/2025	12	10	4	15	21	61
16/02/2025	13	8	1	14	16	64
16/02/2025	14	9	3	16	20	63
16/02/2025	15	9	2	19	22	63
16/02/2025	16	8	1	16	17	72
16/02/2025	17	6	1	15	16	81
16/02/2025	18	5	1	13	13	71
16/02/2025	19	4	3	33	37	42
16/02/2025	20	4	9	52	66	22
16/02/2025	21	5	8	52	63	10
16/02/2025	22	4	4	41	48	14
16/02/2025	23	5	4	38	44	8
17/02/2025	00	5	5	39	47	4
17/02/2025	01	7	16	40	64	4
17/02/2025	02	6	11	34	51	4
17/02/2025	03	6	5	36	43	5
17/02/2025	04	6	2	34	37	10
17/02/2025	05	6	2	24	27	24
17/02/2025	06	5	1	28	30	17
17/02/2025	07	5	5	36	44	16
17/02/2025	08	5	2	31	33	18
17/02/2025	09	6	9	28	42	30
17/02/2025	10	5	1	18	20	54
17/02/2025	11	3	3	26	31	64
17/02/2025	12	3	2	22	24	73
17/02/2025	13	5	2	20	23	78
17/02/2025	14	3	1	15	16	82
17/02/2025	15	3	1	21	23	83
17/02/2025	16	3	1	14	15	88
17/02/2025	17	3	1	10	10	90
17/02/2025	18	3	2	36	38	57
17/02/2025	19	3	2	56	60	28
17/02/2025	20	3	1	34	35	45
17/02/2025	21	3	1	21	22	61
17/02/2025	22	3	1	14	15	66
17/02/2025	23	3	4	34	39	29
18/02/2025	00	3	2	35	38	13
18/02/2025	01	3	3	37	41	15
18/02/2025	02	3	1	34	36	17
18/02/2025	03	3	2	32	36	17
18/02/2025	04	3	1	30	32	22
18/02/2025	05	3	5	36	43	16
18/02/2025	06	3	8	35	48	17
18/02/2025	07	3	30	50	96	8
18/02/2025	08	3	43	61	127	5
18/02/2025	09	3	36	59	114	10
18/02/2025	10	5	14	49	71	26
18/02/2025	11	7	2	18	21	71
18/02/2025	12	6	1	9	10	90
18/02/2025	13	6	1	11	11	92
18/02/2025	14	5	1	9	10	92
18/02/2025	15	5	1	13	13	93
18/02/2025	16	5	1	12	13	93
18/02/2025	17	4	1	21	22	83
18/02/2025	18	4	1	14	15	82
18/02/2025	19	4	1	22	23	68
18/02/2025	20	4	1	21	21	63
18/02/2025	21	4	1	30	31	61
18/02/2025	22	4	4	28	34	62
18/02/2025	23	5	15	58	79	6
19/02/2025	00	5	12	46	65	6
19/02/2025	01	5	2	34	37	10
19/02/2025	02	4	1	26	27	13
19/02/2025	03	5	4	32	37	9
19/02/2025	04	5	4	31	37	8
19/02/2025	05	6	19	38	67	6
19/02/2025	06	7	38	46	105	5
19/02/2025	07	8	66	57	158	3
19/02/2025	08	9	69	49	154	4
19/02/2025	09	9	58	51	140	6
19/02/2025	10	9	31	51	99	18
19/02/2025	11	6	3	22	26	74
19/02/2025	12	4	1	13	13	89
19/02/2025	13	3	1	11	12	91
19/02/2025	14	4	1	8	8	98
19/02/2025	15	3	1	8	8	99
19/02/2025	16	3	1	8	8	99
19/02/2025	17	3	1	8	9	96
19/02/2025	18	3	1	10	10	87
19/02/2025	19	3	1	16	16	67
19/02/2025	20	3	1	31	31	51
19/02/2025	21	3	4	49	54	26
19/02/2025	22	4	1	41	43	33
19/02/2025	23	4	1	32	32	37
20/02/2025	00	3	1	25	26	41
20/02/2025	01	3	1	9	9	65
20/02/2025	02	3	1	12	13	55
20/02/2025	03	3	1	23	23	36
20/02/2025	04	3	1	26	26	29
20/02/2025	05	3	2	33	36	23
20/02/2025	06	3	9	35	49	19
20/02/2025	07	5	30	49	94	9
20/02/2025	08	5	51	56	134	5
20/02/2025	09	6	50	54	131	6
20/02/2025	10	6	16	46	70	26
20/02/2025	11	7	7	38	48	48
20/02/2025	14	3	1	14	16	79
20/02/2025	15	3	2	21	24	77
20/02/2025	16	3	1	21	23	83
20/02/2025	17	3	2	26	29	74
20/02/2025	18	3	2	30	32	68
20/02/2025	19	3	1	22	23	57
20/02/2025	20	3	1	27	28	53
20/02/2025	21	3	1	25	26	49
20/02/2025	22	3	1	22	23	41
20/02/2025	23	3	1	19	19	48
21/02/2025	00	3	1	13	13	54
21/02/2025	01	3	1	8	9	62
21/02/2025	02	3	1	7	8	69
21/02/2025	03	3	1	7	7	61
21/02/2025	04	3	1	7	8	69
21/02/2025	05	3	1	17	18	56
21/02/2025	06	3	5	27	35	48
21/02/2025	07	3	16	52	77	26
21/02/2025	08	3	29	63	106	16
21/02/2025	09	3	16	50	74	31
21/02/2025	10	3	10	40	55	44
21/02/2025	11	3	7	33	44	58
21/02/2025	12	3	7	26	36	75
21/02/2025	13	3	6	23	33	79
21/02/2025	14	3	3	16	21	83
21/02/2025	15	3	5	19	27	88
21/02/2025	16	3	5	19	26	92
21/02/2025	17	3	4	20	25	87
21/02/2025	18	3	2	31	35	73
21/02/2025	19	3	1	29	30	60
21/02/2025	20	3	1	20	21	50
21/02/2025	21	3	1	23	23	56
21/02/2025	22	3	1	14	15	46
21/02/2025	23	3	1	10	10	64
22/02/2025	00	3	1	8	9	67
22/02/2025	01	3	1	9	10	72
22/02/2025	02	3	1	12	12	59
22/02/2025	03	3	2	23	26	48
22/02/2025	04	3	1	24	25	28
22/02/2025	05	3	3	25	30	23
22/02/2025	06	3	3	26	30	13
22/02/2025	07	3	7	35	46	8
22/02/2025	08	3	23	38	73	5
22/02/2025	09	3	29	44	88	7
22/02/2025	10	4	14	40	62	19
22/02/2025	11	12	11	45	61	42
22/02/2025	12	11	2	24	28	66
22/02/2025	13	9	2	19	21	74
22/02/2025	14	8	1	16	16	86
22/02/2025	15	7	1	12	13	92
22/02/2025	16	5	1	13	14	88
22/02/2025	17	5	1	11	11	87
22/02/2025	18	4	1	15	16	74
22/02/2025	19	4	1	20	20	63
22/02/2025	20	4	1	16	17	65
22/02/2025	21	4	1	20	21	47
22/02/2025	22	4	1	30	31	37
22/02/2025	23	6	3	61	65	11
23/02/2025	00	5	3	52	57	8
23/02/2025	01	5	3	41	45	9
23/02/2025	02	5	2	34	38	10
23/02/2025	03	4	1	21	22	26
23/02/2025	04	4	1	10	11	52
23/02/2025	05	4	1	8	8	54
23/02/2025	06	4	1	7	7	59
23/02/2025	07	4	1	8	8	59
23/02/2025	08	4	3	30	34	14
23/02/2025	09	5	6	31	40	14
23/02/2025	10	5	10	36	51	15
23/02/2025	11	6	8	29	41	29
23/02/2025	12	6	2	11	13	57
23/02/2025	13	5	1	13	14	69
23/02/2025	14	4	1	6	7	79
23/02/2025	15	6	1	10	11	79
23/02/2025	16	6	1	8	9	85
23/02/2025	17	4	1	12	13	80
23/02/2025	18	3	3	28	32	59
23/02/2025	19	3	5	46	53	34
23/02/2025	20	4	13	62	83	16
23/02/2025	21	4	17	50	76	5
23/02/2025	22	4	4	45	52	7
23/02/2025	23	5	3	42	46	13
24/02/2025	00	4	1	20	21	34
24/02/2025	01	6	1	42	44	17
24/02/2025	02	5	1	33	34	20
24/02/2025	03	5	2	39	41	13
24/02/2025	04	7	7	42	52	13
24/02/2025	05	8	9	42	56	9
24/02/2025	06	7	15	45	69	9
24/02/2025	07	8	39	50	109	5
24/02/2025	08	15	60	58	150	7
24/02/2025	09	21	37	46	103	14
24/02/2025	10	19	27	40	80	27
24/02/2025	11	11	11	27	44	46
24/02/2025	12	9	17	32	58	46
24/02/2025	13	5	8	20	32	65
24/02/2025	14	4	5	16	23	77
24/02/2025	15	3	3	20	24	76
24/02/2025	16	3	1	10	11	83
24/02/2025	17	3	1	17	17	79
24/02/2025	18	3	1	22	23	65
24/02/2025	19	3	1	33	34	39
24/02/2025	20	3	19	58	87	27
24/02/2025	21	4	17	56	82	6
24/02/2025	22	3	19	48	77	4
24/02/2025	23	4	16	48	72	4
25/02/2025	00	6	36	44	99	4
25/02/2025	01	5	7	40	51	5
25/02/2025	02	6	10	36	51	4
25/02/2025	03	7	5	39	46	5
25/02/2025	04	6	2	39	41	12
25/02/2025	05	4	17	40	66	10
25/02/2025	06	3	5	37	45	11
25/02/2025	07	7	114	58	233	5
25/02/2025	08	11	151	64	296	5
25/02/2025	09	7	70	47	156	7
25/02/2025	10	6	52	55	135	7
25/02/2025	11	12	18	44	71	23
25/02/2025	12	12	20	43	73	25
25/02/2025	13	12	9	32	47	37
25/02/2025	14	8	11	35	52	37
25/02/2025	15	6	6	31	39	41
25/02/2025	16	4	2	10	12	68
25/02/2025	17	3	1	7	8	84
25/02/2025	18	3	1	7	7	84
25/02/2025	19	3	1	7	8	83
25/02/2025	20	3	1	7	7	85
25/02/2025	21	3	1	6	7	83
25/02/2025	22	3	1	20	21	66
25/02/2025	23	4	1	11	12	75
26/02/2025	00	3	1	11	12	64
26/02/2025	01	3	1	10	11	55
26/02/2025	02	3	1	5	6	76
26/02/2025	03	7	1	38	40	35
26/02/2025	04	4	1	22	22	42
26/02/2025	05	3	7	40	50	21
26/02/2025	06	3	13	51	71	18
26/02/2025	07	7	61	81	174	7
26/02/2025	08	15	86	84	216	7
26/02/2025	09	14	34	57	110	26
26/02/2025	10	8	13	35	54	48
26/02/2025	11	7	7	20	30	73
26/02/2025	12	6	6	14	23	82
26/02/2025	13	5	6	15	25	82
26/02/2025	14	4	4	15	21	84
26/02/2025	15	4	7	20	30	82
26/02/2025	16	5	5	18	27	84
26/02/2025	17	5	5	24	31	82
26/02/2025	18	4	11	39	55	59
26/02/2025	19	4	3	29	34	51
26/02/2025	20	3	1	29	29	59
26/02/2025	21	4	15	59	81	27
26/02/2025	22	5	12	55	72	14
26/02/2025	23	5	3	52	56	10
27/02/2025	00	6	2	39	41	19
27/02/2025	01	8	1	46	47	16
27/02/2025	02	10	1	46	46	16
27/02/2025	03	10	1	31	32	23
27/02/2025	04	12	1	41	42	16
27/02/2025	05	14	5	48	56	10
27/02/2025	06	18	10	50	66	12
27/02/2025	07	23	68	65	169	4
27/02/2025	08	23	65	62	160	6
27/02/2025	09	27				7
27/02/2025	10	16				31
27/02/2025	11	10	4	20	26	55
27/02/2025	12	6	3	14	17	65
27/02/2025	13	5	2	12	15	79
27/02/2025	14	5	2	14	17	82
27/02/2025	15	4	3	13	18	84
27/02/2025	16	3	2	15	19	83
27/02/2025	17	4	2	15	17	80
27/02/2025	18	3	2	16	18	69
27/02/2025	19	3	1	30	32	50
27/02/2025	20	3	9	56	70	23
27/02/2025	21	3	22	69	103	6
27/02/2025	22	3	9	51	66	8
27/02/2025	23	3	12	44	63	6
28/02/2025	00	3	5	37	46	5
28/02/2025	01	3	2	29	32	9
28/02/2025	02	3	2	27	30	8
28/02/2025	03	4	4	34	41	5
28/02/2025	04	4	11	38	55	5
28/02/2025	05	4	15	36	59	6
28/02/2025	06	5	29	36	80	5
28/02/2025	07	8	102	48	203	5
28/02/2025	08	10	111	53	224	5
28/02/2025	09	10	65	47	146	7
28/02/2025	10	9	30	40	86	29
28/02/2025	11	7	2	7	10	84
28/02/2025	12	6	2	7	10	88
28/02/2025	13	5	1	7	9	93
28/02/2025	14	4	1	7	9	97
28/02/2025	15	4	1	6	8	100
28/02/2025	16	4	1	6	8	103
28/02/2025	17	4	2	8	10	101
28/02/2025	18	3	1	12	15	90
28/02/2025	19	3	2	12	14	84
28/02/2025	20	3	1	12	14	79
28/02/2025	21	3	2	16	19	72
28/02/2025	22	3	1	20	22	61
28/02/2025	23	3	1	13	15	72
01/03/2025	00	3	2	6	9	78
01/03/2025	01	4	2	3	5	75
01/03/2025	02	3	2	3	6	78
01/03/2025	03	3	2	3	5	78
01/03/2025	04	3	2	3	5	78
01/03/2025	05	3	2	4	6	62
01/03/2025	06	3	2	4	7	72
01/03/2025	07	3	2	5	7	73
01/03/2025	08	3	2	5	7	71
01/03/2025	09	3	2	4	7	76
01/03/2025	10	3	2	4	6	80
01/03/2025	11	3	1	4	6	78
01/03/2025	12	3	2	3	6	82
01/03/2025	13	3	2	3	5	87
01/03/2025	14	3	2	2	5	89
01/03/2025	15	3	2	3	5	91
01/03/2025	16	3	2	2	4	89
01/03/2025	17	3	2	2	5	88
01/03/2025	18	3	2	3	6	84
01/03/2025	19	3	1	8	10	74
01/03/2025	20	3	2	7	10	76
01/03/2025	21	3	2	9	12	77
01/03/2025	22	3	2	6	9	81
01/03/2025	23	3	2	6	8	77
02/03/2025	00	3	2	6	8	78
02/03/2025	01	3	2	5	7	74
02/03/2025	02	3	2	4	7	76
02/03/2025	03	3	2	3	6	76
02/03/2025	04	3	2	4	7	73
02/03/2025	05	3	2	11	13	64
02/03/2025	06	3	1	11	13	66
02/03/2025	07	3	2	7	9	68
02/03/2025	08	3	2	4	7	75
02/03/2025	09	3	2	3	5	76
02/03/2025	10	3	2	3	5	75
02/03/2025	11	3	2	3	5	79
02/03/2025	12	3	2	3	5	81
02/03/2025	13	3	2	3	6	82
02/03/2025	14	3	2	3	5	83
02/03/2025	15	3	2	3	5	80
02/03/2025	16	3	1	3	5	80
02/03/2025	17	3	1	4	6	80
02/03/2025	18	3	2	3	6	81
02/03/2025	19	3	2	4	6	81
02/03/2025	20	3	2	4	7	77
02/03/2025	21	3	2	4	6	81
02/03/2025	22	3	2	2	5	87
02/03/2025	23	3	2	2	5	88
03/03/2025	00	3	2	2	4	91
03/03/2025	01	3	2	2	4	92
03/03/2025	02	3	2	2	5	89
03/03/2025	03	3	2	3	5	82
03/03/2025	04	3	2	3	5	82
03/03/2025	05	3	2	2	5	85
03/03/2025	06	3	2	2	5	87
03/03/2025	07	3	2	4	6	85
03/03/2025	08	3	2	4	6	82
03/03/2025	09	3	2	5	7	80
03/03/2025	10	3	1	5	7	79
03/03/2025	11	3	2	5	7	79
03/03/2025	12	3	2	4	7	76
03/03/2025	13	3	2	7	9	74
03/03/2025	14	3	1	6	8	74
03/03/2025	15	3	2	8	10	72
03/03/2025	16	3	7	28	39	54
03/03/2025	17	3	2	6	10	74
03/03/2025	18	3	2	7	9	76
03/03/2025	19	3	2	19	22	54
03/03/2025	20	3	2	21	24	46
03/03/2025	21	3	2	5	7	76
03/03/2025	22	3	2	3	5	81
03/03/2025	23	3	2	2	5	76
04/03/2025	00	3	2	3	5	79
04/03/2025	01	3	2	2	5	80
04/03/2025	02	3	2	2	4	81
04/03/2025	03	3	2	2	5	80
04/03/2025	04	3	2	3	5	79
04/03/2025	05	3	2	2	5	80
04/03/2025	06	3	2	3	5	79
04/03/2025	07	3	2	3	5	80
04/03/2025	08	3	2	3	6	81
04/03/2025	09	3	2	4	6	82
04/03/2025	10	3	2	3	6	83
04/03/2025	11	3	2	3	5	84
04/03/2025	12	3	2	3	6	84
04/03/2025	13	3	2	3	6	82
04/03/2025	14	3	1	4	6	88
04/03/2025	15	3	1	3	5	92
04/03/2025	16	3	2	3	5	91
04/03/2025	17	3	2	3	5	91
04/03/2025	18	3	2	3	6	88
04/03/2025	19	3	2	3	5	89
04/03/2025	20	3	2	3	6	85
04/03/2025	21	3	2	3	5	86
04/03/2025	22	3	2	3	5	85
04/03/2025	23	3	2	3	5	86
05/03/2025	00	3	2	2	4	86
05/03/2025	01	3	2	2	4	85
05/03/2025	02	3	2	2	4	84
05/03/2025	03	3	2	2	5	85
05/03/2025	04	3	2	3	5	82
05/03/2025	05	3	2	2	5	83
05/03/2025	06	3	2	2	5	85
05/03/2025	07	3	2	3	5	86
05/03/2025	08	3	2	4	6	87
05/03/2025	09	3	2	4	6	87
05/03/2025	10	3	2	4	6	87
05/03/2025	11	3	2	4	6	90
05/03/2025	12	3	2	4	6	89
05/03/2025	13	3	2	4	7	90
05/03/2025	14	3	2	4	7	90
05/03/2025	15	3	2	3	6	92
05/03/2025	16	3	2	3	6	93
05/03/2025	17	3	2	4	6	91
05/03/2025	18	3	2	3	6	94
05/03/2025	19	3	2	3	5	91
05/03/2025	20	3	2	2	5	94
05/03/2025	21	3	2	2	5	94
05/03/2025	22	3	2	2	4	92
05/03/2025	23	4	2	2	4	92
06/03/2025	00	3	2	2	4	92
06/03/2025	01	3	2	2	4	91
06/03/2025	02	3	2	2	4	90
06/03/2025	03	3	2	2	5	91
06/03/2025	04	3	2	2	5	91
06/03/2025	05	3	2	2	5	90
06/03/2025	06	3	2	2	5	91
06/03/2025	07	3	2	3	5	92
06/03/2025	08	3	2	4	6	91
06/03/2025	09	3	2	3	6	89
06/03/2025	10	3	2	3	5	88
06/03/2025	11	3	2	3	5	87
06/03/2025	14	3	2	2	5	89
06/03/2025	15	3	2	2	4	89
06/03/2025	16	3	2	2	5	90
06/03/2025	17	3	1	3	5	93
06/03/2025	18	3	2	3	5	91
06/03/2025	19	3	2	2	5	93
06/03/2025	20	3	2	2	4	92
06/03/2025	21	3	2	2	5	88
06/03/2025	22	3	2	2	5	88
06/03/2025	23	3	2	2	5	89
07/03/2025	00	3	2	2	4	90
07/03/2025	01	3	2	2	5	80
07/03/2025	02	3	2	3	6	77
07/03/2025	03	3	2	4	7	74
07/03/2025	04	3	2	4	6	80
07/03/2025	05	3	2	4	7	77
07/03/2025	06	3	2	6	9	74
07/03/2025	07	3	2	7	10	71
07/03/2025	08	3	2	13	15	65
07/03/2025	09	3	2	13	16	67
07/03/2025	10	3	2	6	9	80
07/03/2025	11	3	2	3	6	86
07/03/2025	12	3	2	3	6	85
07/03/2025	13	3	2	2	5	85
07/03/2025	14	3	2	2	5	89
07/03/2025	15	3	2	4	6	81
07/03/2025	16	3	5	8	16	78
07/03/2025	17	3	1	6	8	70
07/03/2025	18	3	1	5	7	71
07/03/2025	19	3	1	3	4	82
07/03/2025	20	3	1	2	4	80
07/03/2025	21	3	1	4	6	73
07/03/2025	22	3	1	7	9	69
07/03/2025	23	3	1	9	11	67
08/03/2025	00	3	1	6	8	62
08/03/2025	01	3	1	2	4	57
08/03/2025	02	3	1	4	6	56
08/03/2025	03	3	1	3	5	64
08/03/2025	04	3	1	4	6	61
08/03/2025	05	3	1	5	7	63
08/03/2025	06	3	1	5	7	57
08/03/2025	07	3	1	4	6	70
08/03/2025	08	3	1	5	7	70
08/03/2025	09	3	1	10	12	68
08/03/2025	10	3	1	5	6	76
08/03/2025	11	3	1	3	5	81
08/03/2025	12	3	1	3	5	83
08/03/2025	13	3	1	3	5	84
08/03/2025	14	3	1	2	3	84
08/03/2025	15	3	1	2	4	80
08/03/2025	16	3	1	3	6	77
08/03/2025	17	3	1	8	10	74
08/03/2025	18	3	2	15	18	73
08/03/2025	19	3	1	10	12	79
08/03/2025	20	3	1	6	8	86
08/03/2025	21	3	1	3	5	87
08/03/2025	22	3	1	8	10	84
08/03/2025	23	3	1	6	8	81
09/03/2025	00	3	1	3	4	80
09/03/2025	01	3	2	14	18	64
09/03/2025	02	3	5	10	18	61
09/03/2025	03	3	1	28	30	45
09/03/2025	04	3	2	27	30	34
09/03/2025	05	3	1	11	13	49
09/03/2025	06	3	1	7	9	60
09/03/2025	07	3	1	8	10	55
09/03/2025	08	4	2	13	17	60
09/03/2025	09	8	3	16	20	66
09/03/2025	10	5	3	5	9	78
09/03/2025	11	5	2	4	6	81
09/03/2025	12	5	1	5	7	84
09/03/2025	13	4	1	3	5	87
09/03/2025	14	3	2	2	4	88
09/03/2025	15	3	1	1	3	91
09/03/2025	16	4	1	2	3	92
09/03/2025	17	4	1	1	3	95
09/03/2025	18	3	1	4	6	89
09/03/2025	19	3	1	17	19	63
09/03/2025	20	4	2	25	28	44
09/03/2025	21	4	9	43	57	15
09/03/2025	22	4	2	27	29	25
09/03/2025	23	4	1	16	18	31
10/03/2025	00	4	1	22	24	27
10/03/2025	01	4	4	23	29	19
10/03/2025	02	5	1	21	23	18
10/03/2025	03	4	1	21	22	21
10/03/2025	04	4	1	16	18	23
10/03/2025	05	4	4	19	24	18
10/03/2025	06	5	11	26	43	22
10/03/2025	07	9	79	55	176	6
10/03/2025	08	8	73	53	166	6
10/03/2025	09	11	20	37	68	26
10/03/2025	10	7	9	24	38	48
10/03/2025	11	6	8	16	28	71
10/03/2025	12	5	6	9	18	81
10/03/2025	13	3	5	8	15	85
10/03/2025	14	3	3	6	10	85
10/03/2025	15	3	3	6	12	86
10/03/2025	16	3	5	11	19	84
10/03/2025	17	3	6	13	22	77
10/03/2025	18	3	5	10	17	86
10/03/2025	19	3	3	14	19	76
10/03/2025	20	3	2	17	20	53
10/03/2025	21	3	1	18	19	49
10/03/2025	22	3	2	21	23	55
10/03/2025	23	3	1	14	16	60
11/03/2025	00	3	1	16	17	35
11/03/2025	01	3	1	28	30	19
11/03/2025	02	3	1	16	19	34
11/03/2025	03	3	1	8	10	49
11/03/2025	04	3	1	6	8	54
11/03/2025	05	3	3	23	27	34
11/03/2025	06	3	17	44	71	13
11/03/2025	07	4	33	53	103	11
11/03/2025	08	5	42	55	119	12
11/03/2025	09	4	12	22	39	52
11/03/2025	10	4	9	16	30	62
11/03/2025	11	6	6	11	20	79
11/03/2025	12	4	7	15	26	79
11/03/2025	13	4	5	10	18	84
11/03/2025	14	3	4	8	14	92
11/03/2025	15	3	6	13	22	86
11/03/2025	16	3	6	25	35	67
11/03/2025	17	3	7	26	37	59
11/03/2025	18	3	8	33	45	46
11/03/2025	19	3	5	33	39	27
11/03/2025	20	3	3	41	46	22
11/03/2025	21	3	14	58	80	7
11/03/2025	22	4	9	39	52	8
11/03/2025	23	4	5	36	44	11
12/03/2025	00	4	2	24	27	24
12/03/2025	01	4	1	31	33	20
12/03/2025	02	5	2	39	42	16
12/03/2025	03	5	1	31	33	28
12/03/2025	04	7	1	40	42	15
12/03/2025	05	7	9	44	58	13
12/03/2025	06	8	14	46	68	19
12/03/2025	07	10	85	56	186	5
12/03/2025	08	13	85	54	184	7
12/03/2025	09	24	42	47	112	16
12/03/2025	10	13	11	22	40	47
12/03/2025	11	6	5	11	19	68
12/03/2025	12	7	5	12	20	71
12/03/2025	13	4	6	11	19	74
12/03/2025	14	3	4	12	18	78
12/03/2025	15	3	4	11	17	82
12/03/2025	16	3	4	13	19	79
12/03/2025	17	3	9	38	51	54
12/03/2025	18	3	5	33	39	55
12/03/2025	19	3	1	20	22	56
12/03/2025	20	3	4	34	39	32
12/03/2025	21	3	3	28	32	31
12/03/2025	22	4	3	38	43	18
12/03/2025	23	4	1	28	30	28
13/03/2025	00	4	1	19	21	36
13/03/2025	01	4	1	15	17	39
13/03/2025	02	4	1	13	15	44
13/03/2025	03	8	3	37	41	30
13/03/2025	04	8	4	30	36	27
13/03/2025	05	12	8	36	49	25
13/03/2025	06	12	7	33	45	33
13/03/2025	07	11	27	57	99	11
13/03/2025	08	16	57	61	149	9
13/03/2025	09	16	29	45	89	17
13/03/2025	10	15	17	37	62	35
13/03/2025	11	14	7	24	35	45
13/03/2025	12	9	6	19	28	53
13/03/2025	13	7	4	13	19	60
13/03/2025	14	4	6	19	28	51
13/03/2025	15	4	11	29	45	42
13/03/2025	16	4	4	21	26	45
13/03/2025	17	4	13	37	57	26
13/03/2025	18	4	14	40	61	18
13/03/2025	19	4	8	36	48	19
13/03/2025	20	3	6	35	43	16
13/03/2025	21	3	6	32	40	13
13/03/2025	22	3	2	20	22	28
13/03/2025	23	3	1	15	17	46
14/03/2025	00	3	1	8	10	54
14/03/2025	01	3	1	5	8	59
14/03/2025	02	3	2	4	6	50
14/03/2025	03	3	2	4	6	54
14/03/2025	04	3	1	10	12	42
14/03/2025	05	3	2	9	11	40
14/03/2025	06	3	5	19	26	30
14/03/2025	07	4				31
14/03/2025	08	3				47
14/03/2025	09	3	1	9	11	65
14/03/2025	10	3	1	4	6	72
14/03/2025	11	3	1	3	5	75
14/03/2025	12	3	1	2	5	75
14/03/2025	13	3	1	3	5	75
14/03/2025	14	3	1	4	6	71
14/03/2025	15	3	1	5	8	65
14/03/2025	16	3	1	3	5	68
14/03/2025	17	3	1	3	5	72
14/03/2025	18	3	2	3	6	74
14/03/2025	19	3	1	4	6	67
14/03/2025	20	3	1	4	6	71
14/03/2025	21	3	2	19	22	42
14/03/2025	22	3	5	30	38	22
14/03/2025	23	3	2	27	30	17
15/03/2025	00	3	5	30	37	7
15/03/2025	01	3	2	13	16	28
15/03/2025	02	3	1	7	8	54
15/03/2025	03	3	1	4	5	53
15/03/2025	04	4	1	15	16	38
15/03/2025	05	3	1	9	11	46
15/03/2025	06	3	1	10	12	49
15/03/2025	07	3	3	13	17	41
15/03/2025	08	3	2	10	13	54
15/03/2025	09	4	2	9	13	64
15/03/2025	10	4	3	6	11	78
15/03/2025	11	4	3	5	9	85
15/03/2025	12	4	2	3	5	91
15/03/2025	13	3	2	4	7	94
15/03/2025	14	3	2	2	4	97
15/03/2025	15	3	1	2	4	95
15/03/2025	16	3	1	2	4	93
15/03/2025	17	3	1	2	4	93
15/03/2025	18	3	1	5	6	86
15/03/2025	19	3	2	23	26	54
15/03/2025	20	3	2	22	25	44
15/03/2025	21	3	5	36	44	27
15/03/2025	22	7	3	42	46	14
15/03/2025	23	9	11	46	63	5
16/03/2025	00	5	4	35	41	8
16/03/2025	01	5	3	33	38	12
16/03/2025	02	10	9	43	57	9
16/03/2025	03	8	2	24	28	16
16/03/2025	04	11	5	41	49	9
16/03/2025	05	11	9	40	55	9
16/03/2025	06	9	6	32	41	9
16/03/2025	07	9	2	24	27	20
16/03/2025	08	13	7	22	33	24
16/03/2025	09	12	5	15	22	45
16/03/2025	10	6	1	4	6	68
16/03/2025	11	5	1	2	4	76
16/03/2025	12	4	1	5	8	69
16/03/2025	13	4	2	4	8	74
16/03/2025	14	5	1	2	4	81
16/03/2025	15	5	1	2	4	85
16/03/2025	16	4	1	3	5	85
16/03/2025	17	3	2	5	8	79
16/03/2025	18	3	2	8	10	70
16/03/2025	19	3	1	5	7	54
16/03/2025	20	3	1	6	8	53
16/03/2025	21	3	1	11	13	41
16/03/2025	22	4	5	23	30	16
16/03/2025	23	4	3	13	17	26
17/03/2025	00	4	3	18	23	25
17/03/2025	01	5	3	30	35	9
17/03/2025	02	6	1	25	27	13
17/03/2025	03	7	2	25	28	13
17/03/2025	04	7	2	30	33	12
17/03/2025	05	8	5	28	35	11
17/03/2025	06	10	25	39	77	8
17/03/2025	07	14	97	49	197	5
17/03/2025	08	14	133	53	257	6
17/03/2025	09	7	2	6	8	64
17/03/2025	10	5	1	2	4	73
17/03/2025	11	4	1	2	4	75
17/03/2025	12	3	1	1	3	79
17/03/2025	13	3	1	1	3	84
17/03/2025	14	3	1	1	2	86
17/03/2025	15	3	1	1	2	88
17/03/2025	16	3	1	2	4	89
17/03/2025	17	3	1	2	5	88
17/03/2025	18	3	1	4	6	81
17/03/2025	19	3	1	8	10	65
17/03/2025	20	3	4	41	46	25
17/03/2025	21	5	3	36	42	27
17/03/2025	22	6	3	36	40	21
17/03/2025	23	4	1	21	23	30
18/03/2025	00	3	1	10	12	51
18/03/2025	01	3	1	13	15	50
18/03/2025	02	3	1	14	16	54
18/03/2025	03	3	1	11	13	51
18/03/2025	04	3	1	15	17	35
18/03/2025	05	3	4	30	35	16
18/03/2025	06	3	9	36	49	15
18/03/2025	07	3	1	5	7	68
18/03/2025	08	3	1	9	12	62
18/03/2025	09	3	1	13	15	56
18/03/2025	10	3	1	4	6	67
18/03/2025	11	3	1	3	5	70
18/03/2025	12	3	1	4	6	75
18/03/2025	13	3	1	5	6	77
18/03/2025	14	3	1	4	6	77
18/03/2025	15	3	1	3	5	81
18/03/2025	16	3	1	1	3	85
18/03/2025	17	3	1	2	4	80
18/03/2025	18	3	1	3	5	77
18/03/2025	19	3	1	1	3	80
18/03/2025	20	3	1	2	4	84
18/03/2025	21	3	1	2	3	83
18/03/2025	22	3	1	1	3	85
18/03/2025	23	3	1	1	3	82
19/03/2025	00	3	1	1	3	75
19/03/2025	01	3	1	1	3	73
19/03/2025	02	3	1	1	3	80
19/03/2025	03	3	1	1	3	84
19/03/2025	04	3	1	1	2	84
19/03/2025	05	3	1	5	7	61
19/03/2025	06	3	1	5	7	77
19/03/2025	07	3	1	1	3	79
19/03/2025	08	3	1	1	3	81
19/03/2025	09	3	1	1	3	79
19/03/2025	10	3	1	1	3	78
19/03/2025	11	3	1	1	3	81
19/03/2025	12	3	1	1	2	88
19/03/2025	13	3	1	1	2	92
19/03/2025	14	3	1	1	2	93
19/03/2025	15	3	1	1	2	93
19/03/2025	16	3	1	1	2	96
19/03/2025	17	3	1	1	2	97
19/03/2025	18	3	1	1	2	91
19/03/2025	19	3	1	1	2	89
19/03/2025	20	3	1	1	3	83
19/03/2025	21	3	1	1	3	87
19/03/2025	22	3	1	1	3	81
19/03/2025	23	3	1	2	5	70
20/03/2025	00	3	1	2	4	74
20/03/2025	01	3	1	2	4	69
20/03/2025	02	3	1	8	10	41
20/03/2025	03	3	1	3	5	70
20/03/2025	04	3	1	1	2	67
20/03/2025	05	3	1	1	2	79
20/03/2025	06	3	1	1	2	89
20/03/2025	07	3	1	1	3	89
20/03/2025	08	3	1	1	3	88
20/03/2025	09	3	1	2	4	88
20/03/2025	10	3	1	1	3	88
20/03/2025	11	3	1	1	3	87
20/03/2025	12	4	1	1	3	88
20/03/2025	13	3	1	1	3	87
20/03/2025	14	3	1	1	3	85
20/03/2025	15	3	1	1	3	83
20/03/2025	16	3	1	1	3	80
20/03/2025	17	3	1	2	4	79
20/03/2025	18	3	1	2	4	80
20/03/2025	19	3	1	1	3	84
20/03/2025	20	3	1	1	3	86
20/03/2025	21	3	1	1	3	84
20/03/2025	22	3	1	1	3	82
20/03/2025	23	3	1	2	4	80
21/03/2025	00	4	1	1	3	85
21/03/2025	01	3	1	1	2	82
21/03/2025	02	3	1	1	2	84
21/03/2025	03	3	1	1	2	85
21/03/2025	04	3	1	1	2	83
21/03/2025	05	4	1	5	7	64
21/03/2025	06	4	1	6	9	72
21/03/2025	07	4	6	25	34	50
21/03/2025	08	4	11	31	49	39
21/03/2025	09	4	22	40	73	17
21/03/2025	10	4	16	28	51	26
21/03/2025	11	3	12	23	41	47
21/03/2025	12	3	10	19	34	68
21/03/2025	13	3	6	9	18	80
21/03/2025	14	3	5	4	12	89
21/03/2025	15	3	6	10	20	83
21/03/2025	16	3	6	10	19	82
21/03/2025	17	3	6	12	21	81
21/03/2025	18	3	5	11	19	78
21/03/2025	19	3	4	14	19	69
21/03/2025	20	3	2	13	16	67
21/03/2025	21	3	2	16	18	59
21/03/2025	22	4	2	20	23	49
21/03/2025	23	3	1	10	12	60
22/03/2025	00	3	1	10	12	61
22/03/2025	01	3	1	9	11	66
22/03/2025	02	3	1	8	10	62
22/03/2025	03	3	1	11	12	57
22/03/2025	04	3	1	12	14	38
22/03/2025	05	3	1	11	13	46
22/03/2025	06	3	1	8	10	68
22/03/2025	07	3	1	4	6	85
22/03/2025	08	3	1	4	6	89
22/03/2025	09	3	2	4	7	90
22/03/2025	10	3	2	2	6	91
22/03/2025	11	4	2	3	6	91
22/03/2025	12	4	2	2	6	89
22/03/2025	13	3	2	2	5	87
22/03/2025	14	3	1	1	3	85
22/03/2025	15	3	1	1	3	86
22/03/2025	16	3	2	1	3	85
22/03/2025	17	4	2	2	5	81
22/03/2025	18	4	2	2	4	78
22/03/2025	19	3	2	3	5	72
22/03/2025	20	3	2	4	6	68
22/03/2025	21	4	1	7	10	63
22/03/2025	22	4	2	4	7	69
22/03/2025	23	3	1	4	6	68
23/03/2025	00	3	1	3	5	72
23/03/2025	01	4	1	2	4	73
23/03/2025	02	3	1	3	5	70
23/03/2025	03	3	1	2	4	68
23/03/2025	04	3	1	3	5	67
23/03/2025	05	5	1	22	24	47
23/03/2025	06	5	1	4	6	66
23/03/2025	07	4	1	5	7	67
23/03/2025	08	4	1	2	4	75
23/03/2025	09	4	1	3	5	69
23/03/2025	10	4	1	3	5	70
23/03/2025	11	3	1	2	4	76
23/03/2025	12	3	1	1	3	78
23/03/2025	13	3	1	1	2	79
23/03/2025	14	3	1	1	2	82
23/03/2025	15	3	1	1	2	84
23/03/2025	16	3	1	1	3	85
23/03/2025	17	3	1	1	3	83
23/03/2025	18	3	1	2	4	75
23/03/2025	19	3	1	4	6	62
23/03/2025	20	3	2	24	28	40
23/03/2025	21	3	3	32	37	15
23/03/2025	22	3	4	21	27	17
23/03/2025	23	3	3	25	29	11
24/03/2025	00	3	2	18	20	21
24/03/2025	01	8	6	35	45	5
24/03/2025	02	8	4	32	38	7
24/03/2025	03	6	2	23	26	18
24/03/2025	04	12	10	35	50	6
24/03/2025	05	13	11	37	53	6
24/03/2025	06	13	13	36	56	5
24/03/2025	07	11	29	35	80	6
24/03/2025	08	12	17	25	51	24
24/03/2025	09	14	9	19	33	45
24/03/2025	10	9	3	10	14	65
24/03/2025	11	15	5	13	20	62
24/03/2025	12	8	3	5	10	77
24/03/2025	13	6	2	4	7	78
24/03/2025	14	5	1	3	5	84
24/03/2025	15	5	1	3	4	86
24/03/2025	16	4	1	2	4	80
24/03/2025	17	4	1	4	6	74
24/03/2025	18	4	1	2	4	74
24/03/2025	19	4	1	4	5	63
24/03/2025	20	4	1	13	14	47
24/03/2025	21	4	1	26	29	31
24/03/2025	22	4	2	26	29	22
24/03/2025	23	4	2	25	29	16
25/03/2025	00	6	4	36	43	6
25/03/2025	01	5	2	20	23	23
25/03/2025	02	4	2	19	22	17
25/03/2025	03	6	2	25	28	12
25/03/2025	04	5	2	26	29	8
25/03/2025	05	7	13	32	51	6
25/03/2025	06	11	26	37	77	4
25/03/2025	07	14	72	45	155	4
25/03/2025	08	25	70	49	156	8
25/03/2025	09	20	14	26	48	34
25/03/2025	10	12	3	9	14	65
25/03/2025	11	12	4	9	14	71
25/03/2025	12	10	3	5	10	78
25/03/2025	13	8	3	6	10	82
25/03/2025	14	7	2	4	7	85
25/03/2025	15	6	3	8	11	78
25/03/2025	16	6	6	18	27	67
25/03/2025	17	6	7	20	31	62
25/03/2025	18	6	6	27	36	51
25/03/2025	19	6	7	25	36	47
25/03/2025	20	5	3	20	25	49
25/03/2025	21	5	1	19	21	45
25/03/2025	22	6	3	27	30	39
25/03/2025	23	5	2	14	16	48
26/03/2025	00	5	2	12	15	51
26/03/2025	01	7	2	37	40	20
26/03/2025	02	7	2	31	34	24
26/03/2025	03	7	2	16	19	34
26/03/2025	04	5	1	6	8	46
26/03/2025	05	6	1	8	10	43
26/03/2025	06	5	5	22	29	29
26/03/2025	07	7	29	40	84	10
26/03/2025	08	8	21	35	66	22
26/03/2025	09	9	11	29	44	44
26/03/2025	10	7	3	9	13	75
26/03/2025	11	5	2	5	8	85
26/03/2025	12	7	5	10	17	77
26/03/2025	13	5	4	7	14	86
26/03/2025	14	5	3	9	14	93
26/03/2025	15	5	4	8	14	95
26/03/2025	16	5	3	8	12	97
26/03/2025	17	4	4	12	18	87
26/03/2025	18	4	3	13	18	81
26/03/2025	19	4	4	22	28	72
26/03/2025	20	4	1	16	18	48
26/03/2025	21	4	1	16	18	53
26/03/2025	22	4	6	43	52	10
26/03/2025	23	5	4	28	34	16
27/03/2025	00	5	3	29	33	13
27/03/2025	01	5	6	31	40	10
27/03/2025	02	5	2	21	24	20
27/03/2025	03	6	2	26	29	17
27/03/2025	04	6	2	27	29	21
27/03/2025	05	8	4	32	37	21
27/03/2025	06	9	14	40	62	9
27/03/2025	07	13	47	51	123	6
27/03/2025	08	23	36	46	102	14
27/03/2025	09	15	8	24	37	51
27/03/2025	11	12	4	15	21	80
27/03/2025	12	9	4	12	18	84
27/03/2025	13	6	4	9	14	93
27/03/2025	14	5	4	8	13	101
27/03/2025	15	4	3	8	12	100
27/03/2025	16	4	3	7	11	99
27/03/2025	17	4	3	12	16	89
27/03/2025	18	4	3	14	19	78
27/03/2025	19	3	4	19	25	63
27/03/2025	20	3	2	18	21	61
27/03/2025	21	3	1	15	17	52
27/03/2025	22	3	1	12	14	60
27/03/2025	23	3	2	20	23	37
28/03/2025	00	4	1	21	23	25
28/03/2025	01	4	2	22	25	26
28/03/2025	02	6	1	28	30	19
28/03/2025	03	6	2	30	33	20
28/03/2025	04	7	2	24	26	18
28/03/2025	05	6	3	23	28	21
28/03/2025	06	9	16	44	68	6
28/03/2025	07	15	54	48	130	4
28/03/2025	08	21	32	42	91	15
28/03/2025	09	14	6	19	29	56
28/03/2025	10	7	3	11	16	71
28/03/2025	11	6	2	5	8	84
28/03/2025	12	9	2	5	7	91
28/03/2025	13	7	3	7	12	95
28/03/2025	14	6	2	3	6	93
28/03/2025	15	6	2	5	9	89
28/03/2025	16	6	2	6	10	100
28/03/2025	17	5	3	8	12	99
28/03/2025	18	5	2	7	10	97
28/03/2025	19	4	2	11	13	83
28/03/2025	20	4	1	15	17	56
28/03/2025	21	6	1	33	36	31
28/03/2025	22	7	2	36	40	24
28/03/2025	23	9	4	43	49	21
29/03/2025	00	12	4	47	52	16
29/03/2025	01	17	3	32	35	38
29/03/2025	02	13	1	18	20	54
29/03/2025	03	9	1	10	12	69
29/03/2025	04	7	1	1	3	88
29/03/2025	05	7	1	3	5	86
29/03/2025	06	7	1	4	6	89
29/03/2025	07	10	3	17	22	59
29/03/2025	08	5	1	2	3	99
29/03/2025	09	4	1	1	2	98
29/03/2025	10	3	1	1	2	99
29/03/2025	11	4	1	1	2	101
29/03/2025	12	4	1	1	3	103
29/03/2025	13	4	2	1	3	105
29/03/2025	14	4	2	1	3	107
29/03/2025	15	3	1	1	2	105
29/03/2025	16	4	1	1	2	103
29/03/2025	17	4	1	1	2	103
29/03/2025	18	3	1	1	2	100
29/03/2025	19	3	1	1	2	97
29/03/2025	20	4	1	1	2	95
29/03/2025	21	3	1	1	2	93
29/03/2025	22	4	1	1	3	91
29/03/2025	23	7	1	2	4	89
30/03/2025	00	7	1	3	5	87
30/03/2025	01	8	1	4	6	82
30/03/2025	02	7	1	6	8	75
30/03/2025	03	6	1	3	5	77
30/03/2025	04	5	1	2	4	77
30/03/2025	05	6	1	2	4	78
30/03/2025	06	6	1	2	4	78
30/03/2025	07	5	1	2	4	76
30/03/2025	08	6	1	3	6	75
30/03/2025	09	8	1	3	5	77
30/03/2025	10	6	1	4	6	78
30/03/2025	11	8	2	6	9	86
30/03/2025	12	6	2	4	7	94
30/03/2025	13	6	1	3	5	100
30/03/2025	14	5	1	2	4	104
30/03/2025	15	4	1	3	5	104
30/03/2025	16	4	2	4	7	104
30/03/2025	17	4	2	5	7	104
30/03/2025	18	3	1	6	8	97
30/03/2025	19	3	1	15	17	73
30/03/2025	20	3	1	9	10	68
30/03/2025	21	3	1	8	9	75
30/03/2025	22	4	2	23	27	37
30/03/2025	23	8	2	35	37	16
31/03/2025	00	15	2	39	41	16
31/03/2025	01	28	3	47	51	7
31/03/2025	02	31	2	41	44	17
31/03/2025	03	19	1	25	27	32
31/03/2025	04	31	5	47	54	12
31/03/2025	05	26	16	58	81	8
31/03/2025	06	21	24	57	94	9
31/03/2025	07	13	55	64	149	6
31/03/2025	08	15	47	68	141	16
31/03/2025	09	11	12	39	58	52
31/03/2025	10	7	12	29	46	52
31/03/2025	11	3	8	24	35	69
31/03/2025	12	3	3	12	16	95
31/03/2025	13	3	3	11	14	101
31/03/2025	14	3	3	13	17	95
31/03/2025	15	3	3	14	19	88
31/03/2025	16	3	2	10	13	105
31/03/2025	17	3	3	14	18	101
31/03/2025	18	3	2	13	16	93
31/03/2025	19	3	3	18	22	71
31/03/2025	20	3	1	14	16	64
31/03/2025	21	3	1	9	10	63
31/03/2025	22	3	1	6	8	76
31/03/2025	23	3	1	4	6	79
01/04/2025	00	3	1	23	24	17
01/04/2025	01	3	2	30	32	18
01/04/2025	02	3	2	34	36	10
01/04/2025	03	3	2	36	40	11
01/04/2025	04	3	5	40	47	11
01/04/2025	05	3	37	60	117	4
01/04/2025	06	3	76	68	184	4
01/04/2025	07	3	111	72	242	5
01/04/2025	08	3	65	69	168	12
01/04/2025	09	3	9	34	48	59
01/04/2025	10	3	5	23	31	80
01/04/2025	11	4	5	12	19	78
01/04/2025	12	3	1	7	9	104
01/04/2025	13	3	2	7	10	112
01/04/2025	14	3	2	8	10	110
01/04/2025	15	3	1	7	9	117
01/04/2025	16	3	1	8	10	119
01/04/2025	17	4	2	7	10	112
01/04/2025	18	3	1	3	5	110
01/04/2025	19	3	1	3	5	99
01/04/2025	20	4	1	4	6	91
01/04/2025	21	4	1	6	8	80
01/04/2025	22	4	1	6	8	83
01/04/2025	23	4	1	4	6	83
02/04/2025	00	4	1	4	6	79
02/04/2025	01	4	1	3	5	75
02/04/2025	02	4	1	3	5	73
02/04/2025	03	4	1	2	4	83
02/04/2025	04	4	1	1	3	77
02/04/2025	05	4	1	10	12	63
02/04/2025	06	4	1	8	10	74
02/04/2025	07	4	1	8	9	72
02/04/2025	08	4	1	8	10	76
02/04/2025	09	4	1	9	12	68
02/04/2025	10	4	1	13	15	64
02/04/2025	11	3	5	24	31	62
02/04/2025	12	3	6	23	32	68
02/04/2025	13	3	5	18	25	77
02/04/2025	14	3	3	11	16	94
02/04/2025	15	3	2	9	12	100
02/04/2025	16	3	2	12	15	95
02/04/2025	17	3	1	8	10	94
02/04/2025	18	3	1	8	10	89
02/04/2025	19	3	1	8	10	86
02/04/2025	20	3	1	7	9	83
02/04/2025	21	3	1	9	11	80
02/04/2025	22	3	1	5	6	76
02/04/2025	23	3	1	1	3	86
03/04/2025	00	3	1	1	2	88
03/04/2025	01	3	1	1	2	78
03/04/2025	02	3	1	2	3	84
03/04/2025	03	3	1	1	2	90
03/04/2025	04	3	1	1	2	88
03/04/2025	05	3	1	1	3	83
03/04/2025	06	3	1	3	5	75
03/04/2025	07	3	1	4	6	76
03/04/2025	08	3	1	3	5	85
03/04/2025	09	3	1	1	2	94
03/04/2025	10	3	1	1	2	95
03/04/2025	13	3	1	1	3	97
03/04/2025	14	4	1	1	2	98
03/04/2025	15	4	1	1	3	98
03/04/2025	16	3	1	1	3	100
03/04/2025	17	4	1	1	3	99
03/04/2025	18	4	1	1	3	99
03/04/2025	19	3	1	1	2	96
03/04/2025	20	4	1	1	2	95
03/04/2025	21	3	1	1	3	93
03/04/2025	22	3	1	1	2	93
03/04/2025	23	4	1	1	2	92
04/04/2025	00	3	1	1	2	92
04/04/2025	01	4	1	1	2	91
04/04/2025	02	3	1	1	2	93
04/04/2025	03	3	1	1	2	92
04/04/2025	04	3	1	1	2	91
04/04/2025	05	4	1	3	5	85
04/04/2025	06	3	1	7	9	81
04/04/2025	07	3	1	9	11	78
04/04/2025	08	4	1	5	7	88
04/04/2025	09	4	1	3	4	89
04/04/2025	10	4	1	2	4	90
04/04/2025	11	3	1	2	4	92
04/04/2025	12	3	1	2	3	94
04/04/2025	13	3	1	1	3	93
04/04/2025	14	3	1	3	4	92
04/04/2025	15	3	1	2	4	92
04/04/2025	16	3	1	2	4	94
04/04/2025	17	3	1	2	4	95
04/04/2025	18	3	1	1	3	98
04/04/2025	19	3	1	2	4	95
04/04/2025	20	3	1	2	4	84
04/04/2025	21	3	1	7	9	65
04/04/2025	22	3	1	2	4	75
04/04/2025	23	3	1	5	7	56
05/04/2025	00	3	1	9	11	53
05/04/2025	01	3	1	6	8	47
05/04/2025	02	3	1	4	6	49
05/04/2025	03	3	1	9	11	48
05/04/2025	04	3	2	15	18	34
05/04/2025	05	3	2	21	24	20
05/04/2025	06	3	5	20	28	13
05/04/2025	07	3	18	24	51	8
05/04/2025	08	3	26	27	67	14
05/04/2025	09	3	13	26	46	25
05/04/2025	10	3	10	20	35	43
05/04/2025	11	3	5	13	20	61
05/04/2025	12	4	3	11	16	70
05/04/2025	13	3	2	7	10	84
05/04/2025	14	4	1	2	4	97
05/04/2025	15	3	1	10	12	89
05/04/2025	16	3	2	14	17	85
05/04/2025	17	3	1	5	7	94
05/04/2025	18	3	1	3	5	97
05/04/2025	19	3	1	6	8	79
05/04/2025	20	3	1	9	11	68
05/04/2025	21	3	1	9	11	74
05/04/2025	22	3	1	25	27	45
05/04/2025	23	3	2	28	31	30
06/04/2025	00	3	2	26	29	29
06/04/2025	01	3	1	26	29	38
06/04/2025	02	3	3	45	49	12
06/04/2025	03	3	3	39	43	15
06/04/2025	04	3	1	31	33	19
06/04/2025	05	3	1	12	14	38
06/04/2025	06	3	1	9	11	38
06/04/2025	07	3	1	9	11	43
06/04/2025	08	3	2	10	13	45
06/04/2025	09	3	1	6	9	63
06/04/2025	10	3	1	5	7	76
06/04/2025	11	3	1	4	7	88
06/04/2025	12	3	2	5	8	90
06/04/2025	13	3	2	3	5	95
06/04/2025	14	3	2	2	5	97
06/04/2025	15	3	1	2	4	96
06/04/2025	16	3	2	3	5	94
06/04/2025	17	3	1	4	6	94
06/04/2025	18	3	1	5	8	88
06/04/2025	19	3	2	13	15	70
06/04/2025	20	3	2	19	22	50
06/04/2025	21	4	3	29	34	27
06/04/2025	22	3	4	32	37	16
06/04/2025	23	4	2	29	32	25
07/04/2025	00	4	1	25	26	32
07/04/2025	01	4	2	30	32	26
07/04/2025	02	3	1	12	14	45
07/04/2025	03	4	1	13	15	41
07/04/2025	04	3	1	10	12	45
07/04/2025	05	4	3	18	23	38
07/04/2025	06	4	24	44	81	16
07/04/2025	07	4	19	37	67	20
07/04/2025	08	4	12	30	49	34
07/04/2025	09	4	6	23	33	59
07/04/2025	10	4	4	8	14	81
07/04/2025	11	3	3	7	11	88
07/04/2025	12	3	3	11	15	91
07/04/2025	13	3	2	4	6	99
07/04/2025	14	3	1	7	9	100
07/04/2025	15	3	2	11	14	93
07/04/2025	16	3	1	11	13	93
07/04/2025	17	3	2	12	15	91
07/04/2025	18	3	1	14	16	92
07/04/2025	19	3	1	5	7	102
07/04/2025	20	3	1	5	6	98
07/04/2025	21	3	1	3	5	97
07/04/2025	22	3	1	2	4	85
07/04/2025	23	3	1	3	4	75
08/04/2025	00	3	1	2	4	76
08/04/2025	01	3	1	2	4	72
08/04/2025	02	3	1	11	13	45
08/04/2025	03	3	4	27	33	8
08/04/2025	04	3	14	27	47	7
08/04/2025	05	3	30	36	82	3
08/04/2025	06	3	62	36	130	4
08/04/2025	07	3	105	47	208	4
08/04/2025	08	3	3	19	24	60
08/04/2025	09	3	1	6	8	81
08/04/2025	10	3	3	13	17	81
08/04/2025	11	3	6	27	36	76
08/04/2025	12	3	3	9	13	95
08/04/2025	13	3	1	5	7	105
08/04/2025	14	3	1	3	5	109
08/04/2025	15	3	1	4	6	104
08/04/2025	16	3	1	2	4	104
08/04/2025	17	3	1	2	4	101
08/04/2025	18	3	1	2	3	102
08/04/2025	19	3	1	1	3	88
08/04/2025	20	3	1	8	11	65
08/04/2025	21	3	1	8	9	63
08/04/2025	22	3	1	5	7	68
08/04/2025	23	3	2	20	23	33
09/04/2025	00	3	3	16	20	36
09/04/2025	01	3	1	12	14	47
09/04/2025	02	3	1	18	19	14
09/04/2025	03	3	2	25	28	8
09/04/2025	04	3	4	31	37	14
09/04/2025	05	3	9	38	52	13
09/04/2025	06	3	37	44	101	3
09/04/2025	07	3	32	40	89	6
09/04/2025	08	3	27	44	86	10
09/04/2025	09	3	7	30	41	48
09/04/2025	10	3	5	26	34	66
09/04/2025	11	3	3	11	16	93
09/04/2025	12	3	3	9	13	101
09/04/2025	13	3	2	7	10	105
09/04/2025	14	3	1	6	8	107
09/04/2025	15	3	1	5	7	106
09/04/2025	16	3	1	5	7	107
09/04/2025	17	3	1	7	8	99
09/04/2025	18	3	1	4	6	99
09/04/2025	19	3	1	3	5	87
09/04/2025	20	3	1	7	9	52
09/04/2025	21	3	1	8	9	63
09/04/2025	22	3	1	12	13	58
09/04/2025	23	3	1	7	9	60
10/04/2025	00	3	1	5	6	68
10/04/2025	01	3	1	13	15	44
10/04/2025	02	3	1	20	22	28
10/04/2025	03	3	1	23	25	19
10/04/2025	04	3	5	32	38	12
10/04/2025	05	3	22	40	75	4
10/04/2025	06	3	65	50	150	3
10/04/2025	07	3	75	56	171	4
10/04/2025	08	3	11	25	42	50
10/04/2025	09	3	1	5	7	85
10/04/2025	10	3	1	3	5	90
10/04/2025	11	3	1	2	4	100
10/04/2025	12	3	1	2	4	96
10/04/2025	13	3	1	1	3	99
10/04/2025	14	3	1	1	3	100
10/04/2025	15	3	1	1	2	102
10/04/2025	16	3	2	3	6	98
10/04/2025	17	3	1	1	2	97
10/04/2025	18	3	1	1	2	96
10/04/2025	19	3	1	1	2	94
10/04/2025	20	3	1	5	7	74
10/04/2025	21	3	1	9	11	75
10/04/2025	22	3	1	4	5	68
10/04/2025	23	3	1	14	16	45
11/04/2025	00	3	1	18	20	33
11/04/2025	01	3	1	15	17	25
11/04/2025	02	3	2	21	24	16
11/04/2025	03	3	8	22	34	10
11/04/2025	04	3	9	29	43	7
11/04/2025	05	3	28	42	86	4
11/04/2025	06	3	50	52	128	3
11/04/2025	07	3	60	59	151	5
11/04/2025	08	3	31	53	101	9
11/04/2025	09	3	2	14	16	69
11/04/2025	10	3	1	3	5	87
11/04/2025	11	3	1	2	4	93
11/04/2025	12	3	1	1	3	96
11/04/2025	13	3	1	1	2	95
11/04/2025	14	3	1	1	2	98
11/04/2025	15	3	1	1	2	95
11/04/2025	16	3	1	1	2	98
11/04/2025	17	3	1	1	3	100
11/04/2025	18	3	1	1	3	99
11/04/2025	19	3	1	1	3	92
11/04/2025	20	3	1	2	3	95
11/04/2025	21	3	1	1	2	86
11/04/2025	22	3	1	2	4	75
11/04/2025	23	3	1	6	8	66
12/04/2025	00	3	1	17	19	26
12/04/2025	01	3	1	17	19	21
12/04/2025	02	3	1	19	21	16
12/04/2025	03	3	3	25	29	13
12/04/2025	04	3	3	23	28	11
12/04/2025	05	3	5	30	37	9
12/04/2025	06	3	13	36	56	3
12/04/2025	07	3	18	34	61	6
12/04/2025	08	3	14	27	48	16
12/04/2025	09	3	3	16	21	56
12/04/2025	10	3	3	14	19	61
12/04/2025	11	4	3	11	15	60
12/04/2025	12	3	2	10	13	65
12/04/2025	13	3	3	14	19	67
12/04/2025	14	3	2	9	11	81
12/04/2025	15	3	1	7	9	91
12/04/2025	16	3	2	10	13	88
12/04/2025	17	3	2	10	12	90
12/04/2025	18	3	1	7	9	90
12/04/2025	19	3	1	8	9	83
12/04/2025	20	3	1	8	10	72
12/04/2025	21	3	1	7	8	63
12/04/2025	22	3	1	9	10	47
12/04/2025	23	3	1	8	10	32
13/04/2025	00	3	1	15	16	40
13/04/2025	01	3	1	17	19	22
13/04/2025	02	3	1	13	14	17
13/04/2025	03	3	2	12	16	5
13/04/2025	04	3	4	16	22	8
13/04/2025	05	3	4	26	32	7
13/04/2025	06	3	8	25	37	4
13/04/2025	07	3	14	23	44	7
13/04/2025	08	6	6	19	29	33
13/04/2025	09	3	2	8	11	63
13/04/2025	10	3	1	5	7	75
13/04/2025	11	3	2	14	17	81
13/04/2025	12	3	2	8	11	90
13/04/2025	13	3	1	8	10	95
13/04/2025	14	3	2	13	15	85
13/04/2025	15	3	1	11	13	84
13/04/2025	16	3	1	4	6	91
13/04/2025	17	3	1	4	5	92
13/04/2025	18	3	1	6	7	91
13/04/2025	19	3	1	10	11	75
13/04/2025	20	3	2	9	12	45
13/04/2025	21	3	1	7	9	54
13/04/2025	22	3	1	14	16	37
13/04/2025	23	3	1	10	12	35
14/04/2025	00	3	1	8	9	36
14/04/2025	01	3	1	4	6	60
14/04/2025	02	3	1	2	3	63
14/04/2025	03	3	1	7	8	39
14/04/2025	04	3	2	17	20	17
14/04/2025	05	3	2	18	21	11
14/04/2025	06	3	1	14	16	26
14/04/2025	07	3	40	41	101	8
14/04/2025	08	3	24	38	75	12
14/04/2025	09	3	13	32	52	33
14/04/2025	10	3	6	20	29	66
14/04/2025	11	3	4	12	18	77
14/04/2025	12	3	3	8	13	85
14/04/2025	13	3	2	6	9	92
14/04/2025	14	3	1	7	9	88
14/04/2025	15	3	2	10	13	87
14/04/2025	16	4	2	12	15	85
14/04/2025	17	3	1	8	10	89
14/04/2025	18	3	1	4	5	92
14/04/2025	19	3	1	6	7	81
14/04/2025	20	3	1	5	6	67
14/04/2025	21	3	2	18	20	43
14/04/2025	22	3	2	23	26	20
14/04/2025	23	4	1	17	19	25
15/04/2025	00	3	2	20	23	25
15/04/2025	01	3	3	25	30	12
15/04/2025	02	3	2	27	31	13
15/04/2025	03	4	9	29	43	12
15/04/2025	04	4	2	20	23	43
15/04/2025	05	3	4	19	24	38
15/04/2025	06	4	9	22	35	46
15/04/2025	07	3	28	47	90	24
15/04/2025	08	4	25	43	81	26
15/04/2025	09	3	11	23	39	56
15/04/2025	10	4	7	16	27	67
15/04/2025	11	3	6	14	22	71
15/04/2025	12	3	6	17	26	72
15/04/2025	13	3	5	9	17	84
15/04/2025	14	3	5	7	15	85
15/04/2025	15	3	5	12	20	86
15/04/2025	16	3	5	9	17	90
15/04/2025	17	3	4	13	20	77
15/04/2025	18	3	3	9	14	82
15/04/2025	19	3	2	10	13	80
15/04/2025	20	3	1	13	15	69
15/04/2025	21	3	1	6	7	76
15/04/2025	22	3	1	5	7	66
15/04/2025	23	3	1	4	5	66
16/04/2025	00	3	2	14	16	44
16/04/2025	01	3	2	23	25	36
16/04/2025	02	3	1	12	14	31
16/04/2025	03	3	2	18	21	36
16/04/2025	04	3	3	24	29	26
16/04/2025	05	3	13	36	56	10
16/04/2025	06	3	37	48	105	6
16/04/2025	07	3	53	54	135	10
16/04/2025	08	3	7	24	34	54
16/04/2025	09	3	2	6	9	82
16/04/2025	10	3	1	2	4	92
16/04/2025	11	3	2	5	8	92
16/04/2025	12	3	3	8	13	89
16/04/2025	13	3	3	6	9	95
16/04/2025	14	3	3	8	12	96
16/04/2025	15	3	3	8	12	96
16/04/2025	16	3	1	5	7	98
16/04/2025	17	3	1	5	6	96
16/04/2025	18	3	1	4	6	95
16/04/2025	19	3	1	9	10	82
16/04/2025	20	3	1	9	11	80
16/04/2025	21	3	1	3	5	84
16/04/2025	22	3	1	14	15	70
16/04/2025	23	3	1	12	13	66
17/04/2025	00	3	5	37	45	38
17/04/2025	01	3	3	33	38	37
17/04/2025	02	3	1	6	8	73
17/04/2025	03	3	1	9	11	67
17/04/2025	04	3	1	19	21	57
17/04/2025	05	3	21	40	72	25
17/04/2025	06	3	24	59	95	7
17/04/2025	07	3	48	55	129	13
17/04/2025	08	3	7	24	36	46
17/04/2025	09	3	2	7	10	76
17/04/2025	10	3	2	5	9	90
17/04/2025	13	3	2	4	7	104
17/04/2025	14	3	2	7	10	105
17/04/2025	15	3	1	3	5	109
17/04/2025	16	3	1	2	4	110
17/04/2025	17	3	1	4	6	107
17/04/2025	18	3	1	2	4	105
17/04/2025	19	3	1	2	4	98
17/04/2025	20	3	1	5	7	84
17/04/2025	21	3	1	9	10	72
17/04/2025	22	3	2	23	27	40
17/04/2025	23	3	1	23	25	31
18/04/2025	00	3	3	27	31	22
18/04/2025	01	3	1	23	24	31
18/04/2025	02	3	1	34	35	18
18/04/2025	03	3	2	30	34	14
18/04/2025	04	3	6	40	49	7
18/04/2025	05	3	9	39	53	6
18/04/2025	06	3	5	31	39	13
18/04/2025	07	3	15	35	58	14
18/04/2025	08	3	9	25	39	44
18/04/2025	09	3	3	12	16	70
18/04/2025	10	3	1	4	6	88
18/04/2025	11	3	2	8	11	78
18/04/2025	12	3	3	8	12	90
18/04/2025	13	3	1	3	5	110
18/04/2025	14	3	1	4	5	109
18/04/2025	15	3	1	3	4	100
18/04/2025	16	3	1	9	11	92
18/04/2025	17	3	1	8	10	91
18/04/2025	18	3	1	6	8	89
18/04/2025	19	3	1	5	6	84
18/04/2025	20	3	1	7	8	64
18/04/2025	21	3	1	8	9	61
18/04/2025	22	3	1	7	8	59
18/04/2025	23	3	1	7	8	58
19/04/2025	00	3	1	11	13	37
19/04/2025	01	3	2	20	23	13
19/04/2025	02	3	1	22	24	11
19/04/2025	03	3	1	24	26	10
19/04/2025	04	3	15	26	50	6
19/04/2025	05	3	4	24	29	10
19/04/2025	06	3	6	27	37	15
19/04/2025	07	3	9	28	41	21
19/04/2025	08	3	3	16	20	55
19/04/2025	09	3	2	6	10	69
19/04/2025	10	3	2	2	5	78
19/04/2025	11	3	2	2	5	79
19/04/2025	12	3	2	2	5	89
19/04/2025	13	3	1	2	4	96
19/04/2025	14	3	1	1	3	105
19/04/2025	15	3	1	1	3	103
19/04/2025	16	3	1	2	4	98
19/04/2025	17	3	1	1	3	95
19/04/2025	18	3	1	2	3	92
19/04/2025	19	3	1	9	11	81
19/04/2025	20	3	1	5	7	86
19/04/2025	21	3	1	16	18	59
19/04/2025	22	3	1	7	8	66
19/04/2025	23	3	1	4	6	68
20/04/2025	00	3	1	17	19	37
20/04/2025	01	3	1	13	14	43
20/04/2025	02	3	1	23	25	31
20/04/2025	03	3	1	21	23	31
20/04/2025	04	3	1	19	21	33
20/04/2025	05	3	10	25	40	24
20/04/2025	06	3	4	18	24	33
20/04/2025	07	3	6	29	37	31
20/04/2025	08	3	4	17	23	51
20/04/2025	09	3	1	2	4	79
20/04/2025	10	3	1	3	5	84
20/04/2025	11	3	2	5	7	85
20/04/2025	12	3	2	5	7	88
20/04/2025	13	3	1	2	4	87
20/04/2025	14	3	1	2	3	88
20/04/2025	15	3	1	2	4	91
20/04/2025	16	3	1	3	4	93
20/04/2025	17	3	1	2	4	94
20/04/2025	18	3	1	3	5	94
20/04/2025	19	3	1	7	9	81
20/04/2025	20	3	1	11	13	58
20/04/2025	21	3	1	15	17	50
20/04/2025	22	3	1	22	23	31
20/04/2025	23	3	1	20	21	30
21/04/2025	00	3	1	19	20	32
21/04/2025	01	3	1	22	23	23
21/04/2025	02	3	1	21	22	22
21/04/2025	03	3	2	30	33	12
21/04/2025	04	3	4	34	39	12
21/04/2025	05	3	3	24	28	16
21/04/2025	06	3	2	16	18	24
21/04/2025	07	3	4	18	24	31
21/04/2025	08	3	4	12	19	47
21/04/2025	09	3	1	4	5	70
21/04/2025	10	3	3	11	15	73
21/04/2025	11	3	8	33	44	64
21/04/2025	12	3	4	12	18	69
21/04/2025	13	3	1	2	4	83
21/04/2025	14	3	1	4	6	87
21/04/2025	15	3	1	4	5	98
21/04/2025	16	3	1	4	6	96
21/04/2025	17	3	1	2	4	102
21/04/2025	18	3	1	4	6	102
21/04/2025	19	3	1	5	7	88
21/04/2025	20	3	1	10	12	66
21/04/2025	21	3	1	11	12	67
21/04/2025	22	3	1	13	15	59
21/04/2025	23	3	2	24	28	20
22/04/2025	00	3	3	25	30	13
22/04/2025	01	3	1	26	29	16
22/04/2025	02	3	1	24	26	11
22/04/2025	03	3	1	22	25	12
22/04/2025	04	3	6	35	44	6
22/04/2025	05	3	16	36	60	4
22/04/2025	06	3	54	41	124	3
22/04/2025	07	3	66	50	152	3
22/04/2025	08	3	29	38	83	11
22/04/2025	09	3	12	32	50	30
22/04/2025	10	3	13	32	52	42
22/04/2025	11	4	2	9	12	76
22/04/2025	12	4	1	5	7	85
22/04/2025	13	4	1	3	5	91
22/04/2025	14	4	1	3	5	88
22/04/2025	15	4	2	16	18	63
22/04/2025	16	4	1	9	11	57
22/04/2025	17	4	5	35	43	35
22/04/2025	18	4	7	38	49	26
22/04/2025	19	4	6	38	48	18
22/04/2025	20	4	3	25	30	22
22/04/2025	21	5	2	19	22	23
22/04/2025	22	4	5	25	33	15
22/04/2025	23	4	2	18	21	10
23/04/2025	00	4	5	22	29	3
23/04/2025	01	4	1	12	14	15
23/04/2025	02	4	1	18	20	17
23/04/2025	03	4	2	15	17	22
23/04/2025	04	4	4	36	41	8
23/04/2025	05	5	11	37	54	10
23/04/2025	06	5	53	57	139	4
23/04/2025	07	5	46	53	124	9
23/04/2025	08	5	21	41	73	22
23/04/2025	09	4	5	21	28	49
23/04/2025	10	4	9	20	34	63
23/04/2025	11	3	5	10	18	84
23/04/2025	12	3	5	12	20	83
23/04/2025	13	3	5	12	19	91
23/04/2025	14	3	3	10	15	97
23/04/2025	15	3	4	11	16	100
23/04/2025	16	3	4	11	17	99
23/04/2025	17	3	4	13	20	95
23/04/2025	18	3	2	10	12	98
23/04/2025	19	3	1	17	19	83
23/04/2025	20	3	1	19	21	59
23/04/2025	21	3	3	33	37	43
23/04/2025	22	3	2	37	41	20
23/04/2025	23	3	2	36	39	17
24/04/2025	00	3	2	37	41	17
24/04/2025	01	3	1	27	29	23
24/04/2025	02	3	1	32	35	17
24/04/2025	03	3	1	33	35	20
24/04/2025	04	3	6	42	51	8
24/04/2025	05	3	16	43	67	5
24/04/2025	06	3	25	47	85	6
24/04/2025	07	3	36	50	105	9
24/04/2025	08	3	18	35	61	26
24/04/2025	09	3	7	20	30	44
24/04/2025	10	3	9	19	32	57
24/04/2025	11	3	8	16	28	69
24/04/2025	12	3	5	11	18	76
24/04/2025	13	3	3	12	16	82
24/04/2025	14	3	2	4	7	95
24/04/2025	15	3	2	7	10	97
24/04/2025	16	3	2	9	11	95
24/04/2025	17	3	3	10	14	97
24/04/2025	18	3	2	10	13	94
24/04/2025	19	3	2	9	13	74
24/04/2025	20	3	2	15	18	46
24/04/2025	21	3	2	16	19	35
24/04/2025	22	3	1	13	15	37
24/04/2025	23	3	2	19	21	27
25/04/2025	00	3	2	18	21	22
25/04/2025	01	3	1	23	25	14
25/04/2025	02	3	1	24	26	6
25/04/2025	03	3	2	23	26	13
25/04/2025	04	3	1	12	14	31
25/04/2025	05	3	29	29	73	6
25/04/2025	06	3	82	37	162	4
25/04/2025	07	3	81	41	165	4
25/04/2025	08	3	5	15	24	43
25/04/2025	09	3	7	24	35	44
25/04/2025	10	3	3	9	14	68
25/04/2025	11	3	1	5	7	82
25/04/2025	12	3	1	3	5	93
25/04/2025	13	3	1	8	10	87
25/04/2025	14	3	2	12	16	83
25/04/2025	15	3	2	9	12	85
25/04/2025	16	3	1	6	8	87
25/04/2025	17	3	1	5	7	86
25/04/2025	18	3	1	4	6	90
25/04/2025	19	3	1	4	6	75
25/04/2025	20	3	1	9	11	64
25/04/2025	21	3	1	13	15	51
25/04/2025	22	3	1	10	11	40
25/04/2025	23	3	1	11	13	31
26/04/2025	00	3	1	8	9	53
26/04/2025	01	3	1	9	11	40
26/04/2025	02	3	1	10	12	44
26/04/2025	03	3	1	9	10	32
26/04/2025	04	3	1	12	14	22
26/04/2025	05	3	2	24	27	9
26/04/2025	06	3	9	31	44	6
26/04/2025	07	3	16	29	54	13
26/04/2025	08	3	6	20	30	43
26/04/2025	09	3	4	18	25	48
26/04/2025	10	3	4	12	18	61
26/04/2025	11	3	2	5	8	79
26/04/2025	12	3	2	4	8	83
26/04/2025	13	3	1	2	4	90
26/04/2025	14	3	1	2	4	82
26/04/2025	15	3	1	2	4	84
26/04/2025	16	3	1	1	2	87
26/04/2025	17	3	1	2	3	86
26/04/2025	18	3	1	2	4	84
26/04/2025	19	3	1	2	4	90
26/04/2025	20	3	1	4	5	87
26/04/2025	21	3	1	9	11	79
26/04/2025	22	3	1	8	10	81
26/04/2025	23	3	1	7	9	77
27/04/2025	00	3	1	12	14	64
27/04/2025	01	3	1	10	12	64
27/04/2025	02	3	1	16	17	41
27/04/2025	03	3	1	19	21	38
27/04/2025	04	3	1	9	11	39
27/04/2025	05	3	1	9	11	32
27/04/2025	06	3	1	15	17	33
27/04/2025	07	3	2	14	17	42
27/04/2025	08	3	2	10	14	62
27/04/2025	09	3	1	6	8	77
27/04/2025	10	3	1	3	5	86
27/04/2025	11	3	1	3	5	94
27/04/2025	12	3	1	3	5	96
27/04/2025	13	3	1	1	3	98
27/04/2025	14	3	1	1	3	96
27/04/2025	15	3	1	1	2	96
27/04/2025	16	3	1	2	3	96
27/04/2025	17	3	1	2	4	96
27/04/2025	18	3	1	3	5	91
27/04/2025	19	3	1	9	11	76
27/04/2025	20	3	1	12	14	66
27/04/2025	21	3	1	8	10	54
27/04/2025	22	3	1	8	9	49
27/04/2025	23	3	1	7	9	54
28/04/2025	00	3	1	11	13	34
28/04/2025	01	3	1	12	14	28
28/04/2025	02	3	1	24	26	19
28/04/2025	03	3	1	31	34	14
28/04/2025	04	3	1	21	23	23
28/04/2025	05	3	5	30	37	17
28/04/2025	06	3	24	41	78	6
28/04/2025	07	3	15	33	56	20
28/04/2025	08	3	11	32	49	35
28/04/2025	09	3	3	15	19	70
28/04/2025	10	3	4	10	16	86
28/04/2025	17	3	2	6	9	
28/04/2025	18	3	3	9	13	
28/04/2025	19	3	2	11	13	
28/04/2025	20	3	1	18	20	
28/04/2025	21	3	1	21	23	
28/04/2025	22	3	1	22	24	
28/04/2025	23	3	2	25	27	
29/04/2025	00	3	1	20	22	
29/04/2025	01	3	2	33	36	
29/04/2025	02	3	2	27	30	
29/04/2025	03	3	1	27	30	
29/04/2025	04	3	4	32	38	
29/04/2025	05	3	9	34	48	
29/04/2025	06	3	60	48	140	
29/04/2025	07	3	56	50	136	
29/04/2025	08	3	1	6	8	
29/04/2025	09	3	1	3	4	
29/04/2025	10	3	1	3	5	
29/04/2025	11	3	1	1	3	
29/04/2025	12	3	1	2	4	
29/04/2025	13	3	1	2	4	
29/04/2025	14	3	1	2	3	
29/04/2025	15	3	1	1	4	
29/04/2025	16	3	1	1	3	
29/04/2025	17	3	1	1	3	
29/04/2025	18	3	1	1	3	
29/04/2025	19	3	1	1	3	
29/04/2025	20	3	1	3	4	
29/04/2025	21	3	1	2	4	
29/04/2025	22	3	1	2	4	
29/04/2025	23	4	1	2	4	
30/04/2025	00	3	1	2	4	
30/04/2025	01	3	1	2	4	
30/04/2025	02	4	1	3	5	
30/04/2025	03	4	1	3	5	
30/04/2025	04	4	1	2	4	
30/04/2025	05	3	1	4	6	
30/04/2025	06	3	1	9	11	
30/04/2025	07	3	1	5	7	
30/04/2025	08	3	1	3	5	
30/04/2025	09	3	1	2	3	
30/04/2025	10	3	1	2	3	
30/04/2025	11	3	1	1	3	
30/04/2025	12	3	1	1	2	
30/04/2025	13	3	1	1	2	
30/04/2025	14	3	1	1	2	
30/04/2025	15	3	1	1	2	
30/04/2025	16	3	1	1	2	
30/04/2025	17	3	1	1	2	
30/04/2025	18	3	1	1	2	
30/04/2025	19	3	1	1	2	
30/04/2025	20	3	1	1	2	
30/04/2025	21	3	1	1	3	
30/04/2025	22	3	1	2	3	
30/04/2025	23	3	1	3	4	
