Red: Red de Vigilancia y Control de la Contaminación Atmosférica
Estación: 46220015-Sagunt HOLCIM Port
	
FECHA	HORA	Veloc.	Direc.	PM10
		m/s	grados	µg/m³
01/01/2025	00	0,4	208	18
01/01/2025	01	0,3	241	20
01/01/2025	02	0,4	13	24
01/01/2025	03	0,2	316	26
01/01/2025	04	0,2	273	16
01/01/2025	05	0,1	319	13
01/01/2025	06	0,1	20	17
01/01/2025	07	0,1	283	15
01/01/2025	08	0,1	245	19
01/01/2025	09	0,2	247	22
01/01/2025	10	0,3	275	26
01/01/2025	11	0,1	278	20
01/01/2025	12	0,3	342	19
01/01/2025	13	0,8	2	31
01/01/2025	14	1,1	7	19
01/01/2025	15	0,8	358	14
01/01/2025	16	0,4	359	13
01/01/2025	17	0,3	10	28
01/01/2025	18	0,1	351	23
01/01/2025	19	0,1	350	25
01/01/2025	20	0,1	1	32
01/01/2025	21	0,1	1	33
01/01/2025	22	0,2	317	17
01/01/2025	23	0,2	320	15
02/01/2025	00	0,4	281	15
02/01/2025	01	0,8	283	18
02/01/2025	02	1	284	31
02/01/2025	03	0,9	287	23
02/01/2025	04	0,7	291	11
02/01/2025	05	0,6	285	22
02/01/2025	06	0,7	278	27
02/01/2025	07	0,1	323	24
02/01/2025	08	0,1	224	26
02/01/2025	09	0,1	285	19
02/01/2025	10	0,4	177	26
02/01/2025	11	0,6	182	27
02/01/2025	12	1,6	189	25
02/01/2025	13	1,4	184	22
02/01/2025	14	1,8	182	23
02/01/2025	15	1,2	178	29
02/01/2025	16	1,2	177	23
02/01/2025	17	0,3	175	13
02/01/2025	18	0,2	178	12
02/01/2025	19	0,1	341	16
02/01/2025	20	0,5	276	29
02/01/2025	21	0,7	285	27
02/01/2025	22	0,1	302	39
02/01/2025	23	0,1	343	16
03/01/2025	00	0,2	305	24
03/01/2025	01	0,2	325	20
03/01/2025	02	0,1	311	21
03/01/2025	03	0,1	291	25
03/01/2025	04	0,1	1	24
03/01/2025	05	0,1	1	30
03/01/2025	06	0,1	4	34
03/01/2025	07	0,1	1	23
03/01/2025	08	0,1	355	45
03/01/2025	09	0,1	110	23
03/01/2025	10	0,1	15	24
03/01/2025	11	0,1	155	36
03/01/2025	12	1,3	187	19
03/01/2025	13	1,6	188	20
03/01/2025	14	1,5	190	16
03/01/2025	15	0,6	196	25
03/01/2025	16	0,7	303	24
03/01/2025	17	0,1	359	22
03/01/2025	18	0,1	1	26
03/01/2025	19	0,1	1	29
03/01/2025	20	0,1	3	35
03/01/2025	21	0,1	8	27
03/01/2025	22	0,1	1	18
03/01/2025	23	0,1	1	23
04/01/2025	00	0,1	1	29
04/01/2025	01	0,1	351	20
04/01/2025	02	0,1	9	20
04/01/2025	03	0,1	1	19
04/01/2025	04	0,1	9	28
04/01/2025	05	0,1	1	26
04/01/2025	06	0,1	1	32
04/01/2025	07	0,1	1	30
04/01/2025	08	0,1	1	21
04/01/2025	09	0,1	1	16
04/01/2025	10	0,2	278	20
04/01/2025	11	0,5	186	18
04/01/2025	12	0,5	176	18
04/01/2025	13	1	185	19
04/01/2025	14	1,2	193	29
04/01/2025	15	1,3	167	29
04/01/2025	16	0,6	9	16
04/01/2025	17	0,4	5	23
04/01/2025	18	0,1	5	12
04/01/2025	19	0,2	360	17
04/01/2025	20	0,1	1	24
04/01/2025	21	0,2	317	23
04/01/2025	22	0,1	1	27
04/01/2025	23	0,1	1	24
05/01/2025	00	0,1	11	21
05/01/2025	01	0,1	1	20
05/01/2025	02	0,1	4	26
05/01/2025	03	0,1	5	20
05/01/2025	04	0,1	1	16
05/01/2025	05	0,1	1	36
05/01/2025	06	0,1	3	17
05/01/2025	07	0,1	1	25
05/01/2025	08	0,2	264	23
05/01/2025	09	0,1	276	31
05/01/2025	10	0,1	273	31
05/01/2025	11	0,3	175	21
05/01/2025	12	2,4	192	19
05/01/2025	13	2,1	193	18
05/01/2025	14	2,3	189	16
05/01/2025	15	1	147	13
05/01/2025	16	1,1	179	21
05/01/2025	17	0,9	190	32
05/01/2025	18	0,1	344	23
05/01/2025	19	0,5	204	22
05/01/2025	20	0,1	282	20
05/01/2025	21	0,1	183	29
05/01/2025	22	0,1	348	27
05/01/2025	23	0,1	1	40
06/01/2025	00	0,1	1	25
06/01/2025	01	0,1	1	27
06/01/2025	02	0,1	284	19
06/01/2025	03	0,1	3	26
06/01/2025	04	0,1	332	18
06/01/2025	05	0,7	185	21
06/01/2025	06	0,3	200	34
06/01/2025	07	0,3	222	23
06/01/2025	08	0,3	213	19
06/01/2025	09	1	185	22
06/01/2025	10	1,5	183	29
06/01/2025	11	1,5	187	21
06/01/2025	12	1,4	202	18
06/01/2025	13	1,9	208	25
06/01/2025	14	2,3	206	26
06/01/2025	15	1,8	212	14
06/01/2025	16	1,4	202	22
06/01/2025	17	1,1	215	18
06/01/2025	18	2,3	254	18
06/01/2025	19	2,3	278	17
06/01/2025	20	1,7	275	31
06/01/2025	21	2,1	254	20
06/01/2025	22	2,4	253	16
06/01/2025	23	1,8	246	60
07/01/2025	00	1,8	259	27
07/01/2025	01	1,2	263	25
07/01/2025	02	0,8	264	28
07/01/2025	03	0,7	233	33
07/01/2025	04	1,1	246	15
07/01/2025	05	0,6	265	15
07/01/2025	06	1,1	240	17
07/01/2025	07	1,9	246	31
07/01/2025	08	1	208	18
07/01/2025	09	0,6	197	21
07/01/2025	10	1,2	188	15
07/01/2025	11	1,3	182	12
07/01/2025	12	1,2	198	29
07/01/2025	13	1,5	206	23
07/01/2025	14	2,5	197	20
07/01/2025	15	2,3	193	25
07/01/2025	16	2,1	197	19
07/01/2025	17	2,1	196	35
07/01/2025	18	2,5	191	21
07/01/2025	19	2,2	190	36
07/01/2025	20	1,9	192	41
07/01/2025	21	1,8	191	19
07/01/2025	22	1,2	192	19
07/01/2025	23	0,6	195	20
08/01/2025	00	0,5	217	29
08/01/2025	01	0,4	197	22
08/01/2025	02	0,3	210	34
08/01/2025	03	0,4	196	29
08/01/2025	04	1,2	190	23
08/01/2025	05	1,8	197	41
08/01/2025	06	1,3	197	16
08/01/2025	07	1,2	210	17
08/01/2025	08	1,1	193	25
08/01/2025	09	0,3	181	17
08/01/2025	10	1,6	195	21
08/01/2025	11	2,3	184	13
08/01/2025	12	2,7	185	15
08/01/2025	13	2,8	196	71
08/01/2025	14	3,1	196	43
08/01/2025	15	2	202	19
08/01/2025	16	0,8	186	40
08/01/2025	17	0,3	195	29
08/01/2025	18	0,4	216	13
08/01/2025	19	1,1	232	19
08/01/2025	20	1,1	207	19
08/01/2025	21	1	227	16
08/01/2025	22	1,4	200	21
08/01/2025	23	2,9	194	38
09/01/2025	00	1,5	143	29
09/01/2025	01	1	164	21
09/01/2025	02	2,5	198	13
09/01/2025	03	1,5	216	24
09/01/2025	04	0,5	32	21
09/01/2025	05	1,7	184	22
09/01/2025	06	1,6	181	22
09/01/2025	07	1,5	184	29
09/01/2025	08	0,3	200	25
09/01/2025	09	1,1	198	23
09/01/2025	10	1,5	192	18
09/01/2025	11	2,2	196	18
09/01/2025	12	2,7	192	34
09/01/2025	13	2,6	197	28
09/01/2025	14	2,8	209	35
09/01/2025	15	2,7	235	48
09/01/2025	16	1,8	246	42
09/01/2025	17	1,9	245	20
09/01/2025	18	1,9	234	21
09/01/2025	19	0,8	221	21
09/01/2025	20	0,9	243	33
09/01/2025	21	0,7	207	34
09/01/2025	22	0,4	198	21
09/01/2025	23	0,1	203	38
10/01/2025	00	0,3	235	23
10/01/2025	01	0,3	196	28
10/01/2025	02	0,2	176	35
10/01/2025	03	0,1	302	28
10/01/2025	04	0,1	1	20
10/01/2025	05	0,1	350	20
10/01/2025	06	0,2	158	16
10/01/2025	07	0,2	203	31
10/01/2025	08	0,9	189	24
10/01/2025	09	1	203	44
10/01/2025	10	1,3	192	29
10/01/2025	11	1,7	187	27
10/01/2025	12	2,4	191	23
10/01/2025	13	2,4	190	16
10/01/2025	14	2,3	193	22
10/01/2025	15	2,3	195	27
10/01/2025	16	1,6	191	25
10/01/2025	17	1,2	191	15
10/01/2025	18	0,7	214	42
10/01/2025	19	0,1	17	24
10/01/2025	20	0,2	227	22
10/01/2025	21	0,6	210	25
10/01/2025	22	0,7	283	31
10/01/2025	23	1,1	233	32
11/01/2025	00	0,3	180	22
11/01/2025	01	0,8	215	17
11/01/2025	02	0,3	227	19
11/01/2025	03	0,5	187	22
11/01/2025	04	1,1	203	22
11/01/2025	05	1,8	215	25
11/01/2025	06	1,2	187	18
11/01/2025	07	1,1	194	30
11/01/2025	08	1,1	187	25
11/01/2025	09	0,7	194	43
11/01/2025	10	0,5	195	30
11/01/2025	11	3,1	257	26
11/01/2025	12	2,7	266	29
11/01/2025	13	3,5	261	20
11/01/2025	14	3,2	269	18
11/01/2025	15	2,7	261	20
11/01/2025	16	2,2	261	24
11/01/2025	17	0,5	334	20
11/01/2025	18	1,6	264	13
11/01/2025	19	1,1	259	21
11/01/2025	20	1,7	256	31
11/01/2025	21	1,4	276	25
11/01/2025	22	0,5	254	15
11/01/2025	23	1,4	244	26
12/01/2025	00	0,8	221	26
12/01/2025	01	1,8	250	23
12/01/2025	02	1,8	262	24
12/01/2025	03	1,9	260	22
12/01/2025	04	2,2	261	30
12/01/2025	05	2,1	259	20
12/01/2025	06	2,3	263	18
12/01/2025	07	2,4	265	18
12/01/2025	08	2,2	262	27
12/01/2025	09	0,7	265	29
12/01/2025	10	0,4	13	23
12/01/2025	11	1,1	332	23
12/01/2025	12	0,7	42	24
12/01/2025	13	0,8	116	18
12/01/2025	14	0,9	80	20
12/01/2025	15	1,2	45	30
12/01/2025	16	1,2	79	32
12/01/2025	17	0,3	190	24
12/01/2025	18	0,4	90	21
12/01/2025	19	0,7	63	32
12/01/2025	20	0,4	55	17
12/01/2025	21	0,2	35	30
12/01/2025	22	0,5	30	26
12/01/2025	23	0,3	299	23
13/01/2025	00	0,6	277	30
13/01/2025	01	0,6	277	33
13/01/2025	02	1,1	285	13
13/01/2025	03	1,2	284	19
13/01/2025	04	1,2	286	30
13/01/2025	05	1	288	17
13/01/2025	06	1,6	284	10
13/01/2025	07	0,9	280	28
13/01/2025	08	0,7	277	16
13/01/2025	09	1,1	272	24
13/01/2025	10	1	265	22
13/01/2025	11	0,9	245	12
13/01/2025	12	0,6	198	16
13/01/2025	13	0,5	49	21
13/01/2025	14	0,8	61	27
13/01/2025	15	0,9	48	21
13/01/2025	16	0,9	36	22
13/01/2025	17	0,6	17	17
13/01/2025	18	0,3	17	10
13/01/2025	19	0,4	287	19
13/01/2025	20	0,4	354	46
13/01/2025	21	0,1	2	20
13/01/2025	22	0,2	299	21
13/01/2025	23	0,4	279	27
14/01/2025	00	0,7	271	22
14/01/2025	01	0,9	270	17
14/01/2025	02	1	261	22
14/01/2025	03	0,6	293	25
14/01/2025	04	0,7	259	19
14/01/2025	05	0,2	269	20
14/01/2025	06	0,9	279	31
14/01/2025	07	1,1	284	23
14/01/2025	08	1,4	284	22
14/01/2025	09	1,2	277	16
14/01/2025	10	1	272	22
14/01/2025	11	0,4	284	14
14/01/2025	12	0,3	171	24
14/01/2025	13	0,7	153	7
14/01/2025	14	0,5	133	18
14/01/2025	15	0,5	106	7
14/01/2025	16	0,7	48	5
14/01/2025	17	0,3	33	
14/01/2025	18	0,1	1	
14/01/2025	19	0,2	270	
14/01/2025	20	1,3	283	
14/01/2025	21	1,2	284	
14/01/2025	22	1,1	285	
14/01/2025	23	1,1	284	
15/01/2025	00	1,5	288	
15/01/2025	01	0,3	294	
15/01/2025	02	0,1	287	
15/01/2025	03	0,1	1	
15/01/2025	04	0,1	8	
15/01/2025	05	0,1	1	
15/01/2025	06	0,2	350	
15/01/2025	07	0,5	276	
15/01/2025	08	0,1	1	
15/01/2025	09	0,4	293	
15/01/2025	10	0,3	284	
15/01/2025	11	0,1	44	
15/01/2025	12	0,4	135	
15/01/2025	13	0,3	139	
15/01/2025	14	0,3	119	
15/01/2025	15	0,5	106	
15/01/2025	16	0,5	138	
15/01/2025	17	1	185	
15/01/2025	18	0,1	296	
15/01/2025	19	0,1	1	
15/01/2025	20	0,2	307	
15/01/2025	21	0,4	304	
15/01/2025	22	0,9	278	
15/01/2025	23	0,7	273	
16/01/2025	00	0,5	274	
16/01/2025	01	0,8	274	
16/01/2025	02	0,9	280	
16/01/2025	03	0,5	272	
16/01/2025	04	0,3	321	
16/01/2025	05	0,1	327	
16/01/2025	06	0,7	278	
16/01/2025	07	0,3	285	
16/01/2025	08	0,2	274	
16/01/2025	09	0,2	8	
16/01/2025	10	1,5	3	
16/01/2025	11	2	9	
16/01/2025	12	2,6	13	
16/01/2025	13	2,9	16	
16/01/2025	14	2,7	24	
16/01/2025	15	2,9	21	
16/01/2025	16	2,8	19	
16/01/2025	17	0,5	55	
16/01/2025	18	0,8	338	
16/01/2025	19	1,1	308	
16/01/2025	20	0,5	289	
16/01/2025	21	0,9	7	
16/01/2025	22	2,5	360	
16/01/2025	23	2,3	2	
17/01/2025	00	2,6	1	
17/01/2025	01	3,1	2	
17/01/2025	02	3,3	2	
17/01/2025	03	3,3	4	
17/01/2025	04	3,1	3	
17/01/2025	05	3,3	2	
17/01/2025	06	3,2	0	
17/01/2025	07	3	3	
17/01/2025	08	2,6	5	
17/01/2025	09	2,1	7	
17/01/2025	10	2,4	360	
17/01/2025	11	2,9	3	
17/01/2025	12	1,9	6	
17/01/2025	13	2,9	1	
17/01/2025	14	3,1	359	
17/01/2025	15	2,8	358	
17/01/2025	16	1,9	360	
17/01/2025	17	1,4	359	
17/01/2025	18	1,6	359	
17/01/2025	19	1,5	2	
17/01/2025	20	0,4	330	
17/01/2025	21	0,1	22	
17/01/2025	22	0,1	346	
17/01/2025	23	0,2	280	
18/01/2025	00	0,3	284	
18/01/2025	01	0,4	273	
18/01/2025	02	0,4	276	
18/01/2025	03	0,3	266	
18/01/2025	04	0,6	260	
18/01/2025	05	0,2	262	
18/01/2025	06	0,7	264	
18/01/2025	07	0,8	260	
18/01/2025	08	0,9	259	
18/01/2025	09	1,1	263	
18/01/2025	10	1,8	274	
18/01/2025	11	1,5	267	
18/01/2025	12	0,4	332	
18/01/2025	13	0,5	65	
18/01/2025	14	0,6	58	
18/01/2025	15	0,3	92	
18/01/2025	16	0,1	134	
18/01/2025	17	0,1	2	
18/01/2025	18	0,1	1	
18/01/2025	19	0,1	350	
18/01/2025	20	1	284	
18/01/2025	21	1,1	284	
18/01/2025	22	1	283	
18/01/2025	23	0,9	289	
19/01/2025	00	0,7	289	
19/01/2025	01	0,7	289	
19/01/2025	02	0,9	282	
19/01/2025	03	0,7	298	
19/01/2025	04	0,7	287	
19/01/2025	05	0,5	293	
19/01/2025	06	0,1	313	
19/01/2025	07	0,1	311	
19/01/2025	08	0,3	303	
19/01/2025	09	0,2	328	
19/01/2025	10	0,1	351	
19/01/2025	11	0,1	80	
19/01/2025	12	0,2	150	
19/01/2025	13	0,5	163	
19/01/2025	14	0,3	123	
19/01/2025	15	0,3	108	
19/01/2025	16	0,3	120	
19/01/2025	17	0,1	126	
19/01/2025	18	0,1	174	
19/01/2025	19	0,1	1	
19/01/2025	20	0,1	340	
19/01/2025	21	0,6	276	
19/01/2025	22	1	287	
19/01/2025	23	0,9	283	
20/01/2025	00	1	292	
20/01/2025	01	0,7	271	
20/01/2025	02	0,2	307	
20/01/2025	03	0,1	301	
20/01/2025	04	0,1	1	
20/01/2025	05	0,1	8	
20/01/2025	06	0,3	188	
20/01/2025	07	0,2	223	
20/01/2025	08	0,3	193	
20/01/2025	09	0,3	175	
20/01/2025	10	0,3	307	
20/01/2025	11	1	197	
20/01/2025	12	1,4	206	
20/01/2025	13	1	194	
20/01/2025	14	1,1	209	
20/01/2025	15	0,5	231	
20/01/2025	16	0,1	355	
20/01/2025	17	0,5	0	
20/01/2025	18	0,2	7	
20/01/2025	19	0,2	6	
20/01/2025	20	0,1	12	
20/01/2025	21	0,1	350	
20/01/2025	22	0,1	1	
20/01/2025	23	0,2	350	
21/01/2025	00	0,1	359	
21/01/2025	01	0,1	1	
21/01/2025	02	0,1	1	
21/01/2025	03	0,2	5	
21/01/2025	04	0,2	1	
21/01/2025	05	0,1	320	
21/01/2025	06	0,1	4	
21/01/2025	07	0,1	1	
21/01/2025	08	0,1	4	
21/01/2025	09	0,1	359	
21/01/2025	10	0,1	1	
21/01/2025	11	0,1	14	
21/01/2025	12	0,2	16	
21/01/2025	13	0,2	57	
21/01/2025	14	0,2	109	
21/01/2025	15	0,2	44	
21/01/2025	16	0,2	28	
21/01/2025	17	0,1	351	
21/01/2025	18	0,2	11	
21/01/2025	19	0,1	7	
21/01/2025	20	0,1	320	
21/01/2025	21	0,1	1	
21/01/2025	22	0,1	1	
21/01/2025	23	0,1	350	
22/01/2025	00	0,1	19	
22/01/2025	01	0,1	79	
22/01/2025	02	0,1	221	
22/01/2025	03	0,1	254	
22/01/2025	04	0,1	194	
22/01/2025	05	0,1	358	
22/01/2025	06	0,1	1	
22/01/2025	07	0,1	1	
22/01/2025	08	0,1	7	
22/01/2025	09	0,1	22	
22/01/2025	10	0,1	187	
22/01/2025	11	0,4	147	
22/01/2025	12	1,5	166	
22/01/2025	13	1,5	164	
22/01/2025	14	1,1	159	
22/01/2025	15	0,6	145	
22/01/2025	16	0,4	59	
22/01/2025	17	0,1	354	
22/01/2025	18	0,2	8	
22/01/2025	19	0,1	104	
22/01/2025	20	0,3	186	
22/01/2025	21	0,4	187	
22/01/2025	22	0,7	185	
22/01/2025	23	0,7	196	
23/01/2025	00	0,9	187	
23/01/2025	01	0,5	189	
23/01/2025	02	0,2	306	
23/01/2025	03	0,8	215	
23/01/2025	04	0,3	305	
23/01/2025	05	0,3	126	
23/01/2025	06	1,1	185	
23/01/2025	07	1,8	182	
23/01/2025	08	2,2	188	
23/01/2025	09	1,2	197	
23/01/2025	10	0,6	206	
23/01/2025	11	1,4	186	
23/01/2025	12	2,2	200	
23/01/2025	13	2	201	
23/01/2025	14	2	200	
23/01/2025	15	2,2	203	
23/01/2025	16	1,7	217	
23/01/2025	17	1,1	226	
23/01/2025	18	0,4	290	
23/01/2025	19	0,5	7	
23/01/2025	20	0,3	358	
23/01/2025	21	0,1	358	
23/01/2025	22	0,1	1	
23/01/2025	23	0,1	351	
24/01/2025	00	0,1	351	
24/01/2025	01	0,2	283	
24/01/2025	02	0,1	334	
24/01/2025	03	0,1	350	
24/01/2025	04	0,2	328	
24/01/2025	05	0,1	6	
24/01/2025	06	0,1	1	
24/01/2025	07	0,1	1	
24/01/2025	08	0,1	1	
24/01/2025	09	0,7	288	
24/01/2025	10	0,3	50	
24/01/2025	11	1,8	193	
24/01/2025	12	2,3	193	
24/01/2025	13	2,7	200	
24/01/2025	14	2,9	209	
24/01/2025	15	2,5	213	
24/01/2025	16	2,3	206	
24/01/2025	17	1,4	199	
24/01/2025	18	0,7	206	
24/01/2025	19	0,3	201	
24/01/2025	20	0,3	241	
24/01/2025	21	0,1	272	
24/01/2025	22	0,1	83	
24/01/2025	23	0,3	189	
25/01/2025	00	0,6	184	
25/01/2025	01	0,4	185	
25/01/2025	02	0,5	205	
25/01/2025	03	1	203	
25/01/2025	04	0,6	178	
25/01/2025	05	1,5	188	
25/01/2025	06	0,5	220	
25/01/2025	07	1,3	194	
25/01/2025	08	1,7	192	
25/01/2025	09	1,8	190	
25/01/2025	10	0,8	200	
25/01/2025	11	0,7	202	
25/01/2025	12	2	179	
25/01/2025	13	2,9	203	
25/01/2025	14	2,5	199	
25/01/2025	15	2,2	213	
25/01/2025	16	2,4	226	
25/01/2025	17	2,2	234	
25/01/2025	18	0,9	210	
25/01/2025	19	0,8	174	
25/01/2025	20	1,3	176	
25/01/2025	21	0,2	180	
25/01/2025	22	0,4	192	
25/01/2025	23	0,3	283	
26/01/2025	00	0,8	213	
26/01/2025	01	1	205	
26/01/2025	02	1,1	199	
26/01/2025	03	0,5	212	
26/01/2025	04	0,7	205	
26/01/2025	05	0,5	222	
26/01/2025	06	0,6	218	
26/01/2025	07	0,5	184	
26/01/2025	08	2,1	202	
26/01/2025	09	1,8	199	
26/01/2025	10	2,3	192	
26/01/2025	11	2,6	223	
26/01/2025	12	2,8	201	
26/01/2025	13	3,1	217	
26/01/2025	14	2,1	204	
26/01/2025	15	1,3	210	
26/01/2025	16	0,3	178	
26/01/2025	17	1,4	192	
26/01/2025	18	0,9	174	
26/01/2025	19	0,8	182	
26/01/2025	20	1,1	189	
26/01/2025	21	1	201	
26/01/2025	22	1,2	196	
26/01/2025	23	1,2	181	
27/01/2025	00	0,8	171	
27/01/2025	01	0,3	168	
27/01/2025	02	0,1	209	
27/01/2025	03	0,5	198	
27/01/2025	04	1,8	190	
27/01/2025	05	2	173	
27/01/2025	06	2,3	166	
27/01/2025	07	1,6	158	
27/01/2025	08	1	141	
27/01/2025	09	1,9	172	
27/01/2025	10	2,9	179	
27/01/2025	11	3	202	
27/01/2025	12	3,9	209	
27/01/2025	13	3,5	216	
27/01/2025	14	2,7	220	
27/01/2025	15	2,4	236	
27/01/2025	16	2,5	222	
27/01/2025	17	2,7	225	
27/01/2025	18	1,4	187	
27/01/2025	19	1,9	186	
27/01/2025	20	3,8	200	
27/01/2025	21	5,3	234	
27/01/2025	22	7	241	
27/01/2025	23	6	250	
28/01/2025	00	6,6	248	
28/01/2025	01	4,9	257	
28/01/2025	02	4	261	
28/01/2025	03	1,7	266	
28/01/2025	04	2,6	257	
28/01/2025	05	2,3	261	
28/01/2025	06	3,2	258	
28/01/2025	07	4,1	257	
28/01/2025	08	2,9	232	
28/01/2025	09	2,9	217	
28/01/2025	10	2,9	241	
28/01/2025	11	3,1	235	
28/01/2025	12	3,4	225	
28/01/2025	13	3,3	235	
28/01/2025	14	2,8	242	
28/01/2025	15	2,9	251	
28/01/2025	16	1,8	230	
28/01/2025	17	1,6	235	
28/01/2025	18	1,7	226	
28/01/2025	19	1,2	200	
28/01/2025	20	1,5	205	
28/01/2025	21	1,7	202	
28/01/2025	22	1,5	208	
28/01/2025	23	3,3	238	
29/01/2025	00	1,3	208	
29/01/2025	01	0,5	169	
29/01/2025	02	0,3	125	
29/01/2025	03	0,3	156	
29/01/2025	04	1	176	
29/01/2025	05	1,1	192	
29/01/2025	06	0,9	208	
29/01/2025	07	1,1	164	
29/01/2025	08	1,7	179	
29/01/2025	09	2	200	
29/01/2025	10	2,6	199	
29/01/2025	11	2,2	190	
29/01/2025	12	2,7	213	
29/01/2025	13	1,7	216	
29/01/2025	14	2	206	
29/01/2025	15	2,1	204	
29/01/2025	16	2,1	211	
29/01/2025	17	0,2	191	
29/01/2025	18	0,4	185	
29/01/2025	19	1,4	195	
29/01/2025	20	0,6	189	
29/01/2025	21	0,2	222	
29/01/2025	22	0,1	234	
29/01/2025	23	0,1	307	
30/01/2025	00	0,1	1	
30/01/2025	01	0,2	25	
30/01/2025	02	1,4	191	
30/01/2025	03	0,8	186	
30/01/2025	04	1,1	197	
30/01/2025	05	0,6	216	
30/01/2025	06	1,1	222	
30/01/2025	07	0,3	223	
30/01/2025	08	0,6	201	
30/01/2025	09	0,6	193	
30/01/2025	10	1,6	256	
30/01/2025	11	2,6	256	
30/01/2025	12	3,4	260	
30/01/2025	13	3,5	262	
30/01/2025	14	3,6	260	
30/01/2025	15	2,3	261	
30/01/2025	16	1,5	255	
30/01/2025	17	2,3	251	
30/01/2025	18	2,7	263	
30/01/2025	19	2,5	269	
30/01/2025	20	1	307	
30/01/2025	21	0,2	302	
30/01/2025	22	0,1	1	
30/01/2025	23	0,1	1	
31/01/2025	00	0,2	284	
31/01/2025	01	0,1	298	
31/01/2025	02	0,1	339	
31/01/2025	03	0,5	280	
31/01/2025	04	0,5	281	
31/01/2025	05	0,8	279	
31/01/2025	06	1,1	277	
31/01/2025	07	1,4	272	
31/01/2025	08	1,7	269	
31/01/2025	09	2,3	271	
31/01/2025	10	2,9	270	
31/01/2025	11	2,1	263	
31/01/2025	12	1	192	
31/01/2025	13	1,1	137	
31/01/2025	14	1,2	120	
31/01/2025	15	1,4	111	
31/01/2025	16	1,2	106	
31/01/2025	17	0,7	64	27
31/01/2025	18	0,7	40	34
31/01/2025	19	0,3	301	29
31/01/2025	20	0,2	198	32
31/01/2025	21	0,9	278	34
31/01/2025	22	1,2	280	25
31/01/2025	23	1	279	24
01/02/2025	00	1,2	282	29
01/02/2025	01	0,9	281	26
01/02/2025	02	0,7	279	20
01/02/2025	03	1	272	33
01/02/2025	04	0,4	266	25
01/02/2025	05	0,6	267	40
01/02/2025	06	0,6	266	33
01/02/2025	07	0,3	269	22
01/02/2025	08	0,2	211	10
01/02/2025	09	0,2	64	6
01/02/2025	10	0,4	138	15
01/02/2025	11	0,7	177	28
01/02/2025	12	1,1	168	28
01/02/2025	13	1,1	66	37
01/02/2025	14	0,8	77	38
01/02/2025	15	1,5	42	27
01/02/2025	16	2,1	21	33
01/02/2025	17	0,6	313	29
01/02/2025	18	0,4	272	30
01/02/2025	19	0,4	332	34
01/02/2025	20	0,3	298	31
01/02/2025	21	0,4	326	28
01/02/2025	22	0,3	281	28
01/02/2025	23	0,4	264	19
02/02/2025	00	0,3	260	24
02/02/2025	01	0,3	264	26
02/02/2025	02	0,3	276	23
02/02/2025	03	0,3	279	7
02/02/2025	04	0,5	279	12
02/02/2025	05	0,7	271	18
02/02/2025	06	0,7	269	23
02/02/2025	07	0,8	273	34
02/02/2025	08	0,4	254	19
02/02/2025	09	1,2	271	5
02/02/2025	10	1	272	11
02/02/2025	11	0,4	67	35
02/02/2025	12	0,7	92	13
02/02/2025	13	0,8	94	16
02/02/2025	14	0,7	107	11
02/02/2025	15	0,8	113	4
02/02/2025	16	0,7	63	3
02/02/2025	17	0,5	74	17
02/02/2025	18	0,2	155	17
02/02/2025	19	0,4	258	25
02/02/2025	20	1,1	282	28
02/02/2025	21	1,2	285	33
02/02/2025	22	1,4	289	15
02/02/2025	23	1	286	23
03/02/2025	00	1,1	285	21
03/02/2025	01	1,2	279	22
03/02/2025	02	1,4	282	7
03/02/2025	03	0,9	277	15
03/02/2025	04	1,2	284	9
03/02/2025	05	0,9	279	27
03/02/2025	06	1,3	284	22
03/02/2025	07	1,3	284	26
03/02/2025	08	1	275	8
03/02/2025	09	0,7	259	18
03/02/2025	10	1,2	255	10
03/02/2025	11	0,4	224	26
03/02/2025	12	0,5	106	26
03/02/2025	13	0,5	82	34
03/02/2025	14	0,7	88	32
03/02/2025	15	0,6	83	14
03/02/2025	16	0,4	79	20
03/02/2025	17	0,3	157	26
03/02/2025	18	0,2	167	26
03/02/2025	19	0,2	167	25
03/02/2025	20	0,6	261	28
03/02/2025	21	0,2	218	38
03/02/2025	22	0,8	278	37
03/02/2025	23	1,2	279	35
04/02/2025	00	1,2	283	31
04/02/2025	01	1,1	286	29
04/02/2025	02	1,3	286	13
04/02/2025	03	0,8	279	8
04/02/2025	04	0,8	281	12
04/02/2025	05	1,1	285	21
04/02/2025	06	1,1	286	27
04/02/2025	07	1,2	285	19
04/02/2025	08	0,8	280	14
04/02/2025	09	0,2	174	7
04/02/2025	10	0,5	176	10
04/02/2025	11	0,6	170	55
04/02/2025	12	0,6	130	41
04/02/2025	13	1	149	34
04/02/2025	14	1	141	42
04/02/2025	15	1,8	168	38
04/02/2025	16	1	157	39
04/02/2025	17	0,5	146	34
04/02/2025	18	0,9	8	26
04/02/2025	19	1,2	3	29
04/02/2025	20	0,5	17	36
04/02/2025	21	0,2	289	34
04/02/2025	22	0,8	272	25
04/02/2025	23	1,5	284	30
05/02/2025	00	1,2	287	28
05/02/2025	01	0,7	284	33
05/02/2025	02	1,5	287	34
05/02/2025	03	0,5	242	36
05/02/2025	04	0,2	271	29
05/02/2025	05	0,2	258	27
05/02/2025	06	0,2	260	33
05/02/2025	07	0,2	211	24
05/02/2025	08	0,2	207	32
05/02/2025	09	0,2	196	25
05/02/2025	10	0,2	111	46
05/02/2025	11	0,3	79	33
05/02/2025	12	0,6	57	30
05/02/2025	13	1	52	36
05/02/2025	14	0,6	67	26
05/02/2025	15	0,6	94	34
05/02/2025	16	0,5	94	18
05/02/2025	17	0,4	91	29
05/02/2025	18	0,2	144	31
05/02/2025	19	0,2	212	37
05/02/2025	20	0,4	269	37
05/02/2025	21	1	273	25
05/02/2025	22	1,5	280	25
05/02/2025	23	1,1	282	32
06/02/2025	00	1,3	286	40
06/02/2025	01	0,9	292	27
06/02/2025	02	1,6	288	20
06/02/2025	03	1,4	287	32
06/02/2025	04	1	294	12
06/02/2025	05	0,7	268	28
06/02/2025	06	0,6	277	26
06/02/2025	07	0,2	160	33
06/02/2025	08	0,2	147	34
06/02/2025	09	0,4	264	34
06/02/2025	10	0,2	47	33
06/02/2025	11	0,5	47	33
06/02/2025	12	1	42	18
06/02/2025	13	1,2	51	33
06/02/2025	14	0,9	60	35
06/02/2025	15	0,7	84	26
06/02/2025	16	0,8	64	21
06/02/2025	17	0,4	120	25
06/02/2025	18	0,2	175	32
06/02/2025	19	0,2	205	28
06/02/2025	20	1	277	28
06/02/2025	21	0,3	268	33
06/02/2025	22	0,4	266	14
06/02/2025	23	0,4	252	29
07/02/2025	00	1,1	288	31
07/02/2025	01	1	285	22
07/02/2025	02	1,2	287	28
07/02/2025	03	1,3	292	33
07/02/2025	04	0,4	212	33
07/02/2025	05	0,3	171	28
07/02/2025	06	0,3	250	33
07/02/2025	07	0,2	258	91
07/02/2025	08	0,2	227	70
07/02/2025	09	0,2	246	143
07/02/2025	10	0,2	169	26
07/02/2025	11	0,5	58	23
07/02/2025	12	0,6	83	34
07/02/2025	13	1,1	74	23
07/02/2025	14	0,8	73	35
07/02/2025	15	0,9	77	27
07/02/2025	16	0,6	121	33
07/02/2025	17	0,4	195	25
07/02/2025	18	0,3	295	22
07/02/2025	19	0,7	340	31
07/02/2025	20	0,3	284	34
07/02/2025	21	0,2	28	20
07/02/2025	22	0,2	101	26
07/02/2025	23	0,5	200	29
08/02/2025	00	0,5	196	20
08/02/2025	01	0,7	199	30
08/02/2025	02	1,8	197	30
08/02/2025	03	2,1	196	29
08/02/2025	04	1,7	186	30
08/02/2025	05	2,2	222	42
08/02/2025	06	0,7	351	34
08/02/2025	07	0,5	354	35
08/02/2025	08	0,6	6	27
08/02/2025	09	0,7	25	36
08/02/2025	10	1,7	283	26
08/02/2025	11	1,2	243	30
08/02/2025	12	0,7	255	21
08/02/2025	13	1,9	274	12
08/02/2025	14	2,1	275	2
08/02/2025	15	1,9	305	3
08/02/2025	16	1,1	76	5
08/02/2025	17	0,9	58	17
08/02/2025	18	0,6	45	19
08/02/2025	19	0,3	296	26
08/02/2025	20	0,6	275	41
08/02/2025	21	0,6	268	30
08/02/2025	22	0,3	266	15
08/02/2025	23	0,9	279	28
09/02/2025	00	0,8	282	35
09/02/2025	01	0,9	283	27
09/02/2025	02	1,1	288	22
09/02/2025	03	1,1	284	12
09/02/2025	04	1,5	287	27
09/02/2025	05	1	283	34
09/02/2025	06	0,4	271	15
09/02/2025	07	0,2	195	14
09/02/2025	08	0,2	247	7
09/02/2025	09	0,6	287	13
09/02/2025	10	0,5	339	13
09/02/2025	11	0,5	65	16
09/02/2025	12	0,8	89	27
09/02/2025	13	1,2	58	30
09/02/2025	14	1,3	45	38
09/02/2025	15	1,3	43	12
09/02/2025	16	0,9	50	20
09/02/2025	17	0,5	42	27
09/02/2025	18	0,4	12	26
09/02/2025	19	0,5	352	31
09/02/2025	20	0,3	272	25
09/02/2025	21	0,6	264	24
09/02/2025	22	1,1	276	20
09/02/2025	23	1,4	283	23
10/02/2025	00	1,5	282	19
10/02/2025	01	1,5	285	27
10/02/2025	02	0,6	293	29
10/02/2025	03	1,1	283	30
10/02/2025	04	0,7	265	26
10/02/2025	05	0,5	259	36
10/02/2025	06	1,1	280	34
10/02/2025	07	0,4	261	21
10/02/2025	08	0,2	180	9
10/02/2025	09	0,3	209	31
10/02/2025	10	0,2	151	23
10/02/2025	11	0,2	270	37
10/02/2025	12	0,3	24	39
10/02/2025	13	0,6	37	44
10/02/2025	14	0,6	86	40
10/02/2025	15	0,6	73	28
10/02/2025	16	0,7	45	34
10/02/2025	17	0,5	21	34
10/02/2025	18	0,4	6	26
10/02/2025	19	0,3	125	22
10/02/2025	20	0,2	93	21
10/02/2025	21	0,2	98	26
10/02/2025	22	0,2	124	26
10/02/2025	23	0,2	101	22
11/02/2025	00	0,2	87	9
11/02/2025	01	0,4	218	19
11/02/2025	02	0,2	278	21
11/02/2025	03	0,2	268	10
11/02/2025	04	0,4	281	19
11/02/2025	05	0,3	267	33
11/02/2025	06	0,5	269	19
11/02/2025	07	0,9	280	23
11/02/2025	08	0,6	282	30
11/02/2025	09	0,4	280	23
11/02/2025	10	0,4	210	21
11/02/2025	11	0,6	170	25
11/02/2025	12	0,9	104	36
11/02/2025	13	1	94	28
11/02/2025	14	1,2	110	33
11/02/2025	15	1,1	122	36
11/02/2025	16	0,8	126	26
11/02/2025	17	0,7	144	35
11/02/2025	18	0,3	141	30
11/02/2025	19	0,2	144	30
11/02/2025	20	0,3	6	45
11/02/2025	21	0,5	282	25
11/02/2025	22	0,4	298	27
11/02/2025	23	0,5	278	33
12/02/2025	00	0,5	271	25
12/02/2025	01	0,5	280	24
12/02/2025	02	0,4	326	17
12/02/2025	03	0,5	283	23
12/02/2025	04	0,5	285	25
12/02/2025	05	0,5	297	26
12/02/2025	06	0,4	246	32
12/02/2025	07	0,3	240	20
12/02/2025	08	0,2	196	27
12/02/2025	09	0,3	95	28
12/02/2025	10	0,8	182	29
12/02/2025	11	0,7	148	34
12/02/2025	12	0,6	115	34
12/02/2025	13	0,7	83	36
12/02/2025	14	1,1	64	39
12/02/2025	15	1,1	35	39
12/02/2025	16	0,9	32	46
12/02/2025	17	0,8	23	40
12/02/2025	18	0,4	10	24
12/02/2025	19	0,6	329	22
12/02/2025	20	0,2	271	35
12/02/2025	21	0,2	237	57
12/02/2025	22	0,2	250	62
12/02/2025	23	0,2	311	24
13/02/2025	00	0,2	264	36
13/02/2025	01	0,4	265	33
13/02/2025	02	0,3	244	32
13/02/2025	03	0,3	264	18
13/02/2025	04	0,2	257	6
13/02/2025	05	0,3	229	23
13/02/2025	06	0,5	251	30
13/02/2025	07	0,6	250	14
13/02/2025	08	1,2	263	3
13/02/2025	09	1,6	276	7
13/02/2025	10	0,9	253	14
13/02/2025	11	0,7	106	31
13/02/2025	12	0,8	99	29
13/02/2025	13	1,2	114	24
13/02/2025	14	1,2	109	32
13/02/2025	15	1	105	35
13/02/2025	16	0,8	111	28
13/02/2025	17	0,4	135	34
13/02/2025	18	0,6	174	32
13/02/2025	19	0,3	178	32
13/02/2025	20	0,2	273	27
13/02/2025	21	0,2	268	29
13/02/2025	22	0,7	280	24
13/02/2025	23	0,8	283	28
14/02/2025	00	0,3	260	29
14/02/2025	01	0,3	254	33
14/02/2025	02	0,2	223	29
14/02/2025	03	0,2	259	22
14/02/2025	04	0,2	241	26
14/02/2025	05	0,2	223	30
14/02/2025	06	0,2	237	26
14/02/2025	07	0,2	175	49
14/02/2025	08	0,2	149	86
14/02/2025	09	0,2	118	62
14/02/2025	10	0,3	128	36
14/02/2025	11	0,5	85	26
14/02/2025	12	0,6	107	33
14/02/2025	13	0,9	96	28
14/02/2025	14	1	123	29
14/02/2025	15	1	117	32
14/02/2025	16	0,8	121	30
14/02/2025	17	0,6	78	28
14/02/2025	18	0,6	16	23
14/02/2025	19	0,6	4	33
14/02/2025	20	0,4	4	18
14/02/2025	21	0,4	19	22
14/02/2025	22	0,2	332	26
14/02/2025	23	0,2	237	24
15/02/2025	00	0,2	223	29
15/02/2025	01	0,2	179	34
15/02/2025	02	0,3	303	35
15/02/2025	03	0,5	314	37
15/02/2025	04	0,9	8	30
15/02/2025	05	0,7	2	24
15/02/2025	06	0,8	352	28
15/02/2025	07	0,5	260	30
15/02/2025	08	0,4	253	31
15/02/2025	09	0,4	282	27
15/02/2025	10	1,1	6	23
15/02/2025	11	1,4	15	27
15/02/2025	12	1,5	28	29
15/02/2025	13	2,1	26	26
15/02/2025	14	1,9	22	27
15/02/2025	15	1,9	24	34
15/02/2025	16	1,6	39	27
15/02/2025	17	1,2	24	32
15/02/2025	18	0,6	5	23
15/02/2025	19	0,3	347	19
15/02/2025	20	0,3	317	24
15/02/2025	21	0,3	1	29
15/02/2025	22	0,2	1	25
15/02/2025	23	0,2	315	30
16/02/2025	00	0,2	280	29
16/02/2025	01	0,2	253	36
16/02/2025	02	0,2	252	27
16/02/2025	03	0,4	261	21
16/02/2025	04	0,2	290	31
16/02/2025	05	0,2	305	40
16/02/2025	06	0,2	340	33
16/02/2025	07	0,2	345	34
16/02/2025	08	0,2	353	21
16/02/2025	09	0,2	149	14
16/02/2025	10	0,3	55	17
16/02/2025	11	0,5	62	25
16/02/2025	12	1	128	27
16/02/2025	13	1	117	29
16/02/2025	14	1,1	93	27
16/02/2025	15	1,2	52	26
16/02/2025	16	1,1	34	20
16/02/2025	17	0,9	33	25
16/02/2025	18	0,7	23	31
16/02/2025	19	0,4	11	28
16/02/2025	20	0,2	253	39
16/02/2025	21	0,2	266	34
16/02/2025	22	0,3	216	26
16/02/2025	23	0,6	194	36
17/02/2025	00	0,2	201	29
17/02/2025	01	0,2	202	20
17/02/2025	02	0,2	219	22
17/02/2025	03	0,2	206	29
17/02/2025	04	0,3	273	27
17/02/2025	05	0,5	249	23
17/02/2025	06	0,6	6	29
17/02/2025	07	0,3	18	26
17/02/2025	08	0,3	10	30
17/02/2025	09	0,6	349	55
17/02/2025	10	1	10	48
17/02/2025	11	1,2	28	32
17/02/2025	12	1,2	33	36
17/02/2025	13	1,4	47	35
17/02/2025	14	1,2	49	39
17/02/2025	15	1,3	41	36
17/02/2025	16	1,5	25	28
17/02/2025	17	1,2	30	31
17/02/2025	18	0,9	20	30
17/02/2025	19	0,4	342	29
17/02/2025	20	0,5	4	32
17/02/2025	21	0,8	358	34
17/02/2025	22	0,5	337	26
17/02/2025	23	0,5	9	25
18/02/2025	00	0,4	9	27
18/02/2025	01	0,3	13	29
18/02/2025	02	0,2	1	25
18/02/2025	03	0,3	288	26
18/02/2025	04	0,4	268	17
18/02/2025	05	0,6	269	38
18/02/2025	06	0,7	275	31
18/02/2025	07	0,5	267	28
18/02/2025	08	1	275	30
18/02/2025	09	0,9	273	21
18/02/2025	10	0,7	299	18
18/02/2025	11	1,1	3	19
18/02/2025	12	1,5	23	24
18/02/2025	13	1,9	23	26
18/02/2025	14	1,9	31	30
18/02/2025	15	2	44	35
18/02/2025	16	1,8	30	34
18/02/2025	17	1,4	37	42
18/02/2025	18	0,6	32	31
18/02/2025	19	0,4	354	33
18/02/2025	20	0,5	346	33
18/02/2025	21	0,4	4	33
18/02/2025	22	0,2	336	24
18/02/2025	23	0,2	270	35
19/02/2025	00	0,2	270	29
19/02/2025	01	0,3	269	23
19/02/2025	02	0,4	276	34
19/02/2025	03	0,3	277	29
19/02/2025	04	0,3	275	24
19/02/2025	05	0,3	313	24
19/02/2025	06	0,2	269	28
19/02/2025	07	0,4	263	33
19/02/2025	08	0,2	254	28
19/02/2025	09	0,5	299	91
19/02/2025	10	0,6	25	23
19/02/2025	11	0,9	49	29
19/02/2025	12	1,5	45	32
19/02/2025	13	1,6	43	21
19/02/2025	14	1,4	32	23
19/02/2025	15	1,7	33	34
19/02/2025	16	1,7	45	21
19/02/2025	17	1,3	31	30
19/02/2025	18	1	16	27
19/02/2025	19	0,4	335	27
19/02/2025	20	0,4	261	28
19/02/2025	21	0,4	266	26
19/02/2025	22	0,3	277	22
19/02/2025	23	0,4	280	29
20/02/2025	00	0,2	278	27
20/02/2025	01	0,2	279	31
20/02/2025	02	0,3	291	34
20/02/2025	03	0,3	274	34
20/02/2025	04	0,3	281	14
20/02/2025	05	0,2	276	24
20/02/2025	06	0,3	254	33
20/02/2025	07	0,2	295	35
20/02/2025	08	0,8	221	74
20/02/2025	09	1,1	260	21
20/02/2025	10	0,9	224	29
20/02/2025	11	0,9	191	31
20/02/2025	12	0,9	187	31
20/02/2025	13	1,3	141	31
20/02/2025	14	1,1	100	27
20/02/2025	15	0,9	115	31
20/02/2025	16	1,4	43	30
20/02/2025	17	1,2	41	28
20/02/2025	18	0,8	49	32
20/02/2025	19	0,3	114	27
20/02/2025	20	0,3	151	27
20/02/2025	21	0,2	189	26
20/02/2025	22	0,2	128	25
20/02/2025	23	0,2	153	33
21/02/2025	00	0,2	174	31
21/02/2025	01	0,2	189	22
21/02/2025	02	0,2	190	26
21/02/2025	03	0,2	205	29
21/02/2025	04	0,2	209	19
21/02/2025	05	0,2	190	34
21/02/2025	06	0,2	191	31
21/02/2025	07	0,2	250	20
21/02/2025	08	0,2	269	20
21/02/2025	09	0,2	287	34
21/02/2025	10	0,2	297	20
21/02/2025	11	0,4	136	19
21/02/2025	12	0,5	125	37
21/02/2025	13	0,7	85	39
21/02/2025	14	0,7	86	31
21/02/2025	15	0,8	102	43
21/02/2025	16	1	123	34
21/02/2025	17	0,7	114	40
21/02/2025	18	0,6	121	35
21/02/2025	19	0,5	60	30
21/02/2025	20	0,3	31	33
21/02/2025	21	0,5	21	34
21/02/2025	22	0,5	333	26
21/02/2025	23	0,3	337	23
22/02/2025	00	0,4	0	27
22/02/2025	01	0,3	305	30
22/02/2025	02	0,2	239	41
22/02/2025	03	0,2	241	31
22/02/2025	04	0,2	241	27
22/02/2025	05	0,2	259	29
22/02/2025	06	0,2	274	37
22/02/2025	07	0,2	270	30
22/02/2025	08	0,4	266	29
22/02/2025	09	0,2	293	32
22/02/2025	10	0,2	333	20
22/02/2025	11	0,3	141	37
22/02/2025	12	0,7	52	44
22/02/2025	13	1,7	39	81
22/02/2025	14	1,6	38	31
22/02/2025	15	1	22	31
22/02/2025	16	0,9	23	28
22/02/2025	17	1	359	23
22/02/2025	18	0,7	8	34
22/02/2025	19	0,4	17	51
22/02/2025	20	1,1	4	28
22/02/2025	21	1,5	4	36
22/02/2025	22	0,3	279	20
22/02/2025	23	0,2	271	25
23/02/2025	00	0,3	273	28
23/02/2025	01	0,3	269	34
23/02/2025	02	0,5	281	11
23/02/2025	03	0,5	277	2
23/02/2025	04	0,2	322	15
23/02/2025	05	0,6	353	26
23/02/2025	06	0,9	1	35
23/02/2025	07	0,8	352	31
23/02/2025	08	0,4	337	30
23/02/2025	09	0,3	293	37
23/02/2025	10	0,4	280	24
23/02/2025	11	0,5	318	31
23/02/2025	12	0,6	17	16
23/02/2025	13	0,8	28	14
23/02/2025	14	1	38	20
23/02/2025	15	0,9	46	9
23/02/2025	16	0,8	52	28
23/02/2025	17	0,4	79	35
23/02/2025	18	0,3	34	30
23/02/2025	19	0,3	54	7
23/02/2025	20	0,7	277	12
23/02/2025	21	0,7	278	21
23/02/2025	22	1,3	284	19
23/02/2025	23	1,3	284	27
24/02/2025	00	0,5	268	25
24/02/2025	01	1	281	25
24/02/2025	02	0,6	288	31
24/02/2025	03	0,8	282	7
24/02/2025	04	0,4	264	6
24/02/2025	05	0,2	235	21
24/02/2025	06	0,2	245	25
24/02/2025	07	0,2	185	32
24/02/2025	08	0,3	176	53
24/02/2025	09	0,5	183	49
24/02/2025	10	1	162	20
24/02/2025	11	1,3	158	28
24/02/2025	12	1,8	161	40
24/02/2025	13	1,4	145	34
24/02/2025	14	1	134	38
24/02/2025	15	1	134	37
24/02/2025	16	0,5	177	19
24/02/2025	17	1	3	23
24/02/2025	18	1	19	29
24/02/2025	19	1,3	355	24
24/02/2025	20	0,3	294	29
24/02/2025	21	0,2	320	28
24/02/2025	22	0,2	208	22
24/02/2025	23	0,2	224	29
25/02/2025	00	0,2	198	41
25/02/2025	01	0,2	316	25
25/02/2025	02	0,2	196	25
25/02/2025	03	0,4	214	33
25/02/2025	04	0,5	243	22
25/02/2025	05	0,2	293	29
25/02/2025	06	0,2	228	27
25/02/2025	07	0,3	192	26
25/02/2025	08	1,4	200	25
25/02/2025	09	2	198	113
25/02/2025	10	1,8	198	61
25/02/2025	11	1,7	195	60
25/02/2025	12	2,4	223	43
25/02/2025	13	2	209	63
25/02/2025	14	1,8	193	65
25/02/2025	15	1,4	199	26
25/02/2025	16	1,3	183	34
25/02/2025	17	1,8	36	24
25/02/2025	18	0,5	339	29
25/02/2025	19	0,6	349	27
25/02/2025	20	1,1	303	21
25/02/2025	21	1,5	263	4
25/02/2025	22	1,3	261	4
25/02/2025	23	1,6	260	25
26/02/2025	00	1,8	259	33
26/02/2025	01	1,5	267	10
26/02/2025	02	1	268	9
26/02/2025	03	1	269	8
26/02/2025	04	1,3	255	16
26/02/2025	05	1,5	266	20
26/02/2025	06	1,7	263	35
26/02/2025	07	1,4	260	14
26/02/2025	08	1,3	262	3
26/02/2025	09	1,9	268	1
26/02/2025	10	0,9	224	5
26/02/2025	11	0,7	153	23
26/02/2025	12	1,2	115	32
26/02/2025	13	1,3	116	37
26/02/2025	14	1,2	121	33
26/02/2025	15	1,3	105	30
26/02/2025	16	1,3	114	24
26/02/2025	17	1,3	136	23
26/02/2025	18	1,1	152	20
26/02/2025	19	0,3	180	35
26/02/2025	20	0,4	13	28
26/02/2025	21	0,6	268	30
26/02/2025	22	0,5	265	20
26/02/2025	23	0,6	294	30
27/02/2025	00	0,9	269	28
27/02/2025	01	1,6	282	23
27/02/2025	02	1,4	281	26
27/02/2025	03	0,4	226	10
27/02/2025	04	0,3	186	21
27/02/2025	05	0,2	242	40
27/02/2025	06	0,2	222	39
27/02/2025	07	0,3	221	44
27/02/2025	08	0,2	136	31
27/02/2025	09	0,2	271	39
27/02/2025	10	0,4	25	49
27/02/2025	11	0,7	14	39
27/02/2025	12	0,7	28	32
27/02/2025	13	0,9	39	37
27/02/2025	14	1,1	40	36
27/02/2025	15	1,1	50	37
27/02/2025	16	1,1	39	28
27/02/2025	17	0,9	29	29
27/02/2025	18	0,8	13	30
27/02/2025	19	0,8	355	25
27/02/2025	20	0,4	15	29
27/02/2025	21	0,3	316	29
27/02/2025	22	0,2	293	24
27/02/2025	23	0,3	301	21
28/02/2025	00	0,3	293	30
28/02/2025	01	0,8	277	31
28/02/2025	02	0,9	278	36
28/02/2025	03	0,9	270	37
28/02/2025	04	0,4	255	31
28/02/2025	05	0,9	278	25
28/02/2025	06	1,2	276	26
28/02/2025	07	0,8	282	16
28/02/2025	08	0,4	290	27
28/02/2025	09	0,6	338	40
28/02/2025	10	1,5	10	33
28/02/2025	11	2	17	37
28/02/2025	12	1,9	29	30
28/02/2025	13	2,2	36	28
28/02/2025	14	2,2	35	24
28/02/2025	15	2	38	26
28/02/2025	16	1,8	46	20
28/02/2025	17	1,3	32	24
28/02/2025	18	0,8	18	26
28/02/2025	19	0,5	348	36
28/02/2025	20	0,6	348	35
28/02/2025	21	0,4	342	34
28/02/2025	22	0,3	357	27
28/02/2025	23	0,5	5	30
01/03/2025	00	0,2	314	27
01/03/2025	01	0,3	348	34
01/03/2025	02	0,9	357	32
01/03/2025	03	1,1	357	28
01/03/2025	04	1,4	357	24
01/03/2025	05	1,5	360	24
01/03/2025	06	1,8	1	26
01/03/2025	07	2,1	359	33
01/03/2025	08	2	359	34
01/03/2025	09	2,3	360	24
01/03/2025	10	2,4	4	31
01/03/2025	11	2,8	14	33
01/03/2025	12	3,4	21	35
01/03/2025	13	3,2	23	30
01/03/2025	14	2,9	19	39
01/03/2025	15	2,6	21	12
01/03/2025	16	2,6	21	8
01/03/2025	17	2,1	20	31
01/03/2025	18	1,7	15	38
01/03/2025	19	1,4	19	37
01/03/2025	20	1,5	15	31
01/03/2025	21	1,3	2	24
01/03/2025	22	1,4	359	28
01/03/2025	23	1,3	359	39
02/03/2025	00	0,9	357	39
02/03/2025	01	1,1	3	26
02/03/2025	02	0,6	296	32
02/03/2025	03	1,4	2	40
02/03/2025	04	1,7	2	38
02/03/2025	05	1,7	360	32
02/03/2025	06	1,8	359	12
02/03/2025	07	1,9	359	2
02/03/2025	08	1,8	1	3
02/03/2025	09	1,9	4	7
02/03/2025	10	2,3	3	20
02/03/2025	11	3,2	12	30
02/03/2025	12	3	13	28
02/03/2025	13	3,4	14	37
02/03/2025	14	3,3	14	16
02/03/2025	15	3,3	12	21
02/03/2025	16	3,2	11	22
02/03/2025	17	2,9	11	26
02/03/2025	18	2,8	11	34
02/03/2025	19	2,1	4	22
02/03/2025	20	1,8	2	24
02/03/2025	21	2,2	17	42
02/03/2025	22	2,8	23	27
02/03/2025	23	3	25	27
03/03/2025	00	3	23	37
03/03/2025	01	3,2	22	56
03/03/2025	02	3	16	49
03/03/2025	03	2,6	8	46
03/03/2025	04	2,2	2	40
03/03/2025	05	1,9	13	25
03/03/2025	06	2,8	28	16
03/03/2025	07	2,8	29	29
03/03/2025	08	2,9	36	32
03/03/2025	09	3	36	34
03/03/2025	10	2,7	42	66
03/03/2025	11	3,2	42	33
03/03/2025	12	2,3	39	40
03/03/2025	13	1,8	26	43
03/03/2025	14	1,7	35	59
03/03/2025	15	1,4	40	108
03/03/2025	16	0,8	306	31
03/03/2025	17	1,2	293	21
03/03/2025	18	1	342	34
03/03/2025	19	1,1	356	23
03/03/2025	20	1,2	357	25
03/03/2025	21	1,2	359	44
03/03/2025	22	1,4	359	28
03/03/2025	23	1,5	359	26
04/03/2025	00	1,2	4	38
04/03/2025	01	1,1	1	41
04/03/2025	02	1,2	360	42
04/03/2025	03	1,3	3	65
04/03/2025	04	2,1	7	46
04/03/2025	05	2,1	10	33
04/03/2025	06	2,5	9	83
04/03/2025	07	2,2	10	33
04/03/2025	08	2,3	7	38
04/03/2025	09	2,5	7	50
04/03/2025	10	2,6	9	24
04/03/2025	11	2,9	12	25
04/03/2025	12	3	10	47
04/03/2025	13	2,7	10	38
04/03/2025	14	2,9	12	31
04/03/2025	15	3,2	11	34
04/03/2025	16	3,2	14	27
04/03/2025	17	3	13	33
04/03/2025	18	3	13	26
04/03/2025	19	2	7	40
04/03/2025	20	1,6	6	39
04/03/2025	21	1,8	4	40
04/03/2025	22	1,8	4	29
04/03/2025	23	1,6	8	31
05/03/2025	00	2,2	12	30
05/03/2025	01	2,3	24	41
05/03/2025	02	2,5	20	35
05/03/2025	03	2	18	38
05/03/2025	04	2,6	10	31
05/03/2025	05	2,8	13	29
05/03/2025	06	2,5	8	26
05/03/2025	07	2,4	21	36
05/03/2025	08	3,1	22	43
05/03/2025	09	3,3	15	34
05/03/2025	10	3,1	16	29
05/03/2025	11	3,4	12	34
05/03/2025	12	3,1	13	28
05/03/2025	13	3,1	10	24
05/03/2025	14	3,2	11	31
05/03/2025	15	3	10	28
05/03/2025	16	2,8	10	29
05/03/2025	17	3,2	9	36
05/03/2025	18	3	9	34
05/03/2025	19	2,7	12	27
05/03/2025	20	2,2	16	26
05/03/2025	21	2,5	21	27
05/03/2025	22	2,6	24	31
05/03/2025	23	2,6	19	39
06/03/2025	00	2,5	20	44
06/03/2025	01	2,8	20	73
06/03/2025	02	2,2	17	32
06/03/2025	03	2,1	9	61
06/03/2025	04	2	16	61
06/03/2025	05	2,1	18	45
06/03/2025	06	2,2	20	60
06/03/2025	07	2,2	20	46
06/03/2025	08	2,4	21	74
06/03/2025	09	2,4	19	39
06/03/2025	10	2,2	19	38
06/03/2025	11	2,8	21	30
06/03/2025	12	2,7	20	46
06/03/2025	13	2,6	20	40
06/03/2025	14	3,2	15	29
06/03/2025	15	3	16	35
06/03/2025	16	2,9	14	46
06/03/2025	17	2,7	15	40
06/03/2025	18	2,4	8	70
06/03/2025	19	1,6	7	55
06/03/2025	20	1,8	12	60
06/03/2025	21	1,5	5	60
06/03/2025	22	1,7	360	51
06/03/2025	23	1,5	358	34
07/03/2025	00	1,7	4	37
07/03/2025	01	1,7	4	46
07/03/2025	02	1,3	1	38
07/03/2025	03	1,2	359	31
07/03/2025	04	0,6	352	21
07/03/2025	05	0,2	314	24
07/03/2025	06	0,4	291	34
07/03/2025	07	0,4	296	31
07/03/2025	08	0,6	355	35
07/03/2025	09	1,9	358	19
07/03/2025	10	1,8	3	14
07/03/2025	11	1,1	5	30
07/03/2025	12	0,5	327	30
07/03/2025	13	1	359	27
07/03/2025	14	0,9	12	29
07/03/2025	15	1,5	22	10
07/03/2025	16	1,6	25	6
07/03/2025	17	1,2	3	15
07/03/2025	18	1	355	32
07/03/2025	19	0,3	328	34
07/03/2025	20	0,3	1	31
07/03/2025	21	0,2	327	7
07/03/2025	22	0,4	289	4
07/03/2025	23	0,2	317	26
08/03/2025	00	0,4	334	25
08/03/2025	01	0,2	309	20
08/03/2025	02	0,3	0	19
08/03/2025	03	0,2	325	24
08/03/2025	04	0,2	314	26
08/03/2025	05	0,4	348	30
08/03/2025	06	0,5	351	30
08/03/2025	07	0,5	341	29
08/03/2025	08	0,4	54	21
08/03/2025	09	0,4	93	30
08/03/2025	10	0,7	88	24
08/03/2025	11	0,7	69	24
08/03/2025	12	0,6	87	30
08/03/2025	13	1	59	29
08/03/2025	14	0,7	68	26
08/03/2025	15	1	58	28
08/03/2025	16	1,1	22	29
08/03/2025	17	1,5	17	36
08/03/2025	18	1,3	14	30
08/03/2025	19	1,3	17	35
08/03/2025	20	0,7	10	84
08/03/2025	21	0,9	10	38
08/03/2025	22	0,2	344	25
08/03/2025	23	1,3	263	26
09/03/2025	00	0,5	229	35
09/03/2025	01	0,5	235	19
09/03/2025	02	1	225	17
09/03/2025	03	0,9	242	5
09/03/2025	04	0,6	211	7
09/03/2025	05	1,5	180	28
09/03/2025	06	1,9	197	30
09/03/2025	07	2,2	198	21
09/03/2025	08	1,8	194	8
09/03/2025	09	2	211	10
09/03/2025	10	2,3	211	10
09/03/2025	11	2,7	207	23
09/03/2025	12	3,1	228	31
09/03/2025	13	3,2	216	28
09/03/2025	14	2,6	227	17
09/03/2025	15	2,6	210	23
09/03/2025	16	1,8	172	15
09/03/2025	17	1	119	27
09/03/2025	18	0,7	154	39
09/03/2025	19	0,3	205	34
09/03/2025	20	0,3	218	24
09/03/2025	21	1,1	202	30
09/03/2025	22	0,9	201	23
09/03/2025	23	0,5	218	33
10/03/2025	00	0,3	189	29
10/03/2025	01	0,3	209	23
10/03/2025	02	0,3	214	8
10/03/2025	03	0,3	198	16
10/03/2025	04	0,5	193	17
10/03/2025	05	0,5	195	38
10/03/2025	06	0,3	182	15
10/03/2025	07	0,9	237	20
10/03/2025	08	0,9	265	14
10/03/2025	09	0,7	250	10
10/03/2025	10	0,5	247	12
10/03/2025	11	1,9	194	31
10/03/2025	12	2,4	200	26
10/03/2025	13	2,7	203	31
10/03/2025	14	2,7	197	30
10/03/2025	15	2,6	208	20
10/03/2025	16	2,4	211	17
10/03/2025	17	1,2	110	21
10/03/2025	18	1,1	132	30
10/03/2025	19	0,6	166	29
10/03/2025	20	0,3	201	29
10/03/2025	21	0,2	180	32
10/03/2025	22	0,3	227	41
10/03/2025	23	0,4	10	34
11/03/2025	00	0,4	260	32
11/03/2025	01	0,5	279	30
11/03/2025	02	0,5	272	32
11/03/2025	03	0,6	199	35
11/03/2025	04	0,9	233	18
11/03/2025	05	0,4	226	35
11/03/2025	06	0,5	226	27
11/03/2025	07	0,6	178	19
11/03/2025	08	0,8	196	15
11/03/2025	09	0,3	178	25
11/03/2025	10	1	178	26
11/03/2025	11	2,4	192	26
11/03/2025	12	1,5	146	36
11/03/2025	13	1,5	139	29
11/03/2025	14	1,2	115	18
11/03/2025	15	0,9	108	24
11/03/2025	16	1,1	329	18
11/03/2025	17	0,5	148	31
11/03/2025	18	1,8	207	27
11/03/2025	19	1,4	196	27
11/03/2025	20	0,3	155	37
11/03/2025	21	1,3	168	28
11/03/2025	22	1,5	192	16
11/03/2025	23	1,3	210	33
12/03/2025	00	0,6	196	28
12/03/2025	01	0,3	205	28
12/03/2025	02	1	234	10
12/03/2025	03	0,9	268	16
12/03/2025	04	0,9	260	12
12/03/2025	05	1	236	27
12/03/2025	06	0,4	197	25
12/03/2025	07	1,4	240	27
12/03/2025	08	2,1	251	32
12/03/2025	09	2,3	266	28
12/03/2025	10	2,3	264	31
12/03/2025	11	1,8	235	41
12/03/2025	12	1,4	241	37
12/03/2025	13	1,6	262	20
12/03/2025	14	1,5	272	7
12/03/2025	15	1	265	9
12/03/2025	16	1,5	234	11
12/03/2025	17	2,6	234	26
12/03/2025	18	2,7	217	28
12/03/2025	19	3,6	237	102
12/03/2025	20	3,2	235	39
12/03/2025	21	2,3	210	36
12/03/2025	22	1,5	220	32
12/03/2025	23	1,4	203	39
13/03/2025	00	1,9	202	29
13/03/2025	01	1,8	198	16
13/03/2025	02	1,1	184	11
13/03/2025	03	1,2	216	5
13/03/2025	04	2,2	244	10
13/03/2025	05	1,9	241	25
13/03/2025	06	0,9	194	36
13/03/2025	07	1,8	205	37
13/03/2025	08	1,2	226	27
13/03/2025	09	0,4	57	27
13/03/2025	10	0,3	210	16
13/03/2025	11	0,8	215	28
13/03/2025	12	0,8	168	25
13/03/2025	13	0,9	160	37
13/03/2025	14	0,5	222	38
13/03/2025	15	0,6	328	50
13/03/2025	16	0,7	336	24
13/03/2025	17	0,5	319	29
13/03/2025	18	0,4	307	30
13/03/2025	19	0,2	177	23
13/03/2025	20	0,2	256	9
13/03/2025	21	0,2	251	21
13/03/2025	22	0,2	277	23
13/03/2025	23	0,4	303	29
14/03/2025	00	0,2	334	34
14/03/2025	01	0,5	344	29
14/03/2025	02	0,9	9	15
14/03/2025	03	1,2	7	17
14/03/2025	04	0,6	7	21
14/03/2025	05	0,5	358	26
14/03/2025	06	0,8	349	40
14/03/2025	07	1,1	0	35
14/03/2025	08	1,2	4	11
14/03/2025	09	1,7	2	19
14/03/2025	10	1,6	359	16
14/03/2025	11	2,1	7	30
14/03/2025	12	1,7	13	9
14/03/2025	13	2	10	7
14/03/2025	14	1,8	7	5
14/03/2025	15	1,5	3	12
14/03/2025	16	1,2	10	6
14/03/2025	17	1,4	4	28
14/03/2025	18	1,1	7	25
14/03/2025	19	0,6	10	25
14/03/2025	20	0,4	336	26
14/03/2025	21	0,3	330	28
14/03/2025	22	0,2	258	27
14/03/2025	23	0,3	225	32
15/03/2025	00	0,4	229	30
15/03/2025	01	0,9	262	32
15/03/2025	02	1,4	257	23
15/03/2025	03	2	263	4
15/03/2025	04	2,4	266	5
15/03/2025	05	2,6	273	21
15/03/2025	06	2	266	11
15/03/2025	07	1,8	265	19
15/03/2025	08	1,9	262	32
15/03/2025	09	2	259	9
15/03/2025	10	2,5	271	10
15/03/2025	11	3,1	270	28
15/03/2025	12	3	270	27
15/03/2025	13	2,8	274	30
15/03/2025	14	3	274	22
15/03/2025	15	2,7	280	11
15/03/2025	16	1,9	304	6
15/03/2025	17	1,3	278	13
15/03/2025	18	0,4	287	23
15/03/2025	19	0,2	291	40
15/03/2025	20	0,5	193	33
15/03/2025	21	0,2	190	22
15/03/2025	22	0,3	254	11
15/03/2025	23	0,5	278	27
16/03/2025	00	0,3	274	25
16/03/2025	01	0,5	247	22
16/03/2025	02	0,3	203	29
16/03/2025	03	0,7	295	24
16/03/2025	04	0,4	216	17
16/03/2025	05	0,4	226	49
16/03/2025	06	0,4	269	95
16/03/2025	07	0,3	237	33
16/03/2025	08	0,4	330	18
16/03/2025	09	0,3	342	21
16/03/2025	10	0,6	42	17
16/03/2025	11	0,7	86	26
16/03/2025	12	0,5	263	27
16/03/2025	13	0,7	316	16
16/03/2025	14	1,2	81	29
16/03/2025	15	1,1	142	30
16/03/2025	16	1,2	136	34
16/03/2025	17	0,7	139	33
16/03/2025	18	0,8	178	16
16/03/2025	19	0,7	231	13
16/03/2025	20	0,4	294	8
16/03/2025	21	0,4	343	23
16/03/2025	22	0,4	354	25
16/03/2025	23	0,2	343	27
17/03/2025	00	0,6	286	26
17/03/2025	01	0,5	290	30
17/03/2025	02	0,3	274	9
17/03/2025	03	0,3	306	26
17/03/2025	04	0,5	309	16
17/03/2025	05	0,2	260	23
17/03/2025	06	0,6	272	23
17/03/2025	07	0,5	278	29
17/03/2025	08	0,5	310	28
17/03/2025	09	0,7	353	28
17/03/2025	10	1,3	358	12
17/03/2025	11	0,7	2	24
17/03/2025	12	1	15	27
17/03/2025	13	1,6	18	21
17/03/2025	14	1,8	12	28
17/03/2025	15	1,5	3	25
17/03/2025	16	1,4	5	23
17/03/2025	17	1,3	5	25
17/03/2025	18	0,8	2	32
17/03/2025	19	0,6	328	38
17/03/2025	20	0,5	329	59
17/03/2025	21	0,4	288	43
17/03/2025	22	0,4	306	25
17/03/2025	23	0,3	291	31
18/03/2025	00	0,3	285	29
18/03/2025	01	1,2	2	19
18/03/2025	02	0,5	356	15
18/03/2025	03	0,4	358	14
18/03/2025	04	1	359	13
18/03/2025	05	0,8	358	33
18/03/2025	06	1,4	359	28
18/03/2025	07	1,4	357	16
18/03/2025	08	1,7	3	27
18/03/2025	09	1,3	353	35
18/03/2025	10	1,1	357	33
18/03/2025	11	1,2	358	37
18/03/2025	12	1	8	19
18/03/2025	13	0,9	25	30
18/03/2025	14	1,5	13	35
18/03/2025	15	1,6	21	37
18/03/2025	16	2	19	25
18/03/2025	17	1,9	6	24
18/03/2025	18	1,6	1	25
18/03/2025	19	1,5	359	29
18/03/2025	20	1,5	0	24
18/03/2025	21	1,5	2	23
18/03/2025	22	0,8	356	29
18/03/2025	23	0,6	346	33
19/03/2025	00	0,4	351	30
19/03/2025	01	0,5	355	30
19/03/2025	02	0,8	356	25
19/03/2025	03	1,6	0	29
19/03/2025	04	1,7	357	28
19/03/2025	05	1,5	357	26
19/03/2025	06	1	348	32
19/03/2025	07	1,5	1	36
19/03/2025	08	1,4	358	18
19/03/2025	09	1,4	355	17
19/03/2025	10	1,2	1	45
19/03/2025	11	1,2	4	31
19/03/2025	12	1,7	8	30
19/03/2025	13	2	11	29
19/03/2025	14	1,7	30	30
19/03/2025	15	2	25	19
19/03/2025	16	1,6	26	24
19/03/2025	17	1,5	24	33
19/03/2025	18	1,2	6	27
19/03/2025	19	1	4	30
19/03/2025	20	1,2	3	68
19/03/2025	21	1,3	356	59
19/03/2025	22	1	356	84
19/03/2025	23	1,2	357	45
20/03/2025	00	1,3	357	62
20/03/2025	01	1,4	5	57
20/03/2025	02	1,3	7	81
20/03/2025	03	0,8	356	65
20/03/2025	04	2,1	11	37
20/03/2025	05	1,6	11	34
20/03/2025	06	2,1	9	47
20/03/2025	07	2,3	9	45
20/03/2025	08	2,4	10	54
20/03/2025	09	1,9	9	59
20/03/2025	10	3	15	31
20/03/2025	11	2,8	11	33
20/03/2025	12	2,9	12	53
20/03/2025	13	3,2	12	42
20/03/2025	14	3,4	16	54
20/03/2025	15	3	15	46
20/03/2025	16	3,2	18	30
20/03/2025	17	3,7	10	31
20/03/2025	18	3,2	15	60
20/03/2025	19	3,1	12	112
20/03/2025	20	2,7	14	135
20/03/2025	21	2,7	9	93
20/03/2025	22	2,3	5	74
20/03/2025	23	1,8	4	65
21/03/2025	00	2,6	3	41
21/03/2025	01	1,8	1	78
21/03/2025	02	1,5	2	50
21/03/2025	03	1,6	6	41
21/03/2025	04	1,2	339	59
21/03/2025	05	0,2	209	24
21/03/2025	06	0,2	3	19
21/03/2025	07	0,3	268	52
21/03/2025	08	0,4	160	116
21/03/2025	09	0,6	166	80
21/03/2025	10	1	170	47
21/03/2025	11	1,6	178	24
21/03/2025	12	3,4	196	29
21/03/2025	13	3,7	211	35
21/03/2025	14	4,2	212	35
21/03/2025	15	3,9	222	33
21/03/2025	16	3,9	209	27
21/03/2025	17	2,7	212	28
21/03/2025	18	1,7	199	24
21/03/2025	19	1,1	179	19
21/03/2025	20	0,8	176	24
21/03/2025	21	0,4	203	24
21/03/2025	22	0,3	169	16
21/03/2025	23	0,3	195	21
22/03/2025	00	0,3	357	22
22/03/2025	01	0,2	100	23
22/03/2025	02	0,7	135	34
22/03/2025	03	0,8	163	22
22/03/2025	04	0,7	196	25
22/03/2025	05	1,9	226	38
22/03/2025	06	1,6	207	19
22/03/2025	07	1,7	179	8
22/03/2025	08	1,7	197	9
22/03/2025	09	3	210	8
22/03/2025	10	4,3	215	14
22/03/2025	11	4,2	230	25
22/03/2025	12	3,5	244	27
22/03/2025	13	4,1	235	49
22/03/2025	14	3,8	231	33
22/03/2025	15	4,1	234	29
22/03/2025	16	4,2	223	24
22/03/2025	17	3,4	210	30
22/03/2025	18	3,3	215	36
22/03/2025	19	2,2	209	35
22/03/2025	20	1,7	192	23
22/03/2025	21	2	201	4
22/03/2025	22	2,1	207	16
22/03/2025	23	2,1	189	26
23/03/2025	00	1,3	183	24
23/03/2025	01	1,7	204	25
23/03/2025	02	2,5	189	22
23/03/2025	03	2,8	205	11
23/03/2025	04	3,1	215	7
23/03/2025	05	2,3	198	23
23/03/2025	06	2,6	196	32
23/03/2025	07	2,5	204	20
23/03/2025	08	2,7	208	8
23/03/2025	09	3	221	4
23/03/2025	10	2,9	211	8
23/03/2025	11	3,5	208	18
23/03/2025	12	3,2	231	9
23/03/2025	13	2,8	223	18
23/03/2025	14	1,6	12	10
23/03/2025	15	0,9	21	22
23/03/2025	16	1,1	15	16
23/03/2025	17	1,5	8	25
23/03/2025	18	2	359	33
23/03/2025	19	1,3	7	38
23/03/2025	20	0,3	320	8
23/03/2025	21	0,3	333	14
23/03/2025	22	0,4	277	12
23/03/2025	23	0,7	273	26
24/03/2025	00	0,9	271	28
24/03/2025	01	0,9	284	16
24/03/2025	02	0,2	269	7
24/03/2025	03	0,2	248	26
24/03/2025	04	0,7	335	24
24/03/2025	05	0,3	254	32
24/03/2025	06	0,2	236	29
24/03/2025	07	0,8	246	32
24/03/2025	08	1,8	262	31
24/03/2025	09	1,8	275	24
24/03/2025	10	0,9	331	18
24/03/2025	11	1,6	58	19
24/03/2025	12	1,3	99	24
24/03/2025	13	1,4	66	18
24/03/2025	14	1,1	85	21
24/03/2025	15	1	102	25
24/03/2025	16	0,8	34	20
24/03/2025	17	1	27	23
24/03/2025	18	1	24	26
24/03/2025	19	0,7	12	26
24/03/2025	20	0,5	2	24
24/03/2025	21	0,4	344	32
24/03/2025	22	0,6	293	26
24/03/2025	23	0,4	272	28
25/03/2025	00	0,6	293	32
25/03/2025	01	0,5	287	22
25/03/2025	02	0,3	285	21
25/03/2025	03	0,3	265	4
25/03/2025	04	0,3	280	12
25/03/2025	05	0,4	356	32
25/03/2025	06	0,3	279	23
25/03/2025	07	0,2	202	23
25/03/2025	08	0,2	332	35
25/03/2025	09	0,4	27	29
25/03/2025	10	1,3	44	27
25/03/2025	11	1,6	59	36
25/03/2025	12	1,1	104	37
25/03/2025	13	1,5	115	25
25/03/2025	14	1,5	115	10
25/03/2025	15	1	123	10
25/03/2025	16	0,7	84	9
25/03/2025	17	0,4	103	32
25/03/2025	18	0,7	167	32
25/03/2025	19	0,6	183	23
25/03/2025	20	0,2	208	11
25/03/2025	21	0,8	264	30
25/03/2025	22	1,4	3	28
25/03/2025	23	1,4	293	26
26/03/2025	00	1,7	268	27
26/03/2025	01	2	273	33
26/03/2025	02	0,7	205	9
26/03/2025	03	0,2	165	1
26/03/2025	04	0,5	270	9
26/03/2025	05	1,7	268	26
26/03/2025	06	1,4	298	20
26/03/2025	07	1	299	12
26/03/2025	08	0,4	326	13
26/03/2025	09	0,8	59	5
26/03/2025	10	0,7	97	10
26/03/2025	11	1,1	120	24
26/03/2025	12	1,4	111	29
26/03/2025	13	1,4	125	23
26/03/2025	14	1,2	122	14
26/03/2025	15	1	94	17
26/03/2025	16	1	108	25
26/03/2025	17	1,5	145	28
26/03/2025	18	1,5	178	25
26/03/2025	19	0,8	173	17
26/03/2025	20	0,2	192	27
26/03/2025	21	0,3	227	22
26/03/2025	22	0,6	268	22
26/03/2025	23	0,3	287	25
27/03/2025	00	0,3	293	29
27/03/2025	01	0,5	301	14
27/03/2025	02	0,7	12	19
27/03/2025	03	0,6	328	27
27/03/2025	04	0,4	349	18
27/03/2025	05	0,3	201	25
27/03/2025	06	0,7	255	28
27/03/2025	07	0,5	258	27
27/03/2025	08	1,1	285	32
27/03/2025	09	1	2	27
27/03/2025	10	0,9	113	19
27/03/2025	11	1,3	85	25
27/03/2025	12	2	55	21
27/03/2025	13	1,4	79	20
27/03/2025	14	1,4	85	32
27/03/2025	15	1,3	86	23
27/03/2025	16	1,3	113	13
27/03/2025	17	1,2	120	21
27/03/2025	18	0,8	124	20
27/03/2025	19	0,3	124	24
27/03/2025	20	0,3	240	29
27/03/2025	21	0,6	271	13
27/03/2025	22	0,3	272	16
27/03/2025	23	0,3	275	33
28/03/2025	00	0,3	288	35
28/03/2025	01	0,5	271	20
28/03/2025	02	0,5	282	24
28/03/2025	03	0,2	195	30
28/03/2025	04	0,4	262	25
28/03/2025	05	0,4	319	29
28/03/2025	06	0,4	269	13
28/03/2025	07	0,9	286	15
28/03/2025	08	1,4	300	8
28/03/2025	09	1,6	301	11
28/03/2025	10	1,1	67	5
28/03/2025	11	1,3	77	10
28/03/2025	12	1,3	105	25
28/03/2025	13	1,5	105	21
28/03/2025	14	1,3	116	25
28/03/2025	15	1,2	100	14
28/03/2025	16	1,1	116	28
28/03/2025	17	1,1	135	28
28/03/2025	18	1,5	167	28
28/03/2025	19	1,3	178	32
28/03/2025	20	0,8	165	29
28/03/2025	21	0,2	163	26
28/03/2025	22	0,5	350	21
28/03/2025	23	0,4	320	25
29/03/2025	00	1,7	273	31
29/03/2025	01	2	269	30
29/03/2025	02	2,3	269	16
29/03/2025	03	2,6	261	4
29/03/2025	04	2,8	261	13
29/03/2025	05	2,6	262	34
29/03/2025	06	2,7	255	37
29/03/2025	07	1,6	261	33
29/03/2025	08	2,2	265	15
29/03/2025	09	2,7	260	9
29/03/2025	10	1,8	239	21
29/03/2025	11	1,2	22	26
29/03/2025	12	2,3	72	28
29/03/2025	13	1,8	52	27
29/03/2025	14	2,3	297	38
29/03/2025	15	2	52	14
29/03/2025	16	2,5	320	19
29/03/2025	17	2,1	324	26
29/03/2025	18	1,4	306	25
29/03/2025	19	1	307	28
29/03/2025	20	2,6	272	24
29/03/2025	21	2,7	276	7
29/03/2025	22	2,7	278	6
29/03/2025	23	3	271	31
30/03/2025	00	3,1	272	16
30/03/2025	01	2,6	273	10
30/03/2025	02	2,3	269	21
30/03/2025	03	2,5	262	5
30/03/2025	04	2,7	264	5
30/03/2025	05	2,7	267	25
30/03/2025	06	2,7	269	34
30/03/2025	07	2,6	276	14
30/03/2025	08	2,3	269	6
30/03/2025	09	1,4	273	2
30/03/2025	10	0,9	84	6
30/03/2025	11	1,2	123	24
30/03/2025	12	1,4	136	29
30/03/2025	13	1,5	119	15
30/03/2025	14	1,3	94	20
30/03/2025	15	1,3	108	25
30/03/2025	16	1,3	123	25
30/03/2025	17	1,6	154	27
30/03/2025	18	1,4	171	21
30/03/2025	19	0,6	180	21
30/03/2025	20	0,2	203	29
30/03/2025	21	0,2	262	34
30/03/2025	22	0,3	267	30
30/03/2025	23	0,2	292	32
31/03/2025	00	0,4	268	36
31/03/2025	01	0,8	284	26
31/03/2025	02	0,3	232	32
31/03/2025	03	0,4	265	31
31/03/2025	04	0,4	257	29
31/03/2025	05	0,2	218	22
31/03/2025	06	0,2	194	58
31/03/2025	07	0,3	171	125
31/03/2025	08	0,6	174	115
31/03/2025	09	0,6	168	118
31/03/2025	10	0,6	126	26
31/03/2025	11	1	99	36
31/03/2025	12	1,2	92	30
31/03/2025	13	1,1	107	45
31/03/2025	14	1,3	117	32
31/03/2025	15	1,3	127	34
31/03/2025	16	1,3	148	36
31/03/2025	17	0,6	134	27
31/03/2025	18	0,3	144	27
31/03/2025	19	0,2	25	31
31/03/2025	20	1,2	358	34
31/03/2025	21	1,3	357	32
31/03/2025	22	1,6	2	30
31/03/2025	23	1,4	358	36
01/04/2025	00	1,3	353	23
01/04/2025	01	0,3	351	19
01/04/2025	02	0,6	292	22
01/04/2025	03	1,1	279	28
01/04/2025	04	1,2	281	20
01/04/2025	05	1,1	282	28
01/04/2025	06	0,6	264	27
01/04/2025	07	0,6	273	64
01/04/2025	08	0,3	179	36
01/04/2025	09	0,3	117	64
01/04/2025	10	0,8	80	60
01/04/2025	11	1,1	96	29
01/04/2025	12	1,5	64	30
01/04/2025	13	1,7	57	29
01/04/2025	14	1,9	50	32
01/04/2025	15	1,6	58	25
01/04/2025	16	2	22	26
01/04/2025	17	1,9	17	26
01/04/2025	18	1,9	24	28
01/04/2025	19	1,4	15	20
01/04/2025	20	1,2	348	21
01/04/2025	21	1,1	354	29
01/04/2025	22	1,1	354	26
01/04/2025	23	1,6	355	24
02/04/2025	00	1,7	357	34
02/04/2025	01	1,9	359	37
02/04/2025	02	2	358	43
02/04/2025	03	2	358	34
02/04/2025	04	1,8	0	29
02/04/2025	05	0,9	338	31
02/04/2025	06	0,3	304	30
02/04/2025	07	0,3	350	33
02/04/2025	08	0,5	325	30
02/04/2025	09	0,9	341	15
02/04/2025	10	1	338	24
02/04/2025	11	1,1	86	31
02/04/2025	12	1,4	87	29
02/04/2025	13	2,2	53	30
02/04/2025	14	1,8	57	36
02/04/2025	15	2,3	49	27
02/04/2025	16	1,5	64	23
02/04/2025	17	1	77	31
02/04/2025	18	1,4	33	34
02/04/2025	19	1,4	24	31
02/04/2025	20	1,1	16	31
02/04/2025	21	0,8	11	32
02/04/2025	22	1	28	18
02/04/2025	23	0,7	7	22
03/04/2025	00	0,9	13	25
03/04/2025	01	0,9	10	25
03/04/2025	02	1,1	8	29
03/04/2025	03	1,5	26	30
03/04/2025	04	1,5	23	29
03/04/2025	05	1,8	25	37
03/04/2025	06	1,7	32	33
03/04/2025	07	1,7	36	34
03/04/2025	08	2	30	29
03/04/2025	09	1,9	33	22
03/04/2025	10	2,2	17	20
03/04/2025	11	2,9	24	26
03/04/2025	12	3,9	21	27
03/04/2025	13	3,7	15	30
03/04/2025	14	3,5	18	22
03/04/2025	15	3,8	19	22
03/04/2025	16	3,7	12	26
03/04/2025	17	3,6	9	29
03/04/2025	18	3,3	11	29
03/04/2025	19	3	9	23
03/04/2025	20	2,7	12	83
03/04/2025	21	2,5	8	28
03/04/2025	22	2,1	7	26
03/04/2025	23	2,2	7	52
04/04/2025	00	2,1	4	40
04/04/2025	01	2,9	8	21
04/04/2025	02	3,3	11	26
04/04/2025	03	3,1	9	19
04/04/2025	04	2,6	1	23
04/04/2025	05	0,9	314	26
04/04/2025	06	0,4	317	25
04/04/2025	07	2,9	0	25
04/04/2025	08	2,4	5	30
04/04/2025	09	2	2	27
04/04/2025	10	2,1	10	26
04/04/2025	11	2	20	28
04/04/2025	12	1,9	29	28
04/04/2025	13	2	37	17
04/04/2025	14	1,9	36	26
04/04/2025	15	2,2	36	25
04/04/2025	16	2,4	41	32
04/04/2025	17	1,7	37	38
04/04/2025	18	1,5	20	26
04/04/2025	19	0,9	350	30
04/04/2025	20	0,6	254	25
04/04/2025	21	0,6	51	44
04/04/2025	22	0,3	294	49
04/04/2025	23	0,7	207	32
05/04/2025	00	1,6	188	34
05/04/2025	01	0,8	186	26
05/04/2025	02	0,4	105	27
05/04/2025	03	0,8	181	24
05/04/2025	04	0,7	220	30
05/04/2025	05	0,4	268	24
05/04/2025	06	0,3	196	32
05/04/2025	07	0,4	216	37
05/04/2025	08	0,6	271	18
05/04/2025	09	0,7	242	21
05/04/2025	10	2,4	215	16
05/04/2025	11	2,5	204	22
05/04/2025	12	2,7	202	18
05/04/2025	13	2,4	276	16
05/04/2025	14	1,4	64	6
05/04/2025	15	1,4	99	29
05/04/2025	16	1,5	51	23
05/04/2025	17	1,5	39	21
05/04/2025	18	1,1	24	14
05/04/2025	19	1	7	21
05/04/2025	20	1,2	343	21
05/04/2025	21	0,7	2	38
05/04/2025	22	0,3	321	26
05/04/2025	23	0,7	265	25
06/04/2025	00	1,3	277	27
06/04/2025	01	1	263	24
06/04/2025	02	1	267	10
06/04/2025	03	0,8	282	18
06/04/2025	04	1,1	268	29
06/04/2025	05	1	259	27
06/04/2025	06	0,6	261	22
06/04/2025	07	0,8	268	9
06/04/2025	08	1,7	270	3
06/04/2025	09	1	213	19
06/04/2025	10	1,2	144	23
06/04/2025	11	1,6	148	25
06/04/2025	12	1,8	140	21
06/04/2025	13	1,7	135	24
06/04/2025	14	1,6	112	7
06/04/2025	15	1,7	117	23
06/04/2025	16	1,3	113	35
06/04/2025	17	1,2	143	36
06/04/2025	18	1	181	28
06/04/2025	19	0,2	198	15
06/04/2025	20	0,2	247	6
06/04/2025	21	0,5	272	15
06/04/2025	22	0,8	283	25
06/04/2025	23	1	281	33
07/04/2025	00	0,8	278	35
07/04/2025	01	0,8	283	17
07/04/2025	02	0,5	282	11
07/04/2025	03	0,3	282	15
07/04/2025	04	0,3	244	22
07/04/2025	05	0,3	249	21
07/04/2025	06	0,2	166	21
07/04/2025	07	0,2	217	19
07/04/2025	08	0,5	243	75
07/04/2025	09	0,7	150	32
07/04/2025	10	1	91	65
07/04/2025	11	1,4	51	32
07/04/2025	12	2,2	43	43
07/04/2025	13	1,9	48	25
07/04/2025	14	2	51	23
07/04/2025	15	1,5	51	18
07/04/2025	16	1,7	31	37
07/04/2025	17	1,6	21	31
07/04/2025	18	0,9	25	33
07/04/2025	19	0,6	18	23
07/04/2025	20	0,7	11	18
07/04/2025	21	1,3	355	33
07/04/2025	22	1,3	6	26
07/04/2025	23	0,5	344	28
08/04/2025	00	0,5	353	33
08/04/2025	01	0,6	348	37
08/04/2025	02	0,6	298	32
08/04/2025	03	0,4	266	24
08/04/2025	04	0,5	262	24
08/04/2025	05	1	276	25
08/04/2025	06	0,8	278	25
08/04/2025	07	0,4	278	28
08/04/2025	08	0,5	358	53
08/04/2025	09	0,7	16	27
08/04/2025	10	1	54	24
08/04/2025	11	1,2	59	26
08/04/2025	12	1,6	48	21
08/04/2025	13	1,9	45	29
08/04/2025	14	1,9	40	23
08/04/2025	15	1,8	37	17
08/04/2025	16	1,7	30	17
08/04/2025	17	1,6	30	79
08/04/2025	18	1,3	21	42
08/04/2025	19	1,2	17	16
08/04/2025	20	0,8	7	36
08/04/2025	21	0,5	346	16
08/04/2025	22	0,4	329	31
08/04/2025	23	0,4	258	32
09/04/2025	00	0,3	209	32
09/04/2025	01	0,3	229	34
09/04/2025	02	0,4	276	27
09/04/2025	03	0,8	275	30
09/04/2025	04	0,3	267	32
09/04/2025	05	0,3	206	37
09/04/2025	06	0,3	273	30
09/04/2025	07	0,5	271	29
09/04/2025	08	0,7	325	32
09/04/2025	09	1	9	28
09/04/2025	10	1,2	48	46
09/04/2025	11	1,2	84	35
09/04/2025	12	1,2	101	35
09/04/2025	13	1,5	121	22
09/04/2025	14	1,5	78	19
09/04/2025	15	1,3	63	19
09/04/2025	16	1	82	18
09/04/2025	17	1,4	36	18
09/04/2025	18	1,3	13	28
09/04/2025	19	1,3	4	25
09/04/2025	20	1,1	359	21
09/04/2025	21	0,6	7	23
09/04/2025	22	0,6	6	21
09/04/2025	23	0,7	339	20
10/04/2025	00	0,3	358	18
10/04/2025	01	0,5	269	32
10/04/2025	02	0,4	308	33
10/04/2025	03	0,3	265	23
10/04/2025	04	0,8	273	25
10/04/2025	05	0,8	274	25
10/04/2025	06	0,6	272	24
10/04/2025	07	0,5	299	24
10/04/2025	08	0,8	358	24
10/04/2025	09	2	11	20
10/04/2025	10	2,1	21	32
10/04/2025	11	2,3	20	30
10/04/2025	12	2,2	27	27
10/04/2025	13	2,4	31	22
10/04/2025	14	2,7	33	22
10/04/2025	15	2,8	32	22
10/04/2025	16	2,5	28	26
10/04/2025	17	2,1	21	35
10/04/2025	18	1,8	26	30
10/04/2025	19	1,5	6	31
10/04/2025	20	1,2	8	24
10/04/2025	21	0,9	353	22
10/04/2025	22	0,4	342	27
10/04/2025	23	0,3	336	33
11/04/2025	00	0,2	286	33
11/04/2025	01	0,5	349	31
11/04/2025	02	0,4	349	29
11/04/2025	03	0,4	289	35
11/04/2025	04	0,4	345	30
11/04/2025	05	0,4	358	27
11/04/2025	06	0,4	356	28
11/04/2025	07	0,4	358	12
11/04/2025	08	0,9	4	26
11/04/2025	09	1,8	360	27
11/04/2025	10	2,3	18	28
11/04/2025	11	2,5	19	21
11/04/2025	12	3	21	33
11/04/2025	13	2,8	36	24
11/04/2025	14	2,5	32	23
11/04/2025	15	2,5	31	27
11/04/2025	16	2,5	27	28
11/04/2025	17	1,9	19	30
11/04/2025	18	1,3	10	28
11/04/2025	19	1,4	20	25
11/04/2025	20	1,9	22	32
11/04/2025	21	0,6	343	15
11/04/2025	22	0,4	323	19
11/04/2025	23	0,2	279	16
12/04/2025	00	0,4	285	21
12/04/2025	01	0,6	277	24
12/04/2025	02	0,5	265	29
12/04/2025	03	0,5	273	34
12/04/2025	04	0,3	276	28
12/04/2025	05	0,2	215	29
12/04/2025	06	0,3	274	26
12/04/2025	07	0,4	268	31
12/04/2025	08	0,4	273	30
12/04/2025	09	0,7	197	31
12/04/2025	10	0,7	171	29
12/04/2025	11	1	184	24
12/04/2025	12	0,9	161	22
12/04/2025	13	1	121	22
12/04/2025	14	1,5	124	38
12/04/2025	15	1,4	154	23
12/04/2025	16	0,9	152	18
12/04/2025	17	1,1	137	27
12/04/2025	18	1	142	34
12/04/2025	19	0,8	170	34
12/04/2025	20	0,3	204	30
12/04/2025	21	0,2	269	29
12/04/2025	22	0,3	345	28
12/04/2025	23	0,5	271	29
13/04/2025	00	0,4	275	33
13/04/2025	01	0,2	264	29
13/04/2025	02	0,2	282	30
13/04/2025	03	0,3	267	28
13/04/2025	04	0,2	277	31
13/04/2025	05	0,2	282	30
13/04/2025	06	0,5	266	33
13/04/2025	07	0,4	279	34
13/04/2025	08	0,9	13	21
13/04/2025	09	1,4	43	23
13/04/2025	10	1,4	47	37
13/04/2025	11	1,2	48	34
13/04/2025	12	1	50	33
13/04/2025	13	0,9	48	30
13/04/2025	14	0,9	63	22
13/04/2025	15	0,9	36	27
13/04/2025	16	0,8	29	24
13/04/2025	17	0,6	29	28
13/04/2025	18	0,8	12	28
13/04/2025	19	0,4	35	26
13/04/2025	20	0,4	32	23
13/04/2025	21	0,4	292	20
13/04/2025	22	0,3	212	25
13/04/2025	23	0,3	274	34
14/04/2025	00	0,4	19	32
14/04/2025	01	0,2	301	35
14/04/2025	02	0,2	286	30
14/04/2025	03	0,2	273	28
14/04/2025	04	0,4	286	24
14/04/2025	05	0,2	313	23
14/04/2025	06	0,3	272	28
14/04/2025	07	0,4	275	29
14/04/2025	08	0,4	244	24
14/04/2025	09	0,3	87	36
14/04/2025	10	0,7	105	22
14/04/2025	11	0,9	132	15
14/04/2025	12	1,4	124	29
14/04/2025	13	1,6	117	25
14/04/2025	14	1,6	114	21
14/04/2025	15	0,9	97	24
14/04/2025	16	0,8	90	25
14/04/2025	17	1	40	32
14/04/2025	18	0,8	20	30
14/04/2025	19	1	0	30
14/04/2025	20	0,6	342	31
14/04/2025	21	0,4	228	19
14/04/2025	22	1,4	189	27
14/04/2025	23	1,9	209	29
15/04/2025	00	1,5	215	30
15/04/2025	01	0,8	200	26
15/04/2025	02	0,2	193	33
15/04/2025	03	1,4	192	20
15/04/2025	04	1,5	200	18
15/04/2025	05	1,6	204	31
15/04/2025	06	1,4	206	11
15/04/2025	07	1,4	233	24
15/04/2025	08	2	204	31
15/04/2025	09	2,7	209	31
15/04/2025	10	2,9	214	29
15/04/2025	11	3,1	211	55
15/04/2025	12	3	215	52
15/04/2025	13	3,2	215	78
15/04/2025	14	3,4	212	33
15/04/2025	15	3,7	203	57
15/04/2025	16	4,1	205	149
15/04/2025	17	4	220	75
15/04/2025	18	3,1	231	51
15/04/2025	19	2,7	263	37
15/04/2025	20	1,6	266	36
15/04/2025	21	0,5	231	19
15/04/2025	22	0,6	226	22
15/04/2025	23	0,8	278	36
16/04/2025	00	0,8	287	28
16/04/2025	01	1	266	11
16/04/2025	02	1	260	20
16/04/2025	03	1,6	265	31
16/04/2025	04	2,1	265	34
16/04/2025	05	1,9	271	21
16/04/2025	06	2,4	274	12
16/04/2025	07	2,2	280	7
16/04/2025	08	2,7	272	5
16/04/2025	09	3,1	272	22
16/04/2025	10	3,1	269	29
16/04/2025	11	3,8	268	30
16/04/2025	12	3,8	265	25
16/04/2025	13	3,7	262	17
16/04/2025	14	3,8	274	25
16/04/2025	15	2,5	276	26
16/04/2025	16	1,5	263	21
16/04/2025	17	2,3	244	30
16/04/2025	18	3,8	243	28
16/04/2025	19	3,2	247	27
16/04/2025	20	2,5	244	37
16/04/2025	21	2,3	244	36
16/04/2025	22	2,2	242	35
16/04/2025	23	2,5	234	39
17/04/2025	00	2,9	240	37
17/04/2025	01	2,4	247	21
17/04/2025	02	2,4	258	12
17/04/2025	03	0,3	208	24
17/04/2025	04	0,6	238	23
17/04/2025	05	0,5	263	19
17/04/2025	06	0,6	270	35
17/04/2025	07	0,4	247	54
17/04/2025	08	0,8	244	33
17/04/2025	09	2,1	264	29
17/04/2025	10	2,1	251	31
17/04/2025	11	2,7	181	31
17/04/2025	12	2,4	161	26
17/04/2025	13	2	126	21
17/04/2025	14	2	113	23
17/04/2025	15	1,8	102	23
17/04/2025	16	1,2	43	21
17/04/2025	17	1,4	34	23
17/04/2025	18	1	357	25
17/04/2025	19	1,5	347	27
17/04/2025	20	2,2	5	32
17/04/2025	21	1,8	357	37
17/04/2025	22	0,9	359	32
17/04/2025	23	0,3	285	39
18/04/2025	00	0,2	254	30
18/04/2025	01	0,2	197	36
18/04/2025	02	0,3	233	33
18/04/2025	03	0,2	216	27
18/04/2025	04	0,3	255	24
18/04/2025	05	0,3	237	29
18/04/2025	06	0,2	284	28
18/04/2025	07	0,2	214	21
18/04/2025	08	0,2	101	16
18/04/2025	09	0,5	89	20
18/04/2025	10	1	81	25
18/04/2025	11	1,5	51	30
18/04/2025	12	2	45	25
18/04/2025	13	1,9	47	22
18/04/2025	14	1	109	25
18/04/2025	15	1,2	102	28
18/04/2025	16	1,2	56	17
18/04/2025	17	0,8	39	22
18/04/2025	18	0,9	13	27
18/04/2025	19	1,1	17	22
18/04/2025	20	1,1	1	14
18/04/2025	21	1,3	358	20
18/04/2025	22	0,9	360	24
18/04/2025	23	0,8	358	23
19/04/2025	00	0,3	302	26
19/04/2025	01	0,5	269	30
19/04/2025	02	0,5	253	27
19/04/2025	03	0,2	185	20
19/04/2025	04	0,3	287	34
19/04/2025	05	0,7	203	20
19/04/2025	06	0,6	222	19
19/04/2025	07	1,6	222	32
19/04/2025	08	3,4	208	35
19/04/2025	09	4,2	219	114
19/04/2025	10	4,9	223	84
19/04/2025	11	4,3	229	150
19/04/2025	12	4,5	218	62
19/04/2025	13	4,5	221	66
19/04/2025	14	4,6	229	91
19/04/2025	15	4,5	228	33
19/04/2025	16	3,8	238	47
19/04/2025	17	3,8	244	23
19/04/2025	18	3,5	234	34
19/04/2025	19	3,4	237	25
19/04/2025	20	3,1	221	25
19/04/2025	21	1,7	203	23
19/04/2025	22	1,8	197	34
19/04/2025	23	1,5	199	26
20/04/2025	00	1,5	205	14
20/04/2025	01	2,4	211	10
20/04/2025	02	2,1	215	5
20/04/2025	03	1,3	193	21
20/04/2025	04	1,2	194	32
20/04/2025	05	1,8	197	25
20/04/2025	06	2,4	200	18
20/04/2025	07	2,7	197	4
20/04/2025	08	2,8	220	1
20/04/2025	09	3,7	211	6
20/04/2025	10	3,8	211	23
20/04/2025	11	3,9	200	32
20/04/2025	12	3,4	192	27
20/04/2025	13	3,1	188	16
20/04/2025	14	2,5	177	15
20/04/2025	15	2,4	357	26
20/04/2025	16	1,8	312	19
20/04/2025	17	1,6	11	29
20/04/2025	18	1,3	46	21
20/04/2025	19	0,6	359	6
20/04/2025	20	0,3	311	20
20/04/2025	21	0,6	277	24
20/04/2025	22	0,7	274	26
20/04/2025	23	1	279	18
21/04/2025	00	1,2	276	22
21/04/2025	01	1	284	9
21/04/2025	02	1,2	282	8
21/04/2025	03	0,6	278	19
21/04/2025	04	1,3	278	30
21/04/2025	05	0,3	164	33
21/04/2025	06	0,7	288	19
21/04/2025	07	0,8	252	10
21/04/2025	08	0,7	171	14
21/04/2025	09	0,8	109	30
21/04/2025	10	0,9	104	20
21/04/2025	11	1,4	90	11
21/04/2025	12	1,7	66	14
21/04/2025	13	2,9	44	15
21/04/2025	14	2,6	30	24
21/04/2025	15	1,5	68	24
21/04/2025	16	1,4	80	30
21/04/2025	17	1,1	48	32
21/04/2025	18	1,5	7	11
21/04/2025	19	1,4	7	9
21/04/2025	20	1	360	23
21/04/2025	21	0,8	354	19
21/04/2025	22	0,8	6	24
21/04/2025	23	0,5	318	25
22/04/2025	00	0,3	274	27
22/04/2025	01	0,7	281	9
22/04/2025	02	0,3	277	9
22/04/2025	03	0,3	273	30
22/04/2025	04	0,3	277	38
22/04/2025	05	0,4	301	27
22/04/2025	06	0,7	307	28
22/04/2025	07	0,3	264	29
22/04/2025	08	0,9	183	22
22/04/2025	09	0,3	160	22
22/04/2025	10	0,4	126	32
22/04/2025	11	1,2	60	23
22/04/2025	12	2,1	39	22
22/04/2025	13	1,9	34	31
22/04/2025	14	0,9	13	29
22/04/2025	15	0,8	12	30
22/04/2025	16	0,4	3	31
22/04/2025	17	0,9	12	28
22/04/2025	18	0,9	3	16
22/04/2025	19	0,3	322	23
22/04/2025	20	0,6	205	17
22/04/2025	21	0,2	188	21
22/04/2025	22	0,2	180	24
22/04/2025	23	0,3	269	24
23/04/2025	00	0,4	265	19
23/04/2025	01	0,6	264	14
23/04/2025	02	0,5	224	4
23/04/2025	03	0,4	258	13
23/04/2025	04	0,4	289	26
23/04/2025	05	0,8	271	28
23/04/2025	06	0,8	276	20
23/04/2025	07	0,8	284	21
23/04/2025	08	0,9	278	9
23/04/2025	09	1,1	165	24
23/04/2025	10	1,4	148	32
23/04/2025	11	1,4	116	25
23/04/2025	12	1,8	114	28
23/04/2025	13	1,9	119	24
23/04/2025	14	1,8	113	9
23/04/2025	15	1,6	120	22
23/04/2025	16	2,1	154	28
23/04/2025	17	1,4	135	29
23/04/2025	18	0,8	111	25
23/04/2025	19	0,6	6	34
23/04/2025	20	0,6	349	18
23/04/2025	21	0,5	287	18
23/04/2025	22	0,9	283	22
23/04/2025	23	1,1	279	30
24/04/2025	00	1,3	284	26
24/04/2025	01	0,9	293	22
24/04/2025	02	1,3	286	22
24/04/2025	03	0,3	204	20
24/04/2025	04	0,3	181	25
24/04/2025	05	0,2	154	29
24/04/2025	06	0,2	186	37
24/04/2025	07	0,3	254	49
24/04/2025	08	0,4	115	102
24/04/2025	09	0,8	110	30
24/04/2025	10	1	84	34
24/04/2025	11	1,3	114	30
24/04/2025	12	1,4	115	46
24/04/2025	13	1,3	92	34
24/04/2025	14	1,5	104	30
24/04/2025	15	1,5	117	21
24/04/2025	16	1,5	133	31
24/04/2025	17	1,3	127	27
24/04/2025	18	0,7	116	24
24/04/2025	19	0,5	109	34
24/04/2025	20	0,2	171	24
24/04/2025	21	0,2	204	14
24/04/2025	22	0,5	258	27
24/04/2025	23	0,3	252	32
25/04/2025	00	0,2	131	26
25/04/2025	01	0,3	255	33
25/04/2025	02	0,3	206	32
25/04/2025	03	0,2	275	36
25/04/2025	04	0,3	348	33
25/04/2025	05	0,2	292	32
25/04/2025	06	0,3	271	29
25/04/2025	07	0,4	297	35
25/04/2025	08	0,5	338	24
25/04/2025	09	0,7	8	26
25/04/2025	10	1	55	38
25/04/2025	11	1,2	84	36
25/04/2025	12	1,5	59	28
25/04/2025	13	1,7	34	7
25/04/2025	14	2,1	33	26
25/04/2025	15	1,7	36	27
25/04/2025	16	1,7	31	33
25/04/2025	17	1,6	25	30
25/04/2025	18	1,6	26	18
25/04/2025	19	1,2	15	8
25/04/2025	20	0,8	3	21
25/04/2025	21	0,3	311	27
25/04/2025	22	0,3	333	21
25/04/2025	23	0,3	129	19
26/04/2025	00	0,4	203	29
26/04/2025	01	0,4	281	36
26/04/2025	02	0,2	268	16
26/04/2025	03	0,3	333	27
26/04/2025	04	0,3	335	23
26/04/2025	05	0,4	269	24
26/04/2025	06	0,3	275	28
26/04/2025	07	0,2	282	47
26/04/2025	08	0,3	61	42
26/04/2025	09	0,6	37	11
26/04/2025	10	1	71	17
26/04/2025	11	1,1	95	24
26/04/2025	12	1,3	110	27
26/04/2025	13	1,3	89	29
26/04/2025	14	1,6	97	15
26/04/2025	15	1,6	81	32
26/04/2025	16	1,5	39	30
26/04/2025	17	1,3	38	29
26/04/2025	18	0,9	32	36
26/04/2025	19	0,8	17	32
26/04/2025	20	0,6	19	6
26/04/2025	21	0,5	8	9
26/04/2025	22	0,4	8	30
26/04/2025	23	0,2	333	21
27/04/2025	00	0,3	222	8
27/04/2025	01	1	277	10
27/04/2025	02	1,3	272	2
27/04/2025	03	0,6	318	17
27/04/2025	04	2	275	21
27/04/2025	05	1,3	267	15
27/04/2025	06	1	269	5
27/04/2025	07	1,7	273	3
27/04/2025	08	1,6	274	3
27/04/2025	09	1,4	335	17
27/04/2025	10	1,5	91	20
27/04/2025	11	1,4	102	33
27/04/2025	12	1,5	89	18
27/04/2025	13	2	120	7
27/04/2025	14	1,9	118	6
27/04/2025	15	1,6	94	28
27/04/2025	16	1,6	75	32
27/04/2025	17	1,2	110	31
27/04/2025	18	0,9	73	20
27/04/2025	19	0,5	55	4
27/04/2025	20	0,2	173	1
27/04/2025	21	0,3	2	13
27/04/2025	22	0,4	331	23
27/04/2025	23	0,3	280	24
28/04/2025	00	0,5	267	27
28/04/2025	01	0,7	273	7
28/04/2025	02	0,6	271	7
28/04/2025	03	0,6	269	21
28/04/2025	04	0,7	265	34
28/04/2025	05	0,7	263	27
28/04/2025	06	0,4	261	6
28/04/2025	07	1,1	267	7
28/04/2025	08	1,1	230	13
28/04/2025	09	1	163	16
28/04/2025	10	1,4	163	29
28/04/2025	11	1,3	117	37
28/04/2025	16	1,6	97	
28/04/2025	17	1,2	93	
28/04/2025	18	0,8	100	
28/04/2025	19	0,5	135	
28/04/2025	20	0,2	109	
28/04/2025	21	0,4	208	
28/04/2025	22	0,6	273	
28/04/2025	23	0,6	269	
29/04/2025	00	1,1	282	
29/04/2025	01	1,1	279	25
29/04/2025	02	1	279	34
29/04/2025	03	1,4	277	32
29/04/2025	04	0,7	274	28
29/04/2025	05	0,6	272	27
29/04/2025	06	0,3	325	21
29/04/2025	07	1,1	356	24
29/04/2025	08	2	6	26
29/04/2025	09	2,2	20	30
29/04/2025	10	2,3	25	34
29/04/2025	11	2,2	35	30
29/04/2025	12	2,6	40	24
29/04/2025	13	2,6	33	20
29/04/2025	14	3	44	30
29/04/2025	15	2,8	36	25
29/04/2025	16	2,5	30	26
29/04/2025	17	2,3	26	22
29/04/2025	18	2,1	20	34
29/04/2025	19	2	16	31
29/04/2025	20	1,9	13	28
29/04/2025	21	1,9	11	29
29/04/2025	22	1,4	2	20
29/04/2025	23	1,3	3	21
30/04/2025	00	1,2	360	30
30/04/2025	01	1	359	25
30/04/2025	02	0,9	2	24
30/04/2025	03	0,7	351	35
30/04/2025	04	0,9	359	29
30/04/2025	05	1,3	357	18
30/04/2025	06	1,4	356	30
30/04/2025	07	1,7	3	23
30/04/2025	08	2,2	10	22
30/04/2025	09	2,8	16	28
30/04/2025	10	3,3	18	22
30/04/2025	11	3,6	25	28
30/04/2025	12	3,3	23	20
30/04/2025	13	3,2	25	22
30/04/2025	14	3,7	18	31
30/04/2025	15	3,9	20	35
30/04/2025	16	3,5	20	35
30/04/2025	17	3	20	31
30/04/2025	18	2,6	15	26
30/04/2025	19	2,8	9	28
30/04/2025	20	2,2	8	41
30/04/2025	21	1,9	360	36
30/04/2025	22	2	360	15
30/04/2025	23	1,8	356	3
