Red: Red de Vigilancia y Control de la Contaminación Atmosférica
Estación: 46263999-Zarra - EMEP
	
FECHA	HORA	SO2	NO	NO2	O3	Veloc.	Direc.	Temp.	H.Rel.	Pres.	R.Sol.	Precip.
		µg/m³	µg/m³	µg/m³	µg/m³	m/s	grados	°C	% H.R.	mb	W/m²	l/m²
12/01/2016	01	3	2	4	79	12.2	258	6.2	78	912	5	0
12/01/2016	02	3	2	4	77	10.7	260	5.7	82	912	5	0
12/01/2016	03	3	2	4	75	10.6	259	5.3	84	913	5	0
12/01/2016	04	3	2	4	76	10.3	259	5.1	82	913	5	0
12/01/2016	05	3	2	4	76	9.1	261	4.9	82	913	5	0
12/01/2016	06	3	2	4	77	8.9	266	4.7	82	914	5	0
12/01/2016	07	3	2	4	77	8.6	271	4.4	83	914	5	0
12/01/2016	08	3	2	4	74	8.3	275	3.9	85	915	26	0
12/01/2016	09	3	2	4	71	9.3	271	3.7	85	915	171	0
12/01/2016	10	3	2	4	73	9.5	266	4.1	78	916	330	0
12/01/2016	11	3	2	4	75	9.5	263	4.6	73	916	428	0
12/01/2016	12	3	2	4	75	10	267	5.2	67	916	493	0
12/01/2016	13	3	2	4	75	9.1	267	5.8	63	915	512	0
12/01/2016	14	3	2	4	78	9.5	274	6.4	60	914	401	0
12/01/2016	15	3	2	4	83	9.8	270	7	58	915	302	0
12/01/2016	16	3	2	4	83	9.6	268	7.6	55	915	238	0
12/01/2016	17	3	2	4	83	10.1	273	7.2	59	916	64	0
12/01/2016	18	3	2	4	78	8.4	277	6.4	67	916	6	0
12/01/2016	19	3	2	4	80	8.6	275	6.1	69	916	5	0
12/01/2016	20	3	2	4	80	9.1	277	6.1	72	917	5	0
12/01/2016	21	3	2	4	77	7.9	276	5.8	74	917	5	0
12/01/2016	22	3	2	4	76	6.8	281	5.5	77	918	5	0
12/01/2016	23	3	2	4	74	5.8	279	5	79	918	5	0
13/01/2016	00											0
13/01/2016	01	3	2	4	67	3.7	276	4.2	86	918	5	0
13/01/2016	02	3	2	4	61	3.5	275	3.9	91	918	5	0
13/01/2016	03	3	2	4	59	4.2	252	3.6	95	918	5	0
13/01/2016	04	3	2	4	62	2	248	4.2	90	918	5	0
13/01/2016	05	3	2	4	60	2.8	263	4.1	91	918	5	0
13/01/2016	06	3	2	4	55	2.9	240	3.4	93	918	5	0
13/01/2016	07	3	2	4	56	0.1	211	3.4	93	919	5	0
13/01/2016	08	3	2	4	47	1.7	232	3.4	96	919	33	0
13/01/2016	09	3	2	4	49	5	243	2.4	91	919	138	0
13/01/2016	10	3	2	4	61	2.7	240	4.8	70	920	257	0
13/01/2016	11	3	2	4	63	0.7	235	6.8	59	920	373	0
13/01/2016	12	3	2	4	75	0.4	238	9.1	47	919	390	0
13/01/2016	13	3	2	5	65	0.4	49	8.9	52	918	419	0
13/01/2016	14	3	2	4	73	0.5	64	9.9	45	918	434	0
13/01/2016	15	3	2	4	83	3.1	203	11.5	37	917	314	0
13/01/2016	16	3	2	4	86	3.8	221	11.5	37	917	194	0
13/01/2016	17	3	2	4	84	4.2	210	10.3	43	917	52	0
13/01/2016	18	3	2	4	78	4.1	225	9.2	49	917	6	0
13/01/2016	19	3	2	4	74	6	224	8.4	54	917	5	0
13/01/2016	20	3	2	5	68	6.9	229	7.5	58	917	5	0
13/01/2016	21	3	2	4	74	6.9	234	7.3	58	917	5	0
13/01/2016	22	3	2	4	74	7.7	233	7.1	60	916	5	0
13/01/2016	23	3	2	4	73	7.4	229	6.9	64	916	5	0
14/01/2016	00	3	2	6	72	8.2	230	6.6	68	916	5	0
14/01/2016	01	3	2	6	70	7.2	224	6.4	71	915	5	0
14/01/2016	02	3	2	5	72	8	231	6.4	72	914	5	0
14/01/2016	03											0
14/01/2016	04											0
14/01/2016	05	3	2	4	67	6.2	236	6.7	68	913	5	0
14/01/2016	06	3	2	4	71	6.3	250	8.1	61	913	5	0
14/01/2016	07	3	2	4	73	6.1	257	8.5	58	913	5	0
14/01/2016	08											0
14/01/2016	09	3	2	4	76	6.5	251	8.9	56	913	103	0
14/01/2016	10	3	2	4	79	6.9	239	10.2	50	913	298	0
14/01/2016	11	3	2	4	83	7.2	249	10.8	45	913	414	0
14/01/2016	12	3	2	4	88	7.5	262	11	47	913	218	0
14/01/2016	13	3	2	4	90	7	263	10.7	50	912	145	0
14/01/2016	14	3	2	4	86	8.7	267	10.9	52	911	159	0
14/01/2016	15	3	2	4	85	11.3	273	10.6	53	911	177	0
14/01/2016	16	3	2	4	85	11.4	272	10.5	53	911	186	0
14/01/2016	17	3	2	4	81	9.8	267	9.6	60	911	41	0
14/01/2016	18	3	2	4	78	10	269	9.1	67	912	6	0
14/01/2016	19	3	2	6	71	10.8	275	8.3	76	912	5	0
14/01/2016	20	3	2	8	63	9.7	270	7.3	88	912	5	0
14/01/2016	21	3	2	5	63	9.4	267	7.1	98	912	5	0
14/01/2016	22	3	2	4	62	7.5	278	7.1	100	912	5	0
14/01/2016	23	3	2	4	61	4.7	276	7.2	100	912	5	0
15/01/2016	00	3	2	4	58	3.1	270	7.3	100	912	5	0
15/01/2016	01	3	2	4	63	4.1	272	7.7	100	912	5	0
15/01/2016	02	3	2	4	59	5.3	272	7.5	100	912	5	0
15/01/2016	03	3	2	4	57	6.3	275	7.4	100	911	5	0
15/01/2016	04	3	2	4	52	5.2	273	7.2	100	911	5	0
15/01/2016	05	3	2	4	48	2.2	302	7.2	100	911	5	0
15/01/2016	06	3	2	4	48	1	301	7	100	911	5	0
15/01/2016	07	3	2	4	48	0.7	303	6.8	100	911	5	0
15/01/2016	08	3	2	4	41	0.9	351	6.8	100	912	7	0
15/01/2016	09	3	2	4	42	1.3	336	6.4	100	912	27	0
15/01/2016	10	3	2	4	53	0.7	302	5.2	99	913	67	0
15/01/2016	11	3	2	4	58	1.6	304	5.5	88	913	105	0
15/01/2016	12	3	2	4	69	2.2	318	6.8	69	913	321	0
15/01/2016	13	3	2	4	78	4	321	8.1	52	913	515	0
15/01/2016	14	3	2	4	84	8.3	351	7.6	43	912	501	0
15/01/2016	15	3	2	4	85	8.1	348	7.7	42	913	364	0
15/01/2016	16	3	2	4	84	10.2	349	7.4	42	913	226	0
15/01/2016	17	3	2	4	84	9.8	346	6.4	45	915	64	0
15/01/2016	18	3	2	4	84	8.6	349	5.5	49	915	6	0
15/01/2016	19	3	2	4	82	9.1	354	5	52	916	5	0
15/01/2016	20	3	2	4	81	7.8	349	4.6	53	917	5	0
15/01/2016	21	3	2	4	80	5.3	323	4	55	917	5	0
15/01/2016	22	3	2	4	80	6.2	308	3.6	55	918	5	0
15/01/2016	23	3	2	4	81	6.3	304	3	55	918	5	0
16/01/2016	00	3	2	4	81	4.8	340	2.7	54	918	5	0
16/01/2016	01	3	2	4	79	5.4	301	2.1	57	919	5	0
16/01/2016	02	3	2	4	70	6.5	279	1	65	919	5	0
16/01/2016	03	3	2	4	69	5.9	279	0.5	66	919	5	0
16/01/2016	04	3	2	4	69	4.6	291	0	68	918	5	0
16/01/2016	05	3	2	4	71	3.5	291	0.3	67	918	5	0
16/01/2016	06	3	2	4	68	4.1	283	-.4	71	918	5	0
16/01/2016	07	3	2	4	67	4.8	299	-.2	72	919	5	0
16/01/2016	08	3	2	4	69	4.6	285	0.1	67	920	37	0
16/01/2016	09	3	2	4	69	4.6	278	0.9	65	920	173	0
16/01/2016	10	3	2	4	72	5.2	301	2.6	56	921	335	0
16/01/2016	11	3	2	4	80	7.1	335	3.8	46	921	463	0
16/01/2016	12											0
18/01/2016	01	3	2	4	78	4.7	278	5.5	34	913	5	0
18/01/2016	02	3	2	4	78	8.6	269	5.1	39	912	5	0
18/01/2016	03	3	2	5	73	9.1	264	4.9	40	912	5	0
18/01/2016	04	3	2	4	73	10.9	275	4.3	44	912	5	0
18/01/2016	05	3	2	4	65	9.5	269	3.5	57	912	5	0
18/01/2016	06	3	2	4	62	7.2	272	3.4	62	912	5	0
18/01/2016	07	3	2	4	71	5.6	266	4.5	53	912	5	0
18/01/2016	08	3	2	4	71	9.8	272	4.4	50	911	33	0
18/01/2016	09	3	2	4	77	8.7	271	5.3	42	912	147	0
18/01/2016	10	3	2	4	81	9.2	268	5.4	46	912	305	0
18/01/2016	11	3	2	4	78	9.5	257	6.8	44	912	266	0
18/01/2016	12	3	2	4	81	10.4	260	8.7	48	910	482	0
18/01/2016	13	3	2	4	80	12.7	266	9.1	51	910	536	0
18/01/2016	14	3	2	4	81	11.6	270	9.3	57	909	319	0
18/01/2016	15	3	2	4	78	13.2	274	8.1	68	909	120	0
18/01/2016	16	3	2	4	77	10.6	271	7.9	72	909	105	0
18/01/2016	17	3	2	4	81	10.7	262	8.4	68	909	72	0
18/01/2016	18	3	2	4	85	11.2	265	7.7	66	909	7	0
18/01/2016	19	3	2	4	82	10.1	266	7	71	910	5	0
18/01/2016	20	3	2	4	77	9.3	265	6.4	78	910	5	0
18/01/2016	21	3	2	4	75	9	271	6.2	80	910	5	0
18/01/2016	22	3	2	4	73	9.9	270	6.1	80	911	5	0
18/01/2016	23	3	2	4	69	9.1	276	5.7	84	911	5	0
19/01/2016	00	3	2	4	68	10.1	278	5.6	85	911	5	0
19/01/2016	01	3	2	4	65	8.9	281	5	91	911	5	0
19/01/2016	02	3	2	4	62	11.5	278	4.6	95	910	5	0
19/01/2016	03	3	2	5	60	12.7	275	4.5	96	910	5	0
19/01/2016	04	3	2	5	61	8	275	4.2	95	910	5	0
19/01/2016	05	3	2	4	62	10.1	270	4	94	909	5	0
19/01/2016	06	3	2	4	65	6.1	276	3.8	87	909	5	0
19/01/2016	07	3	2	4	58	4.4	272	3.1	95	910	5	0
19/01/2016	08	3	2	5	55	4.1	266	2.6		911	29	0
19/01/2016	09	3	2	4	55	4.3	273	2.6		911	140	0
19/01/2016	10	3	2	4	64	5.7	278	4.3	79	912	305	0
19/01/2016	11	3	2	4	72	5	276	6.1	63	912	452	0
19/01/2016	12	3	2	4	79	4.1	275	7.4	56	912	450	0
19/01/2016	13	3	2	4	87	6.3	276	7.5	50	912	539	0
19/01/2016	14	3	2	4	89	7.3	275	7.6	48	911	405	0
19/01/2016	15	3	2	4	91	6.3	271	8.2	47	911	374	0
19/01/2016	16	3	2	4	89	6	275	7.6	54	911	157	0
19/01/2016	17	3	2	4	86	4.7	273	7.2	61	911	62	0
19/01/2016	18	3	2	4	83	4.6	261	6.4	67	911	6	0
19/01/2016	19	3	2	4	80	4.6	244	6	69	911	5	0
19/01/2016	20	3	2	4	76	4.2	246	5.6	71	911	5	0
19/01/2016	21	3	2	4	71	3.7	238	5.2	74	911	5	0
19/01/2016	22	3	2	4	66	3.3	238	5.1	77	911	5	0
19/01/2016	23											0
20/01/2016	01	3	2	4	63	3.9	245	4	85	910	5	0
20/01/2016	02	3	2	4	66	4.3	244	4	91	910	5	0
20/01/2016	03	3	2	4	74	6.8	270	4.8	91	910	5	0
20/01/2016	04	3	2	4	73	5.1	261	4.3	93	910	5	0
20/01/2016	05	3	2	4	67	4.2	246	3.7	97	909	5	0
20/01/2016	06	3	2	4	61	4.9	236	3		909	5	0
20/01/2016	07	3	2	4	62	4.9	253	3		910	5	0
20/01/2016	08	3	2	4		2.1	246	2.9		910	35	0
20/01/2016	09		2	4	67	2.4	249	3.2	92	910	180	0
20/01/2016	10	3				3	250	4.6	81	911	343	0
20/01/2016	11	3	2	4	86	4.7	273	6.6	68	911	472	0
24/01/2016	01					3.8	243					
25/01/2016	01	3	2	6	77	5	229	10	92	924	5	0
25/01/2016	02	3	2	5	81	4.8	221	10.2	89	924	5	0
25/01/2016	03	3	2	5	79	5.5	225	9.5	93	924	5	0
25/01/2016	04	3	2	4	82	4	235	9.5	92	923	5	0
25/01/2016	05	3	2	4	79	3.8	226	9.4	94	923	5	0
25/01/2016	06	3	2	4	78	0.3	145	9.5	95	923	5	0
25/01/2016	07	3	2	4	83	3.4	224	9.7	89	924	5	0
25/01/2016	08											0
25/01/2016	09	3	2	4	87	0	360				77	0
25/01/2016	10	3	2	4	77	0	118	14	62	924	348	0
25/01/2016	11	3	2	5	75	1.4	141	14.1	57	924	448	0
25/01/2016	12	3	2	4	91	3.9	167	14.9	42	924	501	0
25/01/2016	13	3	2	4	94	3.9	164	15.6	39	923	494	0
25/01/2016	14	3	2	4	95	4.1	163	16.4	37	923	350	0
25/01/2016	15	3	2	4	95	4	160	16.1	37	922	304	0
25/01/2016	16	3	2	4	95	3.4	191	17.1	32	922	263	0
25/01/2016	17	3	2	4	94	4.3	176	15.5	41	922	43	0
25/01/2016	18	3	2	6	89	2.9	177	14	51	923	7	0
25/01/2016	19	3	2	10	83	2.5	182	13.1	60	923	5	0
25/01/2016	20											0
26/01/2016	01	3	2	6	79	0	307	11.2	69	923	5	0
26/01/2016	02	3	2	6	74	0	315	10.2	73	923	5	0
26/01/2016	03	3	2	6	73	0	40	10.2	79	923	5	0
26/01/2016	04	3	2	6	75	1	141	10	79	923	5	0
26/01/2016	05	3	2	6	75	0.1	146	9.4	80	923	5	0
26/01/2016	06	3	2	6	71	1.4	101	9.2	82	922	5	0
26/01/2016	07	3	2	7	64	2.6	78	6.7	93	923	5	0
26/01/2016	08	3	2	5	67	3.3	77	5.7	100	923	18	0
26/01/2016	09	3	2	4	73	2.4	121	6.1	100	923	72	0
26/01/2016	10	3	2	4	70	1.5	120	6.8	100	924	191	0
26/01/2016	11	3	2	4	70	0.8	169	8.3	88	924	391	0
26/01/2016	12	3	2	4	78	3.9	173	10	75	924	526	0
26/01/2016	13	3	2	5	77	5.6	228	9.7	74	924	360	0
26/01/2016	14	3	2	4	89	5.2	223	9.9	71	923	315	0
26/01/2016	15	3	2	4	95	3.7	221	11.9	59	922	435	0
26/01/2016	16	3	2	4	96	2.9	237	12.7	58	922	211	0
26/01/2016	17	3	2	4	94	3.3	163	11.7	66	922	89	0
26/01/2016	18	3	2	4	91	3.2	205	10.4	79	922	8	0
26/01/2016	19	3	2	5	90	1.4	222	9.8	84	922	5	0
26/01/2016	20	3	2	6	87	0.4	220	9.4	87	923	5	0
26/01/2016	21	3	2	6	82	2.7	223	8.9	92	923	5	0
26/01/2016	22	3	2	6	77	2.4	242	8.3	90	923	5	0
26/01/2016	23	3	2	5	78	0.4	235	8.7	87	923	5	0
27/01/2016	00	3	2	5	76	0	252	8.9	87	923	5	0
27/01/2016	01	3	2	5	77	0	92	8.2	92	923	5	0
27/01/2016	02	3	2	5	67	0	40	7.5	98	922	5	0
27/01/2016	03	3	2	6	65	0	120	7.3	100	922	5	0
27/01/2016	04	3	2	6	62	0.5	168	7.2	100	922	5	0
27/01/2016	05	3	2	7	56	0.1	234	7.3	100	922	5	0
27/01/2016	06	3	2	7	52	1.2	235	6.8	100	922	5	0
27/01/2016	07	3	2	8	52	0.7	241	6.5	100	922	5	0
27/01/2016	08	3	2	8	59	0.5	252	6.4	100	922	14	0
27/01/2016	09	3	2	7	61	0	10	6.9	98	923	59	0
27/01/2016	10	3	2	7	59	0.4	142	7.8	90	923	184	0
27/01/2016	11	3	2	6	81	1.9	192	9.9	71	923	385	0
27/01/2016	12	3	2	5	88	1.4	133	11.5	61	922	379	0
27/01/2016	13	3	2	5	91	3.3	213	12.1	57	922	456	0
27/01/2016	14	3	2	4	98	3.8	229	12.8	51	921	427	0
27/01/2016	15	3	2	4	103	4.6	212	12.6	50	920	178	0
27/01/2016	16	3	2	4	101	5.5	215	12.7	52	920	186	0
27/01/2016	17	3	2	4	101	5.5	215	12.6	51	920	95	0
27/01/2016	18	3	2	5	95	5.9	223	10.8	65	920	10	0
27/01/2016	19	3	2	5	87	5	235	9.7	73	921	5	0
27/01/2016	20	3	2	6	79	4.7	224	8.9	81	921	6	0
27/01/2016	21	3	2	8	74	5.3	229	8.6	86	921	5	0
27/01/2016	22	3	2	9	60	6	238	7.4	94	921	5	0
27/01/2016	23	3	2	8	55	6	242	6.8	99	921	5	0
28/01/2016	00	3	2	7	50	6.1	245	5.7	100	921	5	0
28/01/2016	01	3	2	7	54	5.7	244	5.5	100	921	5	0
28/01/2016	02	3	2	6	64	3.9	229	6.3	100	921	5	0
28/01/2016	03	3	2	6	65	4.1	235	6.6	99	921	5	0
28/01/2016	04	3	2	5	65	4.8	236	6.9	99	920	5	0
28/01/2016	05	3	2	5	64	4.9	238	6.1	100	920	5	0
28/01/2016	06	3	2	5	74	3.4	243	6.9	98	920	5	0
28/01/2016	07	3	2	4	71	1.8	243	6.2	99	921	5	0
28/01/2016	08	3	2	4	70	1.3	263	6.1	98	921	48	0
28/01/2016	09	3	2	4	66	1.1	271	6	94	922	142	0
28/01/2016	10	3	2	4	72	1.5	273	7.9	80	922	321	0
28/01/2016	11	3	2	4	78	1	261	10	68	922	437	0
28/01/2016	12	3	2	4	90	4	281	10.8	60	922	533	0
28/01/2016	13	3	2	4	95	4.5	276	11.5	54	922	549	0
28/01/2016	14	3	2	4	99	4.6	273	12.2	47	921	495	0
28/01/2016	15	3	2	4	101	3.2	249	13.1	45	920	344	0
28/01/2016	16	3	2	4	100	5	268	12.3	47	920	207	0
28/01/2016	17	3	2	4	96	5.5	272	11	56	920	80	0
28/01/2016	18	3	2	4	94	3.4	260	10.2	61	921	10	0
28/01/2016	19	3	2	5	92	3.2	260	9.5	64	921	5	0
28/01/2016	20	3	2	5	89	4.6	272	8.8	66	922	5	0
28/01/2016	21	3	2	5	88	4.8	271	8.6	70	922	5	0
28/01/2016	22	3	2	5	85	4.1	263	8.6	72	923	5	0
28/01/2016	23	3	2	5	82	2.3	252	8.2	75	922	5	0
29/01/2016	00	3	2	5	82	0.8	302	8.8	74	923	5	0
29/01/2016	01	3	2	5	84	0.8	337	9	73	922	5	0
29/01/2016	02	3	2	5	83	1.8	336	9	73	922	5	0
29/01/2016	03	3	2	4	85	2.6	357	8.6	71	922	5	0
29/01/2016	04	3	2	5	77	2.5	16	7.7	76	922	5	0
29/01/2016	05	3	2	5	72	3.3	22	7.3	79	923	5	0
29/01/2016	06	3	2	6	71	3.8	27	7.3	79	923	5	0
29/01/2016	07	3	2	7	70	2.3	40	7.3	86	923	5	0
29/01/2016	08	3	2	7	73	2.3	98	7.2	94	923	8	0
29/01/2016	09											0
29/01/2016	10	3	2	7	65	5	66	7.2	100	924	44	0.2
29/01/2016	11	3	2	7	65	5.6	55	7.3	100	924	72	0.2
29/01/2016	12	3	2	7	63	5.5	43	7.2	100	924	75	0.6
29/01/2016	13	3	2	6	62	4.8	31	7.1	100	924	118	0
29/01/2016	14	3	2	7	60	4.6	26	6.8	100	923	32	0
29/01/2016	15	3	2	8	62	4.3	32	6.6	100	923	42	0
29/01/2016	16	3	2	9	63	4.1	31	6.8	100	923	54	0
29/01/2016	17	3	2	12	59	4.2	30	6.7	100	923	19	0
29/01/2016	18	3	2	16	58	5	26	6.5	100	924	8	0
29/01/2016	19	3	2	15	56	3.4	32	6.5	100	924	5	0
29/01/2016	20	3	2	12	63	3.9	31	6.5	100	924	5	0
29/01/2016	21	3	2	11	67	2.2	39	6.6	96	925	5	0
29/01/2016	22	3	2	10	66	2	37	6.6	95	925	5	0
29/01/2016	23	3	2	11	62	2.1	39	6.5	99	925	5	0
30/01/2016	00	3	2	12	57	2.4	20	6.6	100	925	5	0
30/01/2016	01	3	2	12	62	0.5	43	6.7	100	924	5	0
30/01/2016	02	3	2	11	62	1.7	30	6.6	100	924	5	0
30/01/2016	03	3	2	10	61	1.1	12	6.5	100	924	5	0
30/01/2016	04	3	2	10	65	0	15	6.4	100	924	5	0
30/01/2016	05	3	2	11	60	0.3	16	6.2	100	923	5	0
30/01/2016	06	3	2	10	54	0.8	348	6.4	100	924	5	0
30/01/2016	07	3	2	10	63	0	357	6.3	100	924	5	0
30/01/2016	08	3	2	10	59	1	287	6	100	925	17	0
30/01/2016	09	3	2	9	55	0.1	270	5.7	100	925	104	0
30/01/2016	10	3	2	8	54	0.6	280	6.8	100	926	202	0
30/01/2016	11	3	2	8	69	0.6	292	7.8	95	926	392	0
30/01/2016	12	3	2	7	77	1.4	313	9.5	76	926	539	0
30/01/2016	13	3	2	6	91	2.6	271	11.3	61	925	582	0
30/01/2016	14	3	2	6	88	5.1	272	11.1	61	925	520	0
30/01/2016	15	3	2	7	88	4.3	267	11.2	61	924	413	0
30/01/2016	16	3	2	7	91	7.4	269	11	62	924	255	0
30/01/2016	17	3	2	7	89	7.9	257	11	65	924	102	0
30/01/2016	18	3	2	8	82	7.3	255	9.8	75	924	10	0
30/01/2016	19	3	2	8	83	7.4	264	9.6	76	924	5	0
30/01/2016	20	3	2	8	82	7.4	262	9	80	925	5	0
30/01/2016	21	3	2	10	76	8.9	267	8.3	85	925	5	0
30/01/2016	22	3	2	10	73	9.4	269	7.8	89	925	5	0
30/01/2016	23	3	2	9	72	8	264	7.1	94	925	5	0
31/01/2016	00	3	2	9	71	7.4	272	6.4	97	925	5	0
31/01/2016	01	3	2	8	68	10.7	278	6.4	100	924	5	0
31/01/2016	02	3	2	8	66	8.2	282	6.3	100	924	5	0
31/01/2016	03	3	2	8	66	10.1	280	6.2	100	924	5	0
31/01/2016	04	3	2	7	68	9.7	275	6.2	100	923	5	0
31/01/2016	05	3	2	7	69	12.1	275	5.6	100	923	5	0
31/01/2016	06	3	2	6	72	12.7	277	6	100	923	5	0
31/01/2016	07	3	2	6	67	10	274	5.4	100	923	5	0
31/01/2016	08	3	2	6	64	9.5	273	5.1	100	924	22	0
31/01/2016	09	3	2	6	65	11.8	269	5.2	99	924	157	0
31/01/2016	10	3	2	6	68	9.1	255	6	93	925	262	0
31/01/2016	11	3	2	5	71	4.8	275	7.9	75	925	414	0
31/01/2016	12	3	2	6	72	7	280	8.4	70	925	560	0
31/01/2016	13	3	2	5	74	5.1	258	10.4	65	924	548	0
31/01/2016	14	3	2	5	79	5	277	12	60	923	417	0
31/01/2016	15	3	2	5	83	4.6	280	13.2	57	923	392	0
31/01/2016	16	3	2	5	82	7.2	274	12	61	923	175	0
31/01/2016	17	3	2	5	77	7.3	275	11.9	65	923	64	0
31/01/2016	18	3	2	6	76	7.3	271	11.2	70	924	11	0
31/01/2016	19	3	2	7	72	7.6	265	10.4	76	924	5	0
31/01/2016	20	3	2	7	72	7.7	254	10.4	77	925	5	0
31/01/2016	21	3	2	6	71	9.5	282	10.4	79	925	5	0
31/01/2016	22	3	2	6	69	8.4	275	10.2	81	925	5	0
31/01/2016	23	3	2	6	64	6.4	267	9.4	86	925	5	0
01/02/2016	00	3	2	6	61	8.1	269	9	90	925	5	0
01/02/2016	01	3	2	6	60	7.5	283	8.4	92	925	5	0
01/02/2016	02	3	2	5	57	7.3	281	8	95	924	5	0
01/02/2016	03	3	2	5	60	4.7	282	8.2	91	924	5	0
01/02/2016	04	3	2	4	61	5	294	7.9	90	924	5	0
01/02/2016	05	3	2	4	59	2.5	274	7.5	94	924	5	0
01/02/2016	06											0
01/02/2016	07	3	2	4	58	3	283	7.6	95	924	5	0
01/02/2016	08	3	2	4	63	2.1	277	8.2	92	924	55	0
01/02/2016	09	3	2	4	59	0	291	10.1	81	924	205	0
01/02/2016	10	3	2	4	56	0	311	11.6	69	925	382	0
01/02/2016	11	3	2	4	50	0	166	12.7	61	925	492	0
01/02/2016	12	3	2	4	64	0.4	67	13.1	55	925	590	0
01/02/2016	13	3	2	4	73	1.4	154	15.6	49	924	599	0
01/02/2016	14	3	2	4	80	1.8	181	17.3	43	923	546	0
01/02/2016	15	3	2	4	84	3.5	231	17.3	39	923	435	0
01/02/2016	16	3	2	4	82	1.9	302	17	42	922	278	0
01/02/2016	17	3	2	4	77	0.9	36	15.6	49	922	113	0
01/02/2016	18	3	2	4	79	0	26	14.8	54	922	15	0
01/02/2016	19	3	2	4	76	0	212	13.9	60	923	5	0
01/02/2016	20	3	2	5	77	0	169	13.3	65	923	6	0
01/02/2016	21	3	2	7	68	2.4	240	11.7	73	923	5	0
01/02/2016	22	3	2	8	68	5.6	231	11.1	75	923	5	0
01/02/2016	23	3	2	7	67	5.7	219	11.3	77	923	5	0
02/02/2016	00	3	2	7	66	6.5	227	10.8	79	923	5	0
02/02/2016	01	3	2	7	60	5.6	240	10.2	86	923	5	0
02/02/2016	02	3	2	6	68	0.3	251	10.2	84	922	5	0
02/02/2016	03	3	2	6	69	0	308	10.1	84	922	5	0
02/02/2016	04	3	2	6	70	0	231	10	89	921	5	0
02/02/2016	05	3	2	6	68	0	236	9.5	94	921	5	0
02/02/2016	06	3	2	5	69	2	244	8.9	94	921	5	0
02/02/2016	07	3	2	5	75	2.2	229	9	96	921	5	0
02/02/2016	08	3	2	5	76	1.3	222	10	90	921	55	0
02/02/2016	09	3	2	4	76	0.8	246	11.2	73	921	216	0
02/02/2016	10	3	2	4	64	0.9	287	11.1	69	921	375	0
02/02/2016	11	3	2	4	61	0.4	301	12.5	63	921	499	0
02/02/2016	12	3	2	5	71	0.6	67	14.4	56	921	580	0
02/02/2016	13	3	2	5	78	1.4	96	15.8	51	920	626	0
02/02/2016	14	3	2	4	87	2.9	356	15.8	46	919	486	0
02/02/2016	15	3	2	4	91	4.9	267	16.1	46	918	385	0
02/02/2016	16	3	2	4	91	4.5	269	15.8	45	918	252	0
02/02/2016	17	3	2	5	90	4.8	273	15.1	50	918	111	0
02/02/2016	18	3	2	5	90	4.1	259	13.9	54	918	14	0
02/02/2016	19	3	2	5	85	4.1	257	12.7	60	919	5	0
02/02/2016	20	3	2	6	78	4.4	256	12	66	919	5	0
02/02/2016	21	3	2	7	74	5.6	259	11.1	70	919	5	0
02/02/2016	22	3	2	6	76	6.3	270	11	73	919	5	0
02/02/2016	23	3	2	8	75	5.9	279	11	78	919	5	0
03/02/2016	00	3	2	9	72	7	278	10.7	82	918	5	0
03/02/2016	01	3	2	8	71	7.3	279	10.2	85	918	5	0
03/02/2016	02	3	2	9	68	6.7	277	10.4	80	918	5	0
03/02/2016	03	3	2	8	67	3.2	289	9.4	87	918	5	0
03/02/2016	04	3	2	9	61	3.8	315	8.6	92	918	5	0
03/02/2016	05	3	2	9	59	4.5	310	8.3	93	918	5	0
03/02/2016	06	3	2	9	56	4.4	317	7.2	96	919	5	0
03/02/2016	07	3	2	10	44	3.4	311	5.6	100	919	5	0
03/02/2016	08	3	2	11	38	1.5	294	5.3	100	920	20	0
03/02/2016	09	3	2	9	43	0.5	272	6.1	97	920	178	0
03/02/2016	10	3	2	8	54	0.4	317	8.7	79	920	388	0
03/02/2016	11	3	2	7	60	1.7	303	9.6	70	921	385	0
03/02/2016	12	3	2	6	69	1.4	338	11.1	59	921	497	0
03/02/2016	13	3	2	5	73	1.8	10	11.9	52	921	514	0
03/02/2016	14	3	2	5	82	2.7	298	13.5	47	920	483	0
03/02/2016	15	3	2	5	88	3.1	300	13.2	40	920	327	0
03/02/2016	16	3	2	4	93	3.4	320	12.7	38	920	193	0
03/02/2016	17	3	2	4	94	3.7	334	11.9	41	920	84	0
03/02/2016	18	3	2	4	93	5.1	343	10.8	44	921	11	0
03/02/2016	19	3	2	4	95	7	355	9.6	44	922	5	0
03/02/2016	20	3	2	4	95	6.5	356	8.7	48	922	5	0
03/02/2016	21	3	2	4	92	4.9	326	7.5	55	923	5	0
03/02/2016	22	3	2	4	90	2.7	285	6.4	59	923	5	0
03/02/2016	23	3	2	4	89	2.5	292	5.7	62	924	5	0
04/02/2016	00	3	2	4	89	1.5	299	5.5	62	924	5	0
04/02/2016	01	3	2	4	88	1.5	264	4.5	64	925	5	0
04/02/2016	02	3	2	4	89	1.1	265	4.4	65	925	5	0
04/02/2016	03	3	2	4	91	1.2	352	4.7	62	925	5	0
04/02/2016	04	3	2	4	88	1.5	356	4.2	66	925	5	0
04/02/2016	05	3	2	4	91	1.2	350	4.5	63	925	5	0
04/02/2016	06	3	2	4	93	2.6	1	4	56	926	5	0
04/02/2016	07	3	2	4	93	1.4	347	4.1	58	926	5	0
04/02/2016	08	3	2	4	93	0	327	4.3	54	927	61	0
04/02/2016	09	3	2	4	92	0.7	347	6	46	927	224	0
04/02/2016	10	3	2	4	88	0.6	111	7.3	43	927	397	0
04/02/2016	11	3	2	4	91	1.5	105	8.1	45	927	531	0
04/02/2016	12	3	2	4	94	1.8	83	8.9	46	927	608	0
04/02/2016	13	3	2	4	97	2.7	153	10.2	40	926	621	0
04/02/2016	14	3	2	4	102	4.9	191	10.6	36	925	567	0
04/02/2016	15	3	2	4	105	4.4	227	11.4	34	925	456	0
04/02/2016	16	3	2	4	105	5.3	236	11.3	35	924	295	0
04/02/2016	17											0
05/02/2016	01	3	2	4	76	5.2	238	3.9	100	924	5	0
05/02/2016	02	3	2	4	82	5.8	229	4	100	924	5	0
05/02/2016	03	3	2	4	83	4.7	226	4	100	923	5	0
05/02/2016	04	3	2	4	87	1.6	223	3.9	100	923	5	0
05/02/2016	05	3	2	4	87	0.4	294	3.5	100	922	5	0
05/02/2016	06	3	2	4	85	0.9	207	3	100	922	5	0
05/02/2016	07	3	2	4	86	2.7	203	2.8	100	922	5	0
05/02/2016	08	3	2	4	88	3.4	200	3.2	100	921	29	0
05/02/2016	09	3	2	4	90	2.3	201	4.2	100	921	119	0
05/02/2016	10	3	2	4	92	2.2	215	5.3	93	921	187	0
05/02/2016	11	3	2	4	83	0.4	108	7.6	72	921	477	0
05/02/2016	12	3	2	4	89	1.8	241	9	60	920	534	0
05/02/2016	13	3	2	4	100	3.2	232	10.1	54	920	528	0
05/02/2016	14	3	2	4	102	3	236	11.4	49	918	509	0
05/02/2016	15	3	2	4	101	4.7	227	11.4	49	918	376	0
05/02/2016	16	3	2	4	101	4.9	228	11.3	50	918	248	0
05/02/2016	17	3	2	4	100	5.4	219	11.1	51	918	118	0
05/02/2016	18	3	2	4	98	3.6	217	10.1	59	918	13	0
05/02/2016	19	3	2	4	91	4.8	221	9.2	62	918	5	0
05/02/2016	20	3	2	5	87	4.6	228	8.6	66	918	5	0
05/02/2016	21	3	2	5	85	3.6	220	8	69	918	5	0
05/02/2016	22	3	2	6	82	5	229	7.6	75	918	5	0
05/02/2016	23	3	2	7	82	5.6	228	7.1	80	918	5	0
06/02/2016	00	3	2	6	85	5	227	7.1	84	918	5	0
06/02/2016	01	3	2	6	82	6.2	233	6.8	89	917	5	0
06/02/2016	02	3	2	6	80	5.2	232	6.7	93	917	5	0
06/02/2016	03	3	2	6	80	4.6	241	6.5	93	916	5	0
06/02/2016	04	3	2	5	78	4.8	240	6.5	93	916	5	0
06/02/2016	05	3	2	5	75	5.1	237	6.3	93	916	5	0
06/02/2016	06	3	2	4	73	5.4	239	6.4	91	916	5	0
06/02/2016	07	3	2	4	75	5.2	233	6.8	92	916	5	0
06/02/2016	08	3	2	4	80	4.2	223	7.7	82	916	25	0
06/02/2016	09	3	2	4	79	4.8	224	7.3	78	916	117	0
06/02/2016	10	3	2	4	81	3	228	8.4	66	916	339	0
06/02/2016	11	3	2	4	81	3.3	227	10.8	57	916	365	0
06/02/2016	12	3	2	4	93	5.9	225	12.3	50	915	473	0
06/02/2016	13	3	2	4	100	10.7	241	14.1	40	914	628	0
06/02/2016	14	3	2	4	101	12.9	254	14.8	38	913	557	0
06/02/2016	15	3	2	4	102	11.9	264	14.3	42	912	397	0
06/02/2016	16	3	2	4	99	10.2	261	14.3	43	912	291	0
06/02/2016	17	3	2	4	98	11.1	261	13.9	45	912	121	0
06/02/2016	18	3	2	4	96	13.4	262	12.7	52	912	10	0
06/02/2016	19	3	2	4	94	9.3	244	12	56	912	5	0
06/02/2016	20	3	2	4	92	6.7	246	11.6	61	911	5	0
06/02/2016	21	3	2	4	91	4.3	244	11.2	63	910	5	0
06/02/2016	22	3	2	4	87	8.6	241	11.1	63	910	5	0
06/02/2016	23	3	2	4	87	8.9	231	11.6	60	910	5	0
07/02/2016	00	3	2	4	89	10.1	235	11.6	62	909	5	0
07/02/2016	01	3	2	4	94	13.6	251	11	64	909	5	0
07/02/2016	02	3	2	4	94	12.9	244	10.3	70	907	5	0
07/02/2016	03	3	2	4	89	9.5	234	10.1	72	906	5	0
07/02/2016	04											0
08/02/2016	01	3	2	4	83	9.9	260	5.9	78	918	5	0
08/02/2016	02	3	2	4	84	10.7	263	5.9	78	918	5	0
08/02/2016	03	3	2	4	88	12.4	268	6.5	77	918	5	0
08/02/2016	04	3	2	4	89	13.7	269	6.3	80	917	5	0
08/02/2016	05	3	2	4	92	13.2	273	6.6	77	917	5	0
08/02/2016	06	3	2	4	89	12.6	272	6.5	82	918	5	0
08/02/2016	07	3	2	4	86	12.6	271	6.4	84	918	5	0
08/02/2016	08	3	2	4	83	11.1	276	6.2	87	919	23	0
08/02/2016	09	3	2	4	85	11.3	276	6.4	86	919	75	0
08/02/2016	10	3	2	4	86	10.4	276	6.5	86	919	107	0
08/02/2016	11	3	2	4	85	12	275	6.7	85	920	165	0
08/02/2016	12	3	2	4	89	13.2	271	7.6	75	919	361	0
08/02/2016	13	3	2	4	90	13.6	272	8	73	919	370	0
08/02/2016	14	3	2	4	90	12.2	269	7.9	74	919	197	0
08/02/2016	15					14.8	263	8.5	71	918	345	0
08/02/2016	16				94	14.3	259	8.5	71	918	295	0
08/02/2016	17	3			92	14.5	278	8.5	70	918	182	0
08/02/2016	18	3				13	278	8.2	75	918	30	0
08/02/2016	19	3	2	4		12.5	277	8.3	79	919	5	0
08/02/2016	20	3	2	4	72	14.6	270	8.3	80	919	5	0
08/02/2016	21	3	2	4	70	14.6	271	8.2	82	918	5	0
08/02/2016	22	3	2	4	68	13.5	270	8	86	918	5	0
08/02/2016	23	3	2	4	69	13	268	7.8	84	918	5	0
09/02/2016	00	3	2	4	74	10	271	7.7	82	918	5	0
09/02/2016	01	3	2	4	75	12.8	274	7.6	81	918	5	0
09/02/2016	02	3	2	4	73	13.4	267	7.6	82	917	5	0
09/02/2016	03	3	2	4	73	14.7	268	7.4	82	917	5	0
09/02/2016	04	3	2	4	77	14.4	262	7.2	80	916	5	0
09/02/2016	05	3	2	4	79	13.1	258	7.2	79	916	5	0
09/02/2016	06	3	2	4	80	11.2	248	7.3	77	915	5	0
09/02/2016	07	3	2	4	77	9.7	238	7.1	79	915	5	0
09/02/2016	08	3	2	4	81	8.7	237	7.2	76	915	25	0.2
09/02/2016	09											0
14/02/2016	00											0
14/02/2016	01	3	2	4	51	25.5	267	12.6	82	897	5	0
14/02/2016	02	3	2	4	54	24.7	267	12	83	897	5	0
14/02/2016	03	3	2	4	64	23.5	268	11.4	76	896	5	0
14/02/2016	04	3	2	4	70	25	268	10.7	72	896	5	0
14/02/2016	05	3	2	4	74	22.5	268	9.8	73	896	5	0
14/02/2016	06	3	2	4	78	22.2	270	9	72	895	5	0
14/02/2016	07	3	2	4	78	23.7	273	8.1	74	895	6	0
14/02/2016	08	3	2	4	77	20.9	275	7.4	76	896	74	0
14/02/2016	09	3	2	4	77	18.6	277	7.5	73	897	268	0
14/02/2016	10	3	2	4	79	15.6	278	8	67	897	385	0
14/02/2016	11	3	2	4	82	15.4	267	8.8	62	897	402	0
14/02/2016	12	3	2	4	85	16.7	261	9.1	59	895	573	0
14/02/2016	13	3	2	4	85	16.5	262	7.5	76	895	362	1
14/02/2016	14	3	2	4	81	15.4	267	7.8	84	894	436	0.4
14/02/2016	15	3	2	4	88	17.9	278	5.1	89	893	203	1.8
14/02/2016	16	3	2	4	84	9.6	269	5.1	84	894	244	0
14/02/2016	17	3	2	4	82	11.7	277	5.5	74	894	126	0
14/02/2016	18	3	2	4	84	10.3	292	4.2	76	894	18	0
14/02/2016	19	3	2	4	83	12.6	280	3.3	86	894	5	0.2
14/02/2016	20	3	2	4	87	11.1	281	2	94	896	5	0.2
14/02/2016	21	3	2	4	80	13.2	277	2.3	92	896	5	0
14/02/2016	22	3	2	4	82	15.6	280	2.1	88	896	5	0
14/02/2016	23	3	2	4	74	14.8	280	2.1	92	897	5	0
15/02/2016	00	3	2	4	72	13.8	280	2.2	86	897	5	0
15/02/2016	01	3	2	4	71	17.8	278	2.2	80	897	5	0
15/02/2016	02	3	2	4	75	18.6	279	2.2	73	897	5	0
15/02/2016	03	3	2	4	77	17.6	280	1.8	75	897	5	0
15/02/2016	04	3	2	4	73	15.8	282	1.5	78	897	5	0
15/02/2016	05	3	2	4	72	16.3	278	1.5	81	898	5	0
15/02/2016	06	3	2	4	71	15.3	280	1.3	84	898	5	0
15/02/2016	07	3	2	4	69	14.1	280	1.1	87	899	6	0
15/02/2016	08	3	2	4	69	13.4	279	1.6	86	899	55	0
15/02/2016	09	3	2	4	70	13.2	280	2.6	79	900	204	0
15/02/2016	10	3	2	4	71	10.2	282	3.5	73	901	472	0
15/02/2016	11	3	2	4	73	10.2	280	4.4	68	902	611	0
15/02/2016	12	3	2	4	77	10.5	278	5.4	62	902	681	0
15/02/2016	13	3	2	4	81	8.1	284	7.1	55	902	652	0
15/02/2016	14	3	2	4	82	7	314	7.9	49	903	412	0
15/02/2016	15	3	2	4	86	10.7	354	8.1	38	903	417	0
15/02/2016	16	3	2	4	87	12.7	358	8.1	35	904	355	0
15/02/2016	17	3	2	4	86	13.5	359	7	39	905	181	0
15/02/2016	18											0
16/02/2016	01	3	2	4	75	3.4	288	0	58	911	5	0
16/02/2016	02	3	2	4	74	4.2	281	-.2	60	912	5	0
16/02/2016	03	3	2	4	73	5.1	279	-.5	61	912	5	0
16/02/2016	04	3	2	4	69	4.9	276	-.9	66	912	5	0
16/02/2016	05	3	2	4	68	3.7	283	-1	68	912	5	0
16/02/2016	06	3	2	4	70	4	280	-1.1	66	913	5	0
16/02/2016	07	3	2	4	70	3.9	285	-1.2	65	913	6	0
16/02/2016	08	3	2	4	70	5.4	280	-.9	63	914	95	0
16/02/2016	09	3	2	4	71	5.1	283	0.2	55	914	279	0
16/02/2016	10	3	2	4	71	5	284	1.1	49	915	464	0
16/02/2016	11	3	2	4	73	5	276	2.4	43	915	605	0
16/02/2016	12	3	2	4	77	3.9	280	4	37	915	689	0
16/02/2016	13	3	2	4	80	3.5	268	5.4	34	915	704	0
16/02/2016	14	3	2	4	82	4.7	258	5.5	31	914	650	0
16/02/2016	15	3	2	4	84	4.6	258	6.2	31	914	532	0
16/02/2016	16	3	2	4	84	5.5	263	6.3	31	914	361	0
16/02/2016	17	3	2	4	84	5.3	262	6.3	32	914	173	0
16/02/2016	18	3	2	4	82	4.5	255	5.3	35	915	35	0
16/02/2016	19	3	2	4	77	4.7	237	3.6	44	916	6	0
16/02/2016	20	3	2	4	76	4.8	249	2.8	50	916	5	0
16/02/2016	21	3	2	4	77	4.9	240	2.2	50	916	5	0
16/02/2016	22	3	2	4	76	3.7	243	1.7	52	916	5	0
16/02/2016	23	3	2	4	73	3.9	256	1.4	54	916	5	0
17/02/2016	00	3	2	4	71	3.4	263	1.2	57	916	5	0
17/02/2016	01	3	2	4	68	4.3	241	1.3	59	916	5	0
17/02/2016	02	3	2	4	62	5.4	239	0.6	65	916	5	0
17/02/2016	03	3	2	5	60	5.1	240	0.1	64	915	5	0
17/02/2016	04	3	2	4	58	5.5	234	-.7	66	915	5	0
17/02/2016	05	3	2	4	59	5.2	245	-1.1	65	915	5	0
17/02/2016	06	3	2	4	62	5.4	263	-1.2	61	914	5	0
17/02/2016	07	3	2	4	62	4.1	238	-1.7	63	914	7	0
17/02/2016	08	3	2	4	60	4.2	230	-2.1	64	914	105	0
17/02/2016	09	3	2	4	60	2.8	242	-1.1	57	914	295	0
17/02/2016	10	3	2	4	69	5.2	277	1.4	45	914	480	0
17/02/2016	11	3	2	4	74	9.5	275	1.8	38	914	622	0
17/02/2016	12											0
24/02/2016	01	3	2	5	75	5.6	269	8.3	71	916	5	0
24/02/2016	02	3	2	4	76	5.3	267	8.1	76	916	5	0
24/02/2016	03	3	2	4	75	2.6	272	7.6	81	915	5	0
24/02/2016	04	3	2	4	71	3.2	253	7.2	86	915	5	0
24/02/2016	05	3	2	4	67	3	238	6.1	89	915	5	0
24/02/2016	06	3	2	5	60	3.9	247	5	92	915	5	0
24/02/2016	07	3	2	5	59	4.9	250	4.9	93	914	10	0
24/02/2016	08	3	2	4	64	4.1	238	5.6	90	914	81	0
24/02/2016	09	3	2	4	69	1.8	270	7	83	914	197	0
24/02/2016	10	3	2	4	64	1.3	264	8.4	75	913	376	0
24/02/2016	11	3	2	4	78	1.5	268	11.3	62	913	533	0
24/02/2016	12	3	2	4	84	3.6	281	11.7	59	912	613	0
24/02/2016	13	3	2	4	84	9.7	275	11.2	55	911	636	0
24/02/2016	14	3	2	4	80	12.1	274	10.9	57	910	651	0
24/02/2016	15	3	2	4	83	10.8	272	11.3	55	909	551	0
24/02/2016	16	3	2	4	84	8.7	273	11.4	54	909	329	0
24/02/2016	17	3	2	4	81	6.4	278	10.7	54	909	171	0
24/02/2016	18	3	2	4	77	6.5	270	10	58	909	45	0
24/02/2016	19	3	2	4	74	8.6	269	8.4	63	909	5	0
24/02/2016	20	3	2	4	74	10.1	257	7.7	64	909	5	0
24/02/2016	21	3	2	4	76	9.3	260	7.7	66	909	5	0
24/02/2016	22	3	2	4	73	8.4	263	7.6	67	909	5	0
24/02/2016	23	3	2	4	68	8.5	253	7.6	68	909	5	0
25/02/2016	00											0
25/02/2016	01	3	2	4	64	7.7	250	6.8	88	908	5	0
25/02/2016	02	3	2	4	75	9.9	258	6.8	84	908	5	0
25/02/2016	03	3	2	4	79	11.9	266	6.5	86	907	5	0
25/02/2016	04	3	2	4	78	10.7	268	6	91	907	5	0
25/02/2016	05	3	2	4	75	13.9	276	5.9	95	906	5	0
25/02/2016	06	3	2	4	74	14.1	277	5.6	97	907	5	0
25/02/2016	07	3	2	4	73	14.3	276	5.4	98	907	7	0
25/02/2016	08	3	2	4	72	15.2	277	5.6	95	908	122	0
25/02/2016	09	3	2	4	73	12.1	280	6.2	85	909	335	0
25/02/2016	10	3	2	4	75	10.8	277	7	76	910	502	0
25/02/2016	11	3	2	4	76	9.7	277	7.7	70	910	550	0
25/02/2016	12	3	2	4	79	10.2	275	8.8	60	911	727	0
25/02/2016	13	3	2	4	81	10.4	273	9.4	54	910	611	0
25/02/2016	14	3	2	4	82	11.3	274	9.5	53	910	380	0
25/02/2016	15	3	2	4	84	11.5	274	10.1	51	910	468	0
25/02/2016	16	3	2	4	87	12.1	276	10.5	46	910	424	0
25/02/2016	17	3	2	4	84	10.5	277	10.4	47	910	199	0
25/02/2016	18											0
22/03/2016	01	3	2	4	90	4.4	27	5.8	100	902	5	0
22/03/2016	02	3	2	4	87	4	25	5.8	100	902	5	0
22/03/2016	03	3	2	4	87	5.1	14	5.8	100	901	5	0
22/03/2016	04	3	2	4	89	5.7	15	5.8	100	900	5	0
22/03/2016	05	3	2	4	88	5.1	19	5.6	100	900	5	0
22/03/2016	06	3	2	4	85	4.7	16	5.4	100	900	5	0
22/03/2016	07	3	2	4	84	4.7	16	5.6	100	900	15	0
22/03/2016	08	3	2	4		3.7	16	5.8	100	901	30	0
22/03/2016	09					3.9	4	5.9	100	901	89	0
22/03/2016	10				88	4.1	9	6.4	100	901	188	0
22/03/2016	11	3	2	7		3.9	2	7	99	901	194	0
22/03/2016	12	3	2	4	94	3.8	4	7.2	97	901	171	0
22/03/2016	13	3	2	4	89	2	291	7.6	98	901	239	0
22/03/2016	14	3	2	4	96	3.2	252	8.4	83	901	393	0
22/03/2016	15	3	2	5	100	3.9	261	9.1	73	900	304	0
22/03/2016	16	3	2	4	99	3.8	274	9.1	75	900	214	0
22/03/2016	17	3	2	4	100	5.3	269	8.6	74	900	112	0
22/03/2016	18											0
06/04/2016	01	3	2	4	73	5.2	342	6.7	100	906	5	1.2
06/04/2016	02	3	2	4	76	8.6	1	6.7	100	905	5	0.4
06/04/2016	03	3	2	4	77	9	5	6.9	100	905	5	0.2
06/04/2016	04	3	2	4	80	8.5	12	7.2	100	906	5	0
06/04/2016	05	3	2	4	81	5.8	17	7.3	100	906	5	0
06/04/2016	06	3	2	4	82	4.5	9	7	100	907	7	0
06/04/2016	07					2.6	309	7	100	907	21	0
06/04/2016	08					2.4	310	6.6	100	908	55	0
06/04/2016	09				74	3.7	354	7.6	100	908	247	0
06/04/2016	10	3				3.3	7	9.1	97	909	515	0
06/04/2016	11											0
07/04/2016	01	3	2	4	83	2.4	246	11.6	84	908	5	0
07/04/2016	02	3	2	5	79	0.3	266	10.7	86	908	5	0
07/04/2016	03	3	2	5	70	2.1	284	10.2	95	907	5	0
07/04/2016	04	3	2	5	65	3.4	286	9.5	98	907	5	0
07/04/2016	05	3	2	5	68	2.3	289	8.7	97	907	5	0
07/04/2016	06	3	2	4	78	0.9	290	8.1	89	908	9	0
07/04/2016	07											0
03/05/2016	00											0
03/05/2016	01	3	2	4	117	6.8	227	13.3	43	915	5	0
03/05/2016	02	3	2	4	117	5	228	13.6	43	915	5	0
03/05/2016	03	3	2	4	128	2.1	219	13.7	37	915	5	0
03/05/2016	04	3	2	4	124	0.2	235	13.2	39	915	5	0
03/05/2016	05	3	2	4	119	0.1	165	12.6	44	915	5	0
03/05/2016	06	3	2	4	122	1.2	224	12.7	42	915	20	0
03/05/2016	07	3	2	4	119	1.4	218	13.9	42	916	225	0
03/05/2016	08	3	2	4	119	0	288	16.9	33	916	469	0
03/05/2016	09	3	2	4	117	0.5	141	18.2	30	916	676	0
03/05/2016	10	3	2	4	124	1.9	88	19	27	916	841	0
03/05/2016	11	3	2	4		2.6	160	20.1	23	916	960	0
03/05/2016	12	3	2	4		2.9	117	21.5	20	915		0
03/05/2016	13	3	2	4		3.2	129	22.4	19	915		0
03/05/2016	14	3	2	4		2.4	143	23.6	17	914	941	0
03/05/2016	15	3	2	4		3.1	180	23.7	15	914	815	0
03/05/2016	16	3	2	4		4.1	156	23.7	18	913	634	0
03/05/2016	17	3	2	4		2.5	62		12		201	0
03/05/2016	18	3	2	4		6.4	144	21.5	23	913	207	0
03/05/2016	19	3	2	6		5.8	170	19.5	24	913	55	0
03/05/2016	20	3	2	7	129	7.4	157	16.9	27	914	6	0
03/05/2016	21	3	2	5	131	5.6	151	16.1	30	915	5	0
03/05/2016	22	3	2	4	131	3.7	167	15.8	32	915	5	0
03/05/2016	23	3	2	4	131	3.5	169	15.5	34	915	5	0
04/05/2016	00	3	2	4	129	3.4	168	15.2	34	915	5	0
04/05/2016	01	3	2	4	130	2	93	14.7	34	914	5	0
04/05/2016	02	3	2	4	129	1.6	100	14	37	914	5	0
04/05/2016	03	3	2	4	131	3.4	94	13.6	38	914	5	0
04/05/2016	04	3	2	4	132	3	129	13.2	38	914	5	0
04/05/2016	05	3	2	4	134	3.2	88	12.8	36	914	6	0
04/05/2016	06	3	2	4	127	3.2	91	12	43	914	35	0
04/05/2016	07	3	2	5	119	3	78	11.6	51	914	207	0
04/05/2016	08	3	2	4	115	3.8	56	10.9	62	915	382	0
04/05/2016	09	3	2	4	119	2.6	60	13.6	59	915	681	0
04/05/2016	10	3	2	4	124	2.3	111	16.2	49	915	793	0
04/05/2016	11	3	2	4	127	1.9	105	17.3	47	915	584	0
04/05/2016	12											0
12/05/2016	00											0
12/05/2016	01	3	2	4	113	6.1	280	8	100	902	5	0.2
12/05/2016	02	3	2	4	108	5.5	268	8	100	901	5	0
12/05/2016	03	3	2	4	101	6.9	264	8.2	100	901	5	0.2
12/05/2016	04	3	2	4	101	8.1	267	8.2	100	901	5	0
12/05/2016	05	3	2	4	97	8.6	268	8.3	100	901	6	0
12/05/2016	06	3	2	4	95	10.6	263	8.6	100	902	38	0
12/05/2016	07	3	2	4	94	12.5	265	9.1	91	902	202	0
12/05/2016	08	3	2	4	96	14.4	263	9.4	81	903	443	0
12/05/2016	09	3	2	4	100	13	262	10.1	70	903	699	0
12/05/2016	10	3	2	4	101	11.8	271	10.8	64	903	576	0
12/05/2016	11	3	2	4	104	10.8	272	11.4	60	903	484	0
12/05/2016	12	3	2	4	106	11.5	265	12.5	55	903	672	0
12/05/2016	13	3	2	4	108	10.8	264	13.5	50	903		0
12/05/2016	14	3	2	4	109	10.2	264	13.9	50	903	632	0
12/05/2016	15	3	2	4	105	9	254	12.8	61	903	297	0
12/05/2016	16	3	2	4	107	9.2	270	11	69	903	323	0
12/05/2016	17	3	2	4	110	10	263	12.7	53	902	395	0
12/05/2016	18	3	2	4	108	10.1	262	12.9	55	902	213	0
12/05/2016	19	3	2	4	104	10.5	265	9.9	83	903	19	0.6
12/05/2016	20	3	2	4	100	10.4	260	8.7	93	903	6	0
12/05/2016	21	3	2	4	93	7.3	251	8.7	90	904	5	0
12/05/2016	22	3	2	4	89	5.9	258	8.1	95	904	5	0
12/05/2016	23	3	2	4	97	8.7	262	8.1	88	904	5	0
13/05/2016	00	3	2	4	99	10.2	263	8.1	89	903	5	0
13/05/2016	01	3	2	4	99	7.4	258	8.4	87	904	5	0
13/05/2016	02	3	2	4	94	8.5	270	8	91	903	5	0
13/05/2016	03	3	2	4	92	9.4	271	7.9	94	903	5	0
13/05/2016	04	3	2	4	90	8.2	265	8	95	903	5	0
13/05/2016	05	3	2	4	87	10.3	273	7.8	98	903	6	0
13/05/2016	06	3	2	4	83	11.1	271	7.7	100	903	32	0
13/05/2016	07	3	2	4	82	8.8	276	8.1	100	904	62	0
13/05/2016	08	3	2	4	85	10.6	274	8.5	94	904	294	0
13/05/2016	09	3	2	4	89	11.5	274	9.3	84	904	589	0
13/05/2016	10	3	2	4	92	12.2	274	10.3	77	904	745	0
13/05/2016	11	3	2	4	97	11.3	273	11.5	67	905	867	0
13/05/2016	12	3	2	4	101	11.1	275	12.3	61	905		0
13/05/2016	13											0
18/05/2016	01	3	2	4	90	1.4	115	11.8	100	911	5	0
18/05/2016	02	3	2	4	91	3.5	151	11.5	100	911	5	0
18/05/2016	03	3	2	4	86	3.5	197	11.3	100	910	5	0
18/05/2016	04	3	2	4	94	1.7	238	12	100	910	5	0
18/05/2016	05	3	2	4	91	3.9	231	11.4	100	910	7	0
18/05/2016	06	3	2	4	96	4.2	221	11.5	98	910	33	0
18/05/2016	07	3	2	4	99	3.3	210	12.7	80	911	227	0
18/05/2016	08	3	2	4	106	4.2	212	14.6	64	911	428	0
18/05/2016	09	3	2	4	119	4.7	230	17.1	51	911	643	0
18/05/2016	10	3	2	4	116	7	217	18.5	49	911	825	0
18/05/2016	11	3	2	4	125	6.4	220	20.3	41	911	948	0
18/05/2016	12	3	2	4	127	5.8	217	20.9	41	910	538	0
18/05/2016	13	3	2	4	126	4.4	235	21.4	43	910	351	0
18/05/2016	14	3	2	4	129	6.3	240	22.5	37	910	627	0
18/05/2016	15	3	2	4	134	9.2	222	21.1	41	909	347	0
18/05/2016	16											0
19/05/2016	01	3	2	4	110	4.7	279	16.6	72	911	5	0
19/05/2016	02	3	2	4	105	5.8	253	16.1	71	910	5	0
19/05/2016	03	3	2	4	99	6.6	272	15.8	69	910	5	0
19/05/2016	04	3	2	4	94	4.6	284	15.7	73	910	5	0
19/05/2016	05	3	2	4	91	1.5	259	14.5	77	910	7	0
19/05/2016	06	3	2	4	84	4.1	252	13.7	82	911	30	0
19/05/2016	07	3	2	4	82	1.1	264	15.1	72	911	255	0
19/05/2016	08	3	2	5	84	0.8	280	17.6	62	912	479	0
19/05/2016	09	3	2	4	97	1.2	319	19.8	51	912	673	0
19/05/2016	10	3	2	4	109	3	335	21.2	41	912	828	0
23/05/2016	01	3	2	4	92	3.6	128	12.9	92	915	5	0
23/05/2016	02	3	2	4	88	4.7	129	12.4	100	915	5	0
23/05/2016	03	3	2	4	80	2.7	114	11.6	100	915	5	0
23/05/2016	04	3	2	4	78	2.8	116	10.8	99	916	5	0
23/05/2016	05	3	2	4	79	3.4	121	10.2	95	916	6	0
23/05/2016	06	3	2	4	78	1.1	134	10.1	93	916	36	0
23/05/2016	07	3	2	4	79	0.5	187	11.1	85	916	219	0
23/05/2016	08	3	2	4	81	0.6	204	13.2	67	917	474	0
23/05/2016	09	3	2	4	87	3.7	221	15.1	60	917	671	0
24/05/2016	00											0
24/05/2016	01	3	2	4	83	2.6	241	13.6	50	912	5	0
24/05/2016	02	3	2	4	87	1	231	13.3	51	912	5	0
24/05/2016	03	3	2	4	87	1.4	223	12.9	54	911	5	0
24/05/2016	04	3	2	4	90	2.1	230	12.9	57	911	5	0
24/05/2016	05	3	2	4	92	2.6	240	12.3	62	910	7	0
24/05/2016	06	3	2	4	91	3.8	235	12.2	65	910	40	0
24/05/2016	07	3	2	4	91	5.1	221	12.9	61	910	249	0
24/05/2016	08	3	2	4	93	6.2	214	14.7	52	910	383	0
24/05/2016	09	3	2	4	103	5.8	201	17	42	910	634	0
24/05/2016	10	3	2	4	109	5.1	211	19.4	35	909	841	0
24/05/2016	11	3	2	4	112	4.8	193	21	32	909	955	0
24/05/2016	12	3	2	4	115	6.8	215	22	31	908	982	0
24/05/2016	13	3	2	4	115	6.9	218	22.7	30	908	980	0
24/05/2016	14	3	2	4	114	7	218	23.9	29	907	901	0
24/05/2016	15	3	2	4	111	8	233	25.5	27	906	758	0
24/05/2016	16	3	2	4	110	10.3	257	26.6	26	905	571	0
24/05/2016	17	3	2	4	106	10.5	266	26.3	25	905	360	0
24/05/2016	18	3	2	4	102	11.1	272	25.7	25	905	187	0
24/05/2016	19	3	2	4	102	9.6	265	24.5	28	905	55	0
24/05/2016	20	3	2	4	99	8.7	268	23.4	30	906	7	0
24/05/2016	21	3	2	4	92	7.5	246	22.2	33	906	5	0
24/05/2016	22	3	2	4	90	6.1	228	21.2	39	906	5	0
24/05/2016	23	3	2	4	90	5.3	229	19.7	50	906	6	0
25/05/2016	00	3	2	4	92	2.7	227	19.4	47	906	5	0
25/05/2016	01	3	2	4	91	2.6	230	18.7	48	906	5	0
25/05/2016	02	3	2	4	92	3.9	241	17.4	59	906	5	0
25/05/2016	03	3	2	4	95	4.9	231	16.6	68	905	5	0
25/05/2016	04	3	2	4	90	5.1	236	16.3	73	905	5	0
25/05/2016	05	3	2	4	86	5.5	245	15.9	74	906	8	0
25/05/2016	06	3	2	4	77	4.3	256	16.3	71	906	52	0
25/05/2016	07	3	2	4	68	7.6	276	16.8	66	907	255	0
25/05/2016	08											0
