Red: Red de Vigilancia y Control de la Contaminación Atmosférica
Estación: 03105001-el Pinós
	
FECHA	HORA	Temp.	H.Rel.	O3
		°C	% H.R.	µg/m³
01/01/2025	00	5,1	99	42
01/01/2025	01	5,3	99	45
01/01/2025	02	5,1	99	50
01/01/2025	03	5	99	53
01/01/2025	04	5	99	48
01/01/2025	05	5,1	99	51
01/01/2025	06	5,4	99	53
01/01/2025	07	5,4	99	53
01/01/2025	08	5,2	99	52
01/01/2025	09	5,5	99	44
01/01/2025	10	7,9	99	54
01/01/2025	11	8,7	99	62
01/01/2025	12	9	99	65
01/01/2025	13	9,1	99	62
01/01/2025	14	9,8	99	62
01/01/2025	15	9,8	99	62
01/01/2025	16	9,1	99	60
01/01/2025	17	8	99	56
01/01/2025	18	7,4	99	56
01/01/2025	19	7,1	99	49
01/01/2025	20	6,3	99	44
01/01/2025	21	6	99	50
01/01/2025	22	5,9	99	51
01/01/2025	23	5,8	99	56
02/01/2025	00	5,8	99	54
02/01/2025	01	5,5	99	50
02/01/2025	02	4,8	99	41
02/01/2025	03	5,1	99	41
02/01/2025	04	4,8	99	46
02/01/2025	05	4,5	99	51
02/01/2025	06	3,9	99	48
02/01/2025	07	3,2	99	48
02/01/2025	08	2,5	99	42
02/01/2025	09	2,4	99	39
02/01/2025	10	4,2	99	38
02/01/2025	11	7,2	99	42
02/01/2025	12	10,9	73	57
02/01/2025	13	12,9	53	66
02/01/2025	14	12,4	52	71
02/01/2025	15	12,5	51	71
02/01/2025	16	12,5	43	70
02/01/2025	17	11	49	64
02/01/2025	18	8,1	64	52
02/01/2025	19	6,9	72	48
02/01/2025	20	6	76	46
02/01/2025	21	4,8	80	41
02/01/2025	22	5,4	75	49
02/01/2025	23	7,4	66	60
03/01/2025	00	6,1	71	57
03/01/2025	01	5,4	72	57
03/01/2025	02	6,1	67	62
03/01/2025	03	5,3	72	61
03/01/2025	04	6,1	67	66
03/01/2025	05	6,6	68	66
03/01/2025	06	6,5	70	65
03/01/2025	07	6,7	62	69
03/01/2025	08	7,1	57	74
03/01/2025	09	8,5	53	75
03/01/2025	10	10,2	49	75
03/01/2025	11	11,1	45	77
03/01/2025	12	12,1	40	76
03/01/2025	13	13,2	34	78
03/01/2025	14	13,6	32	79
03/01/2025	15	13,8	32	78
03/01/2025	16	13,8	32	77
03/01/2025	17	12,7	36	74
03/01/2025	18	11,7	39	73
03/01/2025	19	11,3	41	72
03/01/2025	20	11	43	74
03/01/2025	21	10,6	44	74
03/01/2025	22	10,1	48	73
03/01/2025	23	9,5	51	71
04/01/2025	00	9,3	53	70
04/01/2025	01	9,1	56	70
04/01/2025	02	8,6	63	70
04/01/2025	03	8,2	63	72
04/01/2025	04	7,7	65	73
04/01/2025	05	7,5	69	72
04/01/2025	06	7,3	70	70
04/01/2025	07	7,3	70	70
04/01/2025	08	7	73	68
04/01/2025	09	7,8	72	68
04/01/2025	10	9,7	63	73
04/01/2025	11	11,2	57	74
04/01/2025	12	12,3	51	73
04/01/2025	13	13,1	41	77
04/01/2025	14	15,2	27	80
04/01/2025	15	15,2	23	80
04/01/2025	16	15	21	76
04/01/2025	17	13,1	27	74
04/01/2025	18	10,7	39	67
04/01/2025	19	9,9	50	63
04/01/2025	20	9	57	61
04/01/2025	21	8,4	56	61
04/01/2025	22	8,4	53	64
04/01/2025	23	8,2	52	66
05/01/2025	00	7,8	51	67
05/01/2025	01	7,4	47	67
05/01/2025	02	6,5	48	67
05/01/2025	03	6,1	48	67
05/01/2025	04	6,9	47	71
05/01/2025	05	6,7	54	70
05/01/2025	06	6,5	56	70
05/01/2025	07	5,8	56	69
05/01/2025	08	6	58	66
05/01/2025	09	7,1	58	63
05/01/2025	10	11,8	46	68
05/01/2025	11	12,7	52	78
05/01/2025	12	14,4	41	76
05/01/2025	13	15,2	35	79
05/01/2025	14	14,8	36	80
05/01/2025	15	14,6	36	78
05/01/2025	16	13,6	37	74
05/01/2025	17	11,8	44	65
05/01/2025	18	8,9	54	54
05/01/2025	19	8,6	54	56
05/01/2025	20	8,7	51	62
05/01/2025	21	7,9	58	57
05/01/2025	22	8	59	53
05/01/2025	23	9,6	53	61
06/01/2025	00	9,3	53	59
06/01/2025	01	10,9	38	67
06/01/2025	02	10,8	39	66
06/01/2025	03	10	45	63
06/01/2025	04	9	50	60
06/01/2025	05	8,7	52	60
06/01/2025	06	8,6	60	59
06/01/2025	07	10,1	64	69
06/01/2025	08	9,6	69	67
06/01/2025	09	9,4	70	59
06/01/2025	10	9,5	71	51
06/01/2025	11	10,8	66	55
06/01/2025	12	11,6	63	66
06/01/2025	13	11,4	60	76
06/01/2025	14	11,7	60	75
06/01/2025	15	12,7	56	73
06/01/2025	16	12	57	72
06/01/2025	17	11,2	57	72
06/01/2025	18	8,4	81	67
06/01/2025	19	8,4	73	71
06/01/2025	20	8	71	74
06/01/2025	21	7,8	69	72
06/01/2025	22	7,5	65	73
06/01/2025	23	7,4	66	72
07/01/2025	00	7,2	69	68
07/01/2025	01	7	68	67
07/01/2025	02	6,9	63	70
07/01/2025	03	6,7	63	69
07/01/2025	04	5,9	68	66
07/01/2025	05	5,4	69	63
07/01/2025	06	4,8	71	60
07/01/2025	07	3,7	78	57
07/01/2025	08	3,3	81	50
07/01/2025	09	5,6	71	58
07/01/2025	10	7,3	65	65
07/01/2025	11	7,9	63	68
07/01/2025	12	9	56	70
07/01/2025	13	10,7	40	75
07/01/2025	14	11,7	30	76
07/01/2025	15	12	27	76
07/01/2025	16	11,6	29	74
07/01/2025	17	10,3	36	74
07/01/2025	18	9,5	46	72
07/01/2025	19	8,9	51	69
07/01/2025	20	7,9	59	62
07/01/2025	21	8,1	60	63
07/01/2025	22	8,2	64	62
07/01/2025	23	8,1	65	62
08/01/2025	00	8,1	61	62
08/01/2025	01	7,6	61	62
08/01/2025	02	7	62	61
08/01/2025	03	6,6	62	60
08/01/2025	04	5,5	72	58
08/01/2025	05	5,6	72	60
08/01/2025	06	5,6	75	62
08/01/2025	07	6,4	74	65
08/01/2025	08	5,7	77	59
08/01/2025	09	7,3	71	59
08/01/2025	10	10,4	54	66
08/01/2025	11	12,7	44	63
08/01/2025	12	16,3	33	61
08/01/2025	13	18,8	22	69
08/01/2025	14	19,5	22	67
08/01/2025	15	19,7	21	66
08/01/2025	16	18,2	24	66
08/01/2025	17	16,6	29	58
08/01/2025	18	13,6	36	54
08/01/2025	19	11,1	44	41
08/01/2025	20	12,9	31	58
08/01/2025	21	13,5	13	69
08/01/2025	22	12,7	33	75
08/01/2025	23	12,2	61	76
09/01/2025	00	11,8	68	75
09/01/2025	01	12	71	74
09/01/2025	02	12	73	74
09/01/2025	03	11,8	77	72
09/01/2025	04	11,5	79	70
09/01/2025	05	11	82	65
09/01/2025	06	9	91	50
09/01/2025	07	8,8	89	47
09/01/2025	08	8,5	88	40
09/01/2025	09	10,9	78	58
09/01/2025	10	12,7	68	64
09/01/2025	11	13,7	52	64
09/01/2025	12	14,3	52	68
09/01/2025	13	15,3	47	67
09/01/2025	14	15,8	41	68
09/01/2025	15	15,9	40	67
09/01/2025	16	15,6	43	67
09/01/2025	17	14,5	49	67
09/01/2025	18	13,5	56	65
09/01/2025	19	13	60	63
09/01/2025	20	12,3	64	62
09/01/2025	21	11,5	68	58
09/01/2025	22	11,1	72	57
09/01/2025	23	10,7	74	55
10/01/2025	00	10,6	76	55
10/01/2025	01	10,2	79	53
10/01/2025	02	10,1	81	57
10/01/2025	03	10,2	81	57
10/01/2025	04	10,2	80	60
10/01/2025	05	9,9	82	58
10/01/2025	06	10	82	59
10/01/2025	07	9,4	85	59
10/01/2025	08	9,5	85	56
10/01/2025	09	10	82	58
10/01/2025	10	11,2	76	59
10/01/2025	11	12,5	68	59
10/01/2025	12	13,9	61	59
10/01/2025	13	14,4	58	59
10/01/2025	14	15,1	52	62
10/01/2025	15	14,6	54	62
10/01/2025	16	13	63	62
10/01/2025	17	11,7	66	64
10/01/2025	18	10,8	67	67
10/01/2025	19	10,1	71	65
10/01/2025	20	9,9	72	63
10/01/2025	21	9,7	73	63
10/01/2025	22	9,9	74	64
10/01/2025	23	10,2	74	65
11/01/2025	00	10,2	76	64
11/01/2025	01	10,5	76	63
11/01/2025	02	10,6	79	64
11/01/2025	03	10,7	80	63
11/01/2025	04	10,4	82	60
11/01/2025	05	10,7	81	59
11/01/2025	06	10,5	83	61
11/01/2025	07	11	82	62
11/01/2025	08	11,4	79	60
11/01/2025	09	11,9	77	59
11/01/2025	10	12,9	73	58
11/01/2025	11	14,1	69	58
11/01/2025	12	15,9	63	58
11/01/2025	13	15,6	65	56
11/01/2025	14	16,3	60	60
11/01/2025	15	16,2	59	63
11/01/2025	16	16,5	54	65
11/01/2025	17	16,4	53	65
11/01/2025	18	15,8	57	63
11/01/2025	19	15,2	62	60
11/01/2025	20	15	63	60
11/01/2025	21	14,4	65	58
11/01/2025	22	13,4	67	54
11/01/2025	23	12,9	65	55
12/01/2025	00	12,9	49	66
12/01/2025	01	12,4	37	74
12/01/2025	02	11,6	35	73
12/01/2025	03	11,3	29	73
12/01/2025	04	10,6	31	72
12/01/2025	05	9,9	36	70
12/01/2025	06	8,5	45	65
12/01/2025	07	7,7	48	63
12/01/2025	08	7,3	48	62
12/01/2025	09	8,9	41	67
12/01/2025	10	9,3	42	64
12/01/2025	11	11,1	38	69
12/01/2025	12	12,3	34	69
12/01/2025	13	13	28	72
12/01/2025	14	13,3	26	73
12/01/2025	15	13,6	25	74
12/01/2025	16	13,4	23	74
12/01/2025	17	12,3	25	71
12/01/2025	18	10	32	59
12/01/2025	19	7,7	41	48
12/01/2025	20	5,7	50	42
12/01/2025	21	5,3	59	49
12/01/2025	22	5	65	53
12/01/2025	23	2,9	75	49
13/01/2025	00	2,1	82	47
13/01/2025	01	1,3	88	44
13/01/2025	02	1	97	41
13/01/2025	03	0,3	99	38
13/01/2025	04	0,4	99	37
13/01/2025	05	-1,1	99	28
13/01/2025	06	-1,6	99	23
13/01/2025	07	-1,6	99	26
13/01/2025	08	-2	99	17
13/01/2025	09	0,5	98	31
13/01/2025	10	3,7	84	50
13/01/2025	11	7,4	64	58
13/01/2025	12	10,4	34	69
13/01/2025	13	11,7	24	70
13/01/2025	14	11,4	19	72
13/01/2025	15	12	16	73
13/01/2025	16	11,6	18	72
13/01/2025	17	9,1	39	71
13/01/2025	18	6	53	59
13/01/2025	19	3,8	61	48
13/01/2025	20	3,6	75	56
13/01/2025	21	2,6	86	56
13/01/2025	22	1,2	94	49
13/01/2025	23	0,9	94	45
14/01/2025	00	0,6	93	41
14/01/2025	01	0,2	98	42
14/01/2025	02	0,3	99	46
14/01/2025	03	-,4	99	44
14/01/2025	04	-1,5	99	40
14/01/2025	05	-1,6	99	38
14/01/2025	06	-1,6	99	40
14/01/2025	07	-2	99	39
14/01/2025	08	-1,6	99	42
14/01/2025	09	-,3	97	46
14/01/2025	10	3,1	79	59
14/01/2025	11	5,2	66	68
14/01/2025	12	6,8	55	69
14/01/2025	13	8,7	30	72
14/01/2025	14	9,8	13	78
14/01/2025	15	10,5	9	80
14/01/2025	16	10,5	7	79
14/01/2025	17	9,4	7	76
14/01/2025	18	6,5	11	63
14/01/2025	19	5,7	11	67
14/01/2025	20	2,5	19	58
14/01/2025	21	1,4	25	59
14/01/2025	22	0,5	39	54
14/01/2025	23	-,9	49	47
15/01/2025	00	-1,9	55	44
15/01/2025	01	-3,5	60	42
15/01/2025	02	-3,4	59	42
15/01/2025	03	-3,9	59	41
15/01/2025	04	-4,3	62	40
15/01/2025	05	-5	64	38
15/01/2025	06	-4,9	64	40
15/01/2025	07	-5	64	37
15/01/2025	08	-5,4	64	33
15/01/2025	09	-2,4	54	35
15/01/2025	10	3	31	50
15/01/2025	11	6,9	19	54
15/01/2025	12	11,1	8	60
15/01/2025	13	11,5	7	67
15/01/2025	14	12,5	5	68
15/01/2025	15	13,3	1	73
15/01/2025	16	12,8	0	76
15/01/2025	17	11,4	4	66
15/01/2025	18	8,2	7	58
15/01/2025	19	7,2	7	60
15/01/2025	20	6,9	6	65
15/01/2025	21	6,3	8	64
15/01/2025	22	6,4	9	64
15/01/2025	23	7	12	66
16/01/2025	00	7	11	68
16/01/2025	01	6,4	14	67
16/01/2025	02	5,8	19	62
16/01/2025	03	4,7	26	53
16/01/2025	04	3	34	47
16/01/2025	05	1,8	39	44
16/01/2025	06	1,2	42	42
16/01/2025	07	0,6	44	40
16/01/2025	08	1,4	43	42
16/01/2025	09	3,6	55	47
16/01/2025	10	6,8	67	56
16/01/2025	11	7,7	70	58
16/01/2025	12	7,2	75	56
16/01/2025	13	8,4	64	64
16/01/2025	14	8,7	61	70
16/01/2025	15	8,6	59	72
16/01/2025	16	8,6	58	77
16/01/2025	17	6,8	75	75
16/01/2025	18	5,3	91	67
16/01/2025	19	5,1	88	69
16/01/2025	20	4,6	88	67
16/01/2025	21	4,2	91	61
16/01/2025	22	4,2	88	68
16/01/2025	23	3,2	92	67
17/01/2025	00	2,9	95	64
17/01/2025	01	3,4	95	65
17/01/2025	02	3,4	95	61
17/01/2025	03	3,4	95	58
17/01/2025	04	3,1	99	55
17/01/2025	05	3,5	96	61
17/01/2025	06	3,2	99	60
17/01/2025	07	3,4	98	54
17/01/2025	08	4,1	93	58
17/01/2025	09	4,6	93	61
17/01/2025	10	6,2	82	63
17/01/2025	11	6,1	89	63
17/01/2025	12	6	90	64
17/01/2025	13	5,8	92	62
17/01/2025	14	6	92	62
17/01/2025	15	5,8	90	60
17/01/2025	16	5,7	95	58
17/01/2025	17	5,8	93	60
17/01/2025	18	5,4	96	59
17/01/2025	19	5,7	94	54
17/01/2025	20	5,9	91	58
17/01/2025	21	5,3	94	59
17/01/2025	22	5,4	93	55
17/01/2025	23	5,1	96	56
18/01/2025	00	4,9	99	55
18/01/2025	01	4,8	98	56
18/01/2025	02	4,9	95	57
18/01/2025	03	4,3	97	54
18/01/2025	04	3,9	97	53
18/01/2025	05	3,2	96	50
18/01/2025	06	2,7	95	46
18/01/2025	07	2,1	95	46
18/01/2025	08	2	92	48
18/01/2025	09	3	86	51
18/01/2025	10	5,4	72	56
18/01/2025	11	7,6	56	63
18/01/2025	12	9,3	48	65
18/01/2025	13	10,8	31	74
18/01/2025	14	11,6	22	78
18/01/2025	15	12	23	77
18/01/2025	16	11,9	22	76
18/01/2025	17	11,2	26	72
18/01/2025	18	7,6	42	55
18/01/2025	19	5	54	46
18/01/2025	20	4,3	56	49
18/01/2025	21	2,7	66	46
18/01/2025	22	0,8	77	39
18/01/2025	23	0,8	76	41
19/01/2025	00	1,4	75	45
19/01/2025	01	0,1	82	41
19/01/2025	02	0,2	83	41
19/01/2025	03	0,1	83	43
19/01/2025	04	-,5	85	40
19/01/2025	05	-,4	85	42
19/01/2025	06	-,5	85	41
19/01/2025	07	-,5	85	43
19/01/2025	08	-,3	85	43
19/01/2025	09	1,6	78	46
19/01/2025	10	5	63	51
19/01/2025	11	7,8	50	59
19/01/2025	12	9,6	39	67
19/01/2025	13	11	31	67
19/01/2025	14	12,2	24	70
19/01/2025	15	12,9	20	71
19/01/2025	16	13	16	70
19/01/2025	17	11,9	20	66
19/01/2025	18	7,8	55	62
19/01/2025	19	6	90	64
19/01/2025	20	4,3	97	59
19/01/2025	21	3,7	99	57
19/01/2025	22	3,5	99	57
19/01/2025	23	0,7	99	37
20/01/2025	00	0,4	99	39
20/01/2025	01	0,3	99	40
20/01/2025	02	0,1	99	35
20/01/2025	03	-,1	99	34
20/01/2025	04	-,1	99	35
20/01/2025	05	-1,4	99	29
20/01/2025	06	-,9	99	31
20/01/2025	07	-,4	99	34
20/01/2025	08	-,5	94	27
20/01/2025	09	4,2	84	40
20/01/2025	10	9,4	59	60
20/01/2025	11	11,9	40	69
20/01/2025	12	13,4	35	73
20/01/2025	13	14,7	29	74
20/01/2025	14	14,9	26	79
20/01/2025	15	14,3	28	78
20/01/2025	16	13,2	33	77
20/01/2025	17	11,5	40	76
20/01/2025	18	9,7	49	60
20/01/2025	19	9,2	67	54
20/01/2025	20	8,7	83	51
20/01/2025	21	8,3	91	49
20/01/2025	22	8,3	94	51
20/01/2025	23	8	98	46
21/01/2025	00	7,6	99	38
21/01/2025	01	7,2	99	29
21/01/2025	02	6,7	99	30
21/01/2025	03	6,3	99	29
21/01/2025	04	6,6	99	34
21/01/2025	05	6,4	99	35
21/01/2025	06	6	99	25
21/01/2025	07	6,1	99	20
21/01/2025	08	6,9	99	25
21/01/2025	09	7,9	99	24
21/01/2025	10	10,7	93	31
21/01/2025	11	12,7	82	40
21/01/2025	12	14,4	70	52
21/01/2025	13	13,8	73	51
21/01/2025	14	14,2	70	49
21/01/2025	15	14,3	66	48
21/01/2025	16	13,7	67	50
21/01/2025	17	13	67	45
21/01/2025	18	10,9	81	37
21/01/2025	19	9,9	84	34
21/01/2025	20	9,7	80	42
21/01/2025	21	10,3	71	46
21/01/2025	22	12,9	49	61
21/01/2025	23	13,6	44	65
22/01/2025	00	13,6	42	66
22/01/2025	01	13,2	41	65
22/01/2025	02	12,3	42	61
22/01/2025	03	12,2	41	63
22/01/2025	04	11,1	44	57
22/01/2025	05	13,3	34	66
22/01/2025	06	14	30	71
22/01/2025	07	12,4	36	66
22/01/2025	08	10,8	43	56
22/01/2025	09	12,6	37	58
22/01/2025	10	15	28	65
22/01/2025	11	16,6	23	65
22/01/2025	12	18	21	61
22/01/2025	13	19,8	14	68
22/01/2025	14	19,8	14	71
22/01/2025	15	18,6	18	73
22/01/2025	16	17	25	72
22/01/2025	17	16	30	68
22/01/2025	18	13,3	39	59
22/01/2025	19	11,1	48	50
22/01/2025	20	8,7	53	39
22/01/2025	21	8,8	55	41
22/01/2025	22	10,8	46	53
22/01/2025	23	14,1	28	71
23/01/2025	00	12,6	34	62
23/01/2025	01	10,3	43	54
23/01/2025	02	8,4	51	51
23/01/2025	03	6,6	58	46
23/01/2025	04	5,5	63	46
23/01/2025	05	6,9	60	47
23/01/2025	06	8,5	55	51
23/01/2025	07	7,6	60	45
23/01/2025	08	6,8	64	42
23/01/2025	09	8,8	58	35
23/01/2025	10	14	47	58
23/01/2025	11	16,6	41	75
23/01/2025	12	17,4	37	79
23/01/2025	13	17,8	36	78
23/01/2025	14	18,2	36	76
23/01/2025	15	18,4	36	75
23/01/2025	16	18,5	34	75
23/01/2025	17	17,5	37	72
23/01/2025	18	15,5	42	65
23/01/2025	19	13,8	57	60
23/01/2025	20	11,9	65	55
23/01/2025	21	10,6	70	49
23/01/2025	22	11,1	69	55
23/01/2025	23	10	75	52
24/01/2025	00	10,6	75	56
24/01/2025	01	10,4	78	59
24/01/2025	02	9,2	82	53
24/01/2025	03	9	85	53
24/01/2025	04	8,7	87	50
24/01/2025	05	6,6	96	37
24/01/2025	06	6,8	94	40
24/01/2025	07	5,7	99	35
24/01/2025	08	6	96	29
24/01/2025	09	9,3	85	16
24/01/2025	10	15,7	60	47
24/01/2025	11	17,9	48	62
24/01/2025	12	18,4	41	73
24/01/2025	13	19,1	36	75
24/01/2025	14	19,4	31	78
24/01/2025	15	19,6	28	78
24/01/2025	16	19,1	30	76
24/01/2025	17	17,2	37	78
24/01/2025	18	14,3	50	66
24/01/2025	19	12,4	58	60
24/01/2025	20	10	67	48
24/01/2025	21	8,5	70	44
24/01/2025	22	7,9	68	44
24/01/2025	23	7,7	70	47
25/01/2025	00	7,7	74	50
25/01/2025	01	6,2	79	41
25/01/2025	02	5,1	85	38
25/01/2025	03	4,8	88	36
25/01/2025	04	3,9	92	35
25/01/2025	05	4,9	89	40
25/01/2025	06	4,5	91	38
25/01/2025	07	4,1	93	35
25/01/2025	08	6,2	86	38
25/01/2025	09	10,5	69	52
25/01/2025	10	12,6	59	60
25/01/2025	11	13,9	52	71
25/01/2025	12	14,8	50	72
25/01/2025	13	14,8	48	72
25/01/2025	14	15,1	45	73
25/01/2025	15	15,3	45	75
25/01/2025	16	14,2	55	72
25/01/2025	17	13,2	61	71
25/01/2025	18	12,7	65	68
25/01/2025	19	12,3	68	67
25/01/2025	20	11,8	70	60
25/01/2025	21	11,8	63	65
25/01/2025	22	10,8	64	65
25/01/2025	23	10,3	66	64
26/01/2025	00	9,3	72	61
26/01/2025	01	8,6	75	60
26/01/2025	02	8	78	59
26/01/2025	03	6,8	83	55
26/01/2025	04	7,2	83	60
26/01/2025	05	6,3	89	55
26/01/2025	06	4,9	95	46
26/01/2025	07	4,8	96	47
26/01/2025	08	5,4	94	48
26/01/2025	09	7	86	45
26/01/2025	10	10,9	67	57
26/01/2025	11	13,5	55	69
26/01/2025	12	15,2	45	71
26/01/2025	13	16,7	27	71
26/01/2025	14	17,2	21	70
26/01/2025	15	17,2	30	73
26/01/2025	16	15,9	43	73
26/01/2025	17	14,3	51	71
26/01/2025	18	12,3	62	62
26/01/2025	19	11	72	56
26/01/2025	20	10,1	77	53
26/01/2025	21	10,1	77	52
26/01/2025	22	10,5	73	59
26/01/2025	23	10	75	58
27/01/2025	00	13,4	65	63
27/01/2025	01	13,7	68	63
27/01/2025	02	12,4	72	55
27/01/2025	03	12,6	73	54
27/01/2025	04	12,2	74	52
27/01/2025	05	11,7	77	51
27/01/2025	06	11,9	78	49
27/01/2025	07	12	78	46
27/01/2025	08	12,8	74	45
27/01/2025	09	13,3	72	45
27/01/2025	10	16,6	58	48
27/01/2025	11	19,5	45	53
27/01/2025	12	21	38	59
27/01/2025	13	22,4	30	59
27/01/2025	14	22,1	28	60
27/01/2025	15	21,1	29	60
27/01/2025	16	20,7	29	58
27/01/2025	17	19,9	32	60
27/01/2025	18	17,6	46	65
27/01/2025	19	16,7	53	57
27/01/2025	20	16,5	52	60
27/01/2025	21	15,6	57	62
27/01/2025	22	14,8	62	67
27/01/2025	23	13,4	60	72
28/01/2025	00	12,4	49	80
28/01/2025	01	11,1	56	78
28/01/2025	02	10,1	50	79
28/01/2025	03	9,7	48	79
28/01/2025	04	8,8	53	78
28/01/2025	05	8,4	53	77
28/01/2025	06	8,4	53	78
28/01/2025	07	8,5	53	77
28/01/2025	08	9	53	77
28/01/2025	09	9,8	54	76
28/01/2025	10	9,8	56	76
28/01/2025	11	9,6	58	75
28/01/2025	12	11,2	42	79
28/01/2025	13	10,4	42	78
28/01/2025	14	11,1	39	77
28/01/2025	15	10,2	47	77
28/01/2025	16	10,5	40	77
28/01/2025	17	10,1	40	76
28/01/2025	18	9,7	44	75
28/01/2025	19	9	48	73
28/01/2025	20	8,7	52	73
28/01/2025	21	8,4	53	72
28/01/2025	22	8,1	55	72
28/01/2025	23	7,8	56	71
29/01/2025	00	7,7	58	71
29/01/2025	01	7,6	60	71
29/01/2025	02	7,4	62	70
29/01/2025	03	7	64	70
29/01/2025	04	6,8	62	68
29/01/2025	05	5,8	67	64
29/01/2025	06	4,6	73	59
29/01/2025	07	2,8	79	52
29/01/2025	08	1,2	85	35
29/01/2025	09	2,5	81	36
29/01/2025	10	6,8	64	56
29/01/2025	11	8,4	54	63
29/01/2025	12	9,9	40	69
29/01/2025	13	10,4	36	74
29/01/2025	14	10,2	40	72
29/01/2025	15	10,4	41	72
29/01/2025	16	10	44	70
29/01/2025	17	9,3	47	66
29/01/2025	18	9	45	63
29/01/2025	19	8,6	48	58
29/01/2025	20	8,3	51	58
29/01/2025	21	8,6	53	63
29/01/2025	22	8,7	56	64
29/01/2025	23	7,6	70	57
30/01/2025	00	7	87	69
30/01/2025	01	7	84	74
30/01/2025	02	6,9	78	74
30/01/2025	03	6,5	77	70
30/01/2025	04	5,9	78	69
30/01/2025	05	5,7	75	72
30/01/2025	06	5,5	77	71
30/01/2025	07	5,1	80	70
30/01/2025	08	5,1	80	69
30/01/2025	09	5,8	79	70
30/01/2025	10	6,7	74	71
30/01/2025	11	7,6	67	70
30/01/2025	12	9,1	59	71
30/01/2025	13	10	54	71
30/01/2025	14	11	47	70
30/01/2025	15	10,9	45	71
30/01/2025	16	11	41	70
30/01/2025	17	10,2	41	70
30/01/2025	18	9	48	69
30/01/2025	19	8,8	48	71
30/01/2025	20	8,8	48	69
30/01/2025	21	8,8	47	70
30/01/2025	22	8,6	49	68
30/01/2025	23	8	53	67
31/01/2025	00	7,7	55	65
31/01/2025	01	6,9	58	62
31/01/2025	02	6,2	62	60
31/01/2025	03	6,2	63	59
31/01/2025	04	6,2	64	57
31/01/2025	05	6	65	56
31/01/2025	06	5,4	67	56
31/01/2025	07	5	69	51
31/01/2025	08	4,8	70	45
31/01/2025	09	5,8	65	53
31/01/2025	10	6,5	62	58
31/01/2025	11	7,5	59	56
31/01/2025	12	9,3	55	59
31/01/2025	13	10,1	53	67
31/01/2025	14	10,9	50	70
31/01/2025	15	11,5	47	70
31/01/2025	16	11,8	45	68
31/01/2025	17	10,9	48	68
31/01/2025	18	8,6	69	61
31/01/2025	19	6,3	79	49
31/01/2025	20	4,7	78	41
31/01/2025	21	3,5	86	37
31/01/2025	22	5,3	66	51
31/01/2025	23	3,3	73	48
01/02/2025	00	2,4	73	45
01/02/2025	01	3,5	62	51
01/02/2025	02	4	55	58
01/02/2025	03	3,4	57	55
01/02/2025	04	3,6	56	57
01/02/2025	05	3,7	56	59
01/02/2025	06	3,3	57	58
01/02/2025	07	2,7	62	56
01/02/2025	08	2,9	62	56
01/02/2025	09	5,4	50	64
01/02/2025	10	8	38	69
01/02/2025	11	9,4	34	71
01/02/2025	12	10,9	32	74
01/02/2025	13	12,4	27	75
01/02/2025	14	12,7	28	74
01/02/2025	15	13,7	26	77
01/02/2025	16	13,4	26	76
01/02/2025	17	11,7	32	77
01/02/2025	18	10,4	39	74
01/02/2025	19	8,3	63	71
01/02/2025	20	4,8	99	59
01/02/2025	21	4	99	52
01/02/2025	22	3,4	99	47
01/02/2025	23	2,4	99	41
02/02/2025	00	2,6	99	46
02/02/2025	01	2,4	99	42
02/02/2025	02	1,9	99	44
02/02/2025	03	1,7	99	42
02/02/2025	04	1,6	99	39
02/02/2025	05	1,9	97	39
02/02/2025	06	2	98	38
02/02/2025	07	2,4	94	47
02/02/2025	08	2,1	93	45
02/02/2025	09	4	85	48
02/02/2025	10	6,5	73	60
02/02/2025	11	8,1	61	66
02/02/2025	12	9,6	53	67
02/02/2025	13	10,5	48	69
02/02/2025	14	10,8	42	71
02/02/2025	15	11,6	37	75
02/02/2025	16	11,6	37	77
02/02/2025	17	11,1	35	76
02/02/2025	18	9,1	41	67
02/02/2025	19	6,3	74	64
02/02/2025	20	5	84	60
02/02/2025	21	4,2	90	58
02/02/2025	22	3,8	92	53
02/02/2025	23	4,1	93	55
03/02/2025	00	4	96	56
03/02/2025	01	3,4	98	51
03/02/2025	02	2	99	45
03/02/2025	03	0,3	99	31
03/02/2025	04	-,7	99	27
03/02/2025	05	-1	99	27
03/02/2025	06	-1,4	99	24
03/02/2025	07	-1,7	99	22
03/02/2025	08	-,8	99	23
03/02/2025	09	1,9	98	29
03/02/2025	10	5,5	83	47
03/02/2025	11	10,3	57	65
03/02/2025	12	11,1	50	71
03/02/2025	13	12,5	43	74
03/02/2025	14	13,3	37	77
03/02/2025	15	12,5	40	79
03/02/2025	16	11,6	45	82
03/02/2025	17	10,4	46	82
03/02/2025	18	8	56	72
03/02/2025	19	5,3	65	51
03/02/2025	20	4,6	73	52
03/02/2025	21	2,2	82	40
03/02/2025	22	1,5	92	37
03/02/2025	23	0,8	99	35
04/02/2025	00	0,3	99	35
04/02/2025	01	-,2	99	33
04/02/2025	02	-,1	99	33
04/02/2025	03	-,1	98	37
04/02/2025	04	-,5	97	35
04/02/2025	05	0,2	92	43
04/02/2025	06	0,5	87	49
04/02/2025	07	-,9	93	37
04/02/2025	08	-,7	91	40
04/02/2025	09	2,8	76	53
04/02/2025	10	6,5	62	66
04/02/2025	11	8,9	54	73
04/02/2025	12	11,6	33	77
04/02/2025	13	14,2	19	78
04/02/2025	14	14,7	16	78
04/02/2025	15	14,6	17	77
04/02/2025	16	13,9	21	76
04/02/2025	17	13,1	22	77
04/02/2025	18	10,1	28	66
04/02/2025	19	7,5	38	61
04/02/2025	20	5,1	48	53
04/02/2025	21	3,1	57	44
04/02/2025	22	3,9	56	55
04/02/2025	23	4,2	55	57
05/02/2025	00	4,4	51	56
05/02/2025	01	3,9	53	55
05/02/2025	02	2,9	58	55
05/02/2025	03	2,4	62	52
05/02/2025	04	2,6	62	54
05/02/2025	05	1,5	69	48
05/02/2025	06	0,9	74	46
05/02/2025	07	0,6	77	44
05/02/2025	08	0,7	76	38
05/02/2025	09	4,9	59	51
05/02/2025	10	7,9	46	60
05/02/2025	11	10,6	36	61
05/02/2025	12	13,3	27	68
05/02/2025	13	14,9	21	75
05/02/2025	14	16,3	16	75
05/02/2025	15	16,5	16	78
05/02/2025	16	15,4	21	84
05/02/2025	17	13	43	85
05/02/2025	18	9,6	58	75
05/02/2025	19	7,5	70	67
05/02/2025	20	6,2	79	63
05/02/2025	21	4,1	83	51
05/02/2025	22	1,9	89	34
05/02/2025	23	0,9	91	40
06/02/2025	00	0,7	93	44
06/02/2025	01	0	98	41
06/02/2025	02	0,2	97	42
06/02/2025	03	0,6	95	42
06/02/2025	04	-,2	98	37
06/02/2025	05	-,1	97	39
06/02/2025	06	-,2	98	40
06/02/2025	07	-1	99	44
06/02/2025	08	-1,3	99	42
06/02/2025	09	-,5	99	42
06/02/2025	10	3	99	45
06/02/2025	11	10	63	65
06/02/2025	12	12,2	44	77
06/02/2025	13	13,9	32	79
06/02/2025	14	14,4	28	82
06/02/2025	15	14,8	26	81
06/02/2025	16	14	36	86
06/02/2025	17	11,8	51	89
06/02/2025	18	8,8	72	79
06/02/2025	19	6,6	82	69
06/02/2025	20	5,2	87	67
06/02/2025	21	4	94	59
06/02/2025	22	2,6	94	47
06/02/2025	23	1,6	98	44
07/02/2025	00	1,3	99	44
07/02/2025	01	0,6	99	45
07/02/2025	02	-,2	99	37
07/02/2025	03	-,3	99	39
07/02/2025	04	-1,2	99	40
07/02/2025	05	-1,6	99	33
07/02/2025	06	-1,3	99	36
07/02/2025	07	-,5	99	38
07/02/2025	08	-2	99	23
07/02/2025	09	-,5	99	34
07/02/2025	10	3,7	99	
07/02/2025	11	11,4	57	
07/02/2025	12	13,3	41	68
07/02/2025	13	14,3	29	81
07/02/2025	14	14,6	30	80
07/02/2025	15	13,9	30	90
07/02/2025	16	13,1	39	91
07/02/2025	17	12,1	49	89
07/02/2025	18	10,2	62	79
07/02/2025	19	9,2	69	67
07/02/2025	20	8,6	75	64
07/02/2025	21	8,2	80	60
07/02/2025	22	7,5	86	55
07/02/2025	23	7,5	94	45
08/02/2025	00	7,4	96	46
08/02/2025	01	6,5	96	40
08/02/2025	02	7,1	91	42
08/02/2025	03	8,2	82	56
08/02/2025	04	7,7	84	55
08/02/2025	05	7,9	78	60
08/02/2025	06	8,2	71	67
08/02/2025	07	7,4	77	64
08/02/2025	08	8	74	62
08/02/2025	09	9,7	64	67
08/02/2025	10	11,1	55	70
08/02/2025	11	12,4	47	74
08/02/2025	12	13,5	39	77
08/02/2025	13	14	40	74
08/02/2025	14	14,3	39	73
08/02/2025	15	14,4	38	73
08/02/2025	16	14,4	34	75
08/02/2025	17	13,6	36	74
08/02/2025	18	11,6	43	72
08/02/2025	19	10,5	49	70
08/02/2025	20	9,8	52	71
08/02/2025	21	9,1	56	64
08/02/2025	22	8	60	58
08/02/2025	23	6	68	50
09/02/2025	00	5,7	71	54
09/02/2025	01	5,6	73	55
09/02/2025	02	4,1	77	51
09/02/2025	03	2	86	42
09/02/2025	04	0,7	92	36
09/02/2025	05	1,2	92	39
09/02/2025	06	2	91	46
09/02/2025	07	2,2	90	44
09/02/2025	08	3,2	85	39
09/02/2025	09	6,1	75	47
09/02/2025	10	9,4	64	59
09/02/2025	11	11,5	55	65
09/02/2025	12	13,2	46	67
09/02/2025	13	14,5	37	68
09/02/2025	14	16,4	31	66
09/02/2025	15	16,8	30	65
09/02/2025	16	17,3	28	65
09/02/2025	17	15,7	39	70
09/02/2025	18	11,7	71	72
09/02/2025	19	9,7	84	66
09/02/2025	20	8,6	91	64
09/02/2025	21	7,7	99	60
09/02/2025	22	7,9	99	60
09/02/2025	23	7,6	99	54
10/02/2025	00	6,8	99	53
10/02/2025	01	6	99	53
10/02/2025	02	5,7	99	44
10/02/2025	03	3,8	99	33
10/02/2025	04	2,7	99	28
10/02/2025	05	2,8	99	34
10/02/2025	06	3,6	99	44
10/02/2025	07	5,2	99	46
10/02/2025	08	6,1	99	42
10/02/2025	09	8,5	97	49
10/02/2025	10	9,4	92	60
10/02/2025	11	10,7	84	67
10/02/2025	12	11,2	80	73
10/02/2025	13	12,2	69	77
10/02/2025	14	13,4	60	79
10/02/2025	15	12,6	65	79
10/02/2025	16	12,2	66	81
10/02/2025	17	11,3	72	76
10/02/2025	18	9,5	84	76
10/02/2025	19	8,4	91	72
10/02/2025	20	8	95	65
10/02/2025	21	7,9	97	63
10/02/2025	22	7,9	98	62
10/02/2025	23	7,8	99	60
11/02/2025	00	6,6	99	50
11/02/2025	01	5	99	39
11/02/2025	02	4	99	36
11/02/2025	03	5,4	99	36
11/02/2025	04	6	99	33
11/02/2025	05	6,2	98	26
11/02/2025	06	6,1	97	43
11/02/2025	07	4,3	99	41
11/02/2025	08	4,4	96	30
11/02/2025	09	8,2	84	45
11/02/2025	10	11,2	70	61
11/02/2025	11	12,9	61	66
11/02/2025	12	14	55	
11/02/2025	13	15,6	47	74
11/02/2025	14	16,2	42	78
11/02/2025	15	16	44	84
11/02/2025	16	15,7	45	86
11/02/2025	17	14,6	55	86
11/02/2025	18	11,5	75	78
11/02/2025	19	9,3	89	71
11/02/2025	20	8,1	93	65
11/02/2025	21	6,8	98	59
11/02/2025	22	6,8	99	61
11/02/2025	23	6,3	99	59
12/02/2025	00	6,3	99	55
12/02/2025	01	6,6	99	45
12/02/2025	02	6	99	60
12/02/2025	03	5,7	99	58
12/02/2025	04	5,2	99	56
12/02/2025	05	4,8	99	47
12/02/2025	06	4	99	38
12/02/2025	07	3,5	99	24
12/02/2025	08	3,1	99	25
12/02/2025	09	6,2	99	31
12/02/2025	10	12,4	68	51
12/02/2025	11	13,7	54	72
12/02/2025	12	11,3	77	67
12/02/2025	13	10,9	82	64
12/02/2025	14	11,8	74	67
12/02/2025	15	11,7	63	69
12/02/2025	16	12,8	59	68
12/02/2025	17	12,2	65	65
12/02/2025	18	10,7	69	63
12/02/2025	19	10,1	74	63
12/02/2025	20	10,1	75	63
12/02/2025	21	9,7	76	63
12/02/2025	22	9,2	76	59
12/02/2025	23	8,4	76	52
13/02/2025	00	6,3	85	44
13/02/2025	01	5,2	91	39
13/02/2025	02	3,9	97	32
13/02/2025	03	4	96	34
13/02/2025	04	3,8	95	34
13/02/2025	05	4	92	38
13/02/2025	06	3,6	91	40
13/02/2025	07	2,9	95	37
13/02/2025	08	5,5	82	47
13/02/2025	09	7,7	71	55
13/02/2025	10	9,1	64	61
13/02/2025	11	10,8	54	61
13/02/2025	12	12,7	42	69
13/02/2025	13	14,2	33	75
13/02/2025	14	14,7	28	78
13/02/2025	15	14,9	26	79
13/02/2025	16	14,6	26	80
13/02/2025	17	14,3	30	78
13/02/2025	18	12,5	38	74
13/02/2025	19	9,9	60	60
13/02/2025	20	7,9	83	54
13/02/2025	21	6,6	93	52
13/02/2025	22	5,2	97	45
13/02/2025	23	4,3	98	40
14/02/2025	00	4,8	89	42
14/02/2025	01	5,8	85	46
14/02/2025	02	8	72	55
14/02/2025	03	8,1	71	63
14/02/2025	04	7,6	74	62
14/02/2025	05	7,5	75	61
14/02/2025	06	7,2	76	59
14/02/2025	07	6	81	54
14/02/2025	08	7,6	74	46
14/02/2025	09	10,7	63	53
14/02/2025	10	13,2	54	66
14/02/2025	11	15,3	45	67
14/02/2025	12	16,9	39	69
14/02/2025	13	18,1	34	73
14/02/2025	14	18,7	30	74
14/02/2025	15	19,5	27	73
14/02/2025	16	19,6	25	72
14/02/2025	17	19	26	72
14/02/2025	18	16,8	32	61
14/02/2025	19	14,7	39	58
14/02/2025	20	12,3	49	51
14/02/2025	21	10,7	57	48
14/02/2025	22	8,8	63	43
14/02/2025	23	8,7	66	49
15/02/2025	00	7,8	68	46
15/02/2025	01	5,7	76	36
15/02/2025	02	5,8	79	41
15/02/2025	03	6,4	77	45
15/02/2025	04	4,8	84	38
15/02/2025	05	4,7	86	38
15/02/2025	06	4,9	86	42
15/02/2025	07	3,3	92	36
15/02/2025	08	4,7	86	34
15/02/2025	09	9,4	68	43
15/02/2025	10	12,8	53	56
15/02/2025	11	17	37	59
15/02/2025	12	21,2	21	72
15/02/2025	13	21,8	17	78
15/02/2025	14	22,1	18	81
15/02/2025	15	20,6	28	85
15/02/2025	16	17,4	43	81
15/02/2025	17	14,3	67	78
15/02/2025	18	11,7	88	78
15/02/2025	19	10,1	97	71
15/02/2025	20	9,1	99	62
15/02/2025	21	8	99	55
15/02/2025	22	6,6	99	37
15/02/2025	23	5,4	99	33
16/02/2025	00	4,9	99	30
16/02/2025	01	5,7	99	34
16/02/2025	02	6,4	99	43
16/02/2025	03	5,7	99	37
16/02/2025	04	5,2	99	35
16/02/2025	05	4,3	99	30
16/02/2025	06	3,9	99	25
16/02/2025	07	4,2	99	24
16/02/2025	08	4,8	99	19
16/02/2025	09	7,9	99	25
16/02/2025	10	12,7	71	47
16/02/2025	11	17,5	40	62
16/02/2025	12	19,2	31	70
16/02/2025	13	22,1	18	70
16/02/2025	14	23	9	77
16/02/2025	15	22,8	8	75
16/02/2025	16	22,1	15	80
16/02/2025	17	20,1	22	82
16/02/2025	18	16,9	32	78
16/02/2025	19	14,1	52	73
16/02/2025	20	11,7	60	63
16/02/2025	21	9,7	57	52
16/02/2025	22	9,1	60	52
16/02/2025	23	7,7	59	48
17/02/2025	00	8,5	62	55
17/02/2025	01	7,9	63	56
17/02/2025	02	10,5	53	59
17/02/2025	03	10,4	52	61
17/02/2025	04	9,3	56	58
17/02/2025	05	9,4	57	60
17/02/2025	06	9,4	62	64
17/02/2025	07	9,2	66	65
17/02/2025	08	10,2	64	67
17/02/2025	09	12,8	55	69
17/02/2025	10	14,7	46	75
17/02/2025	11	16,4	39	75
17/02/2025	12	18,2	32	75
17/02/2025	13	21	21	74
17/02/2025	14	22	13	81
17/02/2025	15	22	11	80
17/02/2025	16	21,1	16	83
17/02/2025	17	19,6	25	87
17/02/2025	18	16,1	46	81
17/02/2025	19	13	60	75
17/02/2025	20	11,2	71	73
17/02/2025	21	10,1	77	69
17/02/2025	22	9	75	66
17/02/2025	23	6,8	78	45
18/02/2025	00	8,1	70	69
18/02/2025	01	8,8	67	75
18/02/2025	02	7,4	74	68
18/02/2025	03	6,3	81	58
18/02/2025	04	4,5	97	36
18/02/2025	05	5,2	97	47
18/02/2025	06	6,2	99	57
18/02/2025	07	8	99	72
18/02/2025	08	8,6	98	73
18/02/2025	09	9,8	90	79
18/02/2025	10	11,5	81	86
18/02/2025	11	13,3	72	84
18/02/2025	12	16,2	56	87
18/02/2025	13	17,5	52	91
18/02/2025	14	16,1	57	100
18/02/2025	15	15,4	59	106
18/02/2025	16	15,4	57	103
18/02/2025	17	13,8	64	101
18/02/2025	18	11,6	82	92
18/02/2025	19	10,4	90	79
18/02/2025	20	10	93	63
18/02/2025	21	8,6	97	50
18/02/2025	22	8,1	97	43
18/02/2025	23	7,8	99	42
19/02/2025	00	7,7	99	45
19/02/2025	01	7,5	99	47
19/02/2025	02	7,7	99	55
19/02/2025	03	7,6	99	55
19/02/2025	04	7,6	99	58
19/02/2025	05	7,4	99	58
19/02/2025	06	6,5	99	48
19/02/2025	07	6,9	98	51
19/02/2025	08	8,2	92	56
19/02/2025	09	10,7	81	57
19/02/2025	10	13,9	62	67
19/02/2025	11	15,5	52	78
19/02/2025	12	16,9	46	78
19/02/2025	13	18,7	36	81
19/02/2025	14	20,2	28	77
19/02/2025	15	20,9	25	77
19/02/2025	16	20,1	38	89
19/02/2025	17	17,9	53	88
19/02/2025	18	14,3	72	75
19/02/2025	19	12,3	81	67
19/02/2025	20	10,8	87	59
19/02/2025	21	9,4	93	50
19/02/2025	22	9,5	99	54
19/02/2025	23	9,2	99	53
20/02/2025	00	9,2	99	60
20/02/2025	01	8,7	99	65
20/02/2025	02	8,2	99	69
20/02/2025	03	8,2	99	71
20/02/2025	04	7,8	99	69
20/02/2025	05	7,7	99	69
20/02/2025	06	7,5	99	65
20/02/2025	07	6,9	99	58
20/02/2025	08	6,7	99	54
20/02/2025	09	6,7	99	55
20/02/2025	10	9	95	55
20/02/2025	11	13,9	71	51
20/02/2025	12	18	51	59
20/02/2025	13	19,5	42	70
20/02/2025	14	20,1	42	75
20/02/2025	15	19,2	50	86
20/02/2025	16	18,2	54	93
20/02/2025	17	16,1	66	92
20/02/2025	18	13,2	83	81
20/02/2025	19	11,1	96	71
20/02/2025	20	10,4	99	68
20/02/2025	21	10,8	99	66
20/02/2025	22	10,3	99	64
20/02/2025	23	10	99	63
21/02/2025	00	9,9	99	64
21/02/2025	01	9,8	99	63
21/02/2025	02	9,7	99	63
21/02/2025	03	9,6	99	63
21/02/2025	04	9,3	99	65
21/02/2025	05	9,3	99	72
21/02/2025	06	9,4	98	73
21/02/2025	07	9,5	95	73
21/02/2025	08	9,8	91	77
21/02/2025	09	10,4	85	80
21/02/2025	10	11,8	78	81
21/02/2025	11	12,9	72	85
21/02/2025	12	14	66	84
21/02/2025	13	14,6	60	87
21/02/2025	14	15,1	56	93
21/02/2025	15	14,9	60	97
21/02/2025	16	13,8	68	97
21/02/2025	17	12,4	75	95
21/02/2025	18	11,2	83	89
21/02/2025	19	10	93	80
21/02/2025	20	9,5	95	75
21/02/2025	21	8,8	97	73
21/02/2025	22	7,6	99	72
21/02/2025	23	7,8	99	72
22/02/2025	00	8,1	99	72
22/02/2025	01	8,4	99	73
22/02/2025	02	8,8	97	68
22/02/2025	03	8,3	97	69
22/02/2025	04	7,9	98	73
22/02/2025	05	7,6	99	70
22/02/2025	06	7,7	99	62
22/02/2025	07	7,7	99	57
22/02/2025	08	8,5	94	53
22/02/2025	09	10,5	84	48
22/02/2025	10	13,7	67	60
22/02/2025	11	15,4	55	64
22/02/2025	12	16,1	48	72
22/02/2025	13	15,1	52	72
22/02/2025	14	13,5	66	67
22/02/2025	15	11,6	84	60
22/02/2025	16	10,3	91	63
22/02/2025	17	10,7	84	61
22/02/2025	18	10,5	86	56
22/02/2025	19	9,9	81	54
22/02/2025	20	9,7	71	58
22/02/2025	21	8,8	74	53
22/02/2025	22	7,8	80	49
22/02/2025	23	7,6	79	47
23/02/2025	00	8,1	87	54
23/02/2025	01	7,5	97	59
23/02/2025	02	7	99	56
23/02/2025	03	6,9	99	58
23/02/2025	04	6,9	99	51
23/02/2025	05	6,6	98	42
23/02/2025	06	6,5	98	35
23/02/2025	07	7,2	94	42
23/02/2025	08	7,3	93	41
23/02/2025	09	7,6	88	41
23/02/2025	10	8,1	83	44
23/02/2025	11	9,7	80	53
23/02/2025	12	10,6	80	77
23/02/2025	13	10,6	82	76
23/02/2025	14	11,1	79	77
23/02/2025	15	12	69	77
23/02/2025	16	12,6	65	73
23/02/2025	17	13,1	62	72
23/02/2025	18	11,7	67	71
23/02/2025	19	10,3	76	71
23/02/2025	20	9,2	83	65
23/02/2025	21	7,9	91	57
23/02/2025	22	7,6	95	59
23/02/2025	23	7,4	95	60
24/02/2025	00	7,2	95	57
24/02/2025	01	6,1	97	49
24/02/2025	02	4,6	99	37
24/02/2025	03	4,1	99	34
24/02/2025	04	3,5	99	30
24/02/2025	05	2,7	99	25
24/02/2025	06	2,5	99	25
24/02/2025	07	2,4	99	28
24/02/2025	08	4,6	99	21
24/02/2025	09	8,8	88	36
24/02/2025	10	13,4	65	53
24/02/2025	11	15,8	53	60
24/02/2025	12	16,7	47	66
24/02/2025	13	17	36	71
24/02/2025	14	16,6	27	74
24/02/2025	15	16,5	26	73
24/02/2025	16	16,7	28	72
24/02/2025	17	16,3	30	72
24/02/2025	18	15,4	30	66
24/02/2025	19	11,1	47	48
24/02/2025	20	9,5	70	48
24/02/2025	21	7,9	65	43
24/02/2025	22	8,5	64	51
24/02/2025	23	7,9	71	49
25/02/2025	00	7,6	68	50
25/02/2025	01	11,2	48	68
25/02/2025	02	10,3	49	64
25/02/2025	03	7,6	62	57
25/02/2025	04	7,7	63	54
25/02/2025	05	10,6	55	66
25/02/2025	06	9,1	60	62
25/02/2025	07	8,5	63	56
25/02/2025	08	9,6	62	59
25/02/2025	09	11,3	55	63
25/02/2025	10	13,2	44	
25/02/2025	11	14	39	
25/02/2025	12	15	37	68
25/02/2025	13	15,4	40	67
25/02/2025	14	15,7	46	66
25/02/2025	15	15,4	52	67
25/02/2025	16	14	60	65
25/02/2025	17	13,4	59	65
25/02/2025	18	12,7	59	66
25/02/2025	19	12,2	60	62
25/02/2025	20	11,7	64	64
25/02/2025	21	11,1	69	62
25/02/2025	22	10,5	67	61
25/02/2025	23	10	63	65
26/02/2025	00	7,9	81	54
26/02/2025	01	7,3	71	61
26/02/2025	02	6,4	69	65
26/02/2025	03	6,8	58	67
26/02/2025	04	5,8	66	66
26/02/2025	05	4,8	68	62
26/02/2025	06	4,7	67	64
26/02/2025	07	3,4	74	59
26/02/2025	08	4,6	66	60
26/02/2025	09	6,7	55	65
26/02/2025	10	8,8	41	72
26/02/2025	11	11	30	73
26/02/2025	12		35	66
26/02/2025	13		32	69
26/02/2025	14		29	74
26/02/2025	15		29	79
26/02/2025	16		28	79
26/02/2025	17		27	79
26/02/2025	18		34	69
26/02/2025	19		68	62
26/02/2025	20		93	62
26/02/2025	21		99	60
26/02/2025	22		99	50
26/02/2025	23		99	53
27/02/2025	00		99	49
27/02/2025	01		99	42
27/02/2025	02		98	45
27/02/2025	03		93	45
27/02/2025	04		99	44
27/02/2025	05		99	41
27/02/2025	06		98	38
27/02/2025	07		97	33
27/02/2025	08		91	28
27/02/2025	09		75	41
27/02/2025	10		74	59
27/02/2025	11		69	77
27/02/2025	12		64	77
27/02/2025	13		56	78
27/02/2025	14		52	81
27/02/2025	15		49	83
27/02/2025	16		50	85
27/02/2025	17		68	91
27/02/2025	18		94	82
27/02/2025	19		99	77
27/02/2025	20		99	72
27/02/2025	21		99	66
27/02/2025	22		99	60
27/02/2025	23		99	47
28/02/2025	00		99	45
28/02/2025	01		99	43
28/02/2025	02		99	47
28/02/2025	03		99	45
28/02/2025	04		99	32
28/02/2025	05		99	30
28/02/2025	06		99	29
28/02/2025	07		99	30
28/02/2025	08		99	37
28/02/2025	09		99	57
28/02/2025	10		99	65
28/02/2025	11		81	77
28/02/2025	12		54	90
28/02/2025	13		53	88
28/02/2025	14		62	90
28/02/2025	15		68	91
28/02/2025	16		78	90
28/02/2025	17		94	85
28/02/2025	18		99	79
28/02/2025	19		98	73
28/02/2025	20		94	76
28/02/2025	21		98	76
28/02/2025	22		99	73
28/02/2025	23		99	67
01/03/2025	00		99	67
01/03/2025	01		99	74
01/03/2025	02		99	69
01/03/2025	03		99	76
01/03/2025	04		99	70
01/03/2025	05		99	75
01/03/2025	06		99	78
01/03/2025	07		99	75
01/03/2025	08		98	78
01/03/2025	09		97	81
01/03/2025	10		98	81
01/03/2025	11		99	78
01/03/2025	12		99	74
01/03/2025	13		99	68
01/03/2025	14		99	77
01/03/2025	15		99	77
01/03/2025	16		99	77
01/03/2025	17		99	73
01/03/2025	18		99	72
01/03/2025	19		99	72
01/03/2025	20		99	74
01/03/2025	21		99	74
01/03/2025	22		99	76
01/03/2025	23		99	75
02/03/2025	00		99	72
02/03/2025	01		99	68
02/03/2025	02		99	75
02/03/2025	03		99	76
02/03/2025	04		99	76
02/03/2025	05		99	74
02/03/2025	06		99	72
02/03/2025	07		99	65
02/03/2025	08		99	66
02/03/2025	09		99	70
02/03/2025	10		99	75
02/03/2025	11		99	70
02/03/2025	12		99	69
02/03/2025	13		99	74
02/03/2025	14		99	70
02/03/2025	15		99	68
02/03/2025	16		99	70
02/03/2025	17		99	65
02/03/2025	18		99	64
02/03/2025	19		99	64
02/03/2025	20		99	65
02/03/2025	21		99	58
02/03/2025	22		99	60
02/03/2025	23		99	51
03/03/2025	00		99	56
03/03/2025	01		99	47
03/03/2025	02		99	49
03/03/2025	03		99	48
03/03/2025	04		99	45
03/03/2025	05		99	38
03/03/2025	06		99	50
03/03/2025	07		99	47
03/03/2025	08		99	42
03/03/2025	09		99	56
03/03/2025	10		99	66
03/03/2025	11		99	68
03/03/2025	12		99	81
03/03/2025	13		99	83
03/03/2025	14		99	81
03/03/2025	15		99	84
03/03/2025	16		99	82
03/03/2025	17		99	79
03/03/2025	18		99	71
03/03/2025	19		99	66
03/03/2025	20		99	55
03/03/2025	21		99	55
03/03/2025	22		99	45
03/03/2025	23		99	35
04/03/2025	00		99	35
04/03/2025	01		99	48
04/03/2025	02		99	63
04/03/2025	03		99	65
04/03/2025	04		99	71
04/03/2025	05		99	63
04/03/2025	06		99	65
04/03/2025	07		99	71
04/03/2025	08		99	69
04/03/2025	09		99	71
04/03/2025	10		96	75
04/03/2025	11	14,5	81	75
04/03/2025	12	14,3	82	74
04/03/2025	13	14,9	78	74
04/03/2025	14	14,5	80	73
04/03/2025	15	14,4	83	73
04/03/2025	16	12,6	97	68
04/03/2025	17	13	96	68
04/03/2025	18	12,6	97	73
04/03/2025	19	12,1	99	60
04/03/2025	20	11,8	99	58
04/03/2025	21	11,6	99	52
04/03/2025	22	11,2	99	41
04/03/2025	23	12	94	63
05/03/2025	00	11,3	98	58
05/03/2025	01	10,6	99	49
05/03/2025	02	10,2	99	41
05/03/2025	03	11,7	93	66
05/03/2025	04	12	93	75
05/03/2025	05	11,8	96	71
05/03/2025	06	12	94	73
05/03/2025	07	11,3	98	68
05/03/2025	08	10,9	99	65
05/03/2025	09	11,5	99	68
05/03/2025	10	12,2	99	76
05/03/2025	11	12,6	98	76
05/03/2025	12	13	94	78
05/03/2025	13	12,9	98	77
05/03/2025	14	12,2	99	74
05/03/2025	15	11,6	99	73
05/03/2025	16	11,3	99	69
05/03/2025	17	11,4	99	60
05/03/2025	18	11,4	99	61
05/03/2025	19	11,3	99	65
05/03/2025	20	11,2	99	64
05/03/2025	21	11,2	99	67
05/03/2025	22	11,2	99	60
05/03/2025	23	11,3	99	68
06/03/2025	00	11,4	99	74
06/03/2025	01	11,3	99	72
06/03/2025	02	11	99	70
06/03/2025	03	10,9	99	65
06/03/2025	04	11	99	57
06/03/2025	05	11,1	99	55
06/03/2025	06	11,1	99	45
06/03/2025	07	11,1	99	46
06/03/2025	08	11,6	99	37
06/03/2025	09	12,4	99	40
06/03/2025	10	13,6	99	33
06/03/2025	11	14,7	93	58
06/03/2025	12	14,9	93	70
06/03/2025	13	14,8	92	73
06/03/2025	14	15	91	73
06/03/2025	15	15,1	90	72
06/03/2025	16	14,8	91	64
06/03/2025	17	13,1	97	58
06/03/2025	18	12,3	99	54
06/03/2025	19	12,4	99	55
06/03/2025	20	12,4	99	55
06/03/2025	21	12,2	99	47
06/03/2025	22	12	99	42
06/03/2025	23	11,6	99	51
07/03/2025	00	11,5	99	51
07/03/2025	01	11,6	99	47
07/03/2025	02	11,5	99	56
07/03/2025	03	11,3	99	54
07/03/2025	04	10,7	99	60
07/03/2025	05	10,7	99	48
07/03/2025	06	10,6	99	55
07/03/2025	07	10,5	99	52
07/03/2025	08	10,7	99	43
07/03/2025	09	11,1	99	47
07/03/2025	10	12,3	97	55
07/03/2025	11	13,6	89	59
07/03/2025	12	14,9	81	64
07/03/2025	13	14,8	82	66
07/03/2025	14	13,8	95	68
07/03/2025	15	13,9	93	74
07/03/2025	16	13,1	98	74
07/03/2025	17	12,6	97	72
07/03/2025	18	11,6	99	73
07/03/2025	19	11,1	99	74
07/03/2025	20	10,8	99	69
07/03/2025	21	10,5	99	75
07/03/2025	22	10,6	99	72
07/03/2025	23	10,6	99	68
08/03/2025	00	10,4	99	68
08/03/2025	01	10,7	99	66
08/03/2025	02	10,8	99	60
08/03/2025	03	10,9	99	60
08/03/2025	04	10,9	99	59
08/03/2025	05	10,5	99	61
08/03/2025	06	10,6	99	57
08/03/2025	07	10,9	99	61
08/03/2025	08	11,4	99	64
08/03/2025	09	12,1	99	71
08/03/2025	10	13,1	99	75
08/03/2025	11	13,1	99	78
08/03/2025	12	14,6	89	81
08/03/2025	13	14,5	93	82
08/03/2025	14	14	96	82
08/03/2025	15	14,5	93	84
08/03/2025	16	13,8	95	84
08/03/2025	17	12,9	98	83
08/03/2025	18	12,4	99	80
08/03/2025	19	11,8	99	70
08/03/2025	20	11,7	99	75
08/03/2025	21	11,1	99	71
08/03/2025	22	10,9	99	68
08/03/2025	23	10,6	99	61
09/03/2025	00	10,4	95	52
09/03/2025	01	9,4	96	50
09/03/2025	02	8,4	96	60
09/03/2025	03	7,6	94	64
09/03/2025	04	7,4	91	69
09/03/2025	05	7,1	86	69
09/03/2025	06	7,2	84	72
09/03/2025	07	6	93	58
09/03/2025	08	8,5	80	65
09/03/2025	09	10,1	79	62
09/03/2025	10	12,3	66	74
09/03/2025	11	13,4	54	84
09/03/2025	12	14,2	49	84
09/03/2025	13	14,7	48	83
09/03/2025	14	15,3	49	80
09/03/2025	15	14,7	51	83
09/03/2025	16	14,3	58	83
09/03/2025	17	11,3	81	82
09/03/2025	18	10,9	79	80
09/03/2025	19	10	84	69
09/03/2025	20	8,8	94	64
09/03/2025	21	8	99	50
09/03/2025	22	7,8	99	44
09/03/2025	23	7,8	99	44
10/03/2025	00	7,8	99	38
10/03/2025	01	8,3	96	46
10/03/2025	02	8	97	50
10/03/2025	03	8,1	96	50
10/03/2025	04	8,8	87	61
10/03/2025	05	8,8	94	58
10/03/2025	06	8,5	99	57
10/03/2025	07	7,9	99	51
10/03/2025	08	10,2	93	47
10/03/2025	09	11,8	79	62
10/03/2025	10	13,2	69	66
10/03/2025	11	13	65	72
10/03/2025	12	13,7	63	73
10/03/2025	13	14,6	57	74
10/03/2025	14	17,1	48	75
10/03/2025	15	17,2	44	77
10/03/2025	16	16,2	49	76
10/03/2025	17	15,7	54	72
10/03/2025	18	14,8	62	70
10/03/2025	19	13,3	82	65
10/03/2025	20	12	90	66
10/03/2025	21	10,4	97	53
10/03/2025	22	10,3	98	44
10/03/2025	23	11,5	86	59
11/03/2025	00	12,1	77	66
11/03/2025	01	10,5	83	61
11/03/2025	02	9,8	85	53
11/03/2025	03	11,1	76	61
11/03/2025	04	10,9	78	62
11/03/2025	05	11,4	75	65
11/03/2025	06	11,2	76	61
11/03/2025	07	10,4	85	60
11/03/2025	08	9,2	94	70
11/03/2025	09	10,7	86	69
11/03/2025	10	13,4	77	73
11/03/2025	11	15,9	59	77
11/03/2025	12	17,2	47	79
11/03/2025	13	18	45	81
11/03/2025	14	17,9	50	80
11/03/2025	15	17,6	52	84
11/03/2025	16	15,4	64	80
11/03/2025	17	13,7	73	77
11/03/2025	18	10,8	89	81
11/03/2025	19	10,9	82	80
11/03/2025	20	11	76	91
11/03/2025	21	11,1	74	88
11/03/2025	22	11	74	85
11/03/2025	23	10,8	76	86
12/03/2025	00	10,5	78	84
12/03/2025	01	9,9	84	81
12/03/2025	02	10,1	82	82
12/03/2025	03	10,1	83	82
12/03/2025	04	10	85	80
12/03/2025	05	10,2	83	80
12/03/2025	06	10,1	82	78
12/03/2025	07	10	84	75
12/03/2025	08	10,3	81	75
12/03/2025	09	11	79	70
12/03/2025	10	12,5	70	74
12/03/2025	11	13,5	66	75
12/03/2025	12	14,1	63	76
12/03/2025	13	14,3	61	76
12/03/2025	14	14,5	58	74
12/03/2025	15	14	60	71
12/03/2025	16	14,3	52	77
12/03/2025	17	14	50	81
12/03/2025	18	13,2	49	79
12/03/2025	19	12,3	55	72
12/03/2025	20	12	58	74
12/03/2025	21	11,5	59	75
12/03/2025	22	10,8	62	70
12/03/2025	23	9,4	72	57
13/03/2025	00	8,3	78	54
13/03/2025	01	8,8	73	59
13/03/2025	02	8,2	76	59
13/03/2025	03	8	78	59
13/03/2025	04	6,5	86	53
13/03/2025	05	5,8	90	49
13/03/2025	06	6,5	89	51
13/03/2025	07	7,4	87	55
13/03/2025	08	7,9	89	47
13/03/2025	09	11,3	76	54
13/03/2025	10	11,8	78	60
13/03/2025	11	12,9	82	64
13/03/2025	12	14,4	75	74
13/03/2025	13	13,5	82	73
13/03/2025	14	11,4	98	61
13/03/2025	15	12	97	67
13/03/2025	16	13,4	84	64
13/03/2025	17	12,6	81	76
13/03/2025	18	11,8	91	66
13/03/2025	19	11,3	89	69
13/03/2025	20	10,4	88	72
13/03/2025	21	9,9	85	79
13/03/2025	22	10,1	77	85
13/03/2025	23	9,1	85	79
14/03/2025	00	7,8	91	69
14/03/2025	01	7	95	62
14/03/2025	02	6,8	96	60
14/03/2025	03	6,2	99	48
14/03/2025	04	7	96	60
14/03/2025	05	7,5	94	58
14/03/2025	06	8,2	89	63
14/03/2025	07	7,9	97	58
14/03/2025	08	8,9	98	50
14/03/2025	09	10,3	89	56
14/03/2025	10	11,5	85	61
14/03/2025	11	12,1	85	69
14/03/2025	12	13,1	78	75
14/03/2025	13	14,1	71	80
14/03/2025	14	12,3	85	73
14/03/2025	15	10,7	95	74
14/03/2025	16	11,2	87	73
14/03/2025	17	10,4	90	63
14/03/2025	18	7,5	99	62
14/03/2025	19	6,8	99	56
14/03/2025	20	6,8	99	50
14/03/2025	21	6,6	99	55
14/03/2025	22	6,1	99	56
14/03/2025	23	6,3	99	56
15/03/2025	00	6,2	99	56
15/03/2025	01	6,3	99	50
15/03/2025	02	6,3	99	51
15/03/2025	03	5,9	94	58
15/03/2025	04	5,3	89	62
15/03/2025	05	4,7	89	58
15/03/2025	06	4,8	88	60
15/03/2025	07	5,3	85	59
15/03/2025	08	7,2	78	60
15/03/2025	09	8,4	75	61
15/03/2025	10	9,8	64	67
15/03/2025	11	10,6	52	76
15/03/2025	12	10,5	45	79
15/03/2025	13	10,8	45	79
15/03/2025	14	11,3	43	81
15/03/2025	15	10,9	44	80
15/03/2025	16	11,5	44	81
15/03/2025	17	10,9	46	79
15/03/2025	18	10,5	49	77
15/03/2025	19	9	57	70
15/03/2025	20	8,4	59	65
15/03/2025	21	8,8	59	65
15/03/2025	22	8	68	59
15/03/2025	23	8,5	68	63
16/03/2025	00	8,1	69	64
16/03/2025	01	7,4	71	64
16/03/2025	02	5,7	79	58
16/03/2025	03	4,4	88	46
16/03/2025	04	4,4	89	45
16/03/2025	05	6,2	80	58
16/03/2025	06	6,2	84	53
16/03/2025	07	6,3	82	57
16/03/2025	08	9,1	71	64
16/03/2025	09	9,8	70	79
16/03/2025	10	10,6	73	78
16/03/2025	11	13,2	61	80
16/03/2025	12	15,2	53	79
16/03/2025	13	14,1	61	79
16/03/2025	14	15,8	51	80
16/03/2025	15	14,1	60	78
16/03/2025	16	13,8	60	75
16/03/2025	17	13,3	59	77
16/03/2025	18	12,9	60	76
16/03/2025	19	11,7	69	73
16/03/2025	20	10,9	74	70
16/03/2025	21	10,1	78	64
16/03/2025	22	7,6	91	49
16/03/2025	23	7	94	45
17/03/2025	00	8,1	89	52
17/03/2025	01	9,5	81	61
17/03/2025	02	8,8	87	57
17/03/2025	03	8,1	94	42
17/03/2025	04	7,8	99	37
17/03/2025	05	7,9	99	48
17/03/2025	06	7,5	99	35
17/03/2025	07	7,6	99	38
17/03/2025	08	7,9	99	49
17/03/2025	09	8,1	99	56
17/03/2025	10	8,5	99	57
17/03/2025	11	8,4	99	54
17/03/2025	12	8,3	99	52
17/03/2025	13	9,2	99	57
17/03/2025	14	9,7	99	55
17/03/2025	15	9,4	99	59
17/03/2025	16	9,7	99	58
17/03/2025	17	9,8	99	67
17/03/2025	18	9,3	99	69
17/03/2025	19	8,7	99	63
17/03/2025	20	8,4	99	61
17/03/2025	21	8,5	99	58
17/03/2025	22	8,7	99	49
17/03/2025	23	8,6	99	56
18/03/2025	00	8,6	99	52
18/03/2025	01	8,7	99	51
18/03/2025	02	8,4	99	40
18/03/2025	03	8,3	99	35
18/03/2025	04	8,7	99	40
18/03/2025	05	8,8	99	50
18/03/2025	06	8,7	99	54
18/03/2025	07	9,2	99	57
18/03/2025	08	10,1	99	75
18/03/2025	09	10,5	99	76
18/03/2025	10	10,8	99	76
18/03/2025	11	11,2	99	76
18/03/2025	12	11,1	99	75
18/03/2025	13	10,6	99	77
18/03/2025	14	10,8	99	78
18/03/2025	15	10,9	99	76
18/03/2025	16	11	99	71
18/03/2025	17	9,9	99	47
18/03/2025	18	9,3	99	53
18/03/2025	19	9,2	99	61
18/03/2025	20	9,2	99	69
18/03/2025	21	9,2	99	72
18/03/2025	22	9,2	99	72
18/03/2025	23	9,1	99	73
19/03/2025	00	9,5	99	66
19/03/2025	01	9,6	99	69
19/03/2025	02	9,3	99	69
19/03/2025	03	9,4	99	65
19/03/2025	04	9,5	99	65
19/03/2025	05	9,3	99	64
19/03/2025	06	8,7	99	53
19/03/2025	07	8,5	99	36
19/03/2025	08	11,3	98	33
19/03/2025	09	13	94	62
19/03/2025	10	15	88	66
19/03/2025	11	16,3	84	75
19/03/2025	12	16,3	82	85
19/03/2025	13	16,5	82	88
19/03/2025	14	17	76	91
19/03/2025	15	16,7	79	89
19/03/2025	16	16,3	77	88
19/03/2025	17	15,3	87	86
19/03/2025	18	13,9	97	79
19/03/2025	19	12,9	99	69
19/03/2025	20	12,5	99	67
19/03/2025	21	12,2	99	67
19/03/2025	22	11,8	99	63
19/03/2025	23	11	99	51
20/03/2025	00	10,9	99	40
20/03/2025	01	10,2	99	39
20/03/2025	02	10	99	50
20/03/2025	03	10,2	99	59
20/03/2025	04	11,1	96	61
20/03/2025	05	10,7	99	54
20/03/2025	06	10,8	98	57
20/03/2025	07	10,8	99	57
20/03/2025	08	11,6	99	55
20/03/2025	09	13,2	97	58
20/03/2025	10	15,1	90	59
20/03/2025	11	17,6	78	63
20/03/2025	12	19,7	66	69
20/03/2025	13	17,9	81	74
20/03/2025	14	17,5	86	76
20/03/2025	15	19,2	73	78
20/03/2025	16	19,4	71	79
20/03/2025	17	18,9	74	76
20/03/2025	18	15	97	62
20/03/2025	19	13,3	99	54
20/03/2025	20	12,5	99	48
20/03/2025	21	11,8	99	51
20/03/2025	22	11,5	99	50
20/03/2025	23	11,4	99	56
21/03/2025	00	11,3	99	58
21/03/2025	01	11,5	99	61
21/03/2025	02	11,5	99	61
21/03/2025	03	11,5	99	61
21/03/2025	04	11,6	99	60
21/03/2025	05	11,2	99	54
21/03/2025	06	11,9	99	55
21/03/2025	07	11,1	90	86
21/03/2025	08	11,9	75	93
21/03/2025	09	11,7	79	85
21/03/2025	10	14,7	67	85
21/03/2025	11	15,1	66	82
21/03/2025	12	16,1	47	86
21/03/2025	13	16,9	38	86
21/03/2025	14	17,7	31	84
21/03/2025	15	17,5	31	83
21/03/2025	16	17,4	32	79
21/03/2025	17	17	35	74
21/03/2025	18	15,9	54	74
21/03/2025	19	13,8	76	72
21/03/2025	20	13,1	75	69
21/03/2025	21	12,6	71	65
21/03/2025	22	12,6	68	68
21/03/2025	23	11,9	73	73
22/03/2025	00	10	84	60
22/03/2025	01	10,5	82	67
22/03/2025	02	10,3	83	64
22/03/2025	03	11,9	75	75
22/03/2025	04	10,9	83	75
22/03/2025	05	8,8	92	76
22/03/2025	06	9	88	76
22/03/2025	07	9,7	75	82
22/03/2025	08	9,8	73	80
22/03/2025	09	10,3	71	81
22/03/2025	10	10	69	81
22/03/2025	11	12,3	58	82
22/03/2025	12	13,7	49	84
22/03/2025	13	14,8	44	83
22/03/2025	14	15,3	42	81
22/03/2025	15	15,4	44	81
22/03/2025	16	15,3	47	78
22/03/2025	17	14,1	53	76
22/03/2025	18	13,5	55	73
22/03/2025	19	12,4	59	73
22/03/2025	20	11,5	62	74
22/03/2025	21	10,3	71	76
22/03/2025	22	9,8	72	76
22/03/2025	23	9,2	73	78
23/03/2025	00	8,6	77	76
23/03/2025	01	8,3	78	77
23/03/2025	02	7,9	78	78
23/03/2025	03	7,2	79	78
23/03/2025	04	6,7	78	77
23/03/2025	05	6,7	74	77
23/03/2025	06	6,4	75	74
23/03/2025	07	6,5	76	72
23/03/2025	08	7,6	73	69
23/03/2025	09	8,8	69	71
23/03/2025	10	9,2	69	70
23/03/2025	11	10,4	66	69
23/03/2025	12	11,1	61	71
23/03/2025	13	12,1	55	72
23/03/2025	14	13,5	47	74
23/03/2025	15	13,2	47	74
23/03/2025	16	13,9	46	73
23/03/2025	17	13,4	50	70
23/03/2025	18	11,9	62	67
23/03/2025	19	10,3	77	62
23/03/2025	20	10,4	70	60
23/03/2025	21	9	93	57
23/03/2025	22	8,3	99	43
23/03/2025	23	9,1	74	61
24/03/2025	00	8,5	73	65
24/03/2025	01	7,1	82	55
24/03/2025	02	7,6	76	62
24/03/2025	03	7,7	75	59
24/03/2025	04	8	73	64
24/03/2025	05	8,1	71	67
24/03/2025	06	8	70	68
24/03/2025	07	8,3	68	69
24/03/2025	08	8,8	67	67
24/03/2025	09	10,5	61	70
24/03/2025	10	11,8	58	72
24/03/2025	11	13,3	55	75
24/03/2025	12	14,4	49	77
24/03/2025	13	14,7	44	80
24/03/2025	14	15	41	79
24/03/2025	15	15,2	40	79
24/03/2025	16	15,4	40	79
24/03/2025	17	15	40	82
24/03/2025	18	14	46	79
24/03/2025	19	13,4	54	73
24/03/2025	20	13,2	57	71
24/03/2025	21	12,8	61	70
24/03/2025	22	12	68	72
24/03/2025	23	11,5	71	68
25/03/2025	00	11,1	74	62
25/03/2025	01	10,4	79	57
25/03/2025	02	9,6	85	55
25/03/2025	03	9,3	84	61
25/03/2025	04	9,1	85	67
25/03/2025	05	8,4	89	63
25/03/2025	06	7,6	93	56
25/03/2025	07	8,2	91	55
25/03/2025	08	9,9	83	58
25/03/2025	09	11	79	60
25/03/2025	10	12,7	68	67
25/03/2025	11	14,3	58	67
25/03/2025	12	15,1	54	70
25/03/2025	13	15,5	45	75
25/03/2025	14	15,8	44	75
25/03/2025	15	15,7	45	76
25/03/2025	16	15,3	59	75
25/03/2025	17	14,6	71	75
25/03/2025	18	13,1	83	75
25/03/2025	19	11,8	92	72
25/03/2025	20	10,5	98	53
25/03/2025	21	10,4	98	47
25/03/2025	22	10,3	92	51
25/03/2025	23	9,3	92	45
26/03/2025	00	8,8	93	48
26/03/2025	01	8,4	91	55
26/03/2025	02	7,3	94	51
26/03/2025	03	6,9	98	49
26/03/2025	04	6,3	99	45
26/03/2025	05	6,2	99	46
26/03/2025	06	5,9	99	46
26/03/2025	07	7	95	34
26/03/2025	08	10,3	81	58
26/03/2025	09	12,2	69	69
26/03/2025	10	13,9	64	70
26/03/2025	11	15,5	58	69
26/03/2025	12	16,5	48	75
26/03/2025	13	16,9	44	79
26/03/2025	14	17,2	40	83
26/03/2025	15	17,1	39	86
26/03/2025	16	16,7	40	84
26/03/2025	17	17	38	84
26/03/2025	18	15,8	41	83
26/03/2025	19	14,4	47	79
26/03/2025	20	13,2	52	71
26/03/2025	21	12,5	56	68
26/03/2025	22	12	59	68
26/03/2025	23	11,1	63	63
27/03/2025	00	10,1	66	60
27/03/2025	01	7,6	81	48
27/03/2025	02	7	85	45
27/03/2025	03	6,2	89	43
27/03/2025	04	5,5	94	39
27/03/2025	05	4,9	97	35
27/03/2025	06	5,2	97	37
27/03/2025	07	5,8	96	34
27/03/2025	08	8,1	88	44
27/03/2025	09	12,6	64	64
27/03/2025	10	14,6	51	77
27/03/2025	11	15,6	47	80
27/03/2025	12	16,5	43	84
27/03/2025	13	17,3	42	82
27/03/2025	14	18,2	37	83
27/03/2025	15	18,6	32	86
27/03/2025	16	17,9	35	86
27/03/2025	17	17,7	36	88
27/03/2025	18	16,7	39	86
27/03/2025	19	14,9	45	83
27/03/2025	20	13,5	53	76
27/03/2025	21	12,4	58	68
27/03/2025	22	12,1	59	67
27/03/2025	23	11,3	63	65
28/03/2025	00	9,8	71	58
28/03/2025	01	10	71	58
28/03/2025	02	10	70	61
28/03/2025	03	9,5	74	59
28/03/2025	04	8,9	78	56
28/03/2025	05	8,2	82	51
28/03/2025	06	7,9	83	50
28/03/2025	07	8,8	81	46
28/03/2025	08	10,5	74	49
28/03/2025	09	13,1	60	62
28/03/2025	10	14,5	55	65
28/03/2025	11	15,9	50	73
28/03/2025	12	16,7	45	79
28/03/2025	13	17,8	36	81
28/03/2025	14	18,6	27	86
28/03/2025	15	19	23	90
28/03/2025	16	19,1	20	90
28/03/2025	17	18,8	21	89
28/03/2025	18	17,9	25	86
28/03/2025	19	16,4	33	84
28/03/2025	20	15,9	34	85
28/03/2025	21	15,3	34	82
28/03/2025	22	15,4	32	84
28/03/2025	23	15	35	85
29/03/2025	00	14,4	39	82
29/03/2025	01	13,4	47	76
29/03/2025	02	12,2	52	72
29/03/2025	03	10,9	58	68
29/03/2025	04	10,7	54	71
29/03/2025	05	10,2	53	75
29/03/2025	06	10,5	49	78
29/03/2025	07	10,7	50	77
29/03/2025	08	11,9	45	78
29/03/2025	09	13,3	39	82
29/03/2025	10	14,9	35	83
29/03/2025	11	16,3	31	83
29/03/2025	12	17,6	28	85
29/03/2025	13	18,4	28	85
29/03/2025	14	18,9	24	89
29/03/2025	15	19,5	23	89
29/03/2025	16	19,5	23	88
29/03/2025	17	19,3	23	89
29/03/2025	18	18,7	22	87
29/03/2025	19	16,4	21	82
29/03/2025	20	13,7	33	72
29/03/2025	21	11	46	65
29/03/2025	22	11,1	39	72
29/03/2025	23	9,5	46	68
30/03/2025	00	8,6	50	70
30/03/2025	01	7,2	56	64
30/03/2025	02	6,7	58	66
30/03/2025	03	5,9	61	66
30/03/2025	04	5,3	63	65
30/03/2025	05	4,1	70	60
30/03/2025	06	3,4	74	55
30/03/2025	07	4,9	66	58
30/03/2025	08	7,9	51	66
30/03/2025	09	10,1	41	72
30/03/2025	10	12,7	34	77
30/03/2025	11	15,9	28	79
30/03/2025	12	18,3	21	83
30/03/2025	13	19	20	83
30/03/2025	14	19,8	19	83
30/03/2025	15	21	18	83
30/03/2025	16	21,3	17	80
30/03/2025	17	20,2	20	87
30/03/2025	18	17,7	24	89
30/03/2025	19	14,2	42	82
30/03/2025	20	11,9	55	75
30/03/2025	21	10,4	66	68
30/03/2025	22	8,3	79	48
30/03/2025	23	7,2	84	45
31/03/2025	00	6,9	85	49
31/03/2025	01	6,4	85	47
31/03/2025	02	5,4	91	41
31/03/2025	03	4,7	94	38
31/03/2025	04	4,9	90	43
31/03/2025	05	4,5	91	41
31/03/2025	06	4,1	95	37
31/03/2025	07	7,2	80	40
31/03/2025	08	11,6	61	51
31/03/2025	09	15,7	46	63
31/03/2025	10	19,3	31	68
31/03/2025	11	20,9	21	79
31/03/2025	12	23,9	15	81
31/03/2025	13	24,5	14	86
31/03/2025	14	25,3	11	89
31/03/2025	15	26,1	10	84
31/03/2025	16	26,1	10	88
31/03/2025	17	24,9	10	96
31/03/2025	18	22,8	15	97
31/03/2025	19	18,7	26	77
31/03/2025	20	15,4	38	61
31/03/2025	21	13,2	48	56
31/03/2025	22	12	55	53
31/03/2025	23	12,5	52	61
01/04/2025	00	11,2	58	55
01/04/2025	01	9,7	67	51
01/04/2025	02	9	70	47
01/04/2025	03	8,8	70	47
01/04/2025	04	8,1	74	47
01/04/2025	05	7,2	79	43
01/04/2025	06	6,1	86	33
01/04/2025	07	9,8	70	28
01/04/2025	08	15	36	61
01/04/2025	09	17,7	24	81
01/04/2025	10	19,4	15	92
01/04/2025	11	21,8	13	89
01/04/2025	12	23,2	11	92
01/04/2025	13	23,6	11	95
01/04/2025	14	23	16	99
01/04/2025	15	23,2	18	110
01/04/2025	16	21,5	21	113
01/04/2025	17	21,6	21	111
01/04/2025	18	20,1	29	107
01/04/2025	19	16,5	46	89
01/04/2025	20	14,3	62	79
01/04/2025	21	12,8	73	76
01/04/2025	22	11,8	81	75
01/04/2025	23	11,2	80	79
02/04/2025	00	10,1	85	68
02/04/2025	01	9,1	91	58
02/04/2025	02	8,1	95	49
02/04/2025	03	7,7	98	41
02/04/2025	04	8,6	99	56
02/04/2025	05	8,3	99	44
02/04/2025	06	8	99	36
02/04/2025	07	7,7	99	28
02/04/2025	08	10,5	98	46
02/04/2025	09	14,4	81	82
02/04/2025	10	17,4	63	84
02/04/2025	11	19,3	55	91
02/04/2025	12	19,2	55	100
02/04/2025	13	19,3	58	103
02/04/2025	14	19,3	60	106
02/04/2025	15	19,1	56	112
02/04/2025	16	18,2	57	115
02/04/2025	17	16,8	70	115
02/04/2025	18	14,9	77	116
02/04/2025	19	13,1	90	107
02/04/2025	20	11,9	94	95
02/04/2025	21	11,6	97	93
02/04/2025	22	11,1	99	88
02/04/2025	23	10,9	99	82
03/04/2025	00	10,6	99	78
03/04/2025	01	10	99	55
03/04/2025	02	9,4	99	44
03/04/2025	03	10,1	99	53
03/04/2025	04	9,7	99	41
03/04/2025	05	9,7	99	47
03/04/2025	06	9,8	99	48
03/04/2025	07	10,5	96	71
03/04/2025	08	12,2	91	78
03/04/2025	09	15,2	71	77
03/04/2025	10	17,4	55	82
03/04/2025	11	19,3	50	92
03/04/2025	12	19,8	52	100
03/04/2025	13	20,4	49	102
03/04/2025	14	20,5	49	101
03/04/2025	15	20,2	50	98
03/04/2025	16	17,8	68	82
03/04/2025	17	15,5	84	75
03/04/2025	18	14	93	71
03/04/2025	19	13	95	73
03/04/2025	20	12,7	95	64
03/04/2025	21	12,6	96	61
03/04/2025	22	12,5	98	68
03/04/2025	23	12,6	99	72
04/04/2025	00	12,7	99	76
04/04/2025	01	12,9	97	77
04/04/2025	02	12,8	99	73
04/04/2025	03	12,8	99	77
04/04/2025	04	12,6	99	67
04/04/2025	05	13,5	89	72
04/04/2025	06	12,7	97	73
04/04/2025	07	12,5	99	77
04/04/2025	08	13,6	95	74
04/04/2025	09	14,4	91	75
04/04/2025	10	16,5	79	77
04/04/2025	11	21,4	51	77
04/04/2025	12	22,9	42	85
04/04/2025	13	23,5	39	91
04/04/2025	14	22,3	45	100
04/04/2025	15	21,2	52	102
04/04/2025	16	20,9	52	102
04/04/2025	17	19,8	56	99
04/04/2025	18	18,2	65	96
04/04/2025	19	17	74	88
04/04/2025	20	14,7	98	80
04/04/2025	21	14,1	99	71
04/04/2025	22	13,2	99	61
04/04/2025	23	12,7	99	56
05/04/2025	00	12	99	45
05/04/2025	01	12,2	97	43
05/04/2025	02	11,2	95	50
05/04/2025	03	12,3	80	68
05/04/2025	04	12,7	70	78
05/04/2025	05	12,7	70	77
05/04/2025	06	12,2	78	75
05/04/2025	07	12,6	76	80
05/04/2025	08	13,8	73	81
05/04/2025	09	14,8	65	81
05/04/2025	10	15,7	55	84
05/04/2025	11	16,7	47	87
05/04/2025	12	17,5	41	90
05/04/2025	13	18,1	38	92
05/04/2025	14	18,6	37	92
05/04/2025	15	18,9	35	93
05/04/2025	16	19,1	34	92
05/04/2025	17	18,6	35	92
05/04/2025	18	17,6	38	90
05/04/2025	19	16,3	44	86
05/04/2025	20	15,2	50	80
05/04/2025	21	14,7	54	76
05/04/2025	22	14,3	61	72
05/04/2025	23	13,4	69	65
06/04/2025	00	12,7	73	65
06/04/2025	01	11,7	78	60
06/04/2025	02	11,5	76	64
06/04/2025	03	11,4	71	68
06/04/2025	04	10,6	75	65
06/04/2025	05	10,4	77	66
06/04/2025	06	9,8	82	61
06/04/2025	07	10,8	80	63
06/04/2025	08	13,9	67	68
06/04/2025	09	15,6	61	74
06/04/2025	10	17,3	54	77
06/04/2025	11	18,7	48	79
06/04/2025	12	20,7	36	80
06/04/2025	13	21	32	82
06/04/2025	14	21,8	30	83
06/04/2025	15	20,7	32	87
06/04/2025	16	20,7	32	88
06/04/2025	17	20,6	33	90
06/04/2025	18	19,6	45	85
06/04/2025	19	17	55	82
06/04/2025	20	15,7	62	74
06/04/2025	21	13,5	72	60
06/04/2025	22	13,3	70	55
06/04/2025	23	14,8	61	70
07/04/2025	00	14,9	59	75
07/04/2025	01	14,7	59	76
07/04/2025	02	14,5	59	78
07/04/2025	03	14,3	60	77
07/04/2025	04	12,8	68	70
07/04/2025	05	11,8	74	65
07/04/2025	06	11,4	77	61
07/04/2025	07	12,5	74	57
07/04/2025	08	15,4	64	63
07/04/2025	09	16,9	58	71
07/04/2025	10	18,8	52	72
07/04/2025	11	22,6	36	73
07/04/2025	12	24,6	27	81
07/04/2025	13	25,3	26	85
07/04/2025	14	24,3	28	89
07/04/2025	15	23,2	31	98
07/04/2025	16	24	29	96
07/04/2025	17	22,6	36	93
07/04/2025	18	20,2	46	91
07/04/2025	19	17,5	56	81
07/04/2025	20	15,8	66	74
07/04/2025	21	13,9	70	62
07/04/2025	22	12,3	69	52
07/04/2025	23	11,6	73	53
08/04/2025	00	10,7	74	59
08/04/2025	01	10,4	77	55
08/04/2025	02	9,2	84	47
08/04/2025	03	9,4	91	47
08/04/2025	04	9,6	97	46
08/04/2025	05	8,4	99	33
08/04/2025	06	7,4	99	26
08/04/2025	07	9,8	92	
08/04/2025	08	14,1	73	57
08/04/2025	09	19,5	47	67
08/04/2025	10	22,4	29	87
08/04/2025	11	23,3	29	93
08/04/2025	12	24,1	27	96
08/04/2025	13	24,6	25	102
08/04/2025	14	24,8	24	102
08/04/2025	15	24,4	23	101
08/04/2025	16	23,9	22	100
08/04/2025	17	23	25	99
08/04/2025	18	21,4	35	95
08/04/2025	19	18,1	63	89
08/04/2025	20	15,6	77	72
08/04/2025	21	13,8	80	65
08/04/2025	22	11,9	73	57
08/04/2025	23	10,7	72	56
09/04/2025	00	9,5	74	50
09/04/2025	01	9,2	76	62
09/04/2025	02	10,5	86	75
09/04/2025	03	9,5	98	67
09/04/2025	04	7,4	99	47
09/04/2025	05	7,1	99	39
09/04/2025	06	7,4	99	35
09/04/2025	07	7,5	99	30
09/04/2025	08	9,4	99	38
09/04/2025	09	15	76	54
09/04/2025	10	20,2	35	83
09/04/2025	11	22,6	29	88
09/04/2025	12	24	24	92
09/04/2025	13	24,6	24	100
09/04/2025	14	24,4	23	100
09/04/2025	15	24,3	22	96
09/04/2025	16	22,9	25	95
09/04/2025	17	21,9	29	96
09/04/2025	18	20,5	33	94
09/04/2025	19	17,5	46	87
09/04/2025	20	15	56	70
09/04/2025	21	13,7	59	69
09/04/2025	22	12,5	62	67
09/04/2025	23	11,5	56	70
10/04/2025	00	10,6	51	68
10/04/2025	01	8,7	63	53
10/04/2025	02	8,4	67	57
10/04/2025	03	8,1	71	58
10/04/2025	04	8,8	82	56
10/04/2025	05	9,6	97	53
10/04/2025	06	9,5	99	45
10/04/2025	07	11,4	96	54
10/04/2025	08	12,9	90	62
10/04/2025	09	14,5	81	66
10/04/2025	10	18,7	52	83
10/04/2025	11	20,2	40	97
10/04/2025	12	20,3	45	100
10/04/2025	13	21,4	40	104
10/04/2025	14	21,3	42	105
10/04/2025	15	20,8	42	106
10/04/2025	16	19,6	47	104
10/04/2025	17	18,4	54	102
10/04/2025	18	16,5	66	101
10/04/2025	19	14,7	82	87
10/04/2025	20	13,7	87	80
10/04/2025	21	12,7	95	71
10/04/2025	22	11,8	99	56
10/04/2025	23	10,8	99	41
11/04/2025	00	10,8	99	42
11/04/2025	01	11,2	98	62
11/04/2025	02	11	99	60
11/04/2025	03	10,9	99	59
11/04/2025	04	10,9	99	58
11/04/2025	05	10,9	98	57
11/04/2025	06	10,4	98	50
11/04/2025	07	11	96	47
11/04/2025	08	13,2	87	66
11/04/2025	09	16,1	69	69
11/04/2025	10	17,5	59	80
11/04/2025	11	19,4	44	88
11/04/2025	12	20,4	40	96
11/04/2025	13	21,3	33	100
11/04/2025	14	20,6	33	101
11/04/2025	15	19,6	47	100
11/04/2025	16	18,5	59	94
11/04/2025	17	17,2	69	86
11/04/2025	18	15,9	76	85
11/04/2025	19	15,1	81	81
11/04/2025	20	13,9	88	72
11/04/2025	21	13,1	95	75
11/04/2025	22	12,4	99	73
11/04/2025	23	12,8	97	62
12/04/2025	00	12,1	99	56
12/04/2025	01	12,1	99	64
12/04/2025	02	11,6	99	63
12/04/2025	03	11,4	99	61
12/04/2025	04	11,5	99	66
12/04/2025	05	11,3	99	55
12/04/2025	06	11,3	99	49
12/04/2025	07	12	99	48
12/04/2025	08	12,5	99	48
12/04/2025	09	12,8	99	48
12/04/2025	10	14,2	99	57
12/04/2025	11	16,2	95	60
12/04/2025	12	16,8	91	67
12/04/2025	13	16,8	92	66
12/04/2025	14	15,7	99	62
12/04/2025	15	16,6	93	62
12/04/2025	16	17,5	87	71
12/04/2025	17	17,3	84	77
12/04/2025	18	16,7	81	77
12/04/2025	19	16,4	79	69
12/04/2025	20	15,4	85	59
12/04/2025	21	13,8	96	43
12/04/2025	22	12,7	99	31
12/04/2025	23	13,6	96	46
13/04/2025	00	13,3	97	40
13/04/2025	01	13,2	98	40
13/04/2025	02	13	99	38
13/04/2025	03	11,2	99	27
13/04/2025	04	11,9	99	37
13/04/2025	05	12	99	37
13/04/2025	06	11,9	99	42
13/04/2025	07	14,3	91	58
13/04/2025	08	16,4	83	69
13/04/2025	09	16,9	80	72
13/04/2025	10	16,8	81	71
13/04/2025	11	18,2	72	71
13/04/2025	12	19,8	62	72
13/04/2025	13	20,5	59	72
13/04/2025	14	19,7	64	74
13/04/2025	15	19,1	71	69
13/04/2025	16	19,2	75	69
13/04/2025	17	18,3	80	71
13/04/2025	18	16,2	93	65
13/04/2025	19	15,3	99	53
13/04/2025	20	14,8	99	44
13/04/2025	21	13,4	99	30
13/04/2025	22	12,9	99	21
13/04/2025	23	12,6	99	26
14/04/2025	00	12,1	99	21
14/04/2025	01	12,1	99	17
14/04/2025	02	12,8	99	29
14/04/2025	03	13,1	99	35
14/04/2025	04	12,8	99	34
14/04/2025	05	11,7	99	30
14/04/2025	06	11	99	23
14/04/2025	07	12,8	99	13
14/04/2025	08	15,2	92	33
14/04/2025	09	16,3	88	40
14/04/2025	10	18,7	77	51
14/04/2025	11	20,3	58	66
14/04/2025	12	21,1	50	70
14/04/2025	13	21,8	47	69
14/04/2025	14	21,8	47	75
14/04/2025	15	19,8	62	72
14/04/2025	16	18,6	71	71
14/04/2025	17	19,3	63	73
14/04/2025	18	19,2	57	72
14/04/2025	19	18,3	52	77
14/04/2025	20	17,2	52	80
14/04/2025	21	16,4	55	81
14/04/2025	22	15,3	60	80
14/04/2025	23	15,2	53	84
15/04/2025	00	14,4	53	80
15/04/2025	01	14,8	51	79
15/04/2025	02	13,2	61	75
15/04/2025	03	13,5	62	73
15/04/2025	04	12,4	73	70
15/04/2025	05	12,4	77	69
15/04/2025	06	11,9	79	71
15/04/2025	07	11,2	86	69
15/04/2025	08	11,7	76	75
15/04/2025	09	11,7	72	77
15/04/2025	10	13,3	61	81
15/04/2025	11	14,5	51	80
15/04/2025	12	16	37	86
15/04/2025	13	16,6	32	87
15/04/2025	14	16,9	29	87
15/04/2025	15	14	48	86
15/04/2025	16	12,9	53	85
15/04/2025	17	13,7	45	87
15/04/2025	18	12,5	49	87
15/04/2025	19	10,6	58	84
15/04/2025	20	10	62	85
15/04/2025	21	9,1	72	82
15/04/2025	22	8,8	75	81
15/04/2025	23	8,6	77	77
16/04/2025	00	8,7	74	76
16/04/2025	01	8,9	71	79
16/04/2025	02	8,7	72	78
16/04/2025	03	8,4	72	79
16/04/2025	04	7,8	73	79
16/04/2025	05	7,4	75	76
16/04/2025	06	7,3	75	75
16/04/2025	07	8	71	73
16/04/2025	08	8,9	64	75
16/04/2025	09	10	58	77
16/04/2025	10	11	51	79
16/04/2025	11	12,2	44	81
16/04/2025	12	13,2	40	82
16/04/2025	13	14,1	37	83
16/04/2025	14	15	33	83
16/04/2025	15	15,6	28	85
16/04/2025	16	15,7	27	85
16/04/2025	17	16	26	83
16/04/2025	18	15	31	81
16/04/2025	19	13,1	50	79
16/04/2025	20	12,2	58	71
16/04/2025	21	11,9	63	66
16/04/2025	22	11,7	68	65
16/04/2025	23	11,1	81	59
17/04/2025	00	11,5	78	60
17/04/2025	01	12,3	69	69
17/04/2025	02	12,2	73	70
17/04/2025	03	11,9	81	70
17/04/2025	04	12,3	78	69
17/04/2025	05	12,3	80	70
17/04/2025	06	12	83	66
17/04/2025	07	12,3	81	68
17/04/2025	08	13,6	70	74
17/04/2025	09	14,1	60	81
17/04/2025	10	15,5	51	84
17/04/2025	11	16,8	42	88
17/04/2025	12	18	34	90
17/04/2025	13	19,2	32	88
17/04/2025	14	20,7	27	86
17/04/2025	15	21,7	23	85
17/04/2025	16	21,7	26	82
17/04/2025	17	21,2	31	75
17/04/2025	18	20,3	37	69
17/04/2025	19	18,8	45	64
17/04/2025	20	17,4	54	57
17/04/2025	21	16,8	58	56
17/04/2025	22	16,3	62	56
17/04/2025	23	15	68	53
18/04/2025	00	14,6	72	51
18/04/2025	01	12,8	81	42
18/04/2025	02	12,6	83	45
18/04/2025	03	12,8	81	47
18/04/2025	04	11,8	87	43
18/04/2025	05	10,7	93	35
18/04/2025	06	10,8	94	32
18/04/2025	07	12,8	87	39
18/04/2025	08	15,2	79	45
18/04/2025	09	17,2	65	59
18/04/2025	10	20,5	47	60
18/04/2025	11	21,9	40	66
18/04/2025	12	22,7	35	71
18/04/2025	13	23,5	33	71
18/04/2025	14	23,1	34	75
18/04/2025	15	22,7	35	77
18/04/2025	16	22,8	34	79
18/04/2025	17	22	43	77
18/04/2025	18	19,7	52	69
18/04/2025	19	17,4	61	67
18/04/2025	20	15,8	71	61
18/04/2025	21	14,4	79	58
18/04/2025	22	12,6	87	47
18/04/2025	23	12	94	50
19/04/2025	00	10,7	97	34
19/04/2025	01	10,7	97	41
19/04/2025	02	9,9	99	33
19/04/2025	03	11,4	94	42
19/04/2025	04	11,4	96	44
19/04/2025	05	10,7	99	42
19/04/2025	06	12,4	84	49
19/04/2025	07	15,9	55	70
19/04/2025	08	16,7	49	74
19/04/2025	09	16,6	53	71
19/04/2025	10	16,2	51	76
19/04/2025	11	13	67	83
19/04/2025	12	15,6	43	89
19/04/2025	13	16,6	31	93
19/04/2025	14	17,3	27	92
19/04/2025	15	17,2	28	87
19/04/2025	16	16,7	28	87
19/04/2025	17	16,3	29	87
19/04/2025	18	15,1	32	87
19/04/2025	19	14	37	84
19/04/2025	20	13,3	39	81
19/04/2025	21	12,4	43	78
19/04/2025	22	12,1	49	79
19/04/2025	23	11,8	51	79
20/04/2025	00	11,4	53	80
20/04/2025	01	11	55	77
20/04/2025	02	10,5	56	77
20/04/2025	03	10	57	80
20/04/2025	04	9,2	61	78
20/04/2025	05	8,2	64	73
20/04/2025	06	8,2	64	70
20/04/2025	07	10	61	74
20/04/2025	08	9,5	70	77
20/04/2025	09	11,1	61	75
20/04/2025	10	13,1	54	74
20/04/2025	11	13,6	48	77
20/04/2025	12	14,4	45	77
20/04/2025	13	11,2	80	75
20/04/2025	14	13,4	66	73
20/04/2025	15	14,7	57	73
20/04/2025	16	14,4	51	82
20/04/2025	17	11,9	72	80
20/04/2025	18	12,4	68	82
20/04/2025	19	12,3	74	73
20/04/2025	20	12,3	69	71
20/04/2025	21	12	69	69
20/04/2025	22	11,9	64	70
20/04/2025	23	10,9	67	67
21/04/2025	00	10,6	70	68
21/04/2025	01	9,5	76	63
21/04/2025	02	8,9	79	58
21/04/2025	03	7,8	85	52
21/04/2025	04	7,8	87	50
21/04/2025	05	9,4	81	58
21/04/2025	06	9	85	54
21/04/2025	07	11,7	76	57
21/04/2025	08	13,7	69	63
21/04/2025	09	15,3	64	64
21/04/2025	10	17,2	54	67
21/04/2025	11	18,6	44	75
21/04/2025	12	20,2	30	78
21/04/2025	13	20,2	28	80
21/04/2025	14	20,7	27	79
21/04/2025	15	21,4	25	78
21/04/2025	16	21,7	26	80
21/04/2025	17	20,1	37	89
21/04/2025	18	18,8	41	84
21/04/2025	19	16,5	52	75
21/04/2025	20	14,9	67	70
21/04/2025	21	13,6	78	65
21/04/2025	22	12,4	84	58
21/04/2025	23	11,7	85	48
22/04/2025	00	11,8	84	43
22/04/2025	01	12,3	76	52
22/04/2025	02	13,3	65	56
22/04/2025	03	13,3	68	53
22/04/2025	04	13,6	64	61
22/04/2025	05	12,5	76	45
22/04/2025	06	12,2	78	37
22/04/2025	07	13	83	41
22/04/2025	08	15,1	71	50
22/04/2025	09	17,3	62	64
22/04/2025	10	18,1	59	67
22/04/2025	11	19	54	70
22/04/2025	12	19,1	51	72
22/04/2025	13	19,3	50	74
22/04/2025	14	19,3	50	75
22/04/2025	15	15,5	84	81
22/04/2025	16	14,8	98	78
22/04/2025	17	15,1	95	74
22/04/2025	18	15,3	94	70
22/04/2025	19	14,7	96	63
22/04/2025	20	13,8	98	52
22/04/2025	21	13,1	99	46
22/04/2025	22	11,6	99	37
22/04/2025	23	10,3	99	24
23/04/2025	00	10	99	26
23/04/2025	01	10,3	99	38
23/04/2025	02	10,2	99	41
23/04/2025	03	9	99	30
23/04/2025	04	8,6	99	28
23/04/2025	05	9	99	35
23/04/2025	06	8,5	99	24
23/04/2025	07	11,3	96	32
23/04/2025	08	14,2	84	49
23/04/2025	09	16,4	65	66
23/04/2025	10	18,4	47	76
23/04/2025	11	20,1	39	77
23/04/2025	12	21,4	32	79
23/04/2025	13	22,3	28	82
23/04/2025	14	23,5	25	81
23/04/2025	15	23,5	39	89
23/04/2025	16	22,7	55	94
23/04/2025	17	21,7	60	91
23/04/2025	18	19,7	69	91
23/04/2025	19	17	84	83
23/04/2025	20	14,8	95	71
23/04/2025	21	13,6	99	58
23/04/2025	22	12	99	35
23/04/2025	23	10,9	99	26
24/04/2025	00	11,1	99	35
24/04/2025	01	11,1	99	36
24/04/2025	02	10,1	99	32
24/04/2025	03	10,1	99	35
24/04/2025	04	10,8	99	34
24/04/2025	05	10,9	99	37
24/04/2025	06	11,1	98	36
24/04/2025	07	14,5	86	57
24/04/2025	08	17,6	67	60
24/04/2025	09	20,6	53	64
24/04/2025	10	24,2	37	68
24/04/2025	11	26,5	28	70
24/04/2025	12	27,9	23	79
24/04/2025	13	28,2	25	86
24/04/2025	14	28,4	29	95
24/04/2025	15	27	36	104
24/04/2025	16	26,9	39	106
24/04/2025	17	25,1	46	105
24/04/2025	18	22,3	55	98
24/04/2025	19	19,3	65	88
24/04/2025	20	17,3	72	79
24/04/2025	21	16	78	72
24/04/2025	22	14,6	84	58
24/04/2025	23	13,5	89	43
25/04/2025	00	13,2	91	49
25/04/2025	01	12,4	95	41
25/04/2025	02	11,9	98	40
25/04/2025	03	12,3	96	47
25/04/2025	04	10,6	99	36
25/04/2025	05	10,5	97	41
25/04/2025	06	11,8	88	46
25/04/2025	07	16,2	71	52
25/04/2025	08	18,9	53	81
25/04/2025	09	20,1	46	85
25/04/2025	10	21,9	36	85
25/04/2025	11	23,6	29	90
25/04/2025	12	23,2	30	89
25/04/2025	13	24,9	27	86
25/04/2025	14	25,8	26	93
25/04/2025	15	25,4	30	107
25/04/2025	16	25,6	31	112
25/04/2025	17	24,3	42	109
25/04/2025	18	23	48	101
25/04/2025	19	20,8	54	86
25/04/2025	20	18,8	63	69
25/04/2025	21	17,9	69	65
25/04/2025	22	15,7	77	52
25/04/2025	23	14,3	84	48
26/04/2025	00	13,8	87	45
26/04/2025	01	14,9	75	54
26/04/2025	02	18	60	72
26/04/2025	03	19,7	57	84
26/04/2025	04	18,9	61	81
26/04/2025	05	18,5	64	79
26/04/2025	06	18,3	68	76
26/04/2025	07	19	68	73
26/04/2025	08	20	63	72
26/04/2025	09	21,8	54	74
26/04/2025	10	23,1	40	84
26/04/2025	11	24	34	85
26/04/2025	12	24,4	32	82
26/04/2025	13	24,3	31	82
26/04/2025	14	24,9	29	84
26/04/2025	15	25,1	25	88
26/04/2025	16	25,5	22	94
26/04/2025	17	25,3	22	97
26/04/2025	18	21,8	58	83
26/04/2025	19	18,9	71	76
26/04/2025	20	16,6	81	70
26/04/2025	21	15	85	60
26/04/2025	22	13,5	90	52
26/04/2025	23	12,9	92	53
27/04/2025	00	12,1	98	44
27/04/2025	01	12	98	35
27/04/2025	02	10,8	99	31
27/04/2025	03	11,3	98	40
27/04/2025	04	11,4	98	43
27/04/2025	05	11,6	97	42
27/04/2025	06	10,8	98	38
27/04/2025	07	13,5	70	58
27/04/2025	08	14,8	55	68
27/04/2025	09	16,1	50	69
27/04/2025	10	17,9	43	68
27/04/2025	11	19,6	35	70
27/04/2025	12	20,9	28	73
27/04/2025	13	21,9	26	74
27/04/2025	14	22,1	31	77
27/04/2025	15	21,6	49	87
27/04/2025	16	19,7	58	90
27/04/2025	17	18,4	65	89
27/04/2025	18	17,4	65	88
27/04/2025	19	15,7	70	84
27/04/2025	20	14,1	77	77
27/04/2025	21	12,8	84	62
27/04/2025	22	11,5	90	56
27/04/2025	23	9,8	95	39
28/04/2025	00	9	99	38
28/04/2025	01	7,5	99	23
28/04/2025	02	7,7	99	29
28/04/2025	03	7,8	99	30
28/04/2025	04	8,2	99	36
28/04/2025	05	7,3	99	31
28/04/2025	06	8	99	33
28/04/2025	07	11,4	92	55
28/04/2025	08	14,6	72	67
28/04/2025	09	17,7	54	83
28/04/2025	10	19,3	45	92
29/04/2025	02	7,9	99	
29/04/2025	03	7,4	99	35
29/04/2025	04	7,3	99	32
29/04/2025	05	8,3	99	31
29/04/2025	06	9	99	29
29/04/2025	07	11,1	97	37
29/04/2025	08	14,4	80	70
29/04/2025	09	16	72	87
29/04/2025	10	18,2	60	94
29/04/2025	11	19,6	54	96
29/04/2025	12	20,7	51	96
29/04/2025	13	20,6	54	96
29/04/2025	14	20,7	56	94
29/04/2025	15	20,1	58	92
29/04/2025	16	20,2	57	91
29/04/2025	17	18,7	67	91
29/04/2025	18	17,2	78	87
29/04/2025	19	16,1	83	79
29/04/2025	20	15,1	87	69
29/04/2025	21	14	84	62
29/04/2025	22	12,9	89	60
29/04/2025	23	13,1	88	70
30/04/2025	00	12,3	93	64
30/04/2025	01	11,2	99	56
30/04/2025	02	11,1	99	52
30/04/2025	03	10,6	99	45
30/04/2025	04	10,2	99	42
30/04/2025	05	10,8	99	53
30/04/2025	06	11,4	99	50
30/04/2025	07	14,6	88	62
30/04/2025	08	16,8	73	80
30/04/2025	09	18,4	63	82
30/04/2025	10	19,7	58	82
30/04/2025	11	21,5	49	85
30/04/2025	12	23,5	46	91
30/04/2025	13	23,7	47	89
30/04/2025	14	24,1	46	95
30/04/2025	15	23,7	42	102
30/04/2025	16	23,3	40	104
30/04/2025	17	22,1	50	96
30/04/2025	18	20,1	59	90
30/04/2025	19	17,7	73	83
30/04/2025	20	15,6	89	75
30/04/2025	21	15	94	77
30/04/2025	22	14,7	96	76
30/04/2025	23	14,1	99	61
