Red: Red de Unidades Móviles de Control de la Contaminación Atmosférica
Estación: 46062001-Benigánim Móvil
	
FECHA	HORA	SO2	CO	NO	NO2	PM2.5	PM10	PM1	NOx	O3	Veloc.	Direc.	Temp.	H.Rel.	Pres.	R.Sol.	Precip.
		µg/m³	mg/m³	µg/m³	µg/m³	µg/m³	µg/m³	µg/m³	µg/m³	µg/m³	m/s	grados	°C	% H.R.	mb	W/m²	l/m²
31/03/2003	01	3	0.1	6	27	31	33	27	37	12	0.1	346	12.4	100	1001	0	0
31/03/2003	02	3	0.1	6	30	32	34	28	40	8	0.1	25	12.2	100	1001	0	0
31/03/2003	03	3	0.1	6	30	35	40	30	39	6	0.1	173	12.4	100	1001	0	0
31/03/2003	04	3	0.1	6	28	32	33	28	38	6	0.1	14	12.2	100	1001	0	0
31/03/2003	05	3	0.1	9	34	28	30	25	48	4	0.1	10	11.9	100	1002	0	0
31/03/2003	06	3	0.1	17	40	26	29	22	66	3	0.1	350	11.9	100	1002	0	0
31/03/2003	07	4	0.1	47	45	29	40	24	117	2	0.2	203	12.2	100	1002	0	0
31/03/2003	08	5	0.1	53	50	34	47	28	131	3	0.1	344	13.5	96	1002	24	0
31/03/2003	17	3		6	11	8	18	6	19	41	0.3	18	18.1	62	997	183	0
31/03/2003	18	3	0.1	6	19	15	25	11	28	43	0.8	350	15.3	73	997	10	0
31/03/2003	19	3	0.1	6	28	29	40	25	38	38	0.2	331	13.9	80	997	0	0
31/03/2003	20	3	0.1	6	24	24	30	20	34	31	0.2	57	13.1	86	998	0	0
31/03/2003	21	3	0.1	6	20	21	24	18	29	29	0.3	108	12.3	89	999	0	0
31/03/2003	22	3	0.1	6	19	21	25	18	29	22	0.2	125	11.4	93	999	0	0
31/03/2003	23	3	0.1	6	14	17	20	14	23	29	0.2	64	11.2	93	999	0	0
01/04/2003	00	3	0.1	6	15	22	25	18	25	25	0.1	342	10.5	95	999	0	0
01/04/2003	01	3	0.1	6	16	33	38	29	26		0.1	190	9.1	100	999	0	0
01/04/2003	02	3	0.1	6	16	23	26	20	26		0.3	80	8.8	100	999	0	0
01/04/2003	03	3	0.1	6	14	24	27	21	23		0.4	50	8.5	100	999	0	0
01/04/2003	04	3	0.1	6	15	56	69	48	24		0.1	313	6.7	100	999	0	0
01/04/2003	05	3	0.1	9	22	46	54	40	36		0.2	4	6.4	100	1000	0	0
01/04/2003	06	3	0.1	18	25	51	65	43	52		0.1	210	5.9	100	1000	0	0
01/04/2003	07	3	0.1	24	29	68	89	59	67		0.1	141	6.5	100	1001	25	0
01/04/2003	08	3	0.1	74	30	45	69	39	144		0.1	191	12.3	83		180	0
01/04/2003	09					62	138	52			0.1	205	19.7	59	1001	385	0
01/04/2003	10	3	0.1	17	45	33	60	29	71		0.1	325	23	47	1001	580	0
01/04/2003	11	4	0.1	10	28	17	26	14	43		0.2	181	26	37	1000	735	0
01/04/2003	12					16	19	13			0.4	152	26.7	36		842	0
04/04/2003	10					10	23	7			0.3	295	18.5	25		671	0
04/04/2003	11	3		6	13	9	26	6	22	68	0.3	354	19.4	23	999	788	0
04/04/2003	12	3	0.1	7	13	8	19	6	23	84	0.6	319	19.6	22	997	873	0
04/04/2003	13	3	0.1	7	12	8	14	5	23	101	0.9	223	19.5	22	995	903	0
04/04/2003	14	3	0.1	7	12	8	13	6	23	109	2.1	153	20.3	22	995	866	0
04/04/2003	15	3	0.1	8	12	9	15	7	24	111	2.5	138	19.7	23	994	765	0
04/04/2003	16	3	0.1	7	13	10	16	7	24	112	2.8	133	19.6	24	993	608	0
04/04/2003	17	3	0.1	7	13	9	16	7	25	103	5.9	124	17.4	28	994	397	0
04/04/2003	18	3	0.1	7	13	8	14	5	24	94	6	119	14.8	33	994	166	0
04/04/2003	19	3	0.1	7	12	7	12	5	22	84	5	111	11.5	40	996	8	0
04/04/2003	20	3	0.1	6	12	9	17	5	22	70	2.1	144	9.4	55	997	0	0
04/04/2003	21	3	0.1	6	12	8	13	5	22	68	1.2	70	8.9	55	999	0	0
04/04/2003	22	3	0.1	6	11	8	10	5	20	62	2.3	68	8.8	59	999	0	0
04/04/2003	23	3	0.1	6	13	10	18	7	23	49	0.5	204	7.1	70	1000	0	0
05/04/2003	00	3	0.1	6	19	14	23	10	29	35	0.1	337	5.9	71	1000	0	0
05/04/2003	01	3	0.1	6	20	15	22	11	29	25	0.1	318	4.2	77	1000	0	0
05/04/2003	02	3	0.1	6	21	16	22	12	30	20	0.1	159	2.9	82	1000	0	0
05/04/2003	03	3	0.1	6	24	20	28	16	33	17	0.1	357	3.2	81	1000	0	0
05/04/2003	04	3	0.1	6	22	17	23	13	31	19	0.2	151	2.2	85	1000	0	0
05/04/2003	05	3	0.1	6	22	18	24	14	31	14	0.1	4	2.1	87	1000	0	0
05/04/2003	06	3	0.1	17	27	22	30	17	53	4	0.1	170	0.3	97	1001	0	0
05/04/2003	07	3	0.1	8	26	21	28	18	39	14	0.1	120	3.1	87	1001	40	0
05/04/2003	08	3	0.1	14	29	21	62	16	50	18	0.1	220	11.8	54	1001	220	0
05/04/2003	09	3	0.1	8	23	22	38	18	36	34	0.1	241	17.3	40	1000	438	0
05/04/2003	10	3	0.1	6	16	14	24	10	26	60	0.2	172	18.8	36	999	633	0
05/04/2003	11	3	0.1	7	14	13	26	10	24	73	0.4	237	20	33	998	783	0
05/04/2003	12	3	0.1	7	13	14	23	11	23	90	0.4	229	21.9	30	997	870	0
05/04/2003	13	3	0.1	7	13	12	18	10	24	98	0.9	199	22	29	996	909	0
05/04/2003	14	3	0.1	7	12	11	16	9	24	108	0.9	206	23.3	26	995	895	0
05/04/2003	15	3	0.1	8	12	10	15	8	24	116	0.6	235	23.9	24	994	764	0
05/04/2003	16	3	0.1	8	12	11	17	8	24	109	2.2	156	23	28	994	600	0
05/04/2003	17	3	0.1	8	13	12	17	9	24	93	5	133	19.5	39	994	392	0
05/04/2003	18	3	0.1	7	13	12	17	9	24	84	4.5	126	17.5	45	994	173	0
05/04/2003	19	3	0.1	7	15	15	23	10	26	67	2	121	14.2	58	995	10	0
05/04/2003	20	3	0.1	7	14	17	28	12	24	54	1.2	121	11.2	68	996	0	0
05/04/2003	21	3	0.1	7	30	21	35	16	41	38	0.2	354	11	69	997	0	0
05/04/2003	22	3	0.1	6	21	18	28	14	31	39	0.2	288	9.6	72	998	0	0
05/04/2003	23	3	0.1	6	17	19	25	15	27	35	0.2	184	8	79	998	0	0
06/04/2003	00	3	0.1	6	19	20	28	16	29	28	0.2	340	7.4	81	998	0	0
06/04/2003	01	3	0.1	6	24	23	30	18	33	27	0.2	9	7.6	81	998	0	0
06/04/2003	02	3	0.1	7	25	21	28	17	36	10	0.1	315	5.5	89	998	0	0
06/04/2003	03	3	0.1	6	32	23	30	18	41	10	0.2	38	4.7	94	998	0	0
06/04/2003	04	3	0.1	6	18	21	27	17	27	18	0.1	349	4.6	92	997	0	0
06/04/2003	05	3	0.1	7	26	22	27	18	36	7	0.1	3	3.4	98	997	0	0
06/04/2003	06	3	0.1	6	26	23	30	19	36	5	0.2	291	2.8	98	997	0	0
06/04/2003	07	3	0.1	13	26	24	32	20	46	6	0.1	8	4.4	92	997	50	0
06/04/2003	08	3	0.1	16	27	27	37	23	51	14	0.1	191	14.5	58	996	238	0
06/04/2003	09	3	0.1	8	25	24	33	20	37	36	0.1	330	19.7	41	994	457	0
06/04/2003	10	3	0.1	7	16	18	26	15	26	59	0.1	20	23.8	32	993	659	0
06/04/2003	11	3	0.1	7	13	11	16	8	24	90	0.4	255	26.4	22	991	811	0
06/04/2003	12	3	0.1	8	12	8	12	6	24	105	0.7	244	27.9	18	989	896	0
06/04/2003	13	3	0.1	8	13	7	11	5	25	111	0.8	315	28.5	17	988	925	0
06/04/2003	14	4	0.1	8	13	6	9	4	26	115	1.6	305	29.3	16	986	893	0
06/04/2003	15	3	0.1	8	13	5	8	3	26	118	1.5	333	30.1	13	984	797	0
06/04/2003	16	4	0.1	8	13	6	9	4	26	121	1	359	30.7	13	983	626	0
06/04/2003	17	6	0.1	8	13	6	10	4	26	120	0.8	42	30.8	15	983	414	0
06/04/2003	18	5	0.1	8	14	9	17	7	26	114	2.4	129	27	24	983	180	0
06/04/2003	19	4	0.1	8	14	10	18	7	26	105	3	120	21.3	33	984	11	0
06/04/2003	20	3	0.1	8	14	9	15	6	25	91	1.1	33	18.8	32	985	0	0
06/04/2003	21	3	0.1	8	19	11	20	8	31	65	0.2	310	15.7	42	986	0	0
06/04/2003	22	3	0.1	8	20	14	24	10	32	52	0.1	192	13.7	52	987	0	0
06/04/2003	23	3	0.1	7	24	18	35	13	35	35	0.1	353	12.7	55	987	0	0
07/04/2003	00	3	0.1	7	23	18	33	14	34	30	0.1	178	10.9	60	988	0	0
07/04/2003	01	3	0.1	7	17	13	22	10	28	33	0.1	142	9.3	62	988	0	0
07/04/2003	02	3	0.1	7	18	14	26	11	28	23	0.1	3	8.1	68	988	0	0
07/04/2003	03	3	0.1	6	17	15	24	12	27	25	0.2	46	8	69	988	0	0
07/04/2003	04	3	0.1	6	17	15	21	11	27	11	0.1	327	5.7	83	987	0	0
07/04/2003	05	3	0.1	11	39	19	26	16	56	4	0.3	57	5.5	82	988	0	0
07/04/2003	06	3	0.1	29	39	22	32	17	84	4	0.1	341	4.9	84	988	0	0
07/04/2003	07	3	0.1	63	34	40	76	33	130	5	0.1	329	6	81	989	41	0
07/04/2003	08	3	0.1	110	45	34	150	27	212	4	0.1	252	15.2	51	988	232	0
07/04/2003	09	6	0.1	30	42	40	84	34	88	12	0.2	309	19.6	41	988	441	0
07/04/2003	10	3	0.1	8	22	17	31	13	35	48	2.8	44	20.9	42	987	635	0
07/04/2003	11	3	0.1	7	14	11	15	8	25	62	4.1	119	20.4	42	988	782	0
07/04/2003	12	3	0.1	8	13	10	16	7	25	65	4.8	122	20.3	44	987	865	0
07/04/2003	13	3	0.1	8	12	10	16	7	24	76	3	56	20.3	41	987	893	0
07/04/2003	14	3	0.1	8	13	14	18	10	24	80	2.1	53	21	44	986	859	0
07/04/2003	15	5	0.1	8	14	14	21	10	26	81	1.7	34	21.4	41	986	574	0
07/04/2003	16	3	0.1	8	13	15	20	11	25	73	4.2	80	17.4	58	986	138	0
07/04/2003	17	3	0.1	8	13	14	17	10	24	68	4	102	17.1	58	987	279	0
07/04/2003	18	3	0.1	7	12	15	19	11	24	63	2.6	109	16.6	61	988	149	0
07/04/2003	19	3	0.1	7	14	19	27	12	25	52	1.4	127	13.6	77	988	3	0
07/04/2003	20	3	0.1	7	13	20	25	13	24	48	1.4	123	12.7	83	989	0	0
07/04/2003	21	3	0.1	7	13	20	26	13	23	47	0.8	101	12.7	82	990	0	0
07/04/2003	22	3	0.1	7	12	20	26	13	23	44	0.3	74	12.9	81	990	0	0
07/04/2003	23	3	0.1	7	12	18	23	11	22	46	0.7	28	12.5	85	991	0	0
08/04/2003	00	3	0.1	7	12	18	24	11	22	44	0.4	43	12.3	85	991	0	0
08/04/2003	01	3	0.1	7	12	17	22	11	22	43	0.7	19	12.2	85	991	0	0
08/04/2003	02	3	0.1	7	12	18	24	11	22	42	0.3	31	11.6	87	991	0	0
08/04/2003	03	3	0.1	7	11	18	25	12	21	37	0.2	342	10.2	93	991	0	0
08/04/2003	04	3	0.1	7	12	19	24	13	22	32	0.2	159	9.9	96	991	0	0
08/04/2003	05	3	0.1	7	16	20	25	15	27	30	0.3	350	10.6	94	992	0	0
08/04/2003	06	3	0.1	7	25	24	31	19	36	27	0.4	32	9.5	98	992	0	0
08/04/2003	07	3	0.1	12	34	31	42	25	52	24	0.6	357	10.2	96	993	22	0
08/04/2003	10	3	0.1	7	14				24		1.1	50			993	140	0
08/04/2003	11	3	0.1	7	16	14	32	9	27	98	2	19	14.4	65	993	153	0
08/04/2003	12	3	0.1	7	15	14	40	9	25	106	1.3	10	15.3	60	992	179	0
08/04/2003	13	3	0.1	7	15	13	20	9	26	111	1.8	32	16.2	56	991	196	0
08/04/2003	14	3	0.1	7	13	13	16	9	24	109	2	76	15.3	63	991	82	0
08/04/2003	15	3	0.1	7	12	11	15	7	23	110	3.1	108	15.2	61	991	179	0
08/04/2003	16	3	0.1	7	12	10	12	7	23	111	3.3	111	14.6	58	991	135	0
08/04/2003	17	3	0.1	7	12	10	13	7	23	117	2.6	111	14.4	57	991	123	0
08/04/2003	18	3	0.1	7	13	11	14	7	24	106	1.9	122	13.8	63	991	62	0
08/04/2003	19	3	0.1	7	13	12	18	8	24	91	1.4	136	11.5	76	991	3	0
08/04/2003	20	3	0.1	7	14	14	19	10	24	76	0.8	115	9.2	85	993	0	0
08/04/2003	21	3	0.1	7	12	12	16	8	22	81	0.5	63	9.1	84	993	0	0
08/04/2003	22	3	0.1	7	12	12	15	8	22	59	0.5	152	7.9	88	993	0	0
08/04/2003	23	3	0.1	6	15	16	21	11	25	37	0.1	211	6.3	94	993	0	0
09/04/2003	00	3	0.1	6	19	19	25	14	28	29	0.2	123	6.2	96	993	0	0
09/04/2003	01	3	0.1	6	19	20	27	16	28	18	0.1	345	7	91	993	0	0
09/04/2003	02	3	0.1	6	18	20	26	16	28	18	0.1	161	4.7	99	993	0	0
09/04/2003	03	3	0.1	6	19	21	26	17	29	19	0.4	71	4.9	100	993	0	0
09/04/2003	04	3	0.1	8	18	21	26	17	30	10	0.1	192	4	99	992	0	0
09/04/2003	05	3	0.1	11	28	24	34	20	43	2	0.1	144	3.3	100	991	0	0
09/04/2003	06	3	0.1	20	31	34	50	26	61	2	0.1	331	3.3	100	991	0	0
09/04/2003	07	3	0.1	41	32	54	80	40	95	3	0.1	153	4.3	99	991	27	0
09/04/2003	08	3	0.1	56	38	69	97	61	124	7	0.1	205	11.4	76	991	205	0
09/04/2003	09	3	0.1	19	51	109	177	100	80	35	0.1	331	18.2	51	990	423	0
09/04/2003	10	3	0.1	7	19	29	42	24	29	81	0.2	31	21	42	989	617	0
09/04/2003	11	3	0.1	8	19	20	51	15	31	104	0.2	2	23.6	36	988	757	0
09/04/2003	12	3	0.1	8	20	21	40	16	32	121	0.3	334	25.7	33	986	842	0
09/04/2003	13	3	0.1	8	15	17	32	12	28	146	0.7	213	26.9	32	984	875	0
09/04/2003	14	3	0.1	8	17	17	37	13	29	152	2.7	233	27.6	32	982	838	0
09/04/2003	15	6	0.1	9	22	22	70	17	35	157	3.9	247	28.4	29	980	731	0
09/04/2003	16	7	0.1	8	21	20	59	16	34	155	4.5	251	27	30	979	413	0
09/04/2003	17	6	0.1	8	18	11	38	7	30	140	2.3	344	23.1	39	980	142	0
09/04/2003	18	4	0.1	8	19	13	45	8	31	126	5.3	331	21.2	44	980	8	0
09/04/2003	19	3	0.1	8	21	17	30	13	33	105	0.9	321	19.5	56	980	5	0
09/04/2003	20	3	0.1	8	20	16	31	12	31	83	0.2	178	17	62	982	0	0
09/04/2003	21	5	0.1	8	20	19	33	14	32	80	0.5	246	16.7	61	982	0	0
09/04/2003	22	3	0.1	8	15	15	25	11	27	79	0.2	232	16.3	61	982	0	0
09/04/2003	23	3	0.1	7	17	17	26	12	28	75	0.5	302	15.8	63	983	0	0
10/04/2003	00	3	0.1	8	17	18	30	14	29	74	1.3	281	15.3	64	983	0	0
10/04/2003	01	3	0.2	8	24	20	36	14	37	71	2.2	287	16.6	61	984	0	0
10/04/2003	02	3	0.1	7	13	23	32	17	24	69	1	297	14.7	68	984	0	0
10/04/2003	03	3	0.1	7	15	22	31	16	26	72	0.5	135	14.5	69	984	0	0
10/04/2003	04	3	0.1	7	14	22	30	16	24	57	0.2	21	12.8	78	984	0	0
10/04/2003	05	3	0.1	7	13	20	25	15	24	44	0.4	124	9.9	93	985	0	0
10/04/2003	06	3	0.1	7	17	22	28	17	27	33	0.5	65	9.5	94	986	0	0
10/04/2003	07	3	0.1	24	39	29	42	21	76	12	0.2	347	10.2	91	986	30	0
10/04/2003	08	3	0.1	16	42	28	57	21	68	20	0.1	335	15.9	68	986	229	0
10/04/2003	09	3	0.1	9	25	21	40	16	39	58	0.2	336	21.8	41	986	432	0
10/04/2003	10	3	0.1	8	21	13	31	9	34	99	1.3	303	22.6	32	986	598	0
10/04/2003	11	3	0.1	8	19	14	32	10	31	114	2.8	313	22.9	32	984	664	0
10/04/2003	12	3	0.1	8	19	19	38	15	32	126	4.9	320	23.1	33	984	761	0
10/04/2003	13	3	0.1	8	17	21	31	17	29	126	3.2	325	22.8	35	983	391	0
10/04/2003	14	3	0.1	8	18	20	28	16	30	127	3.6	327	22.8	35	983	364	0
10/04/2003	15	3	0.1	8	18	17	39	13	30	138	5.8	322	25.2	29	982	742	0
10/04/2003	16	3	0.1	8	17	16	41	12	30	143	6.3	315	25.8	26	981	591	0
10/04/2003	17	6	0.1	8	18	16	29	13	30	150	6.5	319	25.3	26	981	396	0
10/04/2003	18	12	0.1	8	22	16	24	13	34	137	5.8	318	24.3	28	982	178	0
10/04/2003	19	7	0.1	8	21	21	34	16	33	116	3.5	293	21.2	40	983	10	0
10/04/2003	20	3	0.1	8	20	25	42	19	32	93	1.5	256	17.7	55	984	0	0
10/04/2003	21	3	0.1	8	28	25	45	19	39	68	0.4	337	16.8	56	986	0	0
10/04/2003	22	3	0.1	7	28	22	34	17	40	49	0.6	218	15.1	68	986	0	0
10/04/2003	23	3	0.1	7	28	22	30	16	39	38	0.4	158	13.7	75	987	0	0
11/04/2003	00	3	0.1	7	22	18	26	13	33	48	0.2	221	12.7	72	987	0	0
11/04/2003	01	3	0.1	7	16	12	19	9	26	65	0.2	304	13.3	59	988	0	0
11/04/2003	02	3	0.1	7	12	8	14	6	23	68	2.2	255	13.9	54	987	0	0
11/04/2003	03	3	0.1	7	12	8	11	5	22	70	1.7	254	14	53	987	0	0
11/04/2003	04	3	0.1	7	13	8	11	6	23	67	0.6	227	13.1	56	987	0	0
11/04/2003	05	3	0.1	7	12	8	11	6	23	69	1.6	289	13.8	54	987	0	0
11/04/2003	06	3	0.1	8	24	8	22	6	35	52	1.3	224	13.7	56	988	0	0
11/04/2003	07	3	0.1	10	45	9	48	5	61	32	0.7	255	14.2	57	988	26	0
11/04/2003	08	3	0.1	10	33	15	46	11	48	51	2.3	295	16.2	51	988	103	0
11/04/2003	09	3	0.1	8	23	8	42	4	36	66	3	283	17.5	48	988	177	0
11/04/2003	10	3	0.1	10	26	9	57	5	40	76	6.3	309	18.4	45	988	229	0
11/04/2003	11	3	0.1	8	17	8	33	5	29	86	8.1	323	19.3	44	988	651	0
11/04/2003	12	3	0.2	9	23	12	71	6	37	97	7.7	302	21.8	36	988	921	0
11/04/2003	13	3	0.1	9	22	13	79	6	36	122	7.7	296	22.8	30	987	923	0.2
11/04/2003	14	3	0.1	9	23	13	69	6	37	138	7.8	299	23.1	26	986	769	0.2
11/04/2003	15	3	0.1	9	24	11	58	6	38	142	7.5	307	23.6	25	986	693	0.2
11/04/2003	16	3	0.1	11	28	9	41	5	45	133	6.9	297	22.9	26	986	444	0
11/04/2003	17	4	0.1	10	27	8	30	4	42	126	6.4	307	21.6	27	986	216	0
11/04/2003	18	4	0.1	8	23	7	15	5	36	119	5	311	21.1	29	987	133	0
11/04/2003	19	9	0.1	8	29	8	17	6	41	90	2.9	304	18.6	35	988	3	0
11/04/2003	20	3	0.1	9	23	7	24	4	37	79	1.4	288	16.7	43	990	0	0
11/04/2003	21	3	0.1	7	15	7	30	4	27	75	0.8	290	15.7	48	991	0	0
11/04/2003	22	3	0.1	7	14	5	9	3	25	67	0.7	254	14.2	53	991	0	0
11/04/2003	23	3	0.1	7	14	5	8	3	25	60	0.9	246	13.4	55	992	0	0
12/04/2003	00	3	0.1	7	16	6	9	4	27	54	1.8	243	13.5	56	993	0	0
12/04/2003	01	3	0.1	7	12	5	6	3	23	62	0.7	209	13.7	56	993	0	0
12/04/2003	02	3	0.1	7	12	4	5	3	23	66	1.7	198	13.9	54	993	0	0
12/04/2003	03	3	0.1	7	13	5	7	3	24	65	0.8	243	13.6	56	993	0	0
12/04/2003	04	3	0.1	7	12	5	8	3	22	62	0.3	180	12.9	58	993	0	0
12/04/2003	05	3	0.1	7	12	5	8	3	22	57	0.1	235	12.3	61	993	0	0
12/04/2003	06	3	0.1	7	13	7	14	5	24	54	0.2	326	12.7	61	994	0	0
12/04/2003	07	3	0.1	7	19	14	22	10	29	45	0.1	202	12.8	62	995	0	0
12/04/2003	08	3	0.1	9	38				52	27	0.2	315	14.2	59	995	35	0
12/04/2003	09	3	0.1	7	20	9	20	6	31	49	0.3	147	15.9	55	995	148	0
12/04/2003	10	3	0.1	7	20	9	22	6	32	66	0.2	359	20	44	995	403	0
12/04/2003	11	3	0.3	8	18	7	15	5	30	93	1.1	316	22.7	37	994	688	0
12/04/2003	12	3	0.1	8	15	8	34	5	27	115	2.6	285	23.7	34	992	774	0
12/04/2003	13	3	0.1	8	13	7	14	5	25	129	2.1	243	25.7	31	991	817	0
12/04/2003	14	4	0.1	8	13	5	11	3	26	132	2.7	255	26.9	29	990	865	0
12/04/2003	15	5	0.1	8	14	4	14	3	26	127	2.2	312	27.2	29	989	603	0
12/04/2003	16	6	0.1	8	13	5	9	3	25	134	1.5	359	24.9	33	988	291	0
12/04/2003	17	4	0.1	8	13	6	14	4	25	145	0.8	47	27.2	31	988	368	0
12/04/2003	18	4	0.1	8	14	8	17	6	25	139	3.1	126	21.7	42	989	53	0
12/04/2003	19	4	0.1	8	15	12	41	9	27	111	1	108	19.8	47	990	0	0
12/04/2003	20	3	0.1	8	15	10	19	7	27	96	1.1	108	18.3	51	991	0	0
12/04/2003	21	4	0.1	8	21	13	39	9	32	69	0.2	356	17.5	54	992	0	0
12/04/2003	22	3	0.1	7	27	15	36	11	39	41	0.1	338	14.9	66	993	0	0
12/04/2003	23	3	0.1	7	27	15	24	11	38	37	0.1	131	13.5	74	993	0	0
13/04/2003	00	3	0.1	7	28	16	21	11	39	42	0.4	3	14.4	78	993	0	0
13/04/2003	01	3	0.1	7	27	17	22	13	38	22	0.1	175	12.1	84	993	0	0
13/04/2003	02	3	0.1	7	24	19	24	14	34	23	0.1	188	10.7	96	993	0	0
13/04/2003	03	3	0.1	7	23	20	26	16	33	19	0.2	145	9.7	98	993	0	0
13/04/2003	04	3	0.1	7	23	21	27	16	34	15	0.2	186	10	98	993	0	0
13/04/2003	05	3	0.1	7	23	23	29	18	33	16	0.2	51	10.6	95	993	0	0
13/04/2003	06	3	0.1	7	21	20	26	16	31	6	0.2	318	9	94	993	0	0
13/04/2003	07	3	0.1	7	24	24	33	18	35	11	0.1	307	9.7	91	993	14	0
13/04/2003	08	3	0.1	8	24	42	52	33	37	19	0.1	192	12.8	86	993	124	0
13/04/2003	09	3	0.1	8	25	42	47	35	36	39	0.4	247	16.4	73	993	314	0
13/04/2003	10	3	0.1	7	19	31	35	27	30	68	0.4	343	18.5	64	992	357	0
13/04/2003	11	3	0.1	8	18	40	44	35	30	81	0.8	8	19.9	60	991	687	0
13/04/2003	12	3	0.2	8	16	30	34	26	28	106	1.4	15	21.2	56	989	686	0
13/04/2003	13	3	0.1	8	13	12	14	9	25	123	3.9	117	21.9	49	988	902	0
13/04/2003	14	3	0.1	8	13	12	15	9	25	128	3.6	84	22	49	987	856	0
13/04/2003	15	3	0.1	8	13	9	19	6	25	121	7.8	112	20.9	51	986	769	0
13/04/2003	16	3	0.1	8	13	7	8	5	24	120	4.4	106	19.8	53	986	373	0
13/04/2003	17	3	0.1	8	13	7	9	5	24	121	2.9	108	17.9	61	986	195	0
13/04/2003	18	3	0.1	8	13	7	9	5	24	115	1.9	117	16.2	69	986	78	0
13/04/2003	19	3	0.1	7	12	8	10	5	24	104	1.2	61	15.1	74	986	9	0
13/04/2003	20	3	0.1	7	12	9	11	6	24	95	0.8	39	14.4	79	986	0	0
13/04/2003	21	3	0.1	7	13	9	10	6	24	88	1.5	25	14.1	81	987	0	0
13/04/2003	22	3	0.1	7	13	12	13	8	24	75	1.6	2	13.9	84	987	0	0
13/04/2003	23	3	0.1	7	13	13	14	10	24	77	2	8	13.5	88	987	0	0
14/04/2003	00	3	0.1	7	12	12	13	8	22	74	1.8	7	13.4	89	987	0	0
14/04/2003	01	3	0.1	7	13	13	15	10	24	67	1	350	13.5	88	987	0	0
14/04/2003	02	3	0.1	7	15	15	18	11	25	62	0.6	352	13.4	85	987	0	0
14/04/2003	03	3	0.1	7	17	16	19	12	28	62	0.4	344	13.5	81	987	0	0
14/04/2003	04	3	0.2	7	19	16	20	13	29	46	0.2	189	13.1	83	987	0	0
14/04/2003	05	3	0.1	7	17	19	22	15	27	38	0.3	118	12.7	86	986	0	0
14/04/2003	06	3	0.1	7	21	22	25	18	31	28	0.4	116	12	92	986	0	0
14/04/2003	07	3	0.1	8	20	21	27	16	32	35	0.1	175	12.4	92	987	6	0
14/04/2003	08	3	0.1	7	16	20	27	15	27	48	0.2	135	14	85	987	72	0
14/04/2003	09	3	0.1	7	16	20	32	16	26	64	0.1	19	17.9	65	987	252	0
14/04/2003	10	3	0.1	7	13	19	30	14	25	80	0.3	73	17.3	66	987	269	0
14/04/2003	11	3	0.2	8	14	19	27	15	26	85	2.1	124	19.2	60	986	427	0
14/04/2003	12	3	0.3	8	15	17	21	14	26	95	3.3	120	19.2	60	985	449	0
14/04/2003	13	3	0.4	8	13	14	18	11	25	107	2.3	116	20.4	55	984	617	0
14/04/2003	14	3	0.1	8	13	12	15	9	25	117	3.4	126	21.3	53	984	604	0
14/04/2003	15	3	0.1	8	12	10	14	7	25	125	3.6	139	21.7	50	983	529	0
14/04/2003	16	3	0.1	8	12	9	14	6	24	124	4	146	21.3	49	982	308	0
14/04/2003	17	3	0.1	8	13	7	12	5	24	122	3.5	151	19.4	52	983	100	0
14/04/2003	18	3	0.1	8	15	10	17	7	26	102	1.4	154	18	58	984	12	0
14/04/2003	19	3	0.3	7	18	18	21	14	30	81	2.6	342	15.5	78	985	0	0
14/04/2003	20	3	0.3	7	17	18	20	13	28	76	1	360	14.1	87	986	0	0
14/04/2003	21	3	0.1	7	15	18	20	13	26	71	0.4	11	13.9	90	987	0	0
14/04/2003	22	3	0.1	7	14	18	22	13	24	55	0.1	173	13.7	91	987	0	0
14/04/2003	23	3	0.1	7	14	18	21	13	24	39	0.1	177	13.1	92	988	0	0
15/04/2003	00	3	0.1	7	14	17	21	13	24	42	0.2	14	13.2	93	988	0	0
15/04/2003	01	3	0.1	7	15	18	21	13	26	29	0.2	162	12.8	94	988	0	0
15/04/2003	02	3	0.1	7	13	18	21	13	23	34	0.2	125	12.6	95	988	0	0
15/04/2003	03	3	0.1	7	12	12	13	8	22	51	1.5	128	12.6	91	988	0	0
15/04/2003	04	3	0.1	7	11	6	7	3	21	69	2.1	115	12.2	87	987	0	0
15/04/2003	05	3	0.1	7	11	6	6	3	21	67	1.2	143	11.9	86	987	0	0
15/04/2003	06	3	0.1	7	17	8	10	5	28	62	1	140	11.8	86	988	0	0.1
15/04/2003	07	3	0.1	8	29	14	19	9	41	44	1	5	11.2	95	988	0	0.1
15/04/2003	08	3	0.2	7	25	15	18	11	35	51	1.2	357	11.3	96	988	4	0.2
15/04/2003	09	3	0.2	7	23	16	19	13	33	51	1.1	350	11.3	97	989	13	0.2
15/04/2003	11	3	0.1	7	29	17	19	14	39		1.2	344	11.8	96	988	46	1.1
15/04/2003	12	3	0.2	7	32	13	14	10	43		2.4	4	11.7	98	988	31	2
15/04/2003	13	3	0.1	7	34	15	16	13	45		3.7	16	11.7	98	988	39	1.7
15/04/2003	14	3	0.1	7	32	8	9	6	43		3.5	18	11.7	99	987	42	2.7
15/04/2003	15	3	0.1	7	30	8	9	6	40		5.1	24	11.6	100	987	1	3.1
15/04/2003	16	3	0.1	7	14	6	7	4	25		3.5	43	12.3	97	987	11	1.3
15/04/2003	17	3	0.1	7	16	8	9	6	26		6.1	33	11.6	97	987	1	0.8
15/04/2003	18	3	0.2	6	21	11	13	9	31		6.5	34	10.6	97	988	0	1.7
15/04/2003	19	3	0.1	6	19	11	14	9	29		4.8	28	9.9	98	988	0	5.8
15/04/2003	20	3	0.1	6	16	11	11	9	26		6	30	9.4	100	988	0	2.7
15/04/2003	21	3	0.1	6	14	10	10	8	23		6.2	34	9.2	100	989	0	3.4
15/04/2003	22	3	0.3	6	10	8	8	6	19		6.5	6	8.9	100	988	0	4.2
15/04/2003	23	3	0.3	6	10	8	9	6	19		4.8	351	9.1	100	988	0	3.5
16/04/2003	00	3	0.3	6	11	9	9	7	20		6.6	20	10.6	100	988	0	9.7
16/04/2003	01	3	0.1	6	11	9	9	7	21		10	43	10.8	100	988	0	9.4
16/04/2003	02					9	9	7			7	35	11.4	100		0	6.7
17/04/2003	14					20	29	17			0.4	163	27.1	31	1001	873	0
17/04/2003	15	3	0.1	8	14	25	32	22	25		1.6	146	25.6	38	999	684	0
17/04/2003	16	3	0.1	8	14	24	29	21	26		2	148	24.5	39	998	559	0
17/04/2003	17	3	0.1	8	13	25	29	22	25		2.2	135	22.8	42	998	344	0
17/04/2003	18	3	0.1	8	14	25	30	22	26		1.4	130	21.2	47	999	151	0
17/04/2003	19	3	0.1	8	16	27	33	23	27		0.2	127	17.9	58	1000	8	0
17/04/2003	20	3	0.1	7	18	31	40	28	29		0.1	145	14.6	71	1001	0	0
17/04/2003	21	3	0.1	7	19	39	47	35	30		0.3	156	12.9	78	1002	0	0
17/04/2003	22	3	0.1	7	17	39	46	35	28		0.1	190	11.7	83	1002	0	0
17/04/2003	23	3	0.1	7	18	41	48	37	28		0.3	46	10.7	91	1003	0	0
18/04/2003	00	3	0.1	7	14	38	43	34	25		0.1	66	10	91	1003	0	0
18/04/2003	01	3	0.1	7	16	40	46	37	26		0.1	65	9.2	94	1003	0	0
18/04/2003	02	3	0.1	7	15	41	47	37	25		0.1	344	8.8	95	1002	0	0
18/04/2003	03	3	0.1	7	15	42	49	38	26		0.1	174	7.9	100	1002	0	0
18/04/2003	04	3	0.1	7	17	40	46	37	27		0.1	346	7.4	100	1001	0	0
18/04/2003	05	3	0.1	7	18	40	46	37	28		0.1	344	7	100	1001	0	0
18/04/2003	06	3	0.1	7	18	39	44	36	28		0.1	129	6.6	100	1001	0	0
18/04/2003	07	3	0.1	9	20	40	47	36	35		0.1	348	8.4	99	1002	68	0
18/04/2003	08	3	0.1	8	23	47	60	43	35		0.1	229	14.5	75	1001	233	0
18/04/2003	09	3	0.1	8	24	37	48	33	36		0.1	209	20.6	50	1000	463	0
18/04/2003	10	3	0.1	8	22	32	39	28	34		0.1	304	23.8	39	999	612	0
18/04/2003	11	3	0.1	8	14	26	30	23	26		0.3	139	26	35	998	774	0
18/04/2003	12	3	0.1	8	13	19	22	17	25		0.6	61	25.9	31	996	714	0
18/04/2003	13	4	0.1	8	13	18	20	16	26		1.5	66	25.8	30	995	814	0
18/04/2003	14	3	0.1	9	14	21	23	19	27		3.8	128	24.4	39	994	782	0
18/04/2003	15	3	0.1	8	14	22	23	19	27		4.2	128	23.7	42	993	592	0
18/04/2003	16	3	0.1	8	14	22	24	20	26		3.6	131	22.3	45	992	356	0
18/04/2003	17	3	0.1	8	14	22	24	19	26		2	116	21.4	47	992	184	0
18/04/2003	18	3	0.1	8	14	20	23	18	26		1	104	20.2	49	992	83	0
18/04/2003	19	3	0.1	8	14	23	28	20	27		0.2	53	18.6	55	992	6	0
18/04/2003	20	3	0.1	8	19	32	40	29	31		0.5	351	16.6	66	992	0	0
18/04/2003	21	3	0.1	8	19	43	49	39	31		0.1	28	15.4	75	992	0	0
18/04/2003	22	4	0.1	8	17	42	46	37	29		0.2	3	14.5	83	992	0	0
18/04/2003	23	4	0.1	7	19	45	50	41	31		0.1	108	13.6	87	992	0	0
19/04/2003	00	3	0.1	7	17	40	45	36	28		0.2	125	13	91	992	0	0
19/04/2003	01	3	0.1	7	16	42	47	38	27		0.2	221	12.2	95	992	0	0
19/04/2003	02	3	0.1	7	19	44	48	40	30		0.2	26	12.2	96	991	0	0
19/04/2003	03	3	0.1	7	21	48	52	44	32		0.5	69	12	97	990	0	0
19/04/2003	04	3	0.1	7	18	47	51	42	28		0.3	13	12.3	95	990	0	0
19/04/2003	05	3	0.1	7	16	45	48	41	27		0.3	104	11.9	97	989	0	0
19/04/2003	06	3	0.1	7	20	45	51	41	31		0.2	190	12	95	988	0	0
19/04/2003	07	3	0.1	7	22	45	54	41	33		0.2	315	12.1	98	988	6	0
19/04/2003	08	3	0.1	7	21	43	50	39	32		0.1	299	13.6	89	988	69	0
19/04/2003	09	3	0.1	7	19	35	41	32	30		1	232	13.8	85	988	34	0.3
19/04/2003	10	3	0.1	7	15	23	27	20	26		1.1	289	12.4	87	988	49	1.6
19/04/2003	11	3	0.1	7	13	22	25	19	24		0.2	294	14.2	81	988	165	0
19/04/2003	12	3	0.1	7	13	19	21	16	24		0.1	216	17.9	66	988	313	0
19/04/2003	13	3	0.1	8	14	16	18	13	26		0.2	197	18.2	64	987	339	0.5
19/04/2003	14	3	0.1	8	13	10	12	8	24		1.7	223	19.1	60	986	352	0
19/04/2003	15	3	0.1	8	13	7	8	5	25		3.4	249	19.3	59	985	326	0
19/04/2003	16	3	0.1	8	13	5	7	3	25		3.1	250	18.5	59	984	187	0
19/04/2003	17	3	0.1	8	14	4	6	3	26		5.7	294	16.7	63	984	61	0
19/04/2003	18	3	0.1	8	13	4	5	2	25		1.8	235	15.1	75	985	106	0.2
19/04/2003	19	3	0.1	8	13	6	7	4	25		3.3	295	16.9	60	986	35	0
19/04/2003	20	3	0.1	8	13	6	8	4	25		1.6	283	14	66	986	0	0
19/04/2003	21	3	0.1	7	12	8	11	6	23		0.8	245	12.9	68	987	0	0
19/04/2003	22	3	0.1	7	12	6	8	4	23		1.7	248	12.5	67	987	0	0
19/04/2003	23	3	0.1	7	12	5	7	3	22		2.5	291	12.6	64	988	0	0
20/04/2003	00	3	0.1	7	11	5	7	3	22		2.8	289	12.2	64	988	0	0
20/04/2003	01	3	0.1	7	12	5	6	3	23		2.1	294	11.7	66	988	0	0
20/04/2003	02	3	0.1	7	11	5	7	3	22		1.6	277	11	68	988	0	0
20/04/2003	03	3	0.1	7	11	5	7	4	22		0.8	276	10.6	70	988	0	0
20/04/2003	04	3	0.1	7	11	5	7	4	22		1.6	260	10.7	70	988	0	0
20/04/2003	05	3	0.1	7	11	7	8	4	22		0.6	213	9.4	77	988	0	0
20/04/2003	06	3	0.1	7	11	6	8	4	22		0.3	163	9.7	75	988	0	0
20/04/2003	07	3	0.1	7	12	5	6	4	22		1.1	246	13.1	64	988	92	0
20/04/2003	08	3	0.1	7	14	5	7	4	26		1.9	292	16.9	53	988	293	0
20/04/2003	09	3	0.1	7	12	5	5	3	23		2.6	289	19.7	46	988	517	0
20/04/2003	10	3	0.1	8	12	4	5	2	24		3.6	250	19.4	45	987	453	0
20/04/2003	11	3	0.1	8	14	3	4	2	26		2.4	243	19.6	42	987	409	0
20/04/2003	12	3	0.1	8	13	3	4	2	26		2.7	301	20.2	41	986	469	0
20/04/2003	13	3	0.1	8	14	4	5	3	26		3.2	345	16.3	63	987	259	0.6
20/04/2003	14	3	0.1	8	13	5	5	4	25		2.9	24	16.5	64	987	402	0.2
20/04/2003	15	3	0.1	8	13	5	6	4	25		1.7	195	18.7	57	987	418	0
20/04/2003	16	3	0.1	8	13	5	6	4	25		0.4	224	20.9	50	987	356	0
20/04/2003	17	3	0.1	8	15	6	6	4	27		3.4	293	20.2	43	987	220	0
20/04/2003	18	3	0.1	8	14	4	5	2	26		3.9	307	20.3	41	987	222	0
20/04/2003	19	3	0.1	8	15	4	7	3	27		1.5	318	18.5	45	988	30	0
20/04/2003	20	3	0.1	8	16	5	8	3	28		1.3	330	15.7	51	989	0	0
20/04/2003	21	4	0.1	8	28	7	10	5	39		0.4	305	14.1	59	990	0	0
20/04/2003	22	3	0.1	7	15	6	8	4	26		0.3	300	13	65	991	0	0
20/04/2003	23	3	0.1	7	14	6	7	4	25		0.6	290	11.9	73	992	0	0
21/04/2003	00	3	0.1	7	14	5	5	3	25		0.7	302	10.9	79	992	0	0
21/04/2003	01	3	0.1	7	12	4	5	3	23		0.4	212	10.1	83	992	0	0
21/04/2003	02	3	0.1	7	14	5	5	3	24		0.6	322	10.1	83	992	0	0
21/04/2003	03	3	0.1	7	14	5	5	3	25		0.1	5	9.8	83	992	0	0
21/04/2003	04	3	0.1	7	13	6	6	4	23		0.4	108	8.6	89	993	0	0
21/04/2003	05	3	0.1	7	12	5	6	4	23		0.2	46	8.8	87	993	0	0
21/04/2003	06	3	0.1	7	13	6	7	4	23		0.1	345	7.3	94	993	1	0
21/04/2003	07	3	0.1	7	15	6	7	5	26		0.2	17	11.1	79	993	95	0
21/04/2003	08	3	0.1	7	16	6	8	4	27		0.1	326	18.2	55	993	302	0
21/04/2003	09	3	0.1	7	12	5	7	3	23		0.2	141	22.9	43	992	516	0
21/04/2003	10	3	0.1	8	13	4	5	2	24		0.2	8	24.3	38	992	705	0
21/04/2003	11	3	0.1	8	13	3	4	2	25		0.2	136	26	32	991	851	0
21/04/2003	12	4	0.1	8	13	3	3	2	26		0.4	169	26.3	30	989	935	0
21/04/2003	13	6	0.1	9	13	4	4	2	27		2.5	40	25	36	988	926	0
21/04/2003	14	6	0.1	8	13	4	4	3	26		3.3	135	24.7	37	988	920	0
21/04/2003	15	5	0.1	8	13	4	4	3	26		5.1	133	23.8	39	988	810	0
21/04/2003	16	5	0.1	8	13	4	5	3	26		5.4	126	23.2	42	988	645	0
21/04/2003	17	5	0.1	8	13	4	5	3	26		4.8	128	22.2	43	988	445	0
21/04/2003	18	4	0.1	8	13	4	5	3	26		4.2	113	20.9	47	988	222	0
21/04/2003	19	5	0.1	8	13	5	6	3	26		2.9	106	17.8	57	989	28	0
21/04/2003	20	4	0.1	8	14	6	8	4	27		1.1	128	14.4	71	990	0	0
21/04/2003	21	4	0.1	8	17	7	9	5	29		0.3	19	12.6	79	991	0	0
21/04/2003	22	5	0.1	8	19	9	11	7	30		0.2	161	11.3	87	992	0	0
21/04/2003	23	4	0.1	7	20	11	13	9	31		0.1	176	10	94	992	0	0
22/04/2003	00	3	0.1	7	22	13	15	11	33		0.2	223	9.5	99	992	0	0
22/04/2003	01	3	0.1	7	18	13	14	10	29		0.3	159	8.6	100	992	0	0
22/04/2003	02	3	0.1	7	16	14	16	12	27		0.2	121	8.5	100	992	0	0
22/04/2003	03	3	0.1	7	16	17	18	14	27		0.1	33	8.6	100	992	0	0
22/04/2003	04	3	0.1	7	26	25	34	22	37		0.2	29	9.4	100	992	0	0
22/04/2003	05	3	0.1	7	15	19	26	16	26		0.3	66	9.5	100	991	0	0
22/04/2003	06	3	0.1	7	15	22	30	19	26		0.1	56	9.8	100	992	0	0
22/04/2003	07	3	0.1	7	24	25	35	22	34		0.2	108	10.3	100	992	1	0
22/04/2003	08	3	0.1	7	20	28	30	25	31		0.2	119	11.4	99	991	55	0
22/04/2003	09	3	0.1	8	26	36	40	32	37		1.2	29	13.2	91	991	126	0
22/04/2003	10	3	0.1	8	29	30	36	26	41		0.9	334	14.7	83	991	184	0
22/04/2003	11	3	0.1	9	32	28	40	25	45		0.4	327	17.2	71	990	276	0
22/04/2003	12	3	0.1	8	22	20	27	17	34		0.6	28	17.6	67	990	284	0
22/04/2003	13	3	0.1	8	15	13	15	10	27		0.7	173	18.9	61	988	329	0
22/04/2003	14	3	0.1	8	13	9	11	6	25		1.3	121	19.8	55	988	488	0
22/04/2003	16	3	0.1	7	11				22		1.6	77			990	485	0
22/04/2003	17	3	0.1	7	12	8	9	6	23		1.8	103	20.9	49	988	378	0
22/04/2003	18	3	0.1	8	13	7	10	4	25		1.1	62	19.1	48	988	179	0
22/04/2003	19	3	0.1	8	13	9	11	6	25		1.5	72	15.5	67	988	8	0
22/04/2003	20	3	0.1	8	13	12	14	10	25		1.2	119	13.9	83	989	0	0
22/04/2003	21	3	0.1	7	13	13	15	10	25		0.3	133	13.3	85	990	0	0
22/04/2003	22	3	0.1	7	15	15	18	12	26		0.2	191	12.7	90	990	0	0
22/04/2003	23	3	0.1	7	18	23	25	19	29		0.2	15	12.5	94	990	0	0
23/04/2003	00	3	0.1	7	18	24	27	21	29		0.1	175	12.4	96	990	0	0
23/04/2003	01	3	0.1	7	16	22	25	19	27		0.2	178	11.8	99	990	0	1.5
23/04/2003	02	3	0.1	7	14	21	25	18	25		0.4	221	11.7	100	990	0	5.4
23/04/2003	03	3	0.1	7	13	12	13	9	24		0.8	238	11	98	990	0	1.5
23/04/2003	04	3	0.1	7	14	8	11	5	25		0.8	288	10.1	97	990	0	0.6
23/04/2003	05	3	0.1	7	13	10	14	5	24		0.1	183	9.8	98	990	0	0.1
23/04/2003	06	3	0.1	7	17	9	12	7	27		0.1	70	10.2	97	991	0	0
23/04/2003	07	3	0.1	7	17	9	11	7	27		0.2	71	10.5	95	991	1	0
23/04/2003	08	3	0.1	7	17	10	11	8	28		0.2	64	11.9	88	991	64	0
23/04/2003	09	3	0.1	11	34	12	34	9	52		0.1	24	15.5	70	992	213	0
23/04/2003	10	3		8	25	15	50	11	37		0.1	234	21.6	49	993	382	0
23/04/2003	11	3	0.1	7	17	9	20	6	28		0.3	218	22.3	46	992	529	0
23/04/2003	12	3	0.1	8	15	7	14	5	27		0.4	208	22.9	44	991	476	0
23/04/2003	13	3	0.1	8	14	7	12	5	27		0.3	229	24.8	40	990	849	0
23/04/2003	14	3	0.1	8	15	7	11	5	27		0.6	238	26.4	37	989	884	0
23/04/2003	15	5	0.1	9	14	6	11	4	27		0.4	347	26.2	36	988	501	0
23/04/2003	16	5	0.1	8	15	11	15	9	28		3	139	23.9	47	988	499	0
23/04/2003	17	3	0.1	8	14	10	14	8	26		2.7	135	22.9	49	988	401	0
23/04/2003	18	3	0.1	8	14	10	14	8	26		1.7	131	22.7	51	989	202	0
23/04/2003	19	3	0.1	8	14	13	18	10	26		1.2	114	19.2	63	990	16	0
23/04/2003	20	3	0.1	8	23	19	35	16	36		0.3	16	16.3	75	991	0	0
23/04/2003	21	3	0.1	8	25	21	27	18	38		0.3	181	14.6	82	993	0	0
23/04/2003	22	3	0.1	8	20	21	25	18	32		0.1	61	13.1	89	994	0	0
23/04/2003	23	5	0.1	8	20	22	27	19	31		0.1	56	12.1	95	994	0	0
24/04/2003	00	4	0.1	7	20	23	30	20	32		0.1	347	11.6	96	995	0	0
24/04/2003	01	3	0.1	7	20	25	31	22	32		0.1	2	11.1	99	995	0	0
24/04/2003	02	3	0.1	7	21	20	22	17	32		0.1	129	11.1	94	995	0	0
24/04/2003	03	3	0.1	7	16	17	19	15	27		0.1	158	11.1	89	995	0	0
24/04/2003	04	3	0.1	7	14	14	15	12	25		0.1	144	10.8	88	995	0	0
24/04/2003	05	3	0.1	7	17	11	13	9	28		0.1	198	10.7	87	995	0	0
24/04/2003	06	3	0.1	7	19	9	11	7	30		0.1	38	11	85	996	0	0
24/04/2003	07	3	0.1	8	25	19	24	16	37		0.1	130	12.8	81	996	73	0
24/04/2003	08	3	0.1	11	25	15	23	12	42		0.1	179	18.1	64	996	279	0
24/04/2003	09	3	0.1	8	24	11	22	8	37		0.1	182	25.3	41	996	523	0
24/04/2003	10	3	0.1	8	16	7	10	5	28		0.2	173	27.6	34	994	678	0
24/04/2003	11	3	0.1	8	14	5	8	4	27		0.2	28	27.7	32	993	700	0
24/04/2003	12	3	0.1	9	14	5	7	4	27		0.2	170	28.8	29	992	627	0
24/04/2003	13	3	0.1	9	14	7	11	5	28		1.2	164	28.5	33	991	702	0
24/04/2003	14	3	0.1	9	14	8	11	6	28		1.4	138	27.9	35	990	753	0
24/04/2003	15	3	0.1	9	15	7	13	5	29		0.8	146	27.5	36	990	398	0
24/04/2003	16	4	0.1	9	16	8	14	5	29		1.4	176	28.2	35	989	550	0
24/04/2003	17	3	0.1	9	16	6	12	4	29		3	206	27.1	36	989	361	0
24/04/2003	18	3	0.1	8	15	6	13	4	28		3.3	197	24.6	40	989	222	0
24/04/2003	19	3	0.1	8	16	7	21	4	29		0.5	154	21.6	47	990	18	0
24/04/2003	20	3	0.1	8	21	9	29	5	34		0.2	19	19.1	54	991	0	0
24/04/2003	21	3	0.1	8	16	10	20	7	29		0.4	29	18	56	992	0	0
24/04/2003	22	3	0.1	8	21	11	23	7	33		0.2	30	17.7	57	993	0	0
24/04/2003	23	3	0.1	8	24	12	28	8	37		0.2	13	16.1	65	993	0	0
25/04/2003	00	5	0.1	8	22	13	25	9	34		0.1	10	14.3	76	994	0	0
25/04/2003	01	5	0.1	8	18	13	20	9	30		0.1	38	13.6	76	994	0	0
25/04/2003	02	4	0.1	8	17	12	17	9	28		0.1	248	12.5	81	994	0	0
25/04/2003	03	3	0.1	7	17	11	16	8	28		0.1	201	11.1	93	994	0	0
25/04/2003	04	3	0.1	7	18	11	15	8	29		0.1	157	10.3	95	993	0	0
25/04/2003	05	3	0.1	7	19	12	17	8	30		0.1	204	9.8	98	993	0	0
25/04/2003	06	3	0.1	10	27	13	19	10	42		0.1	169	9.9	97	994	2	0
25/04/2003	07	3	0.1	35	32	20	35	13	86		0.1	311	14	80	994	107	0
25/04/2003	08	3	0.1	20	37	20	62	15	67		0.1	178	19.5	60	994	305	0
25/04/2003	09	3	0.1	12	36	17	56	12	55		0.1	2	26.1	37	993	517	0
25/04/2003	10	3	0.1	9	27	10	29	6	41		0.1	202	29.6	29	992	702	0
25/04/2003	11	4	0.1	9	15	8	15	5	29		0.3	181	30.4	28	991	823	0
25/04/2003	12	4	0.1	9	14	7	12	5	27		0.3	141	31.1	27	990	918	0
25/04/2003	13	4	0.1	9	15	7	13	5	28		0.3	150	31.7	28	988	941	0
25/04/2003	14	7	0.1	9	14	9	15	6	28		1.7	137	30.9	30	987	874	0
25/04/2003	15	6	0.1	8	13	9	13	6	27		3.2	127	29.2	34	986	614	0
25/04/2003	16	6	0.1	8	14	9	14	6	26		4.2	129	28.5	36	986	641	0
25/04/2003	17	4	0.1	8	14	9	14	6	27		3.4	119	28.7	36	986	401	0
25/04/2003	18	4	0.1	9	15	9	17	6	27		1.8	115	25.8	44	986	90	0
25/04/2003	19	3	0.1	8	16	10	25	7	29		0.5	138	23.1	50	988	9	0
25/04/2003	20	3	0.1	8	26	14	46	9	38		0.1	173	20.5	61	989	0	0
25/04/2003	21	3	0.1	8	27	15	40	11	39		0.1	182	18.8	68	990	0	0
25/04/2003	22	3	0.1	8	24	18	31	14	36		0.2	4	17.4	74	991	0	0
25/04/2003	23	3	0.1	8	23	19	26	15	35		0.1	195	15.6	83	991	0	0
26/04/2003	00	3	0.1	8	20	19	23	15	32		0.1	161	14.2	90	991	0	0
26/04/2003	01	3	0.1	8	18	19	23	14	30		0.2	148	13.7	92	991	0	0
26/04/2003	02	3	0.1	8	18	22	26	18	29		0.2	136	12.6	97	991	0	0
26/04/2003	03	4	0.1	7	18	24	29	20	30		0.2	56	12.2	99	991	0	0
26/04/2003	04	4	0.1	7	16	21	25	17	27		0.1	136	11.6	99	991	0	0
26/04/2003	05	4	0.1	7	18	22	27	18	28		0.1	147	11.3	100	991	0	0
26/04/2003	06	4	0.1	7	18	19	24	16	29		0.3	51	10.7	99	992	2	0
26/04/2003	07	4	0.1	7	19	23	31	18	31		0.1	43	14	88	993	101	0
26/04/2003	08	4	0.1	14	33	25	40	20	55		0.1	319	19.3	69	993	306	0
26/04/2003	09	4	0.1	10	35	31	72	26	50		0.1	152	24.9	50	992	475	0
26/04/2003	10	4	0.1	9	23	15	36	11	36		0.2	130	28.5	39	991	693	0
26/04/2003	11	3	0.1	8	16	13	27	10	30		0.4	342	30.6	32	990	778	0
26/04/2003	12	4	0.1	9	15	10	77	6	29		2.8	303	30.1	26	989	885	0
26/04/2003	13	4	0.1	9	14	7	21	4	28		5.6	332	28.6	32	989	921	0
26/04/2003	14	4	0.1	8	13	7	21	4	26		8	338	25.6	38	989	420	0
26/04/2003	15	5	0.1	8	18	7	12	4	30		5.8	325	22.5	46	991	138	0
26/04/2003	16	4	0.1	8	14	5	9	3	26		3.3	321	21	51	992	71	0
26/04/2003	17	4	0.1	8	13	5	7	3	25		0.9	284	20.3	57	992	21	0
26/04/2003	18	3	0.1	8	16	6	9	4	28		1	309	17.7	74	993	4	0.5
26/04/2003	19	3	0.1	8	16	8	11	6	28		0.2	194	18.5	74	993	22	0
26/04/2003	20	4	0.1	8	16	8	10	6	28		0.3	23	15.8	83	995	0	0
26/04/2003	21	4	0.1	8	19	8	11	6	31		0.5	161	15.1	79	996	0	0
26/04/2003	22	4	0.1	8	13	6	8	4	25		0.6	170	14.6	76	997	0	0
26/04/2003	23	4	0.1	7	14	7	9	5	25		0.3	152	13.7	80	997	0	0
27/04/2003	00	4	0.1	7	19	8	10	6	30		0.3	39	12.4	86	997	0	0
27/04/2003	01	4	0.1	7	27	9	11	7	38		0.1	48	12.1	86	997	0	0
27/04/2003	02	4	0.1	7	29	10	13	7	40		0.1	0	11	92	997	0	0
27/04/2003	03	4	0.1	12	22	10	13	7	40		0.1	322	9.8	97	997	0	0
27/04/2003	04	4	0.1	12	29	11	14	8	47		0.1	335	9	100	997	0	0
27/04/2003	05	4	0.1	7	24	9	11	7	35		0.1	200	8.2	100	997	0	0
27/04/2003	06	4	0.1	8	17	8	10	6	29		0.1	324	8.4	99	998	3	0
27/04/2003	07	5	0.1	8	16	8	11	6	28		0.1	163	12.8	82	998	118	0
27/04/2003	08	5	0.1	11	28	11	17	9	45		0.1	352	17.6	64	998	318	0
27/04/2003	09	12	0.1	14	34	13	18	10	55		0.1	326	24.4	44	997	529	0
27/04/2003	10	4	0.1	8	17	8	11	6	29		0.2	174	26.6	40	996	716	0
27/04/2003	11	5	0.1	8	13	7	9	6	26		0.3	163	28.1	36	995	850	0
27/04/2003	12	6	0.1	8	13	10	12	8	26		2.1	43	27.8	41	993	924	0
27/04/2003	13	4	0.1	8	14	13	14	10	27		4.3	131	25.6	50	991	940	0
27/04/2003	14	3	0.1	8	14	12	13	9	26		3.4	132	26.7	47	990	900	0
27/04/2003	15	4	0.1	8	14	9	11	7	26		3.7	127	27.4	44	989	801	0
27/04/2003	16	4	0.1	8	13	8	9	6	26		4.1	121	27.6	42	988	649	0
27/04/2003	17	4	0.1	8	14	6	9	5	26		3.2	135	28.3	38	987	454	0
27/04/2003	18	4	0.1	8	14	6	10	4	26		3.3	175	26.4	39	987	183	0
27/04/2003	19	4	0.1	8	13	7	13	5	25		0.6	136	22.5	49	988	5	0
27/04/2003	20	4	0.1	8	16	8	19	6	28		0.2	31	20.5	55	989	0	0
27/04/2003	21	4	0.1	8	18	16	21	12	30		1.7	16	18.8	69	990	0	0
27/04/2003	22	3	0.1	8	17	18	21	14	29		0.4	12	17.1	78	991	0	0
27/04/2003	23	4	0.1	8	18	21	24	17	30		0.3	11	15.9	85	991	0	0
28/04/2003	00	5	0.1	8	16	22	26	18	27		0.2	10	15	90	992	0	0
28/04/2003	01	3	0.1	7	16	23	27	19	28		0.1	222	13.4	96	992	0	0
28/04/2003	02	3	0.1	7	16	25	28	20	27		0.1	231	12.8	100	992	0	0
28/04/2003	03	3	0.1	7	15	23	26	19	26		0.1	330	12.2	100	991	0	0
28/04/2003	04	3	0.1	7	16	23	26	20	27		0.2	139	11.5	100	991	0	0
28/04/2003	05	3	0.1	7	18	24	26	21	29		0.1	183	10.9	100	991	0	0
28/04/2003	06	3	0.1	7	16	21	26	19	27		0.2	122	10.5	100	991	2	0
28/04/2003	07	3	0.1	9	18	20	22	18	31		0.1	11	13.7	93	991	104	0
28/04/2003	08	3	0.1	13	22	21	26	18	42		0.2	239	17.5	76	991	304	0
28/04/2003	09	3	0.1	8	20	22	26	18	32		0.1	290	23.3	54	991	518	0
28/04/2003	10	3	0.1	8	16	16	21	13	28		0.2	207	27	42	990	709	0
28/04/2003	11	3	0.1	8	14	14	19	11	27		0.2	177	28.7	39	988	847	0
28/04/2003	12	3	0.1	9	14	14	19	11	27		0.4	126	30.4	37	986	903	0
28/04/2003	13	5	0.1	9	14	19	24	15	28		2.3	145	28.9	44	985	941	0
28/04/2003	14	4	0.1	9	15	17	23	14	28		1.4	143	29.6	43	984	835	0
28/04/2003	15	5	0.1	9	14	17	22	13	27		0.9	144	30.1	43	983	595	0
28/04/2003	16	6	0.1	9	14	17	22	14	27		1.3	146	29.7	45	983	535	0
28/04/2003	17	6	0.1	8	14	17	20	13	27		2.3	2	26.7	53	983	449	0
28/04/2003	18	4	0.1	8	14	16	20	12	26		2.1	16	24.3	60	984	231	0
28/04/2003	19	3	0.1	8	14	16	21	12	26		1.4	9	20.9	71	985	32	0
28/04/2003	20	3	0.1	8	14	16	20	12	26		0.9	20	18	81	987	0	0
28/04/2003	21	3	0.1	8	13	15	19	11	25		0.3	29	16.8	85	989	0	0
28/04/2003	22	3	0.1	8	14	15	18	11	26		0.2	358	16.1	88	990	0	0
28/04/2003	23	3	0.1	8	15	17	21	13	27		0.1	347	14.9	94	990	0	0
29/04/2003	00	3	0.1	8	14	17	20	13	26		0.2	46	14.1	98	990	0	0
29/04/2003	01	3	0.1	7	14	18	21	14	25		0.1	152	13.7	100	991	0	0
29/04/2003	02	3	0.1	7	14	18	23	15	25		0.3	147	13	100	991	0	0
29/04/2003	03	3	0.1	7	15	18	22	15	26		0.2	44	12.9	100	991	0	0
29/04/2003	04	3	0.1	7	14	21	29	18	25		0.2	188	13.7	100	991	0	0
29/04/2003	05	3	0.1	7	17	25	37	22	28		0.2	55	13.8	100	992	0	0
29/04/2003	06	3	0.1	7	22	31	45	28	33		0.1	214	13.7	100	992	0	0.1
29/04/2003	07	3	0.1	9	30	31	44	28	43		0.1	188	14.1	100	993	30	0.1
29/04/2003	08	3	0.1	9	24	38	45	34	38		0.1	158	15.8	93	993	165	0
19/08/2003	14	4		9	13	15	21	10	27	47	6.2	77	34.5	52	997	830	0
19/08/2003	15			8	13	14	20	9	26	52	5.8	68	35	48	997	741	0
19/08/2003	16	4		9	13	14	20	9	27	50	6.2	75	35.1	47	997	614	0
19/08/2003	17	4		8	14	15	21	10	26	55	6	72	34.1	51	997	404	0
19/08/2003	18	4		8	14	17	26	11	26	51	3.3	49	33.6	52	997	192	0
19/08/2003	19	4		8	14	18	34	12	27	36	0.9	58	31.7	57	997	23	0
19/08/2003	20	4		8	18	21	35	14	30	26	1	233	28.5	74	997	0	0
19/08/2003	21	4		8	15	21	29	15	28	23	0.8	285	27	85	998	0	0
19/08/2003	22	4		8	17	25	33	18	29	20	0.9	280	26.2	90	999	0	0
19/08/2003	23	4		8	14	24	31	17	27	14	0.7	280	25.7	92	999	0	0
20/08/2003	00	4		8	14	25	34	18	27	4	0.5	177	24.8	94	999	0	0
20/08/2003	01	4		9	14	27	35	20	27	2	0.5	108	23.8	98	999	0	0
20/08/2003	02	4		8	14	27	36	21	27	2	0.5	38	23.8	98	998	0	0
20/08/2003	03	4		8	14	28	37	21	27	2	0.5	137	23.6	98	997	0	0
20/08/2003	04	4		8	15	24	34	18	28	2	0.5	191	23.3	94	997	0	0
20/08/2003	05	4		9	17	22	31	16	30	2	0.5	224	22.5	90	997	0	0
20/08/2003	06	4		9	19	24	35	16	32	2	0.6	159	22.3	87	997	0	0
20/08/2003	07	4		9	19	30	48	19	33	2	0.5	37	24.5	80	997	72	0
20/08/2003	08	5		9	18	25	45	19	32	8	0.5	45	29.1	65	997	259	0
20/08/2003	09	5		8	14	22	39	15	27	35	0.5	41	34.7	48	997	466	0
20/08/2003	10	5		9	14	18	44	12	27	56	0.6	9	36.7	37	996	653	0
20/08/2003	11	5		9	13	18	44	11	26	66	1	52	38.5	30	994	795	0
20/08/2003	12	6		9	14	20	48	13	27	80	0.9	41	40.1	28	994	872	0
20/08/2003	13	7		9	13	19	40	13	26	86	2.8	62	40.1	30	993	888	0
20/08/2003	14	7		8	14	20	36	15	27	77	6.5	89	38.4	39	993	848	0
20/08/2003	15	6		8	14	18	30	14	26	70	7.5	81	37.5	40	993	773	0
20/08/2003	16	6		8	14	15	24	11	27	81	6	71	38.7	30	992	602	0
20/08/2003	17	7		9	14	19	35	13	27	73	4.7	67	37.6	34	991	252	0
20/08/2003	18	6		9	14	19	49	12	27	65	2.4	70	34.7	36	991	10	0
20/08/2003	19	6		8	15	22	60	13	28	43	1.7	162	33	45	992	0	0
20/08/2003	20	5		8	17	21	33	16	29	24	3.6	348	29.2	70	993	0	0
20/08/2003	21	5		8	16	22	35	16	28	15	1.5	204	28.1	77	993	0	0
20/08/2003	22	5		9	14	24	28	19	27	18	3	322	26.9	89	994	0	0
20/08/2003	23	5		8	14	26	32	21	26	16	1.5	302	26.5	92	994	0	0
21/08/2003	00	5		8	14	26	33	20	27	16	1.1	309	26.5	92	994	0	0
21/08/2003	01	5		8	14	27	36	21	27	14	0.9	289	26.4	92	994	0	0
21/08/2003	02	5		8	14	27	37	21	27	7	0.6	290	26.1	93	994	0	0
21/08/2003	03	5		8	14	28	38	22	26	2	0.6	155	25.7	94	994	0	0
21/08/2003	04	5		8	14	29	40	23	27	2	0.5	145	25.1	94	994	0	0
21/08/2003	05	5		8	13	30	42	24	27	2	0.5	151	24.5	96	995	0	0
21/08/2003	06	5		9	17	32	46	26	30	2	0.5	337	24.2	97	995	0	0
21/08/2003	07	5		8	14	33	48	26	28	2	0.6	82	25.2	93	996	59	0
21/08/2003	08	5		8	14	33	52	26	27	7	0.5	6	29.8	75	996	251	0
21/08/2003	09	5		9	15	31	41	25	28	14	1.6	327	30	72	996	250	0
21/08/2003	10	5		8	14	25	33	19	27	28	2.5	340	30.9	66	995	342	0
21/08/2003	11	5		8	14	16	23	11	26	40	3.6	348	32.6	59	996	644	0
21/08/2003	12	5		8	14	14	21	9	26	46	3.4	18	33.8	53	995	768	0
21/08/2003	13	4		9	13	13	20	9	27	47	4.7	76	33.3	54	994	451	0
21/08/2003	14	4		8	13	17	23	10	26	34	4.5	60	26.6	85	996	0	17.7
21/08/2003	15	4		8	14	17	22	11	27	25	3.3	185	23.6	97	997	0	4
21/08/2003	16	4		8	18	16	20	10	30	21	1.4	253	23	94	996	92	0
21/08/2003	17	4		9	16	16	20	11	29	19	1.2	239	25.2	86	996	80	0
21/08/2003	18	4		8	15	15	18	10	28	22	2.3	328	24	90	996	9	0
21/08/2003	19	4		8	19	19	25	13	32	11	1.3	318	24.5	92	997	0	0
21/08/2003	20	4		8	18	16	23	11	31	5	1.4	181	23.9	93	997	0	0
21/08/2003	21	4		8	18	19	25	13	30	3	1	178	23.5	96	997	0	0
21/08/2003	22	4		8	18	20	28	14	31	2	0.8	328	23.7	95	998	0	0
21/08/2003	23	4		8	18	21	27	16	30	2	2	96	22.9	99	998	0	0
22/08/2003	00	4		8	15	24	30	18	27	2	1.5	20	22.8	99	997	0	0
22/08/2003	01	4		8	16	25	32	19	29	2	0.5	24	22.3	99	998	0	0
22/08/2003	02	4		8	17	24	31	19	30	2	0.6	126	21.9	100	998	0	0
22/08/2003	03	3		8	18	24	30	19	31	2	0.6	70	21.5	100	998	0	0.2
22/08/2003	04	3		9	19	25	31	20	32	2	0.7	2	21.3	100	997	0	0
22/08/2003	05	3		9	20	26	34	21	34	2	0.6	145	20.8	100	997	0	0
22/08/2003	06	3		16	21	26	36	20	45	2	0.5	176	20.3	100	998	0	0
22/08/2003	07	3		15	19	50	62	43	42	2	0.6	209	21.4	98	998	54	0.2
22/08/2003	08	4		12	18	21	30	16	36	2	0.5	177	25.5	82	999	243	0
22/08/2003	09	6		10	21	22	33	17	36	4	0.5	239	31.1	60	999	444	0
22/08/2003	10	7		9	15	15	24	11	28	35	0.6	295	33.6	48	998	615	0
22/08/2003	11	6		8	15	16	23	12	27	48	1.1	321	33.9	50	998	753	0
22/08/2003	12	6		8	14	16	22	12	27	66	1.5	324	34	50	997	764	0
22/08/2003	13	6		9	15	13	22	9	27	71	4	74	33.9	46	997	713	0
22/08/2003	14	5		8	15	11	16	7	27	73	5.7	74	34	44	997	813	0
22/08/2003	15	5		8	14	12	18	8	27	70	4.6	73	33.8	48	996	584	0
22/08/2003	16	5		8	14	12	17	8	27	66	5.4	81	31.5	56	996	340	0
22/08/2003	17	5		8	14	12	17	8	27	59	3.7	61	31.4	57	996	198	0
22/08/2003	18	4		8	15	13	23	9	27	54	2.1	48	29.5	62	995	40	0
22/08/2003	19	4		8	14	13	21	9	27	50	1.3	41	28.3	68	996	8	0
22/08/2003	20	4		8	15	15	22	10	27	38	1.1	333	26.9	81	997	0	0
22/08/2003	21	4		8	14	17	22	12	27	30	1	356	26.2	86	998	0	0
22/08/2003	22	3		8	15	17	19	12	28	16	3.4	330	26.3	90	1000	0	0
22/08/2003	23	4		8	15	14	18	10	28	23	1.7	330	25.7	78	1000	0	0
23/08/2003	00	3		8	14	7	14	4	27	42	0.7	358	24.3	61	999	0	0
23/08/2003	01	4		8	15	7	14	4	28	44	0.8	336	23.7	60	999	0	0
23/08/2003	02	3		8	16	7	12	4	29	23	1.6	72	21.4	73	999	0	0
23/08/2003	03	3		8	16	8	11	5	28	17	1.2	23	20.5	78	999	0	0
23/08/2003	04	3		8	21	11	14	8	33	2	0.5	347	20.1	86	998	0	0
23/08/2003	05	3		8	21	11	15	8	34	2	0.5	176	20.4	83	998	0	0
23/08/2003	06	3		8	21	11	15	8	34	2	0.6	9	19.6	86	998	0	0
23/08/2003	07	3		10	22	11	16	8	37	2	0.5	209	20.3	87	998	38	0
23/08/2003	08	4		9	20	11	21	8	34	5	0.5	210	24.5	69	999	167	0
23/08/2003	09	6		9	19	9	15	6	32	29	0.9	241	28.6	52	999	375	0
23/08/2003	10	5		9	14	8	13	5	27	55	0.8	324	31.9	45	998	597	0
23/08/2003	11	5		9	14	10	16	7	27	62	1	326	34	44	997	730	0
23/08/2003	12	6		8	14	10	17	7	27	70	1.1	349	34.5	43	997	791	0
23/08/2003	13	7		8	14	11	17	8	27	75	1.3	343	35.2	42	997	817	0
23/08/2003	14	7		8	14	11	17	8	27	68	2.9	48	36.2	42	996	829	0
23/08/2003	15	6		9	14	11	17	8	28	64	3.5	82	35.9	43	995	673	0
23/08/2003	16	6		8	14	11	16	8	27	60	4.6	83	35.2	45	994	540	0
23/08/2003	17	5		8	13	11	15	8	26	59	4.8	81	33.8	49	994	392	0
23/08/2003	18	5		8	13	11	16	8	26	52	4	87	32	57	994	186	0
23/08/2003	19	4		8	13	12	16	8	26	37	2.7	70	28.5	74	995	15	0
23/08/2003	20	3		8	13	12	16	9	26	27	0.8	59	26.1	84	996	0	0
23/08/2003	21	3		8	16	14	19	10	29	12	0.5	150	25	89	996	0	0
23/08/2003	22	3		8	15	15	19	11	28	11	0.6	164	24.3	94	996	0	0
23/08/2003	23	3		8	16	16	21	12	29	3	0.5	20	23.6	96	996	0	0
24/08/2003	00	3		8	16	18	22	14	29	2	0.5	104	23	98	996	0	0
24/08/2003	01	3		8	15	18	23	14	28	2	0.5	74	23	98	996	0	0
24/08/2003	02	3		8	16	20	24	16	28	2	0.6	48	22.7	99	995	0	0
24/08/2003	03	3		8	16	20	27	16	29	2	0.6	64	22.3	100	995	0	0
24/08/2003	04	3		8	17	21	26	17	30	2	0.5	314	22.1	100	995	0	0
24/08/2003	05	3		8	19	21	26	17	32	2	0.5	178	21.7	100	995	0	0
24/08/2003	06	3		8	16	28	38	23	29	2	0.5	36	21.8	100	995	0	0
24/08/2003	07	3		8	16	28	38	23	29	2	0.5	129	22.6	100	995	25	0.2
24/08/2003	08	4		10	18	33	37	29	34	2	0.5	308	25.8	87	995	167	0
24/08/2003	09	4		10	19	24	30	20	35	6	0.5	159	29	71	994	278	0
24/08/2003	10	4		8	14	15	23	11	27	39	0.5	24	33.1	50	994	502	0
24/08/2003	11	7		9	16	14	26	9	29	58	0.6	225	37.1	32	994	571	0
24/08/2003	12	5		9	14	13	26	7	27	69	0.5	196	38.7	27	994	599	0
24/08/2003	13	5		9	14	13	27	8	28	75	0.7	147	38.9	28	993	698	0
24/08/2003	14	5		9	15	14	26	9	29	73	1.5	118	38.9	30	993	693	0
24/08/2003	15	6		10	15	14	25	10	29	73	1.9	80	38.6	34	992	638	0
24/08/2003	16	5		9	14	15	21	11	27	65	3.8	76	36.8	42	992	541	0
24/08/2003	17	5		8	14	16	22	12	27	57	3.7	77	34.3	52	991	261	0
24/08/2003	18	5		9	14	17	22	12	27	51	3.7	80	33	59	991	183	0
24/08/2003	19	4		8	14	18	25	14	27	41	1.4	339	30.4	70	992	12	0
24/08/2003	20	3		8	16	20	26	15	29	28	0.9	233	27.7	82	993	0	0
24/08/2003	21	3		8	14	21	27	16	27	31	1	302	26.8	85	993	0	0
24/08/2003	22	3		8	15	22	27	17	27	18	0.5	10	26.2	87	994	0	0
24/08/2003	23	3		8	16	23	29	18	29	6	0.6	41	25	93	994	0	0
25/08/2003	00	3		8	16	26	33	22	28	3	0.5	1	24.4	96	994	0	0
25/08/2003	01	3		8	16	27	33	22	29	2	0.5	213	23.5	98	993	0	0
25/08/2003	02	3		8	16	27	34	23	29	2	0.5	201	23	100	993	0	0
25/08/2003	03	3		8	16	25	31	21	29	2	0.6	118	22.2	100	993	0	0
25/08/2003	04	3		8	16	26	32	21	29	2	0.5	348	22	100	993	0	0
25/08/2003	05	3		10	18	24	30	20	33	2	0.5	155	21	100	993	0	0
25/08/2003	06	3		11	20	24	35	20	36	2	0.5	43	20.6	100	994	0	0
25/08/2003	07	3		17	18	26	36	22	44	2	0.5	17	21.4	99	994	60	0
25/08/2003	08	4		16	21	24	37	21	45	2	0.4	155	26.7	79	994	238	0
25/08/2003	09	7		14	24	22	44	18	44	16	0.5	135	33.1	47	994	453	0
25/08/2003	10	6		9	15	16	28	12	28	67	0.5	6	37.5	29	993	631	0
25/08/2003	11	6		10	15	16	28	13	31	93	0.9	214	38	27	993	739	0
25/08/2003	12	6		10	15	16	26	13	30	109	0.7	347	39	25	992	785	0
25/08/2003	13	7		10	15	16	24	12	30	112	1.2	344	39.2	25	992	873	0
25/08/2003	14	6		10	14	16	26	12	30	112	2.1	36	40.2	24	991	824	0
25/08/2003	15	8		10	14	16	32	13	29	119	4.2	82	38.6	29	990	721	0
25/08/2003	17	5		8	14	20	32	16	27	92	3.8	77	37.1	37	991	355	0
25/08/2003	18	3		8	14	21	38	16	27	70	2	71	35.7	43	992	141	0
25/08/2003	19	3		8	16	22	34	16	28	41	2.4	345	31.9	58	993	12	0
25/08/2003	20	4		8	15	23	29	17	27	31	2.7	323	28.2	76	993	0	0
25/08/2003	21	4		8	16	25	35	19	29	20	0.7	166	26.8	83	994	0	0
25/08/2003	22	4		8	13	27	35	21	26	26	0.7	358	26.1	89	994	0	0
25/08/2003	23	4		8	14	29	39	23	26	12	0.5	347	25.1	93	995	0	0
26/08/2003	00	4		8	14	32	41	26	26	4	0.5	62	24	97	995	0	0
26/08/2003	01	4		8	14	31	40	25	27	3	0.5	348	23.1	99	995	0	0
26/08/2003	02	4		8	16	32	42	26	28	2	0.5	8	22.6	99	994	0	0
26/08/2003	03	4		8	15	33	43	27	27	2	0.5	330	22.5	99	994	0	0
26/08/2003	04	4		8	17	32	41	27	29	2	0.6	8	21.5	100	994	0	0
26/08/2003	05	4		9	20	32	43	26	34	2	0.5	215	21.1	100	994	0	0.2
26/08/2003	06	4		8	22	29	39	24	35	3	0.5	12	20.9	91	994	0	0
26/08/2003	07	4		21	22	32	47	24	54	2	0.5	172	23	84	995	66	0
26/08/2003	08	6		31	33	32	125	24	80	2	0.5	324	28.7	62	995	246	0
26/08/2003	09	8		13	22	19	42	15	42	31	1.3	305	32.8	39	995	451	0
26/08/2003	10	9		8	17	17	36	13	30	56	1.7	320	33.6	36	995	627	0
26/08/2003	11	7		8	15	17	29	13	27	73	1.3	300	35.6	33	995	757	0
26/08/2003	12	5		8	14	17	30	13	26	90	1.2	335	37.5	29	994	839	0
26/08/2003	13	5		8	14	20	31	16	26	107	0.9	190	39.3	29	993	845	0
26/08/2003	14	6		9	14	22	34	18	27	97	4	82	38.3	37	993	793	0
26/08/2003	15	7		8	14	21	32	17	27	100	5.8	80	36.8	41	992	691	0
26/08/2003	16	7		8	13	19	28	16	27	96	6.7	77	35.7	41	992	551	0
26/08/2003	17	6		8	13	18	25	14	26	90	5.8	75	35.3	39	992	367	0
26/08/2003	18					16	31	12			2.4	64	35.9	35		158	0
26/08/2003	19	4		8	16	19	37	15	28	75	1.8	242	32.9	43	993	10	0
26/08/2003	20	4		8	20	21	36	16	33	53	1.6	314	29.1	57	993	0	0
26/08/2003	21	4		8	18	20	29	15	31	44	1.6	332	27.6	69	994	0	0
26/08/2003	22	4		8	17	21	29	15	29	31	0.6	7	26.2	79	994	0	0
26/08/2003	23	3		8	20	24	35	18	33	18	0.5	168	25.1	83	995	0	0
27/08/2003	00	3		8	17	25	34	18	30	14	0.5	189	24	89	995	0	0
27/08/2003	01	3	0.5	8	18	25	35	19	31	10	0.5	176	22.9	89	995	0	0
27/08/2003	02	3	0.6	8	17	24	33	18	30	13	0.5	190	22.5	91	994	0	0
27/08/2003	03	3	0.6	8	16	23	31	17	28	11	0.7	189	22.7	89	994	0	0
27/08/2003	04	3	0.6	8	18	24	33	18	31	3	0.5	179	22.3	90	994	0	0
27/08/2003	05	3	0.6	8	16	24	33	18	29	5	0.5	352	22.8	90	994	0	0
27/08/2003	06	3	0.6	8	19	25	37	19	32	2	0.5	171	22.5	92	994	0	0
27/08/2003	07	3	0.6	9	19	23	32	17	32	3	0.5	123	23.2	86	994	61	0
27/08/2003	08	4	0.7	9	20	24	53	18	33	15	0.5	174	28.7	64	994	253	0
27/08/2003	09	5	0.8	8	16	24	42	18	29	36	0.5	323	33.3	51	993	464	0
27/08/2003	10	6	0.7	8	18	25	43	19	31	50	0.6	308	35.3	43	993	654	0
27/08/2003	11	7	0.6	8	17	17	34	13	29	78	0.6	214	37.5	30	993	792	0
27/08/2003	13	4	0.3	8	13				26	94	1.1	49			990	893	0
27/08/2003	14	5	0.1	8	14	18	26	14	26	89	3	80	38.6	31	990	849	0
27/08/2003	15	5	0.1	8	13	17	26	13	26	90	4	85	39	30	989	747	0
27/08/2003	16	6	0.1	8	13	15	24	12	26	95	5.7	84	37.6	33	989	576	0
27/08/2003	17	7	0.1	8	13	15	23	12	26	91	5.1	73	36.9	37	989	373	0
27/08/2003	18	6		9	14	16	28	12	27	80	3.5	56	35.7	38	989	149	0
27/08/2003	19	5	0.6	8	14	17	42	12	26	67	1.2	60	32.5	43	989	4	0
27/08/2003	20	5	0.8	8	17	16	43	12	29	51	1.4	17	30.1	49	990	0	0
27/08/2003	21	5	0.9	8	23	19	41	14	35	40	0.8	235	29.5	53	990	0	0
27/08/2003	22	5	0.9	8	19	19	51	14	31	40	0.6	329	28.6	52	990	0	0
27/08/2003	23	5	0.8	8	17	19	34	14	29	33	0.5	196	26.6	55	990	0	0
28/08/2003	00	3	0.8	8	18	19	34	15	31	18	0.7	153	24.5	66	990	0	0
28/08/2003	01	3	0.8	8	17	19	36	14	29	16	0.5	155	23.6	69	990	0	0
28/08/2003	02	3	0.7	8	16	19	31	14	29	11	0.5	6	22.3	73	990	0	0
28/08/2003	03	3	0.7	8	17	18	31	14	30	5	0.5	212	20.7	78	990	0	0
28/08/2003	04	3	0.7	8	23	20	29	16	36	2	0.6	0	19.9	81	990	0	0
28/08/2003	05	3	0.7	9	21	16	28	13	33	8	0.7	29	20	74	990	0	0
28/08/2003	06	3	0.8	8	22	16	33	12	34	4	0.6	5	19.5	72	990	0	0
28/08/2003	07	3	0.8	9	20	13	38	9	33	18	0.5	42	21	58	990	31	0
28/08/2003	08	5	0.8	12	29	20	128	12	48	6	0.5	41	25.3	51	990	179	0
28/08/2003	09	8	0.8	11	28	16	86	11	45	24	0.6	201	29.1	38	990	265	0
28/08/2003	10					11	48	7		48	0.6	178	32	28		363	0
28/08/2003	11	6	0.5	8	16	10	39	6	29	91	0.5	62	33.4	24	989	310	0
28/08/2003	12	5	0.5	8	14	9	33	6	27	92	1	110	32.5	27	989	280	0
28/08/2003	13	5	0.5	8	14	9	29	6	26	100	1.2	63	34.8	24	989	528	0
28/08/2003	14	6	0.5	8	15	10	30	7	27	109	0.7	144	36.7	22	988	482	0
28/08/2003	15	5	0.4	8	13	8	29	6	26	109	1.7	194	39.8	18	987	681	0
28/08/2003	16	5	0.2	8	14	10	32	6	26	114	3.4	227	39.6	19	986	580	0
28/08/2003	17	5	0.2	8	15	11	27	7	27	118	2.7	339	34.9	26	986	199	0
28/08/2003	18	5	0.3	8	14	10	32	7	27	108	1.3	13	35.1	26	987	166	0
28/08/2003	19	5	0.5	8	15	12	42	8	28	87	0.9	60	31.7	39	987	15	0
28/08/2003	20	5	0.5	8	21	15	53	10	33	60	0.6	3	28	44	988	0	0
28/08/2003	21	4	0.5	8	22	16	62	10	35	41	0.5	194	25.3	54	989	0	0
28/08/2003	22	4	0.4	8	20	16	55	11	32	42	0.5	334	24.5	55	989	0	0
28/08/2003	23	5	0.5	8	20	13	44	9	33	23	0.6	210	23.9	55	990	0	0
29/08/2003	00	3	0.4	8	15	7	34	4	27	32	0.8	200	23.4	51	990	0	0
29/08/2003	01	3	0.3	8	14	7	33	4	27	39	0.6	228	23.1	46	990	0	0
29/08/2003	02	3	0.3	8	17	6	25	3	29	46	0.8	249	22.8	38	990	0	0
29/08/2003	03	3	0.3	8	15	6	22	3	27	53	1.1	233	21.9	37	990	0	0
29/08/2003	04	6	0.3	8	20	8	25	5	33	44	1	242	21.5	37	991	0	0
29/08/2003	05	11	0.3	9	26	10	28	7	40	32	1.6	251	21.4	40	992	0	0
29/08/2003	06	3	0.3	8	14	8	34	5	27	43	1.9	225	20.5	46	992	0	0
29/08/2003	07	4	0.3	8	19	11	55	6	32	32	1.7	239	22.2	48	993	67	0
29/08/2003	08	3	0.4	8	15	8	35	5	27	39	2.7	223	26.9	42	993	261	0
29/08/2003	09	3	0.5	8	13	9	38	5	26	47	4.6	239	28.6	40	993	466	0
29/08/2003	10	5		8	15	10	41	6	28	51	5.1	244	30	37	993	650	0
29/08/2003	11	5	0.3	9	14	10	32	6	27	57	5.1	240	31.2	33	993	787	0
29/08/2003	12	6	0.2	8	16	11	54	6	29	62	5.6	241	32.5	29	993	871	0
29/08/2003	13	4	0.2	8	15	9	36	6	28	68	5.5	237	33.6	27	993	886	0
29/08/2003	14	3	0.4	8	13	8	32	5	25	73	5.4	229	35.5	24	993	839	0
29/08/2003	15	3	0.4	8	14	8	30	5	26	78	4.8	235	36.4	22	992	744	0
29/08/2003	16	3	0.3	8	14	8	26	5	27	79	4.7	242	36.8	21	992	592	0
29/08/2003	17	5	0.4	8	16	8	20	5	29	74	4	249	36.1	22	991	397	0
29/08/2003	18	3	0.4	8	14	8	17	5	27	72	4.1	303	34.1	25	991	178	0
29/08/2003	19	3	0.4	8	14	7	17	5	26	71	4.1	298	31.1	28	992	16	0
29/08/2003	20	3	0.4	8	15	8	18	5	27	65	2.2	290	29.1	32	993	0	0
29/08/2003	21	7	0.3	8	23	10	28	6	36	41	1.1	209	26.6	37	994	0	0
29/08/2003	22	3	0.3	8	15	9	28	5	28	41	0.5	187	24.3	43	995	0	0
29/08/2003	23	3	0.3	8	16	9	26	5	28	33	0.5	169	22.7	47	995	0	0
30/08/2003	00	3	0.3	8	15	9	22	6	28	24	0.6	137	21.3	52	996	0	0
30/08/2003	01	3	0.1	8	15	8	19	5	27	28	0.5	126	21	53	996	0	0
30/08/2003	02	3	0.1	8	15	8	18	5	28	24	0.8	52	19.9	57	996	0	0
30/08/2003	03	3	0.1	8	15	8	17	5	27	20	0.9	72	19.1	60	996	0	0
30/08/2003	04	3	0.1	8	16	9	20	5	29	16	0.5	130	18.8	61	996	0	0
30/08/2003	05	3	0.1	9	19	9	26	6	32	4	0.5	336	17.5	69	996	0	0
30/08/2003	06	3	0.3	12	27	11	40	7	45	2	0.5	293	17.1	73	996	0	0
30/08/2003	07	3	0.3	11	21	11	37	7	38	2	0.5	195	18.5	70	996	62	0
30/08/2003	08	7	0.4	14	28	14	62	9	50	8	0.5	183	26.9	45	996	255	0
30/08/2003	09	12	0.4	10	27	11	41	7	42	34	0.5	193	33.9	28	996	464	0
30/08/2003	10	9		8	17	7	16	5	30	62	0.5	314	35.7	25	996	648	0
30/08/2003	11	5	0.3	8	14	7	14	5	26	72	0.6	229	37.8	23	996	790	0
30/08/2003	12	6	0.3	8	13	8	15	5	26	76	0.8	344	37.6	23	995	874	0
30/08/2003	13	4	0.2	8	13	7	16	5	26	80	0.9	197	39.1	22	994	897	0
30/08/2003	14	4	0.1	8	13	7	17	5	26	87	3.5	62	38.2	24	994	847	0
30/08/2003	15	4	0.2	8	13	8	16	5	26	87	6.1	67	36	30	993	749	0
30/08/2003	16	4	0.3	8	13	10	17	8	26	88	7	69	35.1	33	993	601	0
30/08/2003	17	5	0.5	8	13	18	23	15	26	92	5.6	67	35.1	33	993	400	0
30/08/2003	18	5	0.6	8	14	15	22	11	27	86	3.3	63	34.8	33	993	176	0
30/08/2003	19	3	0.5	8	13	9	24	6	26	73	2.4	68	31.6	35	994	13	0
30/08/2003	20	3	0.5	8	14	10	18	7	27	50	3.3	333	27.5	60	994	0	0
30/08/2003	21	3	0.4	8	15	9	12	6	27	41	1.9	308	25.4	77	996	0	0
30/08/2003	22	3	0.3	8	14	8	12	5	27	35	0.6	348	24.6	80	997	0	0
30/08/2003	23	3	0.3	8	16	9	14	6	28	27	0.5	302	23.5	84	997	0	0
31/08/2003	00	3	0.3	8	15	11	15	8	27	19	0.5	130	22	88	997	0	0
31/08/2003	01	3	0.3	8	16	12	17	8	28	12	0.5	357	21.4	90	997	0	0
31/08/2003	02	3	0.3	8	16	13	18	9	28	6	0.8	47	20.2	96	996	0	0
31/08/2003	03	3	0.4	8	18	13	18	9	30	2	0.5	293	19.6	96	996	0	0
31/08/2003	04	3	0.3	8	20	13	19	10	33	2	0.6	12	18.8	95	996	0	0
31/08/2003	05	3	0.3	8	18	13	18	9	30	2	0.6	198	18.4	93	996	0	0
31/08/2003	06	3	0.3	8	18	14	20	10	30	2	0.7	38	18.1	95	997	0	0
31/08/2003	07	3	0.3	8	16	14	20	10	29	2	0.6	37	20.2	89	997	58	0
31/08/2003	08	4	0.4	9	17	14	24	10	31	8	0.6	209	25.6	66	997	247	0
31/08/2003	09	12	0.5	11	26	14	26	10	42	22	0.5	213	32.2	45	997	451	0
31/08/2003	10	9		8	15	9	16	7	28	45	0.7	212	34.2	43	997	632	0
31/08/2003	11	5		8	13	9	13	6	26	56	1.8	327	32.3	47	997	683	0
31/08/2003	12	5	0.4	8	13	8	13	6	25	59	1.5	341	33.2	46	997	664	0
31/08/2003	13	4	0.6	8	13	9	13	6	25	59	1.4	50	33.4	46	996	569	0
31/08/2003	14	5	0.6	8	13	10	14	7	26	58	2.3	163	33.9	46	996	652	0
31/08/2003	15	5	0.6	8	13	10	13	7	26	54	4.6	84	33.9	48	995	716	0
31/08/2003	16					9	12	7			3.9	79	33.9	46		557	0
31/08/2003	17	3	0.3	8	13	9	13	6	25	61	4.3	85	33.1	46	994	361	0
31/08/2003	18	3	0.5	8	13	9	14	6	26	61	3.5	83	31.2	48	994	154	0
31/08/2003	19	3	0.4	8	13	9	17	6	26	56	2.4	77	27.5	63	994	7	0
31/08/2003	20	3	0.4	8	14	11	18	7	26	47	0.7	29	25.4	74	994	0	0
31/08/2003	21	4	0.4	8	24	13	17	9	37	27	1	254	24.7	80	995	0	0
31/08/2003	22	3	0.4	8	16	14	18	10	28	32	0.8	282	24.1	90	996	0	0
31/08/2003	23	3	0.3	8	15	14	19	10	27	23	0.6	181	23.4	91	996	0	0
01/09/2003	00	3	0.3	8	15	14	20	10	27	20	0.5	161	22.8	89	995	0	0
01/09/2003	01	3	0.3	8	15	16	22	12	27	14	0.5	356	22.2	91	995	0	0
01/09/2003	02	3	0.3	8	15	16	22	12	27	7	0.5	135	21	95	995	0	0
01/09/2003	03	3	0.3	8	14	15	20	12	27	6	0.5	152	20.3	96	995	0	0
01/09/2003	04	3	0.3	8	14	16	21	13	27	3	0.5	9	19.8	99	995	0	0
01/09/2003	05	3	0.3	8	17	17	24	12	29	2	0.5	177	19	98	996	0	0
01/09/2003	06	3	0.3	10	18	18	26	13	33	2	0.5	205	18.8	99	996	0	0
01/09/2003	07	3	0.3	11	21	19	28	14	38	2	0.5	173	19.6	96	997	11	0
01/09/2003	08	3	0.4	10	23	22	34	18	38	4	0.5	332	23.5	84	997	135	0
01/09/2003	09	4	0.4	9	21	19	33	15	34	14	0.6	177	28.9	65	997	336	0
01/09/2003	10	5	0.6	8	18	16	25	12	30	32	1.1	225	30.8	57	997	464	0
01/09/2003	11	4	0.6	8	14	14	23	10	27	48	0.8	220	34.1	46	997	603	0
01/09/2003	12	3	0.5	8	13	13	20	10	26	58	1.2	21	33	47	997	655	0
01/09/2003	13	3	0.5	8	13	9	15	6	26	60	2	58	33.6	45	996	783	0
01/09/2003	14	3	0.5	8	13	7	14	5	26	59	6	79	32.9	48	995	829	0
01/09/2003	15	3	0.4	8	13	8	11	5	26	60	6.4	77	32.2	50	995	727	0
01/09/2003	16	3		8	13	8	12	6	26	55	5.6	69	31.8	53	994	472	0
01/09/2003	17	3	0.3	8	13	8	12	6	26	48	5.1	64	30	60	994	282	0
01/09/2003	18	3	0.1	8	13	9	12	6	25	45	4.2	68	29.7	61	994	175	0
01/09/2003	19	3	0.1	8	14	9	14	6	26	40	2.2	64	26.6	74	995	0	0
01/09/2003	20	3	0.2	8	19	10	14	7	32	27	0.8	327	25.7	79	996	0	0
01/09/2003	21	3	0.1	8	18	10	14	7	30	26	0.8	251	25.4	81	996	0	0
01/09/2003	22	3	0.1	8	15	10	13	7	27	25	0.7	234	25.2	84	997	0	0
01/09/2003	23	3	0.1	8	14	10	13	6	26	24	0.6	344	25	85	997	0	0
02/09/2003	00	3	0.1	8	15	10	14	7	27	16	0.5	200	24.5	87	997	0	0
02/09/2003	01	3	0.1	8	15	10	14	7	27	12	0.5	184	24.2	88	997	0	0
02/09/2003	02	3	0.1	8	16	12	16	9	29	9	0.6	219	23.4	91	997	0	0
02/09/2003	03	3	0.1	8	13	12	14	9	26	27	1	323	23.4	94	996	0	0
02/09/2003	04	3	0.1	8	13	12	14	9	25	29	1.4	322	22.9	96	997	0	0
02/09/2003	05	3	0.1	8	13	13	15	9	25	29	0.8	327	22.8	95	997	0	0
02/09/2003	06	3	0.1	8	13	13	16	10	26	26	0.9	335	22.6	95	997	0	0
02/09/2003	07	3	0.1	8	14	14	17	10	26	25	0.8	321	23.1	92	998	34	0
02/09/2003	08	3	0.1	8	13	12	15	9	25	32	0.6	330	26	78	998	161	0
02/09/2003	09	3	0.1	8	13	10	14	7	26	39	0.6	327	27.4	70	998	193	0
02/09/2003	10	3	0.3	8	13	10	13	7	26	46	0.8	1	29.4	61	998	398	0
02/09/2003	11	3	0.3	8	13	8	11	6	26	53	1.3	333	30.6	54	998	401	0
02/09/2003	12	3	0.4	8	13	9	11	6	26	55	2.5	354	29.4	59	998	524	0
02/09/2003	13	3	0.4	8	13	9	11	6	25	59	3.3	335	31.6	50	997	871	0
02/09/2003	14	3	0.3	8	13	8	10	5	26	58	3.2	24	30.2	53	997	291	0
02/09/2003	15	3	0.3	8	13	7	10	5	25	54	5.8	68	29.6	57	996	483	0
02/09/2003	16	3	0.3	8	13	7	11	5	25	51	6.1	39	27.4	67	995	99	1.8
02/09/2003	17					10	12	6		33	2.1	17	24.2	90	997	161	13.4
02/09/2003	18	3	0.3	8	15	11	13	7	28	33	1.4	194	22.6	95	997	8	12.5
02/09/2003	19	3	0.3	9	17	10	13	7	30	25	1	227	22	99	997	0	0
02/09/2003	20	3	0.4	9	17	13	15	9	30	22	1	348	22.3	100	998	0	0
02/09/2003	21	3	0.4	8	18	15	19	12	31	16	0.6	201	22.2	100	998	0	0
02/09/2003	22	3	0.4	8	15	15	19	10	27	31	0.7	318	21.9	100	998	0	0
02/09/2003	23	3	0.4	8	14	21	27	16	28	34	0.6	340	22	99	999	0	0
03/09/2003	00	3	0.4	8	16	23	30	17	28	36	1.1	311	21.9	97	998	0	0
03/09/2003	01	3	0.4	8	15	18	23	14	28	30	1.8	325	21.5	97	998	0	0
03/09/2003	02	3	0.3	8	14	14	18	10	27	34	1.5	319	21.3	97	998	0	0
03/09/2003	03	3	0.3	8	14	12	16	8	27	39	1	326	21.3	98	998	0	0
03/09/2003	04	3	0.3	9	14	14	18	10	27	38	0.9	332	21.4	97	998	0	0
03/09/2003	05	3	0.3	8	18	15	18	12	31	23	0.5	204	21.1	98	999	0	0.4
03/09/2003	06	3	0.4	9	15	10	12	8	29	26	0.5	154	21	98	999	0	0
03/09/2003	07	3	0.4	9	16	8	10	5	29	27	0.5	187	21.2	97	1000	12	0
03/09/2003	08	3	0.4	9	15	11	14	9	28	33	1	319	22.7	88	1000	88	0
03/09/2003	09	3	0.4	9	20	18	21	14	33	27	1.6	311	23.5	85	1000	217	0
03/09/2003	10	3	0.5	9	22	16	19	13	36	32	2.1	321	24.7	79	1000	356	0
03/09/2003	11	3	0.5	9	17	11	14	8	30	50	2	328	27.8	66	1000	540	0
03/09/2003	12	3	0.5	8	14	6	6	4	27	50	2.8	340	23	87	1000	107	0.7
03/09/2003	13	3	0.5	9	14	8	9	5	27	53	2.2	353	22.7	86	1000	82	1.1
03/09/2003	14	3	0.4	9	14	8	9	5	27	49	1.2	1	21.2	95	1000	39	1.7
03/09/2003	15	3	0.4	8	14	7	8	4	27	51	1.4	19	22.4	89	1000	91	0.1
03/09/2003	16	3	0.4	9	14	7	9	5	27	48	0.9	185	22.5	89	1000	16	0
03/09/2003	17	3		8	14	7	9	5	27	48	1.2	1	23.2	86	1000	72	0
03/09/2003	18	3	0.4	9	14	7	9	4	27	49	1.3	343	23.1	84	1000	8	0
03/09/2003	19	3	0.4	8	14	8	11	5	27	44	1.1	343	22.6	88	1000	0	0
03/09/2003	20	3	0.4	8	14	10	13	7	27	43	1	347	22.5	88	1001	0	0.1
03/09/2003	21	3	0.4	9	14	10	13	7	27	39	0.7	332	22.2	91	1002	0	0.1
03/09/2003	22	3	0.4	8	14	9	11	6	27	43	0.9	339	22.1	92	1002	0	0
03/09/2003	23	3	0.4	8	14	8	10	6	27	38	0.8	4	22.2	93	1002	0	1.1
04/09/2003	00	3	0.4	8	14	9	11	7	27	35	0.7	317	21.7	97	1002	0	0.3
04/09/2003	01	3	0.3	8	15	12	14	9	28	31	0.9	316	21.2	99	1002	0	1.8
04/09/2003	02	3	0.4	8	16	19	21	16	28	28	0.6	322	21.2	99	1002	0	0
04/09/2003	03	3	0.4	8	15	23	26	20	28	19	0.5	358	21.2	100	1001	0	0
04/09/2003	04	3	0.5	8	18	27	30	23	31	20	0.5	227	21.1	100	1000	0	0.2
04/09/2003	05	3	0.4	9	17	27	36	23	30	16	0.6	201	21.1	100	1001	0	0
04/09/2003	06	3	0.4	9	17	26	35	22	31	16	1.2	1	21.1	100	1001	0	0
04/09/2003	07	3	0.4	9	14	13	16	9	28	42	1.8	37	22.3	94	1001	14	6.6
04/09/2003	08	3	0.4	9	14	9	10	6	27	48	6.7	80	21.9	94	1001	82	6
04/09/2003	09	3	0.4	8	14	9	11	6	27	42	2.2	59	23.3	87	1002	41	0
04/09/2003	10	3	0.4	9	14	9	10	6	27	43	3	72	22.7	89	1002	40	0.2
04/09/2003	11	3	0.4	8	14	8	9	6	27	54	3.2	61	24.3	82	1002	163	0
04/09/2003	12	3	0.4	9	14	8	9	5	27	45	3.2	60	24.7	81	1002	141	0
04/09/2003	13	3	0.5	8	14	9	11	7	27	42	2.8	68	23.8	85	1002	39	0
04/09/2003	14	3	0.5	8	14	10	12	8	27	36	2.7	68	22.5	94	1002	11	0.8
04/09/2003	15	3	0.5	8	15	11	13	7	28	29	1.3	30	22.3	94	1001	35	0.4
04/09/2003	16	3	0.5	9	20	17	21	13	33	27	1.3	340	22.8	93	1001	63	0
04/09/2003	17	3		9	25	24	29	20	38	27	1.5	332	22.7	93	1001	31	0
04/09/2003	18	3	0.4	9	24	25	29	21	37	20	1.5	343	21.9	96	1001	2	0
04/09/2003	19	3	0.4	9	28	30	35	26	41	20	2.2	355	21.2	99	1000	0	0.2
04/09/2003	20	3	0.4	9	26	35	39	31	40	15	2.1	333	21	100	1001	0	0.1
04/09/2003	21	3	0.4	9	28	41	47	36	42	9	0.9	227	21	100	1002	0	0
04/09/2003	22	3	0.5	9	26	44	50	39	39	10	1.3	337	21.1	100	1002	0	0
04/09/2003	23	3	0.5	9	23	44	51	39	36	6	0.7	345	21.3	100	1002	0	0
05/09/2003	00	3	0.5	9	22	46	54	40	35	7	0.9	224	21.6	100	1002	0	0
05/09/2003	01	3	0.4	8	22	46	55	40	35	7	0.5	166	21.6	100	1002	0	0
05/09/2003	02	3	0.4	9	22	47	56	40	35	7	0.5	209	21.6	100	1001	0	0
05/09/2003	03	3	0.4	8	20	43	51	38	33	9	0.8	25	21.5	100	1001	0	0
05/09/2003	04	3	0.4	8	17	34	38	29	30	20	1.8	191	21.4	99	1001	0	0
05/09/2003	05	3	0.4	9	16	33	38	28	29	18	2.7	179	20.9	100	1001	0	2.5
05/09/2003	06	3	0.4	9	17	10	13	7	30	40	2.9	351	19.2	92	1002	0	1.9
05/09/2003	07	3	0.3	9	15	9	13	6	28	33	1.3	46	18.3	97	1001	14	0
05/09/2003	08	3	0.5	9	25	11	19	8	39	31	0.6	230	22.6	75	1001	205	0
05/09/2003	09	3	0.5	9	18	10	17	7	32	39	0.5	65	27	58	1001	324	0
05/09/2003	10	4	0.6	9	21	11	20	8	35	41	0.5	184	29.7	51	1001	522	0
05/09/2003	11	4	0.7	9	18	11	18	8	31	53	0.7	303	31.8	45	1001	662	0
05/09/2003	12	3	0.6	9	14	9	14	7	28	69	1.2	309	32.9	40	1001	823	0
05/09/2003	13	3	0.6	9	14	9	13	7	28	81	1.2	304	33.8	37	1000	838	0
05/09/2003	14	3	0.6	9	14	9	13	7	28	72	1.4	334	34	35	1000	792	0
05/09/2003	15	3	0.6	9	14	10	15	8	27	79	0.9	329	35.5	32	999	684	0
05/09/2003	16	3	0.6	9	14	10	15	8	27	79	0.6	43	36.7	30	998	535	0
05/09/2003	17	3		9	14	13	18	10	27	73	2.2	78	33.7	41	998	337	0
05/09/2003	18	3	0.4	9	14	14	21	11	27	77	2	78	30.5	52	998	130	0
05/09/2003	19	3	0.3	9	15	18	26	14	28	59	1.2	52	26.4	68	998	3	0
05/09/2003	20	3	0.3	8	20	25	34	21	33	40	0.7	359	23.5	82	999	0	0
05/09/2003	21	3	0.3	8	21	21	27	17	34	27	0.7	340	22.8	88	1000	0	0
05/09/2003	22	3	0.3	8	17	27	32	22	30	18	0.7	113	21.2	96	1000	0	0
05/09/2003	23	3	0.3	8	17	29	34	24	30	16	0.6	28	21.4	97	1001	0	0
06/09/2003	00	3	0.3	9	16	28	34	24	29	13	0.5	2	21	97	1000	0	0
06/09/2003	01	3	0.3	8	17	29	35	26	30	8	0.6	134	20.1	100	1000	0	0
06/09/2003	02	3	0.3	9	16	35	41	30	29	12	0.8	4	20.6	100	1000	0	0
06/09/2003	03	3	0.3	8	15	36	41	32	28	22	0.6	29	20.6	100	1000	0	0
06/09/2003	04	3	0.3	9	16	34	50	30	29	24	0.5	56	20	100	1000	0	0
06/09/2003	05	3	0.3	9	15	34	46	30	28	20	0.5	17	20.2	100	1001	0	0
06/09/2003	06	3	0.3	8	19	36	42	32	32	15	0.5	188	20.6	100	1001	0	0
06/09/2003	07	3	0.3	9	17	38	47	34	30	9	0.5	5	21	100	1001	10	0
06/09/2003	08	3	0.3	9	21	42	51	36	34	15	0.6	177	23.5	91	1001	155	0
06/09/2003	09	3	0.4	10	22	40	49	34	36	25	0.7	234	27	70	1002	293	0
06/09/2003	10	4	0.4	9	16	33	38	28	30	44	1	305	27.6	66	1002	337	0
06/09/2003	11	4	0.4	9	16	33	39	28	30	42	1.5	320	27.4	68	1002	392	0
06/09/2003	12	4	0.5	9	15	24	30	20	28	58	1.2	346	28.4	63	1001	333	0
06/09/2003	13	3	0.5	9	14	15	20	12	27	62	1.5	345	27.7	65	1000	146	0
06/09/2003	14	3	0.3	8	14	13	17	10	27	53	2	29	24.5	83	1000	139	3.3
06/09/2003	15	3	0.3	8	14	12	14	9	27	57	3.5	59	27	72	1000	411	0
06/09/2003	16	3	0.3	9	14	9	10	6	27	53	3.5	70	24.4	81	1000	64	0
06/09/2003	17	3	0.3	9	14	8	9	5	27	55	3.4	70	25.5	76	1000	178	0
06/09/2003	18	3		9	14	9	11	6	27	59	1.8	68	25.1	77	999	44	0
06/09/2003	19	3	0.3	9	14	11	14	8	27	55	1.2	33	23.2	86	1000	0	0
06/09/2003	20	3	0.3	9	14	10	13	7	27	48	1	12	23	85	1001	0	0
06/09/2003	21	3	0.4	9	15	8	9	5	28	41	2	318	21.8	89	1002	0	1
06/09/2003	22	3	0.3	8	14	5	7	3	27	47	1.3	349	20	97	1002	0	1.2
06/09/2003	23	3	0.3	8	15	7	8	5	27	45	0.7	340	19.5	99	1001	0	0
07/09/2003	00	3	0.3	8	14	9	11	7	27	43	0.7	337	19.2	99	1001	0	0
07/09/2003	01	3	0.2	8	14	11	13	9	27	26	0.6	10	18.6	100	1000	0	0.2
07/09/2003	02	3	0.2	8	14	11	14	9	27	29	0.7	4	18.2	100	1000	0	0
07/09/2003	03	3	0.3	8	14	13	15	10	26	26	0.5	6	18	100	1000	0	0
07/09/2003	04	3	0.3	8	14	12	16	10	27	17	0.5	22	17.7	100	1000	0	0
07/09/2003	05	3	0.3	8	15	14	17	12	28	20	0.5	2	17.7	100	999	0	0
07/09/2003	06	3	0.3	8	16	17	21	14	29	19	0.5	19	17.6	100	999	0	0
07/09/2003	07	3	0.3	9	15	13	16	10	28	16	0.5	357	17.7	100	998	13	0
07/09/2003	08	3	0.3	11	22	23	30	19	38	15	0.5	222	20.1	96	998	133	0
07/09/2003	09	3	0.3	10	21	19	22	16	36	21	0.5	145	24.6	79	998	298	0
07/09/2003	10	3	0.4	9	15	13	18	10	28	36	0.5	128	27.9	65	998	488	0
07/09/2003	11	3	0.5	9	14	16	45	11	27	52	0.8	181	32.2	49	997	620	0
07/09/2003	12	3	0.5	9	14	16	28	12	28	53	3.6	215	32.9	44	997	576	0
07/09/2003	13	3	0.5	9	14	17	26	13	27	59	4.5	204	34.2	41	996	627	0
07/09/2003	14	4	0.6	9	15	17	26	13	29	79	3.7	219	35.1	35	995	531	0
07/09/2003	15	3	0.5	9	14	16	25	12	27	86	4.1	241	34.2	33	994	484	0
07/09/2003	16	10	0.5	9	26	17	26	13	40	63	4.1	258	32.9	34	994	224	0
07/09/2003	17	6	0.6	9	20	17	30	12	34	72	2	247	31.5	38	994	119	0
07/09/2003	18	6		9	22	17	31	13	36	67	2.1	250	30.4	40	994	45	0
07/09/2003	19	7	0.3	9	25	18	33	13	38	43	0.7	197	27.9	46	994	2	0
07/09/2003	20	4	0.3	9	19	13	30	9	33	36	0.8	355	25	47	995	0	0
07/09/2003	21	3	0.2	9	16	10	24	7	29	37	0.6	140	23.4	49	996	0	0
07/09/2003	22	3	0.1	8	16	10	21	7	29	48	1.1	49	22.3	51	996	0	0
07/09/2003	23	3	0.1	9	14	7	17	5	28	41	0.7	13	22.1	48	997	0	0
08/09/2003	00	3	0.1	9	16	8	17	5	29	32	0.9	25	21	56	997	0	0
08/09/2003	01	3	0.1	9	15	9	17	6	28	28	0.5	29	19.9	63	997	0	0
08/09/2003	02	3	0.1	8	18	12	20	9	31	27	0.5	9	19.5	71	997	0	0
08/09/2003	03	3	0.1	8	18	13	19	10	31	25	0.6	349	19.2	79	996	0	0
08/09/2003	04	3	0.1	16	26	19	26	15	50	11	0.5	353	17.9	88	996	0	0
08/09/2003	05	3	0.1	10	28	19	25	16	43	12	0.5	143	17.5	91	996	0	0
08/09/2003	06	3	0.2	10	30	22	30	17	46	10	0.5	343	17.4	93	996	0	0
08/09/2003	07	3	0.3	13	28	24	32	20	47	11	0.5	24	19.2	90	996	36	0
08/09/2003	08	5	0.5	37	26	25	79	19	84	18	0.5	181	25	67	996	206	0
08/09/2003	09	5	0.5	9	21	19	30	16	34	32	0.5	16	29.9	48	996	430	0
08/09/2003	10	6	0.7	10	24	16	29	13	39	37	0.7	243	32.2	40	996	589	0
08/09/2003	11	4	0.3	9	18	13	25	11	31	55	0.9	223	34.1	33	995	762	0
08/09/2003	12	3	0.5	10	20	9	33	6	36	53	3.9	235	34	30	994	842	0
08/09/2003	13	4	0.6	9	20	7	22	5	34	53	4	237	33.9	30	993	844	0
08/09/2003	14	4	0.8	10	21	7	21	5	36	57	4.6	242	34.5	29	992	809	0
08/09/2003	15	4	0.7	10	23	8	28	6	39	68	4.4	248	35	27	992	680	0
08/09/2003	16	5	0.4	9	19	7	19	5	33	66	4.7	262	34.7	26	991	483	0
08/09/2003	17	3	0.4	9	16	6	18	4	29	69	3.6	282	34.8	26	990	360	0
08/09/2003	18	3		9	15	6	19	3	28	62	3.6	280	33.2	28	990	136	0
08/09/2003	19	8	0.4	10	27	8	27	6	41	38	2.1	244	29.9	35	990	3	0
08/09/2003	20	3	0.4	9	21	6	24	4	35	51	1.6	232	27.1	43	990	0	0
08/09/2003	21	3	0.2	9	18	6	18	4	32	34	1.5	222	25.6	48	991	0	0
08/09/2003	22	3	0.1	9	23	7	19	5	36	29	1.2	212	25	49	991	0	0
08/09/2003	23	3	0.1	9	16	6	15	4	29	24	0.6	123	23.6	54	991	0	0
09/09/2003	00	3	0.1	9	17	7	17	4	30	23	0.6	108	22.5	57	991	0	0
09/09/2003	01	8	0.1	9	27	10	21	8	41	24	1	285	24	48	991	0	0
09/09/2003	02	15	0.1	15	27	12	21	10	49	23	3	266	24.7	45	991	0	0
09/09/2003	03	16	0.1	13	26	10	19	8	46	21	2.3	237	24.1	48	990	0	0
09/09/2003	04	3	0.1	9	16	6	18	4	30	25	1.2	225	22.2	55	991	0	0
09/09/2003	05	14	0.1	13	30	11	17	8	49	16	3.2	262	23.1	51	991	0	0
09/09/2003	06	15	0.1	14	28	10	19	7	49	16	3.2	260	22.4	54	992	0	0
09/09/2003	07	12	0.3	14	29	10	39	7	50	21	2.3	249	22.8	53	993	49	0
09/09/2003	08	7	0.2	10	19	6	15	4	35	24	2.5	283	25.9	44	993	242	0
09/09/2003	09	3	0.2	9	15	6	15	4	29	36	3.2	299	27	40	994	451	0
09/09/2003	10	3	0.3	9	15	8	16	5	29	51	4.6	298	27.7	34	994	637	0
09/09/2003	11	3	0.3	9	15	8	15	6	29	61	4.1	295	29.2	29	994	784	0
09/09/2003	12	3	0.4	9	15	7	18	5	28	68	4.9	327	29.7	24	994	870	0
09/09/2003	13	4	0.4	9	14	6	13	4	28	71	5	326	29.9	24	994	854	0
09/09/2003	14	3	0.4	9	15	5	13	3	29	73	5	323	30.7	23	994	827	0
09/09/2003	15	5	0.4	9	15	4	15	2	29	63	5.1	331	31.2	23	994	680	0
09/09/2003	16	3	0.4	9	15	5	19	2	28	64	7	334	29.5	26	994	457	0
09/09/2003	17	3	0.3	9	15	6	23	3	28	70	6.9	331	28.5	28	994	279	0
09/09/2003	18	3		9	15	5	16	3	28	62	7.2	325	27.5	29	995	133	0
09/09/2003	19	3		9	15	5	21	3	28	62	6.2	326	25.2	33	996	1	0
09/09/2003	20	3	0.3	9	14	5	13	3	28	61	2.1	327	24	36	997	0	0
09/09/2003	21	3	0.2	9	17	5	10	3	30	48	1.9	346	23	39	997	0	0
09/09/2003	22	5	0.1	9	21	7	14	5	35	42	1.2	175	20.5	48	998	0	0
09/09/2003	23	3	0.1	8	17	5	11	3	30	50	1.1	342	19.8	50	998	0	0
10/09/2003	00	3	0.1	9	15	6	10	4	28	39	1.1	8	17.6	60	999	0	0
10/09/2003	01	3	0.1	9	15	6	11	4	28	36	0.6	51	16.2	66	999	0	0
10/09/2003	02	3	0.1	9	15	6	12	4	28	29	0.5	183	15.6	67	999	0	0
10/09/2003	03	3	0.1	8	15	6	10	4	28	20	0.6	22	14.3	75	1000	0	0
10/09/2003	04	3	0.1	8	18	8	10	5	31	23	0.6	40	13.5	80	1000	0	0
10/09/2003	05	3	0.1	11	22	11	15	7	39	12	0.5	191	13.4	81	1000	0	0
10/09/2003	06	3	0.1	17	24	13	18	8	50	11	0.6	352	12.7	84	1000	0	0
10/09/2003	07	3	0.1	27	23	18	52	12	65	2	0.5	198	13.1	86	1001	44	0
10/09/2003	08	6	0.1	17	25	13	40	9	51	5	0.5	113	20.5	56	1001	232	0
10/09/2003	09	6	0.1	11	24	9	22	6	41	28	0.5	178	26.1	38	1000	441	0
10/09/2003	10	6	0.3	11	24	9	28	6	41	43	0.6	174	29.8	29	1000	626	0
10/09/2003	11	4	0.3	9	19	8	24	5	33	61	0.7	30	31.6	26	1000	765	0
10/09/2003	12	5	0.4	9	21	9	28	6	36	65	0.7	175	32.5	28	1000	842	0
10/09/2003	13	3	0.4	9	14	7	14	4	28	83	1	71	32.5	30	1000	860	0
10/09/2003	14	3	0.4	9	14	6	12	4	27	89	2.9	83	31.6	31	999	815	0
10/09/2003	15	3	0.4	9	14	6	10	4	28	88	3.7	83	31.3	32	998	721	0
10/09/2003	16	3	0.4	9	14	6	10	4	28	88	4.4	70	30.3	34	998	567	0
10/09/2003	17	3	0.3	9	14	7	12	5	27	85	4.1	66	29.4	39	998	363	0
10/09/2003	18	3	0.3	9	15	8	14	5	28	76	2.9	68	28.3	43	998	142	0
10/09/2003	19	3		9	16	9	20	6	29	63	1.9	56	24.4	55	998	4	0
10/09/2003	20	3	0.3	9	17	11	25	8	30	48	0.7	124	21.6	66	999	0	0
10/09/2003	21	3	0.3	9	19	11	26	8	32	33	0.7	155	20.4	71	1000	0	0
10/09/2003	22	3	0.4	8	21	12	22	8	34	22	0.5	146	19.4	78	1000	0	0
10/09/2003	23	3	0.3	8	19	14	19	10	32	18	0.5	33	18.2	85	1000	0	0
11/09/2003	00	3	0.3	9	18	16	23	13	31	18	0.6	52	17.5	85	1000	0	0
11/09/2003	01	3	0.3	9	19	18	27	14	32	9	0.5	321	16.6	89	1000	0	0
11/09/2003	02	3	0.3	9	19	19	28	15	33	4	0.5	164	15.9	94	1000	0	0
11/09/2003	03	3	0.3	8	21	20	28	16	34	3	0.5	358	15.7	94	1000	0	0
11/09/2003	04	3	0.3	9	19	17	23	13	32	3	0.6	157	14.8	97	1000	0	0
11/09/2003	05	3	0.3	12	24	24	34	17	43	2	0.5	345	14.7	99	1000	0	0
11/09/2003	06	3	0.3	9	25	19	25	15	40	2	0.7	142	14.3	99	1001	0	0
11/09/2003	07	3	0.3	20	23	22	32	16	53	2	0.5	9	16.2	94	1001	39	0
11/09/2003	08	4	0.4	28	24	26	84	18	66	3	0.5	212	22.5	67	1001	213	0
11/09/2003	09	7	0.5	17	32	20	48	15	57	16	0.5	149	27.8	48	1002	428	0
11/09/2003	10	6	0.6	10	24	14	32	10	39	48	0.5	350	31.7	38	1001	619	0
11/09/2003	11	4	0.5	9	15	10	18	7	29	74	0.6	174	32.5	36	1000	761	0
11/09/2003	14	4	0.6	9	14	9	14	7	28	84	4.6	57	32.5	37	1000	815	0
11/09/2003	15	3	0.5	9	14	9	13	6	27	79	5.3	80	31	43	999	709	0
11/09/2003	16	4	0.5	9	14	8	11	6	27	84	4.5	76	31.4	40	999	559	0
11/09/2003	17	4	0.5	9	14	8	12	6	28	79	3.9	75	31	42	999	361	0
11/09/2003	18	5	0.4	9	15	9	16	6	28	69	2.4	70	29.5	49	999	141	0
11/09/2003	19	3		9	15	11	18	8	29	58	2.3	59	25.1	65	999	3	0
11/09/2003	20	3	0.4	9	20	13	25	9	33	42	0.7	2	22.3	75	1000	0	0
11/09/2003	21	3	0.4	9	18	14	21	10	32	37	0.5	14	21.1	81	1000	0	0
11/09/2003	22	3	0.4	9	18	15	21	11	31	28	0.5	149	20	85	1001	0	0
11/09/2003	23	3	0.4	9	18	21	29	17	32	15	0.5	17	19.2	88	1001	0	0
12/09/2003	00	3	0.4	8	22	20	29	16	35	7	0.5	8	18.2	92	1001	0	0
12/09/2003	01	3	0.3	8	21	23	32	18	34	5	0.5	19	17.5	95	1002	0	0
12/09/2003	02	3	0.3	8	22	19	28	15	35	2	0.5	312	16.8	96	1002	0	0
12/09/2003	03	3	0.3	9	20	18	25	15	33	3	0.5	173	16	98	1001	0	0
12/09/2003	04	3	0.3	9	20	18	25	15	33	3	0.5	160	15.8	99	1001	0	0
12/09/2003	05	3	0.3	9	21	18	24	15	34	2	0.5	135	15.2	98	1002	0	0
12/09/2003	06	3	0.3	9	20	18	23	15	33	4	0.5	43	15.1	98	1002	0	0
12/09/2003	07	3	0.4	26	21	26	39	18	61	2	0.5	223	16.4	93	1002	34	0
12/09/2003	08	3	0.4	19	23	25	47	21	52	2	0.4	117	21.9	72	1003	209	0
12/09/2003	09	5	0.6	14	33	29	68	24	54	19	0.5	341	28.9	48	1003	418	0
12/09/2003	10	11	0.9	12	37	26	68	22	56	35	0.5	196	32.2	39	1003	600	0
12/09/2003	11	6	0.5	9	19	15	25	12	32	71	0.6	154	33.3	36	1002	738	0
12/09/2003	12	6	0.4	9	15	12	19	9	28	88	1.6	50	32.6	37	1002	819	0
12/09/2003	13	7	0.6	9	15	11	17	9	29	78	2.2	34	32	42	1002	717	0
12/09/2003	14	8	0.5	9	14	8	12	6	27	66	3.1	58	31.7	43	1002	761	0
12/09/2003	15	8	0.4	9	14	7	10	5	27	64	4.8	64	31.1	44	1002	704	0
12/09/2003	16	6	0.5	9	14	7	11	5	27	63	4.7	78	30.3	48	1002	546	0
12/09/2003	17	5	0.5	9	14	7	10	5	28	66	4.4	77	29.3	50	1002	351	0
12/09/2003	18	4	0.4	9	14	7	11	5	27	57	3	68	28	55	1002	133	0
12/09/2003	19	3		9	16	10	20	7	29	46	1.6	39	24.5	65	1002	1	0
12/09/2003	20	3	0.4	9	19	9	30	6	33	34	0.8	350	22.5	69	1002	0	0
12/09/2003	21	3	0.4	9	18	10	17	7	31	23	0.6	146	20.5	80	1003	0	0
12/09/2003	22	3	0.4	8	19	12	18	9	32	16	0.5	221	19.9	85	1003	0	0
12/09/2003	23	3	0.3	9	17	12	18	9	31	8	0.5	146	18.7	90	1003	0	0
13/09/2003	00	3	0.3	9	16	13	18	10	30	9	0.8	57	18.2	91	1003	0	0
13/09/2003	01	3	0.3	8	21	16	22	13	34	8	0.6	34	18.5	94	1003	0	0
13/09/2003	02	3	0.3	8	18	16	22	13	31	4	0.5	151	18.6	94	1003	0	0
13/09/2003	03	3	0.3	9	18	16	22	13	31	3	0.5	217	18.2	95	1003	0	0
13/09/2003	04	3	0.3	8	24	21	26	17	37	2	0.6	30	17.2	97	1003	0	0
13/09/2003	05	3	0.3	9	18	18	22	14	32	2	0.7	344	16.3	100	1003	0	0
13/09/2003	06	3	0.3	11	20	20	30	16	37	2	0.5	201	15.4	100	1003	0	0
13/09/2003	07	3	0.3	10	20	20	27	16	35	2	0.5	65	16.6	97	1003	34	0
13/09/2003	08	4	0.5	18	24	26	50	21	51	3	0.5	347	22.9	73	1003	204	0
13/09/2003	09	6	0.5	11	22	24	35	21	38	14	0.5	139	27.6	56	1003	407	0
13/09/2003	10	5	0.6	9	18	17	25	13	32	36	0.6	9	31.3	47	1003	599	0
13/09/2003	11	5	0.5	9	15	11	19	8	29	49	0.6	201	33.5	39	1002	736	0
13/09/2003	12	4	0.5	9	14	10	17	7	27	52	0.7	188	34.4	36	1002	822	0
13/09/2003	13	3	0.5	9	14	10	16	7	27	57	0.8	9	34.2	37	1001	827	0
13/09/2003	14	3	0.6	9	14	10	17	7	27	59	1.1	322	34.9	35	1001	721	0
13/09/2003	15	3	0.5	9	14	11	15	8	27	59	4.1	85	32.9	44	1000	687	0
13/09/2003	16	3	0.5	9	14	10	14	8	27	54	4	80	31.8	48	1000	485	0
13/09/2003	17	3	0.5	9	14	9	12	6	27	46	3.7	78	30.1	52	999	272	0
13/09/2003	18	3	0.4	9	14	9	14	6	28	43	2.1	71	29.3	54	999	118	0
13/09/2003	19	3	0.4	9	14	10	22	7	27	33	1.3	58	25.3	68	999	0	0
13/09/2003	20	3		9	15	10	18	7	28	21	0.8	26	22.9	77	999	0	0
13/09/2003	21	3	0.5	9	20	14	20	10	33	13	0.5	2	22.3	80	999	0	0
13/09/2003	22	3	0.4	9	19	14	19	10	33	9	0.5	10	20.8	86	1000	0	0
13/09/2003	23	3	0.4	9	17	14	20	11	30	9	0.5	119	20.4	89	1000	0	0
14/09/2003	00	3	0.4	9	18	16	22	12	32	5	0.5	184	19.9	91	999	0	0
14/09/2003	01	3	0.3	9	19	16	22	12	32	3	0.5	207	18.8	94	999	0	0
14/09/2003	02	3	0.3	8	17	15	21	12	30	3	0.5	113	18.6	94	998	0	0
14/09/2003	03	3	0.3	9	19	16	22	13	32	2	0.5	22	18.9	95	998	0	0
14/09/2003	04	3	0.3	9	19	15	21	12	32	2	0.5	220	17.9	98	998	0	0
14/09/2003	05	3	0.3	10	20	22	31	16	36	2	0.5	333	18.3	98	997	0	0
14/09/2003	06	3	0.3	9	19	38	53	28	32	2	0.5	157	18.9	98	997	0	0
14/09/2003	07	3	0.3	9	20	26	36	21	34	2	0.5	153	18.9	100	997	7	0
14/09/2003	08	3	0.3	10	23	32	37	28	39	3	0.6	196	20.1	95	998	90	0
14/09/2003	09	3	0.4	9	18	24	29	20	31	11	0.5	191	24.8	75	998	328	0
14/09/2003	10	4	0.5	9	15	17	21	13	29	27	0.7	228	27.4	62	998	270	0
14/09/2003	11	4	0.5	9	16	16	21	13	30	31	2.2	219	27	65	998	308	0
14/09/2003	12	6	0.5	9	14	11	18	8	27	49	4.8	332	27.5	60	998	757	0
14/09/2003	13	4	0.5	9	14	7	16	4	27	50	6.8	5	26.9	60	998	721	0.2
14/09/2003	14	3	0.5	9	14	5	7	4	27	50	5.7	42	23.7	68	999	281	0
14/09/2003	15	3	0.4	9	14	9	10	7	27	57	2.2	60	20.7	75	1000	17	0
14/09/2003	16	3	0.4	9	14	9	10	7	27	54	0.9	165	19.7	79	1000	90	0
14/09/2003	17	3	0.4	9	16	10	11	8	29	47	1	240	20	78	1000	47	0
14/09/2003	18	3	0.4	9	14	10	12	7	27	51	1.1	319	20.8	76	1000	63	0
14/09/2003	19	3	0.4	9	16	12	16	9	29	38	0.6	346	19.7	84	1001	0	0.6
14/09/2003	20	3		9	17	15	20	12	30	26	0.8	186	18.2	96	1001	0	5.9
14/09/2003	21	3	0.4	9	15	14	17	10	29	21	0.6	145	17.6	100	1002	0	0.1
14/09/2003	22	3	0.4	8	15	13	16	9	27	26	0.5	353	17.7	100	1002	0	0
14/09/2003	23	3	0.4	9	17	14	18	11	30	14	0.5	229	17.1	100	1002	0	0
15/09/2003	00	3	0.4	8	15	10	12	8	28	37	1.7	200	17.4	99	1002	0	1.1
15/09/2003	01	3	0.4	8	14	8	9	5	27	36	0.6	338	17.2	97	1002	0	0
15/09/2003	02	3	0.3	8	16	13	16	10	29	24	0.8	295	17.1	100	1002	0	0
15/09/2003	03	3	0.3	8	18	16	21	12	31	24	0.6	304	17.4	99	1002	0	0
15/09/2003	04	3	0.2	8	18	15	20	10	31	24	0.6	325	17.2	98	1002	0	0
15/09/2003	05	3	0.3	8	16	14	17	10	28	17	0.5	49	16.2	100	1002	0	0
15/09/2003	06	3	0.3	8	18	15	19	12	30	11	0.5	44	16	100	1002	0	0
15/09/2003	07	3	0.3	10	26	17	23	12	41	6	0.5	15	16.2	100	1003	9	0
15/09/2003	08	3	0.4	9	26	15	22	11	40	16	0.8	10	19.4	86	1003	170	0
