Red: Red de Vigilancia y Control de la Contaminación Atmosférica
Estación: 12093004-Coratxar
	
FECHA	HORA	SO2	PST	NO	NO2	NOx	O3	Veloc.	Direc.	Temp.	H.Rel.	Pres.	R.Sol.	Precip.
		µg/m³	µg/m³	µg/m³	µg/m³	µg/m³	µg/m³	m/s	grados	°C	% H.R.	mb	W/m²	l/m²
30/11/1994	13		8					2,9	159	8,2	99	886	83	0
30/11/1994	14		9					2,9	168	7,8	98	886	133	0
30/11/1994	15		7					3,3	181	8	94	885	139	0
30/11/1994	16		5					2,8	178	8,1	93	885	77	0
30/11/1994	17		11					2,7	165	7,5	95	885	12	0
30/11/1994	18		12					2,3	190	7,1	96	885	3	0
30/11/1994	19		6					2,5	202	7	96	885	3	0
30/11/1994	20		8					1,6	200	6,9	96	885	3	0
30/11/1994	21		12					1,6	202	6,6	97	885	3	0
30/11/1994	22		10					2,5	214	6,6	97	885	3	0
30/11/1994	23		6					2	242	6,2	97	885	3	0
01/12/1994	00		10					1,3	238	6,1	96	885	3	0
01/12/1994	01		14				61	1,2	232	6,1	95	885	3	
01/12/1994	02		17				59	1,9	239	5,9	96	885	3	
01/12/1994	03		15				59	1,3	253	5,8	96	885	3	
01/12/1994	04		21				61	1,1	243	6	92	884	3	
01/12/1994	05		23				62	1,7	241	5,9	93	884	3	
01/12/1994	06		14				65	1,8	228	5,8	95	884	3	
01/12/1994	07		11				68	2,7	200	5,9	97	884	4	
01/12/1994	08		13				66	1,4	199	5,7	97	884	22	
01/12/1994	09		11				68	2,7	160	5,9	97	885	49	
01/12/1994	10		14				70	3,3	154	6,4	96	885	78	
01/12/1994	11		13				69	3,7	148	6,6	94	885	134	
01/12/1994	12		6				69	3,7	142	6,8	92	885	157	
01/12/1994	13		10				70	3,8	146	7,4	89	885	190	
01/12/1994	14		13				72	4,5	152	7,7	87	884	146	
01/12/1994	15		8				71	4,7	147	7,7	90	884	105	
01/12/1994	16		5				73	5,6	134	7,2	95	884	32	
01/12/1994	17		8				75	4,8	144	6,9	95	884	10	
01/12/1994	18		8				73	4,5	154	6,6	93	884	3	
01/12/1994	19		15				75	4,8	144	6,2	96	884	3	
01/12/1994	20		17				75	4,7	156	6,4	96	884	3	
01/12/1994	21		11				74	6,2	143	6,8	98	884	3	
01/12/1994	22		8				74	7,2	138	6,6	98	884	3	
01/12/1994	23		8				76	7,3	135	6,4	98	884	3	
02/12/1994	00		7				77	7,5	137	6,3	97	884	3	
02/12/1994	01		15				78	7	137	6,2	97	883	3	
02/12/1994	02		14				77	6,1	129	6,4	98	883	3	
02/12/1994	03		5				77	7,3	122	6,2	98	883	3	
02/12/1994	04		8				79	5,6	120	6,1	98	884	3	
02/12/1994	05		8				79	5,5	116	6	98	883	3	
02/12/1994	06		5				80	5,1	109	5,6	98	883	3	
02/12/1994	07		5				79	5,8	101	5,4	98	884	4	
02/12/1994	08		6				81	5,2	107	5,4	98	884	8	
02/12/1994	09		8				77	5	117	5,8	98	885	22	
02/12/1994	10		12				75	6	110	5,8	98	885	38	
02/12/1994	11		14				77	5,4	115	5,8	98	885	50	
02/12/1994	12		10				79	4,3	125	5,7	98	885	138	
02/12/1994	13		5				76	2,8	106	6,4	98	885	170	
02/12/1994	14		5				77	2,8	107	6,6	93	885	97	
02/12/1994	15		10				75	3,8	98	7	91	885	144	
02/12/1994	16		9				74	4,3	104	6,7	94	885	78	
02/12/1994	17		11				75	3,5	112	6,5	97	885	9	
02/12/1994	18		10				78	3,3	112	6,6	98	886	3	
02/12/1994	19		5				79	3	107	6,4	98	886	3	
02/12/1994	20		8				78	3,1	116	6,7	98	886	3	
02/12/1994	21		8				78	1,9	123	6,8	98	886	3	
02/12/1994	22		5				77	3,1	97	6,7	98	886	3	
02/12/1994	23		7				77	2,8	89	6,6	98	887	3	
03/12/1994	00		6				77	2,6	97	6,6	98	887	3	
03/12/1994	01		6				79	2,1	103	6,5	98	887	3	
03/12/1994	02		11				77	1,2	82	6,6	98	887	3	
03/12/1994	03		10				79	2	118	6,7	95	886	3	
03/12/1994	04		15				79	1,2	105	6,6	96	886	3	
03/12/1994	05		14				79	1,2	110	6,5	98	886	3	
03/12/1994	06		10				78	1,4	118	6,5	98	886	3	
03/12/1994	07		15				78	0,7	159	6	98	887	4	
03/12/1994	08		22				76	0,9	227	5,9	98	887	32	
03/12/1994	09		23				75	2,6	232	6,9	96	888	129	
03/12/1994	10		18				73	1,9	205	8,7	87	889	234	
03/12/1994	11		10				73	1,8	195	10,1	81	889	337	
03/12/1994	12		13				68	1,8	181	10,5	82	889	385	
03/12/1994	13		12				68	1,6	201	10,8	81	889	376	
03/12/1994	14		7				63	1,1	131	11,1	83	889	266	
03/12/1994	15		13				60	0,9	25	9,8	91	889	89	
03/12/1994	16		15				58	1,8	309	10	90	889	90	
03/12/1994	17		13				53	1,1	274	8,3	97	890	12	
03/12/1994	18		9				49	2,2	299	7,5	92	890	7	
03/12/1994	19		9				56	2,1	318	8,2	81	890	7	
03/12/1994	20		15				53	2,1	297	7,4	85	890	3	
03/12/1994	21		16				55	1,5	306	7,6	83	890	3	
03/12/1994	22		15				53	1,4	308	7,3	85	891	3	
03/12/1994	23		9				52	2,1	308	7,2	87	891	3	
04/12/1994	00		11				56	0,5	268	7,6	87	891	3	
04/12/1994	01	22	16				55	1,2	311	7,1	88	891	3	
04/12/1994	02	3	11				68	0,6	319	7,4	86	891	3	
04/12/1994	03	81	5				53	1,3	316	7,5	87	891	3	
04/12/1994	04	17	11				57	1,3	310	7,1	88	891	3	
04/12/1994	05	9					60	0,2	331	6,9	89	891	3	
04/12/1994	06	5					63	0,3	309	7,3	86	891	3	
04/12/1994	07	4					60	1,2	276	6,9	87	891	4	
04/12/1994	08	3					66	3,1	297	7,1	84	891	41	
04/12/1994	09	3					73	3,5	299	8,6	79	892	150	
04/12/1994	10	3					73	4,4	296	8,9	77	892	251	
04/12/1994	11	9					72	3,1	329	9,5	76	892	356	
04/12/1994	12	9					74	2,2	330	10	74	892	403	
04/12/1994	13	25					73	1,9	317	10,6	73	891	400	
04/12/1994	14	37					72	2,2	293	10,9	72	891	367	
04/12/1994	15	10					74	2,1	289	11,1	71	891	248	
04/12/1994	16	6					70	1,3	291	10,7	74	890	97	
04/12/1994	17	5					65	0,3	260	9,3	79	890	13	
04/12/1994	18	4					59	0,7	235	8,3	88	890	7	
04/12/1994	19	3					56	1	250	7,6	97	890	4	
04/12/1994	20	4					56	1,3	262	7,6	97	890	3	
04/12/1994	21	4					59	2,1	273	8,1	90	889	3	
04/12/1994	22	3					57	1	302	7,9	87	889	3	
04/12/1994	23	4					57	0,7	269	7,6	89	889	3	
05/12/1994	00	3					60	0,5	334	7,9	87	889	3	
06/12/1994	01	3					59	9,9	314	7,1	82	889	3	
06/12/1994	02	3					60	8,1	319	6,6	81	889	3	
06/12/1994	03	5					62	6,7	319	6,2	81	889	3	
06/12/1994	04	6					62	7,4	319	5,9	81	889	3	
06/12/1994	05	8					65	7,3	317	5,8	80	889	3	
06/12/1994	06	7					66	7,8	316	5,7	80	889	3	
06/12/1994	07	5					67	6,7	312	5,5	80	890	4	
06/12/1994	08	3					69	2,3	318	5,4	80	890	31	
06/12/1994	09	3					69	4,5	301	5,9	79	891	146	
06/12/1994	10	3		2	4	6	69	3,3	308	6,7	77	892	266	
06/12/1994	11	20		2	4	7	69	3,4	327	7,4	75	892	359	
06/12/1994	12	12		2	4	6	70	2,6	336	8,5	72	892	405	
06/12/1994	13	14		3	4	7	74	2	297	9	68	892	404	
06/12/1994	14	32		3	4	9	73	1,8	283	10	64	891	351	
06/12/1994	15	27		4	7	12	65	2,1	124	9,5	75	891	229	
06/12/1994	16	11		4	6	12	64	1,9	122	8,3	82	891	133	
06/12/1994	17	6		3	5	10	64	1	173	7,5	84	891	17	
06/12/1994	18	5		3	5	10	66	1,6	160	6,5	90	890	7	
06/12/1994	19	5		3	7	12	62	2	199	6,2	89	890	4	
06/12/1994	20	3		2	10	14	62	1,3	218	6,4	84	890	3	
06/12/1994	21	3		2	8	10	62	1,6	229	6	85	889	3	
06/12/1994	22	3		2	7	9	61	1,2	238	5,7	86	889	3	
06/12/1994	23	4		2	5	7	61	1,4	245	5,3	84	889	3	
07/12/1994	00	3		2	4	6	63	1,3	259	5,5	72	888	3	
07/12/1994	01	3		2	4	6	73	2,3	243	6,5	41	887	3	
07/12/1994	02	3		2	4	6	76	2,2	252	7	30	887	3	
07/12/1994	03	3		2	4	6	78	2	235	7,2	31	886	3	
07/12/1994	04	3		2	4	6	79	1,5	249	7	34	886	3	
07/12/1994	05	3		2	4	6	79	1,8	270	6,6	33	885	3	
07/12/1994	06	3		2	4	6	78	0,2	6	6,1	33	885	3	
07/12/1994	07	3		2	4	6	69	1	35	4,3	53	885	4	
07/12/1994	08	52		2	8	10	61	1,1	41	4,1	62	885	31	
07/12/1994	09	324		7	34	45	46	1,1	44	5,6	56	885	138	
07/12/1994	10	50		2	6	8	71	3,2	301	7,8	46	886	165	
07/12/1994	11	22		2	4	6	73	3,2	291	8,6	47	886	138	
07/12/1994	12	7		2	4	6	73	3,9	291	8,8	53	885	160	
07/12/1994	13	5		2	4	6	69	4,4	267	8,4	64	885	58	
07/12/1994	14	3		2	4	6	69	5,1	249	8,9	67	884	81	
07/12/1994	15	3		2	4	6	65	5,1	264	9	70	884	50	
07/12/1994	16	3		2	4	6	64	3,6	283	8,9	72	884	19	
07/12/1994	17	25		2	9	13	44	5,2	327	5,1	95	885	5	
07/12/1994	18	94		2	18	20	46	5	316	5,1	96	885	3	
07/12/1994	19	54		2	9	12	52	6,4	306	5	95	885	3	
07/12/1994	20	4		2	4	6	59	5,3	302	4,9	94	885	3	
07/12/1994	21	3		2	4	6	57	5,4	303	4,9	94	885	3	
07/12/1994	22	3		2	4	6	59	6,7	307	4,8	91	885	3	
07/12/1994	23	4		2	4	6	61	8,2	314	4,5	90	885	3	
08/12/1994	00	3		2	4	6	59	8	313	4,3	91	885	3	
08/12/1994	01	3		2	4	6	61	6	308	3,9	90	885	3	
08/12/1994	02	3		2	4	6	66	7	306	3,9	88	885	3	
08/12/1994	03	3		2	4	6	66	8	304	3,7	89	885	3	
08/12/1994	04	3		2	4	6	66	8,4	304	3,3	89	884	3	
08/12/1994	05	3		2	4	6	66	6,6	305	3,1	87	884	3	
08/12/1994	06	3		2	4	6	66	5,3	301	2,9	88	885	3	
08/12/1994	07	3		2	4	6	62	4,8	298	2,8	90	885	3	
08/12/1994	08	3		2	4	6	59	5	293	2,6	90	885	31	
08/12/1994	09	3					57	5,4	300	2,9	87	885	129	
08/12/1994	10	3		2	4	7	60	3,5	296	3,4	84	886	223	
08/12/1994	11	3		2	4	6	63	5,4	284	4,7	81	887	337	
08/12/1994	12	3		2	4	6	66	5	291	5,5	76	887	370	
08/12/1994	13	3		2	4	6	66	4,7	296	5,6	74	886	250	
08/12/1994	14	3		3	4	6	64	5,5	305	5,7	76	886	257	
08/12/1994	15	3		3	4	7	66	8,1	309	5,3	76	886	182	
08/12/1994	16	3		3	4	6	67	7,8	308	5,2	78	886	61	
08/12/1994	17	4		3	4	6	68	11	302	5,2	77	886	12	
08/12/1994	18	3		2	4	6	66	9,9	306	5,2	78	886	3	
08/12/1994	19	3		2	4	6	64	9,4	310	5,1	80	887	3	
08/12/1994	20	3		2	4	6	64	8,6	315	5	81	887	3	
08/12/1994	21	3		2	4	6	63	8,3	316	5	81	887	3	
08/12/1994	22	3		2	4	6	62	8,4	316	5	80	887	3	
08/12/1994	23	3		2	4	6	65	6,9	323	4,8	81	888	3	
09/12/1994	00	3		2	4	6	66	6,3	318	4,8	80	888	3	
09/12/1994	04	3		2	4	6	72	9,7	308	6,1	75	886	3	
09/12/1994	05	3		2	4	6	70	8,3	312	5,6	76	886	3	
09/12/1994	06	3		2	4	6	71	9,4	307	5,6	75	886	3	
09/12/1994	07	3		2	4	6	71	10	306	5,6	74	886	4	
09/12/1994	08	3		2	4	6	71	9,3	313	5,4	73	886	29	
09/12/1994	09	3		2	4	6	70	9,2	317	5,9	72	886	144	
09/12/1994	10	3		2	4	6	70	9,7	315	6,6	71	887	267	
09/12/1994	11	4		2	4	6	69	9,7	313	7,5	70	887	348	
09/12/1994	12	3		2	4	6	69	8,7	316	8,3	70	887	284	
09/12/1994	13	3		3	4	7	70	7,5	317	9,3	68	887	386	
09/12/1994	14	3		3	4	7	69	6,1	321	9,6	69	887	284	
09/12/1994	15	3		3	4	7	67	5,9	315	9,2	72	887	126	
09/12/1994	16	3		3	4	7	65	6	311	8,8	74	887	50	
09/12/1994	17	3		3	4	7	63	8,7	300	8,4	76	887	16	
09/12/1994	18	3		3	4	7	64	8,9	302	8,1	76	887	7	
09/12/1994	19	3		3	4	6	65	10,8	307	8,1	76	888	4	
09/12/1994	20	3		3	4	6	64	10,2	305	8	79	888	3	
09/12/1994	21	3		2	4	6	60	10,4	307	7,8	81	887	3	
09/12/1994	22	3		2	4	6	56	9,4	312	7,3	85	888	3	
09/12/1994	23	3		2	4	6	53	10,4	311	6,9	87	888	3	
10/12/1994	00	6		2	4	7	49	10,1	326	6,5	90	888	3	
10/12/1994	01	5		2	4	7	46	11,3	327	6,4	93	887	3	
10/12/1994	02	3		2	4	8	44	10,4	327	6,3	96	887	3	
10/12/1994	03	3		2	4	6	46	10,5	327	6,2	98	889	3	
10/12/1994	04	3		2	4	6	50	10,2	328	6,1	98	889	3	
10/12/1994	05	3		2	4	6	52	11,8	327	6	98	889	3	
10/12/1994	06	17		2	5	7	50	9,8	327	5,7	97	889	3	
10/12/1994	07	19		2	4	7	50	9,5	327	5,5	95	889	3	
10/12/1994	08	13		2	4	6	55	9,2	324	5,2	96	889	32	
10/12/1994	09	13					59	10,1	327	5,5	92	891	150	
10/12/1994	10	17		2	5	7	63	8,7	330	5,9	87	892	211	
10/12/1994	11	28		2	6	7	61	10,8	327	6,5	84	892	279	
10/12/1994	12	121		3	15	19	59	10,8	326	6,8	78	891	278	
10/12/1994	13	130		3	15	19	62	11,3	325	7,4	75	891	377	
10/12/1994	14	126		3	15	19	62	10,9	326	7,5	75	891	319	
10/12/1994	15	92		2	12	15	63	10,6	326	7,6	78	891	254	
10/12/1994	16	15		2	4	6	67	10,7	327	7,3	80	891	105	
10/12/1994	17	26		2	6	8	66	8,6	324	6,5	84	892	12	
10/12/1994	18	88		2	13	15	59	9,1	316	6,1	87	892	3	
10/12/1994	19	85		2	13	16	56	10,9	312	6,2	90	892	3	
10/12/1994	20	105		2	16	17	52	11	310	6,1	91	892	3	
10/12/1994	21	83		2	13	15	51	10,9	306	6,1	93	892	3	
10/12/1994	22	61		2	11	13	51	10,3	302	6,1	94	892	3	
10/12/1994	23	58		2	9	11	52	10,1	309	6,3	94	893	3	
11/12/1994	00	57		2	9	11	51	9,6	312	6,5	94	893	3	
11/12/1994	01	67		2	10	12	50	9,9	307	6,5	94	893	3	
11/12/1994	02	170		2	25	27	39	9,2	307	6,4	96	892	3	
11/12/1994	03	128		2	20	22	41	7	310	6,4	97	893	3	
11/12/1994	04	91		2	16	17	43	3,9	328	6,4	97	893	3	
11/12/1994	05	32		2	7	8	48	2,6	333	6,3	98	893	3	
11/12/1994	06	52		2	10	12	45	2,1	339	6,1	98	893	3	
11/12/1994	07	104		2	19	20	39	2,1	325	6	98	893	3	
11/12/1994	08	176		4	27	32	36	0,9	10	6,1	98	894	31	
11/12/1994	09	258		7	28	38	35	0,2	64	8	92	894	144	
11/12/1994	10	271		8	25	38	37	0,5	29	9,5	84	895	234	
11/12/1994	11	114		4	12	18	45	0,5	43	11,2	78	895	335	
11/12/1994	12	63		3	9	14	50	0,7	338	12,2	70	895	369	
11/12/1994	13	40		3	6	11	52	0,9	326	12,1	71	895	355	
11/12/1994	14	18		3	5	9	52	0,3	355	12,5	71	894	308	
11/12/1994	15	16		3	5	9	50	0,3	131	12,6	71	894	245	
11/12/1994	16	13		2	5	9	52	0	240	12,9	67	894	123	
11/12/1994	17	7		2	4	8	59	0,1	51	12	59	894	16	
11/12/1994	18	4		2	4	7	70	0,8	34	12,1	44	894	7	
11/12/1994	19	6		2	4	6	72	1,1	14	12,4	40	894	7	
11/12/1994	20	6		2	4	6	75	0,6	8	12,2	35	894	7	
11/12/1994	21	5		2	4	6	75	0,7	357	12,3	35	894	7	
11/12/1994	22	5		2	4	6	75	0,5	349	12	35	894	7	
11/12/1994	23	3		2	4	6	75	0,3	125	11,7	36	894	7	
12/12/1994	00	4		2	4	6	73	0,6	291	11,6	38	894	7	
13/12/1994	01	32		2	5	7	55	2	239	11,4	62	891	7	
13/12/1994	02	22		2	4	6	52	0,4	40	10,7	64	890	3	
13/12/1994	03	22		2	4	6	52	0,7	274	10,5	64	890	3	
13/12/1994	04	25		2	4	6	52	0,6	54	10	66	890	5	
13/12/1994	05	14		2	4	6	52	0,4	57	9,5	69	889	3	
13/12/1994	06	252		8	30	42	33	0,8	347	9,5	70	889	3	
13/12/1994	07	93		2	14	17	44	0,9	343	9,3	68	889	5	
13/12/1994	08	277		5	34	40	34	0,4	12	10,5	63	890	24	
13/12/1994	09	422		11	41	59	33	0,3	240	12,5	57	890	132	
13/12/1994	10	871		36	59	115	30	0,8	269	13,9	52	891	253	
13/12/1994	11	395		14	33	55	38	0,3	81	15	52	891	347	
13/12/1994	12	306		11	26	42	46	1	186	15,5	47	890	398	
13/12/1994	14	97		4	11	16	52	2,5	298	14,9	52	889	350	
13/12/1994	15	193		6	20	29	45	2,2	300	14,2	57	889	252	
13/12/1994	16	42		3	7	11	53	1,4	298	13,5	56	889	127	
13/12/1994	17	14		2	6	8	53	0,2	136	11,7	60	889	17	
13/12/1994	18	3		2	4	6	59	0,7	320	11	54	888	7	
13/12/1994	19	10		2	4	7	51	0,3	356	10	64	888	7	
13/12/1994	20	29		2	6	8	54	0	154	10	65	888	7	
13/12/1994	21	694		29	64	108	22	0,4	66	10	63	888	7	
13/12/1994	22	1230		66	80	181	19	0,5	58	10	59	888	4	
13/12/1994	23	218		4	29	34	38	0,8	39	10	63	888	3	
14/12/1994	00	457		17	46	73	29	1,4	353	9,2	67	887	4	
14/12/1994	01	14		2	4	6	57	3,3	313	8,8	67	887	3	
14/12/1994	02	6		2	4	6	59	5,6	312	8,8	65	886	3	
14/12/1994	03	55		3	10	13	52	6,1	318	8,2	70	886	3	
14/12/1994	04	52		2	10	12	48	7	324	7,7	71	886	4	
14/12/1994	05	23		2	6	7	52	8,1	317	7,8	69	885	3	
14/12/1994	06	15		2	5	7	53	8,9	317	7,7	69	885	3	
14/12/1994	07	4		2	4	6	55	8,6	318	7,6	69	885	4	
14/12/1994	08	89		2	14	16	47	8,7	317	7,5	69	885	24	
14/12/1994	09	35					51	8,4	318	7,4	70	885	130	
14/12/1994	10	130		6	15	25	49	8,8	318	8	65	885	252	
14/12/1994	11	21		2	4	7	56	8,5	318	8,9	61	886	348	
14/12/1994	12	88		6	9	18	49	7,6	318	9	64	886	398	
14/12/1994	13	308		13	26	47	39	9,3	320	9,3	62	885	398	
14/12/1994	14	158		7	19	29	46	8,6	325	10,1	61	884	351	
14/12/1994	15	149		6	19	29	45	8,9	318	10	61	884	253	
14/12/1994	16	68		3	14	20	48	8,8	318	9,6	63	884	127	
14/12/1994	17	51		2	15	18	46	8,4	320	8,8	67	884	17	
14/12/1994	18	11		2	9	12	50	9,2	323	8,2	68	884	7	
14/12/1994	19	10		2	9	11	50	9,7	319	8,1	67	883	7	
14/12/1994	20	41		2	16	17	38	9,3	326	6,3	82	883	3	
14/12/1994	21	7		2	11	12	40	10	322	5,4	87	883	3	
14/12/1994	22	9		2	11	12	38	9,5	322	4,9	90	883	3	
14/12/1994	23	77		2	18	20	36	9,4	319	5,9	80	883	3	
15/12/1994	00	23		2	9	10	41	7	324	6,3	77	883	3	
15/12/1994	01	7		2	6	8	40	5,6	326	5,5	81	883	3	
15/12/1994	02	113		2	22	24	28	5,8	330	4,7	85	883	3	
15/12/1994	03	98		2	18	19	34	7	321	4,4	85	883	3	
15/12/1994	04	74		2	11	13	42	7,6	318	4	84	882	3	
15/12/1994	05	87		2	13	15	39	7,7	313	3,9	85	882	3	
15/12/1994	06	80		2	12	14	41	7,3	316	3,6	86	882	3	
15/12/1994	07	37		2	6	8	46	6,9	318	3,4	86	883	3	
15/12/1994	08	64		2	11	12	43	7,1	321	3,5	86	883	23	
15/12/1994	09	118		4	14	20	43	7,6	320	3,9	85	883	126	
15/12/1994	10	92		5	12	19	50	8,7	311	5,2	77	884	246	
15/12/1994	11	10		2	6	9	54	7,6	307	5,7	76	884	342	
15/12/1994	12	14		2	6	10	53	5,9	311	6	76	885	392	
15/12/1994	13	14		2	6	10	55	5,4	325	6,9	73	884	389	
15/12/1994	14	4		2	6	10	57	5,2	330	7	72	884	341	
15/12/1994	15	7		3	8	13	53	4,6	328	7	75	885	246	
15/12/1994	16	50		3	13	18	51	4,5	328	5,9	80	885	119	
15/12/1994	17	72		3	15	19	51	5,3	329	4,6	83	885	15	
15/12/1994	18	8		2	6	10	58	4,7	320	4	86	885	3	
15/12/1994	19	3		2	5	8	61	5,5	325	3,7	86	885	3	
15/12/1994	20	8		2	5	7	60	6,8	314	3,5	86	885	3	
15/12/1994	21	26		2	8	10	59	8,4	315	3,6	85	885	3	
15/12/1994	22	14		2	6	7	58	9	315	3,5	86	885	3	
15/12/1994	23	39		2	10	12	53	8,2	327	3,2	89	886	3	
16/12/1994	00	66		2	14	16	48	7,5	323	3,1	90	886	3	
16/12/1994	01	64		2	13	15	50	8,8	315	3	89	886	3	
16/12/1994	02	135		2	22	24	43	8,6	320	2,8	91	886	3	
16/12/1994	03	53		2	11	12	52	8,1	327	2,6	94	886	3	
16/12/1994	04	44		2	9	12	56	6,8	320	2,6	93	886	3	
16/12/1994	05	138		2	19	22	49	7,2	318	2,6	92	886	3	
16/12/1994	06	142		2	19	22	50	7,2	316	2,4	93	886	3	
16/12/1994	07	212		2	30	31	42	4,5	319	2,4	94	887	3	
16/12/1994	08	58		2	10	13	53	4,4	317	2,3	94	887	16	
16/12/1994	09	39		2	8	10	58	5,7	313	3,3	94	888	40	
16/12/1994	10	41		2	8	11	59	4,5	313	3,7	93	888	63	
16/12/1994	11	83		3	11	15	60	5,6	314	4,2	89	888	150	
16/12/1994	12	4		2	4	6	64	6	314	4,9	88	888	253	
16/12/1994	13	33		2	7	10	63	5,3	308	5,5	85	888	344	
16/12/1994	14	15		2	7	9	62	3,7	331	5,3	86	888	143	
16/12/1994	15	9		2	6	9	64	2,8	329	5	87	888	58	
16/12/1994	16	9		2	6	9	64	2,7	314	4,9	87	888	29	
16/12/1994	17	3		2	5	7	67	2,6	299	4,8	85	888	6	
16/12/1994	18	4		2	5	8	63	2	295	4,6	88	888	3	
16/12/1994	19	3		2	4	6	65	2,9	295	4,4	88	889	3	
16/12/1994	20	3		2	4	6	68	3,7	296	4,5	84	889	3	
16/12/1994	21	3		2	4	7	68	3,1	302	4,4	84	889	3	
16/12/1994	22	3		2	5	7	67	2,6	281	4,3	85	889	3	
16/12/1994	23	5		2	4	7	65	3,4	283	4,1	85	889	3	
17/12/1994	00	5		2	4	7	63	2,1	272	3,1	87	889	3	
17/12/1994	01	6		2	4	7	64	1,6	256	2,9	88	888	3	
17/12/1994	02	6		2	4	6	63	2,3	274	2,8	87	888	3	
17/12/1994	03	28		2	6	8	57	2,4	283	2,9	87	888	3	
17/12/1994	04	14		2	5	7	56	3,1	294	3,1	87	887	3	
17/12/1994	05	7		2	4	6	59	4,4	305	3,3	85	886	3	
17/12/1994	06	6		2	4	6	60	3,4	299	3,2	86	886	3	
17/12/1994	07	17		2	5	8	60	4,1	317	3,1	85	886	3	
17/12/1994	08	6		2	4	8	62	4,5	303	3,5	84	886	22	
17/12/1994	09	3		2	4	6	63	3,1	291	4,6	81	887	119	
17/12/1994	10	5		2	4	6	65	1,6	291	6,1	76	888	236	
17/12/1994	11	3		2	4	6	67	0,9	308	7,5	69	888	330	
17/12/1994	12	3		2	4	6	67	1,5	294	8,2	68	888	382	
17/12/1994	13	3		3	4	6	66	2,8	310	7,9	73	887	316	
17/12/1994	14	3		3	4	6	64	2,1	313	7,8	77	886	157	
17/12/1994	15	4		3	4	7	59	2,5	128	6,4	91	886	51	
17/12/1994	16	4		3	4	8	56	1,1	161	6	93	885	32	
17/12/1994	17	5		3	4	8	54	1,4	191	5,8	95	885	13	
17/12/1994	18	5		2	5	9	50	0,9	169	5,8	96	885	3	
17/12/1994	19	5		2	7	10	48	2,4	212	5,7	97	884	3	
17/12/1994	20	3		2	7	10	47	3	230	5,4	97	884	3	
17/12/1994	21	3		2	6	9	46	2,2	263	5,1	94	884	3	
17/12/1994	22	3		2	5	8	45	2,8	262	4,7	95	884	3	
17/12/1994	23	3		2	4	6	49	3,9	293	5	87	883	3	
18/12/1994	00	3		2	4	6	53	4,1	310	5,5	85	883	3	
18/12/1994	01	3		2	4	6	51	2,8	320	4,5	89	882	3	
18/12/1994	02	3		2	4	6	51	3,5	315	4,5	90	882	3	
18/12/1994	03	3		2	4	6	46	0,7	60	3,5	94	882	3	
18/12/1994	04	3		2	4	6	33	0,4	261	1,5	95	881	3	
18/12/1994	05	12		2	4	6	34	1,1	352	1,4	96	881	3	
18/12/1994	06	69		2	12	14	33	0,7	77	2,8	97	881	3	
18/12/1994	07	49		2	8	10	44	1,2	19	3,4	97	870	3	
18/12/1994	08			2	4	6						841		
18/12/1994	09	102		3	18	22	30	1,7	20	0,9	95	881	38	
18/12/1994	10	54		2	8	11	35	4	310	0,6	96	882	88	
18/12/1994	11	94		4	12	18	33	1,8	355	1,5	96	882	216	
18/12/1994	12	85		4	10	16	36	1,8	345	1,6	96	881	174	
18/12/1994	13	41		2	5	9	42	3,4	302	2,3	93	881	244	
18/12/1994	14	30		2	5	8	40	4,9	295	1,5	94	880	124	
18/12/1994	15	28		2	6	8	41	5,5	303	1,7	92	880	116	
18/12/1994	16	28		2	7	8	44	6,7	304	1,9	90	879	64	
18/12/1994	17	13		2	5	6	44	6,7	311	1,4	92	879	7	
18/12/1994	18	8		2	4	6	45	7,7	316	1,1	93	879	3	
18/12/1994	19	4		2	4	6	46	8,4	316	1,5	90	879	3	
18/12/1994	20	4		2	4	6	46	9,4	317	1,4	94	879	3	
18/12/1994	21	4		2	4	6	45	8,2	319	1,3	96	879	3	
19/12/1994	00	29		2	5	7	52	9,6	315	1,5	97	879	3	0
19/12/1994	01	7		2	4	6	58	9,5	317	1,4	97	878	3	0
19/12/1994	02	6		2	4	6	57	8,7	319	1,2	97	879	3	0
19/12/1994	03	10		2	4	6	57	7,9	314	1,1	97	879	3	0
19/12/1994	04	15		2	4	6	58	6,2	318	1	97	879	3	0
19/12/1994	05	9		2	4	6	58	5,9	322	0,8	96	879	3	0
19/12/1994	06	16		2	4	6	62	5,9	324	0,8	94	879	3	0
19/12/1994	07	72		2	9	11	59	6	327	0,7	92	879	3	0
19/12/1994	08	175		3	21	25	51	5,9	320	0,4	93	879	10	0
19/12/1994	09	45		2	6	8	63	6,1	317	0,3	93	880	130	0
19/12/1994	10	26		2	4	6	69	6	321	0,6	85	880	283	0
19/12/1994	11	34		2	5	7	71	7,2	312	1,1	78	880	384	0
19/12/1994	12	80		2	9	13	69	7,1	319	1,7	74	880	455	0
19/12/1994	13	100		3	11	16	69	8,2	322	2,2	72	879	418	0
19/12/1994	14	109		3	14	18	68	9,1	330	2	75	879	298	0
19/12/1994	15	99		2	12	16	67	10,1	328	1,8	74	879	211	0
19/12/1994	16	87		2	12	15	66	10,6	328	1,6	76	879	117	0
19/12/1994	17	3		2	4	6	68	10,3	329	0,8	85	879	15	0
19/12/1994	18	3		2	4	6	68	9,7	328	0,4	86	879	11	0
19/12/1994	19	6		2	5	6	67	8,7	327	0	88	880	11	0
19/12/1994	20	24		2	5	7	69	7,7	326	-,2	84	880	11	0
19/12/1994	21	16		2	4	6	70	8,7	325	-,4	82	880	11	0
19/12/1994	22	7		2	4	6	70	9,7	327	-,5	83	880	11	0
19/12/1994	23	9		2	4	6	70	10,7	329	-,3	80	880	11	0
20/12/1994	00	18		2	4	6	68	10	324	-,2	82	880	11	0
20/12/1994	01	37		2	6	7	63	8,9	319	-,2	84	880	11	0
20/12/1994	02	45		2	7	8	62	9,4	317	0	83	880	11	0
20/12/1994	03	35		2	4	7	63	9,8	324	0	84	881	11	0
20/12/1994	04	26		2	4	6	65	9,9	323	-,4	84	879	11	0
20/12/1994	05	14		2	4	6	66	11,2	318	-,5	85	879	11	0
20/12/1994	06	4		2	4	6	65	11,4	317	-,4	84	879	11	0
20/12/1994	07	19		2	4	6	65	12,5	314	0,2	83	879	11	0
20/12/1994	08	19					65	13,1	315	0,3	82	880	15	0,2
20/12/1994	09	42		2	7	10	62	13,8	314	0,4	84	880	65	0,2
20/12/1994	10	64		2	9	13	63	12,3	318	1,2	82	880	213	0
20/12/1994	11	49		2	7	10	65	12	317	1,6	80	881	150	0
20/12/1994	12	41		2	6	9	68	11,5	318	1,8	81	880	107	0,2
20/12/1994	13	54		2	8	12	68	11	314	2,2	82	880	91	0
20/12/1994	14	35		2	6	10	69	11,4	317	2,4	81	880	65	0
20/12/1994	15	68		2	12	16	65	12,6	314	2,5	83	879	41	0
20/12/1994	16	43		2	8	11	72	11,9	323	2,3	86	880	24	0
20/12/1994	17	68		2	12	15	61	13,7	315	2,1	87	880	14	0,3
20/12/1994	18	125		2	19	23	60	12,3	318	2	87	880	11	0,2
20/12/1994	19	104		2	15	19	64	13,7	328	1,9	87	880	11	0,2
20/12/1994	20	110		2	16	20	64	14,2	326	1,9	88	880	11	0,4
20/12/1994	21	119		2	17	21	62	15,3	325	1,8	88	879	11	0,6
20/12/1994	22	104		2	15	19	64	16,2	329	1,8	89	880	11	0,8
20/12/1994	23	127		2	18	21	63	13,5	327	1,6	88	880	11	0,4
21/12/1994	00	79		2	11	14	68	13	320	1,5	89	880	11	0
21/12/1994	01	70		2	10	13	71	13,6	319	1,6	88	879	11	0
21/12/1994	02	76		2	10	13	70	14,1	321	1,7	87	879	11	0,3
21/12/1994	03	31		2	5	7	72	12,2	321	1,6	87	879	11	0,2
21/12/1994	04	33		2	5	8	69	13,3	318	1,5	87	879	11	0,2
21/12/1994	05	32		2	5	7	70	15	312	1,7	86	878	11	0,2
21/12/1994	06	24		2	4	6	70	14,5	316	1,7	86	879	11	0
21/12/1994	07	47		2	6	9	68	14,1	318	1,7	86	879	11	0,4
21/12/1994	08	48		2	7	10	67	15,5	313	1,7	88	878	14	1,6
21/12/1994	09	42		2	6	9	68	17,1	313	1,8	88	878	22	1,6
21/12/1994	10	53		2	8	11	68	14,7	313	2,1	86	878	32	0,4
21/12/1994	11	82		2	12	16	62	14,8	311	2,4	87	878	55	0,8
21/12/1994	12	77		2	11	15	63	12,7	310	2,8	85	879	76	0
21/12/1994	13	106		3	16	20	60	12,5	312	3,2	84	878	96	0
21/12/1994	14	92		3	13	18	61	13,5	311	3,3	84	878	79	0
21/12/1994	15	71		2	10	14	63	13,4	310	3,7	82	877	84	0
21/12/1994	16	27		2	5	7	66	13,7	314	4	81	877	42	0
21/12/1994	17	20		2	4	7	66	13,9	313	4,3	80	877	15	0
21/12/1994	18	15		2	4	7	64	12,7	313	4,1	80	877	11	0
21/12/1994	19	8		2	4	6	65	11,4	315	4	81	877	11	0
21/12/1994	20	8		2	4	6	67	11,9	315	4,1	81	876	11	0
21/12/1994	21	7		2	4	6	66	10,2	318	4,1	81	876	11	0
21/12/1994	22	7		2	4	6	65	9,8	307	4,3	81	875	11	0
21/12/1994	23	8		2	4	6	61	13,9	297	4,9	80	874	11	0
22/12/1994	00	9		2	4	6	59	12	302	4,6	85	874	11	0
22/12/1994	01	10		2	4	7	56	10,5	304	3,6	95	873	11	0,6
22/12/1994	02	21		2	5	8	55	10,4	310	3,5	97	873	11	1
22/12/1994	03	31		2	6	9	55	9,9	312	3,1	97	873	11	0
22/12/1994	04	54		2	8	12	60	9,6	311	2,5	93	873	11	0
22/12/1994	05	28		2	5	7	68	9,2	321	1,7	82	873	11	0
22/12/1994	06	7		2	4	6	70	9,3	327	0,8	85	873	11	0
22/12/1994	07	55		2	8	11	65	8,2	319	0,2	85	873	11	0
22/12/1994	08	69					63	8,9	314	-,2	85	873	29	0
22/12/1994	09	57		2	8	11	65	9,6	317	-,5	84	873	78	0
22/12/1994	11	30		2	5	8	71	9,9	323	0,3	75	873	208	0
22/12/1994	12	13		2	4	6	72	11,1	321	0,2	78	872	105	0,2
22/12/1994	13	11		2	4	6	70	12,7	326	0,2	79	871	101	0,4
22/12/1994	14	3		2	4	6	72	11,9	323	-,2	76	871	62	0
22/12/1994	15	3		2	4	6	68	12,2	326	-,4	69	871	47	0
22/12/1994	17									-,8	67	872	39	0
22/12/1994	18									-2	76	873	14	0
22/12/1994	19	11	14	4	8	13	64	9,6	317	-2,8	79	873	11	0
22/12/1994	20	21	10	4	7	12	65	9,6	321	-3,6	80	873	11	0
22/12/1994	21	25	10	4	7	13	66	10,1	323	-4,1	81	873	11	0
22/12/1994	22	49	5	4	9	14	65	9,7	323	-4,5	80	873	11	0
22/12/1994	23	53	8	3	11	15	61	9,4	326	-4,7	81	874	11	0
23/12/1994	00	54	5	3	11	16	58	9	325	-4,9	83	874	11	0
23/12/1994	01	57	5	3	12	17	55	9	326	-5,3	83	874	11	0
23/12/1994	02	93	11	2	14	18	52	8,7	321	-5,8	84	874	11	0
23/12/1994	03	92	5	2	12	16	51	9,1	320	-6,1	83	874	11	0
23/12/1994	04	100	6	2	13	17	47	10,2	315	-6,3	84	874	11	0
23/12/1994	05	55	15	2	11	14	47	9,7	317	-6,5	84	874	11	0
23/12/1994	06	24	5	2	8	11	48	10,5	315	-6,6	84	874	11	0
23/12/1994	07	12	5	3	7	11	49	8,5	314	-6,8	84	874	11	0
23/12/1994	08	17	5	3	7	11	50	10,1	316	-7	84	874	11	0
23/12/1994	09	31	10	2	8	11	50	10,5	313	-7	84	874	25	0
23/12/1994	10	47	10	3	9	12	51	9,7	315	-6,6	85	874	106	0
23/12/1994	11	26	7	3	7	12	53	8,7	314	-5,9	85	875	182	0
23/12/1994	12	61	19	4	9	14	53	9	317	-5	83	876	250	0
23/12/1994	13	16	11	4	7	12	57	8,1	319	-4,2	80	876	280	0
23/12/1994	14	10	5	4	7	13	58	9,1	313	-3,6	77	876	280	0
23/12/1994	15	17	5	5	8	15	59	8,7	316	-2,9	75	875	369	0
23/12/1994	16	12	5	5	9	16	59	10	310	-2,9	76	876	191	0
23/12/1994	17	20	8	4	11	17	57	9,1	314	-3,1	79	876	62	0
23/12/1994	18	11	17	4	11	17	57	10,3	309	-3,3	80	876	17	0
23/12/1994	19	7	5	4	11	17	57	10,4	314	-3,6	81	876	11	0
23/12/1994	20	28	14	4	13	19	54	10	317	-4	85	877	11	0
23/12/1994	21	210	5	4	30	36	39	10,4	317	-4,3	86	877	11	0
23/12/1994	22	241	23	4	32	38	37	10,6	317	-4,6	88	877	11	0
23/12/1994	23	215	23	3	30	35	37	10,9	317	-4,7	90	877	11	0
24/12/1994	00	183	5	3	26	31	38	8,4	324	-4,7	91	877	11	0
24/12/1994	01	248	136	3	32	37	31	8,9	318	-4,5	91	877	11	0
24/12/1994	02	201	17	3	26	31	35	9	316	-4,7	91	877	11	0
24/12/1994	03	118	19	3	16	21	43	9	313	-5,1	90	877	11	0
24/12/1994	04	62	14	3	10	15	50	9,5	309	-5,6	90	877	11	0
24/12/1994	05	46	15	3	9	14	52	9,5	311	-5,9	89	876	11	0
24/12/1994	06	61	17	3	11	15	50	9,2	309	-6,3	89	876	11	0
24/12/1994	07	52	22	3	10	13	49	8,7	306	-6,5	89	876	11	0
24/12/1994	08	76	27	3	11	15	48	8,8	307	-6,5	89	877	11	0
24/12/1994	09	94	23				46	7,4	310	-6,3	89	877	15	0
24/12/1994	10	102	16	4	12	18	46	7,3	310	-6	89	877	30	0
24/12/1994	11	89	13	4	11	17	47	6,8	312	-5,6	90	878	57	0
24/12/1994	12	151	8	6	15	24	45	6,5	313	-5,2	90	878	81	0
24/12/1994	13	135	29	6	14	22	46	5,7	313	-4,8	91	878	101	0
24/12/1994	14	150	12	6	15	24	48	4,9	326	-4,4	91	877	115	0
24/12/1994	15	164	21	6	17	26	49	5,8	323	-4	91	877	130	0
24/12/1994	16	174	9	6	18	28	50	5,1	324	-3,7	90	877	109	0
24/12/1994	17	77	7	5	11	17	56	5,4	313	-3,4	85	877	85	0
24/12/1994	18	96	10	4	14	20	54	6,8	310	-3,6	85	877	24	0
24/12/1994	19	72	5	4	12	18	54	7	313	-3,5	87	877	11	0
24/12/1994	20	146	23	4	20	25	45	6,4	318	-3,4	88	878	11	0
24/12/1994	21	336	18	7	35	45	33	6,9	317	-3,3	89	878	11	0
24/12/1994	22	158	27	4	21	26	39	7,1	319	-3,3	90	878	11	0
24/12/1994	23	225	18	4	28	33	33	7	319	-3,4	92	879	11	0
25/12/1994	00	183	27	4	23	29	35	6,8	316	-3,3	92	879	11	0
25/12/1994	01	112	25	4	15	22	40	7	317	-3,2	93	878	11	0
25/12/1994	02	105	16	4	16	22	41	7,3	326	-3,2	93	878	11	0
25/12/1994	03	255	16	4	28	35	34	8	331	-3,1	92	878	11	0
25/12/1994	04	138	23	4	16	22	41	8,1	332	-3,1	91	878	11	0
25/12/1994	05	109	9	4	12	18	44	8,2	325	-3,2	91	878	11	0
25/12/1994	06	87	5	4	10	16	48	9,6	319	-3,4	89	877	11	0
25/12/1994	07	28	15	4	6	11	51	10	319	-3,4	89	877	11	0
25/12/1994	08	16	22	4	5	11	52	10,2	323	-3,4	89	877	11	0
25/12/1994	09	20	11	4	5	11	54	8,9	327	-3,4	88	878	15	0
25/12/1994	10	85	5	4	9	15	51	9,4	333	-3,3	87	878	40	0
25/12/1994	11	124	7	4	12	18	50	7,2	331	-3,3	87	879	55	0
25/12/1994	12	88	17	4	9	15	54	8,3	329	-3	86	879	95	0
25/12/1994	13	130	12	5	11	19	52	9,5	324	-2,7	85	878	158	0
25/12/1994	14	131	8	6	11	20	53	10,2	326	-2	83	878	314	0
25/12/1994	15	243	5	9	18	31	52	10,2	326	-1	80	878	374	0
25/12/1994	16	160	5	7	14	24	56	9,7	324	-,3	77	878	296	0
25/12/1994	17	45	5	5	8	15	61	10	326	-,6	78	879	159	0
25/12/1994	18	41	8	5	8	15	60	9,7	325	-1,3	83	879	31	0
25/12/1994	19	12	19	5	5	12	61	9,8	327	-1,8	87	879	11	0
25/12/1994	20	13	13	5	5	12	60	9,9	327	-2	90	879	11	0
25/12/1994	21	19	13	4	5	12	57	11,7	322	-2,3	92	879	11	0
25/12/1994	22	23	5	5	5	12	55	12,1	322	-2,5	93	879	11	0
25/12/1994	23	23	14	4	5	11	55	10,8	323	-2,6	93	880	11	0
26/12/1994	00	33	7	4	7	13	54	10,4	327	-2,7	93	880	11	0
26/12/1994	01	40	8	4	7	13	52	11	325	-3,2	93	879	11	0
26/12/1994	02	54	14	4	8	14	54	11,6	323	-3,1	92	879	11	0
26/12/1994	03	83	5	4	9	15	52	10,9	326	-3	91	879	11	0
26/12/1994	04	81	17	4	9	14	54	10,5	318	-3,2	90	879	11	0
26/12/1994	05	26	8	3	5	10	58	11,4	311	-3,4	90	879	11	0
26/12/1994	06	19	19	3	4	9	60	8,7	317	-3,4	90	878	11	0
26/12/1994	07	32	5	3	5	10	60	8,1	326	-3,5	90	878	11	0
26/12/1994	08	20	15	3	4	9	60	8	327	-3,6	90	878	11	0
26/12/1994	09	28	5				61	9,3	316	-3,6	90	878	21	0
26/12/1994	10	18	15	3	4	10	63	8,7	319	-3,3	88	879	109	0
26/12/1994	11	36	7	4	5	11	64	9,3	323	-2,5	85	879	212	0
26/12/1994	12	50	15	4	6	12	63	11,4	313	-1,7	82	880	295	0
26/12/1994	13	28	5	5	5	12	66	12,3	313	-,5	80	879	439	0
26/12/1994	14	44	5	5	6	13	69	10,7	315	0,4	78	879	457	0
26/12/1994	15	35	5	5	6	13	70	9,4	314	1	76	879	386	0
26/12/1994	16	11	5	4	5	11	69	7,5	315	1,3	76	879	237	0
26/12/1994	17	39	5	5	7	14	67	8,3	323	1,2	76	880	160	0
26/12/1994	18	74	8	4	10	17	64	7,6	327	0,2	80	880	34	0
26/12/1994	19	13	10	4	5	11	64	8,2	324	-,6	81	881	11	0
26/12/1994	20	46	9	5	7	14	66	7,2	332	-,6	79	881	11	0
26/12/1994	21	70	12	5	9	16	64	6,1	322	-,7	78	881	11	0
26/12/1994	22	62	12	5	8	16	65	7,8	311	-,3	77	881	11	0
26/12/1994	23	19	15	4	5	11	68	7,6	312	-,1	75	881	11	0
27/12/1994	00	27	14	4	5	12	68	7,2	311	0,3	71	881	11	0
27/12/1994	01	11	9	4	5	11	67	7	311	0,7	67	881	11	0
27/12/1994	02	14	5	4	5	11	67	6,5	311	0,9	65	881	11	0
27/12/1994	03	12	5	4	5	11	66	6,2	310	0,8	65	881	11	0
27/12/1994	04	11	5	4	4	11	69	5	306	1,2	59	881	11	0
27/12/1994	05	10	5	4	5	11	70	6,6	308	1,1	62	881	11	0
27/12/1994	06	28	11	4	5	11	71	5,8	314	1,1	72	880	11	0
27/12/1994	07	222	5	4	19	26	60	5	315	1,5	80	880	11	0
27/12/1994	08	91	5	4	9	15	68	5,7	319	1,6	83	881	11	0
27/12/1994	09	31	5	4	5	11	72	5,5	324	2,1	83	881	22	0
27/12/1994	10	87	5	5	8	15	71	6	321	2,9	82	881	143	0
27/12/1994	11	64	5	5	7	14	75	6,3	304	4,8	64	882	239	0
27/12/1994	12	69	5	5	7	15	74	6,8	301	5,6	55	882	374	0
27/12/1994	13	26	5	4	6	11	76	7,5	297	6,9	42	882	460	0
27/12/1994	14	20	5	4	6	11	78	7,1	304	7,7	33	882	450	0
27/12/1994	15	26	5	4	6	12	76	6,6	317	7,2	37	882	383	0
27/12/1994	16	161	5	6	14	23	72	5,3	324	7,1	34	882	301	0
27/12/1994	17	14	5	4	6	12	76	3,9	303	7,2	35	882	163	0
27/12/1994	18	6	5	4	6	12	70	3,8	291	5,4	44	882	34	0
27/12/1994	19	6	6	4	6	12	70	4,2	297	4,5	46	882	15	0
27/12/1994	20	7	14	4	7	12	67	4,7	312	3,9	50	882	11	0
27/12/1994	21	14	10	4	7	12	70	6,2	329	3	51	882	11	0
27/12/1994	22	10	18	4	7	12	68	5,7	318	2,3	55	882	11	0
27/12/1994	23	10	5	4	8	13	63	6,5	318	1,4	66	882	11	0
28/12/1994	00	10	9	4	8	13	63	8,1	318	0,7	72	882	11	0
28/12/1994	01	15	23	4	8	13	67	8,1	319	1	72	882	11	0
28/12/1994	02	43	19	4	10	15	66	9,7	311	1,8	66	882	11	0
28/12/1994	03	29	16	4	7	12	69	11,5	306	1,4	71	881	11	0
28/12/1994	04	30	5	3	7	11	69	10,8	314	1	75	881	11	0
28/12/1994	05	45	5	3	7	11	69	11	315	1	75	881	11	0
28/12/1994	06	24	9	3	5	10	70	11,4	312	1	76	880	11	0
28/12/1994	07	64	10	4	8	13	70	10	314	1,3	75	881	11	0
28/12/1994	08	24	5	3	4	9	72	8	315	1,3	76	882	11	0
28/12/1994	09	20	5				73	6,9	314	1,5	76	882	25	0
28/12/1994	10	26	5	4	4	10	73	4,4	314	2,1	75	883	128	0
28/12/1994	11	12	5	4	4	10	74	3	316	3,3	71	884	266	0
28/12/1994	12	26	5	4	5	11	73	1,9	58	5	67	884	374	0
28/12/1994	13	69	5	3	7	12	72	2,3	327	5,4	66	884	442	0
28/12/1994	14	14	5	3	5	10	76	3	312	6,4	59	884	452	0
28/12/1994	15	17	5	3	5	10	75	3,1	308	7,1	57	884	407	0
28/12/1994	16	26	5	4	6	11	71	2,3	316	7,2	60	884	309	0
28/12/1994	17	16	7	4	5	11	71	3,1	284	6,6	65	884	174	0
28/12/1994	18	31	5	5	7	13	69	4,9	303	5,8	66	883	41	0
28/12/1994	19	20	15	5	6	13	68	5	315	4,8	71	883	16	0
28/12/1994	20	46	15	4	7	13	66	4,1	307	4,9	69	883	11	0
28/12/1994	21	26	17	3	5	10	71	5,1	303	4,8	69	883	11	0
28/12/1994	22	13	10	3	4	9	75	1,4	323	4,5	70	883	11	0
28/12/1994	23	14	12	3	4	9	72	2,2	318	4,1	73	883	11	0
29/12/1994	00	34	13	3	4	9	67	3,2	324	3,3	75	883	11	0
29/12/1994	01	15	15	3	4	9	73	5,9	321	2,9	77	883	11	0
29/12/1994	02	15	18	3	4	9	77	8,8	310	3,2	74	882	11	0
29/12/1994	03	14	5	3	4	9	79	11,1	307	3,7	72	881	11	0
29/12/1994	04	11	5	3	4	9	81	11,1	310	3,8	73	881	11	0
29/12/1994	05	11	5	3	4	9	82	9,4	314	4	73	881	11	0
29/12/1994	06	9	8	3	4	9	81	10,5	308	3,9	72	881	11	0
29/12/1994	07	11	5	3	4	9	82	11,2	304	4,3	70	881	11	0
29/12/1994	08	10	5	3	4	9	83	10,1	308	4,6	70	881	11	0
29/12/1994	09	10	5	3	4	9	83	13,4	305	5,1	70	881	25	0
29/12/1994	10	10	5	3	4	9	82	13,7	306	5,3	70	881	131	0
29/12/1994	11	13	5	3	5	10	82	13,2	307	5,9	68	882	271	0
29/12/1994	12	19	5	3	5	10	81	10,4	313	6,4	67	882	384	0
29/12/1994	13	23	5	3	5	10	81	10,2	317	7,2	64	882	451	0
29/12/1994	14	28	5	3	5	10	82	8,7	322	8,1	59	882	480	0
29/12/1994	15	18	5	3	5	10	81	10,1	315	8,4	57	881	347	0
29/12/1994	16	10	5	3	5	10	82	8,3	324	8,3	57	882	257	0
29/12/1994	17	26	6	3	5	10	79	5,7	325	8,3	58	882	109	0
29/12/1994	18	17	10	3	5	10	80	7,1	310	8,9	59	881	21	0
29/12/1994	19	7	5	3	5	10	77	10,1	289	9,6	65	881	16	0
29/12/1994	20	6	14	3	5	10	78	7,3	290	9,6	65	882	16	0
29/12/1994	21	6	5	4	5	11	77	5,7	294	8,8	67	882	14	0
29/12/1994	22	6	7	3	5	10	76	5,6	296	8,5	69	882	11	0
29/12/1994	23	6	8	3	5	10	75	7,4	289	8,8	71	882	15	0
30/12/1994	00	7	5	3	5	10	73	6,8	280	8,7	74	882	15	0
30/12/1994	01	5	5	3	5	10	71	7	286	8,9	76	882	11	0
30/12/1994	02	6	5	3	5	10	69	10,6	291	9,9	73	881	11	0
30/12/1994	03	6	5	3	5	10	70	8,8	297	9,9	74	882	11	0
30/12/1994	04	6	5	3	5	10	69	6,9	291	8,6	79	881	11	0
30/12/1994	05	6	5	3	5	10	67	5,5	302	8,3	81	881	11	0
30/12/1994	06	9	5	3	5	10	64	7	300	7,8	82	880	11	0
30/12/1994	07	14	5	3	5	10	61	4,9	310	7,3	84	880	11	0
30/12/1994	08	11	5	3	5	10	60	3	317	7	84	880	11	0
30/12/1994	09	9	5				63	4,8	302	7,5	74	880	17	0
30/12/1994	10	5	5	3	5	10	65	3,6	281	8	67	880	52	0
30/12/1994	11	3	5	3	5	10	71	5,5	286	9,3	57	881	92	0
30/12/1994	12	5	5	3	5	10	69	6	276	10,2	61	881	137	0
30/12/1994	13	4	5	3	5	10	66	7,2	273	10,7	66	880	124	0
30/12/1994	14	5	5	4	5	11	62	9,9	274	11,9	69	879	120	0
30/12/1994	15	6	5	4	5	11	60	13,2	274	12,2	70	877	145	0
30/12/1994	16	6	5	3	5	10	60	12,2	277	12,6	69	877	148	0
30/12/1994	17	6	5	3	5	10	58	12,3	280	12,6	70	877	95	0
30/12/1994	18	6	5	4	5	11	56	13,8	270	12,3	72	876	30	0
30/12/1994	19	7	5	4	5	11	54	15,2	269	12,2	74	875	16	0
30/12/1994	20	8	5	4	5	11	53	14,7	271	12,4	72	875	75	0
30/12/1994	21	8	7	4	5	11	53	12,6	279	12,6	70	875	75	0
30/12/1994	22	9	6	3	5	10	55	12,8	290	12,8	67	875	75	0
30/12/1994	23	7	5	3	5	10	56	12	299	12,7	69	875	75	0
31/12/1994	00	6	5	4	5	11	55	13,2	297	12,5	70	875	75	0
31/12/1994	01	6	10	3	5	10	55	12,5	298	12	73	875	75	0
31/12/1994	02	6	5	4	5	11	54	9,6	303	11,1	76	875	75	0
31/12/1994	03	6	15	4	5	11	55	9,9	295	11,2	74	875	75	0
31/12/1994	04	6	6	4	5	11	56	9,3	288	10,8	75	875	75	0
31/12/1994	05	6	5	4	5	11	56	9,9	283	10,4	75	875	75	0
31/12/1994	06	6	5	4	5	11	58	8,2	307	10,2	75	875	75	0
31/12/1994	07	5	7	3	5	10	59	6,7	315	9,7	75	875	75	0
31/12/1994	08	6	5	3	5	10	60	5,3	292	9,4	74	875	75	0
31/12/1994	09	6	17	3	5	10	62	5,5	278	9,1	72	876	84	0
31/12/1994	10	5	11	3	5	10	62	8,3	281	9,4	69	876	143	0
31/12/1994	11	6	8	3	5	10	63	7,9	282	9,7	68	876	185	0
31/12/1994	12	6	5	3	5	10	64	6,8	286	10,5	67	876	293	0
31/12/1994	13	5	5	3	5	10	64	5,3	280	11,4	64	875	265	0
31/12/1994	14	6	5	4	5	11	63	9	280	12,1	62	874	263	0
31/12/1994	15	6	5	4	5	11	63	11,5	290	12,9	61	873	358	0
31/12/1994	16	8	7	4	5	11	62	13,2	281	12,8	61	872	259	0
31/12/1994	17	6	13	4	5	11	64	11,2	285	12,7	61	872	153	0
31/12/1994	18	6	14	4	5	11	64	9,9	286	12,1	62	872	88	0
31/12/1994	19	6	5	4	5	11	65	10	281	11,9	61	871	75	0
31/12/1994	20	5	16	4	5	11	64	11,4	277	11,8	63	871	75	0
31/12/1994	21	5	11	4	5	11	65	9,8	278	11,5	66	871	75	0
31/12/1994	22	5	14	4	5	11	63	9	276	11,5	67	870	75	0
31/12/1994	23	6	5	3	5	10	61	10,7	280	11,6	67	870	75	0
