Red: Red de Vigilancia y Control de la Contaminación Atmosférica
Estación: 46220016-Sagunt HOLCIM Met
	
FECHA	HORA	Veloc.	Direc.
		m/s	grados
01/01/2025	00	2,5	261
13/01/2025	20	3,2	349
13/01/2025	21	3,5	350
13/01/2025	22	3,8	320
13/01/2025	23	3,6	308
14/01/2025	00	4,5	306
14/01/2025	01	6,4	307
14/01/2025	02	6,4	305
14/01/2025	03	6,7	311
14/01/2025	04	4,8	304
14/01/2025	05	3,8	309
14/01/2025	06	4,7	307
14/01/2025	07	4,6	308
14/01/2025	08	4,9	308
14/01/2025	11	1,1	288
14/01/2025	12	1,6	203
14/01/2025	13	3,1	166
14/01/2025	14	2,9	162
14/01/2025	15	2,9	138
14/01/2025	16	2,7	99
14/01/2025	17	1,6	90
14/01/2025	18	1,2	76
14/01/2025	19	1,5	295
14/01/2025	20	2,8	297
14/01/2025	21	2,9	302
14/01/2025	22	3,5	302
14/01/2025	23	3,1	301
15/01/2025	00	3,3	292
15/01/2025	01	3,2	300
15/01/2025	02	2,5	300
15/01/2025	03	2	295
15/01/2025	04	1,3	300
15/01/2025	05	2,6	282
15/01/2025	06	2,9	292
15/01/2025	07	2,8	306
15/01/2025	08	2,6	264
15/01/2025	09	3,1	277
15/01/2025	10	1,6	324
15/01/2025	11	1,2	163
15/01/2025	12	1,9	177
15/01/2025	13	2	156
15/01/2025	14	2,2	156
15/01/2025	15	3,6	165
15/01/2025	16	3,5	165
15/01/2025	17	3,7	189
15/01/2025	18	3,9	218
15/01/2025	19	3,8	226
15/01/2025	20	2	266
15/01/2025	21	1,8	295
15/01/2025	22	3,1	303
15/01/2025	23	3,1	312
16/01/2025	00	3,6	320
16/01/2025	01	3,7	314
16/01/2025	02	3,2	307
16/01/2025	03	3,5	315
16/01/2025	04	3,9	334
16/01/2025	05	3	327
16/01/2025	06	3,2	312
16/01/2025	07	3,6	316
16/01/2025	08	4	319
16/01/2025	09	4,4	350
16/01/2025	10	4,2	9
16/01/2025	11	5,2	18
16/01/2025	12	7,8	29
16/01/2025	13	8,3	35
16/01/2025	14	8,2	37
16/01/2025	15	9,3	38
16/01/2025	16	7,7	35
21/01/2025	09	1,9	1
21/01/2025	10	1,1	2
21/01/2025	11	0,5	39
21/01/2025	12	0,7	68
21/01/2025	13	0,8	127
21/01/2025	14	1,9	169
21/01/2025	15	1,3	155
21/01/2025	16	0,9	126
21/01/2025	17	1,5	177
21/01/2025	18	2,1	9
21/01/2025	19	1,6	359
21/01/2025	20	1,3	326
21/01/2025	21	1,7	314
21/01/2025	22	1,2	356
21/01/2025	23	0,9	293
22/01/2025	00	2,7	218
22/01/2025	01	2,5	224
22/01/2025	02	3,8	210
22/01/2025	03	4,4	209
22/01/2025	04	4,3	210
22/01/2025	05	3,6	212
22/01/2025	06	3	213
22/01/2025	07	2,7	214
22/01/2025	08	2,6	245
22/01/2025	09	1,5	250
22/01/2025	10	1,3	207
22/01/2025	11	2,4	181
22/01/2025	12	4,9	184
22/01/2025	13	5	182
22/01/2025	14	5,6	193
22/01/2025	15	5,5	212
22/01/2025	16	3,5	166
22/01/2025	17	1,2	124
22/01/2025	18	1,1	130
22/01/2025	19	1,8	193
22/01/2025	20	3,9	190
22/01/2025	21	4,6	211
22/01/2025	22	5,3	205
22/01/2025	23	6,2	217
23/01/2025	00	6,4	207
23/01/2025	01	5,4	207
23/01/2025	02	5,8	214
23/01/2025	03	6,4	217
23/01/2025	04	2,7	228
23/01/2025	05	1,8	146
23/01/2025	06	4,6	206
23/01/2025	07	7,5	206
23/01/2025	08	8,3	205
23/01/2025	09	6,8	212
23/01/2025	10	4,1	225
23/01/2025	11	5,8	221
23/01/2025	12	6,5	234
23/01/2025	13	6,9	228
23/01/2025	14	8	230
23/01/2025	15	7,5	233
23/01/2025	16	5,7	245
23/01/2025	17	4,1	252
23/01/2025	18	3,5	275
23/01/2025	19	1,8	4
23/01/2025	20	2,3	13
23/01/2025	21	1,7	9
23/01/2025	22	1,9	166
23/01/2025	23	1	152
24/01/2025	00	1,2	290
24/01/2025	01	3,1	313
24/01/2025	02	2,4	313
24/01/2025	03	2,6	293
24/01/2025	04	2,4	321
24/01/2025	05	1,9	305
24/01/2025	06	1,4	307
24/01/2025	07	0,2	1
24/01/2025	08	1,7	289
24/01/2025	09	3,9	307
24/01/2025	10	1,9	210
24/01/2025	11	5,4	216
24/01/2025	12	6,6	217
24/01/2025	13	8,7	228
24/01/2025	14	8,8	236
24/01/2025	15	9,1	235
24/01/2025	16	8,3	231
24/01/2025	17	6,6	228
24/01/2025	18	5,3	229
24/01/2025	19	4,3	238
24/01/2025	20	3,2	266
24/01/2025	21	2,1	237
24/01/2025	22	3,6	205
24/01/2025	23	3,9	195
25/01/2025	00	3,3	199
25/01/2025	01	4,8	205
25/01/2025	02	5,8	215
25/01/2025	03	6,5	210
25/01/2025	04	4,2	190
25/01/2025	05	6,6	201
25/01/2025	06	4,6	203
25/01/2025	07	5,8	205
25/01/2025	08	6,6	210
25/01/2025	09	6,3	206
25/01/2025	10	4,4	214
25/01/2025	11	3,2	216
25/01/2025	12	6,5	199
25/01/2025	13	8,8	237
25/01/2025	14	8,8	235
25/01/2025	15	8,8	240
25/01/2025	16	6	263
25/01/2025	17	5,8	260
25/01/2025	18	4,9	243
25/01/2025	19	4,7	197
25/01/2025	20	6,8	201
25/01/2025	21	6,9	224
25/01/2025	22	4,4	250
25/01/2025	23	2,9	229
26/01/2025	00	5,3	222
26/01/2025	01	4,7	212
26/01/2025	02	4,1	211
26/01/2025	03	4,6	223
26/01/2025	04	4,3	234
26/01/2025	05	5,6	215
26/01/2025	06	4,8	232
26/01/2025	07	5,3	219
26/01/2025	08	9,4	216
26/01/2025	09	5,1	218
26/01/2025	10	5,7	200
26/01/2025	11	7,3	240
26/01/2025	12	8,6	224
26/01/2025	13	9,4	237
26/01/2025	14	6,6	216
26/01/2025	15	5,5	217
26/01/2025	16	4,6	215
26/01/2025	17	5,9	209
26/01/2025	18	4,3	174
26/01/2025	19	5	202
26/01/2025	20	7,1	217
26/01/2025	21	5,9	218
26/01/2025	22	4,8	190
26/01/2025	23	4,9	193
27/01/2025	00	3,7	192
27/01/2025	01	2,8	192
27/01/2025	02	3,4	208
27/01/2025	03	4,5	211
27/01/2025	04	6,3	197
27/01/2025	05	7	180
27/01/2025	06	7,7	174
27/01/2025	07	6,8	167
27/01/2025	08	5,8	165
27/01/2025	09	6,3	185
27/01/2025	10	8,9	187
27/01/2025	11	9,7	225
27/01/2025	12	12,4	233
27/01/2025	13	11,2	238
27/01/2025	14	8,8	243
27/01/2025	15	6,8	263
27/01/2025	16	7	246
27/01/2025	17	9	243
27/01/2025	18	7,5	226
27/01/2025	19	8,7	212
27/01/2025	20	13,7	230
27/01/2025	21	13,7	256
27/01/2025	22	16,7	259
27/01/2025	23	14,2	272
28/01/2025	00	14,2	269
28/01/2025	01	11,8	278
28/01/2025	02	10,7	286
28/01/2025	03	7,7	292
28/01/2025	04	6,9	280
28/01/2025	05	7,3	284
28/01/2025	06	8,8	276
28/01/2025	07	9,6	267
28/01/2025	08	8,5	252
28/01/2025	09	8,5	247
28/01/2025	10	7,3	270
28/01/2025	11	6,2	263
28/01/2025	12	9,2	248
28/01/2025	13	7,8	261
28/01/2025	14	6,2	263
28/01/2025	15	7	286
28/01/2025	16	6	256
28/01/2025	17	4,8	250
28/01/2025	18	5,1	251
28/01/2025	19	6,6	238
28/01/2025	20	7,2	237
28/01/2025	21	7,5	237
28/01/2025	22	7,6	230
28/01/2025	23	7,4	262
29/01/2025	00	5,5	229
29/01/2025	01	2,2	159
29/01/2025	02	2,5	191
29/01/2025	03	4,7	213
29/01/2025	04	4	192
29/01/2025	05	3,9	194
29/01/2025	06	4,8	213
29/01/2025	07	4	169
29/01/2025	08	5,7	205
29/01/2025	09	7,6	232
29/01/2025	10	7,8	225
29/01/2025	11	6,5	220
29/01/2025	12	9,3	234
29/01/2025	13	6,3	236
29/01/2025	14	7	230
29/01/2025	15	6,4	242
29/01/2025	16	6,7	238
29/01/2025	17	2,5	214
29/01/2025	18	3	183
29/01/2025	19	5,5	219
29/01/2025	20	4,5	226
29/01/2025	21	2,3	205
29/01/2025	22	2,1	196
29/01/2025	23	1,8	204
30/01/2025	00	2,2	222
30/01/2025	01	1,7	228
30/01/2025	02	6,3	219
30/01/2025	03	4,7	239
30/01/2025	04	5,8	230
30/01/2025	05	2,9	227
30/01/2025	06	3,5	249
30/01/2025	07	2,3	233
30/01/2025	08	4,2	232
30/01/2025	09	3,3	223
30/01/2025	10	7,4	301
30/01/2025	11	7,3	298
30/01/2025	12	8,7	295
30/01/2025	13	9,8	294
30/01/2025	14	10,3	294
30/01/2025	15	7,2	292
30/01/2025	16	4,6	296
30/01/2025	17	7	288
30/01/2025	18	10,9	294
30/01/2025	19	8,5	303
30/01/2025	20	5,6	322
30/01/2025	21	3	344
30/01/2025	22	1,6	345
30/01/2025	23	0,5	271
31/01/2025	00	2,8	300
31/01/2025	01	3,4	311
31/01/2025	02	4,5	322
31/01/2025	03	6,1	319
31/01/2025	04	5,5	320
31/01/2025	05	6	315
31/01/2025	06	6,6	309
31/01/2025	07	7	308
31/01/2025	08	7,3	308
31/01/2025	09	7,9	307
31/01/2025	10	8,3	306
31/01/2025	11	5,8	308
31/01/2025	12	2,3	233
31/01/2025	13	3,9	174
31/01/2025	14	5,1	171
31/01/2025	15	6,2	147
31/01/2025	16	5,4	141
31/01/2025	17	3,7	104
31/01/2025	18	1,7	81
31/01/2025	19	1,2	55
31/01/2025	20	0,5	337
31/01/2025	21	1,9	298
31/01/2025	22	2,7	293
31/01/2025	23	2,8	294
01/02/2025	00	2,8	295
01/02/2025	01	3,2	291
01/02/2025	02	3,3	297
01/02/2025	03	3,6	293
01/02/2025	04	3,1	290
01/02/2025	05	3,9	293
01/02/2025	06	3,5	289
01/02/2025	07	4,1	303
01/02/2025	08	2,5	269
01/02/2025	09	2,6	322
01/02/2025	10	1,6	244
01/02/2025	11	2,9	206
01/02/2025	12	3,9	195
01/02/2025	13	3	111
01/02/2025	14	2,9	96
01/02/2025	15	4	70
01/02/2025	16	6	34
01/02/2025	17	1,9	345
01/02/2025	18	2,4	335
01/02/2025	19	3,1	348
01/02/2025	20	3,1	347
01/02/2025	21	4,8	358
01/02/2025	22	3,6	354
01/02/2025	23	2,5	313
02/02/2025	00	2,4	308
02/02/2025	01	2,1	345
02/02/2025	02	3,6	344
02/02/2025	03	3,2	324
02/02/2025	04	3,4	304
02/02/2025	05	3,8	305
02/02/2025	06	4,8	302
02/02/2025	07	4,9	301
02/02/2025	08	4,2	297
02/02/2025	09	4,8	307
02/02/2025	10	2,8	307
02/02/2025	11	1,3	118
02/02/2025	12	2,5	108
02/02/2025	13	3,2	110
02/02/2025	14	3,4	144
02/02/2025	15	2,9	145
02/02/2025	16	3,3	111
02/02/2025	17	2,9	103
02/02/2025	18	1,5	145
02/02/2025	19	1,2	297
02/02/2025	20	2,3	300
02/02/2025	21	2,9	300
02/02/2025	22	3,7	305
02/02/2025	23	3,8	303
03/02/2025	00	3,3	301
03/02/2025	01	3,5	303
03/02/2025	02	4,5	306
03/02/2025	03	4,8	298
03/02/2025	04	4,5	307
03/02/2025	05	4,1	302
03/02/2025	06	4,6	307
03/02/2025	07	4,4	307
03/02/2025	08	5,1	307
03/02/2025	09	4,8	308
03/02/2025	10	3,4	300
03/02/2025	11	1,2	262
03/02/2025	12	1,8	145
03/02/2025	13	1,6	82
03/02/2025	14	2,8	107
03/02/2025	15	2,9	104
03/02/2025	16	1,9	97
03/02/2025	17	1,7	173
03/02/2025	18	0,6	208
03/02/2025	19	1	275
03/02/2025	20	2,1	297
03/02/2025	21	2,9	287
03/02/2025	22	3	302
03/02/2025	23	3,6	308
04/02/2025	00	3,5	303
04/02/2025	01	4	303
04/02/2025	02	4,8	303
04/02/2025	03	4,2	302
04/02/2025	04	3,6	302
04/02/2025	05	3,8	302
04/02/2025	06	3,8	300
04/02/2025	07	4,8	304
04/02/2025	08	3,7	304
04/02/2025	09	2,3	270
04/02/2025	10	1,3	245
04/02/2025	11	1,8	215
04/02/2025	12	2,9	179
04/02/2025	13	3,7	168
04/02/2025	14	3,8	181
04/02/2025	15	5,1	166
04/02/2025	16	5,2	166
04/02/2025	17	4,3	166
04/02/2025	18	4,5	78
04/02/2025	19	4,5	359
04/02/2025	20	3,1	352
04/02/2025	21	3,5	328
04/02/2025	22	3,1	306
04/02/2025	23	3,3	306
05/02/2025	00	3,9	299
05/02/2025	01	3,2	293
05/02/2025	02	3,6	298
05/02/2025	03	3	274
05/02/2025	04	3,1	289
05/02/2025	05	1,4	306
05/02/2025	06	3,5	276
05/02/2025	07	3,3	279
05/02/2025	08	3,3	284
05/02/2025	09	1,9	319
05/02/2025	10	0,2	105
05/02/2025	11	1	81
05/02/2025	12	2,2	71
05/02/2025	13	2,6	73
05/02/2025	14	2,4	96
05/02/2025	15	2,7	103
05/02/2025	16	2,7	103
05/02/2025	17	2,4	105
05/02/2025	18	1,9	184
05/02/2025	19	1,3	294
05/02/2025	20	2	309
05/02/2025	21	2,7	310
05/02/2025	22	3	308
05/02/2025	23	3,6	307
06/02/2025	00	3,5	306
06/02/2025	01	3,5	303
06/02/2025	02	3,8	304
06/02/2025	03	3,6	305
06/02/2025	04	3,6	303
06/02/2025	05	4,4	301
06/02/2025	06	4,1	304
06/02/2025	07	3,2	301
06/02/2025	08	2,4	305
06/02/2025	09	2,6	322
06/02/2025	10	0,4	358
06/02/2025	11	1,1	71
06/02/2025	12	2,1	71
06/02/2025	13	2,6	96
06/02/2025	14	2,5	94
06/02/2025	15	2,6	97
06/02/2025	16	2,9	105
06/02/2025	17	2,7	135
06/02/2025	18	1,8	189
06/02/2025	19	1	262
06/02/2025	20	2,1	291
06/02/2025	21	2,8	290
06/02/2025	22	2,4	295
06/02/2025	23	3	295
07/02/2025	00	2,9	301
07/02/2025	01	3,1	301
07/02/2025	02	3,4	306
07/02/2025	03	3,6	302
07/02/2025	04	3,2	288
07/02/2025	05	3	271
07/02/2025	06	3,6	282
07/02/2025	07	2,2	293
07/02/2025	08	2	299
07/02/2025	09	1,6	306
07/02/2025	10	0,5	333
07/02/2025	11	1,1	108
07/02/2025	12	1,6	137
07/02/2025	13	2,2	119
07/02/2025	14	2,9	112
07/02/2025	15	3	133
07/02/2025	16	3,3	163
07/02/2025	17	1,7	184
07/02/2025	18	1,5	323
07/02/2025	19	3,4	342
07/02/2025	20	2,8	324
07/02/2025	21	1,8	310
07/02/2025	22	0,6	226
07/02/2025	23	3,2	218
08/02/2025	00	1,9	221
08/02/2025	01	1,9	245
08/02/2025	02	5,3	212
08/02/2025	03	7,9	217
08/02/2025	04	5,2	229
08/02/2025	05	7,4	250
08/02/2025	06	3,9	329
08/02/2025	07	4,5	330
08/02/2025	08	3,2	4
08/02/2025	09	2,6	2
08/02/2025	10	6,2	305
08/02/2025	11	3,5	293
08/02/2025	12	3	226
08/02/2025	13	5,4	321
08/02/2025	14	6,2	314
08/02/2025	15	5,1	319
08/02/2025	16	5,2	109
08/02/2025	17	2,8	89
08/02/2025	18	1,6	82
08/02/2025	19	1	341
08/02/2025	20	2,5	297
08/02/2025	21	2,8	290
08/02/2025	22	3,2	279
08/02/2025	23	2,8	293
09/02/2025	00	3	296
09/02/2025	01	3,1	295
09/02/2025	02	3,1	293
09/02/2025	03	3,7	298
09/02/2025	04	3,9	305
09/02/2025	05	4,3	317
09/02/2025	06	3,5	300
09/02/2025	07	1,9	260
09/02/2025	08	2,2	255
09/02/2025	09	2,6	314
09/02/2025	10	1,6	11
09/02/2025	11	2,2	78
09/02/2025	12	2,1	95
09/02/2025	13	2,4	91
09/02/2025	14	2,6	75
09/02/2025	15	2,5	64
09/02/2025	16	2,2	83
09/02/2025	17	1,5	71
09/02/2025	18	1,4	40
09/02/2025	19	2,2	5
09/02/2025	20	2,9	332
09/02/2025	21	3,6	313
09/02/2025	22	3,6	312
09/02/2025	23	3,8	309
10/02/2025	00	3,4	308
10/02/2025	01	4,6	309
10/02/2025	02	4,3	315
10/02/2025	03	4	312
10/02/2025	04	2,9	308
10/02/2025	05	3	305
10/02/2025	06	2,8	307
10/02/2025	07	2,3	303
10/02/2025	08	1,8	279
10/02/2025	09	2,1	278
10/02/2025	10	0,8	234
10/02/2025	11	0,6	283
10/02/2025	12	1,1	15
10/02/2025	13	1,6	89
10/02/2025	14	1,9	112
10/02/2025	15	2,6	105
10/02/2025	16	2,1	73
10/02/2025	17	2,2	43
10/02/2025	18	1,4	333
10/02/2025	19	0,9	76
10/02/2025	20	2,2	118
10/02/2025	21	2,1	121
10/02/2025	22	1,9	160
10/02/2025	23	2,4	174
11/02/2025	00	1,4	159
11/02/2025	01	1,3	268
11/02/2025	02	1,5	313
11/02/2025	03	2	296
11/02/2025	04	2,4	302
11/02/2025	05	1,7	298
11/02/2025	06	1,6	310
11/02/2025	07	2,3	303
11/02/2025	08	2,5	291
11/02/2025	09	1,4	267
11/02/2025	10	2	208
11/02/2025	11	2	177
11/02/2025	12	3,3	141
11/02/2025	13	4	136
11/02/2025	14	4,7	134
11/02/2025	15	4,3	140
11/02/2025	16	3,9	164
11/02/2025	17	4	165
11/02/2025	18	3	172
11/02/2025	19	0,8	346
11/02/2025	20	2,8	356
11/02/2025	21	2,7	331
11/02/2025	22	2,7	329
11/02/2025	23	3,2	318
12/02/2025	00	4,1	314
12/02/2025	01	4,1	316
12/02/2025	02	2,5	330
12/02/2025	03	2,4	311
12/02/2025	04	2,9	319
12/02/2025	05	3	306
12/02/2025	06	2,8	303
12/02/2025	07	2	291
12/02/2025	08	1,5	235
12/02/2025	09	1,9	213
12/02/2025	10	2,6	226
12/02/2025	11	3,4	175
12/02/2025	12	2	141
12/02/2025	13	2,5	116
12/02/2025	14	2,2	124
12/02/2025	15	2,7	53
12/02/2025	16	3,2	47
12/02/2025	17	2,3	39
12/02/2025	18	1,8	25
12/02/2025	19	2,4	356
12/02/2025	20	1,4	301
12/02/2025	21	1,8	248
12/02/2025	22	1,1	249
12/02/2025	23	1,2	341
13/02/2025	00	1,2	327
13/02/2025	01	4,1	322
13/02/2025	02	4,4	319
13/02/2025	03	3,7	319
13/02/2025	04	4,6	318
13/02/2025	05	5,1	310
13/02/2025	06	5,3	307
13/02/2025	07	5,4	305
13/02/2025	08	5,7	308
13/02/2025	09	5,5	309
13/02/2025	10	2,8	276
13/02/2025	11	3,2	170
13/02/2025	12	3,6	154
13/02/2025	13	4,1	155
13/02/2025	14	4,3	143
13/02/2025	15	4,9	132
13/02/2025	16	3,5	137
13/02/2025	17	2,5	165
13/02/2025	18	2,9	182
13/02/2025	19	2,4	190
13/02/2025	20	1	317
13/02/2025	21	1,9	326
13/02/2025	22	2,2	302
13/02/2025	23	2,6	298
14/02/2025	00	2	284
14/02/2025	01	1,9	298
14/02/2025	02	2,2	351
14/02/2025	03	1,6	326
14/02/2025	04	1,3	262
14/02/2025	05	0,9	257
14/02/2025	06	2,1	219
14/02/2025	07	2,5	212
14/02/2025	08	1,7	250
14/02/2025	09	1,6	268
14/02/2025	10	1,8	188
14/02/2025	11	2,9	177
14/02/2025	12	2,9	159
14/02/2025	13	4,2	160
14/02/2025	14	4	150
14/02/2025	15	3,4	156
14/02/2025	16	3,4	165
14/02/2025	17	1,4	158
14/02/2025	18	1,9	28
14/02/2025	19	3,5	356
14/02/2025	20	3,4	330
14/02/2025	21	3,3	333
14/02/2025	22	3	320
14/02/2025	23	1,9	303
15/02/2025	00	3	289
15/02/2025	01	2,7	279
15/02/2025	02	1,6	309
15/02/2025	03	3,7	359
15/02/2025	04	4,3	359
15/02/2025	05	3,6	1
15/02/2025	06	3,3	352
15/02/2025	07	3,2	335
15/02/2025	08	3,7	327
15/02/2025	09	2,8	339
15/02/2025	10	3,1	11
15/02/2025	11	3,2	15
15/02/2025	12	3,7	34
15/02/2025	13	5,9	49
15/02/2025	14	5,1	52
15/02/2025	15	6,2	42
15/02/2025	16	5,1	48
15/02/2025	17	4,1	45
15/02/2025	18	2,1	26
15/02/2025	19	1,6	357
15/02/2025	20	2	353
15/02/2025	21	2,1	351
15/02/2025	22	1,5	340
15/02/2025	23	0,7	287
16/02/2025	00	0,9	281
16/02/2025	01	0,5	263
16/02/2025	02	1,1	265
16/02/2025	03	2,1	312
16/02/2025	04	2,6	306
16/02/2025	05	2,4	307
16/02/2025	06	1,6	306
16/02/2025	07	1,2	319
16/02/2025	08	2,4	249
16/02/2025	09	1,4	195
16/02/2025	10	0,5	102
16/02/2025	11	1,7	166
16/02/2025	12	3,4	161
16/02/2025	13	4,5	152
16/02/2025	14	3,9	141
16/02/2025	15	3	104
16/02/2025	16	2,2	70
16/02/2025	17	3	51
16/02/2025	18	2,5	43
16/02/2025	19	1,3	7
16/02/2025	20	1,5	355
16/02/2025	21	1,5	266
16/02/2025	22	3,8	219
16/02/2025	23	2,9	245
17/02/2025	00	2,1	245
17/02/2025	01	2,5	220
17/02/2025	02	1,7	251
17/02/2025	03	1,6	253
17/02/2025	04	1,4	17
17/02/2025	05	2,1	256
17/02/2025	06	2,4	352
17/02/2025	07	1,2	22
17/02/2025	08	1,8	8
17/02/2025	09	2,8	2
17/02/2025	10	2,7	20
17/02/2025	11	2,6	37
17/02/2025	12	3,6	52
17/02/2025	13	3,8	58
17/02/2025	14	2,1	70
17/02/2025	15	3,4	54
17/02/2025	16	3,7	42
17/02/2025	17	3,8	46
17/02/2025	18	3,1	39
17/02/2025	19	1,6	11
17/02/2025	20	2	11
17/02/2025	21	2,8	5
17/02/2025	22	3,6	360
17/02/2025	23	3,5	0
18/02/2025	00	3,3	359
18/02/2025	01	3,1	358
18/02/2025	02	3,3	346
18/02/2025	03	3,1	316
18/02/2025	04	2,5	315
18/02/2025	05	3,3	318
18/02/2025	06	2,6	310
18/02/2025	07	3,1	318
18/02/2025	08	4,2	314
18/02/2025	09	4,4	314
18/02/2025	10	3,1	328
18/02/2025	11	2,8	3
18/02/2025	12	3,1	32
18/02/2025	13	4,6	49
18/02/2025	14	6	55
18/02/2025	15	6,3	54
18/02/2025	16	5,6	58
18/02/2025	17	3,7	67
18/02/2025	18	2,5	67
18/02/2025	19	2	26
18/02/2025	20	2,3	6
18/02/2025	21	2,1	358
18/02/2025	22	1,7	348
18/02/2025	23	1,7	326
19/02/2025	00	1,4	320
19/02/2025	01	2,2	303
19/02/2025	02	2,1	287
19/02/2025	03	2,3	285
19/02/2025	04	2,1	311
19/02/2025	05	1,3	344
19/02/2025	06	2,4	357
19/02/2025	07	2,2	316
19/02/2025	08	2,1	334
19/02/2025	09	2,3	338
19/02/2025	10	1,2	25
19/02/2025	11	2,2	53
19/02/2025	12	2,6	82
19/02/2025	13	2,7	66
19/02/2025	14	3,6	59
19/02/2025	15	3,6	59
19/02/2025	16	4,4	53
19/02/2025	17	4,5	46
19/02/2025	18	3	29
19/02/2025	19	2	13
19/02/2025	20	3	324
19/02/2025	21	3,2	314
19/02/2025	22	2,2	323
19/02/2025	23	1,9	305
20/02/2025	00	1,8	308
20/02/2025	01	1,6	305
20/02/2025	02	2	324
20/02/2025	03	2	300
20/02/2025	04	2,3	295
20/02/2025	05	2	289
20/02/2025	06	1,8	294
20/02/2025	07	1,8	274
20/02/2025	08	3,4	280
20/02/2025	09	3,4	281
20/02/2025	10	2,7	263
20/02/2025	11	2,3	248
20/02/2025	12	2,7	193
20/02/2025	13	3,6	154
20/02/2025	14	4,3	127
20/02/2025	15	4,6	115
20/02/2025	16	3,3	96
20/02/2025	17	2,6	82
20/02/2025	18	3,1	98
20/02/2025	19	3	105
20/02/2025	20	1,9	152
20/02/2025	21	1,8	205
20/02/2025	22	0,8	168
20/02/2025	23	1,9	199
21/02/2025	00	1,3	218
21/02/2025	01	2,1	200
21/02/2025	02	1,9	205
21/02/2025	03	1,8	207
21/02/2025	04	2	210
21/02/2025	05	1,5	225
21/02/2025	06	0,5	258
21/02/2025	07	0,6	302
21/02/2025	08	0,3	316
21/02/2025	09	0,5	253
21/02/2025	10	1,5	226
21/02/2025	11	2,5	178
21/02/2025	12	2,6	140
21/02/2025	13	2,5	134
21/02/2025	14	3	114
21/02/2025	15	4,2	119
21/02/2025	16	4,2	134
21/02/2025	17	4,5	129
21/02/2025	18	4,2	116
21/02/2025	19	3,4	103
21/02/2025	20	2,9	95
21/02/2025	21	1,7	43
21/02/2025	22	2,5	18
21/02/2025	23	3,2	353
22/02/2025	00	3,7	353
22/02/2025	01	3,3	330
22/02/2025	02	2,3	312
22/02/2025	03	2,1	275
22/02/2025	04	1,7	233
22/02/2025	05	1,3	294
22/02/2025	06	1,9	281
22/02/2025	07	1,6	268
22/02/2025	08	1,9	313
22/02/2025	09	1,3	314
22/02/2025	10	0,4	331
22/02/2025	11	0,6	263
22/02/2025	12	1,5	100
22/02/2025	13	4,3	56
22/02/2025	14	4,2	56
22/02/2025	15	2,8	40
22/02/2025	16	2,4	28
22/02/2025	17	2,3	9
22/02/2025	18	2,1	20
22/02/2025	19	2,6	39
24/02/2025	09	2,1	212
24/02/2025	10	3,3	190
24/02/2025	11	4,6	173
24/02/2025	12	4,7	162
24/02/2025	13	4,6	162
24/02/2025	14	4	163
24/02/2025	15	3,4	160
24/02/2025	16	1,7	190
24/02/2025	17	2,8	11
24/02/2025	18	3,7	36
24/02/2025	19	3,7	6
24/02/2025	20	4	2
24/02/2025	21	1,7	18
24/02/2025	22	1,2	260
24/02/2025	23	1,6	277
25/02/2025	00	2,8	294
25/02/2025	01	3	306
25/02/2025	02	2,5	264
25/02/2025	03	3,4	242
25/02/2025	04	3,2	247
25/02/2025	05	2,4	264
25/02/2025	06	2,6	281
25/02/2025	07	2,8	250
25/02/2025	08	4,6	236
25/02/2025	09	6,8	225
25/02/2025	10	5,7	230
25/02/2025	11	4,9	243
25/02/2025	12	5,9	255
25/02/2025	13	5,2	246
25/02/2025	14	5,7	227
25/02/2025	15	4,9	228
25/02/2025	16	4,1	217
25/02/2025	17	6,1	56
25/02/2025	18	2,7	346
25/02/2025	19	4,1	329
25/02/2025	20	6,4	309
25/02/2025	21	6,4	305
25/02/2025	22	6,2	296
25/02/2025	23	7	295
26/02/2025	00	7,4	299
26/02/2025	01	7	302
26/02/2025	02	5,4	305
26/02/2025	03	5,9	311
26/02/2025	04	6,5	305
26/02/2025	05	6,8	301
26/02/2025	06	6,9	301
26/02/2025	07	7,1	303
26/02/2025	08	6,5	302
26/02/2025	09	5,8	306
26/02/2025	10	2,4	291
26/02/2025	11	2,1	243
26/02/2025	12	4,5	150
26/02/2025	13	4,8	149
26/02/2025	14	4,9	149
26/02/2025	15	5,6	141
26/02/2025	16	6,2	138
26/02/2025	17	5,4	163
26/02/2025	18	4,5	170
26/02/2025	19	2	218
26/02/2025	20	3,7	344
26/02/2025	21	4,5	314
26/02/2025	22	4,6	314
26/02/2025	23	4,9	315
27/02/2025	00	4,5	315
27/02/2025	01	5,2	309
27/02/2025	02	4,9	309
27/02/2025	03	3,5	297
27/02/2025	04	3	269
27/02/2025	05	3,3	283
27/02/2025	06	2,7	295
27/02/2025	07	2,3	299
27/02/2025	08	1,7	295
27/02/2025	09	1,8	300
27/02/2025	10	1,2	7
27/02/2025	11	1,8	31
27/02/2025	12	2,3	49
27/02/2025	13	2,7	54
27/02/2025	14	2,8	68
27/02/2025	15	2,8	77
27/02/2025	16	2,7	70
27/02/2025	17	2,7	47
27/02/2025	18	2,5	29
27/02/2025	19	2,7	13
27/02/2025	20	3,1	351
27/02/2025	21	2,8	340
27/02/2025	22	3,1	344
27/02/2025	23	3,4	332
28/02/2025	00	3,3	313
28/02/2025	01	2,5	305
28/02/2025	02	3,4	310
28/02/2025	03	3,9	313
28/02/2025	04	3,2	296
28/02/2025	05	3	312
28/02/2025	06	3	310
28/02/2025	07	3,4	313
28/02/2025	08	2,9	332
28/02/2025	09	2,4	347
28/02/2025	10	3,1	12
28/02/2025	11	4,5	34
28/02/2025	12	6	51
28/02/2025	13	6,1	53
28/02/2025	14	5,8	53
28/02/2025	15	6,1	53
28/02/2025	16	3,9	59
28/02/2025	17	3,8	58
28/02/2025	18	3,1	39
28/02/2025	19	2	17
28/02/2025	20	3,3	2
28/02/2025	21	3,7	1
28/02/2025	22	3,5	359
28/02/2025	23	3,7	357
01/03/2025	00	2,9	359
01/03/2025	01	3,4	357
01/03/2025	02	3,3	5
01/03/2025	03	3,1	3
01/03/2025	04	3,7	5
01/03/2025	05	3,5	3
01/03/2025	06	4,2	8
01/03/2025	07	6,5	0
01/03/2025	08	4,8	3
01/03/2025	09	5,6	1
01/03/2025	10	5,1	16
01/03/2025	11	7,1	26
01/03/2025	12	9,2	43
01/03/2025	13	8,8	45
01/03/2025	14	7,7	37
01/03/2025	15	7,1	39
01/03/2025	16	6,9	40
01/03/2025	17	6,6	41
01/03/2025	18	5,2	38
01/03/2025	19	3,2	25
01/03/2025	20	3,4	21
01/03/2025	21	3,9	3
01/03/2025	22	4	1
01/03/2025	23	3,9	1
02/03/2025	00	3,8	359
02/03/2025	01	5	357
02/03/2025	02	3,2	350
02/03/2025	03	4,9	360
02/03/2025	04	5	0
02/03/2025	05	5,1	1
02/03/2025	06	4	10
02/03/2025	07	5	3
02/03/2025	08	4,2	9
02/03/2025	09	5,2	16
02/03/2025	10	5,1	12
02/03/2025	11	7,4	25
02/03/2025	12	8,3	29
02/03/2025	13	9	28
02/03/2025	14	8,8	28
02/03/2025	15	8,4	28
02/03/2025	16	7,8	27
02/03/2025	17	6,9	23
02/03/2025	18	6,6	22
02/03/2025	19	5,7	20
02/03/2025	20	5,3	17
02/03/2025	21	6,2	29
02/03/2025	22	8	44
02/03/2025	23	8,8	48
03/03/2025	00	9,2	48
03/03/2025	01	8,8	45
03/03/2025	02	8,6	36
03/03/2025	03	6,4	24
03/03/2025	04	5,1	9
03/03/2025	05	6	30
03/03/2025	06	8,3	50
03/03/2025	07	9	54
03/03/2025	08	9,2	58
03/03/2025	09	8,3	59
03/03/2025	10	7,6	63
03/03/2025	11	7	65
03/03/2025	12	5,6	63
03/03/2025	13	5,8	56
03/03/2025	14	5,2	59
03/03/2025	15	2,9	67
03/03/2025	16	4,1	330
03/03/2025	17	5	314
03/03/2025	18	3,6	340
03/03/2025	19	4,6	1
03/03/2025	20	3,9	15
03/03/2025	21	4,3	18
03/03/2025	22	4,7	18
03/03/2025	23	4,2	19
04/03/2025	00	4,4	18
04/03/2025	01	3,7	20
04/03/2025	02	3,8	17
04/03/2025	03	4,4	20
04/03/2025	04	5,4	24
04/03/2025	05	6,1	21
04/03/2025	06	6,2	19
04/03/2025	07	5,8	19
04/03/2025	08	5,8	20
04/03/2025	09	6,3	18
04/03/2025	10	6,9	18
04/03/2025	11	7,3	23
04/03/2025	12	7,4	24
04/03/2025	13	5,9	19
04/03/2025	14	7,2	23
04/03/2025	15	8,3	24
04/03/2025	16	8,4	24
04/03/2025	17	7,7	27
04/03/2025	18	7,3	24
04/03/2025	19	5,8	17
04/03/2025	20	4,7	10
04/03/2025	21	4,8	4
04/03/2025	22	5	8
04/03/2025	23	4,9	19
05/03/2025	00	6,7	34
05/03/2025	01	7,8	47
05/03/2025	02	7,8	44
05/03/2025	03	6,3	33
05/03/2025	04	7	27
05/03/2025	05	7,7	32
05/03/2025	06	6,9	22
05/03/2025	07	7,9	45
05/03/2025	08	9,2	43
05/03/2025	09	9,1	33
05/03/2025	10	8,2	28
05/03/2025	11	8,5	27
05/03/2025	12	7,8	24
10/03/2025	11	4,3	236
10/03/2025	12	5,6	230
10/03/2025	13	6,9	227
10/03/2025	14	7,3	227
10/03/2025	15	5,9	236
10/03/2025	16	5,9	235
10/03/2025	17	5,5	153
10/03/2025	18	5,1	152
10/03/2025	19	3,4	174
10/03/2025	20	2,6	197
10/03/2025	21	2,6	211
10/03/2025	22	2,3	242
10/03/2025	23	1,9	3
11/03/2025	00	2,1	303
11/03/2025	01	2,5	293
11/03/2025	02	2,5	275
11/03/2025	03	3,1	242
11/03/2025	04	3,9	258
11/03/2025	05	2,6	276
11/03/2025	06	2,6	273
11/03/2025	07	3,1	217
11/03/2025	08	4,6	217
11/03/2025	09	1,9	227
11/03/2025	10	3,4	209
11/03/2025	11	6,1	214
11/03/2025	12	5,5	186
11/03/2025	13	5,2	161
11/03/2025	14	4,6	142
11/03/2025	15	3,3	115
11/03/2025	16	4,1	338
11/03/2025	17	1,6	223
11/03/2025	18	6,7	240
11/03/2025	19	6	220
11/03/2025	20	1,9	179
11/03/2025	21	4,2	192
11/03/2025	22	5,4	200
11/03/2025	23	5	226
12/03/2025	00	4,1	235
12/03/2025	01	3,9	219
12/03/2025	02	4,4	267
12/03/2025	03	4,7	280
12/03/2025	04	5,1	284
12/03/2025	05	4,1	279
12/03/2025	06	5,4	283
12/03/2025	07	5,1	278
12/03/2025	08	5,8	290
12/03/2025	09	7,1	300
12/03/2025	10	6,7	292
12/03/2025	11	3,6	273
12/03/2025	12	2,4	256
12/03/2025	13	3,4	277
12/03/2025	14	3,4	293
12/03/2025	15	3,1	304
12/03/2025	16	3,9	281
12/03/2025	17	6,3	250
12/03/2025	18	7,9	241
12/03/2025	19	8,4	257
12/03/2025	20	7,6	256
12/03/2025	21	6,8	240
12/03/2025	22	4,8	265
12/03/2025	23	4,7	228
13/03/2025	00	6,3	222
13/03/2025	01	5,7	239
13/03/2025	02	4,2	248
13/03/2025	03	4,9	232
13/03/2025	04	7,2	277
13/03/2025	05	5,9	283
13/03/2025	06	3,8	233
13/03/2025	07	5	219
13/03/2025	08	3,6	254
13/03/2025	09	1,1	243
13/03/2025	10	0,9	260
13/03/2025	11	2,1	249
13/03/2025	12	2,9	203
13/03/2025	13	3,4	187
13/03/2025	14	3	249
13/03/2025	15	3	346
13/03/2025	16	2,4	351
13/03/2025	17	2,4	339
13/03/2025	18	2,2	328
13/03/2025	19	1,2	279
13/03/2025	20	0,4	284
13/03/2025	21	0,8	274
13/03/2025	22	0,7	303
13/03/2025	23	1,6	320
14/03/2025	00	0,4	8
14/03/2025	01	2,1	346
14/03/2025	02	3,6	18
14/03/2025	03	4	27
14/03/2025	04	3,4	15
14/03/2025	05	3,4	30
14/03/2025	06	3,4	0
14/03/2025	07	4,8	358
14/03/2025	08	4,6	353
14/03/2025	09	4,3	3
14/03/2025	10	4,5	2
14/03/2025	11	4,6	13
14/03/2025	12	3,9	17
14/03/2025	13	5,1	22
14/03/2025	14	4,2	12
14/03/2025	15	3,4	1
14/03/2025	16	3,6	5
14/03/2025	17	3,4	14
14/03/2025	18	3,2	19
14/03/2025	19	2,5	1
14/03/2025	20	2,2	357
14/03/2025	21	2,4	337
14/03/2025	22	2,4	281
14/03/2025	23	1,9	257
15/03/2025	00	2	272
15/03/2025	01	4,5	290
15/03/2025	02	6,6	301
15/03/2025	03	7,5	302
15/03/2025	04	8,7	305
15/03/2025	05	8,6	309
15/03/2025	06	8	306
15/03/2025	07	7,2	303
15/03/2025	08	6,2	298
15/03/2025	09	5,6	290
15/03/2025	10	6,3	294
15/03/2025	11	7,8	299
15/03/2025	12	8	302
15/03/2025	13	7,3	305
15/03/2025	14	8,1	310
15/03/2025	15	7,9	315
15/03/2025	16	5	326
15/03/2025	17	3,7	327
15/03/2025	18	2	328
15/03/2025	19	1,8	311
15/03/2025	20	3,4	207
15/03/2025	21	2,5	219
15/03/2025	22	2	241
15/03/2025	23	2,5	294
16/03/2025	00	2,4	316
16/03/2025	01	3	287
16/03/2025	02	2,4	286
16/03/2025	03	3,3	310
16/03/2025	04	3,1	285
16/03/2025	05	2,5	268
16/03/2025	06	2,7	280
16/03/2025	07	2,3	291
16/03/2025	08	1,9	340
16/03/2025	09	0,7	313
16/03/2025	10	1,6	68
16/03/2025	11	2,2	89
16/03/2025	12	1,3	293
16/03/2025	13	1,3	65
16/03/2025	14	3	120
16/03/2025	15	4,3	163
16/03/2025	16	4,3	158
16/03/2025	17	2,5	157
16/03/2025	18	2,8	187
16/03/2025	19	2,9	248
16/03/2025	20	3,6	333
16/03/2025	21	3,4	350
16/03/2025	22	3,2	3
16/03/2025	23	1,6	355
17/03/2025	00	3,5	344
17/03/2025	01	3	318
17/03/2025	02	3,4	298
17/03/2025	03	2,9	322
17/03/2025	04	2,4	341
17/03/2025	05	0,7	257
17/03/2025	06	1,9	307
17/03/2025	07	2,6	314
17/03/2025	08	3	335
17/03/2025	09	3	356
17/03/2025	10	3,3	6
17/03/2025	11	3,3	358
17/03/2025	12	2,9	17
17/03/2025	13	4,2	37
17/03/2025	14	4,4	30
17/03/2025	15	4	14
17/03/2025	16	3,2	16
17/03/2025	17	3,4	25
17/03/2025	18	2,5	13
17/03/2025	19	3,1	352
17/03/2025	20	3,2	340
17/03/2025	21	4	320
17/03/2025	22	3,8	323
17/03/2025	23	3,6	326
18/03/2025	00	3,3	326
18/03/2025	01	3,4	351
18/03/2025	02	3,2	345
18/03/2025	03	3,7	331
18/03/2025	04	3,1	348
18/03/2025	05	3,6	360
18/03/2025	06	4,8	357
18/03/2025	07	5,6	359
18/03/2025	08	6,4	360
18/03/2025	09	3,6	6
18/03/2025	10	3,5	1
18/03/2025	11	4	5
18/03/2025	12	3,7	19
18/03/2025	13	4	40
18/03/2025	14	5,4	33
18/03/2025	15	5,3	38
18/03/2025	16	6,2	41
18/03/2025	17	5,7	18
18/03/2025	18	5	0
18/03/2025	19	5,7	0
18/03/2025	20	4,9	1
18/03/2025	21	4,9	356
18/03/2025	22	4,2	354
18/03/2025	23	4,7	351
19/03/2025	00	4,2	346
19/03/2025	01	4,5	343
19/03/2025	02	4,4	346
19/03/2025	03	5,6	358
19/03/2025	04	5,7	358
19/03/2025	05	6,3	359
19/03/2025	06	4,7	355
19/03/2025	07	5,7	358
19/03/2025	08	5,4	358
19/03/2025	09	3,9	360
19/03/2025	10	3,5	8
19/03/2025	11	3,6	19
19/03/2025	12	4,4	17
19/03/2025	13	4,9	28
19/03/2025	14	4,7	50
19/03/2025	15	5,8	51
19/03/2025	16	5,3	55
19/03/2025	17	4,5	45
19/03/2025	18	4,6	34
19/03/2025	19	3,9	22
19/03/2025	20	4,6	26
19/03/2025	21	4	18
19/03/2025	22	3,7	21
19/03/2025	23	3,8	16
20/03/2025	00	3,3	5
20/03/2025	01	4,6	24
20/03/2025	02	4,9	31
20/03/2025	03	3,3	25
20/03/2025	04	6,2	32
20/03/2025	05	5,8	27
20/03/2025	06	6,7	29
20/03/2025	07	7,4	27
20/03/2025	08	6,8	24
20/03/2025	09	5,9	23
20/03/2025	10	8,6	30
20/03/2025	11	7,7	27
20/03/2025	12	7,7	28
20/03/2025	13	7,9	33
20/03/2025	14	8,9	34
20/03/2025	15	8,3	33
20/03/2025	16	8,3	34
20/03/2025	17	9	31
20/03/2025	18	8,7	31
20/03/2025	19	7,5	27
20/03/2025	20	5,5	26
20/03/2025	21	6,7	25
20/03/2025	22	6,1	16
20/03/2025	23	5,5	17
21/03/2025	00	6,4	13
21/03/2025	01	4,9	7
21/03/2025	02	3,6	358
21/03/2025	03	5,1	18
21/03/2025	04	3,9	352
21/03/2025	05	1,2	275
21/03/2025	06	2,2	17
21/03/2025	07	2	272
21/03/2025	08	3,5	202
21/03/2025	09	3,9	185
21/03/2025	10	4,5	191
21/03/2025	11	4,9	198
21/03/2025	12	9,5	220
21/03/2025	13	10,3	232
21/03/2025	14	12,6	233
21/03/2025	15	10,6	243
21/03/2025	16	11,3	233
21/03/2025	17	7,8	240
21/03/2025	18	6,4	228
21/03/2025	19	4,4	211
21/03/2025	20	3,1	190
21/03/2025	21	2,8	225
21/03/2025	22	3,6	220
21/03/2025	23	2,6	215
22/03/2025	00	0,8	214
22/03/2025	01	2,8	179
22/03/2025	02	4,7	178
22/03/2025	03	4,7	200
22/03/2025	04	4,6	208
22/03/2025	05	5,2	251
22/03/2025	06	4,8	248
22/03/2025	07	4,7	211
22/03/2025	08	4,9	236
22/03/2025	09	8,7	234
22/03/2025	10	11,5	241
22/03/2025	11	11	244
22/03/2025	12	7,8	266
22/03/2025	13	8,4	257
22/03/2025	14	8,3	257
22/03/2025	15	9,3	252
22/03/2025	16	11,3	241
22/03/2025	17	9,6	234
22/03/2025	18	10,6	235
22/03/2025	19	8,5	231
22/03/2025	20	6,7	219
22/03/2025	21	7,5	233
22/03/2025	22	5,3	241
22/03/2025	23	4,8	224
23/03/2025	00	3,7	222
23/03/2025	01	4,4	255
23/03/2025	02	6,9	230
23/03/2025	03	8,7	235
23/03/2025	04	10	236
23/03/2025	05	7,3	232
23/03/2025	06	7,1	225
23/03/2025	07	8,2	233
23/03/2025	08	7,8	232
23/03/2025	09	8,1	244
23/03/2025	10	6,9	248
23/03/2025	11	9	239
23/03/2025	12	6,5	253
23/03/2025	13	6,7	244
23/03/2025	14	4,4	30
23/03/2025	15	2,1	30
23/03/2025	16	3,4	33
23/03/2025	17	4,1	32
23/03/2025	18	5,8	12
23/03/2025	19	5,3	352
23/03/2025	20	2,5	340
23/03/2025	21	2,4	347
23/03/2025	22	3	303
23/03/2025	23	3,3	306
24/03/2025	00	4,4	301
24/03/2025	01	3,5	292
24/03/2025	02	2,5	281
24/03/2025	03	1,5	321
24/03/2025	04	4	337
24/03/2025	05	2,8	280
24/03/2025	06	1,9	231
24/03/2025	07	4,8	282
24/03/2025	08	6,2	302
24/03/2025	09	6	309
24/03/2025	10	2,4	342
24/03/2025	11	4	114
24/03/2025	12	5,1	116
24/03/2025	13	5,1	111
24/03/2025	14	4,2	106
24/03/2025	15	3,7	108
24/03/2025	16	2,6	89
24/03/2025	17	3,4	55
24/03/2025	18	3,3	47
24/03/2025	19	2,9	37
24/03/2025	20	2,5	1
24/03/2025	21	3,4	349
24/03/2025	22	3,4	322
24/03/2025	23	3,7	308
25/03/2025	00	3,2	307
25/03/2025	01	3	310
25/03/2025	02	2,3	296
25/03/2025	03	3,1	305
25/03/2025	04	3,4	323
25/03/2025	05	4,2	321
25/03/2025	06	1,7	300
25/03/2025	07	1,4	204
25/03/2025	08	0,4	302
25/03/2025	09	1,1	29
25/03/2025	10	2,7	77
25/03/2025	11	3	98
25/03/2025	12	3,7	110
25/03/2025	13	3,7	148
25/03/2025	14	3,4	157
25/03/2025	15	2,9	141
25/03/2025	16	2,2	113
25/03/2025	17	1,4	116
25/03/2025	18	2,8	176
25/03/2025	19	3,1	192
25/03/2025	20	2,7	201
25/03/2025	21	3,5	299
25/03/2025	22	6,3	359
25/03/2025	23	6,3	316
26/03/2025	00	7,1	306
26/03/2025	01	8,5	312
26/03/2025	02	4,6	262
26/03/2025	03	2,4	241
26/03/2025	04	2,9	314
26/03/2025	05	7,4	302
26/03/2025	06	7	312
26/03/2025	07	2,5	342
26/03/2025	08	3,6	334
26/03/2025	09	1,8	23
26/03/2025	10	2,7	104
26/03/2025	11	3,7	129
26/03/2025	12	4	141
26/03/2025	13	4,5	129
26/03/2025	14	4,7	109
26/03/2025	15	4,6	113
26/03/2025	16	3,6	115
26/03/2025	17	4,6	165
26/03/2025	18	4,3	188
26/03/2025	19	3	190
26/03/2025	20	2	194
26/03/2025	21	1,2	277
26/03/2025	22	2,7	311
26/03/2025	23	2,4	315
27/03/2025	00	1,6	335
27/03/2025	01	2,5	352
27/03/2025	02	4	350
27/03/2025	03	4	349
27/03/2025	04	3,8	327
27/03/2025	05	1,9	257
27/03/2025	06	3,5	302
27/03/2025	07	3,1	314
27/03/2025	08	4,1	305
27/03/2025	09	3	337
27/03/2025	10	2,9	144
27/03/2025	11	3,7	141
27/03/2025	12	4,3	112
27/03/2025	13	3,9	100
27/03/2025	14	3,9	100
27/03/2025	15	4,3	109
27/03/2025	16	4	137
27/03/2025	17	4	156
27/03/2025	18	2,9	152
27/03/2025	19	1,5	138
27/03/2025	20	1,4	332
27/03/2025	21	2,8	315
27/03/2025	22	2,1	314
27/03/2025	23	3,1	320
28/03/2025	00	3	312
28/03/2025	01	3,5	312
28/03/2025	02	2,8	290
28/03/2025	03	2	284
28/03/2025	04	2,3	308
28/03/2025	05	3,2	320
28/03/2025	06	3,5	308
28/03/2025	07	5,3	312
28/03/2025	08	6,9	312
28/03/2025	09	5,4	327
28/03/2025	10	2,3	43
28/03/2025	11	4,4	112
28/03/2025	12	4,1	130
28/03/2025	13	4,2	127
28/03/2025	14	3,7	133
28/03/2025	15	3,5	110
28/03/2025	16	2,9	117
28/03/2025	17	3,2	147
28/03/2025	18	4	174
28/03/2025	19	4,1	196
28/03/2025	20	3,8	180
28/03/2025	21	2,5	260
28/03/2025	22	3,7	338
28/03/2025	23	2,1	351
29/03/2025	00	7,6	299
29/03/2025	01	6,8	302
29/03/2025	02	7,6	306
29/03/2025	03	8,7	294
29/03/2025	04	9,1	292
29/03/2025	05	8	292
29/03/2025	06	6,9	288
29/03/2025	07	6,4	291
29/03/2025	08	6,5	293
29/03/2025	09	6,2	286
29/03/2025	10	4,3	274
29/03/2025	11	2,4	104
29/03/2025	12	4,4	333
29/03/2025	13	3,8	60
29/03/2025	14	8,9	318
29/03/2025	15	4,9	62
29/03/2025	16	9,8	336
29/03/2025	17	7,9	340
29/03/2025	18	5,7	335
29/03/2025	19	6,1	327
29/03/2025	20	8,8	310
29/03/2025	21	8,7	313
29/03/2025	22	9,4	313
29/03/2025	23	9,2	307
30/03/2025	00	9,7	306
30/03/2025	01	8,4	308
30/03/2025	02	8,4	305
30/03/2025	03	8,7	303
30/03/2025	04	9,8	303
30/03/2025	05	10,1	303
30/03/2025	06	9	301
30/03/2025	07	8	304
30/03/2025	08	5,9	301
30/03/2025	09	3,6	310
30/03/2025	10	2,1	104
30/03/2025	11	3,2	167
30/03/2025	12	3,5	154
30/03/2025	13	4,5	140
30/03/2025	14	4,4	117
30/03/2025	15	3,9	123
30/03/2025	16	3,3	160
30/03/2025	17	4	165
30/03/2025	18	3,7	183
30/03/2025	19	2,9	175
30/03/2025	20	2,4	211
30/03/2025	21	1,3	300
30/03/2025	22	1,5	306
30/03/2025	23	2	304
31/03/2025	00	2,6	303
31/03/2025	01	2,9	296
31/03/2025	02	2,8	282
31/03/2025	03	3,4	282
31/03/2025	04	3,3	297
31/03/2025	05	2,9	297
31/03/2025	06	3,6	281
31/03/2025	07	3,2	271
31/03/2025	08	1,8	244
31/03/2025	09	1,7	209
31/03/2025	10	2,9	193
31/03/2025	11	3	140
31/03/2025	12	3,9	134
31/03/2025	13	3	154
31/03/2025	14	3	158
31/03/2025	15	3,3	162
31/03/2025	16	2,9	167
31/03/2025	17	2,5	180
31/03/2025	18	1,4	194
31/03/2025	19	0,5	358
31/03/2025	20	2,7	358
31/03/2025	21	3,9	1
31/03/2025	22	5,9	359
31/03/2025	23	5	2
01/04/2025	00	3,7	6
01/04/2025	01	3,2	351
01/04/2025	02	3,1	320
01/04/2025	03	3,1	303
01/04/2025	04	3,6	305
01/04/2025	05	3,9	304
01/04/2025	06	3,4	292
01/04/2025	07	2,9	300
01/04/2025	08	0,8	258
01/04/2025	09	0,5	145
01/04/2025	10	2,1	126
01/04/2025	11	4,1	105
01/04/2025	12	3,5	106
01/04/2025	13	3,3	101
01/04/2025	14	3,3	98
01/04/2025	15	3,3	86
01/04/2025	16	4,1	58
01/04/2025	17	5	44
01/04/2025	18	5,7	38
01/04/2025	19	5	34
01/04/2025	20	3,9	23
01/04/2025	21	4	5
01/04/2025	22	5	358
01/04/2025	23	5,5	358
02/04/2025	00	4,3	2
02/04/2025	01	6,1	358
02/04/2025	02	6,9	359
02/04/2025	03	6,4	359
02/04/2025	04	4,8	354
02/04/2025	05	4,4	346
02/04/2025	06	2,9	333
02/04/2025	07	3,4	332
02/04/2025	08	3,4	324
02/04/2025	09	3,2	344
02/04/2025	10	3,3	348
02/04/2025	11	3	162
02/04/2025	12	3,9	114
02/04/2025	13	4,1	99
02/04/2025	14	4,1	101
02/04/2025	15	3,6	92
02/04/2025	16	4,3	101
02/04/2025	17	4,1	101
02/04/2025	18	3,9	64
02/04/2025	19	4,6	51
02/04/2025	20	4,4	42
02/04/2025	21	3,2	45
02/04/2025	22	3	56
02/04/2025	23	3,4	37
03/04/2025	00	3,1	41
03/04/2025	01	3,6	39
03/04/2025	02	3,8	26
03/04/2025	03	5,3	53
03/04/2025	04	5,3	53
03/04/2025	05	6,1	53
03/04/2025	06	5,8	59
03/04/2025	07	5,3	64
03/04/2025	08	6	58
03/04/2025	09	5	61
03/04/2025	10	6,3	47
03/04/2025	11	8,5	48
03/04/2025	12	9,9	41
03/04/2025	13	9,8	36
03/04/2025	14	9,7	39
03/04/2025	15	10	39
03/04/2025	16	9,3	30
03/04/2025	17	9,2	28
03/04/2025	18	8,6	27
03/04/2025	19	7,7	26
03/04/2025	20	7,1	27
03/04/2025	21	5,8	23
03/04/2025	22	5,6	24
03/04/2025	23	5,3	22
04/04/2025	00	6,1	22
04/04/2025	01	7,8	24
04/04/2025	02	9,1	23
04/04/2025	03	7,8	25
04/04/2025	04	6,4	9
04/04/2025	05	3,9	332
04/04/2025	06	4	345
04/04/2025	07	7,9	1
04/04/2025	08	6,5	7
04/04/2025	09	6,2	4
04/04/2025	10	5	17
04/04/2025	11	4,8	8
04/04/2025	12	4,5	52
04/04/2025	13	5,3	58
04/04/2025	14	5,1	58
04/04/2025	15	5,4	58
04/04/2025	16	5,8	55
04/04/2025	17	4,5	54
04/04/2025	18	3,9	42
04/04/2025	19	3,4	7
04/04/2025	20	2,3	285
04/04/2025	21	2,3	65
04/04/2025	22	1,9	317
04/04/2025	23	3,5	228
05/04/2025	00	6	217
05/04/2025	01	4,6	213
05/04/2025	02	2,5	181
05/04/2025	03	3,9	207
05/04/2025	04	3,2	268
05/04/2025	05	2,1	327
05/04/2025	06	2,9	205
05/04/2025	07	2,5	246
05/04/2025	08	1,2	292
05/04/2025	09	2,5	282
05/04/2025	10	6,3	236
05/04/2025	11	5,5	239
05/04/2025	12	6,4	228
05/04/2025	13	5,7	318
05/04/2025	14	2,6	104
05/04/2025	15	4,2	140
05/04/2025	16	3,2	99
05/04/2025	17	3	70
05/04/2025	18	3	46
05/04/2025	19	3,1	14
05/04/2025	20	4,6	349
05/04/2025	21	4,2	340
05/04/2025	22	4,1	316
05/04/2025	23	4,9	316
06/04/2025	00	6	311
06/04/2025	01	6,3	307
06/04/2025	02	6,6	304
06/04/2025	03	6,2	306
06/04/2025	04	6,4	308
06/04/2025	05	6,6	308
06/04/2025	06	5,9	307
06/04/2025	07	5,8	304
06/04/2025	08	3,7	286
06/04/2025	09	2,5	238
06/04/2025	10	3,2	170
06/04/2025	11	4,1	168
06/04/2025	12	4,6	162
06/04/2025	13	4,9	148
06/04/2025	14	5,3	134
06/04/2025	15	4,7	133
06/04/2025	16	4,5	128
06/04/2025	17	4,1	166
06/04/2025	18	3,3	191
06/04/2025	19	1,6	213
06/04/2025	20	1,3	286
06/04/2025	21	2,3	300
06/04/2025	22	2,8	299
06/04/2025	23	3,5	308
07/04/2025	00	3,8	305
07/04/2025	01	5	314
07/04/2025	02	4	306
07/04/2025	03	3,6	301
07/04/2025	04	4	302
07/04/2025	05	3,7	296
07/04/2025	06	2,8	281
07/04/2025	07	2,7	282
07/04/2025	08	1,8	258
07/04/2025	09	1,8	223
07/04/2025	10	2,5	151
07/04/2025	11	2,6	88
07/04/2025	12	3,3	87
07/04/2025	13	3,9	100
07/04/2025	14	3,5	100
07/04/2025	15	2,7	95
07/04/2025	16	3,2	63
07/04/2025	17	3,3	62
07/04/2025	18	2,9	56
07/04/2025	19	1,8	29
07/04/2025	20	3	28
07/04/2025	21	3,4	359
07/04/2025	22	4,3	357
07/04/2025	23	3,5	351
08/04/2025	00	2,7	347
08/04/2025	01	2,1	15
08/04/2025	02	1,9	328
08/04/2025	03	2,2	325
08/04/2025	04	1,8	313
08/04/2025	05	1,5	298
08/04/2025	06	0,8	301
08/04/2025	07	0,8	276
08/04/2025	08	1,4	30
08/04/2025	09	1,5	37
08/04/2025	10	2	75
08/04/2025	11	2,7	99
08/04/2025	12	2,9	100
08/04/2025	13	2,8	80
08/04/2025	14	4,1	65
08/04/2025	15	3,3	72
08/04/2025	16	3	67
08/04/2025	17	4	52
08/04/2025	18	3,9	50
08/04/2025	19	3,7	45
08/04/2025	20	2	8
08/04/2025	21	3,1	353
08/04/2025	22	1,3	359
08/04/2025	23	0,8	315
09/04/2025	00	1,3	255
09/04/2025	01	1,4	278
09/04/2025	02	1,3	297
09/04/2025	03	1,8	289
09/04/2025	04	1,4	251
09/04/2025	05	1,9	272
09/04/2025	06	1,3	299
09/04/2025	07	1,6	314
09/04/2025	08	2,3	345
09/04/2025	09	2	14
09/04/2025	10	2,7	56
09/04/2025	11	2,8	103
09/04/2025	12	3,3	141
09/04/2025	13	4	167
09/04/2025	14	3,5	135
09/04/2025	15	3,2	119
09/04/2025	16	2,3	118
09/04/2025	17	2,6	71
09/04/2025	18	3,4	47
09/04/2025	19	2,9	17
09/04/2025	20	2,8	3
09/04/2025	21	2,7	346
09/04/2025	22	2,9	346
09/04/2025	23	2,5	347
10/04/2025	00	2,8	339
10/04/2025	01	2,8	317
10/04/2025	02	3,1	338
10/04/2025	03	3,3	319
10/04/2025	04	3	309
10/04/2025	05	2,6	313
10/04/2025	06	3,4	312
10/04/2025	07	2,9	326
10/04/2025	08	2,8	2
10/04/2025	09	4	22
10/04/2025	10	5,3	43
10/04/2025	11	5,8	57
10/04/2025	12	5,1	55
10/04/2025	13	6,6	56
10/04/2025	14	7	58
10/04/2025	15	8,2	48
10/04/2025	16	6,8	50
10/04/2025	17	6,2	48
10/04/2025	18	5,6	48
10/04/2025	19	4,3	32
10/04/2025	20	4,2	29
10/04/2025	21	3,2	24
10/04/2025	22	2,5	356
10/04/2025	23	2,6	343
11/04/2025	00	2,9	329
11/04/2025	01	2,3	338
11/04/2025	02	3,3	343
11/04/2025	03	3,3	331
11/04/2025	04	3,4	349
11/04/2025	05	3,9	348
11/04/2025	06	3,6	346
11/04/2025	07	3,7	342
11/04/2025	08	4,1	346
11/04/2025	09	5	4
11/04/2025	10	6,3	33
11/04/2025	11	6,9	48
11/04/2025	12	7,7	52
11/04/2025	13	8,5	54
11/04/2025	14	7,4	52
11/04/2025	15	7,2	50
11/04/2025	16	7,6	46
11/04/2025	17	4,8	31
11/04/2025	18	3,4	34
11/04/2025	19	4,3	53
11/04/2025	20	5,4	53
11/04/2025	21	3,1	347
11/04/2025	22	2,7	343
11/04/2025	23	2,3	316
12/04/2025	00	3,4	316
12/04/2025	01	2,8	295
12/04/2025	02	3	301
12/04/2025	03	2,6	299
12/04/2025	04	0,9	289
12/04/2025	05	1,6	265
12/04/2025	06	1,7	286
12/04/2025	07	1,7	295
12/04/2025	08	1,2	297
12/04/2025	09	2,1	229
12/04/2025	10	2,7	208
12/04/2025	11	2,9	219
12/04/2025	12	2,5	197
12/04/2025	13	2,8	173
12/04/2025	14	4,9	154
12/04/2025	15	4	170
12/04/2025	16	2,5	170
12/04/2025	17	3,9	162
12/04/2025	18	3,8	169
12/04/2025	19	3	180
12/04/2025	20	1,7	231
12/04/2025	21	0,6	311
12/04/2025	22	0,8	344
12/04/2025	23	1,4	305
13/04/2025	00	2,8	309
13/04/2025	01	1	296
13/04/2025	02	1	279
13/04/2025	03	1,2	353
13/04/2025	04	2,3	294
13/04/2025	05	1,8	315
13/04/2025	06	2,8	300
13/04/2025	07	2,5	322
13/04/2025	08	2,3	26
13/04/2025	09	2,5	75
13/04/2025	10	2,8	77
13/04/2025	11	2,4	76
13/04/2025	12	2,1	88
13/04/2025	13	1,9	86
13/04/2025	14	2	84
13/04/2025	15	2	65
13/04/2025	16	2	75
13/04/2025	17	1,3	64
13/04/2025	18	1,8	358
13/04/2025	19	1	41
13/04/2025	20	0,7	63
13/04/2025	21	1,7	321
13/04/2025	22	2,5	264
13/04/2025	23	2,9	332
14/04/2025	00	2,4	357
14/04/2025	01	2	341
14/04/2025	02	2,5	330
14/04/2025	03	2,7	320
14/04/2025	04	2,7	329
14/04/2025	05	2,2	319
14/04/2025	06	0,8	319
14/04/2025	07	1,3	297
14/04/2025	08	1,3	256
14/04/2025	09	0,7	111
14/04/2025	10	2,5	164
14/04/2025	11	2,9	163
14/04/2025	12	3,5	153
14/04/2025	13	4,6	126
14/04/2025	14	3,9	128
14/04/2025	15	3,5	134
14/04/2025	16	2,3	112
14/04/2025	17	2,2	87
14/04/2025	18	2,1	44
14/04/2025	19	3,7	4
14/04/2025	20	3,3	349
14/04/2025	21	2,3	249
14/04/2025	22	5,6	212
14/04/2025	23	6,9	234
15/04/2025	00	5,3	236
15/04/2025	01	5	225
15/04/2025	02	4	230
15/04/2025	03	5,3	218
15/04/2025	04	5,4	218
15/04/2025	05	5,3	239
15/04/2025	06	4,1	251
15/04/2025	07	3,5	273
15/04/2025	08	4	248
15/04/2025	09	6,5	233
15/04/2025	10	8,4	238
15/04/2025	11	7,5	239
15/04/2025	12	7,5	239
15/04/2025	13	7,5	238
15/04/2025	14	7,4	235
15/04/2025	15	9,3	229
15/04/2025	16	11,1	228
15/04/2025	17	10,4	237
15/04/2025	18	7,3	250
15/04/2025	19	7	291
15/04/2025	20	4,8	302
15/04/2025	21	2	247
15/04/2025	22	2,6	272
15/04/2025	23	3,6	311
16/04/2025	00	4,4	334
16/04/2025	01	4,6	313
16/04/2025	02	5,2	299
16/04/2025	03	6,1	295
16/04/2025	04	7,3	301
16/04/2025	05	8	302
16/04/2025	06	8,2	305
16/04/2025	07	7,5	309
16/04/2025	08	7,5	307
16/04/2025	09	8,4	305
16/04/2025	10	8,1	303
16/04/2025	11	9,6	297
16/04/2025	12	8,2	291
16/04/2025	13	8,3	287
16/04/2025	14	9,9	309
16/04/2025	15	6,1	313
16/04/2025	16	3	310
16/04/2025	17	5,6	273
16/04/2025	18	8,1	261
16/04/2025	19	6,6	270
16/04/2025	20	5,6	269
16/04/2025	21	5,9	273
16/04/2025	22	5,2	276
16/04/2025	23	5,9	260
17/04/2025	00	7,6	244
17/04/2025	01	6,4	271
17/04/2025	02	5,8	281
17/04/2025	03	3	245
17/04/2025	04	2,1	259
17/04/2025	05	3,5	296
17/04/2025	06	3,8	303
17/04/2025	07	2,5	288
17/04/2025	08	1,6	281
17/04/2025	09	4,5	305
17/04/2025	10	4,8	300
17/04/2025	11	5,6	198
17/04/2025	12	5,3	182
17/04/2025	13	6,3	145
17/04/2025	14	7,1	133
17/04/2025	15	6,2	117
17/04/2025	16	3,7	103
17/04/2025	17	3,1	64
17/04/2025	18	5,4	348
17/04/2025	19	6,3	354
17/04/2025	20	5,5	355
17/04/2025	21	5,5	358
17/04/2025	22	3	358
17/04/2025	23	0,6	3
18/04/2025	00	1,9	282
18/04/2025	01	2,3	252
18/04/2025	02	1,8	267
18/04/2025	03	2,5	260
18/04/2025	04	2,5	276
18/04/2025	05	2,4	296
18/04/2025	06	2,6	304
18/04/2025	07	2,1	307
18/04/2025	08	0,5	39
18/04/2025	09	1,5	153
18/04/2025	10	1,5	118
18/04/2025	11	3,1	108
18/04/2025	12	3,2	94
18/04/2025	13	3,8	93
18/04/2025	14	3	126
18/04/2025	15	3,4	111
18/04/2025	16	2,6	100
18/04/2025	17	2,2	87
18/04/2025	18	2,2	67
18/04/2025	19	3,4	44
18/04/2025	20	3,2	21
18/04/2025	21	4,1	4
18/04/2025	22	4,6	352
18/04/2025	23	3,3	347
19/04/2025	00	1,4	316
19/04/2025	01	2,9	329
19/04/2025	02	1,9	296
19/04/2025	03	1,7	191
19/04/2025	04	1,8	137
19/04/2025	05	4,6	223
19/04/2025	06	3,9	228
19/04/2025	07	4,5	247
19/04/2025	08	9,4	231
19/04/2025	09	10	240
19/04/2025	10	11,9	244
19/04/2025	11	9,1	254
19/04/2025	12	10,9	242
19/04/2025	13	10,4	245
19/04/2025	14	10,6	246
19/04/2025	15	10,4	246
19/04/2025	16	8,4	257
19/04/2025	17	7,6	271
19/04/2025	18	7,5	259
19/04/2025	19	7,9	251
19/04/2025	20	7,4	241
19/04/2025	21	6,4	224
19/04/2025	22	6,3	225
19/04/2025	23	6,3	231
20/04/2025	00	5,8	231
20/04/2025	01	6,8	242
20/04/2025	02	6,3	248
20/04/2025	03	3,7	218
20/04/2025	04	4,4	219
20/04/2025	05	6,2	214
20/04/2025	06	6,4	231
20/04/2025	07	5,8	221
20/04/2025	08	6,1	242
20/04/2025	09	9,2	237
20/04/2025	10	9,8	235
20/04/2025	11	9,4	225
20/04/2025	12	8,2	221
20/04/2025	13	7	213
20/04/2025	14	6,2	218
20/04/2025	15	6,2	347
20/04/2025	16	6,8	321
20/04/2025	17	3,8	3
20/04/2025	18	2,1	86
20/04/2025	19	1,3	40
20/04/2025	20	1,1	340
20/04/2025	21	2,5	306
20/04/2025	22	3,9	310
20/04/2025	23	3,7	303
21/04/2025	00	3	302
21/04/2025	01	3,3	310
21/04/2025	02	3,4	307
21/04/2025	03	3,7	282
21/04/2025	04	3	303
21/04/2025	05	2,4	291
21/04/2025	06	3,9	309
21/04/2025	07	2,6	275
21/04/2025	08	1,4	226
21/04/2025	09	1,8	292
21/04/2025	10	2,2	167
21/04/2025	11	3,9	140
21/04/2025	12	5,3	121
21/04/2025	13	5,1	96
21/04/2025	14	4,4	68
21/04/2025	15	3,9	94
21/04/2025	16	3,2	128
21/04/2025	17	2,6	79
21/04/2025	18	4	38
21/04/2025	19	3,8	32
21/04/2025	20	2,7	12
21/04/2025	21	3,5	352
21/04/2025	22	3,4	347
21/04/2025	23	2,9	323
22/04/2025	00	2,9	311
22/04/2025	01	3,1	305
22/04/2025	02	2,2	298
22/04/2025	03	2,5	292
22/04/2025	04	2	305
22/04/2025	05	1,3	318
22/04/2025	06	3,3	326
22/04/2025	07	2,9	298
22/04/2025	08	3,4	207
22/04/2025	09	1,3	204
22/04/2025	10	1,6	178
22/04/2025	11	1,6	121
22/04/2025	12	3,9	77
22/04/2025	13	3,6	82
30/04/2025	08	5,7	26
30/04/2025	09	6,9	34
30/04/2025	10	8,4	37
30/04/2025	11	9,1	44
30/04/2025	12	9,2	44
30/04/2025	13	9,9	47
30/04/2025	14	10,4	44
30/04/2025	15	9,7	43
30/04/2025	16	9,3	42
30/04/2025	17	8,6	42
30/04/2025	18	6,9	32
30/04/2025	19	7,1	28
30/04/2025	20	5,3	23
30/04/2025	21	5	21
30/04/2025	22	5,2	21
30/04/2025	23	4,9	1
