Red: Red de Vigilancia y Control de la Contaminación Atmosférica
Estación: 12040303-Castelló AP Llevant
	
FECHA	HORA	Veloc.máx.	PM10	Veloc.	Direc.	Temp.	H.Rel.	PM2.5
		m/s	µg/m³	m/s	grados	°C	% H.R.	µg/m³
01/12/2019	14	12,1	4	7,6	69	19,7	76	2
01/12/2019	15	12,7	8	8,1	64	19,2	78	3
01/12/2019	16	13,7	7	8,3	59	18,4	79	2
01/12/2019	17	12	8	7	59	17,9	78	3
01/12/2019	18	11,6	8	7,2	65	18	76	3
01/12/2019	19	8,6	9	4,4	39	18	74	4
01/12/2019	20	3,1	12	1,7	342	16,6	79	7
01/12/2019	21	2,4	12	1,5	331	15,7	84	8
01/12/2019	22	2,7	10	1,7	326	14,6	86	7
01/12/2019	23	3,6	14	1,8	338	14,9	81	8
02/12/2019	00	2,8	19	1,8	328	14,3	81	12
02/12/2019	01	3,2	21	2	326	13,5	82	13
02/12/2019	02	3,1	11	1,9	319	13,6	81	7
02/12/2019	03	5,3	7	2,7	347	15,1	70	3
02/12/2019	04	3,7	5	2,2	324	14	72	3
02/12/2019	05	5,4	6	2,7	334	15,1	71	3
02/12/2019	06	10,6	6	5	356	16,9	65	3
02/12/2019	07	11,2	5	5,6	5	16,6	72	3
02/12/2019	08	10,6	6	5	355	15,9	81	3
02/12/2019	09	10,9	6	5,6	2	16,5	77	3
02/12/2019	10	13,7	9	6	6	17,1	74	3
02/12/2019	11	12,9	14	5,4	11	17,5	71	4
02/12/2019	12	12,8	19	5,4	24	18	69	4
02/12/2019	13	10,9	21	4,8	26	17,9	69	4
02/12/2019	14	12,8	24	4,9	32	18	69	5
02/12/2019	15	11,2	19	4,6	36	17,8	71	5
02/12/2019	16	11,1	19	4,7	41	17,9	71	4
02/12/2019	17	12,2	12	5,9	54	17,6	73	4
02/12/2019	18	7,9	18	3,6	25	17,6	74	5
02/12/2019	19	5,8	39	2,2	7	17,3	76	7
02/12/2019	20	5,3	34	2	18	17,3	76	7
02/12/2019	21	4,6	33	1,7	11	17,2	76	7
02/12/2019	22	2,6	23	1,3	331	16	80	12
02/12/2019	23	3,1	16	1,9	339	14,9	85	11
03/12/2019	00	4,1	16	2,2	340	14,9	78	10
03/12/2019	01	5	15	2,5	340	15,1	75	7
03/12/2019	02	4,3	10	2,4	333	14,3	78	6
03/12/2019	03	3,2	7	2	321	14,5	75	5
03/12/2019	04	2,2	6	1,2	331	14	80	4
03/12/2019	05	3,2	3	1,6	317	14,6	71	2
03/12/2019	06	3,2	3	1,6	305	14,7	66	2
03/12/2019	07	4,1	4	2,4	317	14,9	63	3
03/12/2019	08	4	13	1,7	349	15,2	61	4
03/12/2019	09	4,1	26	1,6	354	14,7	69	7
03/12/2019	10	5,1	22	2	13	15,5	66	4
03/12/2019	11	7,7	17	3	30	15	67	3
03/12/2019	12	11,2	10	4,6	35	15,1	66	3
03/12/2019	13	11,8	13	5,1	10	15,6	63	4
03/12/2019	14	10,1	15	4,4	17	16,2	59	4
03/12/2019	15	12,4	13	5,1	27	15,8	62	4
03/12/2019	16	8,6	22	3,4	16	15	69	4
03/12/2019	17	13,8	9	6,2	12	15,4	63	3
03/12/2019	18	10,9	5	4,9	358	15,4	67	3
03/12/2019	19	10,1	6	5	345	14,6	78	4
03/12/2019	20	9,3	8	4,1	350	14,4	84	5
03/12/2019	21	14,2	8	6,5	4	14,8	87	6
03/12/2019	22	15,1	8	7,2	4	15	88	6
03/12/2019	23	16,5	7	8,4	7	14,9	92	5
04/12/2019	00	18	7	9,3	6	14,6	95	5
04/12/2019	01	18,9	7	9,6	6	14,8	94	5
04/12/2019	02	19,3	7	9,4	6	14,5	93	5
04/12/2019	03	19,8	5	9,9	5	14,8	93	4
04/12/2019	04	20,6	5	10,9	4	15,1	93	3
04/12/2019	05	21	4	10,5	3	14,9	93	3
04/12/2019	06	25,1	7	12,3	9	14,7	93	5
04/12/2019	07	19,7	3	9,7	4	14	92	2
04/12/2019	08	10,5	5	5,1	4	13,9	93	3
04/12/2019	09	10,6	3	4,7	355	13,6	93	2
04/12/2019	10	12,5	4	6,3	3	13,9	93	3
04/12/2019	11	16,5	2	8,9	348	13,9	93	2
04/12/2019	12	11	1	5,4	324	16,1	82	1
04/12/2019	13	14,4	2	6,8	354	17	79	1
04/12/2019	14	16,6	6	7,6	4	17,1	82	3
04/12/2019	15	15,3	3	7,5	350	15,1	92	2
04/12/2019	16	11,4	5	6,3	311	14,2	93	3
04/12/2019	17	12,1	2	7,1	304	14	93	1
04/12/2019	18	12,1	2	5,6	336	14,2	93	2
04/12/2019	19	13,4	2	6,5	346	14,4	93	1
04/12/2019	20	16,4	2	7,8	357	14,3	93	2
04/12/2019	21	13,2	3	6,9	360	14,4	93	2
04/12/2019	22	13,9	5	6,6	5	14,8	93	4
04/12/2019	23	10,1	7	5,2	359	15	93	5
05/12/2019	00	9,9	4	4,8	360	15,1	93	3
05/12/2019	01	12,4	8	4,3	15	14,8	93	5
05/12/2019	02	8,2	10	3,5	88	14,6	93	7
05/12/2019	03	8,7	10	3,6	42	14,7	94	7
05/12/2019	04	8,1	11	3,3	24	14,5	95	7
05/12/2019	05	11,9	6	6	78	14,8	95	4
05/12/2019	06	6,2	6	2,8	347	14,3	95	4
05/12/2019	07	10,3	3	4,9	0	14,9	96	2
05/12/2019	08	8,9	2	4,3	359	15,1	96	2
05/12/2019	09	9,8	2	4,7	0	15,2	96	2
05/12/2019	10	9,4	3	4,6	4	15,7	96	2
05/12/2019	11	10,2	7	4,6	10	16,2	96	5
05/12/2019	12	9,9	7	4	12	15,8	96	5
05/12/2019	13	7,7	8	3,3	19	15,8	96	5
05/12/2019	14	8,1	7	4	12	16,2	96	5
05/12/2019	15	7,7	4	3,5	15	17,1	92	3
05/12/2019	16	5,9	11	2,2	31	17	92	8
05/12/2019	17	9,4	5	3,8	15	15,9	96	3
05/12/2019	18	5,3	8	2,6	352	15,5	96	5
05/12/2019	19	3,6	5	2	79	15,7	96	4
05/12/2019	20	7	7	2,5	328	15,6	93	5
05/12/2019	21	3,1	7	1,6	273	14,6	96	6
05/12/2019	22	4,8	5	1,9	316	15,1	96	4
05/12/2019	23	8,7	5	3,4	3	16	96	4
06/12/2019	00	7,2	11	3,3	9	16,1	96	7
07/12/2019	01	3,7	20	2,3	276	11,6	96	14
07/12/2019	02	5,4	18	3,4	264	11,7	96	12
07/12/2019	03	5,7	14	3,4	253	11,5	96	9
07/12/2019	04	5,2	13	3,2	272	11,2	96	9
07/12/2019	05	2,9	11	1,8	266	10,3	96	8
07/12/2019	06	2,6	12	1,6	284	10,1	96	9
07/12/2019	07	2,9	12	2,1	290	9,5	96	9
07/12/2019	08	3,5	10	2,1	270	9,7	96	7
07/12/2019	09	3	12	1,8	302	12,5	96	9
07/12/2019	10	1,9	14	1,1	344	16,4	96	9
07/12/2019	11	2,8	11	1,8	114	16,4	95	6
07/12/2019	12	6	12	3,5	70	17,7	88	5
07/12/2019	13	7,2	7	4,6	68	17,7	90	5
07/12/2019	14	7,3	6	5	75	17,8	89	4
07/12/2019	15	6,5	8	3,7	63	17,8	92	5
07/12/2019	16	4,7	7	2,4	55	17,4	94	5
07/12/2019	17	2,6	8	1,1	37	15,9	93	5
07/12/2019	18	1,8	17	1,2	311	14,1	93	12
07/12/2019	19	2,8	25	1,8	316	13,5	94	18
07/12/2019	20	2	9	1,3	291	12,4	94	6
07/12/2019	21	2,7	2	1,5	261	11,4	94	2
07/12/2019	22	3,4	16	1,7	253	11,4	95	11
07/12/2019	23	3,4	16	2,1	269	10,8	95	11
08/12/2019	00	4,4	15	2,6	256	10,9	95	10
08/12/2019	01	3,4	11	2	280	11	95	8
08/12/2019	02	2	13	1,1	295	10,3	95	10
08/12/2019	03	2,8	16	2	306	9,7	95	11
08/12/2019	04	2,8	13	2,1	281	9,3	95	10
08/12/2019	05	3	11	2,2	300	9,5	96	8
08/12/2019	06	2,8	10	2,2	283	9,3	96	7
08/12/2019	07	3,5	10	2,4	281	8,8	96	7
08/12/2019	08	4	11	2,1	294	9,5	96	8
08/12/2019	09	3,6	11	2,2	268	11,6	96	8
08/12/2019	10	2,9	15	1,7	274	14,6	96	11
08/12/2019	11	5,8	11	3,2	237	17,1	91	7
08/12/2019	12	7	13	4,5	163	18,3	81	6
08/12/2019	13	7,3	16	4,2	157	17,9	87	7
08/12/2019	14	5,7	12	3,8	120	18	85	7
08/12/2019	15	4,5	9	3,1	90	18	85	6
08/12/2019	16	4	10	2,5	69	18,3	86	4
08/12/2019	17	3,9	8	1,7	35	16,6	89	5
08/12/2019	18	4,3	8	1,9	42	16,1	94	6
08/12/2019	19	3,5	13	1,3	10	15,6	93	10
08/12/2019	20	2,3	25	1,5	321	14,3	91	19
08/12/2019	21	2,8	20	1,6	320	15,1	92	15
08/12/2019	22	2,3	25	1,4	296	14,9	92	19
08/12/2019	23	3,8	20	1,9	279	14,6	92	15
09/12/2019	00	3,7	10	2,3	273	15,7	92	7
09/12/2019	01	3,9	10	2,2	247	15,2	91	7
09/12/2019	02	5,4	8	3,1	292	14,5	91	6
09/12/2019	03	4,8	6	1,7	37	14,6	91	5
09/12/2019	04	3,9	6	2,4	286	12,7	91	4
09/12/2019	05	6	4	3,4	313	13,5	84	3
09/12/2019	06	4,4	9	2,1	304	13,2	77	3
09/12/2019	07	7,1	7	4,3	265	12,8	78	3
09/12/2019	08	10,8	2	6,9	275	14,8	66	2
09/12/2019	09	9,1	4	5,1	278	16,5	62	2
09/12/2019	10	10,3	2	5,6	291	19,3	48	2
09/12/2019	11	7,9	4	4,6	92	20,4	47	2
09/12/2019	12	5,2	5	3,5	103	20,4	55	2
09/12/2019	13	4,8	16	2,9	113	21,6	43	3
09/12/2019	14	7,5	15	4,8	156	21	49	3
09/12/2019	15	6,3	15	3,6	174	20,1	67	3
09/12/2019	16	10,1	11	4,2	255	20,5	54	3
09/12/2019	17	9,2	5	4,8	310	19,7	42	2
09/12/2019	18	13,6	4	7,5	300	19,8	42	2
09/12/2019	19	4,3	13	2	265	17,5	49	5
09/12/2019	20	6,1	2	2,9	308	16,7	55	1
09/12/2019	21	7,8	5	2,8	37	18,1	46	2
09/12/2019	22	6,4	10	3,4	334	17,1	46	4
09/12/2019	23	7,9	13	4,4	258	15,6	55	5
10/12/2019	00	5,6	12	2,9	270	15,3	56	5
10/12/2019	01	14,7	7	7	295	16,6	49	3
10/12/2019	02	12,7	6	6,7	298	16,7	42	3
10/12/2019	03	7,5	6	4,7	277	14	54	3
10/12/2019	04	5,8	10	3,3	251	12,1	64	4
10/12/2019	05	4,8	12	2,9	278	11,2	69	4
10/12/2019	06	3,7	11	2,3	287	10,5	73	4
10/12/2019	07	2,9	1	1,9	350	9,8	76	1
10/12/2019	08	4,7	1	2,6	259	10	80	1
10/12/2019	09	5,3	25	2,9	261	13,2	65	7
10/12/2019	10	3,9	39	1,6	69	16,5	54	15
10/12/2019	11	7	17	4,2	258	19,3	43	7
10/12/2019	12	12	7	7,1	274	20,8	39	3
10/12/2019	13	10,2	20	5,8	189	20,1	48	7
10/12/2019	14	12,6	14	7,8	167	18,5	66	5
10/12/2019	15	10,4	12	6,1	174	18,7	63	4
10/12/2019	16	3,7	17	2,1	188	18,9	54	5
10/12/2019	17	1,9	44	1	151	16,6	64	8
10/12/2019	18	2,2	48	1,2	351	14,8	81	19
10/12/2019	19	2,7	23	1,5	340	13	86	15
10/12/2019	20	3,6	1	2,2	316	12	91	1
10/12/2019	21	2,7	5	1,6	302	10,6	94	4
10/12/2019	22	2,8	36	1,5	277	9,6	93	24
10/12/2019	23	2,8	32	1,7	292	8,9	92	22
11/12/2019	00	3,4	28	2,2	282	8,1	91	19
11/12/2019	01	3,1	18	2,1	277	8	91	12
11/12/2019	02	2,8	16	1,7	309	8,4	90	11
11/12/2019	03	3,5	14	2,2	276	8	90	10
11/12/2019	04	2,6	13	1,9	277	7,8	90	9
11/12/2019	05	3,4	12	2,2	280	7,7	91	8
11/12/2019	06	2,6	11	1,8	283	7,6	91	8
11/12/2019	07	2,9	2	1,9	280	7,3	92	1
11/12/2019	08	3	1	2,1	282	7,3	92	1
11/12/2019	09	2,6	3	1,3	295	11,5	94	3
11/12/2019	10	1,9	38	1,2	302	16	90	12
11/12/2019	11	2,8	57	1,5	121	17,3	72	16
11/12/2019	12	3,6	60	2,3	114	18	66	15
11/12/2019	13	4	47	2,1	158	17,1	71	15
11/12/2019	14	4,1	42	2	226	17,5	71	17
11/12/2019	15	2,8	51	1,2	35	17,5	70	14
11/12/2019	16	7	49	2,8	8	18,6	65	14
11/12/2019	17	11,1	2	5,7	343	18,2	51	1
11/12/2019	18	5,5	3	2,9	333	16,3	55	2
11/12/2019	19	6,6	1	3,4	235	14,8	63	1
11/12/2019	20	6,4	1	2,6	306	14,1	65	1
11/12/2019	21	5,3	3	2,6	310	12,5	72	2
11/12/2019	22	9,7	5	5,8	273	13,9	63	3
11/12/2019	23	9,1	5	5,5	272	13,4	63	3
12/12/2019	00	8,4	8	5,2	266	12,9	62	3
12/12/2019	01	4,2	17	2,7	262	11,8	68	5
12/12/2019	02	5,8	6	3,7	266	12,1	68	3
12/12/2019	03	9,3	2	5,1	256	14,7	56	2
12/12/2019	04	12	1	7	263	15,3	53	1
12/12/2019	05	6,5	1	3,4	232	15	54	1
12/12/2019	06	7,8	1	3,5	261	15	55	1
12/12/2019	07	12,4	1	6,4	258	15,5	53	1
12/12/2019	08	11,4	1	6,1	257	15,6	52	1
12/12/2019	09	7,9	1	4,2	265	15,4	55	1
12/12/2019	10	13,2	2	7	277	16,8	50	1
12/12/2019	11	16,6	3	10	286	17,2	49	1
12/12/2019	12	19,3	2	11,1	275	18	47	1
12/12/2019	13	11,4	5	6,4	228	18,3	47	2
12/12/2019	14	11,9	7	7,1	215	18,4	51	3
12/12/2019	15	8,6	3	4,4	244	18,5	53	1
12/12/2019	16	17,3	3	9,6	275	18,8	48	1
12/12/2019	17	13	1	7,1	281	17,6	52	1
12/12/2019	18	9,7	1	5,7	276	17,2	55	1
12/12/2019	19	8,4	5	4,4	240	17,1	56	2
12/12/2019	20	11,1	3	5,4	239	17	58	1
12/12/2019	21	14,3	4	5,6	214	16,8	62	2
12/12/2019	22	17,9	4	9,2	203	17,6	65	2
12/12/2019	23	19,8	3	11,4	213	18,9	58	1
13/12/2019	00	16,5	4	9	216	18,5	64	2
13/12/2019	01	10,6	3	5,7	202	18,1	65	1
13/12/2019	02	10	2	4,7	193	18,5	64	1
13/12/2019	03	11,6	2	5,9	205	19,7	62	1
13/12/2019	04	8,7	2	4,3	189	19,3	65	1
13/12/2019	05	11,2	2	5,9	222	20,6	60	1
13/12/2019	06	15,2	2	9	194	20,8	60	1
13/12/2019	07	14,9	3	9,4	182	20,3	64	1
13/12/2019	08	12,9	4	7,5	206	21,4	59	1
13/12/2019	09	13,4	7	6,1	215	22,7	51	2
13/12/2019	10	14,5	4	7,1	237	23,6	48	1
13/12/2019	11	12,6	4	6,6	231	24,1	45	1
13/12/2019	12	14,6	3	8,4	252	24,7	45	1
13/12/2019	13	13,3	3	7,6	261	25,5	43	1
13/12/2019	14	14,6	2	7,5	269	25,6	41	1
13/12/2019	15	15,3	2	7,5	274	25,2	42	1
13/12/2019	16	12,2	3	6,3	265	24,3	44	1
13/12/2019	17	11,4	4	6,1	260	23,6	46	1
13/12/2019	18	10,8	4	5,7	263	22,8	49	1
13/12/2019	19	9,8	5	5,3	253	22,2	52	2
13/12/2019	20	13	3	7,3	257	22,7	51	1
13/12/2019	21	18,1	2	10,3	264	23	50	1
13/12/2019	22	14	2	8,6	267	22,1	52	1
13/12/2019	23	12	3	6,9	251	21,5	53	2
14/12/2019	00	10,6	4	5,6	255	20,8	53	2
14/12/2019	01	9,6	2	5,6	270	20,2	52	1
14/12/2019	02	5,1	2	2,3	276	18,9	55	1
14/12/2019	03	4,8	2	2,8	249	17,8	58	1
14/12/2019	04	5,8	3	3,2	237	17,7	59	2
14/12/2019	05	3,8	4	1,9	241	16,1	66	2
14/12/2019	06	3,6	7	1,9	227	16	67	3
14/12/2019	07	7,1	7	3,7	249	15,6	66	3
14/12/2019	08	3,4	18	1,7	282	15,1	69	6
14/12/2019	09	4,4	16	2	272	18,6	60	8
14/12/2019	10	3,6	8	1,7	273	21,8	47	4
14/12/2019	11	3,1	9	1,5	87	22,8	44	4
14/12/2019	12	3,5	26	1,6	75	23	46	7
14/12/2019	13	3,5	9	2,2	103	23,1	43	3
14/12/2019	14	5,1	13	3,6	97	21,8	54	2
14/12/2019	15	5,6	12	3,5	73	22	51	3
14/12/2019	16	3,6	21	2,1	71	20,7	62	7
14/12/2019	17	2	20	1	24	18	75	6
14/12/2019	18	2,2	27	1,3	317	16,2	81	13
14/12/2019	19	2,4	28	1,4	320	15,4	76	15
14/12/2019	20	2,3	28	1,4	277	13,9	79	17
14/12/2019	21	3	25	2,1	283	12,7	87	17
14/12/2019	22	3,4	15	2,1	257	11,8	92	10
14/12/2019	23	3,9	13	1,8	267	12,2	91	9
15/12/2019	00	3	8	1,9	265	12,4	90	6
15/12/2019	01	3,8	8	2,4	261	12,1	89	6
15/12/2019	02	3,2	15	2,1	276	12,3	88	11
15/12/2019	03	3	11	2	272	11,2	91	7
15/12/2019	04	3,6	9	2,3	271	10,8	94	7
15/12/2019	05	3,1	10	2	281	10,9	93	7
15/12/2019	06	4	7	2,7	267	10,9	92	5
15/12/2019	07	3	6	2,1	278	11,6	88	4
15/12/2019	08	2,6	9	1,6	278	11,3	89	6
15/12/2019	09	2,8	11	1,7	281	13,5	84	6
15/12/2019	10	1,6	16	1,1	280	16,5	77	9
15/12/2019	11	3,1	13	1,5	62	18,9	74	5
15/12/2019	12	4,6	9	3	121	18,5	80	3
15/12/2019	13	5,6	11	3,9	117	18,5	78	4
15/12/2019	14	4,4	18	2,9	116	18,8	70	4
15/12/2019	15	5	17	3,4	120	18,7	71	4
15/12/2019	16	2,2	5	1,2	90	18,6	66	2
15/12/2019	17	2	10	1,1	63	16,6	79	4
15/12/2019	18		45		347	14,6	90	32
15/12/2019	19	1,9	43	1,1	339	14,5	91	31
15/12/2019	20	3,6	40	2,3	324	13,8	88	27
15/12/2019	21	3,4	24	2	320	13,5	87	17
15/12/2019	22	2,4	26	1,6	304	12,8	88	19
15/12/2019	23	2,7	22	1,8	282	11,2	93	16
16/12/2019	00	2,9	21	1,8	281	10,6	92	16
16/12/2019	01	3	15	1,9	279	10,2	92	12
16/12/2019	02	2,6	12	1,7	270	10,1	91	9
16/12/2019	03	2,5	11	1,5	292	10,3	91	8
16/12/2019	04	2,9	11	1,8	282	10,2	91	8
16/12/2019	05	2,4	12	1,6	291	10,5	90	8
16/12/2019	06	3,1	11	2,1	302	11	91	8
16/12/2019	07	2,2	13	1,4	281	11,7	91	9
16/12/2019	08	2,2	7	1,3	281	11,9	92	4
16/12/2019	09	2,2	5	1,4	286	13,2	94	4
16/12/2019	10	4,3	19	2,1	344	16,2	95	13
16/12/2019	11	5,3	12	2,2	39	17,6	93	8
16/12/2019	12	6,1	11	2,7	54	17,6	93	8
16/12/2019	13	4,2	11	1,4	38	17,8	91	7
16/12/2019	14	4,8	10	1,6	26	17,8	90	6
16/12/2019	15	5,9	10	2,2	45	17,8	92	7
16/12/2019	16	7,1	10	2,9	51	17,6	92	7
16/12/2019	17	8,3	9	3,5	48	17,2	92	6
16/12/2019	18	5	12	1,6	21	17,2	92	8
16/12/2019	19	4,4	13	1,5	14	17	92	9
16/12/2019	20	5,9	12	2,1	23	17,4	92	8
16/12/2019	21	6	13	2,2	19	17,2	92	9
16/12/2019	22	4,7	18	2,1	348	16,5	92	12
16/12/2019	23	1,9	22	1,1	316	15,7	94	15
17/12/2019	00	2,4	20	1,4	316	14,8	94	14
17/12/2019	01	3	23	1,7	317	14,4	95	15
17/12/2019	02	2,2	16	1,1	293	14,1	95	11
17/12/2019	03	2,6	13	1,6	287	12,7	96	8
17/12/2019	04	2,6	13	1,4	276	12,9	96	9
17/12/2019	05	2,4	13	1,4	278	12,9	96	9
17/12/2019	06	4,4	14	2,2	247	13,4	96	9
17/12/2019	07	4,2	14	2,4	261	14	96	9
17/12/2019	08	2,5	18	1,7	280	14,1	96	12
17/12/2019	09	3,2	32	1,9	272	14,3	96	22
17/12/2019	10	2,9	20	1,6	258	15,6	96	13
17/12/2019	11	2,4	21	1,2	245	17,4	96	14
17/12/2019	12	3,5	43	1,9	144	18,6	91	18
17/12/2019	13	6,2	29	3,1	199	19	87	11
17/12/2019	14	4,5	36	2,1	209	20,2	78	9
17/12/2019	15	5	47	3,2	128	19,8	82	9
17/12/2019	16	5,1	15	3,3	107	18,3	92	10
17/12/2019	17	3,1	17	1,9	80	16,6	92	11
17/12/2019	18		29		328	15,3	91	19
17/12/2019	19	2,8	32	1,7	305	14,4	93	21
17/12/2019	20	2	32	1,5	301	13,6	95	20
17/12/2019	21	1,8	42	1	300	14,2	96	27
17/12/2019	22	2,4	37	1,6	295	13,8	96	24
17/12/2019	23	2,3	41	1,6	299	13,8	96	27
18/12/2019	00	2,3	30	1,5	287	13,9	95	20
18/12/2019	01	3,2	30	2,1	286	14,3	95	20
18/12/2019	02	2,8	25	1,5	270	14,6	95	17
18/12/2019	03	2,8	25	1,7	271	13,6	95	16
18/12/2019	04	2,3	26	1,5	286	13,2	95	17
18/12/2019	05	2	25	1,3	276	12,8	95	17
18/12/2019	06	2,9	24	2,1	281	12,4	95	15
18/12/2019	07	2,4	25	1,8	295	12,2	95	16
18/12/2019	08	2,9	25	2,1	286	11,9	95	17
18/12/2019	09	3,2	25	2	269	13,4	95	16
18/12/2019	10	4,4	25	2,3	258	16,1	94	15
18/12/2019	11	3,8	54	2	295	20	79	11
18/12/2019	12	3,9	70	2,7	102	20,3	71	13
18/12/2019	13	6	61	3,6	135	19,8	78	13
18/12/2019	14	5,7	35	4	117	19,4	83	11
18/12/2019	15	7	29	4,4	136	18,9	87	10
18/12/2019	16	5,5	57	3,1	159	18,5	85	10
18/12/2019	17	2,1	31	1,3	75	16,9	90	15
18/12/2019	18	2,7	25	1,7	21	15,6	94	17
18/12/2019	19	2,5	43	1,4	343	14,3	92	28
18/12/2019	20	3,1	62	2,2	319	13,6	92	41
18/12/2019	21	2,8	52	2,2	312	12,9	92	35
18/12/2019	22	3,1	46	2,2	276	11,5	93	30
18/12/2019	23	3	40	1,9	277	11	93	26
19/12/2019	00	2,3	46	1,5	271	11,4	93	31
19/12/2019	01	2,5	41	1,6	326	11,3	94	27
19/12/2019	02	3,2	41	2,3	302	10,2	94	27
19/12/2019	03	2,9	34	2,1	288	10	94	22
19/12/2019	04	3,4	26	2,3	277	9,5	95	17
19/12/2019	05	3,2	26	1,9	278	9,8	95	17
19/12/2019	06	4,6	10	2,7	258	10,4	95	7
19/12/2019	07	3,1	15	1,9	268	10,5	95	10
19/12/2019	08	2,5	23	1,5	273	10,4	95	15
19/12/2019	19	5,7	5	3,8	118	17	91	4
19/12/2019	20	2,9	13	1,7	71	16,3	92	9
19/12/2019	21	3,6	20	1,3	19	15,4	91	13
19/12/2019	22	4,2	12	2,1	51	16,1	91	8
19/12/2019	23	4,2	12	2	60	16	91	8
20/12/2019	00	4,3	9	2,6	144	16,6	92	6
20/12/2019	01	5,6	15	2,8	292	15,5	91	10
20/12/2019	02	6,3	16	3,6	110	16	89	11
20/12/2019	03	18,6	12	10,9	189	18,5	76	8
20/12/2019	04	24,5	9	14,1	192	19,7	72	5
20/12/2019	05	33,2	12	20	195	21	70	3
20/12/2019	06	34,3	8	16,7	201	21,6	64	3
20/12/2019	07			1,7			60	
20/12/2019	08			1,5			57	
20/12/2019	09			1,7			60	
20/12/2019	10			1,9			69	
20/12/2019	11			1,5			71	
20/12/2019	12			2,1			79	
20/12/2019	13			2			76	
20/12/2019	14	10,7	10	4,6	301	23,6	51	2
20/12/2019	15	9,5	16	4,4	289	22,7	57	3
20/12/2019	16	8,3	11	3,8	48	19,3	87	7
20/12/2019	17	18,1	11	8,8	218	22	71	3
20/12/2019	18	22,6	4	12,7	210	22,8	66	2
20/12/2019	19	17,7	4	9,4	199	21,9	72	2
20/12/2019	20	16,7	3	9	200	20,3	86	2
20/12/2019	21	10,4	3	5,8	155	19,1	92	2
20/12/2019	22	7,6	5	3,4	273	18,8	91	4
20/12/2019	23	15	2	7,5	243	22,3	74	1
21/12/2019	00	10,9	3	5	284	21	78	2
21/12/2019	01	5,6	5	2,8	190	20,8	79	2
21/12/2019	02	4,3	8	1,7	348	19,6	82	2
21/12/2019	03	2,2	7	1,1	94	18,9	84	3
21/12/2019	04	3,5	6	1,6	333	17,9	85	3
21/12/2019	05	4,1	2	1,9	240	16,2	88	2
21/12/2019	06	3,7	2	1,7	331	16,4	88	2
21/12/2019	07	6,8	3	2,9	248	18	83	1
21/12/2019	08	9,2	1	4,6	226	18,6	86	1
21/12/2019	09	15,3	4	9	192	20,7	80	2
21/12/2019	10	19,3	2	11	186	22,3	74	1
21/12/2019	11	19,9	3	12	184	23,5	73	1
21/12/2019	12	17,2	5	10,3	176	23,2	76	2
21/12/2019	13	18,4	3	10,3	220	26,8	58	1
21/12/2019	14	21,2	2	11,1	237	27,2	53	1
21/12/2019	15	23,2	3	12,7	249	27,9	47	1
21/12/2019	16	20	2	10,6	248	27,1	50	1
21/12/2019	17	21,5	2	12,1	270	26,4	48	1
21/12/2019	18	20,7	2	11,4	262	25,5	49	1
21/12/2019	19	27	6	14,7	251	25,2	47	2
21/12/2019	20	26,1	7	15,5	244	24,8	48	2
21/12/2019	21	26,1	7	14,4	256	24,2	47	3
21/12/2019	22	30,3	13	16,3	273	23,2	40	4
21/12/2019	23	26,4	13	14,5	267	22,1	40	6
22/12/2019	00	25,2	14	13,6	264	21,5	43	7
22/12/2019	01	21,7	13	11,8	267	21	46	7
22/12/2019	02	17	12	9,9	258	20,6	48	6
22/12/2019	03	10,8	11	6,4	269	19,8	51	6
22/12/2019	04	18,7	7	10,1	270	20,3	51	4
22/12/2019	05	17,6	6	10,1	280	20,8	49	3
22/12/2019	06	17,9	7	9,6	288	21	45	4
22/12/2019	07	18,3	7	10,1	283	20,9	43	4
22/12/2019	08	17,1	7	9,6	279	20,8	42	4
22/12/2019	09	16,8	3	9,5	277	21,5	42	2
22/12/2019	10	17,7	4	10	271	22,8	40	2
22/12/2019	11	19,8	1	11,3	269	23,9	39	1
22/12/2019	12	17,7	1	10,1	267	24,6	38	1
22/12/2019	13	17,7	1	10,1	251	25	40	1
22/12/2019	14	20	1	11,5	236	24,7	44	1
22/12/2019	15	20,4	1	11,5	239	24,3	46	1
22/12/2019	16	16	1	9,3	237	23,7	48	1
22/12/2019	17	13,2	1	6,6	238	22,8	51	1
22/12/2019	18	11,1	1	5,6	240	21,7	54	1
22/12/2019	19	10,9	1	6,1	232	21,1	55	1
22/12/2019	20	13,3	1	5,9	246	20,7	58	1
22/12/2019	21	15,3	2	7,2	268	22,6	48	1
22/12/2019	22	11,2	3	5,2	252	22,4	47	2
22/12/2019	23	6,4	6	3,5	219	20,8	55	2
23/12/2019	00	12,7	3	7,1	286	21	49	1
23/12/2019	01	10,4	3	4,9	309	20,3	40	2
23/12/2019	02	4,8	4	2,3	278	18,6	43	2
23/12/2019	03	4,1	4	2,7	268	17,4	49	2
23/12/2019	04	4,4	5	2,8	265	15,8	56	2
23/12/2019	05	2,1	4	1,2	333	14,3	62	2
23/12/2019	06	3,2	1	1,5	342	13,5	69	1
23/12/2019	07	3,5	1	2,2	316	12,3	75	1
23/12/2019	08	4,1	1	2,1	289	11,6	80	1
23/12/2019	09	2,7	8	1,3	308	15	75	4
23/12/2019	10	5	18	2,5	260	19,2	64	7
23/12/2019	11	6,2	5	4,3	123	19,8	69	2
23/12/2019	12	5,9	5	4	95	20,3	64	2
23/12/2019	13	6,5	7	4,3	100	20,3	61	2
23/12/2019	14	6,2	12	3,7	159	20,9	55	3
23/12/2019	15	4,9	15	2,8	156	21,6	45	3
23/12/2019	16	3,6	55	1,9	70	19,6	65	9
23/12/2019	17	2,7	34	1,2	50	17,5	78	7
23/12/2019	18	2,4	4	1,3	360	15,5	90	3
23/12/2019	19	3,5	13	2,2	291	14,8	88	9
23/12/2019	20	4,3	1	2,3	275	13,2	87	1
23/12/2019	21	3,7	1	2,4	261	13,3	84	1
23/12/2019	22	3,5	1	2,1	281	12,3	88	1
23/12/2019	23	3,9	2	2,4	285	14,4	80	1
24/12/2019	00	5,9	3	3,9	288	17,5	68	1
24/12/2019	01	6,4	4	3,8	275	17,4	69	2
24/12/2019	02	9,2	1	5,5	296	18,7	63	1
24/12/2019	03	7,3	1	4,1	303	18,9	62	1
24/12/2019	04	5,3	2	3,2	242	17,7	67	1
24/12/2019	05	3,8	1	1,7	248	15,2	78	1
24/12/2019	06	3,2	1	1,7	286	13,4	86	1
24/12/2019	07	3,9	1	2,7	277	11,6	93	1
24/12/2019	08	3,3	1	2,3	290	11,5	93	1
24/12/2019	09	3,3	4	1,8	256	15,1	87	2
24/12/2019	10	5,7	8	3	240	20,1	65	4
24/12/2019	11	8,4	3	5,2	239	22,8	54	1
24/12/2019	12	6,4	15	3,8	185	23,8	53	2
24/12/2019	13	6,1	10	3,7	125	22,1	62	3
24/12/2019	14	6,7	7	3,9	144	22,1	62	3
24/12/2019	15	4,9	8	3	118	21,7	68	3
24/12/2019	16	2,4	7	1,4	92	19,2	86	4
24/12/2019	17	2,8	11	1,3	61	18,8	86	4
24/12/2019	18	3,5	1	1,9	78	17,1	93	1
24/12/2019	19	4,2	1	2	62	17	92	1
24/12/2019	20	2,7	1	1,7	338	15,4	91	1
24/12/2019	21	3	37	2,3	319	14,4	90	27
24/12/2019	22	2,9	42	2,2	289	13	90	32
24/12/2019	23	2,9	22	2,1	277	11,7	91	17
25/12/2019	00	1,9	3	1,4	263	11,2	92	2
25/12/2019	01	2,5	1	1,8	263	11,3	95	1
25/12/2019	02	3	1	1,9	273	10,7	96	1
25/12/2019	03	3	1	2,1	279	10,8	96	1
25/12/2019	04	2,8	1	2,1	270	10,5	96	1
25/12/2019	05	2,5	1	1,8	292	10,6	96	1
25/12/2019	06	2,3	1	1,7	292	11,4	96	1
25/12/2019	07	2,9	1	2,3	318	11,6	96	1
25/12/2019	08	2,6	1	2,1	287	11,5	96	1
25/12/2019	09	2	1	1,3	262	14,2	96	1
25/12/2019	10	1,4	1	1	250	18,7	86	1
25/12/2019	11	2,4	5	1,2	101	21,6	64	3
25/12/2019	12	4,5	1	3,3	88	21	63	1
25/12/2019	13	6,1	4	4,3	87	20,5	69	3
25/12/2019	14	5,2	6	3,9	94	19,7	81	2
25/12/2019	15	4,7	4	3,4	102	19,4	86	2
25/12/2019	16	3,2	3	2,1	102	19	89	2
25/12/2019	17	2,4	4	1,6	85	17,1	91	3
25/12/2019	18	1,6	1	1,2	58	15,1	94	1
25/12/2019	19	2,4	1	1,5	316	14,1	96	1
25/12/2019	20	2,5	1	1,8	310	13,2	96	1
25/12/2019	21	2,4	1	1,4	273	11,7	96	1
25/12/2019	22	2,9	1	1,7	282	11	96	1
25/12/2019	23	3,4	1	2,1	289	10,9	96	1
26/12/2019	00	2,9	1	1,8	279	11,4	96	1
26/12/2019	01	2,3	1	1,3	271	11,6	96	1
26/12/2019	02	2,7	1	1,5	304	11,3	96	1
26/12/2019	03	3,1	1	1,8	319	11,6	96	1
26/12/2019	04	3,4	1	1,8	331	12,4	96	1
26/12/2019	05	2,7	1	1,7	323	12,3	96	1
26/12/2019	06	2,8	1	2	290	11,5	96	1
26/12/2019	07	3,5	1	2,1	311	11,3	96	1
26/12/2019	08	3,3	1	2,1	287	10,5	96	1
26/12/2019	09	3,4	1	2	258	11,3	96	1
26/12/2019	10	3,1	1	1,4	307	14,2	96	1
26/12/2019	11	3,6	3	1,8	32	16,8	96	2
26/12/2019	12	3,2	15	1,6	63	19,8	89	7
26/12/2019	13	5,1	11	3	76	20,5	73	3
26/12/2019	14	3,8	25	2,6	98	19,6	83	10
26/12/2019	15	3,4	10	1,8	114	19,8	91	8
26/12/2019	16	3,6	5	1,9	145	19,1	91	4
26/12/2019	17	2,7	2	1,4	234	17,1	93	2
26/12/2019	18	2,1	1	1,3	266	15,7	94	1
26/12/2019	19	2,7	1	1,5	269	14,8	95	1
26/12/2019	20	3,3	1	1,9	289	14,2	96	1
26/12/2019	21	2,6	1	1,6	324	13,2	96	1
26/12/2019	22	2,4	2	1,4	284	12,2	96	1
26/12/2019	23	3	3	1,9	261	11	96	3
27/12/2019	00	2,6	1	1,8	277	10,6	96	1
27/12/2019	01	3,4	1	2,2	272	10,2	96	1
27/12/2019	02	4,1	1	2,5	264	10,2	96	1
27/12/2019	03	3,8	1	2,5	263	10,2	96	1
27/12/2019	04	3,8	1	2,2	257	10	96	1
27/12/2019	05	4,4	6	2,7	257	9,7	96	4
27/12/2019	06	2,7	3	1,6	279	9,2	96	2
27/12/2019	07	2,6	1	1,9	267	8,7	96	1
27/12/2019	08	3,1	1	2	263	8,7	96	1
27/12/2019	09	3,7	1	2,4	253	11,3	96	1
27/12/2019	10	3,1	15	1,8	257	15,5	83	7
27/12/2019	11	3,3	45	1,9	97	17,9	71	10
27/12/2019	12	5,3	36	3,7	76	18,1	72	11
27/12/2019	13	7,7	14	5,1	73	18,3	79	4
27/12/2019	14	8,4	12	4,9	66	18,2	86	5
27/12/2019	15	5	15	3,3	90	18,3	83	5
27/12/2019	16	4,7	17	2,9	76	17,8	79	5
27/12/2019	17	3,5	14	2,2	71	16,2	88	4
27/12/2019	18	2,6	1	1,7	48	14,4	93	1
27/12/2019	19	2,5	1	2,1	293	12,5	93	1
27/12/2019	20	2	1	1,2	337	12,3	94	1
27/12/2019	21	2,7	1	2	310	11,1	95	1
27/12/2019	22	3,2	3	2,3	286	10,3	95	2
27/12/2019	23	2,9	1	2	285	9,6	95	1
28/12/2019	00	2,7	3	2	278	9,7	95	2
28/12/2019	01	2,8	17	2,3	277	9,4	95	13
28/12/2019	02	2,9	15	2	272	8,2	95	10
28/12/2019	03	3,3	14	2,4	277	7,7	95	10
28/12/2019	04	3,7	1	2,2	271	7,3	95	1
28/12/2019	05	3	1	1,7	274	6,7	96	1
28/12/2019	06	2,6	1	1,7	289	6,2	96	1
28/12/2019	07	2,8	1	2,1	290	6,4	96	1
28/12/2019	08	3,1	1	2,1	273	6,2	96	1
28/12/2019	09	3,7	1	2,4	284	7,6	96	1
28/12/2019	10	2,5	1	1,6	297	11,8	96	1
28/12/2019	11	3	4	1,5	333	15,6	96	3
28/12/2019	12	4,7	9	2,4	290	17	89	6
28/12/2019	13	7	13	3,9	149	17,6	84	7
28/12/2019	14	6,5	19	4,5	117	16,9	88	7
28/12/2019	15	5,3	17	3,3	134	17,2	87	7
28/12/2019	16	5,2	15	3,2	171	16,9	86	8
28/12/2019	17	2,8	9	1,7	187	15,1	91	5
28/12/2019	18	2,1	1	1,3	210	13,6	94	1
28/12/2019	19	3,6	1	2,5	320	12,1	93	1
28/12/2019	20	2,7	1	2	310	11,1	94	1
28/12/2019	21	2,2	1	1,6	294	11,4	94	1
28/12/2019	22	2,1	5	1,3	270	12,3	94	4
28/12/2019	23	2	29	1	274	12,6	95	20
29/12/2019	00	2,3	24	1,3	283	12	95	17
29/12/2019	01	3,1	21	1,9	278	11,2	95	14
29/12/2019	02	4,1	15	2,5	293	11,9	96	11
29/12/2019	03	4	15	2,5	281	12,2	96	10
29/12/2019	04	5,7	12	3,2	262	11,7	96	8
29/12/2019	05	6,1	11	3,5	267	11,5	95	8
29/12/2019	06	4,5	12	2,6	265	11,1	96	9
29/12/2019	07	4,7	12	2,8	267	10,8	96	9
29/12/2019	08	4,4	14	2,7	269	10,4	95	10
29/12/2019	09	4	4	2,4	279	11,8	95	3
29/12/2019	10	4,7	1	2,7	268	14,8	90	1
29/12/2019	11	6,6	10	3,7	280	17,2	73	6
29/12/2019	12	6,4	11	3	251	18,2	65	6
29/12/2019	13	7,2	10	4	156	18,4	64	5
29/12/2019	14	9,3	11	5,8	144	17,6	71	6
29/12/2019	15	8,9	14	6	136	17,1	76	7
29/12/2019	16	7,9	12	5,1	119	16,5	80	8
29/12/2019	17	4,5	8	2,8	105	15,3	85	4
29/12/2019	18	2	1	1,3	6	13,6	90	1
29/12/2019	19	3,1	1	2,1	327	13,7	91	1
29/12/2019	20	2,1	1	1,3	305	14,3	90	1
29/12/2019	21	2	1	1,2	260	14,2	90	1
29/12/2019	22	1,7	1	1,1	257	13,8	92	1
29/12/2019	23	2,7	1	1,6	265	14	92	1
30/12/2019	00	3,6	3	2	259	13,7	92	2
30/12/2019	01	3,7	3	2,1	261	13,8	90	2
30/12/2019	02	4,1	8	2,4	265	13,8	89	6
30/12/2019	03	3	4	1,7	262	13,8	88	3
30/12/2019	04	3,6	1	2	256	13,5	88	1
30/12/2019	05	2,2	1	1,2	262	13,2	88	1
30/12/2019	06	2,3	2	1,3	260	12,9	91	2
30/12/2019	07	2,6	3	1,5	271	12,8	92	2
30/12/2019	08	2	1	1,1	277	13	92	1
30/12/2019	09	3,2	7	1,6	265	13,8	91	5
30/12/2019	10	3,4	19	1,8	269	15,5	81	10
30/12/2019	11	3,6	20	1,9	272	16,8	73	10
30/12/2019	12	6,3	13	3,4	283	17,4	67	7
30/12/2019	13	6,2	9	2,7	156	19	61	5
30/12/2019	14	8,5	8	5,7	146	18,3	66	5
30/12/2019	15	8,2	6	5,4	143	17,6	72	3
30/12/2019	16	7,4	3	4,9	131	17,1	76	2
30/12/2019	17	5,2	1	2,9	137	15,9	81	1
30/12/2019	18	3,5	1	1,8	100	14,5	86	1
30/12/2019	19	3,4	1	2,2	326	12,9	90	1
30/12/2019	20	3,5	1	2,2	331	12,4	91	1
30/12/2019	21	3,4	1	2,4	303	11,6	91	1
30/12/2019	22	2,7	1	2,1	282	9,7	92	1
30/12/2019	23	2,8	1	2,2	284	9,3	93	1
31/12/2019	00	2,4	1	1,7	284	9,5	94	1
31/12/2019	01	3,1	1	1,8	273	10,2	94	1
31/12/2019	02	3,5	2	1,8	267	11,2	94	1
31/12/2019	03	3,6	1	2	263	11,5	95	1
31/12/2019	04	3,2	5	1,8	264	11,6	95	4
31/12/2019	05	3,3	14	1,7	263	11,7	95	10
31/12/2019	06	2,7	2	1,7	265	11,8	95	2
31/12/2019	07	2,6	1	1,5	281	12	95	1
31/12/2019	08	3	1	1,6	263	12	95	1
31/12/2019	09	2,4	1	1,1	273	12,8	96	1
31/12/2019	10	1,5	3	1	281	14,6	94	2
31/12/2019	11	2,6	14	1,1	23	16	88	9
31/12/2019	12	4,1	12	2,5	98	16,4	83	7
31/12/2019	13	6,1	9	4,1	115	16,6	84	6
31/12/2019	14	8	8	5,6	119	16	89	6
31/12/2019	15	8,3	7	5,5	123	16,3	89	5
31/12/2019	16	5,9	8	3,9	113	16,2	91	6
31/12/2019	17	3,8	9	2,3	97	15,3	92	6
31/12/2019	18	2,4	21	1,3	357	14,4	94	15
31/12/2019	19	3,2	9	1,9	315	13,4	94	7
31/12/2019	20	3,3	2	2,1	324	13	94	2
31/12/2019	21	2,5	16	1,8	290	11,7	94	12
31/12/2019	22	2,4	11	1,7	297	11,2	94	8
31/12/2019	23	2,5	1	1,7	311	10,3	95	1
