Red: Estaciones dadas de baja
Estación: 46233001-Sollana_UM
	
FECHA	HORA	SO2	CO	NO	NO2	PM10	NOx	O3	Veloc.	Direc.	Temp.	H.Rel.	Pres.	R.Sol.	Precip.	PM2.5	PM1
		µg/m³	mg/m³	µg/m³	µg/m³	µg/m³	µg/m³	µg/m³	m/s	grados	°C	% H.R.	mb	W/m²	l/m²	µg/m³	µg/m³
01/01/2019	00	4	0,2	3	10	10	14	24	2	246	7,3	58	1022	0	0	10	5
01/01/2019	01	4	0,2	3	10	10	14	21	2	248	6,4	60	1022	1	0	10	5
01/01/2019	02	3	0,1	3	6	7	10	26	1,4	252	6,4	59	1022	4	0	7	3
01/01/2019	03	3	0,2	2	7	8	10	25	1,1	254	6,2	59	1022	1	0	8	4
01/01/2019	04	3	0,1	2	4	6	8	30	1,8	249	6,4	56	1022	0	0	6	3
01/01/2019	05	4	0,1	2	4	7	8	25	1,5	248	5,4	62	1022	0	0	7	3
01/01/2019	06	3	0,1	2	4	5	8	28	3,5	242	5,7	59	1023	0	0	5	2
01/01/2019	07	3	0,1	2	3	5	6	28	3,7	239	4,9	64	1023	0	0	5	2
01/01/2019	08	4	0,1	2	3	4	6	33	4,1	223	6,3	57	1024	5	0	4	1
01/01/2019	09	3	0,1	2	3	4	6	36	5,4	225	8,5	50	1024	148	0	4	1
01/01/2019	10	3	0,1	3	3	5	7	39	4,2	229	11,1	42	1024	327	0	5	2
01/01/2019	11	3	0,1	3	3	5	7	43	3,3	231	13,5	36	1023	451	0	5	2
01/01/2019	12	3	0,1	3	3	5	8	49	1,4	231	16,3	30	1022	504	0	4	2
01/01/2019	13	3	0,1	3	3	4	7	56	1,2	16	17,9	26	1021	519	0	4	1
01/01/2019	14	4	0,1	3	3	4	8	61	2,2	52	17	36	1020	452	0	3	1
01/01/2019	15	3	0,1	3	4	4	8	66	2,7	50	16,5	56	1021	318	0	4	2
01/01/2019	16	4	0,1	3	5	4	9	63	1,9	51	16	66	1021	129	0	4	1
01/01/2019	17	6	0,1	5	23	27	30	35	0,1	97	14,2	69	1021	1	0	24	14
01/01/2019	18	5	0,1	9	43	16	58	15	0,1	274	11,9	78	1022	0	0	15	8
01/01/2019	19	5	0,1	17	63	13	90	3	0,5	283	11	82	1022	0	0	12	7
01/01/2019	20	5	0,1	32	55	12	104	2	1,8	241	9	85	1022	0	0	12	6
01/01/2019	21	4	0,1	8	35	11	47	4	3,1	238	8,2	84	1022	0	0	11	6
01/01/2019	22	4	0,2	4	31	15	37	7	3,2	233	7,8	80	1022	0	0	14	8
01/01/2019	23	3	0,2	3	27	13	31	9	3,5	237	7,1	74	1022	5	0	13	7
02/01/2019	00	3	0,2	3	23	15	27	6	3	242	6	77	1022	1	0	14	8
02/01/2019	01	3	0,2	2	16	11	20	11	2,8	248	5,5	76	1022	0	0	11	5
02/01/2019	02	3	0,1	2	14	9	18	11	0,8	259	5,6	73	1022	0	0	9	5
02/01/2019	03	3	0,1	2	11	8	15	17	2,1	246	5,6	70	1022	0	0	8	4
02/01/2019	04	3	0,1	2	7	6	10	21	2,3	243	5,3	69	1022	0	0	6	3
02/01/2019	05	3	0,1	2	7	6	11	17	2,3	247	4,8	71	1021	0	0	6	3
02/01/2019	06	3	0,1	4	14	6	19	12	2,3	243	4,6	71	1021	0	0	5	2
02/01/2019	07	3	0,1	11	27	7	43	11	3,3	229	5,8	66	1021	0	0	5	3
02/01/2019	08	3	0,1	20	33	13	64	7	2,3	240	6,4	64	1021	6	0	6	4
02/01/2019	09	3	0,1	16	24	9	50	13	0,9	257	9,3	56	1021	150	0	7	4
02/01/2019	10	3	0,1	14	16	12	36	24	3,9	230	11,5	47	1020	328	0	9	5
02/01/2019	11	3	0,1	8	11	17	23	34	3,7	228	13,6	39	1020	453	0	9	5
02/01/2019	12	3	0,1	17	15	9	41	35	2,7	229	15,9	34	1018	506	0	6	3
02/01/2019	13	3	0,1	5	7	4	14	52	1,4	239	18	27	1017	515	0	4	2
02/01/2019	14	3	0,1	7	9	5	19	57	0,9	167	19,3	25	1016	447	0	3	1
02/01/2019	15	3	0,1	6	9	8	18	59	2,9	80	17,8	34	1017	311	0	6	3
02/01/2019	16	3	0,1	4	9	7	14	58	3,2	66	15,9	49	1017	113	0	5	2
02/01/2019	17	3	0,1	3	13	4	18	46	3	62	13,8	64	1018	0	0	4	1
02/01/2019	18	8	0,1	27	56	43	97	13	0,6	226	12,3	72	1019	0	0	33	21
02/01/2019	19	5	0,1	47	64	21	135	2	0,3	313	10,7	76	1020	0	0	13	9
02/01/2019	20	4	0,1	29	63	11	107	2	1,9	305	10,9	75	1021	0	0	10	5
02/01/2019	21	3	0,1	9	48	9	62	4	1,8	299	10,5	75	1021	0	0	9	4
02/01/2019	22	3	0,1	27	38	12	79	2	2,2	231	6,9	83	1021	0	0	11	6
02/01/2019	23	3	0,1	4	32	13	38	4	3,4	231	6,8	79	1021	0	0	13	7
03/01/2019	00	3	0,1	3	24	10	28	14	3,3	225	6,7	74	1021	0	0	10	5
03/01/2019	01	3	0,1	3	15	9	19	21	3,4	236	6,7	69	1022	3	0	9	5
03/01/2019	02	3	0,1	3	19	10	23	13	3,1	236	5,4	74	1022	1	0	10	5
03/01/2019	03	3	0,1	2	15	9	19	15	3	229	4,9	76	1022	0	0	9	4
03/01/2019	04	3	0,1	2	12	8	15	15	3,3	230	4,6	77	1023	0	0	8	4
03/01/2019	05	3	0,2	3	14	9	18	10	2,5	256	4,5	77	1023	1	0	9	4
03/01/2019	06	3	0,2	15	25	10	49	3	2,4	246	4	79	1023	1	0	10	5
03/01/2019	07	3	0,2	22	28	11	62	3	3,4	241	3,9	78	1024	0	0	8	5
03/01/2019	08	3	0,2	23	30	12	64	3	3,5	234	4,1	77	1025	2	0	9	5
03/01/2019	09	3	0,2	19	24	13	52	9	3,2	244	6,6	70	1026	144	0	9	5
03/01/2019	10	4	0,1	51	30	15	107	13	2,9	242	7,9	67	1026	156	0	10	6
03/01/2019	11	3	0,1	11	14	14	32	25	1,7	255	11,9	56	1024	437	0	11	6
03/01/2019	12	3	0,1	8	17	13	30	36	0,6	307	14,9	46	1023	422	0	11	6
03/01/2019	13	3	0,1	9	19	9	33	42	1,7	48	15,2	45	1021	496	0	7	4
03/01/2019	14	4	0,1	9	18	7	32	44	2,8	52	14,7	47	1021	430	0	6	3
03/01/2019	15	5	0,1	12	25	9	44	35	2,7	80	14,6	53	1020	287	0	7	4
03/01/2019	16	6	0,1	9	20	20	33	45	2,5	94	14,4	57	1020	120	0	18	10
03/01/2019	17	4	0,1	13	38	9	57	21	2,9	127	12,7	71	1020	0	0	6	3
03/01/2019	18	3	0,1	9	40	6	53	17	2,2	137	11,3	76	1021	0	0	5	2
03/01/2019	19	3	0,1	17	62	8	88	3	0,7	211	10,6	77	1022	0	0	6	3
03/01/2019	20	5	0,2	44	56	12	122	2	0,2	248	9,2	81	1022	0	0	9	5
03/01/2019	21	5	0,2	46	46	14	116	2	1,5	232	7,2	83	1022	0	0	13	7
03/01/2019	22	3	0,2	10	39	16	54	2	0,7	275	7,4	83	1022	2	0	15	8
03/01/2019	23	3	0,2	5	35	15	43	3	2	235	7,1	83	1022	3	0	14	8
04/01/2019	00	3	0,2	4	26	13	32	6	2,5	241	5,9	83	1023	0	0	13	7
04/01/2019	01	3	0,2	3	19	12	23	9	2,2	240	5,5	82	1023	0	0	12	6
04/01/2019	02	3	0,1	3	17	10	21	11	2,4	237	5,6	82	1024	0	0	10	5
04/01/2019	03	3	0,1	2	17	11	21	12	1,5	247	5,8	81	1024	0	0	11	6
04/01/2019	04	3	0,1	3	17	11	22	6	2,1	247	4,4	83	1023	2	0	11	5
04/01/2019	05	3	0,1	4	16	8	22	10	1,6	249	4,6	82	1023	0	0	8	4
04/01/2019	06	4	0,1	19	26	9	56	5	1,4	250	4,2	82	1024	0	0	8	4
04/01/2019	07	3	0,1	25	31	10	69	2	3	237	3,6	84	1024	0	0	8	4
04/01/2019	08	3	0,1	17	29	10	55	6	2,9	242	4,5	82	1025	3	0	9	4
04/01/2019	09	4	0,1	21	25	14	58	11	3,3	244	6,1	77	1025	141	0	13	7
04/01/2019	10	3	0,1	17	20	12	47	20	3,2	244	8	71	1025	328	0	10	5
04/01/2019	11	4	0,1	26	24	14	63	23	2,5	227	10,3	63	1024	449	0	12	7
04/01/2019	12	3	0,1	17	17	10	44	34	2,2	207	12,9	53	1022	499	0	8	4
04/01/2019	13	4	0,1	6	13	14	23	53	1,1	201	14,7	46	1021	503	0	13	7
04/01/2019	14	4	0,1	5	12	17	20	60	2	84	15	48	1021	412	0	16	9
04/01/2019	15	3	0,1	5	13	11	20	55	3,2	72	14	51	1021	288	0	10	5
04/01/2019	16	3	0,1	4	11	7	17	63	2,6	69	13,6	55	1021	96	0	6	3
04/01/2019	17	3	0,1	3	17	6	22	51	1	44	12,3	64	1022	0	0	5	2
04/01/2019	18	7	0,2	40	69	22	130	6	0,4	319	10,3	69	1023	0	0	9	6
04/01/2019	19	5	0,2	39	67	18	126	2	0,9	279	9,5	70	1024	0	0	14	8
04/01/2019	20	4	0,2	12	54	17	72	4	1,4	285	9,3	71	1025	0	0	16	9
04/01/2019	21	5	0,2	33	42	16	92	3	1,6	244	7,7	77	1025	0	0	15	8
04/01/2019	22	4	0,2	15	38	13	62	2	2,9	230	6,7	81	1025	0	0	12	7
04/01/2019	23	3	0,2	4	32	16	38	8	3,1	229	7,4	79	1025	0	0	16	8
05/01/2019	00	3	0,2	3	22	13	26	16	2,8	230	7,9	75	1025	0	0	13	7
05/01/2019	01	3	0,1	3	16	12	20	18	3,3	226	7,5	76	1025	0	0	12	6
05/01/2019	02	3	0,1	3	12	11	16	23	3,1	232	7,7	74	1025	0	0	11	6
05/01/2019	03	3	0,1	3	10	10	15	22	3,4	227	7,3	76	1025	0	0	10	5
05/01/2019	04	3	0,1	3	9	10	13	22	2,4	237	6,6	79	1025	2	0	10	5
05/01/2019	05	3	0,1	3	9	10	13	21	0,9	265	6,6	80	1026	0	0	10	5
05/01/2019	06	3	0,1	6	13	10	22	12	1,8	239	6	82	1026	0	0	10	5
05/01/2019	07	3	0,1	6	14	11	23	14	3,4	221	5,8	82	1026	0	0	10	5
05/01/2019	08	3	0,1	3	9	9	14	20	4,7	223	5,8	80	1027	4	0	9	4
05/01/2019	09	3	0,1	5	10	13	17	22	4,9	225	6,9	75	1027	133	0	13	7
05/01/2019	10	3	0,1	5	9	17	17	30	6	225	9,1	64	1026	319	0	13	8
05/01/2019	11	3	0,1	6	8	17	16	36	6,5	223	11	55	1025	443	0	14	8
05/01/2019	12	3	0,1	5	7	11	14	42	6,5	220	13,3	45	1023	501	0	10	5
05/01/2019	13	3	0,1	4	7	11	14	50	6,8	221	15,3	40	1022	508	0	10	5
05/01/2019	14	3	0,1	4	7	8	13	55	6	216	17,3	34	1020	442	0	7	4
05/01/2019	15	3	0,1	3	7	6	12	59	4,5	211	18,5	31	1020	317	0	6	2
05/01/2019	16	3	0,1	3	10	7	15	56	2,8	205	18,6	33	1019	136	0	6	3
05/01/2019	17	3	0,1	3	13	5	17	47	2,6	198	16	36	1019	4	0	5	2
05/01/2019	18	3	0,1	4	26	8	33	24	1,8	226	12,2	49	1020	0	0	7	3
05/01/2019	19	3	0,1	3	16	7	21	30	3,7	218	11	45	1020	0	0	6	3
05/01/2019	20	3	0,1	3	15	9	19	29	4,7	221	10,6	46	1021	0	0	8	4
05/01/2019	21	3	0,1	3	15	9	20	27	4,3	228	10,3	47	1021	0	0	8	4
05/01/2019	22	3	0,1	3	12	8	16	28	4,6	228	9,5	48	1021	0	0	8	4
05/01/2019	23	3	0,1	3	11	10	15	29	3,1	229	8,8	48	1021	0	0	9	5
06/01/2019	00	3	0,1	3	9	9	13	31	3,4	232	8,4	48	1021	0	0	8	4
06/01/2019	01	3	0,1	3	7	10	11	31	4,2	227	8,2	50	1021	0	0	9	5
06/01/2019	02	3	0,1	3	5	10	9	30	4,2	235	7,7	52	1021	0	0	9	5
06/01/2019	03	3	0,1	3	5	9	9	31	4,1	238	7,5	51	1021	1	0	8	4
06/01/2019	04	3	0,1	3	3	8	7	34	4,9	227	7,8	50	1021	4	0	7	4
06/01/2019	05	3	0,1	3	3	7	7	34	4,7	235	7,4	50	1021	2	0	7	3
06/01/2019	06	3	0,1	3	3	7	6	32	4,3	237	6,4	54	1021	0	0	7	3
06/01/2019	07	3	0,1	3	3	7	7	29	4,2	235	6	55	1021	0	0	7	3
06/01/2019	08	3	0,1	2	3	7	6	30	4,6	233	6,8	50	1022	6	0	7	3
06/01/2019	09	3	0,1	3	3	8	8	31	5,4	231	8,3	46	1022	153	0	7	3
06/01/2019	10	3	0,1	4	3	9	9	34	6,5	226	9,9	42	1022	325	0	8	4
06/01/2019	11	3	0,1	4	3	9	10	37	6,1	228	12,2	37	1021	451	0	9	4
06/01/2019	12	3	0,1	4	4	7	10	45	5,3	231	15	30	1020	502	0	6	3
06/01/2019	13	3	0,1	4	4	6	10	50	4,2	221	17,2	26	1019	514	0	5	2
06/01/2019	14	3	0,1	3	3	5	8	61	3	199	18,8	22	1018	451	0	5	2
06/01/2019	15	3	0,1	3	3	4	8	69	2,8	201	19,3	21	1018	324	0	4	2
06/01/2019	16	3	0,1	3	6	5	10	65	1,9	196	19,1	23	1018	140	0	4	2
06/01/2019	17	3	0,1	3	15	6	20	44	1,5	162	15,8	43	1018	4	0	5	2
06/01/2019	18	4	0,1	11	40	17	57	15	0,6	193	12,1	58	1018	0	0	14	8
06/01/2019	19	3	0,1	8	48	8	60	11	2,9	238	11,1	63	1019	0	0	7	4
06/01/2019	20	3	0,2	7	38	12	49	6	3,6	234	8,9	62	1019	0	0	11	6
06/01/2019	21	3	0,2	5	23	10	30	13	3,4	228	8,5	57	1019	0	0	10	5
06/01/2019	22	3	0,2	3	15	8	19	25	4	224	8,8	52	1019	0	0	8	4
06/01/2019	23	3	0,1	3	11	8	15	26	2,9	243	8,1	52	1020	0	0	7	3
07/01/2019	00	3	0,1	3	10	7	13	25	2,3	245	7,5	53	1020	0	0	7	3
07/01/2019	01	3	0,1	3	8	7	12	26	3,5	235	6,6	56	1020	2	0	7	3
07/01/2019	02	3	0,1	3	4	6	7	31	3,9	230	6,7	54	1020	4	0	6	3
07/01/2019	03	3	0,1	3	5	7	9	27	4,2	238	6	56	1021	1	0	7	3
07/01/2019	04	3	0,1	2	4	6	8	27	4,4	237	5,6	57	1021	0	0	6	3
07/01/2019	05	3	0,1	2	6	7	10	21	1,1	266	4,9	60	1021	0	0	7	3
07/01/2019	06	3	0,1	8	18	8	31	10	3,3	241	3,9	64	1021	0	0	7	3
07/01/2019	07	3	0,1	12	22	8	40	13	4,9	234	5	58	1022	0	0	6	3
07/01/2019	08	3	0,1	26	34	11	74	4	2,8	245	4,7	60	1022	0	0	8	4
07/01/2019	09	3	0,1	28	29	13	72	8	2,1	257	5,7	58	1023	77	0	10	6
07/01/2019	10	4	0,1	27	20	13	61	19	1,7	243	9,9	42	1023	328	0	9	6
07/01/2019	11	4	0,1	23	25	15	60	24	2,1	234	12,2	36	1022	438	0	11	7
07/01/2019	12	5	0,1	20	32	14	63	29	1,1	315	15,7	33	1021	456	0	9	5
07/01/2019	13	5	0,1	17	33	8	59	35	3	358	15,7	45	1020	486	0	5	3
07/01/2019	14	3	0,1	9	16	7	29	46	2,7	34	16,2	56	1019	425	0	5	3
07/01/2019	15	3	0,1	5	13	7	21	55	3	53	16,1	61	1019	297	0	5	3
07/01/2019	16	3	0,1	3	7	4	11	75	3	55	15,4	64	1020	122	0	3	2
07/01/2019	17	3	0,1	3	3	3	7	72	1,2	39	13,8	70	1020	1	0	3	1
07/01/2019	18	3	0,1	8	20	8	32	45	0,5	343	12,3	75	1021	0	0	7	4
07/01/2019	19	4	0,2	31	79	11	127	3	1	288	11,1	77	1021	0	0	9	5
07/01/2019	20	3	0,1	9	49	11	63	11	1	283	10,5	78	1022	0	0	10	5
07/01/2019	21	3	0,1	24	44	11	80	4	1,5	233	7,7	83	1022	0	0	10	5
07/01/2019	22	3	0,1	12	38	11	55	2	1,6	240	7,3	85	1023	0	0	11	6
07/01/2019	23	3	0,1	4	24	10	30	10	2,6	237	6,8	86	1023	0	0	9	5
08/01/2019	00	3	0,1	3	15	11	19	13	0,4	252	6,8	85	1024	3	0	11	5
08/01/2019	01	3	0,2	3	21	13	25	6	2,1	237	6,6	86	1024	0	0	13	7
08/01/2019	02	3	0,1	3	16	13	20	9	2,4	233	6,2	86	1024	0	0	13	7
08/01/2019	03	3	0,1	2	9	11	13	15	2,7	233	6,1	85	1025	0	0	11	5
08/01/2019	04	3	0,1	2	9	9	13	18	4,1	234	6,1	81	1025	0	0	9	4
08/01/2019	05	3	0,1	3	8	8	12	20	4,4	224	6,2	81	1024	0	0	8	4
08/01/2019	06	3	0,1	5	12	8	19	16	4,3	226	5,8	82	1024	0	0	8	4
08/01/2019	07	3	0,1	15	21	9	45	11	3,8	230	5,4	82	1024	2	0	8	4
08/01/2019	08	3	0,1	20	27	11	57	4	3	242	4,9	83	1025	11	0	10	5
08/01/2019	09	4	0,1	22	27	13	60	9	3,7	244	6,4	79	1025	153	0	11	6
08/01/2019	10	3	0,1	19	21	18	50	18	4,2	239	8,4	72	1024	324	0	14	8
08/01/2019	11	3	0,1	11	15	12	31	34	4,6	232	11,1	57	1022	451	0	10	5
08/01/2019	12	3	0,1	6	11	13	21	45	2,7	231	13,8	44	1021	498	0	9	6
08/01/2019	13	3	0,1	7	13	9	23	53	4,1	219	15,5	37	1019	507	0	7	4
08/01/2019	14	3	0,1	6	12	8	21	56	3,3	217	17,4	32	1017	440	0	7	4
08/01/2019	15	7	0,1	4	14	24	20	64	3,2	157	17	41	1016	312	0	21	13
08/01/2019	16	4	0,1	8	31	12	43	51	4	129	15	60	1015	130	0	9	5
08/01/2019	17	3	0,1	9	44	11	57	35	1,4	156	13,6	67	1015	3	0	8	4
08/01/2019	18	4	0,1	16	65	23	89	13	1,4	219	11,9	76	1015	0	0	12	9
08/01/2019	19	4	0,2	13	50	19	69	13	0,1	274	9,9	81	1016	0	0	14	9
08/01/2019	20	6	0,2	65	70	24	169	2	0,6	246	9,2	79	1016	0	0	17	11
08/01/2019	21	6	0,2	51	66	21	144	2	1,4	238	8,4	76	1016	0	0	17	10
08/01/2019	22	5	0,2	33	69	17	120	2	2,3	242	8,2	75	1015	0	0	14	8
08/01/2019	23	3	0,2	12	45	14	63	3	2,3	245	7,4	62	1015	2	0	12	7
09/01/2019	00	3	0,2	12	42	14	61	2	2,6	244	6,6	64	1015	2	0	13	7
09/01/2019	01	3	0,2	7	33	12	44	5	1,1	258	6,8	60	1015	0	0	11	6
09/01/2019	02	3	0,1	3	25	12	29	11	0,8	263	6,9	58	1015	0	0	11	6
09/01/2019	03	3	0,1	2	18	10	22	14	1,3	256	6,2	60	1015	0	0	9	5
09/01/2019	04	3	0,1	2	18	10	22	13	1,4	256	6,1	62	1015	0	0	9	5
09/01/2019	05	3	0,1	3	21	9	25	10	1,1	265	5,9	63	1014	0	0	8	4
09/01/2019	06	3	0,1	9	24	9	39	11	2,9	238	5,9	64	1014	0	0	7	3
09/01/2019	07	3	0,1	29	34	16	79	2	2,7	248	4,6	70	1014	0	0	8	5
09/01/2019	08	3	0,1	31	34	16	81	3	2,8	244	4,9	69	1015	10	0	8	6
09/01/2019	09	3	0,1	18	28	14	56	15	4,5	229	8,1	60	1015	162	0	10	6
09/01/2019	10	3	0,1	13	20	21	40	28	5,9	226	10,6	51	1013	338	0	18	11
09/01/2019	11	3	0,1	10	17	14	32	35	5,5	225	13,6	42	1012	456	0	9	6
09/01/2019	12	3	0,1	7	12	8	23	44	6,2	219	15,7	36	1010	508	0	5	3
09/01/2019	13	3	0,1	6	12	7	21	50	4,5	207	17,6	31	1008	517	0	5	2
09/01/2019	14	3	0,1	6	10	6	19	57	3,8	203	19,1	28	1006	456	0	3	2
09/01/2019	15	3	0,1	4	10	8	16	63	2,7	328	20,3	23	1006	309	0	3	2
09/01/2019	16	3	0,1	4	9	7	15	63	5,2	346	18,5	23	1006	139	0	2	2
09/01/2019	17	3	0,1	3	16	6	21	49	2,6	341	17,3	24	1005	5	0	3	2
09/01/2019	18	3	0,1	3	21	6	25	43	4,6	336	15,8	26	1006	0	0	3	2
09/01/2019	19	3	0,1	3	26	4	30	41	4,2	328	14,9	26	1006	0	0	2	1
09/01/2019	20	3	0,1	3	30	5	34	30	1,7	290	12,5	33	1007	0	0	3	2
09/01/2019	21	3	0,2	3	41	7	45	20	2	317	11,9	33	1008	0	0	5	2
09/01/2019	22	3	0,1	3	37	5	41	28	1,7	325	11,4	35	1008	0	0	4	2
09/01/2019	23	3	0,1	3	20	5	24	33	0,9	268	9,2	41	1009	0	0	4	2
10/01/2019	00	3	0,1	3	9	4	13	44	2	259	8,8	44	1009	0	0	3	1
10/01/2019	01	3	0,1	3	10	5	14	31	2	234	6,7	52	1009	0	0	4	2
10/01/2019	02	3	0,1	3	13	7	17	22	2,3	242	6	55	1009	0	0	6	3
10/01/2019	03	3	0,1	3	15	8	20	21	1,8	244	5,9	56	1010	2	0	7	4
10/01/2019	04	3	0,1	3	15	7	19	18	1,9	248	5	60	1010	2	0	6	3
10/01/2019	05	3	0,1	3	18	6	22	18	2,1	249	4,9	60	1011	0	0	5	3
10/01/2019	06	3	0,1	7	27	7	37	9	1,5	262	4,5	62	1011	0	0	6	3
10/01/2019	07	4	0,2	52	47	12	126	2	1,5	246	3,8	65	1012	0	0	7	4
10/01/2019	08	3	0,1	13	39	8	59	21	2,1	303	7	49	1013	0	0	4	2
10/01/2019	09	3	0,1	14	36	18	58	23	2,6	283	7,5	48	1014	26	0	13	8
10/01/2019	10	3	0,1	5	14	7	22	56	4	346	11	35	1014	330	0	4	2
10/01/2019	11	3	0,1	5	9	5	16	59	3,5	354	11,8	32	1013	454	0	2	1
10/01/2019	12	3	0,1	4	8	5	15	65	2,4	350	12,5	29	1012	502	0	3	1
10/01/2019	13	3	0,1	4	3	4	9	72	2,1	23	13,3	25	1011	505	0	2	1
10/01/2019	14	3	0,1	3	3	3	7	75	2,7	38	13,4	24	1011	431	0	2	1
10/01/2019	15	3	0,1	4	4	5	10	76	1,1	66	13,8	23	1011	293	0	3	2
10/01/2019	16	3	0,1	3	4	4	9	73	1	66	13,4	24	1011	111	0	2	1
10/01/2019	17	8	0,2	28	52	38	95	28	0,3	71	11,7	30	1011	2	0	28	19
10/01/2019	18	4	0,1	52	79	26	159	3	0,4	254	9,1	38	1012	0	0	8	
10/01/2019	19	3	0,1	16	60	8	84	7	1,6	280	8,1	36	1012	0	0	6	3
10/01/2019	20	3	0,1	3	27	6	32	27	2,2	302	7,6	36	1013	0	0	4	2
10/01/2019	21	3	0,1	3	18	5	22	31	1,4	281	6,7	40	1014	2	0	5	2
10/01/2019	22	3	0,1	3	24	8	30	13	1,4	245	3,9	56	1015	2	0	6	3
10/01/2019	23	3	0,1	3	23	10	27	13	1,7	239	3,1	60	1016	0	0	9	5
11/01/2019	00	3	0,1	2	19	9	22	20	2,5	237	2,7	60	1016	0	0	9	5
11/01/2019	01	3	0,1	2	11	8	14	28	2,8	237	2,4	60	1017	2	0	8	4
11/01/2019	02	3	0,1	2	8	7	11	29	3,1	236	2,2	60	1018	0	0	7	3
11/01/2019	03	3	0,1	2	5	6	8	33	3,6	226	2	59	1018	0	0	6	3
11/01/2019	04	3	0,1	2	4	5	7	33	2,8	240	1,9	58	1019	0	0	5	2
11/01/2019	05	3	0,1	2	8	5	12	27	3,3	242	1,5	59	1019	0	0	5	2
11/01/2019	06	3	0,1	13	22	8	41	17	3,1	240	0,9	61	1019	0	0	5	3
11/01/2019	07	3	0,1	31	38	14	85	9	3,3	238	0,8	60	1020	0	0	6	5
11/01/2019	08	3	0,1	16	29	12	54	13	4,4	231	1,2	58	1020	14	0	6	4
11/01/2019	09	3	0,1	22	24	12	59	21	4,9	231	3,4	49	1021	167	0	8	5
11/01/2019	10	4	0,2	14	18	23	39	33	5,4	230	5,5	42	1021	335	0	20	12
11/01/2019	11	3	0,1	8	10	13	22	47	4,6	222	8,1	32	1020	460	0	11	6
11/01/2019	12	5	0,1	45	16	15	84	52	3,5	219	10,3	26	1018	507	0	13	8
11/01/2019	13	3	0,1	3	3	4	8	70	2,2	204	11,7	19	1017	520	0	3	1
11/01/2019	14	3	0,1	5	5	5	11	73	1,4	213	12,8	17	1017	444	0	3	2
11/01/2019	15	3	0,1	4	5	13	10	72	1,9	124	12,7	22	1017	313	0	11	6
11/01/2019	16	3	0,1	5	16	10	23	56	2,9	116	11,7	28	1017	131	0	7	4
11/01/2019	17	6	0,1	21	49	18	81	23	2,6	129	10	38	1017	3	0	6	
11/01/2019	18	4	0,1	24	54	6	90	13	1,9	163	8	47	1018	0	0	3	2
11/01/2019	19	3	0,1	5	36	8	43	24	1,8	201	6,9	48	1018	0	0	5	3
11/01/2019	20	3	0,3	18	55	17	83	5	0,3	321	5,2	54	1019	0	0	12	7
11/01/2019	21	5	0,4	61	64	20	157	2	0,3	266	4,2	59	1020	3	0	14	9
11/01/2019	22	4	0,2	44	46	15	113	2	1,6	246	2,6	64	1021	0	0	11	7
11/01/2019	23	3	0,3	12	37	13	55	2	2,2	244	2,3	63	1022	0	0	11	6
12/01/2019	00	3	0,3	14	39	16	60	2	2,1	245	2,4	62	1023	2	0	14	8
12/01/2019	01	3	0,2	4	20	11	26	13	3,7	236	2,3	59	1023	0	0	10	5
12/01/2019	02	3	0,1	2	11	9	14	22	3,4	237	2,7	57	1023	0	0	8	4
12/01/2019	03	3	0,1	2	9	8	13	24	3,5	236	2,5	57	1024	0	0	7	4
12/01/2019	04	3	0,1	2	6	7	9	26	4,1	227	2	59	1024	0	0	7	3
12/01/2019	05	3	0,1	2	6	7	9	27	3,7	232	2,1	58	1024	0	0	6	3
12/01/2019	06	3	0,1	2	7	7	10	25	3,6	243	1,9	59	1024	0	0	6	3
12/01/2019	07	3	0,1	3	12	7	17	18	3,5	243	1,6	60	1025	0	0	6	3
12/01/2019	08	3	0,1	4	12	10	18	19	3,9	238	1,8	60	1025	15	0	7	4
12/01/2019	09	3	0,1	5	10	12	18	28	4,7	239	4,3	52	1025	170	0	10	6
12/01/2019	10	3	0,1	7	8	12	19	36	5,5	227	6,8	46	1025	347	0	9	5
12/01/2019	11	3	0,1	8	8	16	20	42	4,8	225	9,4	39	1023	466	0	8	5
12/01/2019	12	3	0,1	5	7	12	14	53	3,7	219	11,9	32	1021	515	0	7	3
12/01/2019	13	3	0,1	4	4	6	10	63	2,5	205	13,9	28	1020	518	0	5	2
12/01/2019	14	3	0,1	3	4	5	9	75	3,3	183	15,3	24	1018	451	0	3	2
12/01/2019	15	3	0,1	3	4	12	9	72	4,3	128	14,8	36	1018	321	0	3	
12/01/2019	16	3	0,1	3	5	5	10	72	4,2	145	14	41	1018	137	0	4	2
12/01/2019	17	3	0,1	3	19	5	24	54	2,5	140	11,9	47	1018	4	0	3	1
12/01/2019	18	3	0,1	4	33	9	39	38	1,1	186	10,1	57	1019	0	0	6	3
12/01/2019	19	3	0,1	6	57	10	66	14	1,3	239	8,8	58	1019	0	0	7	4
12/01/2019	20	3	0,2	13	59	13	78	4	0,8	258	7,1	62	1020	0	0	11	6
12/01/2019	21	3	0,2	13	51	15	71	4	1,2	250	6,6	59	1021	3	0	13	7
12/01/2019	22	3	0,2	3	30	14	34	14	1,9	246	6,5	55	1021	0	0	13	7
12/01/2019	23	4	0,2	2	20	11	23	19	1,5	246	5,5	56	1021	0	0	9	5
13/01/2019	00	3	0,2	2	13	9	17	22	2,3	243	5,3	57	1021	0	0	8	4
13/01/2019	01	4	0,2	2	9	9	12	26	1,6	256	4,8	58	1021	0	0	8	4
13/01/2019	02	4	0,2	2	8	9	11	24	1,3	260	4,7	59	1022	2	0	8	4
13/01/2019	03	3	0,2	2	8	8	11	22	3,5	232	3,6	65	1021	0	0	7	4
13/01/2019	04	3	0,2	2	2	6	6	33	3,9	226	4,4	61	1021	0	0	6	3
13/01/2019	05	4	0,1	2	2	6	6	30	3	232	3,8	66	1021	0	0	6	3
13/01/2019	06	4	0,1	2	3	16	6	28	3,2	230	3,7	66	1021	0	0	15	9
13/01/2019	07	3	0,1	2	3	6	6	28	2,8	235	3,8	66	1022	0	0	5	2
13/01/2019	08	3	0,1	2	3	5	6	28	4,4	229	4,4	64	1022	14	0	4	2
13/01/2019	09	3	0,1	3	2	6	7	33	6,3	225	6,8	57	1022	180	0	5	2
13/01/2019	10	4	0,1	4	3	7	8	39	6,8	224	9,4	49	1021	365	0	6	3
13/01/2019	11	3	0,1	4	3	6	9	43	5,4	217	12	41	1019	459	0	5	2
13/01/2019	12	3	0,1	3	3	7	8	52	3,4	221	14,2	34	1018	513	0	4	2
13/01/2019	13	4	0,1	3	3	6	8	62	1,3	227	16,3	29	1017	525	0	4	2
13/01/2019	14	3	0,1	3	3	4	7	69	1,6	215	17,1	27	1016	454	0	3	1
13/01/2019	15	4	0,1	3	2	7	6	76	2,7	137	16,8	30	1015	333	0	5	3
13/01/2019	16	7	0,2	4	9	23	13	67	2,7	94	15,5	39	1015	140	0	19	12
13/01/2019	17	4	0,1	3	19	13	24	49	1,8	142	13,7	48	1015	4	0	6	3
13/01/2019	18	4	0,1	3	18	5	22	43	2,2	172	11,6	56	1015	0	0	4	2
13/01/2019	19	3	0,1	3	22	5	26	32	2,5	219	9,7	60	1016	0	0	5	2
13/01/2019	20	4	0,2	6	44	14	53	6	1	244	9,1	57	1016	0	0	11	6
13/01/2019	21	4	0,2	5	35	16	41	12	2,2	241	8,8	56	1016	0	0	16	9
13/01/2019	22	4	0,2	3	21	10	25	19	2,2	237	8,2	57	1016	0	0	9	4
13/01/2019	23	3	0,1	2	12	7	16	26	2,4	238	8	57	1015	3	0	7	3
14/01/2019	00	4	0,2	2	13	11	17	21	2	242	7,1	60	1015	2	0	10	5
14/01/2019	01	3	0,1	2	9	7	12	25	2,3	239	7,1	60	1015	0	0	6	3
14/01/2019	02	3	0,1	2	4	5	8	27	3,5	232	6,7	62	1015	0	0	5	2
14/01/2019	03	3	0,1	2	4	5	8	29	3,3	238	7	62	1015	0	0	4	2
14/01/2019	04	3	0,1	2	4	4	7	28	3,6	230	6,7	64	1014	0	0	4	1
14/01/2019	05	3	0,1	3	6	4	10	26	3,7	236	6,9	63	1014	0	0	4	1
14/01/2019	06	3	0,1	4	9	6	15	26	6	227	7,6	61	1014	0	0	4	2
14/01/2019	07	3	0,1	9	19	9	33	19	5,7	226	7,9	60	1014	0	0	4	2
14/01/2019	08	3	0,1	8	21	8	33	20	6,2	227	9,2	56	1013	17	0	5	3
14/01/2019	09					8			7,2	225	11,1	51	1013	187	0	5	3
14/01/2019	10					9			6,9	222	13,5	44	1012	357	0	6	3
14/01/2019	11	3	0,1	8	14	10	27	38	5,3	220	16	38	1012	474	0	6	4
14/01/2019	12	4	0,1	6	12	8	22	45	2,7	230	18,7	31	1011	527	0	6	3
14/01/2019	13	4	0,1	6	12	8	21	48	1,1	312	20,7	28	1009	531	0	5	3
14/01/2019	14	4	0,1	4	9	7	15	61	2,9	69	19,7	32	1009	453	0	5	3
14/01/2019	15	3	0,1	4	6	4	12	72	4,2	77	19	32	1009	321	0	3	1
14/01/2019	16	3	0,1	5	9	4	16	65	3,7	63	17,2	46	1009	147	0	3	1
14/01/2019	17	5	0,1	4	17	17	23	50	2,7	81	14,7	63	1010	5	0	13	8
14/01/2019	18	3	0,1	9	15	7	28	42	0,7	38	13,1	72	1011	0	0	4	2
14/01/2019	19	5	0,2	9	52	21	65	15	0,5	319	12,3	71	1012	0	0	13	9
14/01/2019	20	5	0,2	21	69	12	101	2	0,7	316	11,4	71	1013	0	0	11	6
14/01/2019	21	5	0,2	15	58	11	81	2	1,6	292	10	74	1013	0	0	9	5
14/01/2019	22	5	0,1	17	50	10	77	2	0,8	252	8,4	79	1013	0	0	8	4
14/01/2019	23	4	0,1	8	42	8	55	2	2,3	245	7,5	77	1014	0	0	7	4
15/01/2019	00	4	0,1	4	31	10	37	6	2,8	242	6,5	76	1014	2	0	9	5
15/01/2019	01	4	0,2	3	27	10	31	8	3,2	236	6,2	77	1014	2	0	9	5
15/01/2019	02	4	0,2	2	17	7	20	17	3,3	232	6,3	74	1015	0	0	7	3
15/01/2019	03	4	0,2	2	15	8	18	15	3,4	239	5,6	75	1015	0	0	7	3
15/01/2019	04	4	0,2	2	13	7	17	15	2,9	244	5,3	75	1015	0	0	7	3
15/01/2019	05	4	0,2	3	16	7	20	13	1,1	258	5,1	75	1015	1	0	6	3
15/01/2019	06	5	0,2	20	28	8	59	2	3,5	238	4,2	78	1016	3	0	6	3
15/01/2019	07	6	0,2	46	40	11	110	2	3,4	240	4,5	78	1016	1	0	7	4
15/01/2019	08	6	0,2	37	36	14	93	3	3	245	5	75	1017	19	0	8	5
15/01/2019	09	5	0,2	25	27	17	64	11	3,6	239	7,5	68	1017	188	0	13	8
15/01/2019	10	5	0,1	22	25	13	59	19	3,3	238	10,3	59	1017	358	0	8	5
15/01/2019	11	5	0,1	14	24	13	46	28	1,6	223	13,6	49	1016	468	0	9	6
15/01/2019	12	5	0,1	10	22	13	37	39	1,2	18	15,8	43	1015	511	0	9	5
15/01/2019	13	5	0,1	12	27	10	45	46	2,2	54	15,6	45	1013	529	0	8	4
15/01/2019	14	5	0,1	10	15	7	31	51	2,6	52	15,8	54	1013	460	0	5	3
15/01/2019	15	5	0,1	5	16	10	24	53	3,4	77	15,5	62	1012	325	0	7	4
15/01/2019	16	6	0,1	5	24	18	32	52	3,2	87	15	66	1012	140	0	14	9
15/01/2019	17	10	0,2	6	42	35	51	30	2	92	13,7	73	1012	4	0	31	19
15/01/2019	18	11	0,1	18	59	37	87	13	0,8	106	12,1	80	1013	0	0	31	19
15/01/2019	19	6	0,1	25	68	10	106	5	0,1	218	11,1	81	1014	0	0	7	4
15/01/2019	20	7	0,2	47	69	16	141	2	0,2	307	9,7	84	1014	0	0	14	8
15/01/2019	21	7	0,2	46	67	16	138	2	0,8	299	9	84	1014	0	0	15	8
15/01/2019	22	6	0,1	32	57	14	105	2	1,8	226	8,1	87	1014	0	0	13	7
15/01/2019	23	4	0,1	15	47	14	69	2	2,8	235	6,7	88	1014	1	0	13	7
16/01/2019	00	4	0,1	6	34	13	43	3	2,1	235	6,4	86	1014	2	0	13	7
16/01/2019	01	3	0,1	2	26	12	30	10	2,7	233	6,8	82	1014	0	0	12	7
16/01/2019	02	3	0,1	2	17	10	21	16	2,4	229	6,6	82	1014	0	0	10	5
16/01/2019	03	3	0,1	2	21	12	25	6	1,6	242	5,8	84	1014	0	0	11	6
16/01/2019	04	3	0,1	2	18	11	21	11	1,9	248	5,7	83	1014	0	0	10	5
16/01/2019	05	3	0,1	4	18	9	23	9	3,2	235	5,6	83	1013	0	0	9	5
16/01/2019	06	4	0,1	22	29	11	62	4	2,6	245	5,4	83	1013	0	0,1	10	5
16/01/2019	07	8	0,1	104	44	14	204	2	2,5	244	4,8	84	1014	0	0	11	6
16/01/2019	08	5	0,1	40	36	17	98	2	1,5	252	5,3	82	1014	11	0	11	7
16/01/2019	09	5	0,1	37	35	17	91	5	2,5	254	7,2	77	1014	152	0	14	8
16/01/2019	10	5	0,1	21	29	23	61	17	3,5	240	9,8	69	1013	348	0	20	12
16/01/2019	11	4	0,1	9	22	15	37	32	4	224	12,8	55	1012	468	0	12	7
16/01/2019	12	4	0,1	8	21	13	34	41	3,5	211	15	46	1010	519	0	11	6
16/01/2019	13	4	0,1	5	17	14	25	54	3,2	187	16,8	42	1009	523	0	11	6
16/01/2019	14	7	0,1	4	16	26	23	55	4,4	100	15,9	60	1008	451	0	23	14
16/01/2019	15	6	0,1	4	20	19	27	52	3,7	105	16,4	62	1007	312	0	16	10
16/01/2019	16	3	0,1	6	32	11	41	50	3,5	129	16,4	55	1007	132	0	9	5
16/01/2019	17	3	0,1	6	40	10	50	37	2,7	157	14,3	63	1007	3	0	9	5
16/01/2019	18	3	0,1	6	35	10	44	32	2,5	187	12,2	74	1007	0	0	9	4
16/01/2019	19	3	0,1	4	49	14	56	14	1,4	244	11,3	74	1008	0	0	12	7
16/01/2019	20	5	0,2	11	86	18	103	2	2,9	322	11,3	75	1009	0	0	17	9
16/01/2019	21	4	0,2	12	78	18	98	2	0,8	288	10,2	78	1009	0	0	16	9
16/01/2019	22	4	0,2	10	61	16	76	5	0,8	261	9,6	76	1010	0	0	15	8
16/01/2019	23	3	0,1	3	27	12	32	29	3,1	238	10,2	65	1010	0	0	11	6
17/01/2019	00	3	0,1	2	15	12	19	36	3,1	229	9,8	63	1009	0	0	11	6
17/01/2019	01	3	0,1	2	11	10	14	38	3,4	228	8,9	65	1009	0	0	10	5
17/01/2019	02	3	0,1	2	9	11	13	35	2,9	229	8	69	1009	0	0	11	6
17/01/2019	03	3	0,1	2	11	11	15	31	1,1	243	7,7	69	1009	2	0	11	6
17/01/2019	04	3	0,1	2	12	11	16	28	1,7	241	7,2	71	1010	2	0	11	6
17/01/2019	05	3	0,1	3	19	12	24	19	0,8	249	6,7	73	1010	0	0	11	6
17/01/2019	06	3	0,1	20	39	14	69	5	2,3	238	5,9	76	1010	0	0	12	7
17/01/2019	07	3	0,1	15	34	15	58	7	2,6	229	6,3	74	1010	0	0	12	7
17/01/2019	08	3	0,1	13	37	16	57	4	2,6	226	6,9	73	1011	0	0	14	8
17/01/2019	09	3	0,1	15	36	17	58	6	3,7	226	7,7	76	1011	0	0,1	16	9
17/01/2019	10	3	0,1	15	30	19	53	10	4,4	223	8,8	71	1011	1	0	18	10
17/01/2019	11	3	0,1	15	28	22	51	15	4,4	224	10,1	65	1011	50	0	21	12
17/01/2019	12	3	0,1	9	26	23	41	19	2,7	213	11,4	60	1010	125	0	22	12
17/01/2019	13	3	0,1	9	26	20	40	24	2	224	13	54	1009	157	0	17	10
17/01/2019	14	3	0,1	9	25	19	39	26	0,7	215	14	49	1009	110	0	15	9
17/01/2019	15	4	0,1	9	34	26	48	26	1,3	138	14,1	52	1009	69	0	23	13
17/01/2019	16	3	0,1	5	33	30	41	27	1,7	149	13,5	56	1008	6	0	28	17
17/01/2019	17	5	0,2	27	63	36	104	5	0,1	87	13	59	1009	0	0	26	16
17/01/2019	18	10	0,2	63	63	62	159	2	0,1	136	12,2	67	1009	0	0	44	29
17/01/2019	19	5	0,2	32	67	35	117	2	0,6	199	11,9	66	1010	0	0	27	17
17/01/2019	20	4	0,1	28	65	29	108	2	0,6	240	11,4	70	1010	0	0	25	15
17/01/2019	21	5	0,3	31	62	35	110	2	0,3	260	11,1	68	1011	0	0	32	19
17/01/2019	22	7	0,3	67	58	36	160	2	0,4	256	10,4	72	1011	0	0	31	19
17/01/2019	23	5	0,3	37	55	29	112	2	0,3	276	10,4	70	1012	0	0	26	15
18/01/2019	00	4	0,2	14	46	22	67	2	0,2	273	9,1	72	1012	0	0	20	11
18/01/2019	01	3	0,1	4	31	14	37	10	1,3	293	8,7	66	1012	0	0	12	7
18/01/2019	02	3	0,1	2	17	6	20	23	1,1	268	8,7	58	1012	0	0	5	2
18/01/2019	03	3	0,1	3	19	13	24	10	2,2	229	6,5	72	1012	4	0	12	6
18/01/2019	04	3	0,1	3	19	13	24	8	1,6	239	6,3	75	1012	0	0	13	7
18/01/2019	05	3	0,1	9	24	17	38	4	2,4	236	6,1	78	1012	0	0	16	9
18/01/2019	06	4	0,1	26	31	16	71	3	1,2	247	5,4	77	1013	0	0	13	8
18/01/2019	07	7	0,1	71	48	19	157	2	2,1	237	5,1	76	1013	0	0	12	8
18/01/2019	08	4	0,1	29	35	18	80	2	1,8	251	4,9	76	1014	14	0	13	8
18/01/2019	09	4	0,1	22	26	16	60	10	3,8	228	7,2	67	1014	183	0	13	7
18/01/2019	10	3	0,1	11	20	11	36	19	4,9	228	9,1	56	1014	355	0	10	5
18/01/2019	11	3	0,1	8	17	9	30	25	2,9	236	11,7	47	1012	423	0	8	4
18/01/2019	12	3	0,1	6	18	9	28	29	0,9	230	13	42	1012	286	0	7	4
18/01/2019	13	3	0,1	6	15	9	24	32	1,6	115	13,8	41	1010	351	0	7	4
18/01/2019	14	4	0,1	5	15	13	23	34	2,5	99	14	44	1009	320	0	10	6
18/01/2019	15	5	0,1	8	22	17	35	32	3,2	107	13	48	1009	88	0	12	8
18/01/2019	16	3	0,1	5	23	7	30	29	3,6	138	12,3	55	1009	3	0	5	2
18/01/2019	17	3	0,1	4	29	5	36	23	2,9	154	11,4	62	1009	0	0	4	2
18/01/2019	18	3	0,1	4	30	8	35	19	2,7	166	10,5	68	1009	0	0	6	3
18/01/2019	19	3	0,1	7	34	9	45	12	1,2	202	9,6	72	1009	0	0	8	4
18/01/2019	20	4	0,1	9	54	14	68		0,7	275	9,4	67	1009	0	0	12	7
18/01/2019	21	4	0,1	13	58	12	78		1,1	264	9,7	54	1009	0	0	11	6
18/01/2019	22	4	0,1	11	52	12	69		0,8	260	9,4	55	1010	0	0	11	6
18/01/2019	23	3	0,1	3	36	8	41		0,5	274	9	53	1010	0	0	7	3
19/01/2019	00	3	0,1	3	24	6	28		0,6	233	8,1	52	1010	0	0	5	2
19/01/2019	01	3	0,1	2	17	7	21		2,2	228	6,8	56	1010	0	0	7	3
19/01/2019	02	3	0,1	2	11	4	15		2,4	232	5,9	58	1010	1	0	4	1
19/01/2019	03	3	0,1	2	7	4	10		3,7	225	5,2	62	1010	2	0	3	1
19/01/2019	04	3	0,1	2	4	3	7		3,7	221	5,5	60	1010	0	0	3	1
19/01/2019	05	3	0,1	2	4	4	8		3,6	223	5,5	61	1010	0	0	4	1
19/01/2019	06	3	0,1	2	6	5	9		4,5	218	5,3	61	1010	0	0	4	2
19/01/2019	07	3	0,1	3	9	6	13		3,7	219	4,6	65	1011	0	0	5	2
19/01/2019	08	3	0,1	4	12	7	19		2,9	225	5,8	62	1011	20	0	6	3
19/01/2019	09	3	0,1	7	13	11	22		4,2	226	8,2	54	1011	193	0	8	5
19/01/2019	10	3	0,1	5	10	10	17		4	212	10,5	46	1011	366	0	8	4
19/01/2019	11	3	0,1	5	9	9	16		3,5	220	12,3	40	1010	482	0	8	4
19/01/2019	12	3	0,1	4	7	9	13		1,6	237	14,6	34	1009	507	0	7	4
19/01/2019	13	4	0,1	3	8	12	13		2,7	96	14,8	35	1007	397	0	10	5
19/01/2019	14	4	0,1	3	7	9	11		2,8	72	14,9	38	1006	361	0	8	4
19/01/2019	15	4	0,1	3	8	11	12		3	119	15	41	1006	204	0	9	5
19/01/2019	16	3	0,1	3	8	12	13		4,3	129	13,6	51	1005	55	0	6	4
19/01/2019	17	3	0,1	3	12	5	16		4,2	160	12,2	54	1005	0	0	5	2
19/01/2019	18	3	0,1	3	11	6	15		3,8	168	11,6	56	1005	0	0	5	2
19/01/2019	19	3	0,1	3	13	6	18		2	182	11,4	60	1005	0	0	5	2
19/01/2019	20	3	0,1	3	20	7	24		1,7	235	10,9	59	1005	0	0	6	3
19/01/2019	21	3	0,2	5	44	10	51		0,7	228	11,1	59	1005	0	0	9	5
19/01/2019	22	3	0,2	3	29	11	33		0,9	242	11	60	1004	0	0	11	6
19/01/2019	23	4	0,2	3	29	14	33		1,1	241	10,7	63	1004	0	0	14	7
20/01/2019	00	4	0,2	3	30	16	35		0,6	246	10,7	63	1003	0	0	15	8
20/01/2019	01	4	0,3	3	30	19	34		0,5	190	10	70	1002	0	0,1	18	10
20/01/2019	02	7	0,1	2	24	29	28		0,4	100	9,9	73	1002	0	0	26	15
20/01/2019	03	4	0,1	2	16	15	20		0,9	253	9,9	75	1002	0	0	14	8
20/01/2019	04	4	0,1	2	16	15	20		0,6	254	10	74	1001	0	0	14	8
20/01/2019	05	4	0,1	2	15	11	19		0,8	233	10,5	69	1001	0	0	11	6
20/01/2019	06	4	0,1	2	16	10	19		0,6	227	10,3	69	1000	0	0	10	5
20/01/2019	07	3	0,1	4	26	13	31		1,7	222	9,4	74	1000	0	0	12	6
20/01/2019	08	3	0,1	3	18	11	22		2,4	224	9,8	72	1000	0	0	10	5
20/01/2019	09	3	0,1	3	18	9	23		1,6	258	11,1	69	1001	32	0	9	4
20/01/2019	10	3	0,1	4	17	6	22		3,4	12	12,1	74	1002	145	0,1	5	2
20/01/2019	11	4	0,1	4	17	6	23		4,3	360	12,4	70	1003	166	0,1	5	3
20/01/2019	12	4	0,1	4	19	5	25		3,9	358	12,8	68	1003	189	0	4	2
20/01/2019	13	4	0,1	3	16	4	21		1,6	334	13	63	1003	85	0	4	1
20/01/2019	14	4	0,1	4	19	4	25		1,5	196	13,4	60	1002	130	0	3	1
20/01/2019	15	4	0,1	4	14	4	20		2,9	166	14,3	56	1002	216	0	3	1
20/01/2019	16	4	0,1	3	15	9	20		3	96	13,5	64	1003	85	0	8	4
20/01/2019	17	7	0,2	3	19	20	24		2,2	84	12,9	66	1003	7	0	18	11
20/01/2019	18	10	0,2	4	30	37	36		0,7	88	12,3	67	1004	0	0	31	20
20/01/2019	19	4	0,1	5	31	8	37		0,8	294	11,9	68	1006	0	0	7	4
20/01/2019	20	3	0,1	2	18	5	21		0,8	317	12,4	66	1006	0	0	5	2
20/01/2019	21	3	0,1	2	14	4	18		1,2	342	12,1	67	1007	0	0	3	1
20/01/2019	22	3	0,1	2	26	6	29		1,1	289	10,9	70	1008	0	0	5	2
20/01/2019	23	3	0,1	2	21	3	25		1,8	290	9,8	60	1008	0	0	3	1
21/01/2019	00	3	0,1	2	11	2	15		2,7	290	9,7	51	1009	0	0	1	1
21/01/2019	01	3	0,1	2	7	1	11		1,8	282	8,6	54	1009	0	0	1	1
21/01/2019	02	3	0,1	2	6	2	10		3,4	221	6,1	67	1009	1	0	2	1
21/01/2019	03	3	0,1	2	5		9		3,3	229	5,6	70	1010	3	0		
21/01/2019	04	3	0,1	2	4	2	8		2,6	236	5,5	69	1010	0	0	2	1
21/01/2019	05	3	0,2	3	13	2	17		2,4	239	5,2	70	1011	0	0	2	1
21/01/2019	06	3	0,2	8	21	3	33		3,3	237	4,9	71	1011	0	0	2	1
21/01/2019	07	3	0,2	13	25	3	46		3,3	235	5	70	1012	0	0	2	1
21/01/2019	08	3	0,2	12	24	3	43		3,6	232	5,3	69	1012	30	0	2	1
21/01/2019	09	3	0,2	10	17	5	33		3,6	238	8,1	59	1012	214	0	4	2
21/01/2019	10	3	0,1	11	13	5	30		4,8	231	10,2	51	1012	385	0	4	2
21/01/2019	11	3	0,1	7	12	4	23		3,8	248	13,2	41	1011	501	0	3	1
21/01/2019	12	3	0,1	3	6	3	11		4,3	350	14,9	30	1010	542	0	1	1
21/01/2019	13	3	0,1	2	5	2	9		4,1	298	15,3	28	1010	353	0	1	1
21/01/2019	14	3	0,1	2	4	4	8		3,7	341	15,1	28	1009	186	0	4	2
21/01/2019	15	3	0,1	3	8	4	13		3	72	14,3	37	1009	175	0	3	2
21/01/2019	16	3	0,1	3	6	2	11		2	57	13,8	45	1009	96	0	1	1
21/01/2019	17	6	0,2	11	37	23	54		0,6	125	12,1	53	1010	1	0	15	11
21/01/2019	18	6	0,1	46	65	17	135		0,1	253	10,2	57	1010	0	0	8	6
21/01/2019	19	5	0,1	21	62	8	94		1,6	296	10,3	45	1011	0	0	6	3
21/01/2019	20	3	0,1	5	33	4	40		3,6	308	9,8	41	1011	0	0	3	1
21/01/2019	21	3	0,1	2	13	3	16		3,4	309	9,8	38	1012	0	0	3	1
21/01/2019	22	3	0,1	2	11	3	14		1,4	278	8,1	44	1012	0	0	3	1
21/01/2019	23	3	0,1	2	9	2	13		2,2	229	5,9	53	1012	0	0	2	1
22/01/2019	00	3	0,1	2	8	4	11		2,1	240	5	59	1013	3	0	4	2
22/01/2019	01	3	0,1	2	8	6	12		2,6	237	4,3	64	1013	0	0	6	3
22/01/2019	02	3	0,1	2	6	6	10		1,9	232	3,6	66	1013	0	0	6	2
22/01/2019	03	3	0,1	2	3	4	7		2,3	222	3,6	62	1013	0	0	4	2
22/01/2019	04	3	0,1	2	2	3	6		2,4	237	3,4	62	1012	3	0	3	1
22/01/2019	05	3	0,1	2	6	2	9		2,7	237	3,4	62	1012	0	0	2	1
22/01/2019	06	4	0,1	17	17	3	43		3,1	231	2,9	63	1012	0	0	2	1
22/01/2019	07	3	0,1	20	25	6	56		3,6	234	2,5	65	1013	0	0	3	2
22/01/2019	08	3	0,1	11	23	6	40		4	233	3,3	63	1012	34	0	5	3
22/01/2019	09	3	0,1	8	13	6	25		3,3	216	7	51	1012	229	0	4	2
22/01/2019	10	3	0,1	7	10	6	21		2,5	261	11,5	37	1010	389	0	3	2
22/01/2019	11	3	0,1	5	3	6	11		4,6	284	13,5	30	1008	490	0	2	2
22/01/2019	12	3	0,1	3	2	4	7		5,5	286	14,5	29	1007	517	0	2	1
22/01/2019	13	3	0,1	3	4	4	8		4,5	280	14,4	30	1005	336	0	2	1
22/01/2019	14	3	0,1	3	6	13	11		3,8	263	14,5	31	1004	205	0	9	6
22/01/2019	15	3	0,1	4	7	7	13		3,7	266	14,1	32	1003	80	0	4	2
22/01/2019	16	3	0,1	4	10	5	16		5,7	242	13,3	35	1003	0	0	3	2
22/01/2019	17	3	0,1	5	12	8	20		4,7	255	13	35	1003	0	0	3	2
22/01/2019	18	3	0,1	3	10	5	14		4	278	13,1	36	1003	0	0	2	1
22/01/2019	19	3	0,1	2	5	3	9		3,8	282	12,5	41	1003	0	0	2	1
22/01/2019	20	3	0,1	2	11	3	14		3,1	279	12,1	44	1004	0	0	2	1
22/01/2019	21	3	0,1	2	9	3	13		3,2	277	11,6	49	1003	0	0	3	1
22/01/2019	22	3	0,1	2	5	3	9		3,3	282	11,4	49	1003	0	0	2	1
22/01/2019	23	3	0,1	2	3	2	6		3,1	278	11,1	50	1002	0	0	2	1
23/01/2019	00	3	0,1	2	2	3	6		3,6	274	11,2	50	1002	0	0	2	1
23/01/2019	01	3	0,1	2	3	3	7		5	271	11,1	50	1001	0	0	2	1
23/01/2019	02	3	0,1	2	2	3	6		5,2	283	11,3	51	1000	0	0	2	1
23/01/2019	03	3	0,1	2	2	5	6		6,8	284	11,9	48	1000	0	0	2	1
23/01/2019	04	3	0,1	2	2	3	6		4,4	278	11,9	51	1000	0	0	2	1
23/01/2019	05	3	0,1	2	2	2	6		3,1	267	11,7	52	1000	0	0	2	1
23/01/2019	06	3	0,1	2	3	2	7		3,7	259	11,8	51	999	0	0	2	1
23/01/2019	07	3	0,1	3	6	5	10		4,5	268	12,1	49	998	0	0	2	1
23/01/2019	08	3	0,1	3	5	7	10		5	263	12,3	49	998	14	0	3	1
23/01/2019	09	3	0,1	4	4	17	10		6,3	259	13,7	45	996	196	0	4	
23/01/2019	10	3	0,1	3	3	18	8		6,1	264	14,6	42	996	347	0	4	
23/01/2019	11	3	0,1	4	3	7	9		7,4	250	15,6	40	995	465	0	2	2
23/01/2019	12	3	0,1	4	4	5	10		6,4	250	17,5	36	994	456	0	2	1
23/01/2019	13	3	0,1	3	4	4	9		4	261	18,8	33	993	242	0	2	1
23/01/2019	14	3	0,1	3	3	4	8		6	283	20	28	992	209	0	1	1
23/01/2019	15	3	0,1	3	4	5	8		7,2	287	20,5	27	992	248	0	1	1
23/01/2019	16	3	0,1	3	2	5	6		6,7	287	20,5	27	992	185	0	1	1
23/01/2019	17	3	0,1	3	3	2	7		6,2	283	19,1	30	993	9	0	1	1
23/01/2019	18	3	0,1	3	3	3	7		6,8	284	17,9	33	993	1	0	1	1
23/01/2019	19	3	0,1	3	2	2	6	59	6,4	285	17,5	35	993	0	0	1	1
23/01/2019	20	3	0,1	3	2	2	6	56	5,9	283	17,1	36	993	0	0	1	1
23/01/2019	21	3	0,1	3	2	2	6	52	6,6	284	17	38	993	0	0	1	1
23/01/2019	22	3	0,1	3	6	2	10	45	5,1	284	16,6	41	994	0	0	1	1
23/01/2019	23	3	0,1	3	5	2	9	44	2,9	279	15,7	44	994	0	0	1	1
24/01/2019	00	3	0,1	3	4	2	8	43	3,6	283	15,6	44	994	0	0	1	1
24/01/2019	01	3	0,1	3	5	1	9	46	3,6	284	15,5	44	994	0	0	1	1
24/01/2019	02	3	0,1	3	4	1	8	45	2,1	284	14,9	45	995	0	0	1	1
24/01/2019	03	3	0,1	2	2	1	6	46	0,7	268	13,5	49	995	0	0	1	1
24/01/2019	04	3	0,1	2	2	1	6	47	0,9	255	13,2	48	995	0	0	1	1
24/01/2019	05	5	0,2	6	21	22	31	14	0,6	97	9,9	63	996	0	0	17	11
24/01/2019	06	10	0,3	11	23	25	40	16	1,2	92	11,1	58	997	0	0	19	13
24/01/2019	07	3	0,1	2	2	3	6	51	6,4	4	13,8	46	998	0	0	1	1
24/01/2019	08	3	0,1	2	2	1	6	58	5,7	29	12,3	54	999	8	0	1	1
24/01/2019	09	3	0,1	2	2	1	6	56	6,1	13	13,1	44	1000	87	0	1	1
24/01/2019	10	3	0,1	3	2	1	6	60	7,5	0	14,7	33	1001	354	0	1	1
24/01/2019	11	3	0,1	3	2	2	6	63	5,5	8	15,2	32	1001	502	0	1	1
24/01/2019	12	3	0,1	3	2	2	6	67	7	3	15,3	31	1000	533	0	1	1
24/01/2019	13	3	0,1	3	2	3	6	66	10,4	344	15,4	30	1000	371	0	1	1
24/01/2019	14	3	0,1	3	2	3	6	67	10,4	340	15,1	30	1000	182	0	1	1
24/01/2019	15	3	0,1	3	3	2	7	61	8,2	336	15,1	31	1001	31	0	1	1
24/01/2019	16	3	0,1	3	3	2	7	60	8,8	327	15,1	32	1002	0	0	1	1
24/01/2019	17	3	0,1	3	7	3	11	53	6,4	312	14,8	34	1002	0	0	2	1
24/01/2019	18	3	0,1	3	6	4	11	58	10,2	322	14,5	35	1003	0	0	2	1
24/01/2019	19	3	0,1	2	3	3	7	60	10,4	323	14,7	35	1003	0	0	1	1
24/01/2019	20	3	0,1	2	2	1	6	58	7,3	316	14,3	36	1004	0	0	1	1
24/01/2019	21	3	0,1	2	4	1	8	52	1,5	269	13,1	42	1005	0	0	1	1
24/01/2019	22	3	0,1	2	2	1	6	57	3,4	304	13,2	43	1005	0	0	1	1
24/01/2019	23	3	0,1	2	2	1	6	61	4,3	301	13,5	43	1005	0	0	1	1
25/01/2019	00	3	0,1	2	2	1	6	58	2,5	305	13	45	1005	0	0	1	1
25/01/2019	01	3	0,1	2	2	1	6	57	2,9	300	13	46	1005	0	0	1	1
25/01/2019	02	3	0,1	2	2	1	6	59	3,6	292	13,6	44	1005	0	0	1	1
25/01/2019	03	3	0,1	2	2	1	6	53	1,3	263	12,4	49	1005	0	0	1	1
25/01/2019	04	3	0,1	3	2	1	6	43	1,5	242	10,9	55	1005	0	0	1	1
25/01/2019	05	3	0,1	2	4	1	8	39	2,1	267	11,7	54	1005	0	0	1	1
25/01/2019	06	3	0,1	3	4	1	8	43	1,7	280	12,1	53	1006	0	0	1	1
25/01/2019	07	3	0,1	18	32	3	60	11	2,6	236	11,1	58	1006	0	0	1	1
25/01/2019	08	3	0,1	16	26	9	51	11	3,3	232	11,2	59	1006	42	0	5	3
25/01/2019	09	3	0,1	15	19	8	42	19	2	249	15,6	47	1006	230	0	6	3
25/01/2019	10	3	0,1	4	5	3	12	40	2,2	278	19,2	35	1006	410	0	1	1
25/01/2019	11	3	0,1	3	2	2	7	50	4,5	310	19,6	32	1006	389	0	1	1
25/01/2019	12	3	0,1	3	2	4	8	51	5,9	309	20,4	29	1005	472	0	1	1
25/01/2019	13	3	0,1	3	2	2	6	53	6,8	304	20,8	29	1005	572	0	1	1
25/01/2019	14	3	0,1	3	2	2	6	55	6	302	21,4	27	1004	497	0	1	1
25/01/2019	15	3	0,1	3	2	3	7	56	7,4	314	20,9	27	1004	356	0	1	1
25/01/2019	16	3	0,1	3	3	2	6	53	7	323	20,5	28	1005	172	0	1	1
25/01/2019	17	3	0,1	3	5	2	9	49	6,5	318	19,2	31	1005	4	0	1	1
25/01/2019	18	3	0,1	3	7	2	12	46	5,9	307	18,1	32	1006	0	0	1	1
25/01/2019	19	3	0,1	3	11	3	15	37	3,1	303	16,9	35	1007	0	0	3	1
25/01/2019	20	3	0,1	3	12	3	16	33	1,7	291	15,1	41	1007	0	0	3	1
25/01/2019	21	3	0,1	3	10	2	14	33	2	283	14,3	44	1008	0	0	2	1
25/01/2019	22	3	0,1	2	11	2	15	26	1,4	256	12,6	51	1009	0	0	2	1
25/01/2019	23	3	0,1	3	16	2	21	16	1,4	250	11	57	1010	0	0	2	1
26/01/2019	00	3	0,1	3	9	4	13	18	2,8	227	9,7	62	1010	0	0	4	1
26/01/2019	01	3	0,1	2	4	3	8	23	2,8	236	9	64	1010	0	0	3	1
26/01/2019	02	3	0,1	2	3	2	7	24	2,8	236	8,4	66	1011	0	0	2	1
26/01/2019	03	3	0,1	2	3	2	6	24	2,8	234	7,8	68	1011	0	0	2	1
26/01/2019	04	3	0,1	2	2	2	6	26	2,9	240	7,6	68	1011	0	0	2	1
26/01/2019	05	3	0,1	2	2	3	6	28	3,8	232	7,9	66	1011	0	0	3	1
26/01/2019	06	3	0,1	2	3	3	7	23	3,6	236	7,4	68	1012	0	0	2	1
26/01/2019	07	3	0,1	3	7	3	12	18	3,2	235	6,9	69	1012	2	0	2	1
26/01/2019	08	3	0,1	3	8	3	13	21	3,3	239	8,3	64	1013	48	0	3	1
26/01/2019	09	3	0,1	5	7	10	15	27	4,2	235	10,7	56	1012	241	0	8	4
26/01/2019	10	3	0,1	5	7	9	14	36	4,9	223	13,1	49	1012	408	0	8	4
26/01/2019	11	3	0,1	4	3	6	8	43	4,6	214	15,8	40	1012	528	0	5	2
26/01/2019	12	3	0,1	3	2	4	7	45	3,6	219	18,1	34	1010	531	0	3	1
26/01/2019	13	3	0,1	3	2	2	7	50	1,5	226	20,4	28	1009	579	0	2	1
26/01/2019	14	3	0,1	3	2	2	6	54	5,7	114	17,7	45	1008	498	0	2	1
26/01/2019	15	3	0,1	3	2	4	6	53	4,6	115	17,6	51	1008	363	0	4	2
26/01/2019	16	3	0,1	3	2	2	6	52	3,9	129	17,6	49	1007	180	0	1	1
26/01/2019	17	3	0,1	3	8	2	12	38	1,6	143	16	52	1006	7	0	2	1
26/01/2019	18	3	0,1	5	19	5	27	26	1	201	13,5	60	1006	0	0	3	1
26/01/2019	19	3	0,1	5	32	5	39	13	0,5	241	12,6	65	1007	0	0	4	2
26/01/2019	20	4	0,2	20	45	9	76	2	0,6	263	11,4	64	1007	0	0	7	4
26/01/2019	21	3	0,2	12	22	9	41	10	2,3	236	11,4	55	1007	0	0	8	4
26/01/2019	22	3	0,1	2	8	5	12	28	5,5	227	12,9	43	1007	0	0	5	2
26/01/2019	23	3	0,1	2	3	4	7	35	5,3	219	13,1	40	1006	0	0	4	1
27/01/2019	00	3	0,1	2	2	4	6	38	2,6	224	14	39	1006	0	0	3	1
27/01/2019	01	3	0,1	2	2	4	6		1,5	237	13,7	39	1005	0	0	4	1
27/01/2019	02	3	0,1	2	2	4	6		1,1	239	13,7	40	1005	0	0	4	1
27/01/2019	03	3	0,1	2	3	4	7		0,4	183	12	45	1004	0	0	3	1
27/01/2019	04	3	0,1	2	3	5	6		0,7	15	12	46	1004	0	0	4	2
27/01/2019	05	4	0,2	2	3	10	7		0,9	319	11,5	49	1003	0	0	8	4
27/01/2019	06	3	0,1	2	2	4	6		1,1	251	12,4	47	1003	0	0	2	1
27/01/2019	07	3	0,1	2	2	3	6		1,7	276	13,2	44	1003	0	0	2	1
27/01/2019	08	3	0,1	2	2	8	6		4,3	285	13,6	44	1003	13	0	3	
27/01/2019	09	3	0,1	2	2	9	6		7,4	262	15,3	40	1003	277	0	3	2
27/01/2019	10	3	0,1	3	3	18	6		8,1	263	15,9	40	1003	521	0	5	
27/01/2019	11	3	0,1	3	2	6	6		5,5	272	15,7	39	1003	379	0	4	2
27/01/2019	12	3	0,1	3	2	4	7		4	272	16,7	37	1003	356	0	3	1
27/01/2019	13	3	0,1	3	2	4	6		4,1	275	19,7	29	1002	572	0	3	1
27/01/2019	14	3	0,1	3	2	2	6		5,6	330	19,9	23	1001	500	0	2	1
27/01/2019	15	3	0,1	3	2	2	6		5,5	332	19,7	20	1001	334	0	2	1
27/01/2019	16	3	0,1	3	2	2	6		3,9	329	19,3	21	1002	149	0	1	1
27/01/2019	17	3	0,1	3	2	2	6		3,7	333	17,9	21	1003	13	0	1	1
27/01/2019	18	3	0,1	3	10	2	14		1,5	298	15,3	26	1004	0	0	2	1
27/01/2019	19	3	0,1	3	9	2	13		2,9	286	14,7	26	1005	0	0	1	1
27/01/2019	20	3	0,1	3	2	1	6		2,2	273	14,9	25	1006	0	0	1	1
27/01/2019	21	3	0,1	2	2	1	6		2,7	271	14,7	25	1007	0	0	1	1
27/01/2019	22	3	0,1	2	2	1	6		2,6	237	13,6	29	1007	0	0	1	1
27/01/2019	23	3	0,1	3	2	1	6		3,7	236	12,9	31	1008	0	0	1	1
28/01/2019	00	3	0,1	2	2	1	6		2,9	257	12	34	1008	0	0	1	1
28/01/2019	01	3	0,1	2	2	1	6		2,8	280	12,7	32	1008	0	0	1	1
28/01/2019	02	3	0,1	2	2	1	6		2,5	264	12,1	34	1008	0	0	1	1
28/01/2019	03	3	0,1	2	3	1	7		2,8	277	11,5	34	1008	0	0	1	1
28/01/2019	04	3	0,1	2	2	1	6		3,5	263	11	34	1008	0	0	1	1
28/01/2019	05	3	0,1	2	2	1	6		5,1	248	9,5	41	1008	0	0	1	1
28/01/2019	06	3	0,1	3	5	3	10		5,3	243	9,2	41	1008	0	0	2	1
28/01/2019	07	3	0,1	6	13	6	22		5,3	234	9,2	43	1008	0	0	2	2
28/01/2019	08	3	0,1	5	7	5	14		7,6	238	10,2	41	1007	53	0	2	1
28/01/2019	09	3	0,1	4	3	7	8		8	246	12,3	35	1007	218	0	2	2
28/01/2019	10	3	0,1	4	2	6	8		9,2	243	12,8	35	1007	274	0	2	2
28/01/2019	11	3	0,1	4	2	8	8		8,8	244	14,5	32	1006	517	0	2	
28/01/2019	12	3	0,1	4	2	9	9		8,5	248	15,1	32	1004	353	0	3	
28/01/2019	13	3	0,1	4	2	6	8		7,9	245	17,9	27	1003	550	0	2	
28/01/2019	14	3	0,1	3	2	10	6		6,8	278	20	22	1002	502	0	2	1
28/01/2019	15	3	0,1	3	2	4	6		6,6	283	20,1	22	1003	355	0	1	1
28/01/2019	16	3	0,1	3	2	3	7		4,9	281	19,2	23	1003	74	0	1	1
