Red: Red de Vigilancia y Control de la Contaminación Atmosférica
Estación: 46250054-València - Centre
	
FECHA	HORA	PM2.5	NO	NO2	PM10	NOx
		µg/m³	µg/m³	µg/m³	µg/m³	µg/m³
15/10/2018	14	12	48	61	51	135
15/10/2018	15	14	33	65	51	117
15/10/2018	16	17	54	78	75	161
15/10/2018	17	16	23	67	48	103
15/10/2018	18	17	33	81	52	131
15/10/2018	19	16	32	76	43	125
15/10/2018	20	28	43	88	75	154
15/10/2018	21	31	26	84	86	125
15/10/2018	22	17	20	63	43	94
15/10/2018	23	15	20	58	35	89
16/10/2018	00	18	14	44	35	65
16/10/2018	01	16	4	40	35	47
16/10/2018	02	13	5	42	31	49
16/10/2018	03	11	4	41	21	47
16/10/2018	04	12	7	36	26	46
16/10/2018	05	12	17	44	25	70
16/10/2018	06	19	50	63	41	140
16/10/2018	07	26	116	74	75	252
16/10/2018	08	34	124	83	112	273
16/10/2018	09	38	126	90	118	284
16/10/2018	10	26	73	77	96	189
16/10/2018	11	27	63	86	96	183
16/10/2018	12	24	44	67	67	135
16/10/2018	13	18	35	60	47	113
16/10/2018	14	21	27	57	56	99
16/10/2018	15	18	30	60	65	106
16/10/2018	16	21	31	71	68	119
16/10/2018	17	17	33	76	54	126
16/10/2018	18	20	25	71	55	109
16/10/2018	19	22	29	68	51	112
16/10/2018	20	22	24	60	38	97
16/10/2018	21	23	19	53	40	82
16/10/2018	22	16	9	38	29	51
16/10/2018	23	16	8	34	27	47
17/10/2018	00	12	6	26	19	34
17/10/2018	01	11	6	29	19	38
17/10/2018	02	18	6	30	29	39
17/10/2018	03	14	7	24	22	35
17/10/2018	04	15	6	24	23	33
17/10/2018	05	16	13	35	26	55
17/10/2018	06	21	37	60	40	116
17/10/2018	07	32	81	79	82	203
17/10/2018	08	38	99	85	99	237
17/10/2018	09	33	104	76	77	237
17/10/2018	10	24	61	61	70	154
17/10/2018	11	27	44	65	91	132
17/10/2018	12	25	36	64	80	118
17/10/2018	13	11	26	51	26	90
17/10/2018	14	12	23	49	30	84
17/10/2018	15	14	32	67	32	116
17/10/2018	16	13	24	60	29	97
17/10/2018	17	15	22	61	30	95
17/10/2018	18	18	31	87	36	135
17/10/2018	19	20	35	87	36	140
17/10/2018	20	25	21	82	42	115
17/10/2018	21	29	24	75	42	113
17/10/2018	22	24	11	85	33	101
17/10/2018	23	22	10	56	30	70
18/10/2018	00	22	10	44	30	60
18/10/2018	01	21	5	32	28	40
18/10/2018	02	21	6	28	27	36
18/10/2018	03	19	5	24	24	31
18/10/2018	04	21	5	26	27	34
18/10/2018	05	22	18	46	29	73
18/10/2018	06	24	50	65	33	141
18/10/2018	07	24	101	84	37	240
18/10/2018	08	33	144	81	68	302
18/10/2018	09	45	140	88	69	302
18/10/2018	10	55	135	88	73	296
18/10/2018	11	49	77	76	59	194
18/10/2018	12	25	38	65	32	123
18/10/2018	13	27	55	79	32	164
18/10/2018	14	22	75	78	26	194
18/10/2018	15	15	31	50	20	97
18/10/2018	16	7	41	89	9	152
18/10/2018	17	9	56	86	11	172
18/10/2018	18	12	57	85	13	172
18/10/2018	19	16	70	78	17	185
18/10/2018	20	16	48	66	18	140
18/10/2018	21	13	35	60	14	114
18/10/2018	22	8	23	51	9	86
18/10/2018	23	6	12	41	8	59
19/10/2018	00	5	7	27	6	37
19/10/2018	01	4	8	23	5	35
19/10/2018	02	4	5	24	6	32
19/10/2018	03	5	6	32	6	41
19/10/2018	04	5	8	33	6	44
19/10/2018	05	4	11	39	6	56
19/10/2018	06	7	34	71	8	122
19/10/2018	07	8	54	78	10	161
19/10/2018	08	9	62	90	13	185
19/10/2018	09	8	69	83	10	189
19/10/2018	10	9	66	83	14	183
19/10/2018	11	12	80	82	17	206
19/10/2018	12	14	52	77	21	157
19/10/2018	13	11	24	60	16	97
19/10/2018	14	9	20	58	15	89
19/10/2018	15	8	19	51	20	80
19/10/2018	16	16	47	90	54	161
19/10/2018	17	12	40	89	26	149
19/10/2018	18	17	32	95	26	143
19/10/2018	19	15	36	92	24	147
19/10/2018	20	19	33	72	28	122
19/10/2018	21	15	26	59	21	99
19/10/2018	22	12	10	39	16	54
19/10/2018	23	12	10	41	16	56
20/10/2018	00	10	8	36	14	48
20/10/2018	01	7	8	32	11	45
20/10/2018	02	7	7	31	10	42
20/10/2018	03	10	6	32	13	42
20/10/2018	04	13	5	25	16	33
20/10/2018	05	19	9	39	25	52
20/10/2018	06	20	14	49	25	70
20/10/2018	07	20	25	48	26	86
20/10/2018	08	19	53	73	26	154
20/10/2018	09	18	34	60	24	112
20/10/2018	10	20	32	59	28	108
20/10/2018	11	23	32	70	31	119
20/10/2018	12	21	33	57	31	107
20/10/2018	13	23	26	51	34	91
20/10/2018	14	24	18	48	38	76
20/10/2018	15	20	18	42	34	69
20/10/2018	16	21	18	50	30	77
20/10/2018	17	25	19	50	35	79
20/10/2018	18	28	24	63	41	100
20/10/2018	19	32	33	66	45	118
20/10/2018	20	29	17	49	40	74
20/10/2018	21	33	30	65	45	111
20/10/2018	22	31	8	42	41	54
20/10/2018	23	28	10	38	38	53
21/10/2018	00	26	10	37	37	51
21/10/2018	01	25	9	34	39	48
21/10/2018	02	24	8	29	35	41
21/10/2018	03	25	5	25	35	33
21/10/2018	04	25	6	29	36	37
21/10/2018	05	25	6	33	36	42
21/10/2018	06	28	11	55	43	72
21/10/2018	07	29	17	59	44	84
21/10/2018	08	28	6	32	40	42
21/10/2018	09	26	7	30	39	40
21/10/2018	10	26	16	49	46	73
21/10/2018	11	25	32	65	45	115
21/10/2018	12	24	34	73	43	125
21/10/2018	13	24	23	67	42	102
21/10/2018	14	23	19	53	39	82
21/10/2018	15	23	16	53	39	78
21/10/2018	16	27	14	53	42	74
21/10/2018	17	28	15	74	41	97
21/10/2018	18	33	17	87	48	113
21/10/2018	19	34	18	89	47	117
21/10/2018	20	40	19	90	56	119
21/10/2018	21	43	21	107	57	140
21/10/2018	22	43	18	91	56	117
21/10/2018	23	45	21	80	58	113
22/10/2018	00	40	13	56	52	76
22/10/2018	01	36	9	55	49	69
22/10/2018	02	33	7	47	44	58
22/10/2018	03	30	8	40	42	51
22/10/2018	04	27	8	40	39	52
22/10/2018	05	28	63	55	42	152
22/10/2018	06	29	176	97	44	366
22/10/2018	07	36	232	104	55	460
22/10/2018	08	37	219	89	78	425
22/10/2018	09	31	120	77	62	261
22/10/2018	10	26	86	68	72	200
22/10/2018	11	23	57	72	55	160
22/10/2018	12	19	39	59	46	119
22/10/2018	13	19	30	56	39	102
22/10/2018	14	25	31	63	52	110
22/10/2018	15	25	31	64	48	112
22/10/2018	16	29	34	79	54	131
22/10/2018	17	30	33	91	52	143
22/10/2018	18	32	47	95	51	167
22/10/2018	19	34	35	92	53	146
22/10/2018	20	42	23	85	60	119
22/10/2018	21	42	22	82	58	116
22/10/2018	22	37	9	53	50	66
22/10/2018	23	38	8	45	50	56
23/10/2018	00	35	6	35	47	44
23/10/2018	01	34	6	35	44	44
23/10/2018	02	36	6	41	47	50
23/10/2018	03	36	5	31	46	39
23/10/2018	04	39	6	34	50	43
23/10/2018	05	38	21	44	47	76
23/10/2018	06	41	51	71	56	149
23/10/2018	07	45	109	87	64	254
23/10/2018	08	49	135	87	72	293
23/10/2018	09	43	122	88	66	275
23/10/2018	10	38	70	78	74	185
23/10/2018	11	35	46	80	57	151
23/10/2018	12	30	30	64	51	110
23/10/2018	13	22	31	61	42	108
23/10/2018	14	19	21	50	34	82
23/10/2018	15	21	23	60	39	95
23/10/2018	16	22	27	70	40	111
23/10/2018	17	23	24	71	39	108
23/10/2018	18	24	27	82	37	124
23/10/2018	19	26	29	83	39	127
23/10/2018	20	29	22	94	43	127
23/10/2018	21	31	25	95	46	134
23/10/2018	22	32	9	69	45	84
23/10/2018	23	26	10	46	38	61
24/10/2018	00	29	15	65	41	87
24/10/2018	01	30	10	41	41	56
24/10/2018	02	30	5	33	42	41
24/10/2018	03	31	8	33	42	44
24/10/2018	04	31	6	31	42	40
24/10/2018	05	32	23	55	44	89
24/10/2018	06	30	46	63	42	133
24/10/2018	07	27	112	76	49	247
24/10/2018	08	37	165	91	74	344
24/10/2018	09	30	117	89	60	269
24/10/2018	10	25	69	71	49	177
24/10/2018	11	21	64	72	38	170
24/10/2018	12	14	45	62	27	131
24/10/2018	13	12	35	57	24	111
24/10/2018	14	21	24	60	44	97
24/10/2018	15	21	21	63	43	95
24/10/2018	16	23	21	61	40	93
24/10/2018	17	26	19	85	48	115
24/10/2018	18	27	55	125	55	210
24/10/2018	19	36	99	142	65	294
24/10/2018	20	42	45	128	61	197
24/10/2018	21	41	53	125	59	206
24/10/2018	22	38	61	108	55	202
24/10/2018	23	35	57	88	52	176
25/10/2018	00	29	44	76	45	144
25/10/2018	01	23	19	63	38	91
25/10/2018	02	22	13	62	36	82
25/10/2018	03	18	13	60	30	80
25/10/2018	04	16	21	65	28	96
25/10/2018	05	16	61	69	31	162
25/10/2018	06	16	120	85	35	270
25/10/2018	07	18	145	98	57	319
25/10/2018	08	23	187	105	78	392
25/10/2018	09	16	122	91	42	277
25/10/2018	10	16	101	86	46	240
25/10/2018	11	16	59	81	48	172
25/10/2018	12	17	54	89	53	172
25/10/2018	13	17	45	87	47	156
25/10/2018	14	17	43	84	38	150
25/10/2018	15	22	55	100	41	184
25/10/2018	16	21	60	101	46	194
25/10/2018	17	21	70	118	52	226
25/10/2018	18	23	65	117	39	217
25/10/2018	19	38	52	109	53	190
25/10/2018	20	48	24	92	63	129
25/10/2018	21	49	44	117	67	185
25/10/2018	22	39	30	94	55	140
25/10/2018	23	33	18	75	47	103
26/10/2018	00	35	30	75	49	122
26/10/2018	01	29	13	63	40	82
26/10/2018	02	23	9	46	33	59
26/10/2018	03	27	11	55	37	72
26/10/2018	04	23	13	53	34	74
26/10/2018	05	23	42	57	36	122
26/10/2018	06	20			35	
26/10/2018	07	24			55	
26/10/2018	08	31	155	63	84	301
26/10/2018	09	24	73	52	58	164
26/10/2018	10	25	62	54	64	150
26/10/2018	11	21	42	51	53	115
26/10/2018	12	17	34	47	49	99
26/10/2018	13	23	54	63	57	146
26/10/2018	14	26	45	66	53	136
26/10/2018	15	27	32	66	53	115
26/10/2018	16	28	45	76	70	145
26/10/2018	17	28	30	75	67	120
26/10/2018	18	27	34	82	52	134
26/10/2018	19	33	18	67	51	94
26/10/2018	20	40	30	79	59	125
26/10/2018	21	42	28	79	69	122
26/10/2018	22	38	18	71	58	99
26/10/2018	23	35	24	65	50	101
27/10/2018	00	28	14	55	42	76
27/10/2018	01	24	18	49	39	77
27/10/2018	02	26	8	41	39	53
27/10/2018	03	25	5	34	36	42
27/10/2018	04	21	6	33	31	42
27/10/2018	05	15	6	22	22	31
27/10/2018	06	14	15	19	18	42
27/10/2018	07	16	22	40	20	73
27/10/2018	08	18	27	48	23	89
27/10/2018	09	21	30	46	28	92
27/10/2018	10	10	31	39	12	85
27/10/2018	11	7	27	34	9	76
27/10/2018	12	7	32	33	11	82
27/10/2018	13	11	19	29	23	59
27/10/2018	14	10	14	24	22	45
27/10/2018	15	10	12	30	20	48
27/10/2018	16	8	15	31	20	54
27/10/2018	17	8	12	27	11	46
27/10/2018	18	7	18	30	9	57
27/10/2018	19	7	21	35	8	68
27/10/2018	20	8	17	28	9	53
27/10/2018	21	9	8	19	9	31
27/10/2018	22	8	5	13	9	20
27/10/2018	23	6	18	28	7	55
28/10/2018	00	5	11	23	6	39
28/10/2018	01	6	14	20	7	41
28/10/2018	02	4	20	23	5	53
28/10/2018	03	4	2	8	5	11
28/10/2018	04	2	4	8	4	14
28/10/2018	05	2	2	7	4	10
28/10/2018	06	4	3	9	7	14
28/10/2018	07	4	4	16	8	23
28/10/2018	08	3	5	12	5	19
28/10/2018	09	4	4	11	6	17
28/10/2018	10	3	4	6	4	12
28/10/2018	11	5	4	6	13	12
28/10/2018	12	6	6	14	16	24
28/10/2018	13	7	7	12	16	22
28/10/2018	14	10	4	5	13	10
28/10/2018	15	7	3	7	10	13
28/10/2018	16	5	4	7	7	13
28/10/2018	17	5	4	11	8	16
28/10/2018	18	4	2	9	6	13
28/10/2018	19	5	3	14	7	18
28/10/2018	20	6	4	14	9	20
28/10/2018	21	7	4	12	9	17
28/10/2018	22	5	5	11	8	18
28/10/2018	23	3	4	8	4	14
29/10/2018	00	3	5	13	5	20
29/10/2018	01	4	8	19	6	31
29/10/2018	02	5	3	14	7	19
29/10/2018	03	4	3	14	6	19
29/10/2018	04	4	3	12	5	16
29/10/2018	05	3	3	15	5	20
29/10/2018	06	4	12	36	7	53
29/10/2018	07	4	24	43	10	80
29/10/2018	08	6	34	47	17	99
29/10/2018	09	5	34	38	19	91
29/10/2018	10	5	29	36	17	81
29/10/2018	11	4	29	27	19	72
29/10/2018	12	5	28	25	24	68
29/10/2018	13	7	27	24	39	66
29/10/2018	14	6	14	18	22	41
29/10/2018	15	7	21	30	22	63
29/10/2018	16	6	24	31	25	68
29/10/2018	17	6	24	38	22	74
29/10/2018	18	6	29	47	18	91
29/10/2018	19	6	30	53	16	99
29/10/2018	20	8	29	44	15	88
29/10/2018	21	7	24	46	15	82
29/10/2018	22	6	16	32	12	56
29/10/2018	23	5	7	14	9	25
30/10/2018	00	4	6	15	7	23
30/10/2018	01	4	5	10	7	17
30/10/2018	02	5	2	6	8	10
30/10/2018	03	7	2	6	10	10
30/10/2018	04	6	4	7	9	13
30/10/2018	05	5	3	8	8	13
30/10/2018	06	7	10	27	11	43
30/10/2018	07	9	21	44	17	76
30/10/2018	08	10	46	60	23	130
30/10/2018	09	10	37	51	21	108
30/10/2018	10	16	44	46	28	113
30/10/2018	11	22	27	43	39	85
30/10/2018	12	16	38	46	29	105
30/10/2018	13	10	22	36	18	70
30/10/2018	14	9	34	49	14	100
30/10/2018	15	10	29	45	13	88
30/10/2018	16	11	32	50	16	99
30/10/2018	17	10	28	51	14	94
30/10/2018	18	10	21	45	11	78
30/10/2018	19	12	28	51	13	93
30/10/2018	20	16	30	50	18	96
30/10/2018	21	17	32	50	18	99
30/10/2018	22	19	24	50	20	87
30/10/2018	23	16	10	39	17	55
31/10/2018	00	13	7	25	14	35
31/10/2018	01	12	11	28	14	45
31/10/2018	02	13	3	25	14	30
31/10/2018	03	10	4	17	11	23
31/10/2018	04	16	5	27	17	35
31/10/2018	05	4	3	15	5	21
31/10/2018	06	3	7	31	3	42
31/10/2018	07	4	16	48	4	73
31/10/2018	08	4	34	52	6	105
31/10/2018	09	5	19	36	9	65
31/10/2018	10	4	14	24	8	46
31/10/2018	11	4	16	23	10	48
31/10/2018	12	4	16	25	12	50
31/10/2018	13	5	27	30	13	71
31/10/2018	14	5	17	24	10	50
31/10/2018	15	5	25	28	12	66
31/10/2018	16	4	17	24	11	50
31/10/2018	17	5	16	33	9	57
31/10/2018	18	5	19	39	9	68
31/10/2018	19	7	21	49	11	81
31/10/2018	20	10	31	56	18	103
31/10/2018	21	9	26	49	14	88
31/10/2018	22	9	18	42	13	69
31/10/2018	23	7	12	26	9	44
01/11/2018	00	5	6	16	7	26
01/11/2018	01	5	7	20	7	31
01/11/2018	02	7	7	22	9	33
01/11/2018	03	9	10	23	13	37
01/11/2018	04	10	7	21	13	32
01/11/2018	05	9	5	22	11	30
01/11/2018	06	12	12	30	15	49
01/11/2018	07	9	13	26	12	46
01/11/2018	08	10	39	29	15	89
01/11/2018	09	10	49	26	16	100
01/11/2018	10	9	49	31	15	106
01/11/2018	11	6	34	28	12	79
01/11/2018	12	5	24	26	11	62
01/11/2018	13	6	21	25	14	57
01/11/2018	14	7	17	23	15	49
01/11/2018	15	8	18	28	17	55
01/11/2018	16	7	17	28	18	54
01/11/2018	17	9	17	38	23	63
01/11/2018	18	11	32	57	27	106
01/11/2018	19	19	41	60	33	123
01/11/2018	20	23	61	65	46	159
01/11/2018	21	27	65	60	51	160
01/11/2018	22	29	31	48	47	95
01/11/2018	23	20	12	38	25	56
02/11/2018	00	13	11	26	17	43
02/11/2018	01	11	15	29	15	52
02/11/2018	02	9	7	25	13	36
02/11/2018	03	8	4	22	10	27
02/11/2018	04	9	3	19	12	24
02/11/2018	05	11	3	19	14	23
02/11/2018	06	9	14	27	12	49
02/11/2018	07	10	45	37	12	106
02/11/2018	08	16	84	57	18	186
02/11/2018	09	18	97	48	25	198
02/11/2018	10	17	79	44	26	164
02/11/2018	11	16	68	46	31	151
02/11/2018	12	18	52	45	41	125
02/11/2018	13	19	61	45	44	138
02/11/2018	14	23	56	48	45	133
02/11/2018	15	19	35	42	33	96
02/11/2018	16	16	41	50	35	113
02/11/2018	17	17	20	49	41	81
02/11/2018	18	26	92	70	61	211
02/11/2018	19	32	154	85	71	321
02/11/2018	20	46	209	90	83	411
02/11/2018	21	54	211	85	81	408
02/11/2018	22	45	148	68	68	295
02/11/2018	23	39	95	58	55	203
03/11/2018	00	23	46	49	34	119
03/11/2018	01	19	23	46	28	80
03/11/2018	02	16	41	49	26	112
03/11/2018	03	10	14	27	14	48
03/11/2018	04	7	2	15	9	19
03/11/2018	05	6	3	15	8	20
03/11/2018	06	5	9	25	8	39
03/11/2018	07	5	15	32	9	55
03/11/2018	08	6	42	49	14	114
03/11/2018	09	8	31	42	18	90
03/11/2018	10	10	41	42	26	105
03/11/2018	11	7	28	30	19	73
03/11/2018	12	5	16	25	12	49
03/11/2018	13	9	13	24	21	43
03/11/2018	14	13	13	25	26	46
03/11/2018	15	12	15	29	27	52
03/11/2018	16	10	13	32	21	52
03/11/2018	17	11	14	40	26	63
03/11/2018	18	11	21	58	30	90
03/11/2018	19	14	22	59	36	92
03/11/2018	20	33	43	66	50	131
03/11/2018	21	36	41	62	48	124
03/11/2018	22	38	52	56	54	135
03/11/2018	23	23	14	35	30	56
04/11/2018	00	17	15	29	22	51
04/11/2018	01	14	10	25	19	40
04/11/2018	02	12	10	21	18	36
04/11/2018	03	9	7	17	13	28
04/11/2018	04	11	3	14	15	19
04/11/2018	05	8	5	16	11	23
04/11/2018	06	7	4	19	10	25
04/11/2018	07	9	4	28	12	35
04/11/2018	08	8	7	20	14	30
04/11/2018	09	7	12	14	11	33
04/11/2018	10	11	14	16	18	38
04/11/2018	11	12	22	25	26	58
04/11/2018	12	8	12	24	18	42
04/11/2018	13	9	13	22	21	42
04/11/2018	14	10	10	22	24	38
04/11/2018	15	11	17	37	26	63
04/11/2018	16	12	19	43	27	72
04/11/2018	17	13	19	53	32	82
04/11/2018	18	13	19	57	29	86
04/11/2018	19	22	37	78	40	135
04/11/2018	20	25	32	74	39	123
04/11/2018	21	31	74	73	44	186
04/11/2018	22	30	48	61	40	135
04/11/2018	23	25	18	43	33	71
05/11/2018	00	19	10	27	26	43
05/11/2018	01	15	6	26	20	35
05/11/2018	02	12	4	18	17	25
05/11/2018	03	10	4	14	14	21
05/11/2018	04	10	3	12	13	16
05/11/2018	05	10	3	18	14	23
05/11/2018	06	12	19	32	19	61
05/11/2018	07	19	113	52	38	225
05/11/2018	08	24	140	54	46	269
05/11/2018	09	37	164	66	75	317
05/11/2018	10	33	142	75	76	293
05/11/2018	11	34	124	67	78	258
05/11/2018	12	28	64	52	68	150
05/11/2018	13	23	53	46	43	127
05/11/2018	14	13	27	46	17	87
05/11/2018	15	7	25	50	12	88
05/11/2018	16	8	26	54	19	94
05/11/2018	17	8	25	48	19	86
05/11/2018	18	8	32	55	18	103
05/11/2018	19	14	46	60	28	130
05/11/2018	20	13	45	52	20	120
05/11/2018	21	11	36	51	19	107
05/11/2018	22	7	26	44	14	84
05/11/2018	23	4	9	21	6	34
06/11/2018	00	2	11	19	4	35
06/11/2018	01	2	10	12	3	27
06/11/2018	02	2	3	7	3	11
06/11/2018	03	3	2	7	4	11
06/11/2018	04	3	2	4	5	7
06/11/2018	05	3	2	5	5	8
06/11/2018	06	4	4	15	6	22
06/11/2018	07	5	14	37	9	59
06/11/2018	08	6	28	42	13	85
06/11/2018	09	6	23	39	14	74
06/11/2018	10	7	21	32	13	63
06/11/2018	11	6	17	24	16	50
06/11/2018	12	6	15	24	16	46
06/11/2018	13	6	16	22	15	47
06/11/2018	14	6	17	25	12	51
06/11/2018	15	7	24	36	21	72
06/11/2018	16	6	34	44	20	96
06/11/2018	17	6	22	43	14	77
06/11/2018	18	7	25	49	14	87
06/11/2018	19	9	25	48	15	87
06/11/2018	20	8	17	48	13	74
06/11/2018	21	9	16	47	15	72
06/11/2018	22	9	15	44	14	68
06/11/2018	23	7	12	34	11	53
07/11/2018	00	5	7	21	8	32
07/11/2018	01	5	4	12	7	18
07/11/2018	02	5	3	13	7	18
07/11/2018	03	5	4	9	7	14
07/11/2018	04	5	3	8	7	12
07/11/2018	05	5	6	20	7	30
07/11/2018	06	6	15	38	10	61
07/11/2018	07	7	11	35	12	52
07/11/2018	08	8	29	51	18	94
07/11/2018	09	9	27	38	19	79
07/11/2018	10	8	20	33	18	64
07/11/2018	11	9	23	32	23	67
07/11/2018	12	8	28	33	21	77
07/11/2018	13	7	29	38	27	82
07/11/2018	14	9	23	40	27	76
07/11/2018	15	7	29	39	24	85
07/11/2018	16	12	26	46	44	85
07/11/2018	17	21	63	69	60	165
07/11/2018	18	17	66	69	49	170
07/11/2018	19	13	40	63	28	125
07/11/2018	20	12	36	58	24	113
07/11/2018	21	9	22	40	15	74
07/11/2018	22	8	18	37	14	65
07/11/2018	23	6	13	22	9	42
08/11/2018	00	6	8	18	8	31
08/11/2018	01	6	11	26	8	42
08/11/2018	02	6	5	17	8	24
08/11/2018	03	11	4	13	14	19
08/11/2018	04	6	5	10	9	17
08/11/2018	05	7	4	13	9	19
08/11/2018	06	8	17	29	12	55
08/11/2018	07	12	29	37	19	81
08/11/2018	08	20	80	48	47	171
08/11/2018	09	27	107	57	72	221
08/11/2018	10	19	96	50	48	197
08/11/2018	11	17	53	49	48	130
08/11/2018	12	16	46	45	40	115
08/11/2018	13	15	36	43	35	99
08/11/2018	14	14	32	41	29	91
08/11/2018	15	14	25	38	36	76
08/11/2018	16	17	28	48	40	92
08/11/2018	17	25	34	56	37	108
08/11/2018	18	20	33	56	29	107
08/11/2018	19	17	34	58	28	111
08/11/2018	20	22	38	63	32	121
08/11/2018	21	26	24	49	35	86
08/11/2018	22	25	28	49	29	92
08/11/2018	23	18	14	33	19	55
09/11/2018	00	13	9	29	14	43
09/11/2018	01	9	5	19	10	26
09/11/2018	02	3	3	10	4	14
09/11/2018	03	2	3	9	3	13
09/11/2018	04	2	2	9	3	12
09/11/2018	05	2	2	6	3	9
09/11/2018	06	3	7	23	6	33
09/11/2018	07	5	23	51	12	86
09/11/2018	08	11	75	75	37	190
09/11/2018	09	9	70	68	33	176
09/11/2018	10	7	45	44	24	113
09/11/2018	11	6	39	31	23	91
09/11/2018	12	5	27	29	20	71
09/11/2018	13	5	24	29	19	66
09/11/2018	14	6	25	31	15	68
09/11/2018	15	6	21	33	18	65
09/11/2018	16	6	26	41	21	81
09/11/2018	17	8	32	49	31	98
09/11/2018	18	9	34	53	25	105
09/11/2018	19	10	32	56	22	106
09/11/2018	20	12	34	60	29	112
09/11/2018	21	12	39	52	22	111
09/11/2018	22	10	25	43	17	81
09/11/2018	23	8	10	30	13	46
10/11/2018	00	7	24	32	11	69
10/11/2018	01	6	10	14	13	29
10/11/2018	02	5	8	16	8	27
10/11/2018	03	4	5	7	8	14
10/11/2018	04	4	2	5	6	9
10/11/2018	05	5	2	9	8	12
10/11/2018	06	5	3	17	9	22
10/11/2018	07	7	16	34	12	58
10/11/2018	08	9	24	43	17	80
10/11/2018	09	7	15	27	11	50
10/11/2018	10	8	11	26	11	42
10/11/2018	11	8	12	32	16	50
10/11/2018	12	9	15	34	18	56
10/11/2018	13	12	17	38	22	63
10/11/2018	14	8	14	33	15	55
10/11/2018	15	8	16	28	17	52
10/11/2018	16	8	13	22	18	41
10/11/2018	17	7	11	26	13	43
10/11/2018	18	8	25	38	13	76
10/11/2018	19	9	16	37	16	62
10/11/2018	20	9	18	34	16	61
10/11/2018	21	11	17	41	18	68
10/11/2018	22	10	13	32	16	52
10/11/2018	23	13	15	34	20	58
11/11/2018	00	12	19	37	18	66
11/11/2018	01	10	20	44	20	74
11/11/2018	02	10	25	42	19	81
11/11/2018	03	5	6	21	7	30
11/11/2018	04	4	2	11	6	14
11/11/2018	05	3	1	5	4	7
11/11/2018	06	4	3	8	5	13
11/11/2018	07	4	3	14	6	18
11/11/2018	08	5	8	19	9	31
11/11/2018	09	6	15	30	10	53
11/11/2018	10	5	5	11	8	19
11/11/2018	11	5	7	13	9	23
11/11/2018	12	5	12	16	9	34
11/11/2018	13	5	13	18	9	39
11/11/2018	14	5	14	21	12	42
11/11/2018	15	8	11	17	17	34
11/11/2018	16	9	10	25	21	41
11/11/2018	17	9	16	44	22	68
11/11/2018	18	13	17	42	25	68
11/11/2018	19	18	23	52	27	87
11/11/2018	20	25	23	49	34	84
11/11/2018	21	26	20	43	35	73
11/11/2018	22	26	16	33	34	58
11/11/2018	23	21	4	22	28	28
12/11/2018	00	19	3	17	24	23
12/11/2018	01	17	3	17	22	22
12/11/2018	02	16	2	17	20	20
12/11/2018	03	15	3	15	20	19
12/11/2018	04	10	2	9	13	12
12/11/2018	05	9	3	12	12	16
12/11/2018	06	9	22	28	13	61
12/11/2018	07	13	48	37	19	110
12/11/2018	08	21	91	44	31	183
12/11/2018	09	23	107	47	49	211
12/11/2018	10	23	68	50	52	154
12/11/2018	11	24	47	49	54	120
12/11/2018	12	21	34	49	45	101
12/11/2018	13	21	33	53	45	104
12/11/2018	14	19	25	40	33	79
12/11/2018	15	18	21	39	34	71
12/11/2018	16	19	23	46	29	81
12/11/2018	17	21	30	57	31	103
12/11/2018	18	26	38	68	38	127
12/11/2018	19	34	50	69	48	146
12/11/2018	20	35	44	67	49	135
12/11/2018	21	39	54	69	56	152
12/11/2018	22	41	73	67	60	179
12/11/2018	23	38	37	58	51	115
13/11/2018	00	38	18	48	51	76
13/11/2018	01	36	9	37	48	50
13/11/2018	02	31	6	25	41	34
13/11/2018	03	25	8	19	33	31
13/11/2018	04	24	5	17	29	25
13/11/2018	05	22	6	17	28	26
13/11/2018	06	20	15	27	26	50
13/11/2018	07	20	34	41	28	93
13/11/2018	08	28	90	49	42	186
13/11/2018	09	33	117	57	72	237
13/11/2018	10	32	74	60	65	174
13/11/2018	11	24	44	55	51	123
13/11/2018	12	24	44	55	47	123
13/11/2018	13	26	34	49	47	101
13/11/2018	14	30	24	42	47	78
13/11/2018	15	30	23	40	46	75
13/11/2018	16	28	21	44	42	76
13/11/2018	17	31	27	55	46	96
13/11/2018	18	34	22	46	46	79
13/11/2018	19	37	27	53	51	94
13/11/2018	20	42	35	56	58	110
13/11/2018	21	43	27	51	58	92
13/11/2018	22	39	22	49	52	83
13/11/2018	23	36	10	41	48	56
14/11/2018	00	38	15	45	52	68
14/11/2018	01	38	12	40	52	58
14/11/2018	02	35	8	32	48	44
14/11/2018	03	31	5	22	40	30
14/11/2018	04	31	5	22	38	30
14/11/2018	05	30	6	21	34	30
14/11/2018	06	31	18	36	37	63
14/11/2018	07	33	43	50	41	116
14/11/2018	08	37	50	51	52	129
14/11/2018	09	41	52	49	58	130
14/11/2018	10	38	45	53	55	121
14/11/2018	11	34	39	46	60	106
14/11/2018	12	33	25	38	52	76
14/11/2018	13	32	14	32	47	53
14/11/2018	14	31	23	43	44	77
14/11/2018	15	27	27	43	39	84
14/11/2018	16	27	22	45	40	78
14/11/2018	17	26	22	47	38	81
14/11/2018	18	25	27	47	36	89
14/11/2018	19	25	24	49	36	84
14/11/2018	20	27	26	53	38	92
14/11/2018	21	27	23	49	39	84
14/11/2018	22	28	21	36	38	69
14/11/2018	23	28	7	21	37	30
15/11/2018	00	30	6	24	42	34
15/11/2018	01	29	6	21	40	29
15/11/2018	02	26	7	23	35	33
15/11/2018	03	23	5	11	29	19
15/11/2018	04	25	5	12	30	20
15/11/2018	05	22	5	12	28	19
15/11/2018	06	25	10	26	32	42
15/11/2018	07	26	25	39	32	76
15/11/2018	08	25	39	49	34	107
15/11/2018	09	26	52	55	35	134
15/11/2018	10	25	58	56	33	145
15/11/2018	14	32	49	58	45	133
15/11/2018	15	28	33	54	37	104
15/11/2018	16	25	34	48	36	101
15/11/2018	17	20	26	37	28	77
15/11/2018	18	23	25	42	31	80
15/11/2018	19	27	30	47	36	93
15/11/2018	20	29	24	44	35	81
15/11/2018	21	31	29	47	38	92
15/11/2018	22	30	22	41	37	75
15/11/2018	23	26	9	32	33	45
16/11/2018	00	25	8	30	31	42
16/11/2018	01	22	8	20	27	32
16/11/2018	02	20	5	13	25	21
16/11/2018	03	18	4	10	23	17
16/11/2018	04	19	5	12	25	20
16/11/2018	05	20	5	13	25	20
16/11/2018	06	19	10	29	23	44
16/11/2018	07	17	31	41	20	88
16/11/2018	08	19	69	54	25	160
16/11/2018	09	17	62	54	24	149
16/11/2018	10	18	44	49	23	116
16/11/2018	11	21	65	50	29	150
16/11/2018	12	18	33	46	25	96
16/11/2018	13	22	37	49	28	106
16/11/2018	14	22	25	43	26	81
16/11/2018	15	16	26	44	19	83
16/11/2018	16	16	37	52	22	110
16/11/2018	17	23	36	56	29	111
16/11/2018	18	27	42	62	33	126
16/11/2018	19	26	44	57	31	125
16/11/2018	20	28	32	53	34	101
16/11/2018	21	30	24	48	39	86
16/11/2018	22	34	35	44	40	98
16/11/2018	23	32	11	31	38	48
17/11/2018	00	25	9	27	29	41
17/11/2018	01	24	7	24	29	35
17/11/2018	02	25	7	20	30	30
17/11/2018	03	25	5	18	31	26
17/11/2018	04	24	5	17	31	25
17/11/2018	05	25	6	20	31	29
17/11/2018	06	24	9	27	31	41
17/11/2018	07	23	14	32	28	53
17/11/2018	08	22	22	42	29	75
17/11/2018	09	21	39	41	26	102
17/11/2018	10	16	33	40	20	91
17/11/2018	11	16	25	36	22	75
17/11/2018	12	20	22	37	31	70
17/11/2018	13	23	23	41	41	76
17/11/2018	14	23	25	41	39	79
17/11/2018	15	19	16	31	31	55
17/11/2018	16	21	23	44	33	80
17/11/2018	17	20	25	48	30	87
17/11/2018	18	21	23	49	30	84
17/11/2018	19	26	20	51	33	81
17/11/2018	20	41	21	54	52	85
17/11/2018	21	35	28	52	45	95
17/11/2018	22	32	25	41	38	80
17/11/2018	23	23	7	26	25	37
18/11/2018	00	18	8	24	20	35
18/11/2018	01	19	8	24	22	37
18/11/2018	02	19	7	23	20	33
18/11/2018	03	17	9	24	20	37
18/11/2018	04	15	6	20	16	29
18/11/2018	05	13	5	16	14	24
18/11/2018	06	14	7	17	16	27
18/11/2018	07	16	10	26	21	42
18/11/2018	08	16	13	28	19	48
18/11/2018	09	13	15	29	17	51
18/11/2018	10	12	21	43	15	76
18/11/2018	11	14	34	49	19	101
18/11/2018	12	17	27	43	24	83
18/11/2018	13	16	28	43	21	86
18/11/2018	14	15	18	39	21	66
18/11/2018	15	13	22	39	19	73
18/11/2018	16	12	21	42	22	74
18/11/2018	17	13	18	41	28	68
18/11/2018	18	13	21	46	24	78
18/11/2018	19	14	17	41	21	67
18/11/2018	20	11	16	32	17	57
18/11/2018	21	12	15	36	18	59
18/11/2018	22	12	13	36	18	55
18/11/2018	23	10	8	27	14	38
19/11/2018	00	9	7	30	13	40
19/11/2018	01	7	5	15	9	23
19/11/2018	02	7	5	10	8	17
19/11/2018	03	6	5	6	8	13
19/11/2018	04	5	5	6	6	13
19/11/2018	05	5	5	9	6	16
19/11/2018	06	5	11	23	6	39
19/11/2018	07	5	27	41	7	82
19/11/2018	08	6	30	43	8	89
19/11/2018	09	9	32	43	11	92
19/11/2018	10	9	30	38	11	84
19/11/2018	11	10	33	41	13	91
19/11/2018	12	12	31	41	16	88
19/11/2018	13	15	40	46	20	108
19/11/2018	14	16	27	37	20	79
19/11/2018	15	19	33	41	27	91
19/11/2018	16	20	30	43	32	90
19/11/2018	17	20	39	47	36	107
19/11/2018	18	21	33	50	35	100
19/11/2018	19	19	25	53	26	91
19/11/2018	20	23	58	66	28	155
19/11/2018	21	23	50	64	26	140
19/11/2018	22	23	29	58	27	102
19/11/2018	23	20	20	56	22	87
20/11/2018	00	22	20	46	25	77
20/11/2018	01	23	10	31	26	46
20/11/2018	02	24	9	32	26	46
20/11/2018	03	23	9	32	25	46
20/11/2018	04	20	7	30	21	41
20/11/2018	05	15	7	23	18	33
20/11/2018	06	11	13	23	13	44
20/11/2018	07	9	26	40	11	80
20/11/2018	08	7	33	48	13	99
20/11/2018	09	9	35	44	20	98
20/11/2018	10	9	20	28	15	58
20/11/2018	11	8	21	29	16	60
20/11/2018	12	6	19	27	14	57
20/11/2018	13	7	25	35	19	74
20/11/2018	14	7	25	34	16	73
20/11/2018	15	8	29	40	24	85
20/11/2018	16	6	25	41	18	78
20/11/2018	17	5	19	43	8	72
20/11/2018	18	5	28	56	7	98
20/11/2018	19	5	28	54	6	96
20/11/2018	20	8	23	43	10	79
20/11/2018	21	9	18	42	13	70
20/11/2018	22	12	42	47	20	112
20/11/2018	23	9	11	28	13	45
21/11/2018	00	8	16	27	11	52
21/11/2018	01	7	12	17	9	36
21/11/2018	02	6	6	10	8	18
21/11/2018	03	6	5	8	8	16
21/11/2018	04	5	5	9	7	17
21/11/2018	05	4	5	10	5	18
21/11/2018	06	6	13	39	9	58
21/11/2018	07	8	18	43	13	72
21/11/2018	08	12	50	64	27	141
21/11/2018	09	14	62	58	40	153
21/11/2018	10	12	47	54	31	127
21/11/2018	11	14	63	55	39	151
21/11/2018	12	11	32	39	26	88
21/11/2018	13	11	30	40	24	86
21/11/2018	14	10	25	39	24	78
21/11/2018	15	10	29	38	23	83
21/11/2018	16	12	29	49	33	94
21/11/2018	17	18	57	62	50	149
21/11/2018	18	21	77	66	58	183
21/11/2018	19	25	116	72	60	249
21/11/2018	20	22	106	64	45	226
21/11/2018	21	28	102	65	53	221
21/11/2018	22	23	42	52	37	115
21/11/2018	23	18	13	34	27	53
22/11/2018	00	16	11	26	23	42
22/11/2018	01	16	13	21	23	41
22/11/2018	02	14	7	27	21	38
22/11/2018	03	13	5	23	19	31
22/11/2018	04	13	6	22	20	31
22/11/2018	05	10	6	16	16	24
22/11/2018	06	11	13	24	17	45
22/11/2018	07	10	46	46	19	116
22/11/2018	08	20	109	57	42	224
22/11/2018	09	30	132	64	78	266
22/11/2018	10	22	89	52	56	189
22/11/2018	11	18	58	50	64	140
22/11/2018	12	17	63	53	55	151
22/11/2018	13	16	54	56	42	138
22/11/2018	14	15	39	49	38	109
22/11/2018	15	15	31	48	36	95
22/11/2018	16	14	42	56	37	120
22/11/2018	17	17	49	58	49	133
22/11/2018	18	22	58	57	57	147
22/11/2018	19	29	70	59	66	166
22/11/2018	20	32	85	54	57	184
22/11/2018	21	29	70	54	43	161
22/11/2018	22	33	59	48	47	139
22/11/2018	23	31	52	44	44	123
23/11/2018	00	27	42	38	36	102
23/11/2018	01	30	29	31	37	75
23/11/2018	02	26	15	26	33	48
23/11/2018	03	20	9	21	25	35
23/11/2018	04	18	6	15	23	25
23/11/2018	05	17	6	16	22	25
23/11/2018	06	14	14	25	19	46
23/11/2018	07	18	47	32	25	103
23/11/2018	08	24	125	55	32	247
23/11/2018	09	27	125	54	40	245
23/11/2018	10	26	100	40	36	193
23/11/2018	11	34	87	43	45	176
23/11/2018	12	31	57	36	40	124
23/11/2018	13	28	48	39	40	113
23/11/2018	14	13	43	45	29	110
23/11/2018	15	8	33	48	21	99
23/11/2018	16	8	25	48	17	86
23/11/2018	17	8	31	49	18	95
23/11/2018	18	10	40	56	26	117
23/11/2018	19	9	28	55	18	97
23/11/2018	20	11	47	56	24	128
23/11/2018	21	17	46	53	32	124
23/11/2018	22	17	48	56	29	129
23/11/2018	23	16	20	46	24	76
24/11/2018	00	14	24	40	20	76
24/11/2018	01	12	19	31	20	60
24/11/2018	02	12	19	33	18	61
24/11/2018	03	10	11	28	15	44
24/11/2018	04	8	9	20	11	33
24/11/2018	05	8	8	25	13	37
24/11/2018	06	8	20	31	14	62
24/11/2018	07	10	32	43	18	91
24/11/2018	08	10	67	53	25	157
24/11/2018	09	13	72	49	32	159
24/11/2018	10	8	55	46	19	129
24/11/2018	11	10	47	39	26	112
24/11/2018	12	9	33	34	22	85
24/11/2018	13	6	21	28	13	61
24/11/2018	14	6	22	29	13	64
24/11/2018	15	12	19	34	21	63
24/11/2018	16	12	25	44	23	81
24/11/2018	17	14	44	59	29	127
24/11/2018	18	13	53	62	26	143
24/11/2018	19	14	37	53	25	111
24/11/2018	20	17	52	55	33	135
24/11/2018	21	16	48	53	29	127
24/11/2018	22	19	45	53	36	123
24/11/2018	23	13	19	42	23	70
25/11/2018	00	9	10	27	12	43
25/11/2018	01	9	11	23	12	39
25/11/2018	02	8	8	16	10	28
25/11/2018	03	8	9	16	10	30
25/11/2018	04	7	6	12	9	20
25/11/2018	05	7	6	13	8	21
25/11/2018	06	5	6	16	8	26
25/11/2018	07	6	9	24	8	39
25/11/2018	08	5	9	24	9	39
25/11/2018	09	4	9	23	7	36
25/11/2018	10	5	8	19	10	31
25/11/2018	11	4	6	10	14	19
25/11/2018	12	5	6	9	11	18
25/11/2018	13	5	6	8	13	17
25/11/2018	14	4	5	9	9	17
25/11/2018	15	5	5	9	7	17
25/11/2018	16	4	5	13	7	20
25/11/2018	17	3	5	15	7	22
25/11/2018	18	6	5	24	14	32
25/11/2018	19	11	15	47	22	71
25/11/2018	20	8	9	27	16	40
25/11/2018	21	7	6	17	13	27
25/11/2018	22	7	8	21	12	33
25/11/2018	23	7	11	25	12	41
26/11/2018	00	4	8	16	7	28
26/11/2018	01	3	5	10	4	18
26/11/2018	02	2	4	9	3	16
26/11/2018	03	3	4	7	3	13
26/11/2018	04	2	4	5	3	12
26/11/2018	05	2	4	6	2	13
26/11/2018	06	2	6	11	5	20
26/11/2018	07	4	11	18	15	35
26/11/2018	08	6	31	39	24	86
26/11/2018	09	7	31	38	23	85
26/11/2018	10	6	22	26	23	59
26/11/2018	11	6	30	32	28	78
26/11/2018	12	6	27	32	24	73
26/11/2018	13	6	28	28	21	72
26/11/2018	14	4	15	22	11	44
26/11/2018	15	4	13	20	13	40
26/11/2018	16	5	16	30	17	55
26/11/2018	17	5	15	31	13	54
26/11/2018	18	7	40	56	20	117
26/11/2018	19	10	53	62	28	143
26/11/2018	20	10	53	58	23	139
26/11/2018	21	8	34	49	14	101
26/11/2018	22	11	22	43	16	77
26/11/2018	23	9	17	33	13	59
27/11/2018	00	5	9	27	8	41
27/11/2018	01	3	13	17	6	36
27/11/2018	02	2	6	10	5	18
27/11/2018	03	1	5	7	2	14
27/11/2018	04	2	5	9	2	16
27/11/2018	05	3	7	19	4	29
27/11/2018	06	5	14	33	9	55
27/11/2018	07	7	24	44	13	80
27/11/2018	08	12	48	50	27	124
27/11/2018	09	9	35	39	26	92
27/11/2018	10	8	36	34	20	90
27/11/2018	11	8	36	36	26	91
27/11/2018	12	9	48	43	33	116
27/11/2018	13	6	31	30	23	77
27/11/2018	14	7	26	39	23	79
27/11/2018	15	10	45	52	41	120
27/11/2018	16	11	34	47	38	98
27/11/2018	17	19	47	54	49	126
27/11/2018	18	19	70	62	48	170
27/11/2018	19	20	69	59	43	164
27/11/2018	20	15	66	58	34	159
27/11/2018	21	15	42	54	32	119
27/11/2018	22	14	26	44	27	84
27/11/2018	23	11	18	39	19	66
28/11/2018	00	9	16	35	16	58
28/11/2018	01	8			13	
28/11/2018	02	7			11	
28/11/2018	03	5			9	
28/11/2018	04	6			8	
28/11/2018	05	6			9	
28/11/2018	06	9			15	
28/11/2018	07	12			32	
28/11/2018	08	23			58	
28/11/2018	09	27			68	
28/11/2018	10	23			58	
28/11/2018	11	13			44	
28/11/2018	12	10			34	
28/11/2018	13	11			37	
28/11/2018	14	13			37	
28/11/2018	15	14			37	
28/11/2018	18	22			53	
28/11/2018	19	20			45	
28/11/2018	20	27			48	
28/11/2018	21	33			55	
28/11/2018	22	32			57	
28/11/2018	23	27			51	
29/11/2018	00	26			45	
29/11/2018	01	22			33	
29/11/2018	02	15			24	
29/11/2018	03	14			25	
29/11/2018	04	14			22	
29/11/2018	05	11			18	
29/11/2018	06	17			31	
29/11/2018	07	15			34	
29/11/2018	08	17			51	
29/11/2018	09	20			62	
29/11/2018	10	29			60	
29/11/2018	11	23			52	
29/11/2018	12	21			54	
29/11/2018	13	25			59	
29/11/2018	14	23			48	
29/11/2018	15	20			40	
29/11/2018	16	16			32	
29/11/2018	17	19			53	
29/11/2018	18	21			51	
29/11/2018	19	27			54	
29/11/2018	20	30			55	
29/11/2018	21	38			64	
29/11/2018	22	40			61	
29/11/2018	23	32			49	
30/11/2018	00	31			47	
30/11/2018	01	21			30	
30/11/2018	02	16			21	
30/11/2018	03	12			16	
30/11/2018	04	13			17	
30/11/2018	05	14			19	
30/11/2018	06	15			21	
30/11/2018	07	14			21	
30/11/2018	08	21			58	
30/11/2018	09	23			78	
30/11/2018	10	16			47	
30/11/2018	11	11			40	
30/11/2018	12	8			35	
30/11/2018	13	7			26	
30/11/2018	14	6			18	
30/11/2018	15	9			30	
30/11/2018	16	12			31	
30/11/2018	17	11			29	
30/11/2018	18	10			19	
30/11/2018	19	10			19	
30/11/2018	20	16			32	
30/11/2018	21	18			29	
30/11/2018	22	17			28	
30/11/2018	23	13			21	
01/12/2018	00	11			16	
01/12/2018	01	9			14	
01/12/2018	02	9			14	
01/12/2018	03	7			10	
01/12/2018	04	6			8	
01/12/2018	05	7			10	
01/12/2018	06	7			11	
01/12/2018	07	8			13	
01/12/2018	08	10			19	
01/12/2018	09	16			32	
01/12/2018	10	21			37	
01/12/2018	11	19			35	
01/12/2018	12	13			25	
01/12/2018	13	8			15	
01/12/2018	14	9			19	
01/12/2018	15	11			24	
01/12/2018	16	11			23	
01/12/2018	17	20			43	
01/12/2018	18	18			38	
01/12/2018	19	25			45	
01/12/2018	20	33			60	
01/12/2018	21	37			61	
01/12/2018	22	36			60	
01/12/2018	23	28			39	
02/12/2018	00	17			25	
02/12/2018	01	13			22	
02/12/2018	02	14			23	
02/12/2018	03	13			20	
02/12/2018	04	14			22	
02/12/2018	05	10			16	
02/12/2018	06	10			16	
02/12/2018	07	10			16	
02/12/2018	08	10			20	
02/12/2018	09	11			19	
02/12/2018	10	14			25	
02/12/2018	11	12			23	
02/12/2018	12	8			15	
02/12/2018	13	8			15	
02/12/2018	14	9			16	
02/12/2018	15	15			30	
02/12/2018	16	13			25	
02/12/2018	17	18			27	
02/12/2018	18	17			23	
02/12/2018	19	22			32	
02/12/2018	20	27			47	
02/12/2018	21	34			52	
02/12/2018	22	35			58	
02/12/2018	23	28			36	
03/12/2018	00	15			22	
03/12/2018	01	7			11	
03/12/2018	02	7			11	
03/12/2018	03	7			10	
03/12/2018	04	9			14	
03/12/2018	05	9			16	
03/12/2018	06	14			29	
03/12/2018	07	17			42	
03/12/2018	08	22			63	
03/12/2018	09	22			66	
03/12/2018	10	19			48	
03/12/2018	11	17			51	
03/12/2018	12	16			58	
03/12/2018	13	19			59	
03/12/2018	14	21			51	
03/12/2018	15	37			70	
03/12/2018	16	34			75	
03/12/2018	17	45			79	
03/12/2018	18	42			61	
03/12/2018	19	41			57	
03/12/2018	20	43			60	
03/12/2018	21	45			64	
03/12/2018	22	39			64	
03/12/2018	23	28			46	
04/12/2018	00	19			32	
04/12/2018	01	15			21	
04/12/2018	02	13			20	
04/12/2018	03	13			16	
04/12/2018	04	12			16	
04/12/2018	05	11			15	
04/12/2018	06	14			21	
04/12/2018	07	18			31	
04/12/2018	08	26			65	
04/12/2018	09	30			87	
04/12/2018	10	30			89	
04/12/2018	11	28			100	
04/12/2018	12	24			81	
04/12/2018	13	20			59	
04/12/2018	14	29			71	
04/12/2018	15	20			38	
04/12/2018	16	19			39	
04/12/2018	17	22			41	
04/12/2018	18	22			33	
04/12/2018	19	30			43	
04/12/2018	20	39			54	
04/12/2018	21	39			56	
04/12/2018	22	47			65	
04/12/2018	23	50			68	
05/12/2018	00	38			52	
05/12/2018	01	26			35	
05/12/2018	02	28			39	
05/12/2018	03	26			36	
05/12/2018	04	22			29	
05/12/2018	05	22			28	
05/12/2018	06	25			32	
05/12/2018	07	22			31	
05/12/2018	08	26			40	
05/12/2018	09	37			69	
05/12/2018	10	33			71	
05/12/2018	11	32			67	
05/12/2018	12	36			69	
05/12/2018	13	37			62	
05/12/2018	14	34			50	
05/12/2018	15	35			46	
05/12/2018	16	38			55	
05/12/2018	17	41			56	
05/12/2018	18	41			54	
05/12/2018	19	45			57	
05/12/2018	20	51			65	
05/12/2018	21	59			74	
05/12/2018	22	68			88	
05/12/2018	23	69			84	
06/12/2018	00	65			79	
06/12/2018	01	60			73	
06/12/2018	02	56			67	
06/12/2018	03	39			45	
06/12/2018	04	40			48	
06/12/2018	05	30			37	
06/12/2018	06	19			25	
06/12/2018	07	14			21	
06/12/2018	08	14			26	
06/12/2018	09	14			27	
06/12/2018	10	19			35	
06/12/2018	11	22			44	
06/12/2018	12	14			28	
06/12/2018	13	20			39	
06/12/2018	14	18			33	
06/12/2018	15	23			39	
06/12/2018	16	23			37	
06/12/2018	17	23			36	
06/12/2018	18	28			47	
06/12/2018	19	36			52	
06/12/2018	20	52			66	
06/12/2018	21	60			72	
06/12/2018	22	52			65	
06/12/2018	23	41			50	
07/12/2018	00	36			43	
07/12/2018	01	29			36	
07/12/2018	02	24			29	
07/12/2018	03	19			22	
07/12/2018	04	14			17	
07/12/2018	05	11			13	
07/12/2018	06	10			13	
07/12/2018	07	13			23	
07/12/2018	08	27			41	
07/12/2018	09	26			57	
07/12/2018	10	26			47	
07/12/2018	11	27			43	
07/12/2018	12	21			36	
07/12/2018	13	22			45	
07/12/2018	14	19			37	
07/12/2018	15	32			49	
07/12/2018	16	35			46	
07/12/2018	17	39			54	
07/12/2018	18	42			56	
07/12/2018	19	45			58	
07/12/2018	20	48			63	
07/12/2018	21	56			71	
07/12/2018	22	61			78	
07/12/2018	23	54			70	
08/12/2018	00	44			57	
08/12/2018	01	39			52	
08/12/2018	02	29			38	
08/12/2018	03	21			27	
08/12/2018	04	23			28	
08/12/2018	05	20			23	
08/12/2018	06	19			26	
08/12/2018	07	18			25	
08/12/2018	08	20			29	
08/12/2018	09	20			31	
08/12/2018	10	23			33	
08/12/2018	11	22			36	
08/12/2018	12	19			37	
08/12/2018	13	19			33	
08/12/2018	14	17			28	
08/12/2018	15	15			24	
08/12/2018	16	17			30	
08/12/2018	17	14			25	
08/12/2018	18	15			23	
08/12/2018	19	15			22	
08/12/2018	20	30			41	
08/12/2018	21	50			64	
08/12/2018	22	41			52	
08/12/2018	23	33			40	
09/12/2018	00	22			28	
09/12/2018	01	20			26	
09/12/2018	02	19			24	
09/12/2018	03	17			21	
09/12/2018	04	15			20	
09/12/2018	05	13			17	
09/12/2018	06	13			19	
09/12/2018	07	11			15	
09/12/2018	08	12			20	
09/12/2018	09	11			16	
09/12/2018	10	12			16	
09/12/2018	11	11			19	
09/12/2018	12	10			24	
09/12/2018	13	10			27	
09/12/2018	14	9			18	
09/12/2018	15	8			14	
09/12/2018	16	19			40	
09/12/2018	17	27			58	
09/12/2018	18	23			49	
09/12/2018	19	24			45	
09/12/2018	20	27			49	
09/12/2018	21	19			35	
09/12/2018	22	16			27	
09/12/2018	23	13			19	
10/12/2018	00	10			14	
10/12/2018	01	8			12	
10/12/2018	02	8			12	
10/12/2018	03	14			39	
10/12/2018	04	11			19	
10/12/2018	05	12			20	
10/12/2018	06	15			23	
10/12/2018	07	17			32	
10/12/2018	08	20			54	
10/12/2018	09	26			83	
10/12/2018	10	25			61	
10/12/2018	11	25			63	
10/12/2018	12	20			44	
10/12/2018	13	18			36	
10/12/2018	14	17			31	
10/12/2018	15	17			33	
10/12/2018	16	16			36	
10/12/2018	17	17			44	
10/12/2018	18	19			48	
10/12/2018	19	20			47	
10/12/2018	20	35			63	
10/12/2018	21	39			57	
10/12/2018	22	37			52	
10/12/2018	23	35			47	
11/12/2018	00	29			39	
11/12/2018	01	28			37	
11/12/2018	02	24			32	
11/12/2018	03	23			30	
11/12/2018	04	20			27	
11/12/2018	05	14			19	
11/12/2018	06	12			18	
11/12/2018	07	12			22	
11/12/2018	08	26			60	
11/12/2018	09	27			69	
11/12/2018	10	24			55	
11/12/2018	11	24			51	
11/12/2018	12	27			54	
11/12/2018	13	32			57	
11/12/2018	14	31			57	
11/12/2018	15	41			71	
11/12/2018	16	35			67	
11/12/2018	17	29			46	
11/12/2018	18	28			41	
11/12/2018	19	30			43	
11/12/2018	20	40			59	
11/12/2018	21	52			75	
11/12/2018	22	49			67	
11/12/2018	23	44			61	
12/12/2018	00	37			51	
12/12/2018	01	38			51	
12/12/2018	02	32			43	
12/12/2018	03	29			39	
12/12/2018	04	23			32	
12/12/2018	05	21			30	
12/12/2018	06	22			33	
12/12/2018	07	27			44	
12/12/2018	08	33			61	
12/12/2018	09	38	142	76	83	294
12/12/2018	10	40	101	62	67	216
12/12/2018	11	33	42	41	50	106
12/12/2018	12	29	34	35	46	88
12/12/2018	13	24	34	36	38	88
12/12/2018	14	21	32	42	32	91
12/12/2018	15	24	28	42	38	85
12/12/2018	16	26	29	54	45	97
12/12/2018	17	28	51	64	53	143
12/12/2018	18	24	41	59	37	121
12/12/2018	19	23	37	58	39	114
12/12/2018	20	22	34	55	33	107
12/12/2018	21	22	37	53	35	110
12/12/2018	22	17	13	41	27	61
12/12/2018	23	17	5	30	22	37
13/12/2018	00	14	16	21	20	46
13/12/2018	01	14			25	
13/12/2018	02	17	3	13	39	17
13/12/2018	03	19			29	
13/12/2018	04	20			25	
13/12/2018	05	19			24	
13/12/2018	06	18	5	24	20	31
13/12/2018	07	12	29	56	16	101
13/12/2018	08	11	107	93	15	257
13/12/2018	09	12	54	75	15	158
13/12/2018	10	17	59	66	22	156
13/12/2018	11	22	85	72	28	202
13/12/2018	12	22	40	57	29	118
13/12/2018	13	25	43	58	36	124
13/12/2018	14	28	61	63	38	156
13/12/2018	15	18	37	55	29	112
13/12/2018	16	6	19	55	21	84
13/12/2018	17	4	28	44	17	86
13/12/2018	18	3	24	36	5	72
13/12/2018	19	4	16	50	5	75
13/12/2018	20	4	35	56	6	110
13/12/2018	21	8	36	64	11	118
13/12/2018	22	5	10	29	5	44
13/12/2018	23	3	5	13	4	20
14/12/2018	00	1	11	12	3	28
14/12/2018	01	1			3	
14/12/2018	02	1	1	3	3	3
14/12/2018	03	1	1	3	2	4
14/12/2018	04	1	1	1	2	2
14/12/2018	05	1			3	
14/12/2018	06	1	2	11	4	14
14/12/2018	07	3	15	36	6	60
14/12/2018	08	6	45	65	25	134
14/12/2018	09	5	38	51	17	109
14/12/2018	10	7	57	61	18	148
14/12/2018	11	6	28	38	20	81
14/12/2018	12	5	18	26	14	53
14/12/2018	13	5	13	29	14	49
14/12/2018	14	5	8	20	9	32
14/12/2018	15	6	10	24	13	39
14/12/2018	16	4	15	31	13	53
14/12/2018	17	4	12	31	9	50
14/12/2018	18	4	9	27	7	40
14/12/2018	19	7	25	49	14	87
14/12/2018	20	14	41	72	25	134
14/12/2018	21	19	87	84	39	216
14/12/2018	22	17	55	73	32	157
14/12/2018	23	11	15	55	16	79
15/12/2018	00	7	16	39	11	64
15/12/2018	01	7	20	37	14	67
15/12/2018	02	7	15	33	12	55
15/12/2018	03	4	5	23	6	31
15/12/2018	04	4	1	14	6	14
15/12/2018	05	5	1	12	7	13
15/12/2018	06	5	4	21	8	27
15/12/2018	07	6	16	32	11	55
15/12/2018	08	8	35	55	20	108
15/12/2018	09	10	43	54	21	119
15/12/2018	10	11	51	57	27	134
15/12/2018	11	10	30	44	22	90
15/12/2018	12	7	17	31	16	57
15/12/2018	13	9	17	31	17	58
15/12/2018	14	8	13	26	14	45
15/12/2018	15	10	14	31	15	54
15/12/2018	16	9	16	35	15	59
15/12/2018	17	8	9	33	12	47
15/12/2018	18	8	12	33	14	51
15/12/2018	19	9	17	37	16	64
15/12/2018	20	11	26	41	16	81
15/12/2018	21	11	22	46	18	79
15/12/2018	22	10	16	42	16	67
15/12/2018	23	9	5	24	13	30
16/12/2018	00	10	8	19	12	31
16/12/2018	01	11	3	15	13	19
16/12/2018	02	11	5	17	13	24
16/12/2018	03	9	4	15	10	20
16/12/2018	04	8			10	
16/12/2018	05	7			8	
16/12/2018	06	7			9	
16/12/2018	07	6	4	26	7	32
16/12/2018	08	6	7	25	7	36
16/12/2018	09	5	13	27	8	47
16/12/2018	10	7	7	20	10	32
16/12/2018	11	7	5	15	10	23
16/12/2018	12	9	16	30	14	55
16/12/2018	13	7	16	29	12	54
16/12/2018	14	8	9	17	14	30
16/12/2018	15	6	9	14	13	28
16/12/2018	16	7	11	26	14	42
16/12/2018	17	9	18	38	19	65
16/12/2018	18	5	9	29	10	43
16/12/2018	19	5	9	27	8	41
16/12/2018	20	6	18	34	10	62
16/12/2018	21	6	9	35	9	49
16/12/2018	22	7	15	35	13	58
16/12/2018	23	4	5	20	7	27
17/12/2018	00	3	9	25	5	38
17/12/2018	01	2			3	
17/12/2018	02	2			4	
17/12/2018	03	3			5	
17/12/2018	04	3			5	
17/12/2018	05	4			7	
17/12/2018	06	5	14	49	10	71
17/12/2018	07	8	49	72	20	147
17/12/2018	08	15	109	81	55	248
17/12/2018	09	20	104	81	66	240
17/12/2018	10	14	67	65	33	167
17/12/2018	11	12	49	60	37	134
17/12/2018	12	8	31	38	24	86
17/12/2018	13	8	22	35	18	69
17/12/2018	14	7	23	39	14	73
17/12/2018	15	7	25	44	18	83
17/12/2018	16	15	44	57	46	124
17/12/2018	17	17	70	73	50	180
17/12/2018	18	18	93	82	45	225
17/12/2018	19	19	72	81	37	191
17/12/2018	20	23	99	84	41	235
17/12/2018	21	29	129	76	51	274
17/12/2018	22	28	138	65	51	277
17/12/2018	23	28	82	56	44	182
18/12/2018	00	15	16	42	22	66
18/12/2018	01	11	3	31	14	36
18/12/2018	02	7	3	21	9	25
18/12/2018	03	4	1	17	7	18
18/12/2018	04	4			6	
18/12/2018	05	4			5	
18/12/2018	06	4	17	34	7	60
18/12/2018	07	10	75	55	22	169
18/12/2018	08	13	135	73	33	281
18/12/2018	09	16	112	70	39	242
18/12/2018	10	17	96	63	40	210
18/12/2018	11	21	72	61	45	172
18/12/2018	12	27	65	67	54	167
18/12/2018	13	27	44	56	48	123
18/12/2018	14	32	44	62	55	130
18/12/2018	15	29	37	60	49	117
18/12/2018	16	32	52	66	57	145
18/12/2018	17	30	61	76	52	170
18/12/2018	18	26	60	75	40	167
18/12/2018	19	21	85	73	39	203
18/12/2018	20	15	49	63	23	139
18/12/2018	21	13	29	58	18	102
18/12/2018	22	14	27	53	19	95
18/12/2018	23	11	15	47	15	70
19/12/2018	00	9	11	34	11	51
19/12/2018	01	10	9	30	12	44
19/12/2018	02	10			12	
19/12/2018	03	11			14	
19/12/2018	04	12			14	
19/12/2018	05	11			13	
19/12/2018	06	12	18	40	18	67
19/12/2018	07	12	24	42	17	78
19/12/2018	08	13	49	54	23	129
19/12/2018	09	16	56	58	30	143
19/12/2018	10	11	41	44	20	107
19/12/2018	11	11	32	34	22	83
19/12/2018	12	7	29	33	28	78
19/12/2018	13	7	25	38	27	77
19/12/2018	14	6	23	32	17	67
19/12/2018	15	7	18	36	21	63
19/12/2018	16	8	19	38	23	67
19/12/2018	17	7	27	40	19	81
19/12/2018	18	9	29	57	25	101
19/12/2018	19	9	33	56	20	106
19/12/2018	20	11	48	61	20	135
19/12/2018	21	13	25	55	24	93
19/12/2018	22	11	16	42	17	67
19/12/2018	23	10	16	46	18	69
20/12/2018	00	7	6	31	11	41
20/12/2018	01	6	10	35	8	51
20/12/2018	02	4			5	
20/12/2018	03	4			7	
20/12/2018	04	5	1	17	9	18
20/12/2018	05	5	1	17	8	19
20/12/2018	06	7	15	48	14	70
20/12/2018	07	8	44	55	19	122
20/12/2018	08	11	110	78	29	246
20/12/2018	09	14	100	64	41	218
20/12/2018	10	14	74	56	38	170
20/12/2018	11	16	49	48	34	122
20/12/2018	12	14	46	46	32	117
20/12/2018	13	12	50	41	34	117
20/12/2018	14	10	23	38	24	73
20/12/2018	15	10	16	33	20	58
20/12/2018	16	13	25	46	31	83
20/12/2018	17	15	45	56	37	126
20/12/2018	18	14	36	50	26	104
20/12/2018	19	18	60	59	38	151
20/12/2018	20	17	74	67	36	180
20/12/2018	21	27	75	57	47	172
20/12/2018	22	23	50	51	39	127
20/12/2018	23	17	22	45	24	79
21/12/2018	00	13	16	40	17	65
21/12/2018	01	10	4	29	13	35
21/12/2018	02	10	2	21	12	23
21/12/2018	03	9	3	22	12	25
21/12/2018	04	7	2	17	9	19
21/12/2018	05	8	3	25	12	30
21/12/2018	06	11	19	37	15	66
21/12/2018	07	12	74	51	26	164
21/12/2018	08	17	99	55	31	206
21/12/2018	09	29	96	50	47	196
21/12/2018	10	20	40	35	33	97
21/12/2018	11	15	38	35	26	92
21/12/2018	12	9	29	29	19	73
21/12/2018	13	8	20	27	17	58
21/12/2018	14	9	17	26	16	52
21/12/2018	15	9	18	32	16	59
21/12/2018	16	9	15	27	14	50
21/12/2018	17	12	25	43	21	81
21/12/2018	18	17	29	49	27	93
21/12/2018	19	17	35	46	32	101
21/12/2018	20	18	65	57	33	157
21/12/2018	21	15	54	56	28	139
21/12/2018	22	17	41	53	27	116
21/12/2018	23	17	22	39	21	72
22/12/2018	00	15	17	38	21	65
22/12/2018	01	15	7	33	19	44
22/12/2018	02	14	6	24	17	33
22/12/2018	03	13	9	26	15	39
22/12/2018	04	12	1	15	13	17
22/12/2018	05	13	2	12	14	14
22/12/2018	06	10	3	18	11	22
22/12/2018	07	8	18	25	10	52
22/12/2018	08	8	27	32	14	73
22/12/2018	09	7	31	31	14	79
22/12/2018	10	8	34	30	22	82
22/12/2018	11	8	23	24	17	60
22/12/2018	12	8	23	28	18	62
22/12/2018	13	8	27	29	19	70
22/12/2018	14	6	13	19	11	38
22/12/2018	15	8	10	22	17	37
22/12/2018	16	11	16	35	20	60
22/12/2018	17	11	19	36	20	65
22/12/2018	18	14	41	38	30	101
22/12/2018	19	20	52	41	41	122
22/12/2018	20	22	102	54	35	210
22/12/2018	21	25	72	44	41	154
22/12/2018	22	25	43	39	38	105
22/12/2018	23	22	24	34	28	71
23/12/2018	00	17	14	28	21	49
23/12/2018	01	14	15	24	18	47
23/12/2018	02	13	9	23	14	37
23/12/2018	03	12	12	20	13	39
23/12/2018	04	11	2	15	12	17
23/12/2018	05	9	2	16	10	19
23/12/2018	06	8	4	17	9	23
23/12/2018	07	9	8	18	10	31
23/12/2018	08	8	24	23	11	59
23/12/2018	09	9	36	26	13	81
23/12/2018	10	11	34	29	19	81
23/12/2018	11	12	34	25	19	77
23/12/2018	12	11	19	22	17	51
23/12/2018	13	10	17	20	17	46
23/12/2018	14	21	15	27	32	50
23/12/2018	15	36	12	27	47	45
23/12/2018	16	26	2	18	36	21
23/12/2018	17	17			25	
23/12/2018	18	27	7	43	35	54
23/12/2018	19	41	15	56	51	79
23/12/2018	20	41	29	56	50	101
23/12/2018	21	33	56	44	44	130
23/12/2018	22	44	50	42	55	119
23/12/2018	23	33	19	31	39	59
24/12/2018	00	25	11	27	29	44
24/12/2018	01	18	5	21	21	28
24/12/2018	02	21	10	21	24	36
24/12/2018	03	14	7	20	17	31
24/12/2018	04	12	5	18	15	25
24/12/2018	05	11	7	20	14	30
24/12/2018	06	10	18	24	14	51
24/12/2018	07	11	46	30	18	100
24/12/2018	08	13	55	34	20	118
24/12/2018	09	17	49	34	28	110
24/12/2018	10	18	65	42	32	141
24/12/2018	11	20	50	37	42	114
24/12/2018	12	32	26	31	53	71
24/12/2018	13	28	12	23	42	42
24/12/2018	14	25	7	22	33	32
24/12/2018	15	25	9	30	45	43
24/12/2018	16	29	24	45	54	82
24/12/2018	17	33	34	51	53	103
24/12/2018	18	37	46	51	62	120
24/12/2018	19	39	28	46	58	88
24/12/2018	20	47	27	42	62	83
24/12/2018	21	61	75	48	80	162
24/12/2018	22	68	58	44	82	132
24/12/2018	23	70	24	34	78	70
25/12/2018	00	45	15	27	54	51
25/12/2018	01	35	16	25	43	49
25/12/2018	02	30	17	27	39	52
25/12/2018	03	24	9	24	28	38
25/12/2018	04	13	1	15	15	17
25/12/2018	05	9			11	
25/12/2018	06	8			9	
25/12/2018	07	7	2	15	9	17
25/12/2018	08	7	2	15	11	18
25/12/2018	09	5	2	13	9	17
25/12/2018	10	7	4	16	13	22
25/12/2018	11	10	6	17	16	26
25/12/2018	12	18	8	20	29	32
25/12/2018	13	27	7	21	40	31
25/12/2018	14	28	2	16	37	19
25/12/2018	15	29			35	
25/12/2018	16	24			32	
25/12/2018	17	18			23	
25/12/2018	18	18			24	
25/12/2018	19	23			30	
25/12/2018	20	27	1	28	35	29
25/12/2018	21	26	4	32	34	37
25/12/2018	22	41	12	31	52	51
25/12/2018	23	35	9	24	44	38
26/12/2018	00	29	7	19	35	30
26/12/2018	01	25	3	19	30	24
26/12/2018	02	24	3	14	27	18
26/12/2018	03	21	3	10	24	13
26/12/2018	04	20	2	15	23	17
26/12/2018	05	19	3	12	21	17
26/12/2018	06	18	15	18	22	40
26/12/2018	07	20	55	31	28	115
26/12/2018	08	21	117	41	37	221
26/12/2018	09	19	86	35	43	168
26/12/2018	10	19	81	46	39	170
26/12/2018	11	24	63	38	51	134
26/12/2018	12	25	43	33	45	99
26/12/2018	13	31	27	30	52	71
26/12/2018	14	31	18	25	47	53
26/12/2018	15	46			63	44
26/12/2018	17	37	15	31	48	54
26/12/2018	18	39	39	44	54	104
26/12/2018	19	45	27	40	57	82
26/12/2018	20	54	22	35	64	69
26/12/2018	21	52	22	37	62	70
26/12/2018	22	53	27	38	61	79
26/12/2018	23	49	6	26	57	36
27/12/2018	00	48	3	17	53	21
27/12/2018	01	45	2	14	50	17
27/12/2018	02	32			37	
27/12/2018	03	23			26	
27/12/2018	04	19			22	
27/12/2018	05	19	2	11	24	13
27/12/2018	06	17	13	17	22	37
27/12/2018	07	15	33	26	23	76
27/12/2018	08	17	90	31	31	170
27/12/2018	09	20	68	25	47	130
27/12/2018	10	20	55	26	37	110
27/12/2018	11	27	62	29	61	123
27/12/2018	12	32	42	29	67	94
27/12/2018	13	30	11	18	49	35
27/12/2018	14	35	13	18	55	37
27/12/2018	15	36			56	
27/12/2018	16	33			55	
27/12/2018	17	35			63	
27/12/2018	18	41			76	
27/12/2018	19	43			70	
27/12/2018	20	60			84	
27/12/2018	21	61			78	
27/12/2018	22	67			85	
27/12/2018	23	60			74	
28/12/2018	00	52			63	
28/12/2018	01	43			52	
28/12/2018	02	39			45	
28/12/2018	03	33			39	
28/12/2018	04	31			35	
28/12/2018	05	27			31	
28/12/2018	06	25			29	
28/12/2018	07	27	36	47	35	102
28/12/2018	08	30	94	64	48	208
28/12/2018	09	29	100	53	48	206
28/12/2018	10	26	96	59	45	205
28/12/2018	11	29	69	51	50	156
28/12/2018	12	37	65	54	64	154
28/12/2018	13	37	55	51	61	135
28/12/2018	14	32	42	39	45	105
28/12/2018	15	30	29	37	41	81
28/12/2018	16	29	43	53	40	119
28/12/2018	17	29	35	51	38	105
28/12/2018	18	30	43	56	43	123
28/12/2018	19	33	46	58	44	130
28/12/2018	20	34	47	61	46	133
28/12/2018	21	46	43	61	57	126
28/12/2018	22	52	22	54	62	88
28/12/2018	23	50	36	63	57	118
29/12/2018	00	46	29	54	54	98
29/12/2018	01	47	28	49	54	91
29/12/2018	02	43	16	42	49	65
29/12/2018	03	40	15	39	47	61
29/12/2018	04	36	4	25	41	32
29/12/2018	05	29	4	17	33	23
29/12/2018	06	25	13	18	29	37
29/12/2018	07	19	25	28	24	67
29/12/2018	08	17	33	33	22	83
29/12/2018	09	16	41	35	25	98
29/12/2018	10	16	51	36	27	114
29/12/2018	11	16	39	34	28	93
29/12/2018	12	21	27	34	37	76
29/12/2018	13	22	16	27	35	52
29/12/2018	14	24	17	28	37	54
29/12/2018	15	25	12	27	37	46
29/12/2018	16	27	6	24	37	34
29/12/2018	17	28	5	34	44	42
29/12/2018	18	31	15	60	57	83
29/12/2018	19	32	39	69	54	129
29/12/2018	20	36	41	71	51	133
29/12/2018	21	64	53	66	82	148
29/12/2018	22	56	39	55	71	114
29/12/2018	23	41	16	41	55	64
30/12/2018	00	33	8	34	43	45
30/12/2018	01	26	5	29	32	36
30/12/2018	02	21	5	26	27	33
30/12/2018	03	17	7	20	22	30
30/12/2018	04	14	4	15	18	21
30/12/2018	05	12	3	13	16	18
30/12/2018	06	12	6	19	16	27
30/12/2018	07	12	6	28	17	38
30/12/2018	08	13	13	35	19	55
30/12/2018	09	12	9	26	17	41
30/12/2018	10	13	10	22	19	38
30/12/2018	11	16	14	25	27	47
30/12/2018	12	18	13	26	28	46
30/12/2018	13	14	11	24	26	41
30/12/2018	14	17	7	18	28	28
30/12/2018	15	25	8	24	40	36
30/12/2018	16	27	11	40	44	58
30/12/2018	17	29	22	62	50	95
30/12/2018	18	36	70	83	65	191
30/12/2018	19	40	82	82	69	207
30/12/2018	20	47	71	71	75	180
30/12/2018	21	39	19	50	56	79
30/12/2018	22	26	22	45	42	78
30/12/2018	23	15	9	35	20	49
31/12/2018	00	15	12	42	20	61
31/12/2018	01	13	10	38	19	54
31/12/2018	02	12	10	36	19	52
31/12/2018	03	8	4	18	12	24
31/12/2018	04	8	4	18	12	25
31/12/2018	05	8	4	27	12	33
31/12/2018	06	7	8	37	15	49
31/12/2018	07	6	6	35	10	45
31/12/2018	08	7	14	44	16	66
31/12/2018	09	9	24	45	21	81
31/12/2018	10	10	17	33	21	59
31/12/2018	11	15	38	44	33	102
31/12/2018	12	25	28	42	44	84
31/12/2018	13	13	18	37	30	64
31/12/2018	14	25	27	46	50	86
31/12/2018	15	25	16	43	43	67
31/12/2018	16	23	7	35	41	46
31/12/2018	17	16	5	38	33	45
31/12/2018	18	18	18	58	39	85
31/12/2018	19	29	46	75	46	146
31/12/2018	20	45	42	70	77	134
31/12/2018	21	56	64	72	76	170
31/12/2018	22	57	12	48	71	66
31/12/2018	23	47	5	32	61	39
