Red: Red de Vigilancia y Control de la Contaminación Atmosférica
Estación: 03014006-El Pla
	
FECHA	HORA	SO2	PST	CO	NO	NO2	NOx	O3
		µg/m³	µg/m³	mg/m³	µg/m³	µg/m³	µg/m³	µg/m³
10/09/2002	16	3		0.3				82
10/09/2002	17	3		0.3	4	2	7	90
10/09/2002	18	3		0.3	4	2	7	94
10/09/2002	19	3		0.3	4	2	7	94
10/09/2002	20	3		0.3	4	2	8	66
10/09/2002	21	3		0.3	5	2	8	54
10/09/2002	22	3		0.3	4	2	7	55
10/09/2002	23	3		0.3	4	2	7	38
11/09/2002	00	3		0.3	6	2	10	35
11/09/2002	01	3		0.3				38
11/09/2002	02	3		0.3				41
11/09/2002	03	3		0.3				42
11/09/2002	04	3		0.3				41
11/09/2002	05	3		0.3				32
11/09/2002	06	3		0.3				11
11/09/2002	07	3		0.3				16
11/09/2002	08	3		0.3				27
11/09/2002	09	3		0.3				55
11/09/2002	10	3		0.3				60
11/09/2002	11	3		0.3				65
11/09/2002	12	3		0.3				71
11/09/2002	13	3		0.3				71
11/09/2002	14	3		0.3				66
11/09/2002	15	3		0.3				68
11/09/2002	16	3		0.3				70
11/09/2002	17	3		0.3				62
11/09/2002	18	3		0.3				60
11/09/2002	19	3		0.3				59
11/09/2002	20	3		0.3				61
11/09/2002	21	3		0.3				61
11/09/2002	22	3		0.3				66
11/09/2002	23	3		0.3				66
12/09/2002	00	3		0.3				61
12/09/2002	01	3		0.3				45
12/09/2002	02	3		0.3				23
12/09/2002	03	3		0.3				27
12/09/2002	04	3		0.3				28
12/09/2002	05	3		0.3				36
12/09/2002	06	3		0.3				9
12/09/2002	07	3		0.3				3
12/09/2002	08	3		0.3				16
12/09/2002	09	3		0.3				45
12/09/2002	10	3		0.3				56
12/09/2002	11			0.3				60
12/09/2002	12	5		0.3				67
12/09/2002	13	3		0.3				71
12/09/2002	14	3		0.3				63
12/09/2002	15	3		0.4				62
12/09/2002	16	3		0.4				60
12/09/2002	17	3		0.3				58
12/09/2002	18	3		0.3				60
12/09/2002	19	3		0.3				61
12/09/2002	20	3		0.3				60
12/09/2002	21	3		0.3				48
12/09/2002	22	3		0.3				51
12/09/2002	23	3		0.3				39
13/09/2002	00	3		0.3				33
13/09/2002	01	3		0.3				26
13/09/2002	02	3		0.3				38
13/09/2002	03	3		0.3				23
13/09/2002	04	3		0.3				23
13/09/2002	05	3		0.3				16
13/09/2002	06	3		0.3				8
13/09/2002	07	3		0.4				8
13/09/2002	08	3		0.4				21
13/09/2002	09	3		0.2				49
13/09/2002	10	3		0.2				63
13/09/2002	11	3		0.2				75
13/09/2002	12	3		0.2				78
13/09/2002	13	3		0.2				86
13/09/2002	14	3		0.2				86
13/09/2002	15	3		0.2				94
13/09/2002	16	3		0.2				95
13/09/2002	17	3		0.2				92
13/09/2002	18	3		0.2				84
13/09/2002	19	3		0.2				75
13/09/2002	20	3		0.3				71
13/09/2002	21	3		0.3				58
13/09/2002	22	3		0.3				57
13/09/2002	23	3		0.3				58
14/09/2002	00	3		0.3				54
14/09/2002	01	3		0.3				67
14/09/2002	02	3		0.3				78
14/09/2002	03	3		0.3				73
14/09/2002	04	3		0.3				77
14/09/2002	05	3		0.3				69
14/09/2002	06	3		0.3				37
14/09/2002	07	3		0.3				27
14/09/2002	08	3		0.3				50
14/09/2002	09	3		0.3				78
14/09/2002	10	3		0.3				79
14/09/2002	11			0.2				85
14/09/2002	12	3		0.2				88
14/09/2002	13	3		0.2				89
14/09/2002	14	3		0.2				90
14/09/2002	15	3		0.3				91
14/09/2002	16	3		0.3				91
14/09/2002	17	3		0.3				88
14/09/2002	18	3		0.3				85
14/09/2002	19	3		0.3				76
14/09/2002	20	3		0.3				82
14/09/2002	21	3		0.4				81
14/09/2002	22	3		0.4				79
14/09/2002	23	3		0.3				85
15/09/2002	00	3		0.3				79
15/09/2002	01	3		0.3				58
15/09/2002	02	3		0.3				75
15/09/2002	03	3		0.3				83
15/09/2002	04	3		0.3				63
15/09/2002	05							80
15/09/2002	06	3		0.3				62
15/09/2002	07	3		0.3				45
15/09/2002	08	3		0.3				63
15/09/2002	09	3		0.3				83
15/09/2002	10	3		0.3				95
15/09/2002	11	3		0.2				96
15/09/2002	12	3		0.2				99
15/09/2002	13	3		0.2				96
15/09/2002	14	3		0.2				99
15/09/2002	15	3		0.2				97
15/09/2002	16	3		0.2				97
15/09/2002	17	3		0.2				97
15/09/2002	18	3		0.2				91
15/09/2002	19	3		0.2				88
15/09/2002	20	3		0.2				82
15/09/2002	21	3		0.2				68
15/09/2002	22	3		0.2				69
15/09/2002	23	3		0.2				43
16/09/2002	00	3		0.2				36
16/09/2002	01	3		0.2				50
16/09/2002	02	3		0.2				54
16/09/2002	03	3		0.2				45
16/09/2002	04	3		0.2				43
16/09/2002	05	3		0.2				43
16/09/2002	06	4		0.3				12
16/09/2002	07	8		0.4				7
16/09/2002	08	3		0.3				17
16/09/2002	09	3		0.2				43
16/09/2002	10	3		0.2				63
16/09/2002	11	3		0.2				81
16/09/2002	12	3		0.2				86
16/09/2002	13	3		0.2				97
16/09/2002	14	3		0.2				89
16/09/2002	15	3		0.2				84
16/09/2002	16	3		0.2				81
16/09/2002	17	3		0.2				77
16/09/2002	18	3		0.2				72
16/09/2002	19	3		0.2				72
16/09/2002	20	3		0.2				76
16/09/2002	21	3		0.2				88
16/09/2002	22	3		0.2				90
16/09/2002	23	3		0.2				95
17/09/2002	00	3		0.2				98
17/09/2002	01	3		0.2				96
17/09/2002	02	3		0.2				69
17/09/2002	03	3		0.2				51
17/09/2002	04	3		0.2				49
17/09/2002	05	3		0.2				37
17/09/2002	06	3		0.4				26
17/09/2002	07	5		0.4				19
17/09/2002	08	4		0.4				45
17/09/2002	09	3		0.3				69
17/09/2002	10	4		0.3				83
17/09/2002	11	3		0.3				84
17/09/2002	12	3		0.3				71
17/09/2002	13	3		0.3				66
17/09/2002	14	3		0.3				63
17/09/2002	15	3		0.3				76
17/09/2002	16	3		0.3				75
17/09/2002	17	3		0.3				76
17/09/2002	18	3		0.3				79
17/09/2002	19	3		0.3				61
17/09/2002	20	3		0.3				55
17/09/2002	21	5		0.4				15
17/09/2002	22	4		0.3				16
17/09/2002	23	3		0.3				30
18/09/2002	00	3		0.3				29
18/09/2002	01	3		0.3				36
18/09/2002	02	3		0.3				44
18/09/2002	03	4		0.3				39
18/09/2002	04	3		0.3				20
18/09/2002	05	3		0.3				13
18/09/2002	06	7		0.4				6
18/09/2002	07	8		0.4				4
18/09/2002	08	7		0.4				14
18/09/2002	09	3		0.3				50
18/09/2002	10	3		0.3				69
18/09/2002	11	3		0.3				79
18/09/2002	12	3		0.3				80
18/09/2002	13	3		0.3				80
18/09/2002	14	3		0.3				84
18/09/2002	15	3		0.3				88
18/09/2002	16	3		0.3				105
18/09/2002	17	3		0.3				102
18/09/2002	18	3		0.3				92
18/09/2002	19	3		0.3				69
18/09/2002	20	3		0.3				52
18/09/2002	21	3		0.3				33
18/09/2002	22	3		0.3				40
18/09/2002	23	3		0.3				47
19/09/2002	00	3		0.3				39
19/09/2002	01	3		0.3				33
19/09/2002	02	3		0.3				40
19/09/2002	03	3		0.3				44
19/09/2002	04	3		0.3				27
19/09/2002	05	3		0.3				17
19/09/2002	06	3		0.4				9
19/09/2002	07	9		0.5				4
19/09/2002	08	5		0.5				9
19/09/2002	09	3		0.4				30
19/09/2002	10	3		0.3				54
19/09/2002	11	3		0.3				65
19/09/2002	12	3		0.3				64
19/09/2002	13	3		0.3				66
19/09/2002	14	3		0.3				86
19/09/2002	15	3		0.3				71
19/09/2002	16	3		0.3				61
19/09/2002	17	3		0.3				61
19/09/2002	18	3		0.3				54
19/09/2002	19	3		0.4				36
19/09/2002	20	3		0.4				24
19/09/2002	21	3		0.4				30
19/09/2002	22	3		0.3				28
19/09/2002	23	3		0.4				22
20/09/2002	00	3		0.3				9
20/09/2002	01	3		0.3				21
20/09/2002	02	3		0.3				26
20/09/2002	03	3		0.3				17
20/09/2002	04	3		0.3				33
20/09/2002	05	3		0.3				32
20/09/2002	06	3		0.3				6
20/09/2002	07	3		0.4				4
20/09/2002	08	3		0.4				6
20/09/2002	09	3		0.3				21
20/09/2002	10	3		0.3				45
20/09/2002	11	3		0.3				54
20/09/2002	12	3		0.3				68
20/09/2002	13	3		0.3				76
20/09/2002	14	3		0.3				86
20/09/2002	15	3		0.3				80
20/09/2002	16	3		0.3				75
20/09/2002	17	3		0.3				66
20/09/2002	18	3		0.3				62
20/09/2002	19	3		0.3				60
20/09/2002	20	3		0.3				49
20/09/2002	21	3		0.3				10
20/09/2002	22	3		0.3				17
20/09/2002	23	3		0.3				21
21/09/2002	00	3		0.4				7
21/09/2002	01	3		0.3				5
21/09/2002	02	3		0.3				6
21/09/2002	03	3		0.3				12
21/09/2002	04	3		0.3				8
21/09/2002	05	3		0.3				8
21/09/2002	06	8		0.3				5
21/09/2002	07	10		0.4				4
21/09/2002	08	11		0.4				7
21/09/2002	09	13		0.4				19
21/09/2002	10	7		0.3				38
21/09/2002	11	5		0.3				67
21/09/2002	12	5		0.3				78
21/09/2002	13	4		0.3				91
21/09/2002	14	4		0.3				86
21/09/2002	15	3		0.3				82
21/09/2002	16	3		0.3				74
21/09/2002	17	3		0.3				69
21/09/2002	18	3		0.3				64
21/09/2002	19	4		0.3				55
21/09/2002	20	5		0.3				53
21/09/2002	21	6		0.4				9
21/09/2002	22	7		0.4				7
21/09/2002	23	6		0.4				9
22/09/2002	00	5		0.3				36
22/09/2002	01	3		0.3				37
22/09/2002	02	4		0.3				14
22/09/2002	03	4		0.3				44
22/09/2002	04	3		0.3				51
22/09/2002	05	5		0.3				27
22/09/2002	06	7		0.3				5
22/09/2002	07	4		0.3				26
22/09/2002	08	6		0.3				48
22/09/2002	09	10		0.3				52
22/09/2002	10	7		0.3				56
22/09/2002	11	4		0.3				63
22/09/2002	12	3		0.3				66
22/09/2002	13	3		0.3				71
22/09/2002	14	3		0.3				72
22/09/2002	15	3		0.3				73
22/09/2002	16	3		0.3				69
22/09/2002	17	3		0.3				67
22/09/2002	18	3		0.3				55
22/09/2002	19	3		0.3				36
22/09/2002	20	3		0.3				44
22/09/2002	21	3		0.3				22
22/09/2002	22	4		0.3				40
22/09/2002	23	3		0.2				60
23/09/2002	00	3		0.2				58
23/09/2002	01	3		0.2				61
23/09/2002	02	3		0.2				40
23/09/2002	03	3		0.2				35
23/09/2002	04	18		0.2				54
23/09/2002	05	20		0.2				34
23/09/2002	06	25		0.4				38
23/09/2002	07	78		0.4				22
23/09/2002	08	27		0.4				37
23/09/2002	09	9		0.4				47
23/09/2002	10	4		0.4				62
23/09/2002	11	3		0.4				62
23/09/2002	12	3		0.4				68
23/09/2002	13	3		0.4				73
23/09/2002	14	3		0.4				72
23/09/2002	15	3		0.4				74
23/09/2002	16	3		0.3				73
23/09/2002	17	3		0.3				72
23/09/2002	18	3		0.3				67
23/09/2002	19	3		0.4				53
23/09/2002	20	3		0.3				34
23/09/2002	21	3		0.3				28
23/09/2002	22	3		0.3				24
23/09/2002	23	3		0.3				50
24/09/2002	00	3		0.3				57
24/09/2002	01	3		0.3				52
24/09/2002	02	3		0.3				56
24/09/2002	03	3		0.3				58
24/09/2002	04	3		0.3				53
24/09/2002	05	3		0.3				40
24/09/2002	06	3		0.3				18
24/09/2002	07	3		0.4				8
24/09/2002	08	3		0.3				11
24/09/2002	09	3		0.3				36
24/09/2002	10	3		0.3				72
24/09/2002	11	3		0.3				80
24/09/2002	12	3		0.3				80
24/09/2002	13	3		0.3				84
24/09/2002	14	3		0.3				82
24/09/2002	15	3		0.3				85
24/09/2002	16	3		0.3				83
24/09/2002	17	3		0.3				95
24/09/2002	18	3		0.2				85
24/09/2002	19	3		0.2				63
24/09/2002	20	3		0.2				59
24/09/2002	21	3		0.2				51
24/09/2002	22	3		0.2				66
24/09/2002	23	3		0.2				62
25/09/2002	00	3		0.2				69
25/09/2002	01	3		0.2				66
25/09/2002	02	3		0.2				65
25/09/2002	03	3		0.2				61
25/09/2002	04	3		0.2				56
25/09/2002	05	3		0.2				49
25/09/2002	06	9		0.4				19
25/09/2002	07	14		0.4				9
25/09/2002	08	17		0.4				19
25/09/2002	09	12		0.4				41
25/09/2002	10	10		0.4				71
25/09/2002	11	9		0.4				83
25/09/2002	12	10		0.4				81
25/09/2002	13	9		0.4				85
25/09/2002	14	8		0.4				96
25/09/2002	15	7		0.4				95
25/09/2002	16	7		0.4				88
25/09/2002	17	5		0.4				83
25/09/2002	18	7		0.4				69
25/09/2002	19	8		0.4				36
25/09/2002	20	7		0.4				37
25/09/2002	21	7		0.4				51
25/09/2002	22	5		0.3				64
25/09/2002	23	5		0.3				62
26/09/2002	00	6		0.3				56
26/09/2002	01	5		0.3				60
26/09/2002	02	6		0.3				45
26/09/2002	03	7		0.3				29
26/09/2002	04	6		0.3				32
26/09/2002	05	8		0.3				27
26/09/2002	06	13		0.4				8
26/09/2002	07	22		0.5				3
26/09/2002	08	19		0.4				7
26/09/2002	09	17		0.4				20
26/09/2002	10	15		0.3				57
26/09/2002	11	11		0.3				72
26/09/2002	12	10		0.3				88
26/09/2002	13	9		0.3				94
26/09/2002	14	8		0.3				95
26/09/2002	15	8		0.3				98
26/09/2002	16	6		0.3				97
26/09/2002	17	5		0.3				99
26/09/2002	18	6		0.3				85
26/09/2002	19	5		0.3				82
26/09/2002	20	5		0.3				56
26/09/2002	21	7		0.3				39
26/09/2002	22	6		0.3				38
26/09/2002	23	6		0.3				47
27/09/2002	00	6		0.3				55
27/09/2002	01	4		0.3				57
27/09/2002	02	6		0.3				30
27/09/2002	03	7		0.3				19
27/09/2002	04	8		0.3				14
27/09/2002	05	8		0.3				12
27/09/2002	06	16		0.5				6
27/09/2002	07	33		0.4				6
27/09/2002	08	20		0.4				13
27/09/2002	09	12		0.4				36
27/09/2002	10	6		0.3				52
27/09/2002	11	5		0.3				77
27/09/2002	12	4		0.3				88
27/09/2002	13	4		0.3				91
27/09/2002	14	4		0.3				96
27/09/2002	15	5		0.3				96
27/09/2002	16	4		0.3				95
27/09/2002	17	4		0.3				92
27/09/2002	18	3		0.4				86
27/09/2002	19	3		0.4				64
27/09/2002	20	4		0.4				40
27/09/2002	21	4		0.4				35
27/09/2002	22	5		0.4				55
27/09/2002	23	3		0.3				44
28/09/2002	00	3		0.3				41
28/09/2002	01	4		0.3				47
28/09/2002	02	5		0.3				46
28/09/2002	03	5		0.3				55
28/09/2002	04	4		0.3				58
28/09/2002	05	3		0.3				52
28/09/2002	06	3		0.3				40
28/09/2002	07	3		0.3				36
28/09/2002	08	6		0.4				30
28/09/2002	09	4		0.4				79
28/09/2002	10	4		0.3				91
28/09/2002	11	4		0.3				101
28/09/2002	12	3		0.3				111
28/09/2002	13	4		0.3				120
28/09/2002	14	4		0.3				126
28/09/2002	15	3		0.3				122
28/09/2002	16	3		0.3				116
28/09/2002	17	3		0.4				108
28/09/2002	18	3		0.3				100
28/09/2002	19	3		0.3				89
28/09/2002	20	4		0.3				86
28/09/2002	21	4		0.3				63
28/09/2002	22	5		0.4				22
28/09/2002	23	5		0.4				27
29/09/2002	00	5		0.3				31
29/09/2002	01	5		0.3				35
29/09/2002	02	4		0.3				41
29/09/2002	03	5		0.3				48
29/09/2002	04	5		0.3				53
29/09/2002	05	4		0.3				56
29/09/2002	06	5		0.4				49
29/09/2002	07	6		0.4				42
29/09/2002	08	5		0.4				47
29/09/2002	09	5		0.4				59
29/09/2002	10	4		0.4				86
29/09/2002	11	3		0.4				97
29/09/2002	12	3		0.4				105
29/09/2002	13	4		0.4				106
29/09/2002	14	3		0.4				101
29/09/2002	15	3		0.4				104
29/09/2002	16	3		0.4				102
29/09/2002	17	3		0.4				103
29/09/2002	18	3		0.4				100
29/09/2002	19	4		0.4				98
29/09/2002	20	4		0.3				100
29/09/2002	21	3		0.3				96
29/09/2002	22	3		0.3				92
29/09/2002	23	3		0.3				97
30/09/2002	00	3		0.3				93
30/09/2002	01	4		0.3				96
30/09/2002	02	3		0.3				92
30/09/2002	03	3		0.3				87
30/09/2002	04	3		0.3				94
30/09/2002	05	3		0.3				65
30/09/2002	06	6		0.4				19
30/09/2002	07	8		0.4				8
30/09/2002	08	8		0.4				22
30/09/2002	09	5		0.3				49
30/09/2002	10	4		0.3				86
30/09/2002	11	3		0.3				89
30/09/2002	12	4		0.3				85
30/09/2002	13	3		0.3				90
30/09/2002	14	3		0.3				86
30/09/2002	15	3		0.3				88
30/09/2002	16	3		0.3				86
30/09/2002	17	3		0.3				80
30/09/2002	18	4		0.3				72
30/09/2002	19	3		0.3				54
30/09/2002	20	3		0.3				32
30/09/2002	21	3		0.3				31
30/09/2002	22	3		0.3				56
30/09/2002	23	3		0.3				56
01/10/2002	00	3		0.3				61
01/10/2002	01	3		0.3				62
01/10/2002	02	3		0.3				58
01/10/2002	03	3		0.3				60
01/10/2002	04	3		0.3				62
01/10/2002	05	3		0.3				59
01/10/2002	06	7		0.3				28
01/10/2002	07	8		0.4				15
01/10/2002	08	8		0.4				18
01/10/2002	09	6		0.3				67
01/10/2002	10	5		0.3				86
01/10/2002	11	5		0.3				87
01/10/2002	12	4		0.3				90
01/10/2002	13	4		0.3				86
01/10/2002	14	4		0.3				87
01/10/2002	15	4		0.3				83
01/10/2002	16	4		0.3				82
01/10/2002	17	4		0.3				85
01/10/2002	18	6		0.3				77
01/10/2002	19	5		0.3				66
01/10/2002	20	5		0.3				67
01/10/2002	21	6		0.3				64
01/10/2002	22	5		0.3				69
01/10/2002	23	5		0.3				75
02/10/2002	00	5		0.3				74
02/10/2002	01	4		0.3				65
02/10/2002	02	4		0.3				49
02/10/2002	03	3		0.3				53
02/10/2002	04	4		0.3				77
02/10/2002	05	4		0.3				81
02/10/2002	06	4		0.3				62
02/10/2002	07	5		0.4				32
02/10/2002	08	5		0.4				34
02/10/2002	09	4		0.3				45
02/10/2002	10	3		0.3				55
02/10/2002	11	4		0.3				58
02/10/2002	12	5		0.3				44
02/10/2002	13	5		0.4				40
02/10/2002	14	5		0.4				30
02/10/2002	15	4		0.4				35
02/10/2002	16	4		0.4				41
02/10/2002	17	4		0.4				28
02/10/2002	18	5		0.4				19
02/10/2002	19	6		0.4				8
02/10/2002	20	4		0.4				9
02/10/2002	21	4		0.4				11
02/10/2002	22	4		0.4				9
02/10/2002	23	5		0.4				13
03/10/2002	00	3		0.3				13
03/10/2002	01	5		0.3				11
03/10/2002	02	6		0.3				9
03/10/2002	03	6		0.3				9
03/10/2002	04	5		0.3				12
03/10/2002	05	7		0.3				6
03/10/2002	06	13		0.4				4
03/10/2002	07	18		0.6				7
03/10/2002	08	10		0.4				7
03/10/2002	09	10		0.4				8
03/10/2002	10	9		0.4				15
03/10/2002	11	7		0.4				38
03/10/2002	12	5		0.4				60
03/10/2002	13	5		0.4				72
03/10/2002	14	6		0.4				92
03/10/2002	15	4		0.4				82
03/10/2002	16	3		0.4				77
03/10/2002	17	3		0.4				71
03/10/2002	18	3		0.4				67
03/10/2002	19	3		0.4				67
03/10/2002	20	3		0.4				64
03/10/2002	21	3		0.4				60
03/10/2002	22	3		0.3				70
03/10/2002	23	3		0.4				66
04/10/2002	00	3		0.3				63
04/10/2002	01	3		0.3				56
04/10/2002	02	3		0.3				54
04/10/2002	03	3		0.3				60
04/10/2002	04	3		0.3				56
04/10/2002	05	3		0.3				45
04/10/2002	06	4		0.3				31
04/10/2002	07	9		0.4				8
04/10/2002	08	7		0.4				11
04/10/2002	09	5		0.4				32
04/10/2002	10	5		0.4				66
04/10/2002	11	3		0.3				82
04/10/2002	12	3		0.3				87
04/10/2002	13	3		0.3				91
04/10/2002	14	3		0.3				88
04/10/2002	15	3		0.3				92
04/10/2002	16	3		0.3				89
04/10/2002	17	3		0.3				88
04/10/2002	18	3		0.3				88
04/10/2002	19	3		0.3				52
04/10/2002	20	3		0.3				22
04/10/2002	21	3		0.3				25
04/10/2002	22	4		0.3				36
04/10/2002	23	3		0.3				31
05/10/2002	00	3		0.3				31
05/10/2002	01	3		0.3				43
05/10/2002	02	3		0.3				45
05/10/2002	03	3		0.3				50
05/10/2002	04	3		0.3				53
05/10/2002	05	3		0.3				40
05/10/2002	06	7		0.3				36
05/10/2002	07	7		0.3				40
05/10/2002	08	8		0.4				35
05/10/2002	09	8		0.4				50
05/10/2002	10	6		0.3				81
05/10/2002	11	7		0.3				89
05/10/2002	12	6		0.3				95
05/10/2002	13	7		0.3				100
05/10/2002	14	7		0.3				108
05/10/2002	15	7		0.3				110
05/10/2002	16	8		0.3				110
05/10/2002	17	7		0.3				104
05/10/2002	18	7		0.3				93
05/10/2002	19	7		0.3				83
05/10/2002	20	8		0.3				64
05/10/2002	21	7		0.3				47
05/10/2002	22	9		0.4				26
05/10/2002	23	10		0.4				17
06/10/2002	00	16		0.3				32
06/10/2002	01	11		0.3				39
06/10/2002	02	10		0.3				45
06/10/2002	03	9		0.3				37
06/10/2002	04	9		0.3				37
06/10/2002	05	9		0.3				29
06/10/2002	06	9		0.3				22
06/10/2002	07	9		0.3				17
06/10/2002	08	9		0.4				33
06/10/2002	09	8		0.3				50
06/10/2002	10	7		0.3				73
06/10/2002	11	5		0.3				85
06/10/2002	12	7		0.3				92
06/10/2002	13	6		0.3				103
06/10/2002	14	6		0.3				108
06/10/2002	15	7		0.3				107
06/10/2002	16	7		0.3				103
06/10/2002	17	7		0.3				101
06/10/2002	18	7		0.3				96
06/10/2002	19	8		0.3				83
06/10/2002	20	9		0.3				57
06/10/2002	21	14		0.4				12
06/10/2002	22	13		0.4				5
06/10/2002	23	11		0.4				9
07/10/2002	00	9		0.3				21
07/10/2002	01	9		0.3				19
07/10/2002	02	8		0.3				26
07/10/2002	03	7		0.3				21
07/10/2002	04	9		0.3				15
07/10/2002	05	10		0.3				5
07/10/2002	06	17		0.5				5
07/10/2002	07	28		0.7				9
07/10/2002	08	28		0.7				9
07/10/2002	09	13		0.4				29
07/10/2002	10	7		0.3				58
07/10/2002	11	5		0.3				71
07/10/2002	12	5		0.3				76
07/10/2002	13	6		0.3				88
07/10/2002	14	5		0.3				89
07/10/2002	15	5		0.3				99
07/10/2002	16	4		0.3				98
07/10/2002	17	4		0.3				110
07/10/2002	18	5		0.3				81
07/10/2002	19	7		0.3				40
07/10/2002	20	8		0.4				42
07/10/2002	21	7		0.4				24
07/10/2002	22	7		0.4				15
07/10/2002	23	7		0.3				39
08/10/2002	00	5		0.3				46
08/10/2002	01	6		0.3				45
08/10/2002	02	7		0.3				23
08/10/2002	03	9		0.3				35
08/10/2002	04	8		0.3				13
08/10/2002	05	8		0.4				5
08/10/2002	06	13		0.4				4
08/10/2002	07	25		0.6				7
08/10/2002	08	23		0.5				8
08/10/2002	09	15		0.4				23
08/10/2002	10	10		0.3				41
08/10/2002	11	10		0.3				50
08/10/2002	12	10		0.3				56
08/10/2002	13	9		0.3				65
08/10/2002	14	8		0.3				55
08/10/2002	15	7		0.3				54
08/10/2002	16	8		0.3				66
08/10/2002	17	6		0.3				56
08/10/2002	18	5		0.3				38
08/10/2002	19	6		0.3				43
08/10/2002	20	5		0.3				45
08/10/2002	21	4		0.3				55
08/10/2002	22	5		0.3				51
08/10/2002	23	4		0.3				42
09/10/2002	00	6		0.3				44
09/10/2002	01	6		0.3				52
09/10/2002	02	5		0.3				45
09/10/2002	03	5		0.3				30
09/10/2002	04	4		0.3				29
09/10/2002	05	4		0.3				27
09/10/2002	06	6		0.3				26
09/10/2002	07	5		0.3				38
09/10/2002	08	6		0.3				38
09/10/2002	09	6		0.3				38
09/10/2002	10	5		0.3				47
09/10/2002	11	6		0.3				46
09/10/2002	12	14		0.3				57
09/10/2002	13	13		0.3				77
09/10/2002	14	8		0.3				73
09/10/2002	15	6		0.3				69
09/10/2002	16	7		0.3				49
09/10/2002	17	7		0.4				30
09/10/2002	18	11		0.4				36
09/10/2002	19	10		0.3				49
09/10/2002	20	6		0.3				63
09/10/2002	21	5		0.3				68
09/10/2002	22	7		0.3				49
09/10/2002	23	9		0.3				46
10/10/2002	00	9		0.3				57
10/10/2002	01	6		0.3				66
10/10/2002	02	6		0.3				61
10/10/2002	03	6		0.3				70
10/10/2002	04	6		0.3				67
10/10/2002	05	6		0.3				57
10/10/2002	06	7		0.3				42
10/10/2002	07	6		0.3				34
10/10/2002	08	6		0.3				50
10/10/2002	09	5		0.3				56
10/10/2002	10	7		0.3				48
10/10/2002	11	6		0.3				47
10/10/2002	12	6		0.3				53
10/10/2002	13	6		0.3				53
10/10/2002	14	6		0.3				59
10/10/2002	15	5		0.3				54
10/10/2002	16	5		0.3				54
10/10/2002	17	5		0.3				50
10/10/2002	18	5		0.3				52
10/10/2002	19	5		0.3				47
10/10/2002	20	12		0.3				45
10/10/2002	21	19		0.3				45
10/10/2002	22	25		0.3				45
10/10/2002	23	94		0.2				48
11/10/2002	00	13		0.2				62
11/10/2002	01	6		0.2				65
11/10/2002	02	8		0.2				61
11/10/2002	03	13		0.2				39
11/10/2002	04	17		0.2				37
11/10/2002	05	20		0.2				25
11/10/2002	06			0.4				25
11/10/2002	07	34		0.4				17
11/10/2002	08	28		0.4				32
11/10/2002	09	51		0.4				48
11/10/2002	10	24		0.4				53
11/10/2002	11	41		0.4				55
11/10/2002	12	15		0.4				62
11/10/2002	13	12		0.4				66
11/10/2002	14	21		0.4				65
11/10/2002	15	16		0.4				71
11/10/2002	16	21		0.4				66
11/10/2002	17	22		0.3				61
11/10/2002	18	12		0.3				61
11/10/2002	19	13		0.3				63
11/10/2002	20	53		0.4				47
11/10/2002	21	14		0.4				62
11/10/2002	22	37		0.3				56
11/10/2002	23	19		0.3				47
12/10/2002	00	19		0.3				31
12/10/2002	01	22		0.3				59
12/10/2002	02	15		0.3				45
12/10/2002	03	18		0.3				42
12/10/2002	04	26		0.3				55
12/10/2002	05	28		0.3				48
12/10/2002	06	14		0.3				46
12/10/2002	07	20		0.3				48
12/10/2002	08	48		0.3				43
12/10/2002	09	37		0.3				46
12/10/2002	10	42		0.3				46
12/10/2002	11	20		0.3				55
12/10/2002	12	13		0.3				59
12/10/2002	13	11		0.3				63
12/10/2002	14	10		0.3				67
12/10/2002	15	9		0.3				69
12/10/2002	16	10		0.3				64
12/10/2002	17	11		0.3				59
12/10/2002	18	30		0.3				50
12/10/2002	19	18		0.3				48
12/10/2002	20	14		0.3				32
12/10/2002	21	17		0.3				9
12/10/2002	22	17		0.3				33
12/10/2002	23	25		0.3				22
13/10/2002	00	30		0.4				7
13/10/2002	01	47		0.4				6
13/10/2002	02	31		0.3				11
13/10/2002	03	54		0.3				18
13/10/2002	04	60		0.3				16
13/10/2002	05	68		0.3				20
13/10/2002	06			0.3				20
13/10/2002	07	30		0.3				25
13/10/2002	08	20		0.3				34
13/10/2002	09	41		0.3				40
13/10/2002	10	64		0.3				52
13/10/2002	11	34		0.3				62
13/10/2002	12	16		0.3				80
13/10/2002	13	10		0.3				86
13/10/2002	14	5		0.3				89
13/10/2002	15	5		0.3				89
13/10/2002	16	5		0.3				76
13/10/2002	17	3		0.3				77
13/10/2002	18	4		0.3				65
13/10/2002	19	5		0.3				53
13/10/2002	20	8		0.3				33
13/10/2002	21	12		0.4				7
13/10/2002	22	15		0.4				6
13/10/2002	23	13		0.4				4
14/10/2002	00	9		0.4				4
14/10/2002	01	8		0.4				12
14/10/2002	02	7		0.3				20
14/10/2002	03	6		0.3				16
14/10/2002	04	6		0.3				10
14/10/2002	05	14		0.4				5
14/10/2002	06	25		0.6				7
14/10/2002	07	34		0.7				8
14/10/2002	08	39		0.6				9
14/10/2002	09	32		0.4				13
14/10/2002	10	42		0.4				24
14/10/2002	11	30		0.4				32
14/10/2002	12	19		0.4				54
14/10/2002	13	13		0.4				73
14/10/2002	14	10		0.4				75
14/10/2002	15	11		0.4				68
14/10/2002	16	9		0.3				60
15/10/2002	16			0.3				63
15/10/2002	17	3		0.1	3	3	9	58
15/10/2002	18	4		0.1	3	3	8	48
15/10/2002	19	4		0.2	3	3	9	36
15/10/2002	20	5		0.2	3	3	8	29
15/10/2002	21	6		0.2	3	5	11	21
15/10/2002	22	11		0.3	13	23	43	7
15/10/2002	23	11		0.3	7	21	32	5
16/10/2002	00	8		0.3	3	4	9	10
16/10/2002	01	6		0.3	3	2	8	18
16/10/2002	02	7		0.3	3	2	7	21
16/10/2002	03	8		0.3	3	3	9	7
16/10/2002	04	11		0.3	3	4	9	6
16/10/2002	05	30		0.3	4	17	24	5
16/10/2002	06	30		0.4	66	42	143	7
16/10/2002	07	29		0.5	120	43	226	8
16/10/2002	08	34		0.5	143	50	269	7
16/10/2002	09	28		0.4	76	50	166	7
16/10/2002	10	56		0.3	38	50	108	12
16/10/2002	11	54		0.3	16	40	64	22
16/10/2002	12	27		0.1	3	3	9	49
16/10/2002	13	18		0.1	3	4	9	58
16/10/2002	14	15		0.3	3	4	9	79
16/10/2002	15	11		0.2	3	3	9	88
16/10/2002	16	8		0.1	3	3	8	77
16/10/2002	17	8		0.1	3	3	9	60
16/10/2002	18	7		0.1	3	2	8	52
16/10/2002	19	7		0.2	3	4	9	38
16/10/2002	20	7		0.3	4	8	14	27
16/10/2002	21	8		0.3	8	23	35	14
16/10/2002	22	12		0.3	29	42	86	5
16/10/2002	23	14		0.4	25	40	79	5
17/10/2002	00	12		0.3	7	29	39	5
17/10/2002	01	10		0.3	3	4	10	31
17/10/2002	02	8		0.3	3	3	8	53
17/10/2002	03	7		0.3	3	3	8	63
17/10/2002	04	6		0.3	3	2	8	57
17/10/2002	05	7		0.3	3	5	11	29
17/10/2002	06	5		0.2	4	13	20	28
17/10/2002	07	10		0.4	44	47	115	7
17/10/2002	08	29		0.3	18	39	66	13
17/10/2002	09	33		0.3	3	6	11	43
17/10/2002	10	13		0.2	3	3	8	58
17/10/2002	11	5		0.1	3	2	8	72
17/10/2002	12	3		0.1	3	2	8	74
17/10/2002	13	4		0.1	3	3	8	74
17/10/2002	14	5		0.1	3	3	8	73
17/10/2002	15	7		0.1				73
17/10/2002	16	10		0.1	7	19	28	70
17/10/2002	17	3		0.1	6	16	25	71
17/10/2002	18	4		0.1	7	24	34	52
17/10/2002	19	24		0.2	13	37	57	26
17/10/2002	20	5		0.1	6	22	31	51
17/10/2002	21	3		0.1	4	17	23	50
17/10/2002	22	5		0.1	4	21	27	38
17/10/2002	23	5		0.1	4	14	20	39
18/10/2002	00	3		0.1	3	2	7	68
18/10/2002	01	3		0.1	3	2	8	72
18/10/2002	02	3		0.1	3	2	8	71
18/10/2002	03	3		0.1	4	4	10	68
18/10/2002	04	3		0.1	3	2	8	62
18/10/2002	05	3		0.1	5	16	23	35
18/10/2002	06	23		0.3	38	47	105	9
18/10/2002	07	17		0.3	63	51	147	5
18/10/2002	08	16		0.3	53	48	129	10
18/10/2002	09	12		0.1	19	35	64	24
18/10/2002	10	5		0.1	4	9	14	63
18/10/2002	11	4		0.1	4	7	13	72
18/10/2002	12	4		0.1	3	6	12	78
18/10/2002	13	3		0.1	3	7	13	83
18/10/2002	14	3		0.1	3	9	15	84
18/10/2002	15	3		0.1	3	9	14	85
18/10/2002	16	3		0.1	4	13	19	79
18/10/2002	17	3		0.1	3	9	14	73
18/10/2002	18	3		0.1	4	16	22	62
18/10/2002	19	3		0.1	3	15	21	61
18/10/2002	20	3		0.1	4	15	20	58
18/10/2002	21	3		0.1	4	23	30	43
18/10/2002	22	3		0.1	3	17	22	39
18/10/2002	23	3		0.1	4	18	24	35
19/10/2002	00	3		0.1	3	8	14	45
19/10/2002	01	3		0.1	3	6	11	49
19/10/2002	02	3		0.1	4	4	10	49
19/10/2002	03	3		0.1	3	3	9	52
19/10/2002	04	3		0.1	3	3	8	54
19/10/2002	05	3		0.1	3	4	9	50
19/10/2002	06	3		0.1	5	15	22	39
19/10/2002	07	3		0.3	7	25	34	31
19/10/2002	08	6		0.3	10	33	47	32
19/10/2002	09	7		0.3	9	30	45	42
19/10/2002	10	3		0.1	4	12	18	74
19/10/2002	11	3		0.1	3	6	11	86
19/10/2002	12	3		0.1	3	5	10	88
19/10/2002	13	3		0.1	3	6	11	96
19/10/2002	14	3		0.1	4	4	9	107
19/10/2002	15	3		0.1				107
19/10/2002	16	3		0.2	6	10	19	103
19/10/2002	17	3		0.1	5	15	23	95
19/10/2002	18	3		0.1	5	22	29	77
19/10/2002	19	3		0.1	6	38	46	50
19/10/2002	20	5		0.3	16	51	75	23
19/10/2002	21	4		0.3	9	38	52	31
19/10/2002	22	4		0.2	5	31	38	32
19/10/2002	23	3		0.3	4	19	26	49
20/10/2002	00	3		0.1	4	14	20	46
20/10/2002	01	3		0.1	3	5	11	58
20/10/2002	02	3		0.1	4	10	16	49
20/10/2002	03	3		0.1	3	5	10	54
20/10/2002	04	3		0.1	3	4	9	58
20/10/2002	05	3		0.1	3	3	8	55
20/10/2002	06	3		0.2	3	4	10	48
20/10/2002	07	3		0.2	3	10	15	35
20/10/2002	08	3		0.3	3	10	15	41
20/10/2002	09	3		0.3	3	10	15	51
20/10/2002	10	3		0.1	3	2	8	82
20/10/2002	11	3		0.1	3	3	8	78
20/10/2002	12	3		0.1	3	3	8	85
20/10/2002	13	3		0.1	3	4	10	84
20/10/2002	14	3		0.1	3	3	8	86
20/10/2002	15	3		0.1	3	3	8	86
20/10/2002	16	3		0.1	3	3	9	83
20/10/2002	17	3		0.2	4	7	12	73
20/10/2002	18	3		0.2	3	4	10	72
20/10/2002	19	3		0.1	3	9	15	56
20/10/2002	20	3		0.2	5	25	32	31
20/10/2002	21	3		0.3	4	10	17	43
20/10/2002	22	3		0.1	3	5	10	49
20/10/2002	23	3		0.1	3	3	9	46
21/10/2002	00	3		0.1	3	2	8	47
21/10/2002	01	3		0.1	3	2	8	49
21/10/2002	02	4		0.1	4	7	12	34
21/10/2002	03	5		0.1	3	5	11	40
21/10/2002	04	5		0.1	3	5	10	48
21/10/2002	05	3		0.1	4	8	13	42
21/10/2002	06			0.2	10	25	41	21
21/10/2002	07	8		0.3	33	43	94	7
21/10/2002	08	13		0.3	61	47	140	7
21/10/2002	09	11		0.2	30	38	84	12
21/10/2002	10	9		0.1	9	30	44	27
21/10/2002	11	8		0.1	5	19	27	42
21/10/2002	12	7		0.1	4	14	20	54
21/10/2002	13	7		0.1	4	12	18	62
21/10/2002	14	6		0.1	5	10	18	67
21/10/2002	15	5		0.1				64
21/10/2002	16	5		0.1	6	21	30	60
21/10/2002	17	5		0.1	10	35	50	37
21/10/2002	18	8		0.2	18	49	77	16
21/10/2002	19	11		0.3	32	55	103	7
21/10/2002	20	20		0.4	92	57	198	3
21/10/2002	21	8		0.3	8	27	41	20
21/10/2002	22	8		0.3	4	20	27	29
21/10/2002	23	8		0.3	4	14	20	43
22/10/2002	00	9		0.2	4	13	19	47
22/10/2002	01	8		0.1	4	11	17	47
22/10/2002	02	7		0.1	4	4	9	67
22/10/2002	03	6		0.1	4	3	9	62
22/10/2002	04	6		0.1	4	6	12	41
22/10/2002	05	8		0.2	7	26	36	18
22/10/2002	06	21		0.5	107	59	224	8
22/10/2002	07	29		0.5	148	66	292	8
22/10/2002	08	20		0.3	36	51	106	15
22/10/2002	09	10		0.1	4	12	17	54
22/10/2002	10	8		0.1	4	4	9	68
22/10/2002	11	5		0.1	4	3	8	77
22/10/2002	12	6		0.1	4	2	8	83
22/10/2002	13	5		0.1	4	2	8	88
22/10/2002	14	4		0.1	4	3	8	84
22/10/2002	15	5		0.1	3	3	8	78
22/10/2002	16	4		0.1	4	4	10	71
22/10/2002	17	4		0.1	4	15	21	57
22/10/2002	18	6		0.1	4	17	23	47
22/10/2002	19	4		0.1	3	10	15	53
22/10/2002	20	4		0.1	3	8	13	57
22/10/2002	21	4		0.1	4	15	20	40
22/10/2002	22	4		0.1	4	19	25	31
22/10/2002	23	5		0.1	3	8	14	33
23/10/2002	00	5		0.1	3	3	8	54
23/10/2002	01	3		0.1	3	2	8	68
23/10/2002	02	4		0.1	3	5	11	45
23/10/2002	03	6		0.1	3	11	17	29
23/10/2002	04	6		0.1	4	9	15	37
23/10/2002	05	7		0.1	10	26	42	11
23/10/2002	06			0.4	88	47	182	5
23/10/2002	07	22		0.4	89	55	192	6
23/10/2002	08	24		0.4	94	57	201	7
23/10/2002	09	21		0.3	35	43	96	16
23/10/2002	10	10		0.1	3	11	17	47
23/10/2002	11	5		0.1	3	4	10	61
23/10/2002	12	3		0.1	4	6	12	64
23/10/2002	13	3		0.1	3	7	12	66
23/10/2002	14	4		0.1	4	6	11	68
23/10/2002	15	6		0.1				66
23/10/2002	16	5		0.1	7	18	28	60
23/10/2002	17	5		0.1	8	20	32	56
23/10/2002	18	4		0.1	11	29	45	39
23/10/2002	19	5		0.1	12	33	52	29
23/10/2002	20	8		0.1	17	38	64	15
23/10/2002	21	22		0.1	13	33	54	21
23/10/2002	22	44		0.2	11	30	47	21
23/10/2002	23	8		0.1	4	17	24	40
24/10/2002	00	54		0.1	4	19	26	29
24/10/2002	01	41		0.1	4	6	12	51
24/10/2002	02	5		0.1	4	3	8	62
24/10/2002	03	5		0.1	4	3	9	51
24/10/2002	04	19		0.1	4	12	17	26
24/10/2002	05	39		0.2	8	31	43	10
24/10/2002	06	37		0.3	36	41	96	5
24/10/2002	07	72		0.3	54	42	124	5
24/10/2002	08	74		0.3	65	46	146	9
24/10/2002	09	96		0.3	35	37	90	14
24/10/2002	10	17		0.1	7	21	30	44
24/10/2002	11	6		0.1	4	3	8	72
24/10/2002	12	6		0.1	4	10	15	63
24/10/2002	13	5		0.1	4	11	16	64
25/10/2002	12							59
25/10/2002	13	3			24	21	57	76
25/10/2002	14	3			32	19	68	91
25/10/2002	15	3			37	17	74	88
25/10/2002	16	3			41	24	86	80
25/10/2002	17	3			43	31	97	62
25/10/2002	18	3			52	55	135	24
25/10/2002	19	3			109	74	241	7
25/10/2002	20	3			112	69	240	8
25/10/2002	21	3			89	60	197	21
25/10/2002	22	3			120	57	241	8
25/10/2002	23	3			68	47	150	10
26/10/2002	00	3			55	35	120	19
26/10/2002	01	3		0.2	33	13	64	51
26/10/2002	02	3		0.2	32	13	61	54
26/10/2002	03	3		0.2	31	19	67	48
26/10/2002	04	3		0.2	39	35	96	7
26/10/2002	05	3		0.2	38	35	94	7
26/10/2002	06	3		0.2	54	45	128	7
26/10/2002	07	3		0.2	71	42	150	5
26/10/2002	08	3		0.2	76	41	157	10
26/10/2002	09	3		0.2	61	41	135	13
26/10/2002	10	3		0.2	61	48	142	17
26/10/2002	11	3		0.2	41	39	103	39
26/10/2002	12	3		0.2	31	20	68	73
26/10/2002	13	3		0.2	30	19	65	84
26/10/2002	14	3		0.2	28	15	58	94
26/10/2002	15	3		0.2	31	14	61	103
26/10/2002	16	3		0.2	34	16	68	101
26/10/2002	17	3		0.2	36	21	76	92
26/10/2002	18	3		0.2	35	29	81	62
26/10/2002	19	3		0.2	53	55	137	17
26/10/2002	20	3		0.2	50	55	131	13
26/10/2002	21	3		0.2	75	58	173	10
26/10/2002	22	3		0.2	58	49	139	5
26/10/2002	23	3		0.2	59	44	135	6
27/10/2002	00	3		0.2	42	37	102	16
27/10/2002	01	3		0.2	30	30	76	20
27/10/2002	02	3		0.2	35	34	88	13
27/10/2002	03	3		0.2	32	25	74	29
27/10/2002	04	3		0.2	30	24	70	32
27/10/2002	05	3		0.2	34	35	87	16
27/10/2002	06	3		0.2	37	37	93	7
27/10/2002	07	3		0.2	39	36	96	8
27/10/2002	08	3		0.2	42	34	98	14
27/10/2002	09	3		0.2	40	34	95	29
27/10/2002	10	3		0.2	30	26	72	55
27/10/2002	11				27	21	61	74
27/10/2002	12	9		0.1				89
27/10/2002	13	9		0.1	6	12	21	99
27/10/2002	14	8		0.1	7	11	21	107
27/10/2002	15	8		0.1	11	10	27	108
27/10/2002	16	7		0.1	15	9	31	108
27/10/2002	17	6		0.1	17	12	37	95
27/10/2002	18	5		0.1	17	31	56	57
27/10/2002	19	7		0.1	21	46	76	30
27/10/2002	20	8		0.2	28	51	94	10
27/10/2002	21	10		0.2	33	45	95	8
27/10/2002	22	8		0.2	25	36	74	16
27/10/2002	23	7		0.1	17	37	64	14
28/10/2002	00	7		0.1	11	21	38	44
28/10/2002	01	5		0.1	9	20	35	40
28/10/2002	02	5		0.1	10	26	40	27
28/10/2002	03	5		0.1	11	30	46	14
28/10/2002	04	6		0.1	5	22	30	16
28/10/2002	05	33		0.1	6	25	34	18
28/10/2002	06	85		0.2	17	34	60	6
28/10/2002	07	43		0.3	74	49	163	2
28/10/2002	08	44		0.5	136	59	267	9
28/10/2002	09	20		0.2	25	35	73	38
28/10/2002	10	8		0.1	8	15	27	63
28/10/2002	11	6		0.1	7	13	24	54
28/10/2002	12	6		0.1	9	13	26	58
28/10/2002	13	6		0.1	8	12	24	68
28/10/2002	14	6		0.1	11	12	28	69
28/10/2002	15	6		0.1	12	13	32	71
28/10/2002	16	3		0.1	13	15	35	68
28/10/2002	17	4		0.1	17	26	51	45
28/10/2002	18	4		0.2	13	29	49	41
28/10/2002	19	4		0.2	17	40	66	24
28/10/2002	20	5		0.2	23	45	79	12
28/10/2002	21	5		0.2	24	42	78	9
28/10/2002	22	6		0.2	17	36	62	14
28/10/2002	23	7		0.2	10	30	44	21
29/10/2002	00	4		0.2	5	22	30	30
29/10/2002	01	3		0.2	5	21	28	27
29/10/2002	02	3		0.2	5	13	20	38
29/10/2002	03	3		0.1	5	9	17	51
29/10/2002	04	3		0.1	5	9	17	54
29/10/2002	05	3		0.1	6	9	18	55
29/10/2002	06	3		0.2	8	17	29	44
29/10/2002	07	8		0.3	60	45	138	11
29/10/2002	08	43		0.4	115	54	230	9
29/10/2002	09	56		0.3	82	54	179	14
29/10/2002	10	13		0.2	10	20	35	55
29/10/2002	11	5			7	15	25	67
29/10/2002	12	6		0.1				68
29/10/2002	13	4		0.1	5	17	25	78
29/10/2002	14	4		0.1	6	16	26	81
29/10/2002	15	4		0.1	10	16	32	79
29/10/2002	16	3		0.1	13	23	44	70
29/10/2002	17	4		0.1	17	32	56	55
29/10/2002	18	4		0.1	22	46	81	22
29/10/2002	19	7		0.2	51	58	136	11
29/10/2002	20	9		0.3	60	57	149	5
29/10/2002	21	7		0.2	51	51	130	6
29/10/2002	22	6		0.2	31	48	95	5
29/10/2002	23	5		0.2	18	42	70	6
30/10/2002	00	28		0.2	19	44	73	7
30/10/2002	01	12		0.2	7	37	47	11
30/10/2002	02	7		0.2	4	30	37	14
30/10/2002	03	33		0.1	7	37	46	6
30/10/2002	04	16		0.1	4	28	34	17
30/10/2002	05	69		0.1	7	34	45	10
30/10/2002	06	56		0.2	18	45	73	7
30/10/2002	08				66	50	152	8
30/10/2002	09	31			33	42	93	17
30/10/2002	10	6			4	7	13	39
30/10/2002	11	3			4	4	11	54
30/10/2002	12	3			4	4	11	65
30/10/2002	13	3			4	4	11	71
30/10/2002	14	3			5	4	11	69
30/10/2002	15	3			4	4	11	66
30/10/2002	16	3			5	4	11	77
30/10/2002	17	3			5	4	11	64
30/10/2002	18	3			4	7	14	42
30/10/2002	19	3			4	11	18	21
30/10/2002	20	3			4	17	24	11
30/10/2002	21	3			18	40	67	4
30/10/2002	22	5			51	52	129	5
30/10/2002	23	5			35	37	90	16
31/10/2002	00	3			4	4	11	64
31/10/2002	01	3			4	4	11	48
31/10/2002	02	3			5	4	11	37
31/10/2002	03	3			5	4	11	67
31/10/2002	04	3		0.1	4	4	11	64
31/10/2002	05	3		0.1	5	4	11	50
31/10/2002	06	3		0.1	5	4	11	29
31/10/2002	07	3		0.1	4	4	11	15
31/10/2002	08	3		0.1	5	4	11	47
31/10/2002	09	3		0.2	5	4	11	37
31/10/2002	10	3		0.1	5	4	11	59
31/10/2002	11	3		0.1	5	4	11	60
31/10/2002	12	3		0.1	5	4	12	71
31/10/2002	13	3		0.1	5	4	11	64
31/10/2002	14	3		0.1	5	4	11	65
31/10/2002	15	3		0.1	5	4	11	68
31/10/2002	16	3		0.1	5	4	11	62
31/10/2002	17	3		0.1	5	4	12	51
31/10/2002	18	3		0.1	5	4	12	51
31/10/2002	19	3		0.1	5	4	12	52
31/10/2002	20	3		0.2	5	4	12	8
31/10/2002	21	3		0.2	5	4	12	8
31/10/2002	22	3		0.2	5	4	12	5
31/10/2002	23	3		0.1	5	4	12	11
01/11/2002	00	3		0.1	5	4	12	26
01/11/2002	01	3		0.1	5	4	11	20
01/11/2002	02	3		0.1	5	4	11	26
01/11/2002	03	3		0.1	5	4	11	38
01/11/2002	04	3		0.1	5	4	11	25
01/11/2002	05	6		0.1	5	4	11	20
01/11/2002	06	15		0.1	5	4	11	22
01/11/2002	07	21		0.1	5	4	11	10
01/11/2002	08			0.2				17
01/11/2002	09	22		0.2	6	4	13	26
01/11/2002	10	19		0.1	6	4	13	45
01/11/2002	11	14		0.1	5	4	12	56
01/11/2002	12	15		0.1	5	4	12	58
01/11/2002	13	11		0.1	8	4	15	80
01/11/2002	14	8		0.1	11	4	20	93
01/11/2002	15	6		0.1	12	4	22	98
01/11/2002	16	5		0.1	12	4	22	98
01/11/2002	17	5		0.1	12	4	22	86
01/11/2002	18	7		0.2	9	4	19	24
01/11/2002	19	8		0.2	8	4	16	14
01/11/2002	20	8		0.2	7	4	15	20
01/11/2002	21	8		0.2	6	4	13	15
01/11/2002	22	7		0.2	6	4	13	21
01/11/2002	23	10		0.2	5	4	12	2
02/11/2002	00	10		0.2	5	4	11	5
02/11/2002	01	14		0.2	5	4	11	6
02/11/2002	02	23		0.2	5	4	12	10
02/11/2002	03	55		0.2	5	4	12	6
02/11/2002	04	50		0.2	7	4	14	12
02/11/2002	05	69		0.2	7	4	14	12
02/11/2002	06	57		0.2	7	4	14	10
02/11/2002	07	76		0.2	7	4	15	8
02/11/2002	08	121		0.2	7	4	15	11
02/11/2002	09	219		0.2	8	4	16	18
02/11/2002	10	99		0.2	7	4	15	38
02/11/2002	11	20		0.1	6	4	14	70
02/11/2002	12	13		0.1	9	4	18	77
02/11/2002	13	11		0.1	11	4	21	83
02/11/2002	14	9		0.1	14	4	25	85
02/11/2002	15	6		0.1	15	4	27	87
02/11/2002	16	7		0.1	16	4	28	87
02/11/2002	17	7		0.1	15	4	27	77
02/11/2002	18	13		0.3	14	4	25	29
02/11/2002	19	19		0.4	12	4	23	7
02/11/2002	20	19		0.4	11	4	21	7
02/11/2002	21	15		0.3	10	4	20	14
02/11/2002	22	10		0.2	10	4	19	25
02/11/2002	23	10		0.1	11	4	20	57
03/11/2002	00	14		0.1	11	4	21	37
03/11/2002	01	12		0.1	11	4	21	23
03/11/2002	02	11		0.2	9	4	18	19
03/11/2002	03	14		0.2	7	4	14	8
03/11/2002	04	13		0.2	7	4	14	16
03/11/2002	05	11		0.1	6	4	13	32
03/11/2002	06	9		0.1	6	4	13	48
03/11/2002	07	7		0.1	6	4	13	29
03/11/2002	08			0.1				28
03/11/2002	09	8		0.1	6	4	14	33
03/11/2002	10	9		0.1	7	4	14	38
03/11/2002	11	8		0.1	7	4	15	43
03/11/2002	12	8		0.1	8	4	17	45
03/11/2002	13	7		0.1	8	4	17	44
03/11/2002	14	6		0.1	10	4	19	46
03/11/2002	15	7		0.1	9	4	18	38
03/11/2002	16	16		0.1	6	4	13	42
03/11/2002	17	9		0.2	5	4	11	31
03/11/2002	18	12		0.2	5	4	11	25
03/11/2002	19	10		0.1	5	4	12	42
03/11/2002	20	8		0.2	7	4	15	29
03/11/2002	21	11		0.3	7	4	15	9
03/11/2002	22	13		0.2	6	4	14	13
03/11/2002	23	21		0.2	6	4	13	26
04/11/2002	00	15		0.1	6	4	13	30
04/11/2002	01	14		0.1	6	4	13	34
04/11/2002	02	10		0.1	7	4	15	40
04/11/2002	03	11		0.1	9	4	18	40
04/11/2002	04	7		0.1	10	4	19	39
04/11/2002	05	6		0.1	10	4	20	38
04/11/2002	06	6		0.1	10	4	19	46
04/11/2002	07	12		0.3	9	4	19	14
04/11/2002	08	16		0.4	9	4	17	8
04/11/2002	09	12		0.2	9	4	18	17
04/11/2002	10	10		0.2	10	4	19	32
04/11/2002	11	9		0.1	10	4	19	36
04/11/2002	12	9		0.1	10	4	20	39
04/11/2002	13	8		0.1	12	4	22	60
04/11/2002	14	7		0.1	12	4	22	70
04/11/2002	15	8		0.1	13	4	24	67
04/11/2002	16	9		0.1	14	4	26	71
04/11/2002	17	8		0.2	14	4	26	62
04/11/2002	18	8		0.2	13	4	25	51
04/11/2002	19	8		0.2	11	4	21	36
04/11/2002	20	11		0.2	10	5	19	13
04/11/2002	21	13		0.2	10	4	19	6
04/11/2002	22	15		0.2	9	4	17	10
04/11/2002	23	35		0.2	8	5	17	10
05/11/2002	00	20		0.2	8	4	16	25
05/11/2002	01	11		0.2	7	4	15	23
05/11/2002	02	10		0.1	6	4	12	37
05/11/2002	03	9		0.1	5	4	11	52
05/11/2002	04	6		0.1	5	4	11	60
05/11/2002	05	5		0.1	5	4	11	61
05/11/2002	06	5		0.1	5	4	11	52
05/11/2002	07	54		0.2	5	4	11	13
05/11/2002	08			0.3				9
05/11/2002	09	26		0.2	7	4	14	19
05/11/2002	10	28		0.2	6	4	14	20
05/11/2002	11	12		0.1	7	4	15	56
05/11/2002	12	9		0.1	8	4	16	64
05/11/2002	13	9		0.1	10	4	19	75
05/11/2002	14	7		0.1	10	4	20	81
05/11/2002	15	7		0.1	11	4	21	82
05/11/2002	16	6		0.1	10	4	20	77
05/11/2002	17	6		0.1	9	4	18	63
05/11/2002	18	6		0.2	8	4	17	36
05/11/2002	19	16		0.3	7	4	14	4
05/11/2002	20	27		0.5	5	4	12	3
05/11/2002	21	19		0.3	5	4	11	2
05/11/2002	22	34		0.2	5	4	11	3
05/11/2002	23	49		0.2	5	4	11	5
06/11/2002	00	37		0.2	5	4	11	14
06/11/2002	01	10		0.1	5	4	11	40
06/11/2002	02	6		0.1	5	4	11	43
06/11/2002	03	6		0.1	5	4	12	46
06/11/2002	04	28		0.1	5	4	12	11
06/11/2002	05	48		0.1	6	4	13	9
06/11/2002	06	61		0.2	6	4	14	6
06/11/2002	07	37		0.3	7	4	14	6
06/11/2002	08	57		0.3	6	4	14	8
06/11/2002	09	142		0.3	7	4	15	11
06/11/2002	10	35		0.2	7	4	15	28
06/11/2002	11	26		0.1	6	4	13	35
06/11/2002	12	21		0.1	7	4	15	61
06/11/2002	13	14		0.1	10	4	19	67
06/11/2002	14	9		0.1	13	4	24	79
06/11/2002	15	7		0.1	15	4	26	80
06/11/2002	16	5		0.1	15	4	27	87
06/11/2002	17	5		0.1	14	4	26	73
06/11/2002	18	8		0.1	13	4	24	49
06/11/2002	19	12		0.2	12	4	23	33
06/11/2002	20	15		0.3	11	5	22	10
06/11/2002	21	12		0.2	11	4	20	11
06/11/2002	22	12		0.2	11	4	21	11
06/11/2002	23	13		0.1	10	4	20	12
07/11/2002	00	10		0.1	10	4	20	10
07/11/2002	01	22		0.1	9	4	19	13
07/11/2002	02	83		0.1	8	4	16	21
07/11/2002	03	14		0.1	6	4	13	29
07/11/2002	04	6		0.1	5	4	12	35
07/11/2002	05	3		0.1	6	4	13	62
07/11/2002	06	3		0.1	6	4	14	79
07/11/2002	07	3		0.1	6	4	13	69
07/11/2002	08			0.1				54
07/11/2002	09	3		0.2	5	4	11	62
07/11/2002	10	4		0.1	5	4	12	66
07/11/2002	11	3		0.1	5	4	12	60
07/11/2002	12	3		0.1	5	4	12	69
07/11/2002	13	3		0.1	6	4	13	68
07/11/2002	14	3		0.1	6	4	13	69
07/11/2002	15	3		0.1	6	4	14	71
07/11/2002	16	3		0.1	10	7	22	69
07/11/2002	17	3		0.2	7	5	16	56
07/11/2002	18	3	6	0.1	7	5	15	48
07/11/2002	19	4	5	0.2	5	5	13	36
07/11/2002	20	13	6	0.2	5	5	13	22
07/11/2002	21	4	5	0.2	5	4	12	39
07/11/2002	22	14	16	0.2	5	4	11	21
07/11/2002	23	3	5	0.1	5	4	12	64
08/11/2002	00	3	5	0.1	5	4	12	70
08/11/2002	01	3	10	0.1	5	4	12	80
08/11/2002	02	3	5	0.1	6	4	13	83
08/11/2002	03	9	8	0.1	7	5	15	74
08/11/2002	04	6	5	0.1	6	4	14	56
08/11/2002	05	3	5	0.1	7	5	15	64
08/11/2002	06	3	5	0.1	7	5	15	59
08/11/2002	07	21	5	0.2	7	5	15	24
08/11/2002	08	41	5	0.1	7	5	15	42
08/11/2002	09	24	7	0.1	7	5	16	50
08/11/2002	10	10	12	0.1	7	5	15	54
08/11/2002	11	11	5	0.1	6	5	14	51
08/11/2002	12	15	5	0.1	7	5	16	42
08/11/2002	13	4	5	0.1	10	5	20	42
08/11/2002	14	5	5	0.1	9	5	19	48
08/11/2002	15	3	5	0.1	10	5	21	44
08/11/2002	16	3	5	0.1	11	5	21	44
08/11/2002	17	4	5	0.1	12	5	24	20
08/11/2002	18	6	5	0.1	11	6	23	13
08/11/2002	19	8	12	0.2	10	6	22	12
08/11/2002	20	6	13	0.1	10	5	21	20
08/11/2002	21	5	5	0.2	10	5	20	23
08/11/2002	22	5	6	0.1	10	5	21	30
08/11/2002	23	35	12	0.1	11	5	21	36
09/11/2002	00	42	6	0.1	10	6	22	29
09/11/2002	01	55	8	0.1	11	5	21	43
09/11/2002	02	65	5	0.1	8	5	18	46
09/11/2002	03	43	8	0.1	7	5	15	46
09/11/2002	04	30	9	0.1	6	4	13	46
09/11/2002	05	13	10	0.1	6	5	14	57
09/11/2002	06	26	5	0.1	6	5	13	22
09/11/2002	07	60	5	0.1	6	4	13	43
09/11/2002	08		5	0.1				40
09/11/2002	09	12	5	0.2	5	6	13	31
09/11/2002	10	18	5	0.2	4	7	14	47
09/11/2002	11	9	5	0.2	5	7	14	49
09/11/2002	12	6	7	0.1	5	7	14	53
09/11/2002	13	8	5	0.1	5	7	14	50
09/11/2002	14	27	5	0.1	5	7	14	53
09/11/2002	15	59	5	0.1	5	7	14	55
09/11/2002	16	67	5	0.1	5	8	15	56
09/11/2002	17	33	5	0.2	5	9	16	46
09/11/2002	18	13	5	0.2	5	9	16	37
09/11/2002	19	10	12	0.2	5	8	15	32
09/11/2002	20	9	8	0.2	5	7	14	42
09/11/2002	21	8	5	0.1	5	7	14	56
09/11/2002	22	12	5	0.2	5	8	15	31
09/11/2002	23	12	9	0.2	5	7	14	22
10/11/2002	00	12	5	0.2	5	7	14	26
10/11/2002	01	11	7	0.2	5	6	13	44
10/11/2002	02	15	5	0.2	5	8	15	31
10/11/2002	03	10	5	0.2	5	10	18	53
10/11/2002	04	15	5	0.2	5	11	18	42
10/11/2002	05	10	7	0.2	5	10	17	61
10/11/2002	06	17	5	0.2	5	10	17	45
10/11/2002	07	26	11	0.2	5	9	16	25
10/11/2002	08	12	5	0.1	5	8	15	41
10/11/2002	09	11	9	0.1	5	9	16	46
10/11/2002	10	15	8	0.2	5	6	13	51
10/11/2002	11	13	5	0.2	5	5	12	53
10/11/2002	12	12	5	0.2	5	6	13	59
10/11/2002	13	11	5	0.2	5	6	13	65
10/11/2002	14	7	5	0.2	5	7	14	72
10/11/2002	15	6	5	0.2	5	7	14	71
10/11/2002	16	9	5	0.2	5	6	14	50
10/11/2002	17	8	9	0.2	5	7	14	51
10/11/2002	18	12	5	0.2	5	11	19	26
10/11/2002	19	14	5	0.2	6	14	23	29
10/11/2002	20	45	5	0.3	5	13	22	21
10/11/2002	21	151	6	0.3	5	14	22	13
10/11/2002	22	42	8	0.3	5	13	21	18
10/11/2002	23	21	7	0.2	5	12	20	44
11/11/2002	00	56	5	0.2	5	12	20	30
11/11/2002	01	20	5	0.2	5	12	19	35
11/11/2002	02	10	5	0.2	5	8	15	59
11/11/2002	03	9	6	0.2	5	6	13	66
11/11/2002	04	7	5	0.2	5	5	12	66
11/11/2002	05	10	5	0.2	5	5	12	56
11/11/2002	06	16	7	0.2	5	5	12	19
11/11/2002	07	32	5	0.3	5	5	12	8
11/11/2002	08		5	0.6				9
11/11/2002	09	37	5	0.3	5	4	11	11
11/11/2002	10	9	22	0.2	5	4	11	39
11/11/2002	11	3	7	0.2	4	4	11	53
11/11/2002	12	3	6	0.2	5	4	11	55
11/11/2002	13	3	5	0.2	4	4	11	54
11/11/2002	14	3	5	0.2	4	4	11	60
11/11/2002	15	3	11	0.2	5	4	11	67
11/11/2002	16	27	5	0.2	5	4	11	50
11/11/2002	17	5	5	0.2	5	5	12	28
11/11/2002	18	13	5	0.2	6	5	14	8
11/11/2002	19	3	6	0.2	5	5	13	17
11/11/2002	20	3	5	0.2	5	4	12	34
11/11/2002	21	3	14	0.2	5	4	11	32
11/11/2002	22	3	5	0.2	5	4	11	32
11/11/2002	23	3	5	0.2	4	4	11	23
12/11/2002	00	3	5	0.2	5	4	11	27
12/11/2002	01	5	5	0.2	5	4	11	26
12/11/2002	02	5	5	0.2	5	4	11	28
12/11/2002	03	7	5	0.2	5	4	12	33
12/11/2002	04	12	5	0.2	5	5	13	23
12/11/2002	05	125	5	0.2	5	5	12	20
12/11/2002	06	126	5	0.2	5	5	13	13
12/11/2002	07	161	5	0.3	6	5	14	8
12/11/2002	08	106	5	0.3	6	4	13	7
12/11/2002	09	117	5	0.2	6	4	14	9
12/11/2002	10	79	8	0.2	6	4	14	18
12/11/2002	11	20	15	0.2	5	5	13	29
12/11/2002	12	16	9	0.2	4	4	11	44
12/11/2002	13	15	11	0.1	4	4	11	53
12/11/2002	14	15	5	0.1	4	4	11	52
12/11/2002	15	8	5	0.1	6	4	13	48
12/11/2002	16	19	5	0.1	9	5	19	48
12/11/2002	17	11	5	0.1	12	5	22	52
12/11/2002	18	5	5	0.1	11	5	22	47
12/11/2002	19	3	5	0.2	11	4	22	24
12/11/2002	20	5	5	0.3	10	5	20	5
12/11/2002	21	6	5	0.3	9	5	19	5
12/11/2002	22	4	9	0.3	8	5	17	7
12/11/2002	23	3	5	0.2	7	5	16	6
13/11/2002	00	6	5	0.2	7	5	16	5
13/11/2002	01	5	5	0.2	7	4	15	7
13/11/2002	02	69	5	0.1	5	4	12	8
13/11/2002	03	53	5	0.2	4	4	11	5
13/11/2002	04	30	5	0.2	4	4	11	5
13/11/2002	05	39	10	0.2	5	4	11	7
13/11/2002	06	45	5	0.2	4	4	11	9
13/11/2002	07	49	5	0.3	4	4	11	7
13/11/2002	08		5					8
13/11/2002	09	123	9	0.3	5	4	11	10
13/11/2002	10	86	6	0.2	5	4	11	17
13/11/2002	11	41	6	0.1	4	4	10	29
13/11/2002	12	16	7	0.1	4	3	10	57
13/11/2002	13	11	7	0.1	4	3	10	64
13/11/2002	14	9	5	0.1	5	4	11	68
13/11/2002	15	6	5	0.1	7	4	15	75
13/11/2002	16	8	5	0.1	8	4	15	61
13/11/2002	17	15	5	0.1	7	4	15	39
13/11/2002	18	15	5	0.1	7	4	14	51
13/11/2002	19	9	11	0.1	5	4	12	38
13/11/2002	20	11	5	0.2	5	4	11	10
13/11/2002	21	11	6	0.2	5	4	11	6
13/11/2002	22	14	5	0.2	5	4	11	6
13/11/2002	23	10	5	0.2	5	4	11	10
14/11/2002	00	5	5	0.1	5	4	11	29
14/11/2002	01	4	5	0.1	5	4	11	27
14/11/2002	02	4	5	0.1	5	4	12	30
14/11/2002	03	3	5	0.1	8	4	15	44
14/11/2002	04	3	5	0.1	8	4	16	51
14/11/2002	05	11	5	0.1	8	4	16	48
14/11/2002	06	6	5	0.1	7	4	14	49
14/11/2002	07	3	5	0.1	7	4	15	20
14/11/2002	08	5	5	0.1	7	4	14	9
14/11/2002	09	10	5	0.2	7	4	14	9
14/11/2002	10	14	6	0.1	7	4	14	17
14/11/2002	11	9	5	0.1	8	4	15	10
14/11/2002	12	9	5	0.2	8	4	17	7
14/11/2002	13	7	12	0.1	8	4	16	8
14/11/2002	14	3	7	0.1	7	4	15	34
14/11/2002	15	6	5	0.1	7	4	14	17
14/11/2002	16	5	5	0.1	7	4	14	23
14/11/2002	17	5	5	0.1	8	4	16	13
14/11/2002	18	6	63	0.1	8	4	17	8
14/11/2002	19	4	9	0.1	8	4	17	9
14/11/2002	20	4	13	0.1	8	4	17	9
14/11/2002	21	3	6	0.1	8	4	16	7
14/11/2002	22	4	18	0.1	8	4	16	6
14/11/2002	23	3	5	0.1	7	4	15	10
15/11/2002	00	3	5	0.1	8	4	15	18
15/11/2002	01	3	5	0.1	7	4	13	27
15/11/2002	02	3	8	0.1	5	4	12	27
15/11/2002	03	3	5	0.1	5	4	11	17
15/11/2002	04	3	5	0.1	4	4	11	15
15/11/2002	05	3	8	0.1	5	4	11	16
15/11/2002	06	5	9	0.1	5	4	11	12
15/11/2002	07	8	5	0.1	5	4	11	8
15/11/2002	08		13					6
15/11/2002	09	15	5	0.3	4	6	13	7
15/11/2002	10	11	12	0.2	4	6	13	8
15/11/2002	11	11	21	0.1	4	6	13	9
15/11/2002	12	10	10	0.2	4	6	13	11
15/11/2002	13	10	5	0.1	4	6	13	20
15/11/2002	14	8	5	0.2	4	6	13	32
15/11/2002	15	9	5	0.2	4	6	13	25
15/11/2002	16	9	5	0.2	4	6	13	18
15/11/2002	17	10	8	0.2	4	6	12	21
15/11/2002	18	12	5	0.2	4	5	12	8
15/11/2002	19	22	5	0.4	4	5	12	7
15/11/2002	20	23	5	0.4	4	5	12	6
15/11/2002	21	19	13	0.2	4	5	11	5
15/11/2002	22	23	5	0.2	4	5	11	6
15/11/2002	23	22	14	0.2	4	4	11	5
16/11/2002	00	17	8	0.2	4	4	11	5
16/11/2002	01	100	7	0.2	4	4	11	5
16/11/2002	02	81	14	0.2	4	5	12	10
16/11/2002	03	165	9	0.1	4	5	11	7
16/11/2002	04	47	7	0.2	4	5	12	10
16/11/2002	05	18	5	0.1	4	6	13	7
16/11/2002	06	17	7	0.2	4	6	13	7
16/11/2002	07	37	10	0.2	4	6	12	6
16/11/2002	08	31	5	0.2	4	6	13	10
16/11/2002	09	44	5	0.2	4	8	14	13
16/11/2002	10	24	5	0.2	5	8	14	29
16/11/2002	11	14	5	0.2	4	6	13	60
16/11/2002	12	10	8	0.2	5	7	14	52
16/11/2002	13	10	5	0.1	6	9	18	51
16/11/2002	14	8	14	0.1	8	10	22	63
16/11/2002	15	7	6	0.1	8	11	22	68
16/11/2002	16	8	14	0.1	9	10	22	62
16/11/2002	17	8	6	0.1	9	10	23	62
16/11/2002	18	9	5	0.1	8	10	22	59
16/11/2002	19	9	5	0.2	7	9	20	31
16/11/2002	20	11	24	0.2	6	9	18	18
16/11/2002	21	18	8	0.3	5	9	17	6
16/11/2002	22	15	7	0.2	5	9	16	8
16/11/2002	23	14	5	0.2	5	9	16	8
17/11/2002	00	13	5	0.2	5	9	16	6
17/11/2002	01	50	5	0.1	5	8	15	15
17/11/2002	02	24	5	0.1	4	7	14	34
17/11/2002	03	86	13	0.1	4	5	12	40
17/11/2002	04	149	5	0.1	4	6	12	38
17/11/2002	05	96	7	0.1	4	6	12	27
17/11/2002	06	19	8	0.1	4	5	12	49
17/11/2002	07	27	11	0.1	4	5	12	36
17/11/2002	08		5					16
17/11/2002	09	46	5	0.1	4	8	14	38
17/11/2002	10	35	10	0.1	5	7	14	51
17/11/2002	11	29	5	0.1	4	5	12	63
17/11/2002	12	12	5	0.1	4	5	12	63
17/11/2002	13	34	5	0.1	5	7	15	60
17/11/2002	14	27	5	0.2	6	10	19	59
17/11/2002	15	9	5	0.2	7	10	20	57
17/11/2002	16	6	5	0.1	6	10	19	56
17/11/2002	17	3	6	0.1	5	9	17	55
17/11/2002	18	4	15	0.1	5	9	16	49
17/11/2002	19	6	5	0.2	5	8	15	35
17/11/2002	20	22	10	0.2	4	7	14	15
17/11/2002	21	21	5	0.2	4	6	13	24
17/11/2002	22	16	6	0.2	4	6	13	25
17/11/2002	23	89	5	0.2	4	5	12	30
18/11/2002	00	71	9	0.2	4	6	13	28
18/11/2002	01	89	5	0.2	4	6	13	41
18/11/2002	02	28	7	0.1	4	7	13	44
18/11/2002	03	18	5	0.1	4	7	14	47
18/11/2002	04	36	5	0.1	5	9	15	46
18/11/2002	05	25	5	0.1	5	9	17	44
18/11/2002	06	74	5	0.2	5	9	16	20
18/11/2002	07	32	5	0.3	5	10	17	7
18/11/2002	08	34	8	0.3	5	9	17	8
18/11/2002	09	28	8	0.2	5	10	17	16
18/11/2002	10	32	5	0.2	5	10	17	38
18/11/2002	11	55	5	0.2	5	8	15	34
18/11/2002	12	24	5	0.2	4	7	14	45
18/11/2002	13	17	5	0.1	6	9	17	50
18/11/2002	14	10	5	0.1	8	10	23	54
18/11/2002	15	10	5	0.1	10	10	25	53
18/11/2002	16	20	8	0.1	10	10	26	41
18/11/2002	17	30	5	0.2	10	10	26	18
18/11/2002	18	17	14	0.2	10	10	24	12
18/11/2002	19	13	10	0.2	8	10	23	8
18/11/2002	20	15	5	0.2	8	10	22	6
18/11/2002	21	14	5	0.2	7	10	21	10
18/11/2002	22	9	5	0.2	6	11	20	19
18/11/2002	23	7	5	0.1	6	10	19	36
19/11/2002	00	5	5	0.1	6	9	18	41
19/11/2002	01	9	6	0.1	6	9	17	23
19/11/2002	02	8	19	0.1	5	9	16	34
19/11/2002	03	8	10	0.1	4	6	13	33
19/11/2002	04	11	5	0.1	4	7	14	13
19/11/2002	05	11	5	0.1	4	7	14	23
19/11/2002	06	13	5	0.2	4	7	14	10
19/11/2002	07	18	11	0.2	5	8	15	7
19/11/2002	08		11					9
19/11/2002	09	57	5	0.4	5	4	11	10
19/11/2002	10	41	16	0.2	5	4	11	20
19/11/2002	11	20	9	0.1	4	4	10	39
19/11/2002	12	18	5	0.1	4	4	10	51
19/11/2002	13	21	9	0.1	4	3	10	55
19/11/2002	14	22	5	0.1	6	4	12	58
19/11/2002	15	14	9	0.1	8	4	16	64
19/11/2002	16	12	5	0.1	8	4	16	62
19/11/2002	17	8	5	0.1	7	4	15	59
19/11/2002	18	6	7	0.1	7	4	14	57
19/11/2002	19	5	5	0.1	6	4	13	54
19/11/2002	20	4	5	0.1	6	4	13	61
19/11/2002	21	3	5	0.1	6	4	13	63
19/11/2002	22	3	5	0.1	6	4	12	75
19/11/2002	23	3	5	0.1	6	4	12	76
20/11/2002	00	3	5	0.1	5	4	12	75
20/11/2002	01	3	13	0.1	5	4	11	71
20/11/2002	02	3	6	0.1	6	4	13	59
20/11/2002	03	4	5	0.1	7	4	14	52
20/11/2002	04	3	7	0.1	7	4	15	46
20/11/2002	05	6	5	0.1	7	4	14	69
20/11/2002	06	11	5	0.1	6	4	13	59
20/11/2002	07	6	7	0.1	6	4	13	33
20/11/2002	08	4	5	0.1	6	4	13	20
20/11/2002	09	4	5	0.2	7	4	14	25
20/11/2002	10	3	5	0.1	6	4	14	44
20/11/2002	11	9	10	0.1	7	4	15	58
20/11/2002	12	3	6	0.1	7	4	15	63
20/11/2002	13	7	5	0.1	9	4	17	57
20/11/2002	14	16	5	0.1	9	4	19	59
20/11/2002	15	5	5	0.1	10	4	20	56
20/11/2002	16	4	14	0.1	11	4	20	57
20/11/2002	17	6	7	0.1	11	4	21	45
20/11/2002	18	7	12	0.2	10	4	20	36
20/11/2002	19	6	6	0.1	8	4	17	37
20/11/2002	20	5	22	0.1	8	4	16	41
20/11/2002	21	3	10	0.1	7	4	15	38
20/11/2002	22	3	5	0.1	6	4	13	34
20/11/2002	23	3	5	0.1	6	4	13	49
21/11/2002	00	3	5	0.1	6	4	13	41
21/11/2002	01	3	5	0.1	6	4	12	32
21/11/2002	02	5	5	0.1	5	4	11	45
21/11/2002	03	5	5	0.1	5	4	11	30
21/11/2002	04	14	11	0.1	5	4	11	29
21/11/2002	05	11	5	0.1	5	4	12	30
21/11/2002	06	8	5	0.1	5	4	12	17
21/11/2002	07	15	5	0.3	5	4	12	8
21/11/2002	08		9					9
21/11/2002	09	17	5	0.3	5	4	12	9
21/11/2002	10	4	6	0.1	5	4	12	18
21/11/2002	11	4	5	0.1	5	4	12	31
21/11/2002	12	3	5	0.1	6	4	13	29
21/11/2002	13	3	20	0.1	6	4	14	24
21/11/2002	14	3	6	0.1	6	4	14	54
21/11/2002	15	3	5	0.1	7	4	14	67
22/11/2002	01	16	22	0.2	4	4	10	21
22/11/2002	02	7	12	0.1	5	4	11	68
22/11/2002	03	5	17	0.1	5	4	12	67
22/11/2002	04	3	6	0.1	6	4	14	54
22/11/2002	05	3	5	0.1	7	4	15	49
22/11/2002	06	4	9	0.1	7	4	15	46
22/11/2002	07	13	5	0.2	7	4	15	16
22/11/2002	08	54	29	0.4	8	4	16	4
22/11/2002	09	26	53	0.2	8	4	16	8
22/11/2002	10	14	37	0.1	6	4	14	28
22/11/2002	11	7	12	0.1	5	4	11	55
22/11/2002	12	5	23	0.1	4	4	10	61
22/11/2002	13	7	15	0.1	6	4	12	65
22/11/2002	14	5	17	0.1	7	4	14	67
22/11/2002	15	5	9	0.1	8	4	16	67
22/11/2002	16	7	11	0.1	10	4	20	70
22/11/2002	17	7	20	0.1	12	4	22	57
22/11/2002	18	10	9	0.1	12	4	22	30
22/11/2002	19	11	13	0.2	10	4	20	17
22/11/2002	20	21	6	0.3	9	4	18	7
22/11/2002	21	19	40	0.3	8	4	17	7
22/11/2002	22	23	27	0.4	8	4	16	8
22/11/2002	23	19	35	0.3	7	4	15	7
23/11/2002	00	21	42	0.3	7	4	14	6
23/11/2002	01	20	25	0.3	6	4	14	7
23/11/2002	02	20	30	0.2	5	4	12	6
23/11/2002	03	28	20	0.2	5	4	11	5
23/11/2002	04	352	20	0.1	5	4	11	8
23/11/2002	05	280	25	0.3	6	4	12	7
23/11/2002	06	82	27	0.3	5	4	12	6
23/11/2002	07	43	33	0.3	5	4	11	7
23/11/2002	08		34					7
23/11/2002	09	43	54	0.3	6	4	14	9
23/11/2002	10	35	48	0.2	7	5	15	10
23/11/2002	11	29	34	0.2	8	4	16	19
23/11/2002	12	21	25	0.1	8	5	17	28
23/11/2002	13	17	27	0.1	9	5	18	31
23/11/2002	14	14	18	0.1	9	5	19	35
23/11/2002	15	10	27	0.1	10	5	19	37
23/11/2002	16	9	11	0.1	9	4	19	36
23/11/2002	17	9	23	0.1	9	5	18	24
23/11/2002	18	10	21	0.3	8	5	17	8
23/11/2002	19	11	13	0.3	8	4	16	6
23/11/2002	20	11	21	0.3	7	5	15	6
23/11/2002	21	10	31	0.3	7	4	15	6
23/11/2002	22	16	35	0.3	7	5	16	5
23/11/2002	23	19	22	0.2	7	5	15	16
24/11/2002	00	11	11	0.2	7	5	15	21
24/11/2002	01	9	15	0.1	6	5	14	24
24/11/2002	02	8	13	0.1	7	5	16	35
24/11/2002	03	4	14	0.1	8	5	17	66
24/11/2002	04	7	9	0.1	8	5	17	30
24/11/2002	05	4	11	0.1	9	5	18	40
24/11/2002	06	3	5	0.1	9	5	18	41
24/11/2002	07	4	5	0.1	8	5	18	37
24/11/2002	08	35	5	0.3	8	5	17	17
24/11/2002	09	26	9	0.3	9	5	18	30
24/11/2002	10	8	5	0.3	9	5	19	39
24/11/2002	11	5	5	0.3	9	5	19	56
24/11/2002	12	5	5	0.1	10	5	20	62
24/11/2002	13	5	12	0.1	10	5	20	60
24/11/2002	14	3	10	0.1	11	5	21	67
24/11/2002	15	4	5	0.1	11	5	21	66
24/11/2002	16	4	5	0.1	11	5	22	68
24/11/2002	17	3	5	0.1	12	5	23	63
24/11/2002	18	4	12	0.1	11	5	22	48
24/11/2002	19	3	164	0.1	10	5	20	46
24/11/2002	20	3	26	0.1	9	5	19	32
24/11/2002	21	3	12	0.1	9	4	17	38
24/11/2002	22	3	13	0.2	8	5	17	25
24/11/2002	23	5	13	0.3	8	5	17	13
25/11/2002	00	7	19	0.3	8	5	16	6
25/11/2002	01	5	27	0.3	7	5	16	6
25/11/2002	02	4	19	0.3	6	4	14	7
25/11/2002	03	7	23	0.3	5	4	12	21
25/11/2002	04	8	17	0.1	5	4	12	36
25/11/2002	05	3	6	0.2	5	4	12	53
25/11/2002	06	3	5	0.3	6	4	13	44
25/11/2002	07	5	11	0.3	6	4	13	17
25/11/2002	08		21					31
25/11/2002	09	4	15	0.2	5	6	14	47
25/11/2002	10	3	19	0.1	6	6	15	59
25/11/2002	11	3	6	0.1	6	6	15	58
25/11/2002	12	3	5	0.1	6	7	16	48
25/11/2002	13	3	19	0.1	6	6	16	55
25/11/2002	14	3	12	0.1	7	6	18	54
25/11/2002	15	3	10	0.1	8	7	18	53
25/11/2002	16	4	12	0.1	8	7	19	50
25/11/2002	17	9	7	0.2	8	7	19	35
25/11/2002	18	17	16	0.3	7	6	17	14
25/11/2002	19	7	17	0.1	6	6	15	30
25/11/2002	20	3	10	0.1	5	6	14	42
25/11/2002	21	3	11	0.1	5	6	13	43
25/11/2002	22	4	11	0.1	5	6	13	31
25/11/2002	23	29	16	0.1	5	6	13	37
26/11/2002	00	55	5	0.1	5	5	12	39
26/11/2002	01	63	5	0.1	5	5	13	34
26/11/2002	02	35	9	0.1	5	6	13	39
26/11/2002	03	11	7	0.1	6	6	15	45
26/11/2002	04	11	7	0.1	6	6	15	50
26/11/2002	05	14	10	0.1	6	6	16	40
26/11/2002	06	32	5	0.1	7	7	17	40
26/11/2002	07	33	5	0.2	7	7	18	27
26/11/2002	08	25	23	0.2	7	7	18	26
26/11/2002	09	23	13	0.2	8	6	18	34
26/11/2002	10	12	24	0.1	7	7	17	48
26/11/2002	11	18	20	0.1	5	5	13	45
26/11/2002	12	12	23	0.1	5	5	12	55
26/11/2002	13	12	14	0.1	5	6	14	53
26/11/2002	14	8	24	0.1	8	6	19	51
26/11/2002	15	19	27	0.1	10	7	22	45
26/11/2002	16	9	35	0.1	12	7	25	57
26/11/2002	17	5	16	0.1	12	6	25	49
26/11/2002	18	38	20	0.2	11	7	23	23
26/11/2002	19	55	16	0.3	10	6	21	8
26/11/2002	20	38	35	0.5	8	7	20	9
26/11/2002	21	44	35	0.5	8	6	18	9
26/11/2002	22	48	43	0.5	7	7	18	7
26/11/2002	23	38	30	0.4	7	7	17	7
27/11/2002	00	56	27	0.3	7	6	17	7
27/11/2002	01	78	10	0.1	7	6	17	35
27/11/2002	02	64	5	0.1	6	6	16	40
27/11/2002	03	122	11	0.1	5	6	14	41
27/11/2002	04	109	5	0.1	5	6	14	36
27/11/2002	05	112	5	0.1	5	7	15	36
27/11/2002	06	101	8	0.2	6	6	16	18
27/11/2002	07	68	11	0.3	7	6	16	8
27/11/2002	08		24					8
27/11/2002	09	36	40	0.2	5	4	12	13
27/11/2002	10	23	53	0.1	4	5	11	20
27/11/2002	11	14	34	0.1	4	4	11	31
27/11/2002	12	9	30	0.1	4	4	11	43
27/11/2002	13	8	12	0.1	4	4	11	48
27/11/2002	14	5	12	0.1	5	5	13	51
27/11/2002	15	4	15	0.1	7	6	16	33
27/11/2002	16	5	20	0.1	7	6	16	35
27/11/2002	17	6	24	0.1	6	6	15	25
27/11/2002	18	11	32	0.2	6	6	15	8
27/11/2002	19	28	26	0.4	5	5	13	8
27/11/2002	20	36	53	0.6	5	5	12	8
27/11/2002	21	30	80	0.5	4	4	11	8
27/11/2002	22	24	64	0.5	5	4	12	7
27/11/2002	23	23	51	0.4	5	5	11	7
28/11/2002	00	23	44	0.4	4	5	11	6
28/11/2002	01	21	33	0.4	5	4	11	6
28/11/2002	02	16	21	0.3	5	5	12	5
28/11/2002	03	10	35	0.3	5	5	12	4
28/11/2002	04	9	15	0.3	5	5	12	5
28/11/2002	05	10	24	0.3	5	5	12	5
28/11/2002	06	13	23	0.3	6	5	14	6
28/11/2002	07	27	26	0.5	5	5	14	8
28/11/2002	08	48	52	0.6	6	5	14	8
28/11/2002	09	54	65	0.6	6	5	14	5
28/11/2002	10	43	57	0.4	5	5	13	8
28/11/2002	11	34	43	0.3	6	6	15	8
28/11/2002	12	28	63	0.3	6	6	14	11
28/11/2002	13	14	53	0.2	6	6	14	32
28/11/2002	14	9	15	0.1	7	6	15	29
28/11/2002	15	8	7	0.1	8	6	18	27
28/11/2002	16	13	20	0.1	9	6	19	25
28/11/2002	17	23	15	0.1	10	7	22	34
28/11/2002	18	35	11	0.1	11	7	23	30
28/11/2002	19	25	16	0.1	10	7	22	34
28/11/2002	20	35	13	0.1	10	6	21	34
28/11/2002	21	9	23	0.1	8	6	19	37
28/11/2002	22	16	23	0.1	8	6	19	22
28/11/2002	23	23	24	0.1	8	6	18	44
29/11/2002	00	11	6	0.1	7	7	17	43
29/11/2002	01	20	10	0.1	6	6	16	46
29/11/2002	02	20	5	0.1	5	6	13	46
29/11/2002	03	19	5	0.1	5	5	12	44
29/11/2002	04	83	8	0.1	4	4	11	40
29/11/2002	05	27	8	0.1	5	4	11	37
29/11/2002	06	17	9	0.1	5	4	12	42
29/11/2002	07	67	17	0.1	5	4	11	16
29/11/2002	08		21					9
29/11/2002	09	57	45	0.3	5	6	13	22
29/11/2002	10	25	30	0.1	5	5	12	51
29/11/2002	11	35	24	0.1	4	4	11	53
29/11/2002	12	14	32	0.1	4	4	11	55
29/11/2002	13	6	29	0.1				60
29/11/2002	14	4	12	0.1				63
29/11/2002	15	5	17	0.1				56
29/11/2002	16	7	15	0.1				56
29/11/2002	17	7	37	0.1				38
29/11/2002	18	19	27	0.2				20
29/11/2002	19	8	30	0.2				24
29/11/2002	20	4	34	0.2				27
29/11/2002	21	3	17	0.2				37
29/11/2002	22	3	8	0.1				44
29/11/2002	23	3	11	0.3				34
30/11/2002	00	7	16	0.2				23
30/11/2002	01	9	7	0.1				32
30/11/2002	02	21	6	0.1				38
30/11/2002	03	16	5	0.1				23
30/11/2002	04	15	14	0.1				45
30/11/2002	05	6	15	0.1				64
30/11/2002	06	3	36	0.1				67
30/11/2002	07	3	13	0.1				62
30/11/2002	08	3	11	0.1				62
30/11/2002	09	11	9	0.2				53
30/11/2002	10	20	11	0.3				54
30/11/2002	11	17	15	0.3				61
30/11/2002	12	10	21	0.3				61
30/11/2002	13	3	10	0.3				57
30/11/2002	14	3	7	0.2				62
30/11/2002	15	3	13	0.1				54
30/11/2002	16	4	11	0.1				52
30/11/2002	17	47	5	0.1				49
30/11/2002	18	95	12	0.3				33
30/11/2002	19	44	12	0.3				39
30/11/2002	20	5	15	0.2				51
30/11/2002	21	3	15	0.1				49
30/11/2002	22	4	7	0.1				33
30/11/2002	23	6	5	0.1				35
01/12/2002	00	4	5	0.1				35
01/12/2002	01	6	5	0.1				35
01/12/2002	02	20	20	0.1				34
01/12/2002	03	20	6	0.1				30
01/12/2002	04	11	14	0.1				51
01/12/2002	05	11	10	0.1				57
01/12/2002	06	3	12	0.1				66
01/12/2002	07	3	15	0.1				64
01/12/2002	08		6					52
01/12/2002	09	18	5	0.1				46
01/12/2002	10	14	8	0.1				38
01/12/2002	11	5	14	0.1				54
01/12/2002	12	14	13	0.1				40
01/12/2002	13	13	20	0.1				43
01/12/2002	14	8	17	0.1				51
01/12/2002	15	5	13	0.1				57
01/12/2002	16	6	5	0.1				57
01/12/2002	17	6	5	0.1				39
01/12/2002	18	6	5	0.1				38
01/12/2002	19	17	5	0.1				36
01/12/2002	20	22	17	0.1				42
01/12/2002	21	21	19	0.1				40
01/12/2002	22	42	24	0.1				42
01/12/2002	23	17	6	0.1				44
02/12/2002	00	16	5	0.1				34
02/12/2002	01	8	9	0.1				49
02/12/2002	02	12	9	0.1				25
02/12/2002	03	20	21	0.1				46
02/12/2002	04	22	14	0.1				39
02/12/2002	05	18	5	0.1				40
02/12/2002	06	15	5	0.1				22
02/12/2002	07	62	20	0.2				24
02/12/2002	08	25	14	0.3				13
02/12/2002	09	24	30	0.3				27
02/12/2002	10	18	25	0.3				48
02/12/2002	11	13	18	0.3				50
02/12/2002	12	11	26	0.3				58
02/12/2002	13	34	6	0.3				54
02/12/2002	14	19	13	0.3				36
02/12/2002	15	16	21	0.3				37
02/12/2002	16	12	26	0.3				48
02/12/2002	17	16	16	0.3				30
02/12/2002	18	31	17	0.3				20
02/12/2002	19	87	14	0.3				32
02/12/2002	20	27	19	0.3				39
02/12/2002	21	42	15	0.3				40
02/12/2002	22	44	9	0.3				15
02/12/2002	23	45	14	0.3				33
03/12/2002	00	27	15	0.3				47
03/12/2002	01	35	11	0.3				50
03/12/2002	02	15	15	0.3				48
03/12/2002	03	20	6	0.3				50
03/12/2002	04	31	9	0.3				31
03/12/2002	05	43	5	0.3				31
03/12/2002	06	11	9	0.3				57
03/12/2002	07	6	5	0.3				46
03/12/2002	08		22	0.3				29
03/12/2002	09	4	21	0.3				29
03/12/2002	10	8	22	0.3				32
03/12/2002	11	3	25	0.3				43
03/12/2002	12	4	14	0.3				49
03/12/2002	13	7	32	0.3				51
03/12/2002	14	11	34	0.3				45
03/12/2002	15	4	21	0.3				49
03/12/2002	16	3	13	0.3				43
03/12/2002	17	9	14	0.3				32
03/12/2002	18	9	25	0.3				37
03/12/2002	19	3	49	0.3				49
03/12/2002	20	3	46	0.3				47
03/12/2002	21	3	27	0.3				46
03/12/2002	22	3	28	0.3				50
03/12/2002	23	3	27	0.3				51
04/12/2002	00	5	15	0.3				38
19/12/2002	01	12	39	0.3	14	22	43	2
19/12/2002	02	8	33	0.3	5	7	14	5
19/12/2002	03	6	18	0.3	4	4	10	5
19/12/2002	04	6	21	0.3	4	5	12	5
19/12/2002	05	7	10	0.3	4	7	13	3
19/12/2002	06	8	20	0.3	5	11	18	3
19/12/2002	07	8	15	0.3	9	18	31	4
19/12/2002	08		13	0.3	26	28	67	3
19/12/2002	09	11	24	0.3	12	20	38	10
19/12/2002	10	9	6	0.3	5	18	26	7
19/12/2002	11	11	123	0.3	10	23	38	5
19/12/2002	12	16	100	0.3	21	32	64	4
19/12/2002	13	12	77	0.3	20	34	65	3
19/12/2002	14	12	18	0.3	22	35	68	7
19/12/2002	15	10	9	0.3	23	36	72	3
19/12/2002	16	11	5	0.3	16	33	57	6
19/12/2002	17	12	14	0.3	21	37	69	4
19/12/2002	18	11	18	0.3	19	33	62	4
19/12/2002	19	11	17	0.3	12	24	42	5
19/12/2002	20	15	12	0.4	31	32	80	5
19/12/2002	21	15	11	0.4	33	31	82	3
19/12/2002	22	10	12	0.3	12	20	38	2
19/12/2002	23	11	8	0.3	8	16	28	3
20/12/2002	00	14	16	0.3	12	16	33	3
20/12/2002	01	13	15	0.3	13	18	37	3
20/12/2002	02	12	5	0.3	16	27	52	3
20/12/2002	03	11	14	0.3	12	21	38	4
20/12/2002	04	10	26	0.3	15	27	49	3
20/12/2002	05	12	20	0.3	8	20	32	2
20/12/2002	06	15	11	0.3	5	10	18	6
20/12/2002	07	13	6	0.4	17	18	44	4
20/12/2002	08	14	16	0.3	19	31	60	4
20/12/2002	09	15	17	0.3	18	25	53	9
20/12/2002	10	11	32	0.3	4	13	20	18
20/12/2002	11	9	20	0.3	4	5	12	29
20/12/2002	12	10	14	0.3	4	4	10	26
20/12/2002	13	11	7					34
20/12/2002	14	9	11	0.3	9	6	19	41
20/12/2002	15	8	5	0.3	13	6	25	52
20/12/2002	16	8	5	0.2	15	5	29	40
20/12/2002	17	9	9	0.2	18	6	33	34
20/12/2002	18	9	6	0.3	16	6	30	17
20/12/2002	19	11	15	0.3	15	6	29	5
20/12/2002	20	11	23	0.3	14	6	27	5
20/12/2002	21	9	11	0.3	13	7	26	7
20/12/2002	22	8	12	0.3	12	7	25	16
20/12/2002	23	9	15	0.2	12	7	26	26
21/12/2002	00	10	17	0.2	13	7	26	24
21/12/2002	01	9	20	0.2	12	8	26	26
21/12/2002	02	11	13	0.3	16	8	32	5
21/12/2002	03	13	26	0.3	30	23	68	4
21/12/2002	04	9	18	0.3	19	19	48	4
21/12/2002	05	8	29	0.3	10	7	22	5
21/12/2002	06	9	18	0.3	12	10	28	5
21/12/2002	07	9	22	0.3	24	15	52	4
21/12/2002	08		15	0.3	17	13	39	4
21/12/2002	09	4	25	0.3	15	10	32	6
21/12/2002	10	3	28	0.3	11	7	24	19
21/12/2002	11	3	14	0.2	8	5	18	39
21/12/2002	12	3	13	0.2	7	5	16	49
21/12/2002	13	3	9	0.2	10	6	21	48
21/12/2002	14	3	5	0.2	13	8	28	48
21/12/2002	15	3	5	0.2	12	7	26	54
21/12/2002	16	3	5	0.2	13	9	28	50
21/12/2002	17	3	14	0.2	11	9	26	46
21/12/2002	18	3	15	0.2	9	7	21	34
21/12/2002	19	3	13	0.3	8	7	20	17
21/12/2002	20	6	15	0.3	11	7	23	7
21/12/2002	21	7	24	0.4	17	13	38	5
21/12/2002	22	13	37	0.5	35	19	72	6
21/12/2002	23	9	42	0.4	25	15	52	5
22/12/2002	00	5	34	0.3	14	11	33	5
22/12/2002	01	3	36	0.3	11	10	27	5
22/12/2002	02	6	26	0.3	27	14	55	5
22/12/2002	03	5	40	0.3	16	10	33	4
22/12/2002	04	4	26	0.3	23	15	50	5
22/12/2002	05	4	21	0.3	23	14	50	5
22/12/2002	06	5	17	0.3	22	11	44	5
22/12/2002	07	4	21	0.3	16	11	35	4
22/12/2002	08	11	21	0.3	17	8	34	4
22/12/2002	09	9	35	0.3	16	9	33	7
22/12/2002	10	8	13	0.3	15	8	31	13
22/12/2002	11	6	22	0.3	10	7	22	21
22/12/2002	12	3	16	0.3	8	8	21	30
22/12/2002	13	3	8					34
22/12/2002	14	3	9	0.2	7	15	26	46
22/12/2002	15	3	14	0.2	10	14	29	54
22/12/2002	16	3	5	0.2	12	14	32	54
22/12/2002	17	3	26	0.2	12	14	33	49
22/12/2002	18	3	12	0.2	10	17	32	41
22/12/2002	19	6	10	0.4	19	28	58	22
22/12/2002	20	12	23	0.5	29	28	71	6
22/12/2002	21	12	38	0.4	49	34	110	6
22/12/2002	22	12	32	0.4	37	32	88	6
22/12/2002	23	11	42	0.4	23	25	61	5
23/12/2002	00	6	34	0.3	12	16	34	5
23/12/2002	01	4	24	0.3	6	12	21	5
23/12/2002	02	5	23	0.3	5	7	14	4
23/12/2002	03	4	30	0.3	5	12	19	4
23/12/2002	04	3	11	0.3	5	12	19	5
23/12/2002	05	3	11	0.3	4	11	18	7
23/12/2002	06	9	11	0.3	7	17	27	5
23/12/2002	07	24	22	0.4	20	25	56	6
23/12/2002	08		37	0.4	17	22	48	6
23/12/2002	09	23	39	0.4	30	27	72	7
23/12/2002	10	52	63	0.4	23	30	65	8
23/12/2002	11	16	44	0.3	9	18	32	13
23/12/2002	12	11	32	0.2	4	8	15	22
23/12/2002	13	9	20	0.2	5	12	19	28
23/12/2002	14	6	13	0.2	6	17	27	33
23/12/2002	15	3	9	0.2	6	18	27	42
23/12/2002	16	3	12	0.2	7	24	34	34
23/12/2002	17	4	15	0.2	11	31	48	10
23/12/2002	18	12	26	0.4	22	27	61	5
23/12/2002	19	19	32	0.5	60	41	133	6
23/12/2002	20	19	45	0.4	58	36	126	6
23/12/2002	21	18	59	0.4	36	35	90	4
23/12/2002	22	13	44	0.4	34	28	81	5
23/12/2002	23	17	37	0.5	84	49	178	6
24/12/2002	00	19	43	0.5	104	41	200	6
24/12/2002	01	11	39	0.4	43	32	98	5
24/12/2002	02	6	24	0.3	18	33	61	5
24/12/2002	03	6	14	0.3	19	29	59	5
24/12/2002	04	4	26	0.3	15	30	54	5
24/12/2002	05	3	15	0.3	13	33	54	5
24/12/2002	06	3	17	0.3	9	31	44	10
24/12/2002	07	4	19	0.3	14	34	56	14
24/12/2002	08	15	23	0.4	77	51	170	2
24/12/2002	09	21	41	0.4	80	46	169	3
24/12/2002	10	11	49	0.2	13	25	45	24
24/12/2002	11	5	28	0.2	4	10	17	52
24/12/2002	12	3	12	0.2	4	8	15	59
24/12/2002	13	3	18					62
24/12/2002	14	5	24	0.2	7	9	20	59
24/12/2002	15	6	18	0.2	12	9	28	56
24/12/2002	16	8	5	0.2	15	11	33	52
24/12/2002	17	4	10	0.2	18	15	43	46
24/12/2002	18	3	6	0.2	22	26	60	44
24/12/2002	19	4	5	0.2	27	39	80	23
24/12/2002	20	4	7	0.2	30	51	96	21
24/12/2002	21	3	7	0.2	14	17	39	43
24/12/2002	22	3	11	0.2	12	13	32	53
24/12/2002	23	3	11	0.2	12	15	33	43
25/12/2002	00	8	10	0.2	51	49	127	8
25/12/2002	01	101	13	0.3	61	62	156	6
25/12/2002	02	84	25	0.4	94	63	207	8
25/12/2002	03	16	19	0.2	7	23	34	37
25/12/2002	04	9	6	0.2	8	31	43	31
25/12/2002	05	6	12	0.2	5	10	18	58
25/12/2002	06	3	5	0.2	6	11	19	51
25/12/2002	07	3	6	0.2	7	13	23	50
25/12/2002	08		5	0.2	7	16	28	50
25/12/2002	09	4	12	0.2	7	14	25	50
25/12/2002	10	4	14	0.2	7	10	21	57
25/12/2002	11	5	5	0.2	9	10	23	56
25/12/2002	12	6	5	0.2	10	11	27	56
25/12/2002	13	4	12	0.2	8	13	25	57
25/12/2002	14	4	9	0.2	5	12	20	55
25/12/2002	15	4	5	0.2	5	9	16	60
25/12/2002	16	4	5	0.2	8	7	19	63
25/12/2002	17	4	7	0.2	13	21	41	48
25/12/2002	18	7	7	0.3	28	34	77	12
25/12/2002	19	8	28	0.2	32	34	82	9
25/12/2002	20	7	31	0.2	14	18	40	14
25/12/2002	21	9	21	0.2	16	13	37	9
25/12/2002	22	7	23	0.2	8	11	22	32
25/12/2002	23	9	12	0.2	13	14	34	14
26/12/2002	00	6	8	0.2	9	10	23	36
26/12/2002	01	7	5	0.3	11	15	32	27
26/12/2002	02	5	10	0.2	7	10	21	39
26/12/2002	03	5	6	0.2	9	8	23	45
26/12/2002	04	5	7	0.2	11	10	27	28
26/12/2002	05	5	5	0.2	16	16	40	10
26/12/2002	06	7	11	0.2	12	13	31	27
26/12/2002	07	12	11	0.3	13	12	31	27
26/12/2002	08	13	21	0.3	35	18	72	2
26/12/2002	09	19	30	0.4	48	26	99	3
26/12/2002	10	13	40	0.3	40	28	88	5
26/12/2002	11	9	29	0.3	20	16	46	22
26/12/2002	12	11	21	0.2	16	10	35	37
26/12/2002	13	5	7					46
26/12/2002	14	8	10	0.3	15	17	39	22
26/12/2002	15	5	15	0.3	15	18	41	29
26/12/2002	16	4	17	0.2	20	17	48	19
26/12/2002	17	4	32	0.2	25	24	63	6
26/12/2002	18	6	29	0.2	51	44	122	6
26/12/2002	19	18	36	0.4	87	49	182	6
26/12/2002	20	17	32	0.4	44	25	93	6
26/12/2002	21	16	38	0.4	34	14	66	6
26/12/2002	22	18	36	0.4	27	15	56	7
26/12/2002	23	20	47	0.4	25	14	52	7
27/12/2002	00	19	42	0.4	21	13	45	7
27/12/2002	01	13	47	0.4	11	11	28	5
27/12/2002	02	5	29	0.3	5	6	14	5
27/12/2002	03	6	22	0.3	5	5	12	5
27/12/2002	04	11	28	0.3	6	9	17	5
27/12/2002	05	11	27	0.3	6	11	20	5
27/12/2002	06	11	19	0.3	21	17	49	5
27/12/2002	07	17	29	0.4	43	30	96	6
27/12/2002	08		37	0.5	62	36	130	6
27/12/2002	09	17	40	0.4	96	45	192	6
27/12/2002	10	14	32	0.3	94	56	200	6
27/12/2002	11	24	41	0.4	108	56	222	4
27/12/2002	12	14	38	0.3	28	30	73	2
27/12/2002	13	9	37	0.3	19	24	53	5
27/12/2002	14	8	28	0.3	13	15	34	3
27/12/2002	15	7	25	0.3	8	11	23	10
27/12/2002	16	7	17	0.3	7	8	19	26
27/12/2002	17	4	19	0.2	6	6	15	33
27/12/2002	18	3	19	0.2	5	5	13	22
27/12/2002	19	3	23	0.3	5	5	13	14
27/12/2002	20	3	18	0.3	4	6	13	15
27/12/2002	21	3	12	0.3	4	5	11	27
27/12/2002	22	3	12	0.3	4	4	11	40
27/12/2002	23	3	5	0.3	4	4	11	46
28/12/2002	00	3	5	0.3	4	4	10	53
28/12/2002	01	3	5	0.3	4	5	11	42
28/12/2002	02	3	8	0.3	5	5	12	57
28/12/2002	03	3	5	0.2	5	4	12	71
28/12/2002	04	3	5	0.2	6	6	15	59
28/12/2002	05	3	36	0.2	7	6	16	55
28/12/2002	06	3	28	0.2	7	6	16	59
28/12/2002	07	3	29	0.2	7	8	18	59
28/12/2002	08	3	19	0.2	8	8	20	52
28/12/2002	09	6	26	0.2	8	9	21	47
28/12/2002	10	4	23	0.2	8	7	18	54
28/12/2002	11	3	35	0.2	5	5	12	64
28/12/2002	12	3	26	0.2	5	5	13	66
28/12/2002	13	3	18					61
28/12/2002	14	4	32	0.2	10	7	22	56
28/12/2002	15	3	24	0.2	11	5	22	68
28/12/2002	16	4	15	0.2	11	5	21	70
28/12/2002	17	4	21	0.2	12	5	23	66
28/12/2002	18	3	13	0.2	11	6	22	42
28/12/2002	19	3	6	0.3	8	5	16	41
28/12/2002	20	9	14	0.3	7	5	15	51
28/12/2002	21	18	6	0.3	6	4	14	51
28/12/2002	22	13	5	0.3	6	4	13	47
28/12/2002	23	26	17	0.3	6	5	13	45
29/12/2002	00	54	9	0.3	5	4	12	52
29/12/2002	01	53	8	0.2	5	4	11	48
29/12/2002	02	16	5	0.2	4	4	10	61
29/12/2002	03	4	5	0.2	4	4	10	68
29/12/2002	04	27	11	0.2	4	3	10	57
29/12/2002	05	60	5	0.2	4	4	11	58
29/12/2002	06	62	14	0.2	4	4	10	54
29/12/2002	07	36	12	0.2	4	4	11	47
29/12/2002	08		10	0.2	4	4	10	45
29/12/2002	09	19	16	0.2	4	4	11	62
29/12/2002	10	8	5	0.2	4	4	10	60
29/12/2002	11	17	16	0.2	4	4	10	52
29/12/2002	12	19	7	0.2	4	4	10	51
29/12/2002	13	6	5	0.2	4	4	10	63
29/12/2002	14	6	5	0.2	4	4	10	62
29/12/2002	15	6	6	0.2	5	5	13	60
29/12/2002	16	5	5	0.2	6	4	13	63
29/12/2002	17	5	5	0.2	6	5	14	45
29/12/2002	18	6	5	0.2	7	7	18	24
29/12/2002	19	11	22	0.3	7	6	16	8
29/12/2002	20	11	26	0.4	6	5	15	6
29/12/2002	21	15	28	0.4	8	7	19	7
29/12/2002	22	19	16	0.4	16	9	34	7
29/12/2002	23	21	23	0.4	27	16	57	7
30/12/2002	00	10	28	0.3	9	8	20	6
30/12/2002	01	12	12	0.3	10	7	23	5
30/12/2002	02	15	16	0.3	18	10	37	5
30/12/2002	03	14	17	0.3	16	10	35	5
30/12/2002	04	10	21	0.2	7	8	18	6
30/12/2002	05	9	16	0.2	13	9	29	6
30/12/2002	06	10	16	0.2	8	7	19	3
30/12/2002	07	14	13	0.3	24	13	50	5
30/12/2002	08	19	18	0.3	31	13	59	2
30/12/2002	09	12	27	0.2	12	7	25	7
30/12/2002	10	14	10	0.3	20	11	42	10
30/12/2002	11	19	22	0.3	29	14	57	11
30/12/2002	12	12	32	0.2	13	9	30	29
30/12/2002	13	14	53					36
30/12/2002	14	13	29	0.3	12	8	26	36
30/12/2002	15	13	29	0.2	12	8	26	39
30/12/2002	16	10	18	0.2	13	5	24	55
30/12/2002	17	40	21	0.2	15	5	28	53
30/12/2002	18	37	29	0.3	13	6	26	25
30/12/2002	19	10	8	0.3	10	5	20	42
30/12/2002	20	7	5	0.3	9	4	17	45
30/12/2002	21	5	9	0.3	8	7	19	47
30/12/2002	22	5	11	0.2	7	4	14	49
30/12/2002	23	4	15	0.2	6	4	13	63
31/12/2002	00	4	23	0.2	6	4	13	61
31/12/2002	01	5	21	0.2	5	4	12	59
31/12/2002	02	10	35	0.2	5	4	11	73
31/12/2002	03	11	42	0.2	4	4	10	71
31/12/2002	04	5	13	0.2	4	4	10	56
31/12/2002	05	4	7	0.2	4	4	10	66
31/12/2002	06	5	5	0.2	4	4	10	55
31/12/2002	07	6	17	0.2	4	4	10	47
31/12/2002	08		8	0.2	4	4	10	49
31/12/2002	09	3	7	0.2	4	4	10	57
31/12/2002	10	3	5	0.2	4	4	10	59
31/12/2002	11	3	17	0.2	4	4	11	60
31/12/2002	12	3	14	0.3	4	4	10	59
31/12/2002	13	3	16	0.3	4	4	10	59
31/12/2002	14	3	14	0.3	4	4	11	56
31/12/2002	15	3	5	0.3	5	4	11	60
31/12/2002	16	3	5	0.3	4	4	10	62
31/12/2002	17	3	11	0.3	4	4	10	54
31/12/2002	18	3	17	0.3	4	4	10	41
31/12/2002	19	3	21	0.3	4	4	10	49
31/12/2002	20	3	35	0.3	4	4	10	55
31/12/2002	21	5	28	0.3	4	4	10	60
31/12/2002	22	5	22	0.2	4	4	10	60
31/12/2002	23	3	13	0.3	4	4	10	60
