Red: Red de Vigilancia y Control de la Contaminación Atmosférica
Estación: 12040302-Castelló AP Gregal
	
FECHA	HORA	Veloc.máx.	PM10	Veloc.	Direc.	Temp.	H.Rel.	PM2.5
		m/s	µg/m³	m/s	grados	°C	% H.R.	µg/m³
04/12/2019	00	11,6	7	6,4	16	11,4	99	1
04/12/2019	01	11,5	9	6,6	17	11,6	99	1
04/12/2019	02	12,7	10	6,6	16	11,2	99	2
04/12/2019	03	12	9	6,4	16	11,5	99	1
04/12/2019	04	13,3	5	7,4	15	11,9	99	1
04/12/2019	05	13,2	4	7,3	15	11,3	99	1
04/12/2019	06	16	16	8,7	22	11	99	2
04/12/2019	07	11,6	7	6,6	16	10,7	99	1
04/12/2019	08	6,8	11	3,7	14	10,8	99	1
04/12/2019	09	10,3	4	3,2	12	10,7	99	1
04/12/2019	10	7,6	9	4,3	15	10,8	99	1
04/12/2019	11	9,3	2	4,9	5	10,9	99	1
04/12/2019	12	4,9	1	1,6	354	13,4	94	1
04/12/2019	13	7,8	1	3,8	9	14,1	87	1
04/12/2019	14	9,7	4	5,1	18	14	96	1
04/12/2019	15	9,4	2	4,7	9	12,4	99	1
04/12/2019	16	5,1	2	2,4	330	11,6	99	1
04/12/2019	17	5,3	1	2,3	318	11,2	99	1
04/12/2019	18	6,6	1	3,2	360	11,4	99	1
04/12/2019	19	8,3	1	4,2	4	11,6	99	1
04/12/2019	20	10	1	5,1	11	11,3	99	1
04/12/2019	21	9,1	3	4,8	12	11,3	99	1
04/12/2019	22	8,8	14	4,6	17	11,7	99	1
04/12/2019	23	6,7	19	3,7	14	12,2	99	2
05/12/2019	00	6,2	5	3,4	12	12,4	99	1
05/12/2019	11	7,2	20	3,8	21	15,1	99	5
05/12/2019	12	6,7	17	3,3	21	14,8	99	2
05/12/2019	13	5,7	22	2,8	29	14,9	99	2
05/12/2019	14	5,2	20	3,1	22	15,2	99	2
05/12/2019	15	5,1	17	2,6	23	15,9	99	1
05/12/2019	16	5,3	34	2,3	43	15,9	99	2
05/12/2019	17	5,7	10	3,2	21	14,7	99	1
05/12/2019	18	3,6	16	1,8	14	14,7	99	1
05/12/2019	19	1,5	15	0,6	26	15,3	99	1
05/12/2019	20	3,5	9	1,5	340	14,8	98	2
05/12/2019	21	1,7	5	0,7	275	14,3	99	2
05/12/2019	22	3,7	3	1,4	327	14,9	99	1
05/12/2019	23	4,9	11	2,6	18	14,9	99	1
06/12/2019	00	5	22	2,8	21	15	99	2
06/12/2019	01	4,3	24	2,3	15	14,7	99	2
09/12/2019	07	3,8	3	1,8	263	12,5	70	1
09/12/2019	08	4,7	2	2,1	267	14,3	57	1
09/12/2019	09	4,3	4	2	275	16,3	51	1
09/12/2019	10	4,2	2	1,7	285	19,3	39	1
09/12/2019	11	4,5	10	2,1	105	20,4	39	1
09/12/2019	12	2,7	9	1,4	115	20,6	45	1
09/12/2019	13	3,4	41	0,7	107	22,9	38	2
09/12/2019	14	3,1	8	1,6	183	21	45	1
09/12/2019	15	3	12	1,3	150	20,5	56	1
09/12/2019	16	4,5	22	1,7	263	21,1	40	2
09/12/2019	17	3,8	5	1,4	333	19,8	31	1
09/12/2019	18	5,2	3	1,7	320	19	33	1
09/12/2019	19	2,2	18	0,9	320	17,7	38	2
09/12/2019	20	3,5	12	1,4	307	16,9	40	2
09/12/2019	21	3,3	4	1	136	17,9	36	1
09/12/2019	22	3,1	10	1,2	32	16,9	36	2
09/12/2019	23	3,6	11	1,8	267	15,4	42	2
10/12/2019	00	3,2	7	1,4	270	15,4	40	1
10/12/2019	01	5,4	3	2,3	293	15,9	36	1
10/12/2019	02	5,2	2	2,4	320	15,9	32	1
10/12/2019	03	3,5	3	1,7	286	14,1	39	1
10/12/2019	04	3	10	1,7	261	11,8	47	1
10/12/2019	05	3,6	12	2	287	11,4	49	1
10/12/2019	06	2,9	7	1,5	287	11,7	46	1
10/12/2019	07	1,8	16	0,7	299	11,9	47	1
10/12/2019	08	2,6	25	1,2	298	11,4	49	2
10/12/2019	09	3,2	37	1,5	271	12,9	46	3
10/12/2019	10	2,1	58	0,6	29	16,9	42	5
10/12/2019	11	3,2	44	1,4	263	19,2	35	3
10/12/2019	12	4,5	5	2,3	279	20,6	29	1
10/12/2019	13	4,9	22	2,5	203	20	39	2
10/12/2019	14	6,3	21	3,7	189	17,7	57	2
10/12/2019	15	5	17	3,1	197	17,9	54	2
10/12/2019	16	2,2	26	1	195	19,2	44	2
10/12/2019	17	1,1	35	0,3	207	17,4	50	3
10/12/2019	18	1	51	0,2	207	15,7	62	4
10/12/2019	19	1,4	74	0,5	297	14,6	62	6
10/12/2019	20	1,7	69	0,6	327	13,9	64	6
10/12/2019	21	1,2	64	0,3	322	13	64	6
10/12/2019	22	1,1	87	0,2	320	12	69	9
10/12/2019	23	1,2	78	0,3	320	11,4	77	8
11/12/2019	00	1,5	63	0,6	320	11,3	81	7
11/12/2019	01	1,7	59	0,8	294	10,4	85	6
11/12/2019	02	1,2	50	0,3	278	11,1	88	5
11/12/2019	03	1,7	49	0,7	278	9,9	90	5
11/12/2019	04	1,3	44	0,6	278	9,8	91	4
11/12/2019	05	1,3	47	0,5	278	9,5	92	5
11/12/2019	06	1,2	36	0,4	278	9,5	93	4
11/12/2019	07	1,2	41	0,3	278	9,1	91	4
11/12/2019	08	1,5	55	0,6	278	9,5	92	5
11/12/2019	09	1,3	53	0,3	278	15,5	82	4
11/12/2019	10	1,3	47	0,4	262	16,8	71	4
11/12/2019	11	1,4	57	0,4	214	18,2	61	6
11/12/2019	12	1,3	50	0,4	191	18,8	55	4
11/12/2019	13	1,9	53	0,7	179	17,1	61	5
11/12/2019	14	2	59	0,8	182	16,9	62	5
11/12/2019	15	2	74	0,7	137	17,2	61	5
11/12/2019	16	4,4	60	1,7	18	18,3	53	5
11/12/2019	17	5,9	2	2,9	360	17,5	42	1
11/12/2019	18	3,4	2	1,8	8	16,2	42	1
11/12/2019	19	3	14	1	259	14,8	49	2
11/12/2019	20	3	20	1,1	340	14,1	50	3
11/12/2019	21	3,1	15	1,4	305	13,8	47	2
11/12/2019	22	4,1	6	1,7	254	12,9	48	1
11/12/2019	23	3,2	4	1,4	262	12,7	48	1
12/12/2019	00	3,9	6	2,1	255	12,1	47	1
12/12/2019	01	2,9	13	1,5	253	11,3	51	1
12/12/2019	02	3,4	4	1,7	256	11,3	51	1
12/12/2019	03	4,8	2	2,6	253	13,4	44	1
12/12/2019	04	5,8	2	3,3	255	14	42	1
12/12/2019	05	3,2	2	1,5	235	13,7	44	1
12/12/2019	06	3,1	2	1,2	242	13,9	44	1
12/12/2019	07	5,1	2	2,5	250	14	42	1
12/12/2019	08	5,1	3	2,6	250	14,2	41	1
12/12/2019	09	3,2	8	1,5	252	14,4	43	1
12/12/2019	10	4,7	4	2,1	271	15,7	40	1
12/12/2019	11	7,5	5	2,9	280	16,1	38	1
12/12/2019	12	7	3	3,5	260	16,8	37	1
12/12/2019	13	5,7	4	3,1	238	17,1	38	1
12/12/2019	14	6,1	4	3,1	223	17,2	43	1
12/12/2019	15	3,6	5	1,6	247	17,7	43	1
12/12/2019	16	6,9	3	3,2	264	17,6	39	1
12/12/2019	17	5,6	3	2,2	272	16,6	43	1
12/12/2019	18	4,1	1	1,8	262	16,2	45	1
12/12/2019	19	4,9	4	2,3	241	16,1	45	1
12/12/2019	20	4,7	2	2,3	246	15,7	49	1
12/12/2019	21	6,5	2	3	223	15,6	52	1
12/12/2019	22	8,4	3	4,8	216	16	58	1
12/12/2019	23	8,8	2	4,5	223	17,4	50	1
13/12/2019	00	7,7	2	4,1	225	16,9	58	1
13/12/2019	01	5,1	4	2,9	210	16,8	59	1
13/12/2019	02	4,3	2	2	204	17,3	57	1
13/12/2019	03	5,3	3	2,4	210	18,2	56	1
13/12/2019	04	4,7	3	2,5	206	18,2	58	1
13/12/2019	05	5,2	1	2,4	225	19,4	54	1
13/12/2019	06	7,6	2	5	206	19,6	54	1
13/12/2019	07	8,2	5	5,3	201	19,3	57	1
13/12/2019	08	6,3	6	3,5	213	20	53	1
13/12/2019	09	5,9	8	2,8	209	21,3	47	1
13/12/2019	10	6,6	3	2,9	237	22,7	40	1
13/12/2019	11	6	3	2,9	235	23,5	38	1
13/12/2019	12	7,7	2	3,9	253	24,3	36	1
13/12/2019	13	6,8	2	3,4	256	25,2	34	1
13/12/2019	14	6,1	1	2,8	263	25,6	32	1
13/12/2019	15	5,7	2	2,1	265	25,2	33	1
13/12/2019	16	5,3	2	2,8	254	24,3	35	1
13/12/2019	17	5	2	2,7	256	23,4	38	1
13/12/2019	18	4,5	2	2,2	257	22,6	40	1
13/12/2019	19	4,7	3	2,4	252	21,9	42	1
13/12/2019	20	6,3	2	3,3	253	22,1	42	1
13/12/2019	21	8,6	2	4,6	256	22,3	41	1
13/12/2019	22	6,2	1	3	258	21,5	43	1
13/12/2019	23	5,7	2	3	250	20,9	43	1
14/12/2019	00	4,7	2	2,4	252	20,2	42	1
14/12/2019	01	3,7	1	1,5	270	19,7	42	1
14/12/2019	02	2,3	1	0,9	272	19	43	1
14/12/2019	03	2,5	1	1,2	261	17,8	44	1
14/12/2019	04	3,1	1	1,5	251	17,2	46	1
14/12/2019	05	2,3	3	1	250	16	51	1
14/12/2019	06	2,5	3	1,2	233	15,8	52	1
14/12/2019	07	4	5	2	249	15,3	50	1
14/12/2019	08	2,3	29	1	294	16	50	3
14/12/2019	09	1,8	16	0,6	104	20	43	2
14/12/2019	10	1,7	9	0,7	306	22,7	35	2
14/12/2019	11		28	0,6	337	23,8	35	2
14/12/2019	12	1,5	44	0,6	60	23,9	36	3
14/12/2019	13		13	0,6	62	24,8	32	2
14/12/2019	14	2,4	3	1,6	95	22,3	39	1
14/12/2019	15	2,9	13	1,7	99	22,3	38	2
14/12/2019	16	1,8	24	1	84	21,3	47	2
14/12/2019	17	2	12	1	82	18,2	63	1
14/12/2019	18	2,2	15	1,2	59	18,2	51	2
14/12/2019	19	2,4	23	1,2	7	17,5	47	3
14/12/2019	20	1,7	13	0,7	355	16,6	47	2
14/12/2019	21	3,2	11	2,2	323	16,6	47	2
14/12/2019	22	2,5	25	1,4	304	14,5	55	3
14/12/2019	23	3,2	23	2	269	13,1	64	2
15/12/2019	00	2,8	13	1,7	267	12,9	66	2
15/12/2019	01	3,2	16	2	264	12,2	69	2
15/12/2019	02	3,2	21	2	278	13	65	2
15/12/2019	03	2,7	13	1,8	276	12,7	65	2
15/12/2019	04	2,8	13	1,6	279	11,7	69	2
15/12/2019	05	3,2	12	2	282	11,8	69	1
15/12/2019	06	3,4	14	2	269	10,8	74	2
15/12/2019	07	2,9	9	1,6	287	12,2	68	1
15/12/2019	08	2	12	1	290	12,5	64	2
15/12/2019	09	2,1	20	1,1	280	13,9	63	2
15/12/2019	10	0,8	14	0,2	279	17,2	61	2
15/12/2019	11	1,8	22	0,6	256	19,7	59	2
15/12/2019	12	3,6	6	1	179	19,6	63	1
15/12/2019	13	2,3	8	1,2	146	19,4	63	1
15/12/2019	14	1,4	6	0,2	142	19,7	58	1
15/12/2019	15	1,8	3	0,2	136	19,7	56	1
15/12/2019	16	0,1	6	0,1	137	20,6	50	1
15/12/2019	17	0,2	9	0,1	137	16,8	62	1
15/12/2019	18	0,1	43	0,1	137	15,9	72	5
15/12/2019	19	0,2	69	0,1	137	15,5	74	8
15/12/2019	20	0,8	47	0,1	118	14,7	68	6
15/12/2019	21	1,9	33	0,9	86	14,6	68	4
15/12/2019	22	1,8	20	0,9	39	14,3	70	3
15/12/2019	23	1,8	22	1	16	13,9	68	3
16/12/2019	00	2,1	18	1	335	13,6	70	3
16/12/2019	01	2,4	19	1,1	323	13,3	79	2
16/12/2019	02	1,8	25	0,7	318	12	80	3
16/12/2019	03	2	24	0,8	326	12,3	85	3
16/12/2019	04	2,3	21	1,2	334	12,6	88	2
16/12/2019	05	1,8	26	0,7	311	12,2	90	3
16/12/2019	06	2,8	28	1,8	319	12,9	91	3
16/12/2019	07	2	38	0,9	315	13,3	97	4
16/12/2019	08	1,7	50	0,7	304	12,8	98	5
16/12/2019	09	2,4	62	1,1	326	14,2	99	6
16/12/2019	10	3,8	47	2	8	15,8	99	4
16/12/2019	11	3,7	37	1,7	47	16,6	99	3
16/12/2019	12	3,2	35	1,6	52	16,8	99	3
16/12/2019	13	2,7	36	1,2	49	17	98	3
16/12/2019	14	2,7	31	1,4	49	17	99	2
16/12/2019	15	3,7	31	1,8	44	16,9	99	2
16/12/2019	16	4,5	33	2,2	50	16,7	99	2
16/12/2019	17	4,9	37	2,5	49	16,4	99	3
16/12/2019	18	4	41	2	32	16,4	99	3
16/12/2019	19	3,2	42	1,5	24	16,4	99	3
16/12/2019	20	4,6	43	2,2	34	16,6	99	4
16/12/2019	21	4,6	49	2,3	27	16,4	99	4
16/12/2019	22	3,6	51	2	10	16,1	99	4
16/12/2019	23	1,7	63	0,7		16,1	99	5
17/12/2019	00	2,1	58	0,9		15,9	99	5
17/12/2019	01	1,9	56	0,9		15,4	99	5
17/12/2019	02	1,8	50	0,8		15,6	99	4
17/12/2019	03	1,8	50	1		14,6	99	4
17/12/2019	04	1,2	52	0,3	287	14,3	99	5
17/12/2019	05	1,6	54	0,6	287	14,3	99	5
17/12/2019	06	2,2	64	1,2	277	13,9	99	6
17/12/2019	07	2,7	57	1,5	261	13,7	99	5
17/12/2019	08	2,1	65	1,1	282	14,7	99	5
17/12/2019	09	2,7	87	1,6	279	14,5	99	7
17/12/2019	10	2,1	77	1	282	15,6	99	6
17/12/2019	11	1,2	88	0,3	275	17,6	99	7
17/12/2019	12	1,8	97	0,8	145	18,5	93	7
17/12/2019	13	2,7	55	1	172	19	89	4
17/12/2019	14	1,8	47	0,6	186	20,7	78	3
17/12/2019	15	2,2	39	0,8	161	20,5	77	3
17/12/2019	16	2,6	47	1,6	144	18,4	87	4
17/12/2019	17	1,5	60	0,7		17,3	97	5
17/12/2019	18	1,4	98	0,5		16,4	99	7
17/12/2019	19	1,8	65	1		15,6	99	6
17/12/2019	20	1,4	66	0,7		15,5	99	5
17/12/2019	21	0,5	73	0,2		15,5	99	6
17/12/2019	22	0,9	91	0,3		15,2	99	8
17/12/2019	23	0,8	85	0,3		15,2	99	6
18/12/2019	00	0,4	82	0,2		15,2	99	6
18/12/2019	01	2,3	72	1,2	338	15,1	99	5
18/12/2019	02	1,9	79	0,8	312	15,4	99	5
18/12/2019	03	2,6	73	1,4	268	13,9	99	5
18/12/2019	04	1,9	98	0,7	270	14,3	99	6
18/12/2019	05	1,6	90	0,5	266	13,7	99	6
18/12/2019	06	1,2	85	0,4	262	13,5	99	5
18/12/2019	07	1,4	83	0,5	262	13,7	99	5
18/12/2019	08	2,4	81	1,4	268	13,4	99	5
18/12/2019	09	2,7	83	1,5	275	14,2	99	5
18/12/2019	10	2,1	75	1	269	16,7	94	4
18/12/2019	11	1,4	63	0,5	267	20,7	74	3
18/12/2019	12	1,7	75	0,7	242	21	63	4
18/12/2019	13	2,5	68	0,8	174	20,6	69	5
18/12/2019	14	2,6	51	1,2	141	19,8	77	4
18/12/2019	15	2,7	46	1,2	143	19,4	80	3
18/12/2019	16	2,3	66	1,2		18,6	79	4
18/12/2019	17	1,1	97	0,4		17,6	81	7
18/12/2019	18	1,2	111	0,3		16,5	90	16
18/12/2019	19	1,6	67	0,7		15,4	99	31
18/12/2019	20	2,1	75	1,2		15,1	99	24
18/12/2019	21	2,4	75	1,4		14,9	99	22
18/12/2019	22	1,7	79	0,8		13,9	99	25
18/12/2019	23	2,1	68	1,2		12,3	99	23
19/12/2019	00	1,7	75	0,7	283	12,8	99	25
19/12/2019	01	1,8	65	0,6	280	13	99	21
19/12/2019	02	1,8	56	0,6	285	12,4	99	19
19/12/2019	03	1,4	51	0,6	288	12	99	18
19/12/2019	04	2,4	52	1,1	287	11,1	99	20
19/12/2019	05	1,8	62	0,7	284	10,8	99	26
19/12/2019	06	2,8	67	1,4	273	10,4	99	31
19/12/2019	07	2,3	53	0,8	270	10,7	99	23
19/12/2019	08	2	42	0,6	271	10,7	99	18
19/12/2019	09	1,3	40	0,4	271	12,4	99	14
19/12/2019	10	2,1	41	0,9	277	14,4	99	15
19/12/2019	11	1,6	40	0,6	283	16,4	90	15
19/12/2019	12	5,2	12	2,5	234	16,6	82	8
19/12/2019	13	5,6	10	3,5	201	17	77	6
19/12/2019	14	6,1	5	3,3	186	17,2	84	4
19/12/2019	15	5,3		2,9	197	17	92	
19/12/2019	16	3		1,4	147	17,1	92	
19/12/2019	17	2,3		1,1	136	16,5	98	
19/12/2019	18	3,3		1,5	204	16,4	94	
19/12/2019	19	3,2		1,5	136	16,5	97	
19/12/2019	20	1,8		0,6	136	16,5	99	
19/12/2019	21	2,2	17	0,8	100	15,9	99	8
19/12/2019	22	2,2	11	0,8	61	16,2	99	6
19/12/2019	23	2,2	10	0,9	32	16,2	99	5
20/12/2019	00	2,6	7	1,3	131	16,4	99	6
20/12/2019	01	2,8	17	1,1	260	15,3	98	11
20/12/2019	02	3	19	1,4	299	15,4	95	11
20/12/2019	03	8,5	12	5,3	207	16,8	85	8
20/12/2019	04	10,6		7	209	18	77	
20/12/2019	05	16,1	15	10,4	210	19,3	73	5
20/12/2019	06	16,9	7	10,8	214	20	67	5
20/12/2019	07	14,7	10	9,4	204	19,6	71	6
20/12/2019	08	14,1	14	9,3	201	19,9	71	5
20/12/2019	09	10,7	8	6,8	209	20,7	70	5
20/12/2019	10	7,8		4	231	22,6	63	
20/12/2019	11	8,4		3,4	269	24	46	
20/12/2019	12	6,1		2,5	262	23,6	41	
20/12/2019	13	6,8		3,3	253	23,7	37	
20/12/2019	14	4,5		1,7	24	22,2	49	
20/12/2019	15	5,3		2,1	257	22	51	
20/12/2019	16	4	20	1,9	43	18,5	92	7
20/12/2019	17	8,2		4,2	236	20,9	71	
20/12/2019	18	9		5,1	217	21,6	63	
20/12/2019	19	9,4		5,9	205	20,5	70	
20/12/2019	20	7,5		4,2	210	19,3	92	
20/12/2019	21	5,2		3	170	18,3	98	
20/12/2019	22	3,3	5	1,3	262	18,6	99	4
20/12/2019	23	7,1		3,1	246	21,3	79	
21/12/2019	00	4,5		2,3	291	20,6	80	
21/12/2019	01	3,2		1,5	262	20,4	78	
21/12/2019	02	1,5		0,6	23	19,8	82	
21/12/2019	03	0,8		0,2	21	19,6	75	
21/12/2019	04	1,6		0,5	29	19,3	75	
21/12/2019	05	2,1		0,8	279	18	74	
21/12/2019	06	1,1		0,2	250	17,8	76	
21/12/2019	07	3,5		1,6	238	18,4	76	
21/12/2019	08	3,8	4	2	217	18,5	83	4
21/12/2019	09	6,5		4	209	19,8	82	
21/12/2019	10	8,9		5,6	203	21,5	74	
21/12/2019	11	8,4		5,5	200	22,8	71	
21/12/2019	12	8,8		5,4	191	22,4	75	
21/12/2019	13	9,4		4,8	224	26	55	
21/12/2019	14	10,5		4,9	247	26,8	46	
21/12/2019	15	12,4		5,9	249	27,6	39	
21/12/2019	16	9,5		4,8	252	26,9	42	
21/12/2019	17	9,8		4,4	258	26,2	40	
21/12/2019	18	11		5,5	255	25,2	39	
21/12/2019	19	15,1		7,5	252	24,7	39	
21/12/2019	20	15,5		7,3	250	24,1	40	
21/12/2019	21	12,8		6,3	255	23,5	38	
21/12/2019	22	11,6		5,6	261	22,4	30	
21/12/2019	23	11,1	6	5,6	258	21,3	32	5
22/12/2019	00	12	6	6,2	255	20,5	34	5
22/12/2019	01	9,3	6	4,9	255	20,1	37	5
22/12/2019	02	8,8	5	4,6	253	19,8	39	4
22/12/2019	03	5,4	5	2,5	256	19,4	40	4
22/12/2019	04	8,2		4	256	19,5	39	
22/12/2019	05	7,2		3,2	272	19,9	38	
22/12/2019	06	7		3,2	286	20,2	34	
22/12/2019	07	7,9	4	3,3	274	20,1	32	3
22/12/2019	08	7	4	3	273	20,1	32	3
22/12/2019	09	7,7	3	3,2	266	21,5	30	3
22/12/2019	10	8,8	3	3,9	259	22,7	29	3
22/12/2019	11	9,1		4,4	255	23,4	27	
22/12/2019	12	7,7		4,3	256	23,9	28	
22/12/2019	13	8,6		4,5	253	24,3	31	
22/12/2019	14	9,3		4,9	241	24	35	
22/12/2019	15	9,3		4,6	245	23,5	36	
22/12/2019	16	8,1	3	3,8	241	23	38	3
22/12/2019	17	6,2	7	2,7	240	22	40	5
22/12/2019	18	4,7	4	2,3	246	20,9	43	3
22/12/2019	19	5	3	2,4	237	20,3	44	3
22/12/2019	20	5,9	2	2,4	243	19,9	46	2
22/12/2019	21	7,9		2,9	257	22,3	35	
22/12/2019	22	5,2		2	207	21,9	38	
22/12/2019	23	3,3	3	1,4	166	20,4	46	2
23/12/2019	00	5,3		2,1	292	20,8	33	
23/12/2019	01	4,7		1,7	331	20,1	28	
23/12/2019	02	2,1		0,8	291	19,1	31	
23/12/2019	03	1,8		0,7	279	17,8	34	
23/12/2019	04	2,4	2	1,1	261	16,2	39	2
23/12/2019	05	1,3	6	0,3	281	15,6	42	4
23/12/2019	06	1,2	8	0,4	281	14,6	49	4
23/12/2019	07	1,9	9	0,5	4	13,8	50	5
23/12/2019	08	1,7	12	0,7	353	14,2	50	6
23/12/2019	09	1,1	18	0,3	317	18,4	44	8
23/12/2019	10	2	22	0,9	283	20,2	42	11
23/12/2019	11		2	1,1	137	20,8	52	2
23/12/2019	12	2,6	4	1,4	115	20,5	49	2
23/12/2019	13	2,8	7	1,6	100	20,5	45	3
23/12/2019	14	2,6	4	1,1	130	21,5	45	3
23/12/2019	15	2,2	12	0,9	189	21,7	41	5
23/12/2019	16	1,7	49	0,7	152	20	49	11
23/12/2019	17	2,1	26	0,7	53	17,9	66	8
23/12/2019	18	1,3	63	0,4	41	17,2	68	16
23/12/2019	19	2,5	49	1,2	7	16	67	25
23/12/2019	20	2,6	33	1,5	273	15,2	59	18
23/12/2019	21	2	44	0,8	262	14,5	61	25
23/12/2019	22	2,4	29	1,3	267	14,4	58	15
23/12/2019	23	2,6	17	1,1	271	16,1	56	9
24/12/2019	00	3,2	4	1,6	283	17,9	51	3
24/12/2019	01	3	3	1,5	270	17,7	51	2
24/12/2019	02	3,2	3	1,2	299	18,2	49	2
24/12/2019	03	3,2		1,2	311	18,4	49	
24/12/2019	04	2,1		0,8	283	17,8	50	
24/12/2019	05	2,2	7	1	257	15,5	60	4
24/12/2019	06	2,4	5	1,1	260	14,1	64	3
24/12/2019	07	1,9	9	0,9	257	12,6	76	5
24/12/2019	08	1,8	45	0,9	293	14,1	82	28
24/12/2019	09	1,9	34	1	259	16,2	67	21
24/12/2019	10	2,4	13	1,2	258	20,3	54	7
24/12/2019	11	4,3	5	2,1	252	22,9	45	3
24/12/2019	12		7	1,4	183	23,2	47	4
24/12/2019	13	2,5	10	1,2	144	21,3	59	7
24/12/2019	14	2,1	7	0,9	158	21,9	62	5
24/12/2019	15	1,6	9	0,6		22	62	6
24/12/2019	16	1	12	0,3		20,4	67	7
24/12/2019	17	1,7	16	0,6		19,6	71	9
24/12/2019	18		23	0,5		17,5	90	13
24/12/2019	19	2	23	0,9		17,1	98	12
24/12/2019	20	1,8	41	0,8		16,7	99	26
24/12/2019	21	2	71	1		16	99	46
24/12/2019	22	1,2	100	0,4		15,8	99	65
24/12/2019	23	1	97	0,3		14,2	99	64
25/12/2019	00	0,1	108	0,1		13,5	98	71
25/12/2019	01	1,1	71	0,4		13,1	98	47
25/12/2019	02	1,5	48	0,4		12,9	94	31
25/12/2019	03	1,5	19	0,6		12,6	90	13
25/12/2019	04	1,7	23	0,7		12,5	87	15
25/12/2019	05	1,7	12	0,7		12,3	84	9
25/12/2019	06	1	18	0,3		12,9	86	12
25/12/2019	07	1	14	0,3		13,8	85	10
25/12/2019	08	1,7	23	0,9		14,2	90	15
25/12/2019	09	1,2	23	0,4		16,7	82	15
25/12/2019	10	0,6	9	0,1		20,6	68	6
25/12/2019	11	1,3	9	0,4		22,3	55	6
25/12/2019	12		7	1,1		21,5	50	5
25/12/2019	13	2,7	6	1,5	89	20,9	54	5
25/12/2019	14	2,5	4	1,6	110	19,5	70	3
25/12/2019	15	2,3	2	1,3	119	19,8	75	2
25/12/2019	16	1,6	5	0,7		20,4	76	4
25/12/2019	17	1,4	8	0,6		17,7	92	6
25/12/2019	18	0,5	26	0,1		16,4	99	17
25/12/2019	19	1	66	0,2		15,5	99	44
25/12/2019	20	1,2	58	0,3		15	99	38
25/12/2019	21	1,3	77	0,4		13,3	99	51
25/12/2019	22	1,8	55	0,7		11,9	99	37
25/12/2019	23	2,7	29	1,5	200	11,4	99	20
26/12/2019	00	2,6	17	1,3	232	12,4	99	12
26/12/2019	01	1,8	15	0,7	235	12,6	95	10
26/12/2019	02	1,4	32	0,6	235	12,9	97	21
26/12/2019	03	1,4	41	0,6	235	13,4	99	27
26/12/2019	04	1,6	37	0,6	235	13,6	99	25
26/12/2019	05	1,4	33	0,5	235	13,6	99	22
26/12/2019	06	1,4	33	0,5	235	13,3	99	22
26/12/2019	07	1,9	42	0,6	247	13,2	99	28
26/12/2019	08	1,9	42	0,8	258	13,2	99	27
26/12/2019	09	1,9	49	0,9	259	13,1	94	30
26/12/2019	10	1,8	66	0,5	259	15,1	84	40
26/12/2019	11	1,9	67	0,8	288	17,4	85	37
26/12/2019	12	1,7	51	0,7	358	20,1	83	23
26/12/2019	13	2,3	31	1,1	33	20,5	66	14
26/12/2019	14	2,1	41	1	54	20	73	23
26/12/2019	15	1,5	30	0,4	67	21,3	81	20
26/12/2019	16	1,7	15	0,6	67	20,2	82	10
26/12/2019	17	1,5	28	0,5	69	17,9	92	17
26/12/2019	18	1,7	33	0,7	71	16,7	98	21
26/12/2019	19	1,5	50	0,5	67	16,3	95	32
26/12/2019	20	1,9	54	0,8	356	15,8	95	33
26/12/2019	21	0,4	71	0,2	355	15,6	93	43
26/12/2019	22	1,6	73	0,6	355	14,8	94	44
26/12/2019	23	1,5	81	0,6	355	13,3	93	50
27/12/2019	00	1,9	51	1,1	355	12	98	30
27/12/2019	01	2,5	28	1,4	332	12,1	94	16
27/12/2019	02	3	29	1,8	267	10,6	97	16
27/12/2019	03	2,8	30	1,7	271	10,8	98	16
27/12/2019	04	2,7	22	1,5	267	10,5	95	11
27/12/2019	05	2,8	20	1,7	264	10	93	9
27/12/2019	06	1,3	18	0,5	263	10,2	91	8
27/12/2019	07	1,3	16	0,4	263	9,9	84	7
27/12/2019	08	1,8	22	0,7	263	9,8	85	10
27/12/2019	09	2	34	1	263	12	81	16
27/12/2019	10	1,4	46	0,4	262	16,3	70	25
27/12/2019	11	1,6	55	0,7	292	18,3	59	19
27/12/2019	12	2,4	52	1,3	24	18,1	59	25
27/12/2019	13	3,4	15	1,8	66	17,8	68	5
27/12/2019	14	3,5	16	1,8	56	18	78	7
27/12/2019	15	2,5	16	1,2	79	18,3	75	6
27/12/2019	16	2	16	1	83	18,3	66	5
27/12/2019	17	1,2	24	0,5	83	16,3	77	8
27/12/2019	18	1,1	33	0,3	83	15,5	92	13
27/12/2019	19	1,9	67	1	66	13,9	99	37
27/12/2019	20	1,5	79	0,7	46	13,3	99	44
27/12/2019	21	1,8	82	0,8	46	13,2	99	48
27/12/2019	22	2,3	73	1,4	27	12,3	99	42
27/12/2019	23	1,8	80	0,7	6	11,6	99	48
28/12/2019	00	2,1	72	1,3	0	11,1	99	43
28/12/2019	01	1,9	67	0,8	339	10,9	99	40
28/12/2019	02	0,8	60	0,3	339	9	99	36
28/12/2019	03	1	64	0,2	339	8,8	99	38
28/12/2019	04	1,9	52	0,9	335	7,9	99	31
28/12/2019	05	1,5	48	0,5	319	7,1	99	29
28/12/2019	06	1,7	56	0,7	301	7,5	99	33
28/12/2019	07	1,6	63	0,7	301	8,4	99	36
28/12/2019	08	1,8	57	0,9	301	7,5	99	34
28/12/2019	09	1,8	57	1	290	9,3	99	34
28/12/2019	10	1,4	34	0,5	287	13,2	92	19
28/12/2019	11	1,6	48	0,6	290	16,2	77	28
28/12/2019	12	2,2	39	0,7	303	17,5	78	23
28/12/2019	13	3,6	32	1,6	158	17,6	75	18
28/12/2019	14	3,2	28	1,7	127	16,9	80	15
28/12/2019	15	2,1	26	1	130	18	76	13
28/12/2019	16	2,7	28	1,5	152	16,8	79	15
28/12/2019	17	1,8	40	0,9	153	15,2	84	23
28/12/2019	18	1,3	70	0,6	153	13,9	94	41
28/12/2019	19	1,7	117	1	153	13	98	72
28/12/2019	20	2,1	100	1,3	153	12,7	99	60
28/12/2019	21	1,5	125	0,7	153	12,8	99	76
28/12/2019	22	1,6	103	0,9	153	12,8	99	62
28/12/2019	23	1,7	95	0,8	153	12,8	99	58
29/12/2019	00	2,2	89	1,2	184	12,6	99	54
29/12/2019	01	2,2	82	1,4	213	11,4	99	50
29/12/2019	02	2,9	73	1,7	254	11,7	99	45
29/12/2019	03	2,5	65	1,5	284	11,9	98	39
29/12/2019	04	3,1	54	1,8	272	10,9	96	33
29/12/2019	05	3,2	50	1,5	267	10,5	93	30
29/12/2019	06	2,5	59	1,4	261	10,2	92	36
29/12/2019	07	2,7	62	1,5	265	10,1	95	38
29/12/2019	08	2,7	65	1,6	268	9,8	97	40
29/12/2019	09	2,1	78	1,1	273	11,3	96	48
29/12/2019	10	1,5	100	0,5	273	14,7	88	63
29/12/2019	11	3	35	1,2	278	17,6	64	21
29/12/2019	12	2,7	25	1	252	18,5	57	14
29/12/2019	13	3,6	21	1,8	153	18,1	58	12
29/12/2019	14	3,8	24	2,1	152	17,1	63	14
29/12/2019	15	4	32	2,1	153	16,7	68	19
29/12/2019	16	3,9	38	2	128	16,4	70	23
29/12/2019	17	2,9	49	1,3	125	15,1	78	29
29/12/2019	18	1,4	109	0,4	122	14,2	84	68
29/12/2019	19	2	168	1	122	13,7	89	107
29/12/2019	20	1,8	108	0,8	122	13,9	88	68
29/12/2019	21	1,4	106	0,5	123	14,1	86	67
29/12/2019	22	1,3	112	0,4	123	14,1	87	71
29/12/2019	23	1,8	90	0,7	128	13,8	88	56
30/12/2019	00	2,1	83	1,1	148	13,3	89	51
30/12/2019	01	2,2	77	1,3	187	13,1	89	48
30/12/2019	02	2,8	69	1,5	263	12,8	89	43
30/12/2019	03	1,9	68	0,8	274	13,1	88	42
30/12/2019	04	2,3	58	1,1	271	12,7	87	36
30/12/2019	05	1,4	57	0,5	270	13	86	35
30/12/2019	06	1,8	54	0,7	270	12,7	87	33
30/12/2019	07	2,1	51	1,1	270	12,2	90	30
30/12/2019	08	1,7	55	0,7	271	12,5	90	32
30/12/2019	09	1,8	61	0,9	271	13	90	36
30/12/2019	10	1,7	63	0,7	271	14,8	81	37
30/12/2019	11	1,6	64	0,5	271	16,6	69	39
30/12/2019	12	2,3	37	0,9	262	17,5	59	22
30/12/2019	13	2,7	30	1	195	18,4	57	18
30/12/2019	14	3,3	26	1,6	160	18,6	57	15
30/12/2019	15	3,5	29	1,6	160	17,7	62	17
30/12/2019	16	3,1	31	1,6	155	17	66	18
30/12/2019	17	2,9	36	1,3	151	15,6	74	22
30/12/2019	18	2,2	45	1	129	15	81	27
30/12/2019	19	1,5	127	0,5	128	13,6	85	79
30/12/2019	20	2,2	80	1,3	117	12,8	91	50
30/12/2019	21	2,7	74	1,6	351	12,6	95	46
30/12/2019	22	1,5	95	0,5	345	11,4	96	60
30/12/2019	23	1,3	90	0,4	345	10,6	97	56
31/12/2019	00	1,3	91	0,5	345	10,5	97	56
31/12/2019	01	3,3	64	1,4	18	12,8	99	39
31/12/2019	02	2,7	70	1,3	354	11,9	99	43
31/12/2019	03	1,9	80	0,9	327	11,1	99	50
31/12/2019	04	1,8	73	0,9	314	11,2	99	45
31/12/2019	05	1,9	71	0,9	305	11,2	99	44
31/12/2019	06	1,6	64	0,7	302	11,3	99	40
31/12/2019	07	1,6	64	0,6	301	11,6	99	39
31/12/2019	08	1,7	79	0,5	300	12,1	97	48
31/12/2019	09	1,5	142	0,7	300	12,3	96	89
31/12/2019	10	1	100	0,3	300	14	92	59
31/12/2019	11	1,7	55	0,6	318	15,3	87	32
31/12/2019	12	2,1	44	1	25	15,9	84	26
31/12/2019	13	2,8	34	1,5	112	16,8	80	20
31/12/2019	14	3,5	32	1,7	137	15,9	87	20
31/12/2019	15	3,3	32	1,7	139	16,7	85	19
31/12/2019	16	3,2	33	1,4	126	16,4	87	20
31/12/2019	17	2,3	35	1	122	15,2	91	21
31/12/2019	18	1,5	65	0,6	121	14,5	96	40
31/12/2019	19	2,3	108	1,4	69	13,2	99	69
31/12/2019	20	2,3	78	1,2	46	13	99	49
31/12/2019	21	0,1	100	0,1	44	13,3	99	62
31/12/2019	22	0,6	126	0,2	44	13	99	79
31/12/2019	23	1	133	0,2	44	12,4	99	84
