Red: Red de Vigilancia y Control de la Contaminación Atmosférica
Estación: 46244003-Torrent-El Vedat
	
FECHA	HORA	Veloc.	Direc.	Temp.	H.Rel.	Pres.	R.Sol.	Precip.	SO2	CO	NO	NO2	NOx	O3
		m/s	grados	°C	% H.R.	mb	W/m²	l/m²	µg/m³	mg/m³	µg/m³	µg/m³	µg/m³	µg/m³
18/07/2014	10							0,1						
18/07/2014	11	1,9	129	30,3	48	1006	914	0	4	0	2	5	7	63
18/07/2014	12	1,2	165	29	51	1006	544	0	4	0	2	5	8	70
18/07/2014	13	1,3	170	30,9	47	1006	1070	0	4	0	2	3	5	68
18/07/2014	14	1,6	195	31,3	47	1005	973	0	4	0	2	3	6	66
18/07/2014	15	1,7	147	31,1	49	1005	851	0	4	0	1	1	4	68
18/07/2014	16	1,4	172	29,8	54	1005	560	0	4	0	2	1	4	69
18/07/2014	17	1,3	166	27,8	62	1004	287	0	4	0	2	3	6	69
18/07/2014	18	1,4	171	26,8	67	1004	272	0	4	0	2	4	6	75
18/07/2014	19	1	213	26,5	68	1004	215	0	4	0	2	6	8	71
18/07/2014	20	1,3	262	25,9	70	1004	175	0	3	0	1	4	6	68
18/07/2014	21	0,5	127	25,9	68	1004	175	0	3	0	1	5	7	63
18/07/2014	22	0,5	157	25,8	68	1005	172	0	4	0	1	7	8	53
18/07/2014	23	0,1	158	25,1	72	1004	124	0	3	0	1	5	6	53
19/07/2014	00	0,2	288	24,6	74	1004	91	0	2	0	1	7	10	42
19/07/2014	01	0,2	287	23,9	76	1003	95	0	2	0	2	7	10	27
19/07/2014	02	0,6	277	23,7	77	1003	98	0	2	0	1	3	5	39
19/07/2014	03	0,4	271	23,5	77	1002	102	0	2	0	1	1	3	42
19/07/2014	04	0,5	290	22,9	78	1002	93	0	2	0	1	3	5	29
19/07/2014	05	0,3	264	22,5	78	1003	105	0	2	0	1	6	8	23
19/07/2014	06	0,5	280	22,9	73	1003	132	0	2	0	1	3	5	37
19/07/2014	07	0,7	284	24,5	66	1003	276	0	2	0	2	4	7	40
19/07/2014	08	0,7	265	27	58	1003	464	0	2	0	2	4	7	44
19/07/2014	09	0,8	303	29,6	47	1003	765	0	2	0	3	6	10	50
19/07/2014	10	1	134	32	37	1002	996	0	2	0	1	4	6	63
19/07/2014	11	1,8	162	33,9	26	1002	1081	0	3	0	1	1	3	78
19/07/2014	12	3,2	128	34,3	36	1001	1143	0	3	0,1	1	5	6	90
19/07/2014	13	4	126	34,7	35	1000	1108	0	3	0,1	1	2	4	103
19/07/2014	14	5	131	31,7	44	1000	781	0	3	0,1	1	0	1	100
19/07/2014	15	4,4	129	32,3	39	1000	874	0	3	0,1	1	0	1	94
19/07/2014	16	4,1	131	33,5	35	999	724	0	3	0,1	1	0	0	94
19/07/2014	17	3,3	129	32,2	32	999	492	0	3	0	1	0	1	91
19/07/2014	18	1,6	130	32,1	32	999	348	0	2	0	1	0	0	91
19/07/2014	19	1,1	122	30,2	41	1000	202	0	2	0	1	0	1	93
19/07/2014	20	0,5	178	27,7	66	1000	100	0	2	0	1	5	6	74
19/07/2014	21	0,2	271	27,5	59	1001	75	0	2	0,1	1	11	12	53
19/07/2014	22	0,2	249	27,5	42	1001	131	0	2	0	1	10	12	50
19/07/2014	23	0,5	249	27	36	1002	102	0	2	0	1	6	8	45
20/07/2014	00	1,6	274	27,7	28	1003	80	0	2	0	1	1	2	62
20/07/2014	01	2,3	291	27,4	29	1003	84	0	2	0	1	0	2	65
20/07/2014	02	2,9	287	27,1	30	1003	82	0	2	0	1	0	1	65
20/07/2014	03	2,6	280	26,1	33	1003	85	0	2	0	1	0	0	65
20/07/2014	04	1,7	259	25,4	33	1003	82	0	2	0	1	0	0	67
20/07/2014	05	3	219	24,2	38	1003	82	0	2	0	1	0	0	62
20/07/2014	06	2,9	214	23,6	41	1004	100	0	2	0	1	0	0	57
20/07/2014	07	2,9	222	24,5	40	1005	253	0	2	0	1	0	0	56
20/07/2014	08	2,6	247	27,1	33	1005	414	0	2	0	1	0	1	62
20/07/2014	09	1,7	265	29,2	29	1005	813	0	2	0	1	0	2	71
20/07/2014	10	3,3	265	30,5	23	1005	970	0	2	0	1	0	1	75
20/07/2014	11	3,3	271	31,7	21	1004	1067	0	2	0	1	0	2	76
20/07/2014	12	2,9	268	32,8	19	1004	1153	0	2	0	1	0	2	75
20/07/2014	13	3,8	234	33,1	18	1004	1151	0	2	0	1	0	1	74
20/07/2014	14	3,9	240	33,3	17	1003	1101	0	2	0	1	0	0	72
20/07/2014	15	4,2	232	33,8	16	1003	1003	0	2	0	1	0	0	70
20/07/2014	16	3,3	252	34,4	15	1003	832	0	2	0	1	0	1	74
20/07/2014	17	3,5	254	34,5	14	1003	646	0	2	0	1	0	2	78
20/07/2014	18	3,3	276	33,3	15	1003	299	0	2	0	1	1	2	78
20/07/2014	19	2,3	281	32,2	15	1004	129	0	2	0	1	2	4	72
20/07/2014	20	1,6	290	30,5	18	1005	129	0	2	0	2	8	12	57
20/07/2014	21	0,2	312	29,1	25	1007	152	0,2	2	0	2	16	18	42
20/07/2014	22	0,1	277	27,7	31	1008	158	0	2	0	1	14	16	43
20/07/2014	23	0,1	322	27,4	32	1008	108	0	2	0	1	12	13	43
21/07/2014	00	0,3	302	26,6	43	1009	74	0	2	0	1	4	6	64
21/07/2014	01	0,1	243	25,3	49	1009	69	0	2	0	1	5	6	54
21/07/2014	02	0,2	246	24,6	53	1009	74	0	2	0	1	3	3	56
21/07/2014	03	0,3	287	23,3	41	1009	78	0	2	0	1	1	2	47
21/07/2014	04	0,3	261	22,5	38	1009	75	0	2	0	1	2	3	40
21/07/2014	05	0,5	262	22,3	39	1010	74	0	2	0	1	3	4	40
21/07/2014	06	0,3	277	22,1	41	1010	87	0	1	0	1	6	8	36
21/07/2014	07	1	291	23,4	41	1010	250	0	2	0	5	12	19	27
21/07/2014	08	0,7	288	26,8	33	1011	391	0	2	0	3	5	9	41
21/07/2014	09	0,8	144	29,2	28	1010	805	0	1	0	1	2	4	57
21/07/2014	10	1	92	30,5	25	1010	971	0	1	0	1	0	2	68
21/07/2014	11	1,8	142	31,8	25	1009	1054	0	1	0	1	1	3	77
21/07/2014	12	3,7	135	32,5	26	1009	1132	0	2	0	1	3	5	86
21/07/2014	13	4,6	131	32,9	27	1008	1138	0	2	0	1	1	2	88
21/07/2014	14	4,7	129	32,2	30	1007	1088	0	2	0	1	0	1	85
21/07/2014	15	4,6	127	31,8	34	1007	985	0	2	0	1	0	1	88
21/07/2014	16	4,6	126	30,6	34	1007	824	0	2	0	1	0	1	82
21/07/2014	17	3,8	120	30,5	30	1007	637	0	2	0	1	0	1	80
21/07/2014	18	3,3	123	28,9	38	1007	291	0	2	0	1	0	1	83
21/07/2014	19	2,1	121	26,9	47	1008	132	0	2	0	1	0	1	84
21/07/2014	20	0,2	206	25,9	53	1008	113	0	1	0	1	3	4	72
21/07/2014	21	0,1	238	25,5	55	1009	121	0	2	0	1	7	8	59
21/07/2014	22	0,1	284	25,2	56	1009	157	0	2	0	1	10	11	50
21/07/2014	23	0,3	307	24,4	57	1009	103	0	2	0	1	8	10	49
22/07/2014	00	1,1	296	23,3	58	1009	74	0	1	0	1	8	10	40
22/07/2014	01	1,7	296	23,3	52	1008	80	0	1	0	1	4	5	53
22/07/2014	02	1,2	283	23,1	48	1008	78	0	1	0	1	2	4	54
22/07/2014	03	0,9	286	23,1	45	1007	80	0	1	0	1	1	2	60
22/07/2014	04	0,4	272	22,9	45	1007	66	0	1	0	1	1	3	59
22/07/2014	05	0,1	202	21,7	51	1008	70	0	1	0	1	3	4	45
22/07/2014	06	0,1	242	22	49	1008	84	0	1	0	1	11	13	32
22/07/2014	07	0,2	312	23,5	46	1008	257	0	1	0	3	13	18	33
22/07/2014	08	0,2	301	26,8	36	1008	401	0	1	0	5	15	22	36
22/07/2014	09	0,9	120	29,2	32	1008	801	0	1	0	2	8	11	61
22/07/2014	10	2,1	131	30,3	32	1007	953	0	1	0	2	7	10	68
22/07/2014	11	3,1	127	30,7	32	1007	1043	0	1	0	1	2	4	83
22/07/2014	12	4	128	31,1	33	1006	1130	0	1	0	1	1	2	87
22/07/2014	13	4,5	123	30,8	36	1005	1128	0	1	0	1	0	2	92
22/07/2014	14	3,9	123	30,6	41	1005	1062	0	1	0	1	0	0	86
22/07/2014	15	3,3	127	30,4	45	1005	938	0	1	0	1	0	1	87
22/07/2014	16							0						
22/07/2014	18	1,2	142	27,8	54	1004	239	0,1	1	0	1	5	7	61
22/07/2014	19	0,4	158	26,6	60	1004	154	0	1	0	1	8	10	74
22/07/2014	20	0,2	228	25,7	64	1005	122	0	1	0	1	7	8	75
22/07/2014	21	0,3	298	25,1	69	1005	138	0	1	0	1	4	6	72
22/07/2014	22	0,3	297	24,5	72	1006	142	0	1	0	1	1	2	76
22/07/2014	23	0,1	322	24,3	72	1005	105	0	1	0	1	1	3	72
23/07/2014	00	0,1	263	23,6	72	1005	90	0	1	0	1	6	7	48
23/07/2014	01	0,5	231	23	73	1005	93	0	1	0	1	6	7	42
23/07/2014	02	0,3	228	22,8	72	1004	96	0	1	0	1	3	4	51
23/07/2014	03	0,4	253	22,6	71	1003	95	0	1	0	1	1	3	45
23/07/2014	04	0,1	148	22,2	68	1003	92	0	1	0	1	1	2	42
23/07/2014	05	0,1	287	21,9	68	1003	96	0	1	0	1	3	4	33
23/07/2014	06	0,1	92	21,8	68	1004	109	0	1	0	2	9	12	25
23/07/2014	07	0,2	333	22,9	62	1004	251	0	1	0	8	15	27	12
23/07/2014	08	0,3	331	26,3	51	1004	402	0	1	0	5	14	21	31
23/07/2014	09	0,3	130	28,9	41	1004	784	0	1	0	3	10	15	57
23/07/2014	10	0,9	103	30,4	38	1003	927	0	1	0	2	9	12	70
23/07/2014	11	2,2	124	31,3	41	1003	1019	0	1	0	1	6	8	90
23/07/2014	12	3,3	128	31,4	44	1002	1099	0	1	0	1	2	4	94
23/07/2014	13	3,2	120	31,2	44	1001	1106	0	1	0	1	1	2	93
23/07/2014	14	2,5	122	31,5	45	1001	1056	0	1	0	1	0	1	86
23/07/2014	15	1,9	138	32,5	38	1000	933	0	1	0	1	1	2	86
23/07/2014	16	1,1	172	32,2	38	1000	784	0	1	0	2	5	8	79
23/07/2014	17	0,9	209	31,4	42	1000	608	0	1	0	2	6	9	73
23/07/2014	18	1	230	28,9	51	1000	292	0	1	0	2	7	9	68
23/07/2014	19	0,9	228	27,1	56	1000	139	0	1	0	1	6	8	67
23/07/2014	20	0,3	254	26,2	60	1001	123	0	1	0	1	5	6	62
23/07/2014	21	0,4	282	25,8	64	1002	140	0	1	0	1	3	4	60
23/07/2014	22	0,3	321	25,4	68	1002	176	0	1	0	1	2	3	61
23/07/2014	23	0,1	319	25	70	1002	153	0	1	0	1	1	2	61
24/07/2014	00	0,2	298	24,5	71	1002	118	0	1	0	1	2	3	52
24/07/2014	01	0,3	298	23,8	72	1002	116	0	1	0	1	7	9	33
24/07/2014	02	0,2	291	23,3	72	1001	112	0	1	0	1	6	7	32
24/07/2014	03	0,2	290	23	73	1001	114	0	1	0	1	4	5	34
24/07/2014	04	0,1	282	22,8	74	1001	118	0	1	0	1	2	3	41
24/07/2014	05	0,1	261	22,7	73	1002	126	0	1	0	1	4	5	35
24/07/2014	06	0,1	278	22,5	72	1002	140	0	1	0	3	9	14	25
24/07/2014	07	0,3	297	23,3	69	1002	292	0	1	0	11	15	32	11
24/07/2014	08	0,3	288	26,6	58	1002	427	0	1	0	5	11	19	34
24/07/2014	09	0,4	334	28,4	50	1002	819	0	1	0	2	7	11	56
24/07/2014	10	0,8	110	30,3	44	1002	977	0	1	0	2	6	10	63
24/07/2014	11	1,3	147	31,3	42	1002	1049	0	1	0	1	4	6	77
24/07/2014	12	1,5	134	31,8	41	1002	1116	0	1	0	1	2	4	83
24/07/2014	13	1,2	163	32,2	40	1002	1107	0	1	0	1	3	5	84
24/07/2014	14	1,2	164	32,4	38	1001	1041	0	1	0	1	2	4	86
24/07/2014	15	1,6	136	31,8	45	1001	901	0	1	0	1	2	3	83
24/07/2014	16	1,4	175	31	50	1000	735	0	1	0	1	2	4	84
24/07/2014	17	1,3	152	29,5	57	1000	440	0	1	0	1	2	4	77
24/07/2014	18	0,7	215	27,7	62	1000	224	0	1	0	1	4	6	76
24/07/2014	19	0,8	176	27	64	1001	142	0	1	0	1	4	5	79
24/07/2014	20	0,4	217	26,5	67	1002	123	0	1	0	1	4	6	77
24/07/2014	21	0,2	243	26,1	67	1002	203	0	1	0	1	3	4	81
24/07/2014	22	0,1	202	25,7	69	1003	419	0	1	0	1	1	2	84
24/07/2014	23	0,2	290	25,5	72	1003	386	0	1	0	1	2	3	82
25/07/2014	00	0,5	338	25,2	73	1003	365	0	1	0	1	2	3	79
25/07/2014	01	0,4	34	25	73	1003	368	0	1	0	1	2	3	77
25/07/2014	02	0,2	352	24,5	76	1002	379	0	1	0	1	2	3	72
25/07/2014	03	0,2	359	24,2	77	1002	380	0	1	0	1	1	2	69
25/07/2014	04	0,2	7	24,1	76	1002	389	0	1	0	1	4	5	58
25/07/2014	05	0,1	40	23,8	77	1002	383	0	1	0	1	7	9	49
25/07/2014	06	0,1	134	23,9	77	1002	376	0	1	0	1	5	7	49
25/07/2014	07	0,1	127	25,1	71	1003	516	0	1	0	2	7	9	49
25/07/2014	08	0,5	28	27,3	58	1003	578	0	1	0	3	12	17	45
25/07/2014	09	0,7	88	29	51	1002	1015	0	1	0	2	7	9	65
25/07/2014	10	1	114	30,6	47	1002	1100	0	1	0	1	4	6	78
25/07/2014	11	1,1	162	30,5	47	1002	1159	0	1	0	1	6	8	83
25/07/2014	12	2,4	138	31,4	45	1002	1251	0	1	0	1	2	4	94
25/07/2014	13	2,9	128	30,9	48	1002	1109	0	1	0	1	1	3	94
25/07/2014	14	2,7	137	31,7	46	1002	1209	0	1	0	1	1	2	95
25/07/2014	15	2,7	127	31,6	46	1002	1089	0	1	0	1	0	1	91
25/07/2014	16	2,7	125	31,2	46	1001	973	0	1	0	1	0	0	90
25/07/2014	17	3,3	128	30,6	44	1001	774	0	1	0	1	0	0	89
25/07/2014	18	2,5	120	28,8	48	1001	543	0	1	0	1	0	1	89
25/07/2014	19	1,7	123	27,7	49	1002	446	0	1	0	1	1	2	91
25/07/2014	20	0,4	167	26,7	57	1002	445	0	1	0	1	5	6	79
25/07/2014	21	0,3	165	26,2	62	1003	488	0	1	0	1	3	4	77
25/07/2014	22	0,1	177	25,9	66	1004	511	0	1	0	1	5	6	70
25/07/2014	23	0,1	174	25,3	71	1004	459	0	1	0	1	6	7	64
26/07/2014	00	0,2	216	24,7	71	1004	431	0	1	0	1	7	8	52
26/07/2014	01	0,2	257	24,2	71	1004	466	0	1	0	1	7	8	48
26/07/2014	02	0,2	296	24,2	68	1004	489	0	1	0	1	12	14	32
26/07/2014	03	0,1	295	23,8	70	1004	483	0	1	0	1	13	14	21
26/07/2014	04	0,3	295	23	72	1005	499	0	1	0	1	9	11	23
26/07/2014	05	0,4	303	22,8	73	1005	506	0	1	0	1	8	10	30
26/07/2014	06	0,8	288	22,2	71	1005	519	0	1	0	1	9	11	23
26/07/2014	07	1	300	23,5	64	1005	638	0	1	0	1	7	9	36
26/07/2014	08	0,4	264	26,6	57	1005	733	0	1	0	2	5	8	51
26/07/2014	09	0,9	64	28,5	50	1006	1042	0	1	0	1	2	3	78
26/07/2014	10	2,2	131	29,9	47	1006	1116	0	1	0	1	1	2	88
26/07/2014	11	2,7	128	30,3	49	1006	1175	0	1	0	1	0	2	97
26/07/2014	12	2,3	126	31,4	44	1006	1294	0	1	0	1	0	0	102
26/07/2014	13	2,8	124	31,7	42	1005	1273	0	1	0	1	0	0	100
26/07/2014	14	3,6	124	31,5	42	1005	1245	0	1	0	1	0	1	94
26/07/2014	15	3,4	124	31,8	41	1005	1118	0	1	0	1	0	0	93
26/07/2014	16	2,9	125	31,1	46	1004	975	0	1	0	1	0	0	92
26/07/2014	17	2,9	124	30,1	52	1004	797	0	1	0	1	0	1	92
26/07/2014	18	1,8	123	28,5	57	1004	492	0	1	0	1	0	1	92
26/07/2014	19	0,7	142	27,3	60	1004	418	0	1	0	1	4	6	86
26/07/2014	20	0,4	254	26,6	64	1005	423	0	1	0	1	6	7	86
26/07/2014	21	0,2	240	26	69	1006	425	0	1	0	1	3	4	90
26/07/2014	22	0,1	318	25,8	71	1007	523	0	1	0	1	4	5	88
26/07/2014	23	0,1	335	25,5	72	1007	513	0	1	0	1	2	3	87
27/07/2014	00	0,1	292	25,2	73	1007	512	0	1	0	1	6	8	70
27/07/2014	01	0,1	227	24,8	74	1007	464	0	1	0	1	5	6	65
27/07/2014	02	0,2	267	24,1	76	1007	510	0	1	0	1	4	5	56
27/07/2014	03	0,1	256	23,5	77	1007	508	0	1	0	1	1	2	56
27/07/2014	04	0,1	272	23,3	77	1007	531	0	1	0,1	1	1	2	59
27/07/2014	05	0,2	305	22,9	77	1007	556	0	1	0,1	1	0	1	52
27/07/2014	06	0,3	285	22,5	74	1007	543	0	1	0,1	1	3	4	35
27/07/2014	07	0,5	299	23,7	68	1008	631	0	1	0	1	3	5	41
27/07/2014	08	0,4	325	26,6	59	1007	750	0	1	0,1	1	2	3	63
27/07/2014	09	0,4	61	28,5	53	1007	1035	0	1	0	1	1	2	86
27/07/2014	10	1,1	131	30,6	46	1007	1154	0	1	0	1	0	0	99
27/07/2014	11	1,3	136	32	46	1007	1200	0	1	0,1	1	1	2	103
27/07/2014	12	2,7	125	32,4	45	1006	1276	0	1	0,1	1	2	3	110
27/07/2014	13	3,5	123	32,5	44	1006	1246	0	1	0,1	1	0	1	108
27/07/2014	14	3,9	127	32,1	45	1005	1181	0	1	0,1	1	0	0	96
27/07/2014	15	4,3	128	31,4	47	1005	1052	0	1	0	1	0	0	98
27/07/2014	16	3,5	124	31,2	49	1005	942	0	1	0	1	0	1	99
27/07/2014	17	2,2	129	30,7	51	1004	784	0	1	0	1	0	1	104
27/07/2014	18	0,9	180	28,9	58	1005	518	0	1	0	1	3	5	95
27/07/2014	19	0,7	164	27,3	65	1005	431	0	1	0	1	3	4	88
27/07/2014	20	0,5	213	26,6	68	1006	433	0	1	0	1	5	6	82
27/07/2014	21	0,4	322	26,4	68	1006	474	0	1	0	1	4	5	81
27/07/2014	22	0,4	344	26,1	70	1007	499	0	1	0	1	2	3	86
27/07/2014	23	0,2	299	25,7	73	1007	486	0	1	0	1	1	2	86
28/07/2014	00	0,2	281	25,3	73	1006	468	0	1	0	1	1	2	76
28/07/2014	01	0,2	265	24,5	76	1006	483	0	1	0	1	3	4	56
28/07/2014	02	0,4	215	24,1	77	1006	434	0	1	0	1	1	2	61
28/07/2014	03	0,1	207	24	78	1005	435	0	1	0	1	0	1	63
28/07/2014	04	0,1	239	23,8	79	1005	470	0	1	0	1	0	1	57
28/07/2014	05	0,2	291	23,1	79	1005	500	0	1	0	1	4	5	32
28/07/2014	06	0,2	281	22,8	78	1005	514	0	1	0	3	12	17	16
28/07/2014	07	0,5	284	23,5	71	1006	633	0	1	0	5	13	20	16
28/07/2014	08	0,5	306	26,4	63	1006	762	0	1	0,1	2	8	11	44
28/07/2014	09	0,7	156	28,7	54	1005	1051	0	1	0	1	4	6	74
28/07/2014	10	1,5	128	30,7	46	1004	1151	0	1	0	1	2	4	90
28/07/2014	11	2,1	123	32,1	44	1004	1187	0	1	0	1	2	4	101
28/07/2014	12	2,9	125	32,6	44	1003	1226	0	1	0	1	2	3	107
28/07/2014	13	3,5	126	32,1	46	1002	1249	0	1	0	1	1	2	107
28/07/2014	14	3,8	124	31,7	50	1002	1203	0	1	0,1	1	1	2	107
28/07/2014	15	2,3	148	31,9	46	1001	1040	0	1	0,1	1	1	2	93
28/07/2014	16	1,3	170	32	43	1001	749	0	1	0,1	1	4	5	85
28/07/2014	17	1,2	215	30,7	50	1001	676	0	1	0,1	1	4	6	81
28/07/2014	18	1	170	29,1	56	1001	437	0	1	0,1	2	8	12	71
28/07/2014	19	0,7	228	27,8	63	1002	416	0	1	0,1	1	4	7	73
28/07/2014	20	0,3	244	26,8	67	1002	403	0	1	0	1	3	5	75
28/07/2014	21	0,5	228	26,4	69	1003	417	0	1	0	1	3	4	76
28/07/2014	22	0,6	126	25,9	70	1003	425	0	1	0	1	0	1	80
28/07/2014	23	0,6	123	25,5	73	1003	391	0	1	0	1	0	2	68
29/07/2014	00	0,1	169	25,3	74	1003	368	0	1	0,1	1	1	2	63
29/07/2014	01	0,1	271	24,7	77	1003	412	0	1	0,1	1	2	3	53
29/07/2014	02	0,1	282	24,3	77	1003	445	0	1	0,1	1	3	4	43
29/07/2014	03	0,1	282	24,1	78	1002	450	0	1	0,1	1	2	3	45
29/07/2014	04	0,2	297	23,7	78	1002	458	0	1	0,1	1	3	4	42
29/07/2014	05	0,2	277	23,4	77	1002	438	0	1	0,1	1	6	8	30
29/07/2014	06	0,1	269	23,7	76	1003	448	0	1	0,1	1	6	7	36
29/07/2014	07	0,7	266	24,3	72	1003	521	0	1	0,1	3	11	16	24
29/07/2014	08	0,2	310	26	61	1004	588	0	1	0,1	2	9	12	38
29/07/2014	09	0,4	57	26,8	53	1004	651	0	1	0,1	2	7	10	51
29/07/2014	10	1,5	147	29,1	46	1004	1076	0	1	0	1	5	7	62
29/07/2014	11	1,6	128	30,4	41	1004	1077	0	1	0	1	4	6	73
29/07/2014	12	2,7	139	32,2	33	1003	1278	0	1	0	1	2	5	83
29/07/2014	13	4,1	126	31	30	1003	1254	0	1	0	1	1	2	84
29/07/2014	14	4,8	125	30,5	32	1003	1223	0	1	0	1	0	1	80
29/07/2014	15	4,3	121	29,7	35	1003	1157	0	1	0	1	0	1	77
29/07/2014	16	3,8	124	29,3	35	1003	1015	0	1	0	1	0	0	77
29/07/2014	17	3,8	126	28,8	38	1004	843	0	1	0	1	0	1	79
29/07/2014	18	3,5	132	27	45	1004	485	0	1	0	1	0	1	79
29/07/2014	19	2,1	134	25,6	50	1004	408	0	1	0	1	0	1	76
29/07/2014	20	0,5	127	24,8	54	1005	369	0	1	0	1	0	1	74
29/07/2014	21	0,1	256	24,4	55	1005	403	0	1	0,1	1	4	5	66
29/07/2014	22	0,1	315	24,4	54	1006	424	0	1	0,1	1	9	10	53
29/07/2014	23	0,1	295	23,6	57	1006	399	0	1	0	1	13	15	36
30/07/2014	00	0,4	288	22,4	60	1006	384	0	1	0	2	13	16	26
30/07/2014	01	0,3	286	22,2	60	1006	393	0	1	0	1	6	8	40
30/07/2014	02	0,1	291	21,8	61	1006	395	0	1	0	1	4	5	41
30/07/2014	03	0,2	284	21,2	62	1005	402	0	1	0	1	2	3	42
30/07/2014	04	0,5	282	21,4	59	1005	396	0	1	0	1	3	4	42
30/07/2014	05	0,2	283	21,7	56	1005	389	0	1	0	1	2	3	46
30/07/2014	06	0,4	284	21,6	55	1006	403	0	1	0	2	7	9	39
30/07/2014	07	1	295	21,9	53	1006	488	0	1	0	7	17	27	19
30/07/2014	08	0,7	302	23,9	44	1006	706	0	1	0	10	21	36	14
30/07/2014	09	0,7	55	27,1	39	1006	908	0	1	0	3	8	12	49
30/07/2014	10	1,8	134	28,2	42	1006	920	0	1	0	1	3	5	70
30/07/2014	11	2,8	130	29,5	38	1005	1231	0	1	0	2	4	7	70
30/07/2014	12	3,6	126	30	39	1005	1293	0	1	0	1	1	3	85
30/07/2014	13	3,5	124	30,2	44	1004	1285	0	1	0	1	0	0	93
30/07/2014	14	3,9	122	30,4	46	1004	1205	0	1	0	1	0	0	97
30/07/2014	15	3,2	122	30,3	48	1003	1111	0	1	0	1	0	0	92
30/07/2014	16	3,1	123	30	48	1003	968	0	1	0	1	0	0	85
30/07/2014	17	1,5	165	29,7	48	1003	802	0	1	0	2	2	4	75
30/07/2014	18	1,2	172	27,8	54	1003	503	0	1	0	1	5	7	68
30/07/2014	19	0,4	207	26,4	60	1004	419	0	1	0	1	6	8	64
30/07/2014	20	0,4	191	25,6	64	1005	414	0	1	0	1	4	6	64
30/07/2014	21	0,2	180	25,2	66	1006	407	0	1	0	1	5	6	58
30/07/2014	22	0,2	327	25	67	1006	463	0	1	0	1	4	5	61
30/07/2014	23	0,1	315	24,7	68	1006	428	0	1	0	1	3	4	61
31/07/2014	00	0,1	315	24,1	70	1006	423	0	1	0	1	8	9	43
31/07/2014	01	0,1	280	23,3	72	1005	425	0	1	0	1	7	9	37
31/07/2014	02	0,1	264	23	73	1005	419	0	1	0	1	2	3	49
31/07/2014	03	0,5	230	22,4	74	1005	392	0	1	0	1	1	2	49
31/07/2014	04	0,7	213	22,3	73	1005	377	0	1	0	1	0	1	50
31/07/2014	05	0,7	214	22,1	72	1005	376	0	1	0	1	0	1	47
31/07/2014	06	0,1	192	22,4	70	1005	390	0	1	0	1	3	5	40
31/07/2014	07	0,2	257	23,8	63	1005	538	0	1	0	2	6	9	42
31/07/2014	08	0,2	338	27	49	1005	700	0	1	0	3	9	13	42
31/07/2014	09	0,5	90	29,3	38	1005	980	0	1	0	2	6	9	69
31/07/2014	10	0,6	145	30,5	34	1005	1111	0	1	0	1	4	6	87
31/07/2014	11	1,9	136	32,1	35	1004	1171	0	1	0	1	4	6	95
31/07/2014	12	3,6	127	32	44	1004	1240	0	1	0	1	2	4	101
31/07/2014	13	3,3	121	32	45	1003	1225	0	1	0	1	1	2	104
31/07/2014	14	2,4	122	32,7	42	1002	1172	0	1	0	1	0	2	99
31/07/2014	15	2	143	33,4	36	1002	1046	0	1	0	1	1	2	98
31/07/2014	16	1,1	182	33,8	32	1001	924	0	1	0	1	7	9	91
31/07/2014	17	1,3	212	32,3	37	1001	754	0	1	0	2	7	9	92
31/07/2014	18	1,2	191	29,8	48	1001	486	0	1	0	2	9	11	83
31/07/2014	19	1,8	150	27,6	59	1001	397	0	1	0	1	6	7	82
31/07/2014	20	0,8	215	26,7	63	1002	357	0	1	0	1	9	11	71
31/07/2014	21	0,7	219	26,2	65	1003	402	0	1	0	1	6	8	71
31/07/2014	22	0,3	296	25,9	68	1003	436	0	1	0	1	5	6	70
31/07/2014	23	0,2	330	25,5	69	1003	394	0	1	0	1	6	7	64
01/08/2014	00	0,3	162	25,2	71	1003	357	0	1	0	1	2	3	71
01/08/2014	01	0,3	167	24,9	72	1002	329	0	1	0	1	2	3	60
01/08/2014	02	0,2	178	24,4	73	1002	347	0	1	0	1	3	5	56
01/08/2014	03	0,2	152	24,1	74	1001	358	0	1	0	1	2	3	59
01/08/2014	04	0,1	161	23,4	76	1001	402	0	1	0	1	1	2	53
01/08/2014	05	0,1	111	22,8	78	1001	404	0	1	0	1	7	9	29
01/08/2014	06	0,1	256	22,6	78	1001	458	0	1	0	6	15	25	13
01/08/2014	07	0,2	294	23,4	74	1001	574	0	1	0	12	19	36	7
01/08/2014	08	0,3	79	26,3	66	1002	721	0	1	0	5	16	24	28
01/08/2014	09	0,8	122	28,5	58	1002	881	0	1	0	3	11	16	52
01/08/2014	10	1	154	29,6	53	1001	958	0	1	0	1	4	6	78
01/08/2014	11	1,2	141	31	49	1001	1165	0	1	0	2	4	7	83
01/08/2014	12	1,5	130	31,6	47	1000	1200	0	1	0	1	5	7	90
01/08/2014	13	2,5	136	32,1	46	999	1223	0	1	0	2	4	6	90
01/08/2014	14	3,6	124	32	47	998	1167	0	1	0	1	1	2	93
01/08/2014	15	3,4	124	32,1	47	998	1061	0	1	0	1	0	1	97
01/08/2014	16	3	124	31,6	49	997	913	0	1	0	1	0	1	94
01/08/2014	17	1,9	135	31,7	44	997	741	0	1	0	1	0	1	98
01/08/2014	18	2,1	127	29,9	49	997	471	0	1	0	1	3	5	93
01/08/2014	19	1	164	28	58	997	396	0	1	0	1	12	14	73
01/08/2014	20	0,2	280	27,5	57	997	393	0	1	0	1	15	17	66
01/08/2014	21	0,5	315	26,5	65	998	448	0	1	0	1	9	10	72
01/08/2014	22	0,2	299	25,9	67	999	470	0	1	0	1	5	7	66
01/08/2014	23	0,3	168	25,6	68	999	360	0	1	0	1	6	7	55
02/08/2014	00	0,3	162	25	70	999	353	0	1	0	1	5	6	53
02/08/2014	01	0,7	160	24,8	70	999	356	0	1	0	1	4	5	56
02/08/2014	02	0,1	146	24,4	70	998	356	0	1	0	1	5	7	46
02/08/2014	03	0,1	199	24	75	999	388	0	1	0	1	7	8	36
02/08/2014	04	0,2	171	23,4	74	999	365	0	1	0	1	4	5	38
02/08/2014	05	0,6	180	23	55	999	348	0	1	0	1	3	4	40
02/08/2014	06	0,3	270	23,3	51	999	389	0	1	0	3	9	14	35
02/08/2014	07	0,4	292	24,2	47	999	529	0	1	0	2	9	13	34
02/08/2014	08	0,6	274	27,1	45	999	670	0	1	0	2	8	11	49
02/08/2014	09	0,7	293	29	45	999	1024	0	1	0	2	5	7	72
02/08/2014	10	1,1	295	30,1	36	999	999	0	1	0	1	3	4	84
02/08/2014	11	0,7	188	31,4	31	999	1081	0	1	0	1	1	1	94
02/08/2014	12	1,1	77	33,4	26	998	1193	0	1	0	1	1	2	100
02/08/2014	13	2,5	115	34,4	27	997	1207	0	1	0	1	1	2	110
02/08/2014	14	3,6	152	34,8	27	997	1062	0	1	0	1	1	2	114
02/08/2014	15	5,3	132	33	32	997	897	0	1	0	1	0	1	114
02/08/2014	16	4,5	140	33	33	996	724	0	1	0	1	0	1	112
02/08/2014	17	1,9	162	32,6	42	997	552	0	1	0,1	1	1	2	101
02/08/2014	18	1,8	212	28,1	59	998	257	0	1	0,1	1	2	4	94
02/08/2014	19	0,9	214	26,5	60	998	145	0	1	0	1	3	4	89
02/08/2014	20	0,7	329	25,6	59	1000	271	0	1	0	1	8	9	75
02/08/2014	21	0,6	296	25,4	55	1001	368	0	1	0	1	5	7	78
02/08/2014	22	0,3	335	25,5	51	1002	383	0	1	0	1	9	11	66
02/08/2014	23	0,1	312	25,4	49	1002	351	0	1	0	1	16	18	46
03/08/2014	00	0,1	223	24,9	51	1002	285	0	1	0,1	1	17	19	35
03/08/2014	01	0,2	211	24,1	57	1002	268	0	1	0,1	1	15	16	33
03/08/2014	02	0,4	222	23,6	64	1001	276	0	1	0,1	1	3	5	62
03/08/2014	03	0,1	356	22,9	69	1001	326	0	1	0,1	1	1	3	59
03/08/2014	04	0,1	303	22,3	73	1001	351	0	1	0,1	1	1	3	50
03/08/2014	05	0,3	288	22,1	72	1002	354	0	1	0,1	1	1	2	55
03/08/2014	06	0,2	290	22	73	1002	368	0	1	0,1	1	1	2	52
03/08/2014	07	0,3	306	23	68	1003	478	0	1	0,1	1	1	3	51
03/08/2014	08	0,2	23	25,8	56	1003	640	0	1	0,1	1	1	3	59
03/08/2014	09	0,8	148	28,4	46	1003	909	0	1	0	1	1	3	72
03/08/2014	10	1,1	113	29,8	45	1003	1046	0	1	0	1	3	5	77
03/08/2014	11	2,2	124	30,5	45	1003	1135	0	1	0	1	2	4	84
03/08/2014	12	3,6	123	31	46	1003	1204	0	1	0,1	1	2	3	91
03/08/2014	13	3,4	123	31,3	45	1002	1195	0	1	0,1	1	0	1	88
03/08/2014	14	4	126	31,1	46	1002	1132	0	1	0,1	1	0	0	88
03/08/2014	15	3,8	124	31	49	1002	1018	0	1	0,1	1	0	0	88
03/08/2014	16	3,6	125	30,4	52	1002	858	0	1	0,1	1	0	0	84
03/08/2014	17	3,1	124	29,9	54	1002	704	0	1	0,1	1	0	0	84
03/08/2014	18	2,3	123	28,3	60	1002	414	0	1	0,1	1	0	0	82
03/08/2014	19	1,1	150	27,1	64	1002	329	0	1	0,1	1	1	3	78
03/08/2014	20	0,2	240	26,4	67	1003	320	0	1	0,1	1	3	4	76
03/08/2014	21	0,2	301	26,2	68	1004	333	0	1	0	1	2	3	73
03/08/2014	22	0,5	280	25,7	69	1004	392	0	1	0	1	1	2	72
03/08/2014	23	0,4	346	25,2	72	1004	340	0	1	0	1	2	3	65
04/08/2014	00	0,2	306	25	75	1005	320	0	1	0	1	2	4	62
04/08/2014	01	0,2	331	24,7	76	1004	346	0	1	0	1	2	3	62
04/08/2014	02	0,2	333	24,6	76	1004	342	0	1	0	1	2	4	59
04/08/2014	03	0,3	285	23,8	77	1005	343	0	1	0	1	4	5	43
04/08/2014	04	0,3	296	23,5	78	1004	340	0	1	0,1	1	3	5	41
04/08/2014	05	0,3	292	22,8	79	1005	344	0	1	0,1	2	12	15	12
04/08/2014	06	0,3	299	23	78	1005	358	0	1	0,1	5	16	23	6
04/08/2014	07	1,1	289	23,6	72	1006	446	0	1	0,1	5	14	21	11
04/08/2014	08	0,5	303	26,3	62	1006	641	0	1	0,1	4	12	18	28
04/08/2014	09	0,5	159	28,3	55	1006	814	0	1	0	2	4	6	62
04/08/2014	10	1	120	29,4	52	1006	804	0	1	0	2	5	9	67
04/08/2014	11	2,3	122	30,7	51	1006	998	0	1	0	2	4	7	72
04/08/2014	12	2,8	122	30,8	51	1006	1052	0,2	1	0	1	1	2	85
04/08/2014	13	3,5	127	31,6	48	1005	1170	0	1	0	1	0	1	86
04/08/2014	14	3,9	125	31,5	49	1005	1097	0	1	0,1	1	0	0	81
04/08/2014	15	3	126	31,2	48	1005	991	0	1	0,1	1	0	0	79
04/08/2014	16	3,1	127	31	48	1004	789	0	1	0,1	1	0	1	73
04/08/2014	17	3,1	124	29,9	53	1004	528	0	1	0,1	1	0	1	69
04/08/2014	18	1,4	145	28	62	1004	399	0	1	0,1	1	2	3	67
04/08/2014	19	0,8	212	27,2	65	1005	365	0	1	0,1	1	5	7	63
04/08/2014	20	0,7	237	26,6	66	1006	365	0	1	0,1	1	3	4	69
04/08/2014	21	0,3	257	26,2	66	1007	317	0	1	0	1	1	3	68
04/08/2014	22	0,2	132	25,8	69	1007	420	0	1	0	1	1	2	67
04/08/2014	23	0,1	128	25,5	71	1007	391	0	1	0	1	1	2	66
05/08/2014	00	0,1	355	25,5	70	1007	386	0	1	0	1	2	3	63
05/08/2014	01	0,1	345	25,2	71	1007	405	0	1	0	1	2	3	59
05/08/2014	02	0,2	311	24,3	73	1008	424	0	1	0	1	7	9	33
05/08/2014	03	0,4	295	23,8	74	1007	423	0	1	0	1	8	9	24
05/08/2014	04	0,9	296	23,6	74	1007	423	0	1	0	1	7	8	26
05/08/2014	05	0,4	287	23,1	75	1007	421	0	1	0,1	1	7	8	23
05/08/2014	06	0,8	291	23,1	76	1008	444	0	1	0,1	1	7	9	28
05/08/2014	07	1	295	24	73	1008	545	0	1	0,1	6	15	25	16
05/08/2014	08	0,4	306	26,4	64	1009	462	0	1	0	4	11	17	33
05/08/2014	09	0,7	343	28,2	55	1009	590	0	1	0	2	5	8	56
05/08/2014	10	0,6	136	29,2	49	1009	845	0	1	0	1	3	5	69
05/08/2014	11	1,2	126	31,1	45	1008	919	0	1	0	1	2	4	76
05/08/2014	12	3,3	126	31,2	48	1008	1080	0	1	0	1	2	5	72
05/08/2014	13	3,5	126	32	45	1008	1172	0	1	0	1	0	2	73
05/08/2014	14	3,4	124	32,2	44	1007	1113	0	1	0	1	0	1	72
05/08/2014	15	3,5	125	32,3	43	1007	992	0	1	0,1	1	0	0	72
05/08/2014	16	2,7	121	32	42	1007	843	0	1	0	1	0	0	69
05/08/2014	17	2,8	124	31	45	1007	657	0	1	0	1	0	1	66
05/08/2014	18	2,3	120	29,1	53	1007	378	0	1	0	1	0	0	61
05/08/2014	19	1,7	117	27,6	61	1007	275	0	1	0	1	2	3	53
05/08/2014	20	1,6	126	26,7	67	1008	259	0	1	0	1	4	5	45
05/08/2014	21	0,7	132	26,2	70	1009	282	0	1	0	1	2	4	47
05/08/2014	22	0,2	149	26,1	71	1009	322	0	1	0	1	1	2	49
05/08/2014	23	0,1	179	25,8	73	1009	257	0	1	0	1	1	2	46
06/08/2014	00	0,2	234	25,3	75	1009	262	0	1	0	1	3	4	35
06/08/2014	01	0,1	271	25,1	75	1009	299	0	1	0	1	2	4	34
06/08/2014	02	0,2	288	24,8	76	1008	328	0	1	0	1	2	3	31
06/08/2014	03	0,2	284	24,4	76	1008	325	0	1	0	1	3	4	20
06/08/2014	04	0,1	284	24	76	1008	306	0	1	0	1	4	6	18
06/08/2014	05	0,3	286	23,9	76	1008	317	0	1	0	1	4	6	19
06/08/2014	06	0,2	278	24	74	1008	320	0	1	0,1	2	8	11	13
06/08/2014	07	0,5	277	24,9	71	1008	416	0	1	0	3	6	10	20
06/08/2014	08	0,4	297	26,6	65	1008	661	0	1	0	3	6	9	31
06/08/2014	09	0,5	13	27,7	61	1008	676	0	1	0	1	2	4	51
06/08/2014	10	1,6	133	30,5	51	1008	990	0	1	0	1	0	2	65
06/08/2014	11	2,3	124	31,8	47	1008	1129	0	1	0	1	0	2	74
06/08/2014	12	3,4	129	32,2	47	1007	1129	0	1	0	1	0	1	80
06/08/2014	13	3,8	123	32,5	46	1006	1164	0	1	0,1	1	0	1	75
06/08/2014	14	4,6	124	32,1	49	1005	1113	0	1	0,1	1	0	1	76
06/08/2014	15	4,2	124	32	49	1005	992	0	1	0,1	1	0	0	75
06/08/2014	16	2,4	132	32,2	51	1004	843	0	1	0	1	0	1	70
06/08/2014	17	1,2	203	31,3	55	1004	664	0	1	0	2	4	6	65
06/08/2014	18	0,9	177	29,2	62	1005	419	0	1	0	1	5	7	66
06/08/2014	19	0,9	193	27,7	68	1005	351	0	1	0	1	5	7	60
06/08/2014	20	0,5	220	27	70	1005	326	0	1	0	1	3	4	58
06/08/2014	21	0,5	285	27	70	1006	366	0	1	0	1	2	4	54
06/08/2014	22	0,7	323	26,7	70	1007	405	0	1	0	1	1	2	54
06/08/2014	23	0,4	303	26,2	73	1007	367	0	1	0	1	0	2	52
07/08/2014	00	0,2	359	25,9	75	1007	357	0	1	0	1	0	1	47
07/08/2014	01	0,1	306	25,6	75	1007	381	0	1	0	1	1	2	43
07/08/2014	02	0,2	291	24,9	77	1006	387	0	1	0	1	3	5	29
07/08/2014	03	1	296	24,2	80	1006	407	0	1	0	1	5	7	22
07/08/2014	04	0,2	304	24	80	1006	417	0	1	0	1	5	6	20
07/08/2014	05	0,1	277	23,9	81	1006	405	0	1	0	1	7	8	16
07/08/2014	06	0,1	290	23,9	81	1006	454	0	1	0	2	7	9	17
07/08/2014	07	0,3	264	25,2	75	1007	604	0	1	0	2	5	8	31
07/08/2014	08	0,4	351	27,1	66	1007	655	0	1	0	2	6	9	40
07/08/2014	09	0,6	335	28,3	59	1007	724	0	1	0	2	4	7	49
07/08/2014	10	0,7	12	30,1	53	1007	852	0	1	0	1	2	4	62
07/08/2014	11	1	112	31	51	1007	810	0	1	0	1	2	4	71
07/08/2014	12	1,1	327	32,4	47	1007	1265	0	1	0	1	2	4	77
07/08/2014	13	1,5	130	33,2	45	1006	1193	0	1	0	1	1	3	81
07/08/2014	14	1,5	136	33,5	44	1005	1119	0	1	0	1	1	3	84
07/08/2014	15	1,7	152	33,7	45	1005	982	0	1	0	1	1	3	80
07/08/2014	16	3,5	131	32	52	1005	818	0	1	0	1	0	1	75
07/08/2014	17	3,1	123	31	50	1004	665	0	1	0	1	0	0	74
07/08/2014	18	2,3	121	29,1	53	1004	382	0	1	0	1	0	1	70
07/08/2014	19	1,8	123	27,7	58	1005	329	0	1	0	1	0	1	60
07/08/2014	20	1,3	126	26,5	68	1005	338	0	1	0	1	1	2	56
07/08/2014	21	0,2	176	26,4	66	1006	405	0	1	0	1	3	5	54
07/08/2014	22	0,3	279	26,3	68	1006	441	0	1	0	1	3	4	57
07/08/2014	23	0,4	341	26,1	70	1006	397	0	1	0	1	1	2	62
08/08/2014	00	0,3	328	26	71	1006	357	0	1	0	1	0	1	64
08/08/2014	01	0,4	302	25,4	73	1005	371	0	1	0	1	1	2	55
08/08/2014	02	0,8	294	24,3	76	1005	407	0	1	0	1	6	7	30
08/08/2014	03	0,5	284	23,9	77	1005	410	0	1	0	1	4	6	26
08/08/2014	04	0,5	291	23,8	77	1005	411	0	1	0	1	3	4	35
08/08/2014	05	0,9	297	24	76	1004	394	0	1	0	1	4	5	34
08/08/2014	06	0,8	285	24,2	73	1005	407	0	1	0	1	7	10	26
08/08/2014	07	1,4	291	24,6	70	1005	492	0	1	0	4	11	16	23
08/08/2014	08	0,8	291	27,2	61	1005	635	0	1	0	2	6	10	40
08/08/2014	09	0,6	109	28,9	57	1005	830	0	1	0	2	5	7	58
08/08/2014	10	0,7	98	30,3	51	1005	939	0	1	0	1	3	5	70
08/08/2014	11	1	92	31,9	44	1004	1064	0	1	0	1	1	3	87
08/08/2014	12	2,7	143	33	45	1003	1108	0	1	0	1	3	5	92
08/08/2014	13	3	129	33,5	45	1003	1109	0	1	0	1	3	5	97
08/08/2014	14	3,4	127	33,3	45	1002	1049	0	1	0,1	1	1	2	108
08/08/2014	15	4,1	126	32,7	46	1001	934	0	1	0,1	1	0	1	104
08/08/2014	16	3,6	121	31,7	50	1001	796	0	1	0,1	1	0	1	94
08/08/2014	17	3	127	31,2	49	1001	637	0	1	0,1	1	0	2	89
08/08/2014	18	2	124	29,2	54	1001	334	0	1	0	1	1	2	89
08/08/2014	19	0,5	168	28,2	60	1001	315	0	1	0	1	6	8	76
08/08/2014	20	0,7	144	27,2	66	1001	306	0	1	0	1	3	5	76
08/08/2014	21	0,2	320	27,1	67	1002	401	0	1	0	1	4	5	74
08/08/2014	22	0,3	359	26,6	68	1002	441	0	1	0	1	2	3	77
08/08/2014	23	0,2	313	26,4	67	1002	399	0	1	0	1	3	5	71
09/08/2014	00	0,1	279	25,6	70	1002	366	0	1	0	1	9	10	47
09/08/2014	01	0,1	250	24,9	73	1002	339	0	1	0	1	8	10	41
09/08/2014	02	0,2	286	24,7	72	1002	389	0	1	0	1	4	6	44
09/08/2014	03	0,3	278	23,9	73	1002	385	0	1	0	1	5	6	39
09/08/2014	04	0,3	305	23,8	72	1002	416	0	1	0	1	4	6	37
09/08/2014	05	0,7	294	23,4	69	1003	409	0	1	0	1	8	9	25
09/08/2014	06	1	285	23,6	68	1003	415	0	1	0	1	7	9	32
09/08/2014	07	1	292	24,5	66	1004	532	0	1	0	2	6	8	40
09/08/2014	08	0,7	294	26,7	61	1004	595	0	1	0	1	6	8	51
09/08/2014	09	0,7	320	28	60	1004	655	0	1	0	2	6	8	65
09/08/2014	10	0,9	144	29,8	57	1004	809	0	1	0	1	3	4	83
09/08/2014	11	1,8	134	30,9	53	1004	874	0	1	0	1	1	2	89
09/08/2014	12	2	126	30,8	54	1003	799	0	1	0	1	1	3	90
09/08/2014	13	2,6	135	31,9	49	1003	959	0	1	0	1	0	2	94
09/08/2014	14	2,9	129	32,7	44	1002	1064	0	1	0	1	0	0	90
09/08/2014	15	2,2	133	33,6	40	1001	961	0	1	0	1	0	1	88
09/08/2014	16	2,7	128	32,9	43	1001	811	0	1	0	1	0	2	85
09/08/2014	17	2,8	125	31,4	51	1001	617	0	1	0	1	1	2	75
09/08/2014	18	2,7	123	28,8	58	1001	341	0	1	0	1	2	3	73
09/08/2014	19	1,8	126	27,7	65	1001	305	0	1	0	1	2	4	69
09/08/2014	20	0,8	132	27	71	1002	323	0	1	0	1	3	5	59
09/08/2014	21	0,5	142	26,8	69	1002	374	0	1	0	1	3	4	63
09/08/2014	22	0,2	7	26,9	69	1002	449	0	1	0	1	1	3	69
09/08/2014	23	0,2	244	26,4	73	1002	354	0	1	0	1	3	5	53
10/08/2014	00	0,1	225	25,7	74	1003	302	0	1	0	1	5	6	40
10/08/2014	01	0,1	228	25,2	74	1002	302	0	1	0	1	5	7	39
10/08/2014	02	0,2	250	24,9	76	1002	351	0	1	0	1	3	4	41
10/08/2014	03	0,2	251	24,4	75	1002	366	0	1	0	1	1	2	49
10/08/2014	04	0,3	277	23,6	67	1002	392	0	1	0	1	2	3	41
10/08/2014	05	0,3	270	22,9	66	1002	374	0	1	0	1	3	5	35
10/08/2014	06	0,3	258	23,2	63	1003	371	0	1	0	1	3	3	47
10/08/2014	07	0,5	284	24,2	62	1003	473	0	1	0	1	2	4	51
10/08/2014	08	0,9	302	27,1	55	1003	736	0	1	0	1	1	3	59
10/08/2014	09	0,9	12	29,4	47	1003	942	0	1	0	1	1	2	68
10/08/2014	10	0,5	66	32,2	39	1003	1072	0	1	0	1	1	3	79
10/08/2014	11	2,4	130	35,4	33	1002	1101	0	1	0	1	0	2	88
10/08/2014	12	3,6	132	35,7	35	1001	1084	0	1	0	1	0	1	90
10/08/2014	13	4,1	127	35,4	40	1001	1064	0	1	0	1	0	1	86
10/08/2014	14	4,4	130	34,9	45	1000	1065	0	1	0,1	1	0	0	84
10/08/2014	15	4,5	127	35,5	41	1000	950	0	1	0,1	1	0	0	83
10/08/2014	16	4,6	133	36,8	31	999	818	0	1	0	1	0	0	85
10/08/2014	17	4,4	134	37,1	24	999	611	0	1	0	1	0	1	80
10/08/2014	18	4	130	34,6	28	999	294	0	1	0	1	0	1	82
10/08/2014	19	1,8	122	32,5	36	999	282	0	1	0	1	0	1	84
10/08/2014	20	0,4	201	29,9	56	1000	328	0	1	0	1	6	7	77
10/08/2014	21	0,4	324	28,2	67	1001	396	0	1	0	1	7	8	67
10/08/2014	22	0,4	256	27,2	73	1002	472	0	1	0	1	10	12	50
10/08/2014	23	0,2	25	26,6	76	1002	444	0	1	0	1	12	13	43
11/08/2014	00	0,2	110	26,3	76	1002	355	0	1	0	1	15	16	32
11/08/2014	01	0,1	222	25,7	78	1002	342	0	1	0	1	14	16	25
11/08/2014	02	0,4	195	25	80	1002	318	0	1	0	1	9	10	27
11/08/2014	03	0,1	216	24,7	81	1002	388	0	1	0	1	9	11	19
11/08/2014	04	0,1	249	24,1	82	1003	426	0	1	0,1	1	8	9	13
11/08/2014	05	0,1	186	24,7	78	1004	407	0	1	0,1	1	10	11	22
11/08/2014	06	0,3	211	25,4	79	1004	434	0	1	0,1	1	8	10	44
11/08/2014	07	0,2	34	26,4	72	1005	545	0	1	0	1	6	8	55
11/08/2014	08	0,6	357	28,6	58	1006	808	0	1	0	1	5	7	60
11/08/2014	09	0,8	103	30,1	54	1006	753	0	1	0	2	4	7	65
11/08/2014	10	1	139	31,8	49	1006	960	0	1	0	1	2	4	77
11/08/2014	11	1,7	134	32,8	46	1006	1011	0	1	0	1	1	2	84
11/08/2014	12	2,7	134	33,2	45	1006	1053	0	1	0	1	0	2	84
11/08/2014	13	3,1	124	33,1	47	1005	1069	0	1	0	1	0	2	84
11/08/2014	14	3	126	32,8	50	1005	942	0	1	0	1	0	1	83
11/08/2014	15	1,9	148	31,9	53	1005	728	0	1	0,1	1	0	1	80
11/08/2014	16	2	149	32,4	50	1004	747	0	1	0,1	1	1	2	74
11/08/2014	17	1,5	165	31,6	52	1004	592	0	1	0,1	1	2	3	70
11/08/2014	18	1,7	128	29,6	59	1004	321	0	1	0,1	1	3	4	67
11/08/2014	19	0,9	136	28,3	64	1005	268	0	1	0	1	2	4	66
11/08/2014	20	0,4	176	27,5	68	1006	286	0	1	0	1	2	4	62
11/08/2014	21	0,3	342	27,1	70	1007	377	0	1	0	1	3	4	60
11/08/2014	22	0,3	338	26,9	71	1007	426	0	1	0	1	2	3	63
11/08/2014	23	0,1	342	26,7	73	1007	356	0	1	0	1	2	4	58
12/08/2014	00	0,3	80	26,7	73	1007	269	0	1	0	1	1	3	60
12/08/2014	01	0,5	131	26,5	73	1007	236	0	1	0	1	0	1	65
12/08/2014	02	0,2	327	26,2	75	1006	311	0	1	0	1	0	1	62
12/08/2014	03	0,1	351	25,9	75	1006	335	0	1	0	1	0	1	62
12/08/2014	04	0,1	356	25,8	75	1006	345	0	1	0	1	0	1	64
12/08/2014	05	0,1	342	25,9	75	1006	334	0	1	0	1	0	1	62
12/08/2014	06	0,1	5	25,9	75	1006	332	0	1	0	1	2	3	59
12/08/2014	07	0,1	315	26,4	73	1006	396	0	1	0,1	1	6	8	52
12/08/2014	08	0,2	140	27	71	1006	459	0	1	0	1	8	10	49
12/08/2014	09	0,3	101	27,6	68	1006	531	0	1	0	1	8	10	52
12/08/2014	10	1,5	111	30,5	55	1006	1013	0	1	0	2	5	7	66
12/08/2014	11	2,5	131	31,8	51	1006	1029	0	1	0	2	2	5	72
12/08/2014	12	2,6	129	33	46	1005	1089	0	1	0	1	0	1	84
12/08/2014	13	2,9	135	33,7	43	1004	1116	0	1	0	1	0	1	86
12/08/2014	14	3,6	121	33,6	43	1003	1032	0	1	0	1	0	0	85
12/08/2014	15	4,4	129	32,9	48	1002	917	0	1	0	1	0	0	77
12/08/2014	16	4,2	128	32,2	48	1002	773	0	1	0	1	0	0	69
12/08/2014	17	3,8	125	31,3	50	1002	625	0	1	0	1	0	0	69
12/08/2014	18	2,6	123	29,6	58	1001	355	0	1	0	1	0	0	69
12/08/2014	19	1,7	119	28,1	68	1001	302	0	1	0	1	0	0	67
12/08/2014	20	0,3	199	27,6	71	1002	341	0	1	0	1	2	3	62
12/08/2014	21	0,3	244	27,3	72	1002	345	0	1	0	1	3	4	62
12/08/2014	22	0,2	225	27,2	68	1002	399	0	1	0	1	3	4	67
12/08/2014	23	0,3	288	26,9	70	1002	392	0	1	0	1	3	4	68
13/08/2014	00	0,2	303	26,3	72	1002	369	0	1	0	1	1	2	69
13/08/2014	01	0,1	270	25,6	75	1001	363	0	1	0	1	3	4	51
13/08/2014	02	0,4	277	25,1	77	1001	378	0	1	0	1	3	5	47
13/08/2014	03	0,4	225	24,7	78	1000	333	0	1	0	1	1	2	52
13/08/2014	04	0,7	217	24,3	80	999	331	0	1	0	1	0	0	53
13/08/2014	05	0,7	225	24,2	75	999	350	0	1	0	1	1	1	44
13/08/2014	06	2,5	215	25,2	56	1000	310	0	1	0	1	5	6	29
13/08/2014	07	2,3	230	26,3	48	1000	347	0	1	0	2	3	5	31
13/08/2014	08	1,2	249	29,7	36	1000	666	0	1	0	2	2	5	37
13/08/2014	09	1,1	299	32,3	31	1001	885	0	1	0	2	4	7	47
13/08/2014	10	1,9	121	33,2	32	1001	970	0	1	0	3	5	9	56
13/08/2014	11	3,2	137	31,7	43	1001	1080	0	1	0	1	1	3	67
13/08/2014	12	2,5	136	31,8	38	1002	1144	0	1	0	1	1	3	66
13/08/2014	13	2,7	133	31,9	36	1002	1148	0	1	0	1	1	2	67
13/08/2014	14	3,4	132	31,4	36	1002	1014	0	1	0	1	0	2	72
13/08/2014	15	2,8	138	31,6	35	1002	970	0	1	0	1	0	2	77
13/08/2014	16	3,4	122	31,1	35	1002	864	0	1	0	1	0	1	78
13/08/2014	17	3,9	126	30,1	38	1002	669	0	1	0	1	0	1	78
13/08/2014	18	3,2	125	28,5	43	1003	429	0	1	0	1	1	3	74
13/08/2014	19	2,6	123	27,3	46	1004	350	0	1	0	1	0	1	79
13/08/2014	20	2,2	124	27	46	1005	313	0	1	0	1	0	2	78
13/08/2014	21	1,9	125	27	45	1006	341	0	1	0	1	0	1	78
13/08/2014	22	2,1	125	26,6	48	1006	372	0	1	0	1	0	0	80
13/08/2014	23	2,4	121	26,1	57	1006	311	0	1	0	1	0	0	79
14/08/2014	00	1,6	118	25,8	57	1007	290	0	1	0	1	0	0	76
14/08/2014	01	0,8	170	25,8	55	1007	308	0	1	0	1	0	0	77
14/08/2014	02	0,9	266	25,1	45	1007	339	0	1	0	1	2	2	64
14/08/2014	03	0,5	247	24,7	37	1007	336	0	1	0	1	2	3	56
14/08/2014	04	0,5	46	24,4	34	1007	344	0	1	0	1	3	4	55
14/08/2014	05	0,2	357	24	34	1007	362	0	1	0	1	3	4	56
14/08/2014	06	0,4	353	24,1	33	1008	402	0	1	0	1	6	8	50
14/08/2014	07							0						
14/08/2014	09	0,8	164	26	36	1009	578	0,1	1	3,6	1	2	2	53
14/08/2014	10	0,7	160	26,1	36	1009	523	0	1	0	1	3	5	63
14/08/2014	11	1,5	142	27,7	32	1009	833	0	1	0	1	1	3	69
14/08/2014	12	2,6	133	29,1	30	1009	1032	0	1	0	1	1	3	74
14/08/2014	13	3,3	132	29,9	30	1008	1147	0	1	0	1	0	1	80
14/08/2014	14	3	128	29,9	33	1008	1063	0	1	0	1	0	0	81
14/08/2014	15	3	127	29,3	38	1008	997	0	1	0	1	0	0	79
14/08/2014	16	3,3	126	28,9	42	1007	826	0	1	0	1	0	0	77
14/08/2014	17	2,9	124	27,7	52	1007	608	0	1	0	1	0	0	76
14/08/2014	18	1,5	126	26,5	59	1007	365	0	1	0	1	0	1	75
14/08/2014	19	1,7	126	25,9	62	1007	311	0	1	0	1	0	1	76
14/08/2014	20	1,6	122	25,4	64	1007	311	0	1	0,1	1	0	1	78
14/08/2014	21	1,1	121	25	66	1008	286	0	1	0	1	0	1	76
14/08/2014	22	0,7	113	25	67	1009	320	0	1	0	1	0	1	76
14/08/2014	23	0,9	119	25,4	68	1009	320	0	1	0	1	0	0	77
15/08/2014	00	0,8	124	25,3	67	1009	297	0	1	0	1	0	0	68
15/08/2014	01							0						
19/08/2014	07	0,5	292	22,1	73	1003	670	0,4	1	3,4	0	0	0	10
19/08/2014	08	0,3	346	25,2	61	1003	713	0	1	0,8	1	4	5	47
19/08/2014	09	1	132	27,8	52	1004	849	0	1	0,1	1	2	4	72
19/08/2014	10	1,2	132	29,4	49	1004	954	0	1	0	1	1	3	80
19/08/2014	11	2,2	125	30,7	47	1004	1043	0	2	0	1	3	5	81
19/08/2014	12	3,2	126	30,7	47	1004	1102	0	1	0	1	0	2	88
19/08/2014	13							0						
21/08/2014	08							0,1						
21/08/2014	09							0						
31/10/2014	12							0,2						
31/10/2014	13	2,3	147	25,9	48	1015	745	0	3	0,2	2	4	7	57
31/10/2014	14	1,9	144	25,3	51	1014	542	0	3	0,1	2	4	6	67
31/10/2014	15							0						
04/11/2014	12							0,1						
04/11/2014	13	2,6	290	20,5	35	988	839	0,2	3	1,2	2	4	6	68
04/11/2014	14	3,2	251	21,1	35	988	786	0	3	0,1	2	4	6	63
04/11/2014	15	3,4	237	19,7	36	988	450	0	3	0,1	2	4	6	64
04/11/2014	16							0						
05/11/2014	14							0,1						
05/11/2014	15	1,7	293	21	26	998	501	0	3	0,9	2	4	6	65
05/11/2014	16	1,7	290	21,1	24	999	439	0	3	0,2	3	6	9	56
05/11/2014	17	1	294	18,7	29	999	194	0	3	0,1	2	8	12	49
05/11/2014	18	0,7	306	17,4	31	1000	149	0	3	0,1	4	17	23	31
05/11/2014	19	0,5	301	16,3	36	1001	131	0	3	0,1	7	24	35	12
05/11/2014	20	1,2	298	15,4	40	1002	132	0	3	0,1	3	12	16	30
05/11/2014	21	0,5	294	14,2	46	1002	138	0	3	0,1	2	10	13	34
05/11/2014	22	0,7	265	14	45	1003	152	0	3	0,1	2	6	8	42
05/11/2014	23	1,1	225	13,3	47	1003	122	0	3	0,1	2	6	8	38
06/11/2014	00	0,4	267	13	47	1003	7	0	3	0,1	2	4	6	45
06/11/2014	01	0,1	290	11,8	53	1003	26	0	3	0,1	2	4	6	40
06/11/2014	02	0,2	248	11,2	56	1003	33	0	3	0,1	2	4	6	38
06/11/2014	03	0,3	241	11,4	53	1003	31	0	3	0,1	2	4	6	41
06/11/2014	04	1	227	11	55	1003	37	0	3	0,1	2	4	6	43
06/11/2014	05	0,5	255	11	55	1004	32	0	3	0,1	2	4	6	45
06/11/2014	06	1,8	227	10,7	56	1004	33	0	3	0,1	2	4	6	41
06/11/2014	07	3,2	219	10,7	56	1005	69	0	3	0,1	2	4	6	38
06/11/2014	08	1,8	243	11,5	54	1006	222	0	3	0,1	4	7	13	34
06/11/2014	09	1,5	227	13,7	48	1006	448	0	3	0,1	4	8	14	32
06/11/2014	10							0						
07/11/2014	16							0,1						
07/11/2014	17	2,4	225	20,9	51	1005	242	0						
07/11/2014	18	2,7	226	20	54	1005	223	0						
07/11/2014	19	2,2	228	19,2	57	1005	243	0						
07/11/2014	20	1,9	238	18,8	59	1006	261	0						
07/11/2014	21	3,2	209	18,3	63	1006	305	0						
07/11/2014	22	2,7	226	18	63	1007	290	0						
07/11/2014	23	0,9	254	17,3	67	1007	229	0						
08/11/2014	00	0,9	249	16,9	70	1007	98	0						
08/11/2014	01	0,6	281	16,5	71	1007	77	0						
08/11/2014	02	0,3	236	15,3	72	1007	102	0						
08/11/2014	03	0,5	257	15,7	72	1007	97	0						
08/11/2014	04	0,9	267	16,1	71	1006	80	0						
08/11/2014	05	0,3	306	15,3	73	1006	75	0						
08/11/2014	06	0,1	292	15,4	72	1006	87	0						
08/11/2014	07	0,1	204	15,3	72	1007	113	0						
08/11/2014	08	0,2	203	16,2	69	1007	254	0						
08/11/2014	09	0,2	291	17,8	64	1007	321	0						
08/11/2014	10	0,8	272	19,8	53	1007	520	0						
08/11/2014	11	2,1	243	20,1	46	1007	587	0						
08/11/2014	12	3,3	229	21,1	36	1005	863	0						
08/11/2014	13	3,3	260	21,6	32	1004	726	0						
08/11/2014	14	2,7	261	20,8	34	1004	546	0						
08/11/2014	15	3,1	266	20,7	32	1003	557	0						
08/11/2014	16	2,9	255	20,1	30	1003	486	0						
08/11/2014	17	2,1	254	18,1	33	1003	296	0						
08/11/2014	18	1,6	269	17	36	1003	285	0						
08/11/2014	19	1,5	253	16,2	41	1003	275	0						
08/11/2014	20	1,4	235	15,8	44	1003	313	0						
08/11/2014	21	1,3	213	15,7	47	1003	330	0						
08/11/2014	22	0,3	257	15,3	51	1003	300	0						
08/11/2014	23	1,8	208	15,1	53	1002	355	0						
09/11/2014	00	1,7	197	14,8	54	1001	221	0						
09/11/2014	01	1,2	177	14,7	56	1001	201	0						
09/11/2014	02	1,9	190	14,7	57	1000	228	0						
09/11/2014	03	1,4	182	14,9	57	1000	234	0						
09/11/2014	04	0,6	202	14,8	60	1000	206	0						
09/11/2014	05	1,8	199	14,8	63	999	215	0						
09/11/2014	06	2,3	201	14,5	65	999	227	0						
09/11/2014	07	1,2	221	14,4	63	999	233	0						
09/11/2014	08	1,8	212	14,2	64	1000	367	0						
09/11/2014	09	0,5	240	14,8	62	1000	380	0						
09/11/2014	10	1,5	230	15,9	57	1000	464	0						
09/11/2014	11	1,7	246	17	52	1000	532	0						
09/11/2014	12	1,6	229	18,3	46	1000	561	0						
09/11/2014	13	1,1	228	18,8	45	999	545	0						
09/11/2014	14	0,4	267	19,9	39	999	449	0						
09/11/2014	15	0,3	199	20,4	36	999	446	0						
09/11/2014	16	1	210	15,9	64	1000	169	4,7						
09/11/2014	17	0,3	247	13,5	85	1001	0	0						
09/11/2014	18	0,3	281	12,6	86	1001	0	0						
09/11/2014	19	0,3	279	12	86	1002	0	0,2						
09/11/2014	20	0,1	272	11,6	87	1003	0	0						
09/11/2014	21	0,1	234	11,2	88	1004	0	0						
09/11/2014	22	0,1	223	10,8	88	1004	2	0						
09/11/2014	23	0,2	247	10,2	87	1004	7	0						
10/11/2014	00	0,3	266	9,6	84	1004	96	0						
10/11/2014	01	1,7	226	9,7	74	1004		0						
10/11/2014	02	1,9	241	9,6	70	1004		0						
10/11/2014	03	1,2	273	9,3	70	1004		0						
10/11/2014	04	1,4	249	9,2	69	1004		0						
10/11/2014	05	2,2	231	8,9	68	1004		0						
10/11/2014	06	2	235	8,7	68	1004		0						
10/11/2014	07	2	237	8,6	67	1005		0						
10/11/2014	08	2,2	236	9	65	1006		0						
10/11/2014	09	1,5	253	11,1	59	1006		0						
10/11/2014	10	1,1	258	14,3	49	1006		0						
10/11/2014	11	0,8	221	16,9	40	1006		0						
10/11/2014	12	1,2	191	18,5	34	1005		0						
10/11/2014	13	1,3	144	20	30	1004		0						
10/11/2014	14	2,1	139	20	33	1004		0						
10/11/2014	15	1,8	141	19,9	32	1003		0						
10/11/2014	16	1,8	133	19,4	33	1003		0						
10/11/2014	17	1,7	144	15,7	47	1003		0						
10/11/2014	18	1,6	159	13,8	57	1004		0						
10/11/2014	19	1,1	174	13,2	54	1004		0						
10/11/2014	20	0,1	269	12,1	53	1004		0						
10/11/2014	21	1,7	223	12,6	47	1004		0						
10/11/2014	22	1	227	12,1	48	1004		0						
10/11/2014	23	1,1	185	11	53	1004		0						
11/11/2014	00	0,8	243	10,8	54	1003		0						
11/11/2014	01	2,5	218	10,7	55	1003		0						
11/11/2014	02	2,6	214	10,9	54	1002		0						
11/11/2014	03	1,3	252	10,6	56	1001		0						
11/11/2014	04	1,1	245	10,9	55	1001		0						
11/11/2014	05	0,4	289	11,4	54	1000		0						
11/11/2014	06	0,2	244	11,8	53	999		0						
11/11/2014	07	0,6	236	11,9	53	999		0						
11/11/2014	08	0,8	243	12,2	55	999		0						
11/11/2014	09	1,4	222	12,1	65	999		0,4						
11/11/2014	10	0,4	246	10,8	84	999		1,6						
11/11/2014	11	0,2	245	10,7	87	998		1,1						
11/11/2014	12	0,1	209	10,9	89	998		1,4						
11/11/2014	13	0,3	254	11,3	89	997		0,4						
11/11/2014	14	0,3	294	11,9	89	995		0						
11/11/2014	15	0,5	291	11,5	90	996		2,2						
11/11/2014	16	0,2	252	12,4	88	995		0						
11/11/2014	17	0,3	244	11,9	89	995		0						
11/11/2014	18	0,8	228	11,6	90	995		1,8						
11/11/2014	19	0,1	257	10,8	91	995		0						
11/11/2014	20	0,1	282	10,4	91	995		0						
11/11/2014	21	0,3	293	10,2	91	996		0						
11/11/2014	22	0,4	147	10	92	996		0						
11/11/2014	23	1,4	199	11,5	90	997		0,2						
12/11/2014	00	1,4	211	13	79	997		0						
12/11/2014	01	1,9	219	13,5	73	997		0						
12/11/2014	02	2,5	235	14,1	68	997		0						
12/11/2014	03	3,7	221	14,5	65	997		0						
12/11/2014	04	2,1	197	14,3	64	998		0						
12/11/2014	05	3,4	208	14,3	65	998		0						
12/11/2014	06	3,4	208	14,3	66	999		0						
12/11/2014	07	3,9	209	14,2	65	1000		0						
12/11/2014	08	3,4	204	14,3	66	1001		0						
12/11/2014	09	3,2	201	15,7	62	1002		0						
12/11/2014	10	3	195	17,1	58	1002		0						
12/11/2014	11	3,4	207	17,7	54	1002		0						
12/11/2014	12	3,8	203	18,4	54	1002		0						
12/11/2014	13	3,8	192	19,1	54	1002		0						
12/11/2014	14	2,6	209	19,4	51	1002		0						
12/11/2014	15	2,4	223	20,9	43	1002		0						
12/11/2014	16	2,4	225	20,8	44	1002		0						
12/11/2014	17	2	216	18,9	50	1003		0						
12/11/2014	18	2	205	17,8	54	1003		0						
12/11/2014	19	0,7	215	16,8	57	1004		0						
12/11/2014	20	1,6	224	16,4	57	1004		0						
12/11/2014	21	0,4	205	15,3	62	1006		0						
12/11/2014	22	1,2	234	15,2	62	1006		0						
12/11/2014	23	2	221	14,6	65	1006		0						
13/11/2014	00	2,4	202	14	67	1006		0						
13/11/2014	01	2,1	205	14,1	67	1006		0						
13/11/2014	02	3	208	13,9	67	1006		0						
13/11/2014	03	2,8	209	13,6	68	1006		0						
13/11/2014	04	3,3	207	13,2	69	1006		0						
13/11/2014	05	3,6	207	13	71	1006		0						
13/11/2014	06	4,2	198	13,3	71	1006		0						
13/11/2014	07	2,6	209	13,2	70	1006		0						
13/11/2014	08	3	203	13,7	68	1006		0						
13/11/2014	09	3,6	200	15,7	63	1006		0						
13/11/2014	10	4,1	205	18,2	58	1006		0						
13/11/2014	11	4,3	206	20	54	1006		0						
13/11/2014	12	3,1	211	22,1	48	1005		0						
13/11/2014	13	3,4	223	23,2	43	1004		0						
13/11/2014	14	2,5	248	24	39	1003		0						
13/11/2014	15	2,6	250	24,5	37	1002		0						
13/11/2014	16	2,6	221	23,2	43	1003		0						
13/11/2014	17	2,2	207	21,4	50	1003		0						
13/11/2014	18	0,4	190	19,7	58	1003		0						
13/11/2014	19	0,2	188	18,4	64	1003		0						
13/11/2014	20	0,8	208	18,4	64	1003		0						
13/11/2014	21	1,5	189	18,9	61	1003		0						
13/11/2014	22	1,5	193	18,7	61	1003		0						
13/11/2014	23	0,6	210	17,8	64	1002		0						
14/11/2014	00	1	254	17,6	65	1002		0						
14/11/2014	01	0,7	262	17,4	65	1002		0						
14/11/2014	02	0,7	272	17,1	67	1001		0						
14/11/2014	03	0,2	240	16,5	69	1001		0						
14/11/2014	04	0,2	224	16,1	70	1000		0						
14/11/2014	05	0,4	223	16,1	69	1000		0						
14/11/2014	06	0,5	225	16,9	66	1000		0						
14/11/2014	07	0,4	302	17	66	1000		0						
14/11/2014	08	0,4	278	17,1	68	1000		0						
14/11/2014	09	0,9	221	17	74	1000		0,1						
14/11/2014	10	0,6	222	17	78	1000		0,2	3	0,1				20
14/11/2014	11	0,3	261	18,5	73	999		0	3	0,1				17
14/11/2014	12	0,7	234	22	59	999		0	3	0,1				30
14/11/2014	13	1,6	153	24,6	49	998		0	3	0,1				47
14/11/2014	14	2,1	146	25,3	46	997		0	3	0,1				51
14/11/2014	15	2,4	158	24,3	48	996		0	3	0,1				52
14/11/2014	16	2,5	287	23,3	49	997		0	3	0,1				45
14/11/2014	17	1,3	271	20,7	56	997		0	3	0,1				45
14/11/2014	18	1,7	269	19,3	60	998		0	3	0,1				46
14/11/2014	19	1,5	255	18,6	61	998		0	3	0,1				45
14/11/2014	20	2,8	247	18	62	998		0	3	0,1				57
14/11/2014	21	2,4	243	17,6	62	999		0	3	0,1				59
14/11/2014	22	1	199	16,7	65	999		0	3	0,1				55
14/11/2014	23	2	266	17,1	60	999		0	3	0,1				60
15/11/2014	00	1,3	232	16,8	59	999		0	3	0,1				60
15/11/2014	01	2	251	16,4	58	999		0	3	0,1				65
15/11/2014	02	1,7	219	16	58	1000		0	3	0,1				63
15/11/2014	03	2,2	206	15,8	57	1000		0	3	0,1				68
15/11/2014	04	2,2	224	15,1	63	999		0	3	0,1				67
15/11/2014	05	1,2	234	14,3	65	999		0	3	0,1				61
15/11/2014	06	1,7	263	14,4	62	1000		0	3	0,1				59
15/11/2014	07	2,5	257	14,8	59	1000		0	3	0,1				61
15/11/2014	08	2,8	287	14,8	58	1001		0	3	0,1				58
15/11/2014	09	4	284	15,6	52	1002		0	3	0,1				61
15/11/2014	10	4	277	16,9	46	1003		0	3	0,1				62
15/11/2014	11	5,1	285	17,5	43	1003		0	3	0,1				62
15/11/2014	12	5,1	288	18,4	38	1003		0	3	0,1				62
15/11/2014	13	5,3	277	18,7	36	1002		0	3	0,1				64
15/11/2014	14	4,7	270	18,9	34	1002	746	0	3	0,1	4	29	34	50
