Red: Red de Vigilancia y Control de la Contaminación Atmosférica
Estación: 03009006-Alcoi - Verge dels Lliris
	
FECHA	HORA	SO2	CO	NO	NO2	NOx	O3
		µg/m³	mg/m³	µg/m³	µg/m³	µg/m³	µg/m³
01/01/2025	00	3	0,1	3	8	13	60
01/01/2025	01	3	0,1	3	9	14	57
01/01/2025	02	3	0,1	3	9	14	59
01/01/2025	03	3	0,1	3	7	11	58
01/01/2025	04	3	0,1	3	6	11	58
01/01/2025	05	3	0,1	3	5	10	58
01/01/2025	06	3	0,1	3	5	10	61
01/01/2025	07	3	0,1	3	5	9	60
01/01/2025	08	3	0,1	3	5	9	64
01/01/2025	09	3	0,1	3	6	11	64
01/01/2025	10	3	0,1	3	7	12	62
01/01/2025	11	3	0,1	3	7	12	62
01/01/2025	12	4	0,1	3	8	13	64
01/01/2025	13	3	0,1	3	8	12	69
01/01/2025	14	3	0,1	3	9	13	64
01/01/2025	15	3	0,1	3	7	11	66
01/01/2025	16	3	0,1	3	8	12	66
01/01/2025	17	4	0,1	3	8	12	64
01/01/2025	18	3	0,1	3	11	15	58
01/01/2025	19	3	0,1	3	12	16	57
01/01/2025	20	3	0,1	3	11	15	57
01/01/2025	21	4	0,1	3	13	18	42
01/01/2025	22	4	0,1	3	20	24	33
01/01/2025	23	4	0,1	3	19	24	31
02/01/2025	00	3	0,1	3	15	19	30
02/01/2025	01	3	0,1	3	12	16	30
02/01/2025	02	3	0,1	3	7	11	35
02/01/2025	03	3	0,1	3	5	10	35
02/01/2025	04	3	0,1	3	5	10	37
02/01/2025	05	3	0,1	3	5	9	39
02/01/2025	06	3	0,1	3	8	13	39
02/01/2025	07	3	0,1	3	7	11	36
02/01/2025	08	3	0,1	3	10	14	34
02/01/2025	09	3	0,1	3	10	14	36
02/01/2025	10	3	0,1	3	11	15	44
02/01/2025	11	3	0,1	3	13	17	53
02/01/2025	12	3	0,1	3	13	18	52
02/01/2025	13	3	0,1	2	10	13	68
02/01/2025	14	3	0,1	2	6	9	79
02/01/2025	15	3	0,1	3	7	10	80
02/01/2025	16	3	0,1	3	8	13	78
02/01/2025	17	3	0,1	3	12	17	69
02/01/2025	18	3	0,1	3	18	22	58
02/01/2025	19	3	0,1	3	24	28	47
02/01/2025	20	3	0,1	3	26	30	44
02/01/2025	21	3	0,1	3	22	27	52
02/01/2025	22	3	0,1	3	9	14	73
02/01/2025	23	3	0,1	3	7	12	75
03/01/2025	00	3	0,1	3	10	14	74
03/01/2025	01	3	0,1	3	7	11	75
03/01/2025	02	3	0,1	3	6	10	76
03/01/2025	03	3	0,1	3	7	11	73
03/01/2025	04	3	0,1	3	6	10	72
03/01/2025	05	3	0,1	3	7	11	69
03/01/2025	06	3	0,1	3	7	11	68
03/01/2025	07	3	0,1	3	9	13	67
03/01/2025	08	3	0,1	3	11	15	69
03/01/2025	09	3	0,1	3	9	13	73
03/01/2025	10	3	0,1	3	8	12	76
03/01/2025	11	3	0,1	3	8	12	77
03/01/2025	12	3	0,1	3	7	12	80
03/01/2025	13	3	0,1	2	7	10	82
03/01/2025	14	3	0,1	2	6	10	82
03/01/2025	15	3	0,1	2	7	10	80
03/01/2025	16	4	0,1	2	7	11	81
03/01/2025	17	3	0,1	3	12	16	77
03/01/2025	18	3	0,1	3	11	15	79
03/01/2025	19	3	0,3	3	8	12	80
03/01/2025	20	3	0,2	3	11	15	76
03/01/2025	21	3	0,1	3	10	14	75
03/01/2025	22	3	0,1	3	8	12	74
03/01/2025	23	3	0,1	3	12	16	63
04/01/2025	00	3	0,1	3	9	13	71
04/01/2025	01	3	0,1	3	6	10	74
04/01/2025	02	3	0,1	3	8	12	74
04/01/2025	03	3	0,6	3	10	14	71
04/01/2025	04	3	0,1	3	9	13	73
04/01/2025	05	3	0,1	3	5	9	76
04/01/2025	06	3	0,1	3	10	14	71
04/01/2025	07	3	0,1	3	9	13	70
04/01/2025	08	3	0,1	3	9	13	70
04/01/2025	09	3	0,1	3	8	13	69
04/01/2025	10	3	0,1	3	9	13	71
04/01/2025	11	3	0,1	3	8	12	72
04/01/2025	12	3	0,1	2	10	13	72
04/01/2025	13	3	0,1	2	10	14	76
04/01/2025	14	3	0,1	2	9	12	80
04/01/2025	15	3	0,1	2	7	11	84
04/01/2025	16	3	0,1	2	7	10	88
04/01/2025	17	3	0,1	3	10	14	81
04/01/2025	18	3	0,1	3	20	24	63
04/01/2025	19	4	0,1	3	16	20	66
04/01/2025	20	3	0,1	3	21	25	56
04/01/2025	21	3	0,1	3	18	22	59
04/01/2025	22	3	0,1	3	13	17	71
04/01/2025	23	3	0,1	4	16	21	72
05/01/2025	00	3	0,1	3	8	12	74
05/01/2025	01	3	0,1	3	7	11	75
05/01/2025	02	3	0,1	3	7	11	69
05/01/2025	03	3	0,1	3	6	10	68
05/01/2025	04	3	0,1	3	4	8	76
05/01/2025	05	3	0,1	3	4	8	73
05/01/2025	06	3	0,1	3	4	8	73
05/01/2025	07	3	0,1	3	5	9	71
05/01/2025	08	3	0,1	3	8	11	64
05/01/2025	09	3	0,1	3	11	14	64
05/01/2025	10	3	0,1	3	12	16	69
05/01/2025	11	3	0,1	3	7	11	85
05/01/2025	12	3	0,1	3	5	10	89
05/01/2025	13	4	0,1	3	5	9	90
05/01/2025	14	3	0,1	2	6	9	89
05/01/2025	15	3	0,1	3	5	9	87
05/01/2025	16	3	0,1	3	5	9	86
05/01/2025	17	4	0,1	3	8	12	80
05/01/2025	18	4	0,1	3	20	24	63
05/01/2025	19	4	0,1	3	16	20	63
05/01/2025	20	4	0,1	3	19	23	57
05/01/2025	21	3	0,1	3	16	20	62
05/01/2025	22	3	0,1	3	20	23	56
05/01/2025	23	3	0,1	3	17	21	60
06/01/2025	00	4	0,1	3	9	13	72
06/01/2025	01	4	0,1	3	7	11	75
06/01/2025	02	3	0,1	3	7	11	72
06/01/2025	03	4	0,1	3	5	9	73
06/01/2025	04	4	0,1	3	5	9	71
06/01/2025	05	4	0,1	3	5	9	72
06/01/2025	06	4	0,1	3	5	9	72
06/01/2025	07	4	0,1	3	7	11	72
06/01/2025	08	4	0,1	3	6	10	82
06/01/2025	09	3	0,1	3	4	8	82
06/01/2025	10	3	0,1	3	6	10	80
06/01/2025	11	3	0,1	3	7	11	80
06/01/2025	12	3	0,1	3	5	9	84
06/01/2025	13	3	0,1	3	5	9	82
06/01/2025	14	3	0,1	3	5	8	83
06/01/2025	15	3	0,1	3	4	8	81
06/01/2025	16	3	0,1	3	4	8	80
06/01/2025	17	3	0,1	3	5	9	76
06/01/2025	18	3	0,1	3	5	9	76
06/01/2025	19	3	0,1	3	6	10	78
06/01/2025	20	3	0,1	3	6	10	77
06/01/2025	21	3	0,1	3	6	10	77
06/01/2025	22	3	0,1	3	4	8	77
06/01/2025	23	3	0,1	3	4	8	76
07/01/2025	00	3	0,1	3	4	8	75
07/01/2025	01	3	0,1	3	4	8	74
07/01/2025	02	3	0,1	3	4	8	72
07/01/2025	03	3	0,1	2	4	7	71
07/01/2025	04	3	0,1	2	4	7	70
07/01/2025	05	3	0,1	2	4	7	74
07/01/2025	06	3	0,1	2	4	7	73
07/01/2025	07	3	0,1	2	5	8	72
07/01/2025	08	3	0,1	2	11	14	66
07/01/2025	09	3	0,1	2	14	18	63
07/01/2025	10	3	0,1	3	9	13	72
07/01/2025	11	3	0,1	3	5	9	77
07/01/2025	12	3	0,1	2	5	8	76
07/01/2025	13	3	0,1	2	4	8	76
07/01/2025	14	3	0,1	2	4	7	77
07/01/2025	15	3	0,1	2	5	8	79
07/01/2025	16	3	0,1	2	5	9	79
07/01/2025	17	3	0,1	2	7	10	75
07/01/2025	18	3	0,1	2	7	11	73
07/01/2025	19	4	0,1	2	8	12	73
07/01/2025	20	4	0,1	2	11	15	70
07/01/2025	21	3	0,1	2	11	15	71
07/01/2025	22	3	0,1	3	6	10	74
07/01/2025	23	3	0,1	2	6	9	73
08/01/2025	00	3	0,1	2	5	8	74
08/01/2025	01	3	0,1	2	5	9	72
08/01/2025	02	3	0,1	3	4	8	72
08/01/2025	03	3	0,1	3	4	8	69
08/01/2025	04	3	0,1	3	5	9	71
08/01/2025	05	3	0,1	3	6	10	72
08/01/2025	06	3	0,1	3	7	10	64
08/01/2025	07	3	0,1	3	12	16	62
08/01/2025	08	3	0,1	3	14	19	68
08/01/2025	09	3	0,1	3	13	18	71
08/01/2025	10	3	0,1	3	12	17	72
08/01/2025	11	3	0,1	3	9	14	76
08/01/2025	12	3	0,1	3	6	11	76
08/01/2025	13	3	0,1	3	8	13	75
08/01/2025	14	3	0,1	3	8	13	76
08/01/2025	15	3	0,1	3	7	12	77
08/01/2025	16	3	0,1	3	7	12	76
08/01/2025	17	3	0,1	3	14	18	67
08/01/2025	18	3	0,1	3	31	36	55
08/01/2025	19	3	0,1	3	16	21	71
08/01/2025	20	3	0,1	3	9	14	77
08/01/2025	21	3	0,1	3	8	12	78
08/01/2025	22	3	0,1	3	8	13	83
08/01/2025	23	3	0,1	3	7	12	84
09/01/2025	00	3	0,1	3	5	9	81
09/01/2025	01	3	0,1	3	5	9	82
09/01/2025	02	3	0,1	3	5	9	81
09/01/2025	03	3	0,1	3	4	9	80
09/01/2025	04	3	0,1	3	4	9	79
09/01/2025	05	3	0,1	3	4	9	79
09/01/2025	06	3	0,1	3	5	9	77
09/01/2025	07	3	0,1	3	6	10	74
09/01/2025	08	3	0,1	3	7	11	72
09/01/2025	09	3	0,1	3	7	11	72
09/01/2025	10	3	0,1	3	7	11	73
09/01/2025	11	3	0,1	3	7	12	72
09/01/2025	12	3	0,1	3	7	11	74
09/01/2025	13	3	0,1	3	6	11	74
09/01/2025	14	3	0,1	3	5	10	75
09/01/2025	15	3	0,1	3	5	9	75
09/01/2025	16	3	0,1	3	6	10	75
09/01/2025	17	3	0,1	3	7	12	72
09/01/2025	18	3	0,1	3	8	13	70
09/01/2025	19	3	0,1	3	11	16	68
09/01/2025	20	3	0,1	3	6	11	70
09/01/2025	21	3	0,1	3	6	10	70
09/01/2025	22	3	0,1	3	5	10	69
09/01/2025	23	3	0,1	3	4	9	68
10/01/2025	00	3	0,1	3	4	9	68
10/01/2025	01	3	0,1	3	4	9	67
10/01/2025	02	3	0,1	3	5	9	64
10/01/2025	03	3	0,1	3	4	9	66
10/01/2025	04	3	0,1	3	5	10	61
10/01/2025	05	3	0,1	3	5	9	61
10/01/2025	06	3	0,1	3	7	11	59
10/01/2025	07	3	0,1	3	13	17	53
10/01/2025	08	3	0,1	3	13	17	53
10/01/2025	09	3	0,1	3	12	16	54
10/01/2025	10	3	0,1	3	9	14	60
10/01/2025	11	3	0,1	3	8	13	65
10/01/2025	12	3	0,1	3	6	10	71
10/01/2025	13	3	0,1	3	5	9	71
10/01/2025	14	3	0,1	3	5	9	72
10/01/2025	15	3	0,1	2	4	8	73
10/01/2025	16	3	0,1	3	6	10	72
10/01/2025	17	3	0,1	3	8	12	68
10/01/2025	18	3	0,1	3	12	17	63
10/01/2025	19	3	0,1	3	12	17	63
10/01/2025	20	3	0,1	3	18	22	58
10/01/2025	21	3	0,1	3	9	13	65
10/01/2025	22	4	0,1	3	6	10	68
10/01/2025	23	4	0,1	3	5	10	72
11/01/2025	00	3	0,1	3	5	9	72
11/01/2025	01	3	0,1	3	5	9	70
11/01/2025	02	3	0,1	3	8	12	59
11/01/2025	03	3	0,1	3	9	13	60
11/01/2025	04	4	0,1	3	6	10	66
11/01/2025	05	4	0,1	3	4	9	70
11/01/2025	06	3	0,1	3	4	9	72
11/01/2025	07	3	0,1	3	4	9	69
11/01/2025	08	3	0,1	3	4	9	68
11/01/2025	09	3	0,1	3	5	9	69
11/01/2025	10	3	0,1	3	6	10	64
11/01/2025	11	3	0,1	3	6	11	62
11/01/2025	12	3	0,1	3	5	10	66
11/01/2025	13	3	0,1	3	5	10	67
11/01/2025	14	3	0,1	3	4	8	68
11/01/2025	15	3	0,1	3	4	8	68
11/01/2025	16	3	0,1	3	4	8	68
11/01/2025	17	3	0,1	3	4	9	70
11/01/2025	18	3	0,1	3	5	9	70
11/01/2025	19	3	0,1	3	6	10	71
11/01/2025	20	3	0,1	3	8	12	70
11/01/2025	21	3	0,1	3	10	15	67
11/01/2025	22	3	0,1	3	8	13	72
11/01/2025	23	3	0,1	3	5	9	80
12/01/2025	00	3	0,1	3	5	9	83
12/01/2025	01	3	0,1	3	4	9	83
12/01/2025	02	3	0,1	3	4	9	82
12/01/2025	03	3	0,1	3	5	9	82
12/01/2025	04	3	0,1	3	4	9	82
12/01/2025	05	3	0,1	3	5	9	82
12/01/2025	06	3	0,1	3	5	9	81
12/01/2025	07	3	0,1	3	4	9	81
12/01/2025	08	4	0,1	3	4	9	81
12/01/2025	09	3	0,1	3	5	9	80
12/01/2025	10	3	0,1	3	5	9	81
12/01/2025	11	3	0,1	3	5	9	79
12/01/2025	12	3	0,1	3	4	8	78
12/01/2025	13	3	0,1	3	4	8	78
12/01/2025	14	3	0,1	3	4	8	81
12/01/2025	15	3	0,1	3	4	8	82
12/01/2025	16	3	0,1	3	4	8	82
12/01/2025	17	3	0,1	3	6	10	79
12/01/2025	18	3	0,1	3	11	16	71
12/01/2025	19	3	0,1	3	21	26	55
12/01/2025	20	3	0,1	3	18	22	55
12/01/2025	21	3	0,1	3	13	17	51
12/01/2025	22	3	0,1	3	12	16	51
12/01/2025	23	3	0,1	3	8	12	55
13/01/2025	00	3	0,1	3	6	10	54
13/01/2025	01	3	0,1	3	8	12	55
13/01/2025	02	3	0,1	3	5	9	55
13/01/2025	03	3	0,1	3	5	9	54
13/01/2025	04	3	0,1	3	4	9	51
13/01/2025	05	3	0,1	3	4	8	50
13/01/2025	06	3	0,1	3	5	9	47
13/01/2025	07	3	0,1	2	10	14	43
13/01/2025	08	3	0,1	2	14	17	40
13/01/2025	09	3	0,1	3	13	17	42
13/01/2025	10	3	0,1	3	12	16	58
13/01/2025	11	3	0,1	3	5	9	77
13/01/2025	12	3	0,1	3	4	8	79
13/01/2025	13	3	0,1	2	5	8	78
13/01/2025	14	3	0,1	2	7	10	78
13/01/2025	15	3	0,1	2	6	9	80
13/01/2025	16	3	0,1	2	8	11	78
13/01/2025	17	3	0,1	2	16	20	68
13/01/2025	18	3	0,1	3	21	24	63
13/01/2025	19	3	0,1	3	19	23	58
13/01/2025	20	3	0,1	2	25	29	43
13/01/2025	21	3	0,1	2	18	21	43
13/01/2025	22	3	0,1	2	12	15	44
13/01/2025	23	3	0,1	2	7	11	45
14/01/2025	00	3	0,1	2	7	10	45
14/01/2025	01	3	0,1	2	8	12	44
14/01/2025	02	3	0,1	2	6	9	45
14/01/2025	03	3	0,1	2	10	13	43
14/01/2025	04	3	0,1	2	6	9	46
14/01/2025	05	3	0,1	2	5	8	45
14/01/2025	06	3	0,1	2	11	15	41
14/01/2025	07	3	0,1	2	16	20	34
14/01/2025	08	3	0,1	2	23	26	30
14/01/2025	09	3	0,1	2	20	24	35
14/01/2025	10	4	0,1	2	18	22	46
14/01/2025	12	3	0,1	3	7	11	74
14/01/2025	13	3	0,1	3	7	11	74
14/01/2025	14	4	0,1	2	7	10	77
14/01/2025	15	4	0,1	2	6	10	80
14/01/2025	16	4	0,1	2	7	10	80
14/01/2025	17	4	0,1	3	14	18	74
14/01/2025	18	4	0,1	3	37	41	47
14/01/2025	19	4	0,1	3	26	30	52
14/01/2025	20	3	0,1	3	17	21	56
14/01/2025	21	3	0,1	2	15	19	57
14/01/2025	22	3	0,1	2	10	14	59
14/01/2025	23	3	0,1	2	7	10	62
15/01/2025	00	3	0,1	2	5	9	64
15/01/2025	01	3	0,1	2	4	7	66
15/01/2025	02	3	0,1	2	4	7	68
15/01/2025	03	3	0,1	2	7	10	66
15/01/2025	04	3	0,1	2	9	13	64
15/01/2025	05	4	0,1	2	9	13	62
15/01/2025	06	3	0,1	2	10	13	60
15/01/2025	07	3	0,1	2	19	23	57
15/01/2025	08	4	0,1	2	27	31	52
15/01/2025	09	3	0,1	2	27	31	51
15/01/2025	10	3	0,1	3	26	30	54
15/01/2025	11	3	0,1	4	26	32	57
15/01/2025	12	3	0,1	2	19	23	65
15/01/2025	13	3	0,1	2	11	14	71
15/01/2025	14	3	0,1	2	8	10	76
15/01/2025	15	4	0,1	2	9	12	77
15/01/2025	16	3	0,1	2	12	15	75
15/01/2025	17	3	0,1	3	21	25	66
15/01/2025	18	3	0,1	3	46	51	40
15/01/2025	19	3	0,1	3	42	46	45
15/01/2025	20	3	0,1	3	43	47	44
15/01/2025	21	3	0,1	2	25	29	53
15/01/2025	22	3	0,1	2	19	22	58
15/01/2025	23	3	0,1	2	13	17	61
16/01/2025	00	3	0,1	2	6	10	62
16/01/2025	01	3	0,1	2	4	8	61
16/01/2025	02	3	0,1	2	4	7	58
16/01/2025	03	3	0,1	2	4	7	54
16/01/2025	04	3	0,1	2	4	7	55
16/01/2025	05	3	0,1	2	4	8	52
16/01/2025	06	3	0,1	2	8	11	48
16/01/2025	07	3	0,1	2	16	19	40
16/01/2025	08	3	0,1	8	39	50	21
16/01/2025	09	3	0,1	27	44	85	21
16/01/2025	10	3	0,1	25	48	85	23
16/01/2025	11	3	0,1	13	40	60	30
16/01/2025	12	3	0,1	3	15	21	59
16/01/2025	13	3	0,1	2	10	13	67
16/01/2025	14	3	0,1	2	12	16	63
16/01/2025	15	3	0,1	3	12	16	66
16/01/2025	16	3	0,1	3	15	19	64
16/01/2025	17	3	0,1	3	20	24	65
16/01/2025	18	3	0,1	3	19	23	63
16/01/2025	19	3	0,1	3	16	20	64
16/01/2025	20	3	0,1	3	15	19	69
16/01/2025	21	3	0,1	3	9	13	76
16/01/2025	22	3	0,1	3	6	10	77
16/01/2025	23	3	0,1	3	6	10	73
17/01/2025	00	3	0,1	3	6	10	70
17/01/2025	01	3	0,1	2	5	8	68
17/01/2025	02	3	0,1	3	7	11	62
17/01/2025	03	3	0,1	2	8	12	59
17/01/2025	04	3	0,1	2	6	9	61
17/01/2025	05	3	0,1	2	8	12	61
17/01/2025	06	3	0,1	3	10	14	54
17/01/2025	07	3	0,1	2	15	19	47
17/01/2025	08	3	0,1	2	36	40	32
17/01/2025	09	3	0,1	4	36	42	32
17/01/2025	10	3	0,1	3	23	27	44
17/01/2025	11	3	0,1	3	22	26	48
17/01/2025	12	3	0,1	3	19	23	54
17/01/2025	13	3	0,1	3	17	21	61
17/01/2025	14	3	0,1	3	14	18	61
17/01/2025	15	3	0,1	3	14	18	60
17/01/2025	16	3	0,1	3	12	16	63
17/01/2025	17	3	0,1	3	12	16	65
17/01/2025	18	3	0,1	3	11	15	69
17/01/2025	19	3	0,1	3	11	15	69
17/01/2025	20	3	0,1	3	11	15	70
17/01/2025	21	3	0,1	3	9	13	73
17/01/2025	22	3	0,1	3	8	12	70
17/01/2025	23	3	0,1	3	7	12	69
18/01/2025	00	3	0,1	3	7	10	68
18/01/2025	01	3	0,1	3	7	11	63
18/01/2025	02	3	0,1	3	7	11	57
18/01/2025	03	3	0,1	3	7	11	50
18/01/2025	04	3	0,1	3	7	11	43
18/01/2025	05	3	0,1	3	6	10	42
18/01/2025	06	3	0,1	3	7	11	42
18/01/2025	07	3	0,1	3	7	11	43
18/01/2025	08	3	0,1	3	8	11	43
18/01/2025	09	3	0,1	2	10	14	42
18/01/2025	10	3	0,1	3	23	28	37
18/01/2025	11	3	0,1	3	7	11	63
18/01/2025	12	3	0,1	3	6	10	67
18/01/2025	13	3	0,1	2	7	11	71
18/01/2025	14	3	0,1	2	6	10	80
18/01/2025	15	3	0,1	2	4	8	82
18/01/2025	16	3	0,1	2	5	8	82
18/01/2025	17	3	0,1	2	10	14	75
18/01/2025	18	3	0,1	3	18	22	54
18/01/2025	19	3	0,1	3	14	18	53
18/01/2025	20	3	0,1	3	12	16	52
18/01/2025	21	3	0,1	3	11	15	51
18/01/2025	22	3	0,1	3	7	11	53
18/01/2025	23	3	0,1	2	6	10	54
19/01/2025	00	3	0,1	3	7	11	53
19/01/2025	01	3	0,1	3	5	9	55
19/01/2025	02	3	0,1	2	6	10	53
19/01/2025	03	3	0,1	2	4	7	55
19/01/2025	04	3	0,1	2	4	7	52
19/01/2025	05	3	0,1	2	8	11	50
19/01/2025	06	3	0,1	2	11	15	49
19/01/2025	07	3	0,1	2	8	12	46
19/01/2025	08	3	0,1	2	7	10	47
19/01/2025	09	3	0,1	2	6	10	47
19/01/2025	10	3	0,1	2	8	12	52
19/01/2025	11	3	0,1	2	8	12	58
19/01/2025	12	3	0,1	2	5	9	69
19/01/2025	13	3	0,1	2	6	9	73
19/01/2025	14	3	0,1	2	6	9	75
19/01/2025	15	3	0,1	2	5	8	80
19/01/2025	16	3	0,1	2	5	8	81
19/01/2025	17	3	0,1	2	8	12	75
19/01/2025	18	3	0,1	3	17	21	60
19/01/2025	19	3	0,1	3	20	24	56
19/01/2025	20	3	0,1	3	24	28	53
19/01/2025	21	3	0,1	3	16	20	55
19/01/2025	22	3	0,1	3	15	19	55
19/01/2025	23	3	0,1	3	15	18	55
20/01/2025	00	3	0,1	3	10	13	60
20/01/2025	01	3	0,1	3	13	16	59
20/01/2025	02	3	0,1	3	20	24	56
20/01/2025	03	3	0,1	3	12	16	60
20/01/2025	04	3	0,1	3	7	11	60
20/01/2025	05	3	0,1	3	6	10	57
20/01/2025	06	3	0,1	2	19	23	48
20/01/2025	07	3	0,1	2	22	25	47
20/01/2025	08	3	0,1	3	30	34	43
20/01/2025	09	3	0,1	4	41	47	48
20/01/2025	10	3	0,1	4	17	22	66
20/01/2025	11	3	0,1	3	8	12	82
20/01/2025	12	3	0,1	3	8	12	82
20/01/2025	13	3	0,1	3	7	10	83
20/01/2025	14	3	0,1	3	8	12	83
20/01/2025	15	3	0,1	3	9	13	82
20/01/2025	16	3	0,1	3	9	13	82
20/01/2025	17	3	0,1	3	12	16	80
20/01/2025	18	3	0,1	3	21	25	67
20/01/2025	19	3	0,1	3	32	36	50
20/01/2025	20	3	0,1	3	25	29	57
20/01/2025	21	4	0,1	3	29	33	57
20/01/2025	22	4	0,1	3	22	26	59
20/01/2025	23	4	0,1	3	16	20	64
21/01/2025	00	3	0,1	3	18	22	63
21/01/2025	01	3	0,1	3	13	17	60
21/01/2025	02	3	0,1	3	15	19	55
21/01/2025	03	3	0,1	3	12	16	53
21/01/2025	04	3	0,1	3	13	18	56
21/01/2025	05	3	0,1	3	10	14	56
21/01/2025	06	3	0,1	3	19	23	47
21/01/2025	07	3	0,1	3	32	36	40
21/01/2025	08	3	0,1	3	31	35	43
21/01/2025	09	3	0,1	3	38	43	39
21/01/2025	10	3	0,1	3	20	24	53
21/01/2025	11	3	0,1	3	9	13	68
21/01/2025	12	3	0,1	3	18	22	60
21/01/2025	13	3	0,1	2	13	17	63
21/01/2025	14	3	0,1	2	10	13	69
21/01/2025	15	3	0,1	2	9	13	66
21/01/2025	16	3	0,1	2	11	15	64
21/01/2025	17	3	0,1	2	12	16	63
21/01/2025	18	3	0,1	3	26	30	43
21/01/2025	19	3	0,1	3	37	41	32
21/01/2025	20	3	0,1	3	42	46	32
21/01/2025	21	3	0,1	3	34	38	39
21/01/2025	22	3	0,1	3	24	29	48
21/01/2025	23	3	0,1	3	14	18	56
22/01/2025	00	3	0,1	3	9	13	68
22/01/2025	01	3	0,1	3	7	12	69
22/01/2025	02	3	0,1	3	7	11	65
22/01/2025	03	3	0,1	3	11	15	56
22/01/2025	04	3	0,1	3	22	26	45
22/01/2025	05	3	0,1	3	9	13	72
22/01/2025	06	3	0,1	3	4	8	78
22/01/2025	07	3	0,1	3	6	10	76
22/01/2025	08	3	0,1	3	6	10	77
22/01/2025	09	3	0,1	3	11	15	71
22/01/2025	11	3	0,1	3	9	13	74
22/01/2025	12	3	0,1	3	8	12	75
22/01/2025	13	3	0,1	3	6	11	78
22/01/2025	14	3	0,1	3	7	10	78
22/01/2025	15	3	0,1	2	7	11	77
22/01/2025	16	3	0,1	3	11	15	74
22/01/2025	17	3	0,1	3	13	17	72
22/01/2025	18	3	0,1	3	25	29	60
22/01/2025	19	3	0,1	3	41	46	46
22/01/2025	20	3	0,1	3	33	38	50
22/01/2025	21	3	0,1	3	25	29	53
22/01/2025	22	3	0,1	3	18	22	63
22/01/2025	23	3	0,1	3	11	15	70
23/01/2025	00	3	0,1	3	9	13	70
23/01/2025	01	3	0,1	3	7	11	66
23/01/2025	02	3	0,1	3	18	21	59
23/01/2025	03	3	0,1	3	26	30	55
23/01/2025	04	3	0,1	2	11	15	63
23/01/2025	05	3	0,1	2	12	15	61
23/01/2025	06	3	0,1	2	8	12	72
23/01/2025	07	3	0,1	2	18	21	62
23/01/2025	08	3	0,1	3	33	38	51
23/01/2025	09	3	0,1	3	28	32	57
23/01/2025	10	3	0,1	3	9	13	76
23/01/2025	11	3	0,1	2	6	10	82
23/01/2025	12	3	0,1	2	6	9	82
23/01/2025	13	3	0,1	2	7	11	83
23/01/2025	14	3	0,1	2	6	9	86
23/01/2025	15	3	0,1	2	5	8	87
23/01/2025	16	3	0,1	3	5	9	88
23/01/2025	17	3	0,1	2	7	11	85
23/01/2025	18	3	0,1	2	25	29	58
23/01/2025	19	3	0,1	2	29	33	46
23/01/2025	20	3	0,1	3	19	23	52
23/01/2025	21	3	0,1	3	19	23	51
23/01/2025	22	3	0,1	3	14	18	51
23/01/2025	23	3	0,1	2	13	17	54
24/01/2025	00	3	0,1	2	9	13	56
24/01/2025	01	3	0,1	2	9	13	59
24/01/2025	02	3	0,1	2	11	15	60
24/01/2025	03	3	0,1	2	12	16	57
24/01/2025	04	3	0,1	2	6	10	57
24/01/2025	05	3	0,1	2	8	11	58
24/01/2025	06	3	0,1	2	11	15	54
24/01/2025	07	3	0,1	2	19	23	45
24/01/2025	08	3	0,1	2	31	35	44
24/01/2025	09	3	0,1	2	29	32	48
24/01/2025	10	4	0,1	2	23	26	56
24/01/2025	11	4	0,1	2	8	12	79
24/01/2025	12	4	0,1	2	7	10	82
24/01/2025	13	4	0,1	2	7	10	83
24/01/2025	14	3	0,1	2	7	10	84
24/01/2025	15	3	0,1	2	7	10	87
24/01/2025	16	4	0,1	2	8	11	87
24/01/2025	17	4	0,1	2	11	14	80
24/01/2025	18	4	0,1	2	17	20	75
24/01/2025	19	4	0,1	2	35	39	53
24/01/2025	20	4	0,1	2	35	38	52
24/01/2025	21	4	0,1	2	29	33	57
24/01/2025	22	4	0,1	2	19	22	61
24/01/2025	23	4	0,1	2	12	16	62
25/01/2025	00	4	0,1	2	11	14	66
25/01/2025	01	4	0,1	2	6	10	65
25/01/2025	02	4	0,1	2	5	9	64
25/01/2025	03	3	0,1	2	5	9	61
25/01/2025	04	3	0,1	2	5	9	63
25/01/2025	05	3	0,1	2	5	9	60
25/01/2025	06	3	0,1	2	6	9	61
25/01/2025	07	3	0,1	2	6	9	61
25/01/2025	08	3	0,1	2	7	10	59
25/01/2025	09	3	0,1	2	7	10	63
25/01/2025	10	4	0,1	2	6	9	78
25/01/2025	11	4	0,1	2	5	9	80
25/01/2025	12	4	0,1	2	4	8	81
25/01/2025	13	4	0,1	2	5	9	79
25/01/2025	14	4	0,1	2	6	9	77
25/01/2025	15	4	0,1	2	5	8	79
25/01/2025	16	4	0,1	2	4	8	78
25/01/2025	17	4	0,1	2	5	9	77
25/01/2025	18	4	0,1	2	6	10	75
25/01/2025	19	4	0,1	2	6	10	75
25/01/2025	20	4	0,1	2	6	9	74
25/01/2025	21	4	0,1	2	6	9	74
25/01/2025	22	3	0,1	2	4	8	76
25/01/2025	23	4	0,1	2	4	7	79
26/01/2025	00	4	0,1	2	4	7	78
26/01/2025	01	4	0,1	2	4	7	76
26/01/2025	02	4	0,1	2	5	8	74
26/01/2025	03	3	0,1	2	4	7	74
26/01/2025	04	3	0,1	2	3	7	70
26/01/2025	05	3	0,1	2	4	7	61
26/01/2025	06	3	0,1	2	4	7	61
26/01/2025	07	3	0,1	2	5	8	61
26/01/2025	08	3	0,1	2	5	9	63
26/01/2025	09	3	0,1	2	9	13	60
26/01/2025	10	4	0,1	2	8	11	71
26/01/2025	11	4	0,1	2	4	8	78
26/01/2025	12	4	0,1	2	4	8	79
26/01/2025	13	4	0,1	2	4	7	81
26/01/2025	14	4	0,1	2	3	7	80
26/01/2025	15	4	0,1	2	3	6	78
26/01/2025	16	4	0,1	2	4	7	81
26/01/2025	17	4	0,1	2	5	9	82
26/01/2025	18	4	0,1	2	8	11	73
26/01/2025	19	4	0,1	2	15	19	60
26/01/2025	20	4	0,1	2	18	22	59
26/01/2025	21	4	0,1	2	14	18	63
26/01/2025	22	4	0,1	2	14	18	64
26/01/2025	23	4	0,1	2	5	8	77
27/01/2025	00	4	0,1	2	4	7	77
27/01/2025	01	4	0,1	2	4	8	71
27/01/2025	02	4	0,1	2	4	7	73
27/01/2025	03	4	0,1	2	4	7	74
27/01/2025	04	4	0,1	2	4	7	74
27/01/2025	05	4	0,1	2	4	7	71
27/01/2025	06	4	0,1	2	4	8	70
27/01/2025	07	4	0,1	2	5	9	67
27/01/2025	08	3	0,1	2	5	9	65
27/01/2025	09	3	0,1	2	6	10	63
27/01/2025	10	3	0,1	2	7	10	62
27/01/2025	11	3	0,1	2	5	9	65
27/01/2025	12	3	0,1	2	5	9	67
27/01/2025	13	3	0,1	2	5	8	68
27/01/2025	14	3	0,1	2	5	8	67
27/01/2025	15	3	0,1	2	3	7	67
27/01/2025	16	3	0,1	2	3	7	64
27/01/2025	17	3	0,1	2	5	9	63
27/01/2025	18	3	0,1	2	5	9	65
27/01/2025	19	3	0,1	2	4	8	70
27/01/2025	20	3	0,1	2	4	8	66
27/01/2025	21	3	0,1	2	4	8	66
27/01/2025	22	3	0,1	2	4	7	68
27/01/2025	23	3	0,1	2	3	7	80
28/01/2025	00	3	0,1	2	3	7	84
28/01/2025	01	3	0,1	2	4	7	83
28/01/2025	02	3	0,1	2	3	7	84
28/01/2025	03	3	0,1	2	3	7	85
28/01/2025	04	3	0,1	2	3	7	85
28/01/2025	05	3	0,1	2	3	7	85
28/01/2025	06	3	0,1	2	3	7	83
28/01/2025	07	3	0,1	2	4	7	80
28/01/2025	08	3	0,1	2	5	8	78
28/01/2025	09	3	0,1	2	5	9	79
28/01/2025	10	4	0,1	2	4	8	79
28/01/2025	11	4	0,1	3	5	9	78
28/01/2025	12	4	0,1	3	5	9	78
28/01/2025	13	4	0,1	3	4	8	81
28/01/2025	14	4	0,1	3	4	8	83
28/01/2025	15	4	0,1	3	4	8	83
28/01/2025	16	4	0,1	3	4	8	83
28/01/2025	17	4	0,1	3	4	8	82
28/01/2025	18	4	0,1	3	5	9	80
28/01/2025	19	4	0,1	3	4	8	81
28/01/2025	20	4	0,1	3	4	8	78
28/01/2025	21	4	0,1	3	4	9	76
28/01/2025	22	3	0,1	3	4	8	78
28/01/2025	23	3	0,1	3	4	8	80
29/01/2025	00	3	0,1	3	4	8	79
29/01/2025	01	3	0,1	3	4	8	78
29/01/2025	02	3	0,1	3	4	8	78
29/01/2025	03	3	0,1	3	4	8	79
29/01/2025	04	3	0,1	3	4	8	78
29/01/2025	05	3	0,1	3	4	8	77
29/01/2025	06	3	0,1	2	4	8	76
29/01/2025	07	3	0,1	2	4	8	78
29/01/2025	08	3	0,1	3	5	9	78
29/01/2025	09	3	0,1	3	5	9	77
29/01/2025	10	3	0,1	3	4	8	77
29/01/2025	11	3	0,1	3	5	9	78
29/01/2025	12	3	0,1	3	4	9	80
29/01/2025	13	4	0,1	3	6	10	80
29/01/2025	14	4	0,1	3	6	10	79
29/01/2025	15	4	0,1	3	5	9	79
29/01/2025	16	4	0,1	3	5	9	81
29/01/2025	17	4	0,1	3	7	12	78
29/01/2025	18	4	0,1	3	13	17	70
29/01/2025	19	4	0,1	3	12	16	73
29/01/2025	20	4	0,1	3	7	11	78
29/01/2025	21	4	0,1	3	6	10	77
29/01/2025	22	4	0,1	3	12	17	65
29/01/2025	23	4	0,1	3	13	17	65
30/01/2025	00	4	0,1	3	4	8	82
30/01/2025	01	4	0,1	3	4	8	87
30/01/2025	02	4	0,1	3	4	8	88
30/01/2025	03	4	0,1	3	4	8	85
30/01/2025	04	3	0,1	3	4	8	81
30/01/2025	05	3	0,1	3	4	8	79
30/01/2025	06	3	0,1	3	4	8	78
30/01/2025	07	3	0,1	3	7	11	73
30/01/2025	08	3	0,1	3	9	13	71
30/01/2025	09	3	0,1	3	5	9	76
30/01/2025	10	3	0,1	3	4	8	76
30/01/2025	11	3	0,1	3	4	8	76
30/01/2025	12	3	0,1	3	4	8	77
30/01/2025	13	3	0,1	3	4	8	77
30/01/2025	14	3	0,1	3	4	8	77
30/01/2025	15	4	0,1	3	4	8	76
30/01/2025	16	4	0,1	3	4	8	75
30/01/2025	17	3	0,1	3	6	10	73
30/01/2025	18	3	0,1	3	6	10	72
30/01/2025	19	4	0,1	3	11	15	66
30/01/2025	20	4	0,1	3	9	13	71
30/01/2025	21	4	0,1	3	7	10	71
30/01/2025	22	4	0,1	3	4	8	72
30/01/2025	23	3	0,1	2	4	8	73
31/01/2025	00	3	0,1	2	4	7	73
31/01/2025	01	3	0,1	2	4	7	72
31/01/2025	02	3	0,1	2	4	7	72
31/01/2025	03	3	0,1	2	4	7	72
31/01/2025	04	3	0,1	2	4	8	72
31/01/2025	05	3	0,1	2	4	8	71
31/01/2025	06	3	0,1	3	4	8	70
31/01/2025	07	3	0,1	2	7	10	66
31/01/2025	08	3	0,1	2	11	15	63
31/01/2025	09	3	0,1	2	14	18	57
31/01/2025	10	3	0,1	2	10	14	61
31/01/2025	11	3	0,1	2	9	12	62
31/01/2025	12	3	0,1	2	7	11	65
31/01/2025	13	4	0,1	3	6	9	70
31/01/2025	14	4	0,1	3	5	9	76
31/01/2025	15	4	0,1	3	5	9	80
31/01/2025	16	4	0,1	3	5	9	79
31/01/2025	17	4	0,1	3	8	11	74
31/01/2025	18	4	0,1	3	14	18	59
31/01/2025	19	4	0,1	3	21	25	45
31/01/2025	20	3	0,1	3	23	27	48
31/01/2025	21	3	0,1	2	18	22	52
31/01/2025	22	3	0,1	2	16	19	52
31/01/2025	23	3	0,1	2	13	16	52
01/02/2025	00	3	0,1	2	7	11	59
01/02/2025	01	4	0,1	2	6	9	57
01/02/2025	02	4	0,1	2	9	13	56
01/02/2025	03	3	0,1	2	4	8	54
01/02/2025	04	3	0,1	2	4	7	53
01/02/2025	05	4	0,1	2	4	7	55
01/02/2025	06	4	0,1	2	4	7	55
01/02/2025	07	4	0,1	2	7	10	52
01/02/2025	08	4	0,1	2	10	14	56
01/02/2025	09	3	0,1	2	9	13	60
01/02/2025	10	3	0,1	2	6	10	67
01/02/2025	11	3	0,1	2	5	9	72
01/02/2025	12	3	0,1	2	5	9	74
01/02/2025	13	3	0,1	2	5	8	76
01/02/2025	14	3	0,1	3	5	8	79
01/02/2025	15	3	0,1	3	5	9	77
01/02/2025	16	3	0,1	2	7	11	72
01/02/2025	17	3	0,1	2	8	12	69
01/02/2025	18	3	0,1	2	10	14	64
01/02/2025	19	3	0,1	2	10	14	67
01/02/2025	20	3	0,1	2	9	13	68
01/02/2025	21	3	0,1	2	9	13	66
01/02/2025	22	3	0,1	2	8	11	62
01/02/2025	23	3	0,1	2	7	11	66
02/02/2025	00	3	0,1	2	4	7	66
02/02/2025	01	3	0,1	2	4	7	66
02/02/2025	02	3	0,1	2	4	8	70
02/02/2025	03	3	0,1	2	4	7	71
02/02/2025	04	3	0,1	2	4	7	76
02/02/2025	05	3	0,1	2	4	7	74
02/02/2025	06	3	0,1	2	4	7	75
02/02/2025	07	3	0,1	2	4	7	74
02/02/2025	08	3	0,1	2	4	7	68
02/02/2025	09	3	0,1	2	5	9	64
02/02/2025	10	3	0,1	2	4	8	74
02/02/2025	11	4	0,1	3	4	8	77
02/02/2025	12	4	0,1	3	4	8	78
02/02/2025	13	4	0,1	2	4	8	78
02/02/2025	14	4	0,1	2	4	8	78
02/02/2025	15	4	0,1	2	4	8	78
02/02/2025	16	4	0,1	3	4	8	77
02/02/2025	17	4	0,1	3	4	8	73
02/02/2025	18	4	0,1	3	9	13	56
02/02/2025	19	3	0,1	3	11	15	48
02/02/2025	20	3	0,1	3	10	14	50
02/02/2025	21	3	0,1	2	12	15	55
02/02/2025	22	3	0,1	2	10	14	56
02/02/2025	23	4	0,1	2	10	14	51
03/02/2025	00	4	0,1	2	7	11	51
03/02/2025	01	4	0,1	2	4	7	51
03/02/2025	02	4	0,1	2	5	8	47
03/02/2025	03	4	0,1	2	3	7	45
03/02/2025	04	4	0,1	2	3	7	45
03/02/2025	05	4	0,1	2	4	7	42
03/02/2025	06	4	0,1	2	6	9	39
03/02/2025	07	4	0,1	2	11	15	37
03/02/2025	08	4	0,1	2	17	21	34
03/02/2025	09	3	0,1	2	16	19	39
03/02/2025	10	3	0,1	3	18	22	51
03/02/2025	11	3	0,1	2	8	12	70
03/02/2025	12	3	0,1	2	8	12	76
03/02/2025	13	4	0,1	2	7	11	78
03/02/2025	14	3	0,1	2	8	12	76
03/02/2025	15	3	0,1	2	8	12	78
03/02/2025	16	3	0,1	2	7	11	78
03/02/2025	17	4	0,1	2	14	18	70
03/02/2025	18	4	0,1	3	20	24	62
03/02/2025	19	3	0,1	3	28	32	48
03/02/2025	20	3	0,1	3	27	31	41
03/02/2025	21	3	0,1	2	17	21	44
03/02/2025	22	3	0,1	2	10	13	48
03/02/2025	23	3	0,1	2	7	10	49
04/02/2025	00	3	0,1	2	4	8	50
04/02/2025	01	3	0,1	2	4	8	50
04/02/2025	02	3	0,1	2	3	7	52
04/02/2025	03	3	0,1	2	3	7	52
04/02/2025	04	3	0,1	2	3	7	51
04/02/2025	05	3	0,1	2	5	8	50
04/02/2025	06	3	0,1	2	6	10	49
04/02/2025	07	3	0,1	2	10	14	43
04/02/2025	08	3	0,1	2	12	16	42
04/02/2025	09	3	0,1	2	12	16	47
04/02/2025	10	3	0,1	2	12	15	59
04/02/2025	11	3	0,1	2	14	18	67
04/02/2025	13	3	0,1	3	8	12	81
04/02/2025	14	3	0,1	3	6	10	84
04/02/2025	15	3	0,1	3	7	11	87
04/02/2025	16	3	0,1	3	8	11	88
04/02/2025	17	3	0,1	3	14	19	81
04/02/2025	18	4	0,1	3	24	28	58
04/02/2025	19	3	0,1	3	22	26	55
04/02/2025	20	3	0,1	3	19	23	56
04/02/2025	21	3	0,1	2	12	16	60
04/02/2025	22	3	0,1	2	11	15	58
04/02/2025	23	3	0,1	2	9	13	60
05/02/2025	00	3	0,1	2	10	14	58
05/02/2025	01	3	0,1	2	7	11	59
05/02/2025	02	3	0,1	2	6	10	59
05/02/2025	03	3	0,1	2	5	9	58
05/02/2025	04	3	0,1	2	6	10	58
05/02/2025	05	3	0,1	2	5	8	57
05/02/2025	06	3	0,1	2	7	10	56
05/02/2025	07	3	0,1	2	12	16	49
05/02/2025	08	3	0,1	2	15	19	48
05/02/2025	09	3	0,1	2	14	18	49
05/02/2025	10	3	0,1	3	22	26	57
05/02/2025	11	3	0,1	2	9	13	75
05/02/2025	12	4	0,1	2	10	14	76
05/02/2025	13	4	0,1	2	8	11	82
05/02/2025	14	4	0,1	2	8	11	84
05/02/2025	15	3	0,1	2	7	11	86
05/02/2025	16	3	0,1	2	8	11	88
05/02/2025	17	3	0,1	2	13	17	80
05/02/2025	18	4	0,1	3	23	27	68
05/02/2025	19	4	0,1	2	23	26	56
05/02/2025	20	4	0,1	2	24	28	59
05/02/2025	21	3	0,1	2	14	18	62
05/02/2025	22	3	0,1	2	8	12	61
05/02/2025	23	3	0,1	2	7	11	60
06/02/2025	00	3	0,1	2	6	10	59
06/02/2025	01	3	0,1	2	5	8	57
06/02/2025	02	3	0,1	2	4	8	57
06/02/2025	03	3	0,1	2	4	8	57
06/02/2025	04	3	0,1	2	4	8	55
06/02/2025	05	3	0,1	2	4	7	52
06/02/2025	06	3	0,1	2	6	9	51
06/02/2025	07	3	0,1	2	10	13	47
06/02/2025	08	3	0,1	2	13	16	46
06/02/2025	09	3	0,1	2	13	17	50
06/02/2025	10	3	0,1	5	25	32	53
06/02/2025	11	3	0,1	2	13	16	71
06/02/2025	12	4	0,1	2	13	17	77
06/02/2025	13	4	0,1	2	9	13	83
06/02/2025	14	4	0,1	2	8	11	87
06/02/2025	15	4	0,1	2	7	11	89
06/02/2025	16	4	0,1	2	8	12	89
06/02/2025	17	4	0,1	2	9	12	87
06/02/2025	18	4	0,1	2	10	14	86
06/02/2025	19	4	0,1	2	17	21	70
06/02/2025	20	3	0,1	2	21	25	61
06/02/2025	21	3	0,1	2	21	25	65
06/02/2025	22	3	0,1	2	18	22	72
06/02/2025	23	3	0,1	2	17	21	68
07/02/2025	00	3	0,1	2	20	23	69
07/02/2025	01	3	0,1	2	21	25	66
07/02/2025	02	3	0,1	2	14	17	68
07/02/2025	03	3	0,1	2	14	17	68
07/02/2025	04	4	0,1	2	8	12	67
07/02/2025	05	3	0,1	2	10	13	63
07/02/2025	06	3	0,1	2	13	17	63
07/02/2025	07	3	0,1	2	17	20	59
07/02/2025	08	3	0,1	2	37	40	49
07/02/2025	09	3	0,1	2	33	37	52
07/02/2025	10	3	0,1	2	15	18	74
07/02/2025	11	3	0,1	2	7	10	85
07/02/2025	12	3	0,1	2	6	10	87
07/02/2025	13	3	0,1	2	7	11	88
07/02/2025	14	3	0,1	2	8	12	91
07/02/2025	15	3	0,1	2	8	11	93
07/02/2025	16	3	0,1	2	8	12	93
07/02/2025	17	3	0,1	2	12	15	92
07/02/2025	18	3	0,1	2	14	18	85
07/02/2025	19	3	0,1	2	14	17	85
07/02/2025	20	3	0,1	2	11	15	84
07/02/2025	21	3	0,1	2	13	16	81
07/02/2025	22	3	0,1	2	13	17	80
07/02/2025	23	3	0,1	2	11	15	80
08/02/2025	00	3	0,1	2	8	11	84
08/02/2025	01	3	0,1	2	5	9	83
08/02/2025	02	3	0,1	2	5	8	80
08/02/2025	03	3	0,1	2	5	8	79
08/02/2025	04	3	0,1	2	4	8	79
08/02/2025	05	3	0,1	2	4	8	76
08/02/2025	06	3	0,1	2	6	10	66
08/02/2025	07	3	0,1	2	9	13	55
08/02/2025	08	3	0,1	2	14	18	49
08/02/2025	09	3	0,1	2	10	14	66
08/02/2025	10	4	0,1	2	5	9	72
08/02/2025	11	4	0,1	2	5	9	74
08/02/2025	12	4	0,1	2	5	9	75
08/02/2025	13	4	0,1	2	5	8	76
08/02/2025	14	4	0,1	2	5	8	77
08/02/2025	15	4	0,1	2	4	7	79
08/02/2025	16	4	0,1	2	4	8	82
08/02/2025	17	4	0,1	2	4	8	80
08/02/2025	18	4	0,1	2	8	12	72
08/02/2025	19	4	0,1	2	15	19	61
08/02/2025	20	4	0,1	2	11	15	68
08/02/2025	21	4	0,1	3	16	20	57
08/02/2025	22	4	0,1	2	10	14	58
08/02/2025	23	3	0,1	2	7	11	58
09/02/2025	00	3	0,1	2	7	10	60
09/02/2025	01	3	0,1	2	5	9	58
09/02/2025	02	3	0,1	2	4	8	59
09/02/2025	03	3	0,1	2	4	7	56
09/02/2025	04	3	0,1	2	4	7	57
09/02/2025	05	3	0,1	2	4	7	57
09/02/2025	06	3	0,1	2	4	7	58
09/02/2025	07	3	0,1	2	4	8	58
09/02/2025	08	3	0,1	2	6	10	54
09/02/2025	09	3	0,1	2	7	10	59
09/02/2025	10	3	0,1	2	7	11	63
09/02/2025	11	4	0,1	2	6	10	72
09/02/2025	12	3	0,1	2	7	11	80
09/02/2025	13	3	0,1	2	7	10	82
09/02/2025	14	3	0,1	2	6	9	85
09/02/2025	15	3	0,1	2	5	9	86
09/02/2025	16	4	0,1	2	5	9	85
09/02/2025	17	4	0,1	2	6	10	80
09/02/2025	18	3	0,1	2	9	12	77
09/02/2025	19	3	0,1	2	13	17	65
09/02/2025	20	3	0,1	2	14	18	63
09/02/2025	21	4	0,1	2	12	16	62
09/02/2025	22	4	0,1	2	13	17	59
09/02/2025	23	3	0,1	2	8	12	56
10/02/2025	00	3	0,1	2	8	12	53
10/02/2025	01	3	0,1	2	5	9	52
10/02/2025	02	3	0,1	2	6	10	52
10/02/2025	03	3	0,1	2	6	10	50
10/02/2025	04	3	0,1	2	6	10	45
10/02/2025	05	3	0,1	2	4	8	44
10/02/2025	06	3	0,1	2	6	10	41
10/02/2025	07	3	0,1	2	15	18	37
10/02/2025	08	3	0,1	2	26	29	39
10/02/2025	09	3	0,1	4	35	41	43
10/02/2025	10	3	0,1	3	14	18	70
10/02/2025	11	4	0,1	2	6	10	81
10/02/2025	12	3	0,1	2	7	11	81
10/02/2025	13	4	0,1	2	6	10	82
10/02/2025	14	4	0,1	2	5	9	84
10/02/2025	15	4	0,1	2	6	9	87
10/02/2025	16	4	0,1	2	5	9	88
10/02/2025	17	3	0,1	2	6	10	86
10/02/2025	18	4	0,1	2	8	12	83
10/02/2025	19	4	0,1	2	13	17	73
10/02/2025	20	4	0,1	2	18	22	60
10/02/2025	21	3	0,1	2	15	19	66
10/02/2025	22	3	0,1	2	12	15	66
10/02/2025	23	3	0,1	2	8	11	65
11/02/2025	00	3	0,1	2	5	8	64
11/02/2025	01	3	0,1	2	5	9	59
11/02/2025	02	3	0,1	2	5	9	53
11/02/2025	03	3	0,1	2	4	7	48
11/02/2025	04	3	0,1	2	5	8	46
11/02/2025	05	3	0,1	2	5	8	44
11/02/2025	06	3	0,1	2	12	16	39
11/02/2025	07	3	0,1	2	12	15	36
11/02/2025	08	3	0,1	2	14	18	31
11/02/2025	09	3	0,1	2	14	17	35
11/02/2025	10	3	0,1	2	14	17	55
11/02/2025	11	3	0,1	2	14	18	66
11/02/2025	12	4	0,1	3	12	16	75
11/02/2025	13	3	0,1	2	12	15	78
11/02/2025	14	3	0,1	2	10	14	81
11/02/2025	15	4	0,1	2	7	10	86
11/02/2025	16	4	0,1	2	8	11	87
11/02/2025	17	4	0,1	2	13	16	80
11/02/2025	18	3	0,1	2	30	33	57
11/02/2025	19	4	0,1	2	25	28	62
11/02/2025	20	3	0,1	2	21	25	66
11/02/2025	21	4	0,1	2	26	30	64
11/02/2025	22	4	0,1	2	46	50	45
11/02/2025	23	4	0,1	2	40	44	51
12/02/2025	00	4	0,1	2	13	16	75
12/02/2025	01	3	0,1	2	9	13	70
12/02/2025	02	4	0,1	2	12	16	65
12/02/2025	03	4	0,1	2	8	11	77
12/02/2025	04	4	0,1	2	10	13	73
12/02/2025	05	3	0,1	2	12	15	71
12/02/2025	06	3	0,1	2	12	15	65
12/02/2025	07	3	0,1	2	27	31	56
12/02/2025	08	3	0,1	2	25	28	60
12/02/2025	09	3	0,1	2	11	15	77
12/02/2025	10	3	0,1	2	6	10	82
12/02/2025	11	3	0,1	2	5	9	82
12/02/2025	12	3	0,1	2	6	9	78
12/02/2025	13	3	0,1	2	6	10	77
12/02/2025	14	3	0,1	2	6	9	80
12/02/2025	15	3	0,1	2	5	9	80
12/02/2025	16	3	0,1	2	5	8	78
12/02/2025	17	3	0,1	2	6	10	75
12/02/2025	18	3	0,1	2	6	9	73
12/02/2025	19	3	0,1	2	11	14	63
12/02/2025	20	3	0,1	2	12	15	61
12/02/2025	21	3	0,1	2	9	13	60
12/02/2025	22	3	0,1	2	8	12	62
12/02/2025	23	4	0,1	2	6	10	62
13/02/2025	00	4	0,1	2	6	9	60
13/02/2025	01	3	0,1	2	8	12	56
13/02/2025	02	3	0,1	2	8	12	59
13/02/2025	03	3	0,1	2	4	8	56
13/02/2025	04	3	0,1	2	5	9	53
13/02/2025	05	3	0,1	2	4	8	55
13/02/2025	06	3	0,1	2	16	19	46
13/02/2025	07	3	0,1	2	19	22	36
13/02/2025	08	3	0,1	2	22	26	35
13/02/2025	09	3	0,1	2	18	21	42
13/02/2025	10	4	0,1	2	9	12	59
13/02/2025	11	4	0,1	2	8	11	65
13/02/2025	12	4	0,1	2	7	10	72
13/02/2025	13	4	0,1	2	6	9	77
13/02/2025	14	4	0,1	2	6	10	77
13/02/2025	15	4	0,1	2	6	10	79
13/02/2025	16	4	0,1	2	5	9	83
13/02/2025	17	4	0,1	2	6	9	84
13/02/2025	18	4	0,1	2	8	12	78
13/02/2025	19	4	0,1	2	18	22	63
13/02/2025	20	4	0,1	2	13	16	69
13/02/2025	21	4	0,1	2	13	16	68
13/02/2025	22	4	0,1	2	12	16	64
13/02/2025	23	4	0,1	2	9	12	66
14/02/2025	00	3	0,1	2	9	13	64
14/02/2025	01	3	0,1	2	13	17	64
14/02/2025	02	3	0,1	2	9	12	59
14/02/2025	03	3	0,1	2	4	8	60
14/02/2025	04	3	0,1	2	5	8	58
14/02/2025	05	3	0,1	2	5	9	56
14/02/2025	06	3	0,1	2	10	13	52
14/02/2025	07	3	0,1	2	13	16	47
14/02/2025	08	3	0,1	2	18	22	44
14/02/2025	09	3	0,1	2	14	17	50
14/02/2025	10	4	0,1	2	15	19	53
14/02/2025	11	4	0,1	2	15	19	63
14/02/2025	12	4	0,1	2	11	15	71
14/02/2025	13	4	0,1	2	9	12	76
14/02/2025	14	3	0,1	2	7	11	78
14/02/2025	15	3	0,1	2	6	9	80
14/02/2025	16	4	0,1	2	6	9	85
14/02/2025	17	4	0,1	2	8	11	83
14/02/2025	18	4	0,1	2	18	21	69
14/02/2025	19	3	0,1	2	21	24	54
14/02/2025	20	4	0,1	2	28	32	48
14/02/2025	21	4	0,1	2	21	24	53
14/02/2025	22	4	0,1	2	15	18	58
14/02/2025	23	4	0,1	2	7	11	62
15/02/2025	00	4	0,1	2	7	10	62
15/02/2025	01	4	0,1	2	5	9	61
15/02/2025	02	4	0,1	2	5	9	63
15/02/2025	03	3	0,1	2	4	8	62
15/02/2025	04	3	0,1	2	3	7	61
15/02/2025	05	3	0,1	2	13	17	58
15/02/2025	06	3	0,1	2	4	8	59
15/02/2025	07	3	0,1	2	5	9	55
15/02/2025	08	3	0,1	2	7	11	54
15/02/2025	09	3	0,1	2	6	10	58
15/02/2025	10	4	0,1	2	12	16	58
15/02/2025	11	4	0,1	2	11	14	72
15/02/2025	12	4	0,1	2	9	13	78
15/02/2025	13	4	0,1	2	9	12	82
15/02/2025	14	3	0,1	2	8	12	88
15/02/2025	15	3	0,1	2	8	11	89
15/02/2025	16	4	0,1	2	8	11	86
15/02/2025	17	4	0,1	2	9	13	81
15/02/2025	18	4	0,1	2	12	15	73
15/02/2025	19	3	0,1	2	16	20	62
15/02/2025	20	4	0,1	2	14	18	65
15/02/2025	21	4	0,1	2	11	15	68
15/02/2025	22	4	0,1	2	13	17	55
15/02/2025	23	4	0,2	2	14	18	46
16/02/2025	00	4	0,1	2	12	15	45
16/02/2025	01	3	0,1	2	8	11	43
16/02/2025	02	3	0,1	2	6	10	42
16/02/2025	03	3	0,1	2	5	8	44
16/02/2025	04	3	0,1	2	5	8	45
16/02/2025	05	3	0,1	2	5	8	45
16/02/2025	06	3	0,1	2	4	8	47
16/02/2025	07	3	0,1	2	7	11	42
16/02/2025	08	3	0,1	2	8	11	45
16/02/2025	09	3	0,1	2	8	12	48
16/02/2025	10	4	0,1	2	12	15	49
16/02/2025	11	4	0,1	2	11	14	63
16/02/2025	12	4	0,1	2	9	12	79
16/02/2025	13	4	0,1	2	8	11	89
16/02/2025	14	3	0,1	2	8	11	88
16/02/2025	15	3	0,1	2	7	11	89
16/02/2025	16	3	0,1	2	7	10	87
16/02/2025	17	4	0,2	2	7	10	84
16/02/2025	18	3	0,1	2	15	19	69
16/02/2025	19	4	0,2	2	15	18	64
16/02/2025	20	4	0,2	2	19	22	65
16/02/2025	21	4	0,4	2	13	17	71
16/02/2025	22	5	0,2	2	13	17	70
16/02/2025	23	4	0,1	2	8	12	74
17/02/2025	00	4	0,1	2	8	11	77
17/02/2025	01	4	0,1	2	5	9	82
17/02/2025	02	4	0,1	2	10	14	75
17/02/2025	03	4	0,1	2	6	9	70
17/02/2025	04	4	0,1	2	7	11	69
17/02/2025	05	4	0,1	2	11	14	63
17/02/2025	06	4	0,1	2	8	12	61
17/02/2025	07	4	0,1	2	12	16	55
17/02/2025	08	4	0,1	2	19	23	51
17/02/2025	09	3	0,1	2	20	23	55
17/02/2025	10	3	0,1	2	12	15	62
17/02/2025	11	3	0,1	3	11	15	69
17/02/2025	12	3	0,1	3	12	16	77
17/02/2025	13	3	0,1	3	10	15	84
17/02/2025	14	3	0,1	3	8	12	87
17/02/2025	15	3	0,1	3	9	13	87
17/02/2025	16	3	0,1	3	10	14	91
17/02/2025	17	3	0,1	3	11	15	89
17/02/2025	18	3	0,1	3	10	14	87
17/02/2025	19	3	0,1	3	22	26	69
17/02/2025	20	3	0,1	3	23	27	61
17/02/2025	21	3	0,1	3	20	24	61
17/02/2025	22	3	0,1	3	14	18	63
17/02/2025	23	3	0,1	3	13	17	62
18/02/2025	00	3	0,1	3	9	13	60
18/02/2025	01	3	0,4	3	7	11	59
18/02/2025	02	3	0,2	3	6	10	56
18/02/2025	03	3	0,1	3	7	11	54
18/02/2025	04	3	0,1	3	11	14	52
18/02/2025	05	3	0,1	3	12	16	51
18/02/2025	06	3	0,1	3	11	15	52
18/02/2025	07	3	0,1	3	12	16	48
18/02/2025	08	3	0,1	3	16	20	44
18/02/2025	09	3	0,1	3	16	20	49
18/02/2025	10	4	0,1	3	14	18	64
18/02/2025	11	4	0,1	3	13	17	71
18/02/2025	12	4	0,1	3	12	15	79
18/02/2025	13	4	0,1	2	10	14	85
18/02/2025	14	4	0,1	3	10	14	87
18/02/2025	15	4	0,1	2	11	15	87
18/02/2025	16	4	0,1	2	15	19	78
18/02/2025	17	4	0,1	3	16	20	74
18/02/2025	18	4	0,1	3	17	21	72
18/02/2025	19	4	0,1	3	19	22	71
18/02/2025	20	4	0,1	3	17	21	73
18/02/2025	21	4	0,1	3	14	18	75
18/02/2025	22	5	0,1	3	11	15	77
18/02/2025	23	4	0,2	3	11	15	74
19/02/2025	00	4	0,1	3	11	15	66
19/02/2025	01	4	0,1	3	10	14	69
19/02/2025	02	4	0,1	3	8	12	68
19/02/2025	03	5	0,1	3	8	12	61
19/02/2025	04	5	0,1	3	8	12	53
19/02/2025	05	4	0,1	3	7	11	60
19/02/2025	06	4	0,1	3	8	12	60
19/02/2025	07	4	0,1	3	13	17	43
19/02/2025	08	3	0,1	3	22	26	28
19/02/2025	09	3	0,1	3	22	26	33
19/02/2025	10	3	0,1	4	24	30	45
19/02/2025	11	3	0,1	3	11	15	70
19/02/2025	12	4	0,1	3	12	16	80
19/02/2025	13	4	0,1	3	13	17	84
19/02/2025	14	4	0,1	3	12	15	87
19/02/2025	15	3	0,1	2	9	13	89
19/02/2025	16	3	0,1	3	8	12	92
19/02/2025	17	4	0,1	3	11	14	88
19/02/2025	18	4	0,1	3	15	19	82
19/02/2025	19	4	0,1	3	25	29	69
19/02/2025	20	3	0,1	3	20	24	66
19/02/2025	21	3	0,1	3	14	18	69
19/02/2025	22	4	0,1	3	12	16	74
19/02/2025	23	4	0,1	3	10	14	75
20/02/2025	00	4	0,1	3	9	13	77
20/02/2025	01	3	0,1	3	10	14	69
20/02/2025	02	4	0,1	3	9	13	71
20/02/2025	03	4	0,1	3	8	12	74
20/02/2025	04	4	0,1	3	7	11	84
20/02/2025	05	4	0,1	3	7	11	84
20/02/2025	06	3	0,1	3	7	11	85
20/02/2025	07	4	0,1	3	11	14	78
20/02/2025	08	4	0,1	3	18	22	65
20/02/2025	09	3	0,1	3	17	21	67
20/02/2025	10	3	0,1	3	17	21	65
20/02/2025	11	3	0,1	3	17	21	66
20/02/2025	12	3	0,1	3	13	17	74
20/02/2025	13	3	0,1	3	12	16	85
20/02/2025	14	3	0,1	2	12	16	89
20/02/2025	15	3	0,1	2	10	14	89
20/02/2025	16	3	0,1	2	9	13	88
20/02/2025	17	3	0,1	2	11	15	87
20/02/2025	18	3	0,1	3	15	19	80
20/02/2025	19	3	0,1	3	21	25	66
20/02/2025	20	3	0,1	3	21	25	63
20/02/2025	21	3	0,1	3	16	20	65
20/02/2025	22	3	0,1	3	14	18	68
20/02/2025	23	3	0,1	3	10	14	73
21/02/2025	00	3	0,1	3	9	12	73
21/02/2025	01	3	0,1	3	9	13	62
21/02/2025	02	4	0,1	3	8	12	56
21/02/2025	03	3	0,1	3	8	12	50
21/02/2025	04	3	0,1	3	7	11	42
21/02/2025	05	3	0,1	3	7	11	44
21/02/2025	06	4	0,1	3	8	12	41
21/02/2025	07	3	0,1	3	12	16	42
21/02/2025	08	3	0,1	3	16	20	42
21/02/2025	09	3	0,1	3	15	18	58
21/02/2025	10	3	0,1	3	11	14	67
21/02/2025	11	3	0,1	3	8	12	79
21/02/2025	12	3	0,1	3	9	12	87
21/02/2025	13	3	0,1	3	10	14	88
21/02/2025	14	3	0,1	3	9	13	95
21/02/2025	15	3	0,1	2	9	13	97
21/02/2025	16	3	0,1	2	9	12	99
21/02/2025	17	3	0,1	2	10	14	96
21/02/2025	18	3	0,1	3	10	13	97
21/02/2025	19	3	0,1	3	9	13	98
21/02/2025	20	3	0,1	3	11	14	90
21/02/2025	21	3	0,1	3	13	16	85
21/02/2025	22	3	0,1	3	12	16	83
21/02/2025	23	3	0,3	3	9	13	87
22/02/2025	00	3	0,1	3	8	12	87
22/02/2025	01	3	0,1	3	7	11	85
22/02/2025	02	3	0,1	3	6	10	84
22/02/2025	03	3	0,1	3	6	10	80
22/02/2025	04	3	0,1	2	5	9	75
22/02/2025	05	3	0,1	2	4	8	73
22/02/2025	06	3	0,1	2	4	8	69
22/02/2025	07	3	0,1	2	7	11	59
22/02/2025	08	3	0,1	3	12	16	52
22/02/2025	09	3	0,1	2	19	23	48
22/02/2025	10	3	0,1	2	15	19	62
22/02/2025	11	3	0,1	3	13	17	72
22/02/2025	12	3	0,1	2	14	18	77
22/02/2025	13	3	0,1	2	13	17	78
22/02/2025	14	3	0,1	2	13	17	78
22/02/2025	15	3	0,1	2	11	14	74
22/02/2025	16	3	0,1	2	10	14	65
22/02/2025	17	3	0,1	2	12	16	63
22/02/2025	18	3	0,1	3	12	16	71
22/02/2025	19	3	0,1	3	16	20	60
22/02/2025	20	3	0,1	3	15	19	54
22/02/2025	21	3	0,1	3	13	17	63
22/02/2025	22	3	0,1	3	13	17	50
22/02/2025	23	4	0,1	3	13	17	48
23/02/2025	00	4	0,3	3	8	11	74
23/02/2025	01	3	0,1	2	5	9	75
23/02/2025	02	3	0,1	3	5	8	76
23/02/2025	03	3	0,1	2	7	11	64
23/02/2025	04	3	0,1	3	5	9	68
23/02/2025	05	3	0,1	2	5	9	70
23/02/2025	06	3	0,1	3	6	9	66
23/02/2025	07	3	0,1	2	5	9	69
23/02/2025	08	3	0,1	2	6	10	67
23/02/2025	09	3	0,1	3	6	10	74
23/02/2025	10	3	0,1	2	7	11	69
23/02/2025	11	3	0,1	3	7	10	75
23/02/2025	12	3	0,1	3	8	12	78
23/02/2025	13	3	0,1	2	7	11	77
23/02/2025	14	4	0,1	3	9	13	74
23/02/2025	15	4	0,1	2	7	11	76
23/02/2025	16	3	0,1	3	7	11	72
23/02/2025	17	3	0,1	3	8	11	71
23/02/2025	18	3	0,1	2	8	12	66
23/02/2025	19	3	0,1	2	12	16	54
23/02/2025	20	4	0,1	2	29	32	29
23/02/2025	21	3	0,1	3	23	28	29
23/02/2025	22	3	0,1	2	13	17	35
23/02/2025	23	3	0,1	2	9	13	41
24/02/2025	00	3	0,1	2	8	12	46
24/02/2025	01	3	0,1	2	5	9	41
24/02/2025	02	3	0,1	2	4	8	41
24/02/2025	03	3	0,1	2	4	7	43
24/02/2025	04	3	0,1	2	4	7	48
24/02/2025	05	3	0,1	2	4	7	48
24/02/2025	06	3	0,1	2	7	11	43
24/02/2025	07	3	0,1	2	13	16	40
24/02/2025	08	3	0,1	2	15	18	41
24/02/2025	09	3	0,1	2	15	19	47
24/02/2025	10	4	0,1	2	18	21	51
24/02/2025	11	4	0,1	2	9	13	67
24/02/2025	12	4	0,1	2	6	10	80
24/02/2025	13	4	0,1	2	6	10	81
24/02/2025	14	3	0,1	2	6	10	82
24/02/2025	15	3	0,1	2	7	10	82
24/02/2025	16	3	0,1	2	8	11	81
24/02/2025	17	4	0,1	2	13	17	71
24/02/2025	18	4	0,1	2	17	20	65
24/02/2025	19	4	0,1	2	31	35	49
24/02/2025	20	4	0,1	3	21	24	52
24/02/2025	21	4	0,1	2	19	22	51
24/02/2025	22	4	0,1	2	17	21	49
24/02/2025	23	4	0,1	2	9	13	64
25/02/2025	00	3	0,2	2	8	12	78
25/02/2025	01	4	0,2	3	7	11	74
25/02/2025	02	4	0,2	2	6	10	72
25/02/2025	03	4	0,1	2	6	10	69
25/02/2025	04	4	0,1	2	8	11	64
25/02/2025	05	3	0,1	2	7	10	74
25/02/2025	06	4	0,1	2	5	8	78
25/02/2025	07	4	0,1	2	5	9	75
25/02/2025	08	4	0,1	2	12	16	68
25/02/2025	09	3	0,1	3	11	14	70
25/02/2025	10	3	0,1	2	9	13	75
25/02/2025	11	3	0,1	3	7	11	77
25/02/2025	12	3	0,1	3	7	11	76
25/02/2025	13	3	0,1	3	8	12	72
25/02/2025	14	3	0,1	3	8	12	73
25/02/2025	15	3	0,1	3	7	11	74
25/02/2025	16	3	0,1	3	7	11	74
25/02/2025	17	3	0,1	3	8	12	71
25/02/2025	18	3	0,1	3	16	21	62
25/02/2025	19	3	0,1	3	19	23	58
25/02/2025	20	3	0,1	3	13	17	64
25/02/2025	21	3	0,1	3	11	16	64
25/02/2025	22	3	0,1	3	9	13	72
25/02/2025	23	3	0,1	3	9	14	69
26/02/2025	00	3	0,1	3	12	16	51
26/02/2025	01	3	0,1	3	13	16	53
26/02/2025	02	3	0,1	3	8	13	68
26/02/2025	03	3	0,1	3	4	8	74
26/02/2025	04	3	0,1	3	6	11	64
26/02/2025	05	3	0,1	3	8	11	58
26/02/2025	06	3	0,1	3	8	12	54
26/02/2025	07	3	0,1	3	12	16	48
26/02/2025	08	3	0,1	2	15	19	46
26/02/2025	09	3	0,1	3	15	19	55
26/02/2025	10	3	0,1	3	10	14	74
26/02/2025	11	4	0,1	3	8	12	77
26/02/2025	12	4	0,1	3	7	11	83
26/02/2025	13	4	0,1	3	6	10	85
26/02/2025	14	3	0,1	3	7	11	87
26/02/2025	15	3	0,1	3	7	10	89
26/02/2025	16	3	0,1	3	7	11	90
26/02/2025	17	4	0,1	3	8	12	87
26/02/2025	18	4	0,1	3	10	14	81
26/02/2025	19	4	0,1	3	12	16	78
26/02/2025	20	4	0,1	3	13	17	74
26/02/2025	21	3	0,1	3	14	18	71
26/02/2025	22	3	0,1	3	18	22	65
26/02/2025	23	3	0,1	3	13	17	65
27/02/2025	00	3	0,1	3	11	15	69
27/02/2025	01	3	0,1	3	11	15	65
27/02/2025	02	3	0,1	3	9	12	67
27/02/2025	03	3	0,1	3	15	19	67
27/02/2025	04	3	0,1	2	13	17	65
27/02/2025	05	3	0,1	3	22	26	61
27/02/2025	06	3	0,1	2	17	21	59
27/02/2025	07	3	0,1	2	20	23	58
27/02/2025	08	3	0,1	3	33	37	48
27/02/2025	09	3	0,1	3	29	33	50
27/02/2025	10	3	0,1	3	29	33	54
27/02/2025	11	4	0,1	3	32	37	57
27/02/2025	12	4	0,1	7	21	31	67
27/02/2025	13	3	0,1	3	7	10	88
27/02/2025	14	3	0,1	3	7	11	90
27/02/2025	15	4	0,1	3	8	12	94
27/02/2025	16	4	0,1	3	7	11	97
27/02/2025	17	4	0,1	2	8	12	95
27/02/2025	18	3	0,1	3	10	14	92
27/02/2025	19	4	0,1	3	14	18	81
27/02/2025	20	4	0,1	3	18	23	74
27/02/2025	21	4	0,1	3	18	22	70
27/02/2025	22	4	0,1	3	13	17	67
27/02/2025	23	3	0,1	3	10	13	65
28/02/2025	00	3	0,1	3	8	12	59
28/02/2025	01	3	0,1	3	7	11	53
28/02/2025	02	3	0,1	3	7	11	47
28/02/2025	03	3	0,1	3	11	15	43
28/02/2025	04	3	0,1	3	11	15	47
28/02/2025	05	3	0,1	3	7	11	51
28/02/2025	06	3	0,1	3	11	15	49
28/02/2025	07	3	0,1	3	13	17	54
28/02/2025	08	3	0,1	3	21	25	55
28/02/2025	09	3	0,1	3	19	23	61
28/02/2025	10	4	0,1	3	12	16	73
28/02/2025	11	4	0,1	3	12	15	83
28/02/2025	12	3	0,1	3	13	17	84
28/02/2025	13	3	0,1	3	12	16	88
28/02/2025	14	3	0,1	3	12	16	92
28/02/2025	15	4	0,1	3	10	14	95
28/02/2025	16	4	0,1	3	10	14	91
28/02/2025	17	3	0,1	3	11	15	86
28/02/2025	18	3	0,1	3	12	16	88
28/02/2025	19	4	0,1	3	15	19	82
28/02/2025	20	4	0,1	3	15	19	83
28/02/2025	21	4	0,1	3	12	16	88
28/02/2025	22	4	0,1	3	10	14	87
28/02/2025	23	3	0,1	3	9	12	84
01/03/2025	00	4	0,1	3	7	11	82
01/03/2025	01	4	0,1	3	6	10	87
01/03/2025	02	4	0,1	3	5	9	86
01/03/2025	03	4	0,1	3	5	9	84
01/03/2025	04	3	0,1	3	4	8	84
01/03/2025	05	3	0,1	3	5	9	78
01/03/2025	06	3	0,1	3	6	9	81
01/03/2025	07	3	0,1	3	6	10	79
01/03/2025	08	4	0,1	3	7	11	80
01/03/2025	09	3	0,1	3	9	13	78
01/03/2025	10	3	0,1	3	9	13	81
01/03/2025	11	3	0,1	3	9	13	82
01/03/2025	12	3	0,1	3	11	15	78
01/03/2025	13	4	0,1	3	10	14	79
01/03/2025	14	3	0,1	3	10	15	76
01/03/2025	15	3	0,1	3	8	12	76
01/03/2025	16	3	0,1	3	8	12	77
01/03/2025	17	3	0,1	3	7	11	80
01/03/2025	18	3	0,1	3	9	12	81
01/03/2025	19	3	0,1	3	8	12	80
01/03/2025	20	3	0,1	3	9	12	78
01/03/2025	21	3	0,1	3	7	11	80
01/03/2025	22	3	0,1	3	6	10	83
01/03/2025	23	3	0,1	3	5	9	83
02/03/2025	00	3	0,1	3	4	8	84
02/03/2025	01	3	0,1	3	4	8	85
02/03/2025	02	3	0,1	3	4	8	85
02/03/2025	03	3	0,1	3	4	8	83
02/03/2025	04	3	0,1	3	4	8	85
02/03/2025	05	3	0,1	3	4	8	85
02/03/2025	06	3	0,1	3	4	8	82
02/03/2025	07	3	0,1	3	4	8	80
02/03/2025	08	3	0,1	3	4	8	81
02/03/2025	09	3	0,1	3	6	9	79
02/03/2025	10	3	0,1	3	7	10	76
02/03/2025	11	3	0,1	3	7	11	77
02/03/2025	12	3	0,1	3	7	11	76
02/03/2025	13	3	0,1	3	9	13	74
02/03/2025	14	4	0,1	3	8	12	76
02/03/2025	15	4	0,1	3	7	11	78
02/03/2025	16	5	0,1	3	7	10	77
02/03/2025	17	4	0,1	3	8	12	77
02/03/2025	18	4	0,1	3	8	12	77
02/03/2025	19	4	0,1	3	8	12	76
02/03/2025	20	4	0,1	3	9	13	74
02/03/2025	21	4	0,1	3	8	12	76
02/03/2025	22	4	0,1	3	6	10	79
02/03/2025	23	4	0,1	3	4	8	76
03/03/2025	00	4	0,1	3	4	8	77
03/03/2025	01	4	0,1	3	4	8	78
03/03/2025	02	4	0,1	3	4	8	74
03/03/2025	03	4	0,1	3	4	8	73
03/03/2025	04	4	0,1	3	4	8	73
03/03/2025	05	4	0,1	3	6	10	69
03/03/2025	06	4	0,1	3	9	13	66
03/03/2025	07	4	0,1	3	18	22	60
03/03/2025	08	4	0,1	3	24	28	63
03/03/2025	09	3	0,1	3	19	23	69
03/03/2025	10	3	0,1	3	14	18	70
03/03/2025	11	3	0,1	3	13	17	74
03/03/2025	12	3	0,2	3	12	16	80
03/03/2025	13	3	0,1	3	8	12	82
03/03/2025	14	3	0,1	3	9	13	81
03/03/2025	15	3	0,1	3	8	12	82
03/03/2025	16	3	0,1	3	12	16	78
03/03/2025	17	3	0,1	3	14	18	75
03/03/2025	18	3	0,1	3	13	17	74
03/03/2025	19	3	0,1	3	13	17	75
03/03/2025	20	3	0,1	3	10	14	79
03/03/2025	21	3	0,4	3	9	13	79
03/03/2025	22	3	0,7	3	9	13	80
03/03/2025	23	3	0,5	3	5	9	84
04/03/2025	00	3	0,7	3	4	8	84
04/03/2025	01	3	0,1	3	4	8	83
04/03/2025	02	3	0,1	3	4	8	80
04/03/2025	03	3	0,1	3	4	8	78
04/03/2025	04	3	0,1	3	4	8	79
04/03/2025	05	3	0,1	3	4	8	79
04/03/2025	06	3	0,1	3	6	10	79
04/03/2025	07	3	0,1	3	9	13	75
04/03/2025	08	3	0,1	3	14	18	72
04/03/2025	09	4	0,1	3	16	20	71
04/03/2025	10	3	0,2	3	13	17	73
04/03/2025	11	3	0,1	3	13	17	73
04/03/2025	12	3	0,1	3	14	18	71
04/03/2025	13	3	0,1	3	14	18	71
04/03/2025	14	3	0,1	3	14	18	71
04/03/2025	15	3	0,1	3	12	16	72
04/03/2025	16	3	0,1	3	13	17	71
04/03/2025	17	3	0,1	3	13	17	71
04/03/2025	18	3	0,1	3	15	19	70
04/03/2025	19	3	0,2	3	14	18	70
04/03/2025	20	3	0,3	3	14	18	69
04/03/2025	21	3	0,1	3	11	15	75
04/03/2025	22	3	0,1	3	8	12	77
04/03/2025	23	3	0,1	3	6	10	80
05/03/2025	00	3	0,1	3	4	8	83
05/03/2025	01	3	0,1	3	4	8	83
05/03/2025	02	3	0,1	3	4	8	85
05/03/2025	03	3	0,1	3	4	8	86
05/03/2025	04	3	0,1	3	4	8	85
05/03/2025	05	3	0,1	3	5	9	84
05/03/2025	06	3	0,1	3	7	11	83
05/03/2025	07	3	0,1	3	10	14	77
05/03/2025	08	3	0,1	3	17	21	72
05/03/2025	09	3	0,1	3	18	22	70
05/03/2025	10	3	0,1	3	11	16	77
05/03/2025	11	4	0,1	3	12	17	74
05/03/2025	12	3	0,1	3	11	16	78
05/03/2025	13	3	0,1	3	15	19	70
05/03/2025	14	3	0,1	3	18	23	69
05/03/2025	15	3	0,2	3	14	19	72
05/03/2025	16	4	0,4	3	13	18	75
05/03/2025	17	3	0,2	3	14	19	75
05/03/2025	18	3	0,1	3	13	18	73
05/03/2025	19	3	0,1	3	11	16	74
05/03/2025	20	4	0,1	3	11	15	72
05/03/2025	21	4	0,1	3	11	15	72
05/03/2025	22	4	0,1	3	10	15	68
05/03/2025	23	3	0,1	3	9	14	71
06/03/2025	00	3	0,1	3	6	11	77
06/03/2025	01	3	0,1	3	5	10	76
06/03/2025	02	4	0,1	3	5	10	73
06/03/2025	03	4	0,1	3	5	10	73
06/03/2025	04	3	0,1	3	5	10	71
06/03/2025	05	3	0,1	3	6	11	66
06/03/2025	06	3	0,1	3	11	16	62
06/03/2025	07	4	0,1	3	17	21	58
06/03/2025	08	4	0,1	3	21	25	65
06/03/2025	09	3	0,1	3	20	24	64
06/03/2025	10	3	0,1	3	16	21	67
06/03/2025	11	3	0,1	3	15	20	66
06/03/2025	12	3	0,1	3	14	19	66
06/03/2025	13	3	0,1	3	15	20	62
06/03/2025	14	3	0,1	3	14	19	68
06/03/2025	15	3	0,1	3	12	16	71
06/03/2025	16	3	0,1	3	14	19	70
06/03/2025	17	3	0,1	3	15	19	70
06/03/2025	18	3	0,1	3	15	19	71
06/03/2025	19	3	0,1	3	14	19	74
06/03/2025	20	3	0,1	3	14	18	74
06/03/2025	21	3	0,1	3	9	14	78
06/03/2025	22	3	0,1	3	7	11	81
06/03/2025	23	3	0,3	3	6	10	81
07/03/2025	00	3	0,1	3	5	9	83
07/03/2025	01	3	0,1	3	4	9	82
07/03/2025	02	3	0,1	3	4	9	84
07/03/2025	03	3	0,1	3	4	9	84
07/03/2025	04	3	0,1	3	4	9	80
07/03/2025	05	3	0,1	3	7	11	77
07/03/2025	06	3	0,1	3	8	13	71
07/03/2025	07	3	0,1	3	12	16	67
07/03/2025	08	3	0,1	3	19	24	66
07/03/2025	09	3	0,1	3	17	22	64
07/03/2025	10	3	0,1	3	14	18	69
07/03/2025	11	3	0,1	3	9	13	73
07/03/2025	12	3	0,1	3	8	12	75
07/03/2025	13	3	0,1	2	6	10	79
07/03/2025	14	3	0,1	2	6	10	81
07/03/2025	15	3	0,1	2	8	12	77
07/03/2025	16	3	0,1	2	9	13	73
07/03/2025	17	3	0,1	3	10	13	76
07/03/2025	18	3	0,1	3	12	16	64
07/03/2025	19	3	0,1	3	13	17	67
07/03/2025	20	3	0,1	3	16	20	60
07/03/2025	21	3	0,1	3	8	12	77
07/03/2025	22	3	0,1	3	6	10	79
07/03/2025	23	3	0,1	3	9	13	64
08/03/2025	00	3	0,1	3	8	12	68
08/03/2025	01	3	0,1	3	4	8	76
08/03/2025	02	3	0,1	3	4	8	69
08/03/2025	03	3	0,1	3	5	9	63
08/03/2025	04	3	0,1	3	5	9	59
08/03/2025	05	3	0,1	3	7	11	51
08/03/2025	06	3	0,1	3	9	13	45
08/03/2025	07	3	0,1	3	11	15	48
08/03/2025	08	3	0,1	3	6	10	79
08/03/2025	09	3	0,1	3	5	9	83
08/03/2025	10	3	0,1	3	5	9	85
08/03/2025	11	3	0,1	3	4	8	86
08/03/2025	12	3	0,1	3	5	9	87
08/03/2025	13	3	0,1	3	5	8	90
08/03/2025	14	3	0,1	3	5	9	90
08/03/2025	15	3	0,1	3	4	8	93
08/03/2025	16	3	0,1	3	4	8	91
08/03/2025	17	4	0,1	3	4	8	90
08/03/2025	18	3	0,1	3	6	10	90
08/03/2025	19	3	0,1	3	6	9	93
08/03/2025	20	3	0,1	3	5	9	92
08/03/2025	21	4	0,1	3	5	9	89
08/03/2025	22	4	0,1	3	5	9	85
08/03/2025	23	3	0,1	3	4	8	87
09/03/2025	00	3	0,1	3	5	9	83
09/03/2025	01	4	0,1	3	7	11	72
09/03/2025	02	3	0,1	3	9	13	60
09/03/2025	03	4	0,1	3	4	8	79
09/03/2025	04	3	0,1	3	4	8	79
09/03/2025	05	3	0,1	3	4	8	78
09/03/2025	06	3	0,1	3	4	8	80
09/03/2025	07	3	0,1	3	4	8	78
09/03/2025	08	3	0,1	3	4	8	86
09/03/2025	09	3	0,1	2	4	7	86
09/03/2025	10	4	0,1	2	4	7	87
09/03/2025	11	4	0,1	2	4	7	90
09/03/2025	12	4	0,1	2	4	7	89
09/03/2025	13	4	0,1	2	4	7	89
09/03/2025	14	3	0,1	2	4	7	87
09/03/2025	15	4	0,1	2	4	7	89
09/03/2025	16	4	0,1	2	4	7	92
09/03/2025	17	4	0,1	2	4	7	91
09/03/2025	18	4	0,1	2	6	10	85
09/03/2025	19	4	0,1	3	11	15	80
09/03/2025	20	4	0,1	3	5	9	86
09/03/2025	21	4	0,1	2	7	11	76
09/03/2025	22	4	0,1	2	6	10	73
09/03/2025	23	4	0,1	3	5	9	72
10/03/2025	00	3	0,1	2	7	11	68
10/03/2025	01	3	0,1	2	7	10	63
10/03/2025	02	3	0,1	2	6	10	62
10/03/2025	03	3	0,1	2	5	8	60
10/03/2025	04	3	0,1	2	4	7	80
10/03/2025	05	3	0,1	2	6	10	75
10/03/2025	06	4	0,1	2	5	9	80
10/03/2025	07	4	0,1	2	8	11	72
10/03/2025	08	4	0,1	2	16	20	64
10/03/2025	09	3	0,1	3	8	12	76
10/03/2025	10	3	0,1	2	5	9	80
10/03/2025	11	3	0,1	2	4	8	81
10/03/2025	12	3	0,1	2	5	8	82
10/03/2025	13	3	0,1	2	4	8	84
10/03/2025	14	3	0,1	2	4	8	85
10/03/2025	15	3	0,1	2	4	8	87
10/03/2025	16	3	0,1	2	5	8	86
10/03/2025	17	3	0,1	2	6	10	85
10/03/2025	18	3	0,1	2	7	11	87
10/03/2025	19	3	0,1	2	14	18	78
10/03/2025	20	3	0,1	3	13	17	73
10/03/2025	21	3	0,1	3	22	26	60
10/03/2025	22	3	0,1	2	22	26	60
10/03/2025	23	3	0,1	2	18	22	60
11/03/2025	00	3	0,1	2	10	13	70
11/03/2025	01	3	0,1	2	7	11	74
11/03/2025	02	3	0,1	3	7	11	65
11/03/2025	03	3	0,1	2	6	10	59
11/03/2025	04	3	0,1	2	6	10	57
11/03/2025	05	3	0,1	2	8	11	56
11/03/2025	06	3	0,1	2	7	11	80
11/03/2025	07	3	0,1	2	9	12	77
11/03/2025	08	3	0,1	2	8	12	73
11/03/2025	09	3	0,1	3	10	14	74
11/03/2025	10	3	0,1	2	7	11	80
11/03/2025	11	3	0,1	2	5	9	86
11/03/2025	12	3	0,1	3	4	8	87
11/03/2025	13	3	0,1	3	4	8	88
11/03/2025	14	3	0,1	2	6	9	89
11/03/2025	15	3	0,1	2	6	9	90
11/03/2025	16	3	0,1	3	6	10	91
11/03/2025	17	3	0,1	3	13	17	78
11/03/2025	18	3	0,1	3	14	18	72
11/03/2025	19	3	0,1	3	14	18	74
11/03/2025	20	4	0,1	2	16	20	73
11/03/2025	21	3	0,1	2	10	14	82
11/03/2025	22	3	0,1	2	6	9	91
11/03/2025	23	3	0,1	2	6	9	91
12/03/2025	00	3	0,1	2	4	7	89
12/03/2025	01	3	0,1	2	4	7	88
12/03/2025	02	3	0,1	2	4	7	91
12/03/2025	03	3	0,1	2	4	8	91
12/03/2025	04	3	0,1	2	4	8	86
12/03/2025	05	3	0,1	3	4	7	84
12/03/2025	06	3	0,1	2	5	8	80
12/03/2025	07	3	0,1	2	8	12	73
12/03/2025	08	3	0,1	2	9	13	71
12/03/2025	09	3	0,1	3	6	10	74
12/03/2025	10	3	0,1	2	5	8	78
12/03/2025	11	3	0,1	3	5	8	79
12/03/2025	12	3	0,1	3	5	9	81
12/03/2025	13	3	0,1	2	4	8	83
12/03/2025	14	3	0,1	2	5	8	82
12/03/2025	15	3	0,1	2	4	8	84
12/03/2025	16	3	0,1	3	4	8	85
12/03/2025	17	3	0,1	3	5	9	79
12/03/2025	18	3	0,1	3	7	10	77
12/03/2025	19	3	0,1	3	8	12	77
12/03/2025	20	3	0,1	2	10	14	78
12/03/2025	21	3	0,1	2	8	12	82
12/03/2025	22	3	0,1	3	7	10	80
12/03/2025	23	3	0,1	3	7	11	80
13/03/2025	00	3	0,1	3	5	8	80
13/03/2025	01	4	0,1	3	4	8	78
13/03/2025	02	3	0,1	2	4	8	74
13/03/2025	03	3	0,1	3	6	10	69
13/03/2025	04	3	0,1	2	5	9	67
13/03/2025	05	3	0,1	2	10	14	63
13/03/2025	06	3	0,1	2	16	20	53
13/03/2025	07	3	0,1	2	25	28	49
13/03/2025	08	3	0,1	2	28	32	52
13/03/2025	09	3	0,1	3	36	41	49
13/03/2025	10	4	0,1	3	17	21	68
13/03/2025	11	4	0,1	3	4	8	85
13/03/2025	12	4	0,1	3	4	8	86
13/03/2025	13	3	0,1	3	4	8	84
13/03/2025	14	4	0,1	2	7	11	80
13/03/2025	15	4	0,1	3	10	14	71
13/03/2025	16	4	0,1	3	12	15	67
13/03/2025	17	3	0,1	3	11	15	73
13/03/2025	18	4	0,1	3	8	12	82
13/03/2025	19	4	0,1	3	12	16	73
13/03/2025	20	4	0,1	3	17	20	68
13/03/2025	21	4	0,1	3	23	27	60
13/03/2025	22	4	0,1	3	17	21	63
13/03/2025	23	4	0,1	3	10	14	80
14/03/2025	00	4	0,1	3	6	10	90
14/03/2025	01	4	0,1	3	4	8	87
14/03/2025	02	4	0,1	2	4	8	77
14/03/2025	03	4	0,1	2	5	8	68
14/03/2025	04	3	0,1	3	5	8	61
14/03/2025	05	3	0,1	2	4	8	59
14/03/2025	06	4	0,1	3	9	13	54
14/03/2025	07	4	0,1	3	23	27	40
14/03/2025	08	4	0,1	3	28	32	33
14/03/2025	09	3	0,1	3	22	27	49
14/03/2025	10	3	0,1	2	11	15	61
14/03/2025	11	4	0,1	2	11	15	65
14/03/2025	12	4	0,1	3	9	13	71
14/03/2025	13	3	0,1	3	13	16	63
14/03/2025	14	3	0,1	3	14	17	65
14/03/2025	15	3	0,1	3	13	17	66
14/03/2025	16	3	0,1	2	9	13	71
14/03/2025	17	3	0,1	2	9	13	68
14/03/2025	18	3	0,1	2	12	16	65
14/03/2025	19	3	0,1	2	12	16	65
14/03/2025	20	3	0,1	2	12	16	65
14/03/2025	21	3	0,1	2	9	13	67
14/03/2025	22	3	0,1	2	9	13	67
14/03/2025	23	3	0,1	2	5	9	70
15/03/2025	00	3	0,1	2	4	8	73
15/03/2025	01	3	0,1	2	4	7	72
15/03/2025	02	3	0,1	2	4	7	71
15/03/2025	03	3	0,1	2	4	7	68
15/03/2025	04	3	0,1	2	4	7	60
15/03/2025	05	3	0,2	2	4	7	61
15/03/2025	06	3	0,1	2	4	8	61
15/03/2025	07	3	0,1	2	5	8	51
15/03/2025	08	3	0,1	2	6	9	56
15/03/2025	09	3	0,1	2	5	8	71
15/03/2025	10	5	0,1	2	4	8	82
15/03/2025	11	4	0,1	3	4	8	83
15/03/2025	12	4	0,1	2	4	7	84
15/03/2025	13	4	0,1	2	4	7	87
15/03/2025	14	4	0,1	2	4	7	89
15/03/2025	15	4	0,1	2	4	7	88
15/03/2025	16	4	0,1	2	4	7	89
15/03/2025	17	4	0,1	2	4	7	86
15/03/2025	18	4	0,1	2	4	8	85
15/03/2025	19	5	0,1	2	6	10	80
15/03/2025	20	5	0,1	2	10	14	74
15/03/2025	21	4	0,1	2	14	18	63
15/03/2025	22	4	0,1	2	13	16	57
15/03/2025	23	4	0,1	2	11	14	58
16/03/2025	00	4	0,1	2	7	10	62
16/03/2025	01	4	0,2	2	5	8	76
16/03/2025	02	3	0,1	2	4	7	77
16/03/2025	03	3	0,1	2	4	7	68
16/03/2025	04	3	0,1	2	3	7	62
16/03/2025	05	3	0,1	2	3	7	61
16/03/2025	06	3	0,1	2	4	7	62
16/03/2025	07	3	0,1	2	4	7	70
16/03/2025	08	3	0,1	2	4	7	83
16/03/2025	09	4	0,2	2	4	7	84
16/03/2025	10	4	0,1	2	4	7	86
16/03/2025	11	3	0,1	2	4	7	87
16/03/2025	12	3	0,1	2	4	7	87
16/03/2025	13	3	0,1	2	4	7	86
16/03/2025	14	4	0,1	2	4	7	86
16/03/2025	15	4	0,2	2	4	7	86
16/03/2025	16	3	0,2	2	4	8	88
16/03/2025	17	3	0,3	2	4	7	81
16/03/2025	18	4	0,2	2	4	7	80
16/03/2025	19	4	0,1	2	5	9	76
16/03/2025	20	4	0,1	2	14	17	64
16/03/2025	21	4	0,1	2	15	18	62
16/03/2025	22	4	0,1	2	10	13	61
16/03/2025	23	4	0,1	2	10	14	61
17/03/2025	00	4	0,1	2	7	11	58
17/03/2025	01	3	0,1	2	5	9	61
17/03/2025	02	3	0,1	2	4	8	60
17/03/2025	03	3	0,1	2	4	7	60
17/03/2025	04	3	0,1	2	4	7	56
17/03/2025	05	4	0,1	2	5	9	50
17/03/2025	06	4	0,1	2	17	20	38
17/03/2025	07	3	0,1	2	18	22	34
17/03/2025	08	3	0,1	2	18	22	37
17/03/2025	09	3	0,1	2	22	26	43
17/03/2025	10	4	0,1	3	22	26	40
17/03/2025	11	4	0,1	2	15	18	49
17/03/2025	12	4	0,1	2	13	17	61
17/03/2025	13	4	0,1	2	13	16	64
17/03/2025	14	4	0,1	2	14	18	65
17/03/2025	15	4	0,1	2	11	15	67
17/03/2025	16	4	0,1	2	9	13	69
17/03/2025	17	4	0,1	2	10	13	69
17/03/2025	18	4	0,1	2	12	15	65
17/03/2025	19	4	0,1	2	9	13	70
17/03/2025	20	4	0,1	2	11	15	68
17/03/2025	21	4	0,1	2	9	13	68
17/03/2025	22	3	0,1	2	6	10	71
17/03/2025	23	3	0,1	2	5	9	72
18/03/2025	00	4	0,1	2	4	8	75
18/03/2025	01	4	0,1	2	4	7	72
18/03/2025	02	4	0,1	2	4	7	71
18/03/2025	03	3	0,1	2	4	7	67
18/03/2025	04	4	0,1	2	4	7	71
18/03/2025	05	4	0,1	2	4	8	73
18/03/2025	06	4	0,2	2	5	9	67
18/03/2025	07	4	0,1	2	11	15	59
18/03/2025	08	3	0,1	2	16	20	55
18/03/2025	09	3	0,1	2	18	22	52
18/03/2025	10	4	0,1	2	19	23	50
18/03/2025	11	3	0,1	2	12	16	63
18/03/2025	12	3	0,1	2	8	12	71
18/03/2025	13	3	0,1	2	6	10	79
18/03/2025	14	3	0,1	2	6	9	78
18/03/2025	15	3	0,1	2	15	18	62
18/03/2025	16	4	0,1	2	17	21	63
18/03/2025	17	4	0,1	2	16	20	67
18/03/2025	18	3	0,1	2	15	19	70
18/03/2025	19	3	0,1	2	16	19	72
18/03/2025	20	4	0,1	2	12	16	77
18/03/2025	21	4	0,1	2	9	13	79
18/03/2025	22	4	0,1	2	7	11	77
18/03/2025	23	3	0,1	2	5	9	77
19/03/2025	00	3	0,1	2	5	9	69
19/03/2025	01	3	0,1	2	5	9	72
19/03/2025	02	4	0,1	2	6	9	65
19/03/2025	03	4	0,1	2	5	9	69
19/03/2025	04	3	0,1	2	6	10	66
19/03/2025	05	3	0,1	2	4	8	65
19/03/2025	06	4	0,1	2	5	9	58
19/03/2025	07	4	0,1	2	7	11	56
19/03/2025	08	4	0,1	2	11	15	53
19/03/2025	09	3	0,1	2	9	13	64
19/03/2025	10	3	0,1	2	4	8	74
19/03/2025	11	3	0,1	2	4	8	82
19/03/2025	12	3	0,1	2	4	8	84
19/03/2025	13	3	0,1	2	4	7	82
19/03/2025	14	3	0,1	2	4	7	83
19/03/2025	15	3	0,1	2	4	7	86
19/03/2025	16	3	0,1	2	4	7	90
19/03/2025	17	3	0,1	2	4	8	86
19/03/2025	18	3	0,1	2	5	8	84
19/03/2025	19	3	0,1	2	6	10	81
19/03/2025	20	3	0,1	2	6	10	81
19/03/2025	21	3	0,1	2	6	10	80
19/03/2025	22	3	0,1	2	7	11	76
19/03/2025	23	3	0,1	2	5	9	75
20/03/2025	00	3	0,1	2	4	8	75
20/03/2025	01	3	0,1	2	4	7	73
20/03/2025	02	3	0,1	2	4	7	74
20/03/2025	03	3	0,1	2	4	7	76
20/03/2025	04	3	0,1	2	4	7	80
20/03/2025	05	3	0,1	2	4	7	87
20/03/2025	06	3	0,1	2	5	9	85
20/03/2025	07	3	0,1	2	10	14	74
20/03/2025	08	3	0,1	2	19	23	66
20/03/2025	09	3	0,1	2	19	23	68
20/03/2025	10	3	0,1	2	14	18	72
20/03/2025	11	3	0,1	3	14	18	70
20/03/2025	12	3	0,1	3	9	13	76
20/03/2025	13	3	0,1	2	8	12	78
20/03/2025	14	3	0,1	2	8	11	79
20/03/2025	15	3	0,1	2	7	10	79
20/03/2025	16	3	0,1	2	8	12	76
20/03/2025	17	3	0,1	2	11	15	72
20/03/2025	18	3	0,1	2	12	16	72
20/03/2025	19	3	0,1	2	14	18	66
20/03/2025	20	3	0,1	2	15	19	62
20/03/2025	21	3	0,1	2	16	20	54
20/03/2025	22	3	0,1	2	11	15	59
20/03/2025	23	3	0,1	2	7	10	63
21/03/2025	00	3	0,1	2	5	8	59
21/03/2025	01	3	0,1	2	4	8	67
21/03/2025	02	3	0,1	2	4	8	66
21/03/2025	03	3	0,1	2	4	8	62
21/03/2025	04	3	0,1	2	4	7	58
21/03/2025	05	3	0,1	2	5	8	55
21/03/2025	06	3	0,1	2	10	14	45
21/03/2025	07	3	0,1	2	18	22	40
21/03/2025	08	3	0,1	2	6	10	88
21/03/2025	09	3	0,1	2	9	13	91
21/03/2025	10	3	0,1	2	13	17	82
21/03/2025	11	3	0,1	2	7	10	89
21/03/2025	12	3	0,1	2	4	7	88
21/03/2025	13	3	0,1	2	3	7	91
21/03/2025	14	3	0,1	2	4	7	90
21/03/2025	15	3	0,1	2	3	7	91
21/03/2025	16	3	0,1	2	3	7	90
21/03/2025	17	3	0,1	2	5	8	90
21/03/2025	18	3	0,1	2	6	10	88
21/03/2025	19	3	0,1	2	7	11	83
21/03/2025	20	3	0,1	2	13	16	72
21/03/2025	21	3	0,1	2	20	24	62
21/03/2025	22	3	0,1	2	23	26	53
21/03/2025	23	3	0,1	2	24	27	46
22/03/2025	00	3	0,1	2	19	23	50
22/03/2025	01	3	0,1	2	9	13	60
22/03/2025	02	3	0,1	2	6	10	66
22/03/2025	03	3	0,1	2	6	10	65
22/03/2025	04	3	0,1	2	7	10	64
22/03/2025	05	3	0,1	2	3	7	84
22/03/2025	06	3	0,1	2	3	7	83
22/03/2025	07	3	0,1	2	3	7	83
22/03/2025	08	3	0,1	2	3	7	86
22/03/2025	09	3	0,1	2	3	7	86
22/03/2025	10	3	0,1	2	3	7	86
22/03/2025	11	3	0,1	2	4	7	84
22/03/2025	12	3	0,1	2	3	7	87
22/03/2025	13	3	0,1	2	3	7	87
22/03/2025	14	3	0,1	2	3	7	86
22/03/2025	15	3	0,1	2	3	7	85
22/03/2025	16	3	0,1	2	3	7	85
22/03/2025	17	3	0,1	2	3	6	85
22/03/2025	18	3	0,1	2	3	7	83
22/03/2025	19	3	0,1	2	4	7	79
22/03/2025	20	3	0,1	2	8	11	74
22/03/2025	21	3	0,1	2	8	11	73
22/03/2025	22	3	0,1	2	4	7	80
22/03/2025	23	3	0,1	2	3	7	81
23/03/2025	00	3	0,1	2	3	7	85
23/03/2025	01	3	0,1	2	3	7	84
23/03/2025	02	3	0,1	2	3	7	84
23/03/2025	03	3	0,1	2	3	7	83
23/03/2025	04	3	0,1	2	3	7	84
23/03/2025	05	3	0,1	2	3	6	84
23/03/2025	06	3	0,1	2	3	7	82
23/03/2025	07	3	0,1	2	3	6	81
23/03/2025	08	3	0,1	2	3	6	79
23/03/2025	09	4	0,1	2	3	7	78
23/03/2025	10	4	0,1	2	3	7	78
23/03/2025	11	3	0,1	2	3	7	78
23/03/2025	12	3	0,1	2	3	7	80
23/03/2025	13	3	0,1	2	3	6	79
23/03/2025	14	3	0,1	2	3	7	80
23/03/2025	15	3	0,1	2	3	6	81
23/03/2025	16	3	0,1	2	3	6	82
23/03/2025	17	3	0,1	2	3	6	85
23/03/2025	18	3	0,1	2	3	7	85
23/03/2025	19	4	0,1	2	5	8	84
23/03/2025	20	4	0,1	2	6	9	79
23/03/2025	21	4	0,1	2	11	14	59
23/03/2025	22	4	0,1	2	8	11	56
23/03/2025	23	3	0,1	2	4	7	56
24/03/2025	00	3	0,1	2	3	6	56
24/03/2025	01	3	0,1	2	3	6	55
24/03/2025	02	3	0,1	2	3	6	57
24/03/2025	03	3	0,1	2	3	6	55
24/03/2025	04	3	0,1	2	3	6	60
24/03/2025	05	3	0,1	2	3	6	62
24/03/2025	06	3	0,1	2	3	6	63
24/03/2025	07	3	0,1	2	18	21	39
24/03/2025	08	3	0,1	2	12	15	56
24/03/2025	09	3	0,1	2	6	9	69
24/03/2025	10	3	0,1	2	3	6	76
24/03/2025	11	3	0,1	2	3	6	80
24/03/2025	12	4	0,1	2	3	6	83
24/03/2025	13	4	0,5	2	3	6	83
24/03/2025	14	4	0,6	2	4	7	82
24/03/2025	15	3	0,1	2	3	6	85
24/03/2025	16	3	0,1	2	3	6	86
24/03/2025	17	4	0,1	2	3	7	87
24/03/2025	18	4	0,1	2	3	7	84
24/03/2025	19	4	0,1	2	5	9	78
24/03/2025	20	4	0,1	2	6	9	77
24/03/2025	21	4	0,1	2	5	9	75
24/03/2025	22	4	0,1	2	9	12	67
24/03/2025	23	4	0,1	2	8	11	65
25/03/2025	00	4	0,1	2	4	7	68
25/03/2025	01	5	0,1	2	3	7	67
25/03/2025	02	4	0,1	2	3	7	65
25/03/2025	03	4	0,1	2	3	7	66
25/03/2025	04	4	0,1	2	3	7	60
25/03/2025	05	4	0,1	2	3	7	55
25/03/2025	06	3	0,1	2	6	9	51
25/03/2025	07	3	0,1	2	10	13	43
25/03/2025	08	3	0,1	2	20	23	48
25/03/2025	09	3	0,1	2	9	12	67
25/03/2025	10	3	0,1	2	3	7	74
25/03/2025	11	3	0,1	2	4	7	78
25/03/2025	12	3	0,1	2	6	9	78
25/03/2025	13	3	0,1	2	6	9	81
25/03/2025	14	3	0,1	2	4	8	84
25/03/2025	15	3	0,1	2	4	7	86
25/03/2025	16	3	0,1	2	5	8	87
25/03/2025	17	3	0,1	2	5	9	87
25/03/2025	18	3	0,1	2	8	11	81
25/03/2025	19	3	0,1	2	17	20	69
25/03/2025	20	3	0,1	2	19	22	57
25/03/2025	21	3	0,1	2	20	23	48
25/03/2025	22	3	0,1	2	13	16	53
25/03/2025	23	3	0,1	2	8	12	54
26/03/2025	00	3	0,1	2	4	7	54
26/03/2025	01	3	0,1	2	3	7	53
26/03/2025	02	3	0,1	2	3	7	52
26/03/2025	03	3	0,1	2	3	6	53
26/03/2025	04	3	0,1	2	3	6	56
26/03/2025	05	3	0,1	2	3	6	53
26/03/2025	06	3	0,1	2	5	8	51
26/03/2025	07	3	0,1	2	7	10	47
26/03/2025	08	3	0,1	2	12	15	52
26/03/2025	09	3	0,1	2	11	15	66
26/03/2025	10	3	0,1	2	5	9	79
26/03/2025	11	3	0,1	2	4	7	82
26/03/2025	12	3	0,1	2	4	7	85
26/03/2025	13	3	0,1	2	4	7	85
26/03/2025	14	3	0,1	2	3	7	88
26/03/2025	15	3	0,1	2	4	7	86
26/03/2025	16	3	0,1	2	5	8	85
26/03/2025	17	3	0,1	2	4	7	84
26/03/2025	18	3	0,1	2	7	10	81
26/03/2025	19	3	0,1	2	14	17	73
26/03/2025	20	3	0,1	2	17	21	71
26/03/2025	21	3	0,1	2	22	25	52
26/03/2025	22	4	0,1	2	17	20	57
26/03/2025	23	4	0,1	2	11	15	58
27/03/2025	00	4	0,1	2	6	10	59
27/03/2025	01	4	0,1	2	5	8	57
27/03/2025	02	3	0,1	2	3	7	57
27/03/2025	03	3	0,1	2	3	7	58
27/03/2025	04	3	0,1	2	3	7	58
27/03/2025	05	3	0,1	2	3	7	57
27/03/2025	06	3	0,1	2	3	7	54
27/03/2025	07	3	0,1	2	7	10	49
27/03/2025	08	3	0,1	2	10	13	52
27/03/2025	09	4	0,1	4	21	27	50
27/03/2025	10	3	0,1	2	12	15	71
27/03/2025	11	3	0,1	2	4	7	90
27/03/2025	12	3	0,1	2	4	8	89
27/03/2025	13	3	0,1	2	4	7	90
27/03/2025	14	3	0,1	2	3	6	94
27/03/2025	15	3	0,1	2	3	6	94
27/03/2025	16	3	0,1	2	3	7	94
27/03/2025	17	3	0,2	2	3	7	96
27/03/2025	18	4	0,1	2	4	7	96
27/03/2025	19	4	0,1	2	9	12	87
27/03/2025	20	3	0,1	2	26	30	60
27/03/2025	21	4	0,1	2	25	28	57
27/03/2025	22	4	0,1	2	14	17	63
27/03/2025	23	4	0,1	2	9	13	64
28/03/2025	00	4	0,1	2	6	10	63
28/03/2025	01	3	0,1	2	4	8	64
28/03/2025	02	3	0,1	2	3	7	64
28/03/2025	03	3	0,1	2	3	7	62
28/03/2025	04	3	0,1	2	3	7	60
28/03/2025	05	3	0,1	2	3	7	54
28/03/2025	06	3	0,1	2	5	8	48
28/03/2025	07	3	0,1	2	11	15	44
28/03/2025	08	3	0,1	2	17	21	46
28/03/2025	09	3	0,1	2	10	13	66
28/03/2025	10	3	0,1	2	6	9	78
28/03/2025	11	3	0,1	2	3	7	82
28/03/2025	12	3	0,1	2	3	7	81
28/03/2025	13	3	0,1	2	4	7	84
28/03/2025	14	3	0,1	2	3	7	88
28/03/2025	15	3	0,1	2	3	7	90
28/03/2025	16	3	0,1	2	3	7	91
28/03/2025	17	3	0,1	2	4	8	90
28/03/2025	18	3	0,1	2	11	14	86
28/03/2025	19	3	0,1	2	16	19	79
28/03/2025	20	3	0,1	2	20	24	65
28/03/2025	21	3	0,1	2	14	18	65
28/03/2025	22	4	0,1	2	10	14	65
28/03/2025	23	4	0,1	2	8	12	61
29/03/2025	00	4	0,1	2	7	10	64
29/03/2025	01	3	0,1	2	6	9	70
29/03/2025	02	3	0,1	2	4	8	74
29/03/2025	03	4	0,1	2	3	7	82
29/03/2025	04	4	0,1	2	3	7	84
29/03/2025	05	4	0,1	2	3	7	84
29/03/2025	06	3	0,1	2	3	7	84
29/03/2025	07	3	0,1	2	3	7	77
29/03/2025	08	3	0,1	2	4	8	82
29/03/2025	09	3	0,1	2	3	7	85
29/03/2025	10	4	0,1	2	3	6	87
29/03/2025	11	3	0,1	2	4	7	89
29/03/2025	12	3	0,1	2	3	6	93
29/03/2025	13	3	0,1	2	3	6	94
29/03/2025	14	3	0,1	2	3	6	96
29/03/2025	15	3	0,1	2	3	6	96
29/03/2025	16	3	0,1	2	3	6	98
29/03/2025	17	3	0,1	2	3	6	97
29/03/2025	18	3	0,1	2	4	7	96
29/03/2025	19	4	0,1	2	5	8	94
29/03/2025	20	4	0,2	2	5	8	94
29/03/2025	21	3	0,1	2	6	9	92
29/03/2025	22	4	0,1	2	5	9	91
29/03/2025	23	4	0,1	2	5	9	87
30/03/2025	00	4	0,1	2	6	10	75
30/03/2025	01	4	0,1	2	4	7	73
30/03/2025	02	3	0,1	2	3	6	71
30/03/2025	03	3	0,1	2	3	6	70
30/03/2025	04	3	0,1	2	3	6	70
30/03/2025	05	3	0,1	2	3	6	69
30/03/2025	06	3	0,1	2	3	6	68
30/03/2025	07	3	0,1	2	3	6	67
30/03/2025	08	3	0,1	2	3	6	71
30/03/2025	09	4	0,1	2	3	6	77
30/03/2025	10	4	0,1	2	4	7	83
30/03/2025	11	4	0,1	2	3	6	92
30/03/2025	12	4	0,1	2	3	6	96
30/03/2025	13	3	0,1	2	3	6	97
30/03/2025	14	4	0,1	2	3	6	98
30/03/2025	15	3	0,1	2	3	6	96
30/03/2025	16	3	0,1	2	3	6	94
30/03/2025	17	3	0,1	2	3	6	95
30/03/2025	18	4	0,3	2	4	7	93
30/03/2025	19	4	0,1	2	9	12	83
30/03/2025	20	4	0,1	2	8	12	81
30/03/2025	21	4	0,1	2	7	10	80
30/03/2025	22	4	0,1	2	5	8	79
30/03/2025	23	4	0,1	2	3	7	78
31/03/2025	00	3	0,1	2	3	6	76
31/03/2025	01	3	0,1	2	3	6	73
31/03/2025	02	3	0,1	2	3	6	74
31/03/2025	03	3	0,1	2	3	6	74
31/03/2025	04	3	0,1	2	3	6	75
31/03/2025	05	3	0,1	2	3	6	73
31/03/2025	06	3	0,1	2	5	8	69
31/03/2025	07	3	0,1	2	8	11	67
31/03/2025	08	3	0,1	2	10	13	65
31/03/2025	09	3	0,1	3	22	26	59
31/03/2025	10	3	0,2	2	7	11	82
31/03/2025	11	3	0,1	2	10	13	89
31/03/2025	12	3	0,1	2	7	10	94
31/03/2025	13	3	0,1	2	6	9	99
31/03/2025	14	3	0,1	2	6	10	100
31/03/2025	15	3	0,1	2	5	8	101
31/03/2025	16	3	0,1	2	6	9	98
31/03/2025	17	3	0,1	2	8	11	99
31/03/2025	18	3	0,1	2	9	12	97
31/03/2025	19	3	0,1	2	17	20	91
31/03/2025	20	4	0,1	2	19	23	78
31/03/2025	21	4	0,1	2	10	13	80
31/03/2025	22	4	0,1	2	6	10	77
31/03/2025	23	4	0,1	2	7	11	73
01/04/2025	00	4	0,1	2	7	10	69
01/04/2025	01	4	0,1	2	9	12	68
01/04/2025	02	4	0,1	2	7	10	68
01/04/2025	03	3	0,1	2	11	14	65
01/04/2025	04	3	0,1	2	7	10	65
01/04/2025	05	3	0,1	2	7	10	62
01/04/2025	06	3	0,1	2	14	17	59
01/04/2025	07	3	0,1	2	15	18	60
01/04/2025	08	3	0,1	2	25	28	57
01/04/2025	09	3	0,1	2	23	27	70
01/04/2025	10	3	0,1	2	15	18	81
01/04/2025	11	3	0,1	2	9	12	92
01/04/2025	12	3	0,1	2	3	6	98
01/04/2025	13	3	0,1	2	4	7	100
01/04/2025	14	3	0,1	2	4	7	102
01/04/2025	15	3	0,1	2	4	7	105
01/04/2025	16	3	0,1	2	6	10	111
01/04/2025	17	3	0,1	2	7	11	107
01/04/2025	18	3	0,1	2	9	12	104
01/04/2025	19	3	0,1	2	12	15	94
01/04/2025	20	3	0,1	2	13	16	88
01/04/2025	21	3	0,1	2	10	14	89
01/04/2025	22	3	0,1	2	10	13	87
01/04/2025	23	3	0,1	2	10	14	84
02/04/2025	00	3	0,1	2	7	11	85
02/04/2025	01	3	0,1	2	7	10	77
02/04/2025	02	3	0,1	2	9	12	61
02/04/2025	03	3	0,1	2	11	14	57
02/04/2025	04	3	0,1	2	7	10	58
02/04/2025	05	3	0,1	2	8	11	57
02/04/2025	06	3	0,1	2	10	13	52
02/04/2025	07	3	0,1	2	14	17	57
02/04/2025	08	3	0,1	2	12	15	69
02/04/2025	09	3	0,1	2	9	12	82
02/04/2025	10	3	0,1	2	10	13	84
02/04/2025	11	3	0,1	2	9	12	88
02/04/2025	12	3	0,1	2	7	10	89
02/04/2025	13	3	0,1	2	7	10	91
02/04/2025	14	3	0,1	2	7	10	98
02/04/2025	15	3	0,1	2	5	9	104
02/04/2025	16	3	0,1	2	5	8	106
02/04/2025	17	3	0,1	2	5	8	105
02/04/2025	18	3	0,1	2	7	11	102
02/04/2025	19	3	0,1	2	12	15	95
02/04/2025	20	3	0,1	2	12	16	93
02/04/2025	21	3	0,1	2	9	12	85
02/04/2025	22	3	0,1	2	8	11	70
02/04/2025	23	3	0,1	2	6	9	63
03/04/2025	00	3	0,1	2	5	8	58
03/04/2025	01	3	0,1	2	4	7	54
03/04/2025	02	3	0,2	2	5	8	56
03/04/2025	03	3	0,1	2	5	8	57
03/04/2025	04	3	0,2	2	6	9	65
03/04/2025	05	3	0,1	2	14	17	61
03/04/2025	06	3	0,1	2	25	28	45
03/04/2025	07	3	0,2	2	22	25	67
03/04/2025	08	3	0,1	3	22	25	65
03/04/2025	09	3	0,1	2	12	16	87
03/04/2025	10	3	0,1	3	10	15	92
03/04/2025	11	3	0,1	2	9	13	92
03/04/2025	12	3	0,1	2	8	12	89
03/04/2025	13	3	0,1	2	8	12	89
03/04/2025	14	3	0,1	2	8	12	88
03/04/2025	15	3	0,1	2	9	13	87
03/04/2025	16	3	0,1	2	10	14	84
03/04/2025	17	3	0,1	2	11	15	83
03/04/2025	18	3	0,1	2	12	15	82
03/04/2025	19	3	0,1	2	10	14	79
03/04/2025	20	3	0,6	2	8	12	83
03/04/2025	21	3	0,3	2	7	10	84
03/04/2025	22	3	0,1	2	6	9	85
03/04/2025	23	3	0,1	2	5	9	85
04/04/2025	00	3	0,1	2	5	8	84
04/04/2025	01	3	0,1	2	4	8	87
04/04/2025	02	3	0,1	2	4	7	88
04/04/2025	03	3	0,1	2	4	7	90
04/04/2025	04	3	0,1	2	5	9	84
04/04/2025	05	3	0,1	2	6	10	79
04/04/2025	06	3	0,1	2	8	11	79
04/04/2025	07	3	0,1	3	15	20	71
04/04/2025	08	3	0,1	3	18	22	71
04/04/2025	09	4	0,1	3	11	15	75
04/04/2025	10	4	0,1	3	11	16	75
04/04/2025	11	3	0,1	3	11	15	74
04/04/2025	12	3	0,1	3	10	14	77
04/04/2025	13	3	0,1	2	8	12	77
04/04/2025	14	3	0,1	2	7	11	80
04/04/2025	15	3	0,1	2	7	11	83
04/04/2025	16	3	0,1	2	7	10	92
04/04/2025	17	3	0,1	2	7	10	103
04/04/2025	18	3	0,1	2	7	11	100
04/04/2025	19	3	0,1	2	9	13	92
04/04/2025	20	4	0,1	2	15	18	78
04/04/2025	21	4	0,1	2	8	11	84
04/04/2025	22	3	0,1	2	8	11	80
04/04/2025	23	3	0,1	2	11	15	61
05/04/2025	00	3	0,1	2	6	9	74
05/04/2025	01	3	0,1	2	5	9	62
05/04/2025	02	4	0,1	2	4	8	57
05/04/2025	03	3	0,1	2	4	8	57
05/04/2025	04	3	0,1	2	4	7	56
05/04/2025	05	3	0,1	2	5	8	55
05/04/2025	06	4	0,1	2	5	9	52
05/04/2025	07	4	0,1	2	14	17	53
05/04/2025	08	3	0,1	2	14	17	61
05/04/2025	09	3	0,1	2	6	9	81
05/04/2025	10	3	0,1	2	4	7	84
05/04/2025	11	3	0,1	2	4	7	88
05/04/2025	12	3	0,1	2	3	7	92
05/04/2025	13	3	0,1	2	3	7	93
05/04/2025	14	3	0,1	2	3	6	94
05/04/2025	15	3	0,1	2	3	6	95
05/04/2025	16	3	0,1	2	3	6	95
05/04/2025	17	3	0,1	2	3	6	93
05/04/2025	18	3	0,1	2	4	7	90
05/04/2025	19	3	0,1	2	5	8	84
05/04/2025	20	4	0,1	2	6	9	82
05/04/2025	21	4	0,1	2	4	7	83
05/04/2025	22	4	0,1	2	5	8	78
05/04/2025	23	4	0,1	2	5	8	72
06/04/2025	00	4	0,1	2	5	8	66
06/04/2025	01	4	0,2	2	4	7	67
06/04/2025	02	4	0,3	2	3	6	67
06/04/2025	03	4	0,1	2	3	6	64
06/04/2025	04	4	0,1	2	3	7	63
06/04/2025	05	3	0,1	2	3	7	62
06/04/2025	06	4	0,1	2	3	7	57
06/04/2025	07	4	0,1	2	3	7	55
06/04/2025	08	4	0,1	2	4	7	60
06/04/2025	09	3	0,1	2	4	7	77
06/04/2025	10	3	0,1	2	4	7	80
06/04/2025	11	3	0,1	2	4	7	85
06/04/2025	12	3	0,1	2	4	7	88
06/04/2025	13	3	0,1	2	4	7	87
06/04/2025	14	3	0,1	3	4	8	90
06/04/2025	15	3	0,1	2	3	6	91
06/04/2025	16	3	0,1	2	4	7	87
06/04/2025	17	3	0,1	2	4	7	88
06/04/2025	18	3	0,1	2	4	7	89
06/04/2025	19	3	0,1	2	8	11	82
06/04/2025	20	3	0,1	2	11	14	76
06/04/2025	21	3	0,1	2	9	12	73
06/04/2025	22	3	0,1	2	7	10	74
06/04/2025	23	3	0,1	2	5	9	72
07/04/2025	00	3	0,1	2	7	10	66
07/04/2025	01	3	0,1	2	13	16	64
07/04/2025	02	3	0,1	2	10	13	63
07/04/2025	03	3	0,1	2	3	7	62
07/04/2025	04	3	0,1	2	5	9	59
07/04/2025	05	4	0,1	2	8	11	56
07/04/2025	06	3	0,1	2	15	18	51
07/04/2025	07	3	0,1	2	15	18	50
07/04/2025	08	3	0,1	2	12	15	57
07/04/2025	09	3	0,1	2	12	15	69
07/04/2025	10	3	0,1	2	10	13	76
07/04/2025	11	3	0,1	2	8	11	88
07/04/2025	12	3	0,1	2	6	10	92
07/04/2025	13	3	0,1	2	5	8	93
07/04/2025	14	3	0,1	2	6	9	94
07/04/2025	15	3	0,1	2	7	10	96
07/04/2025	16	3	0,1	2	5	8	96
07/04/2025	17	3	0,1	2	4	7	99
07/04/2025	18	3	0,1	2	5	8	97
07/04/2025	19	3	0,1	2	9	12	89
07/04/2025	20	3	0,1	2	15	18	77
07/04/2025	21	3	0,1	2	11	14	79
07/04/2025	22	4	0,1	2	7	10	79
07/04/2025	23	4	0,1	2	6	9	75
08/04/2025	00	3	0,1	2	5	8	73
08/04/2025	01	3	0,1	2	5	8	71
08/04/2025	02	3	0,1	2	4	7	69
08/04/2025	03	3	0,1	2	4	7	67
08/04/2025	04	4	0,1	2	5	8	66
08/04/2025	05	3	0,1	2	6	9	64
08/04/2025	06	3	0,1	2	12	16	59
08/04/2025	07	3	0,1	2	17	20	54
08/04/2025	08	3	0,1	2	15	18	62
08/04/2025	09	3	0,1	2	17	20	69
08/04/2025	10	3	0,1	2	11	14	86
08/04/2025	11	3	0,1	2	9	12	94
08/04/2025	12	3	0,1	2	6	9	99
08/04/2025	13	3	0,1	2	5	8	102
08/04/2025	14	3	0,1	2	5	9	103
08/04/2025	15	3	0,1	2	7	10	103
08/04/2025	16	3	0,1	2	7	11	100
08/04/2025	17	3	0,1	2	7	10	102
08/04/2025	18	3	0,1	2	7	10	101
08/04/2025	19	3	0,1	2	7	10	96
08/04/2025	20	3	0,1	2	11	14	85
08/04/2025	21	3	0,1	2	8	11	74
08/04/2025	22	3	0,1	2	6	9	71
08/04/2025	23	3	0,1	2	7	10	66
09/04/2025	00	3	0,1	2	6	9	64
09/04/2025	01	3	0,1	2	7	10	60
09/04/2025	02	3	0,1	2	6	9	59
09/04/2025	03	3	0,1	2	3	6	63
09/04/2025	04	3	0,1	2	4	7	57
09/04/2025	05	3	0,1	2	8	11	56
09/04/2025	06	3	0,1	2	9	12	57
09/04/2025	07	3	0,1	2	14	17	54
09/04/2025	08	3	0,1	7	34	44	47
09/04/2025	09	3	0,1	5	26	33	64
09/04/2025	10	3	0,1	2	9	12	85
09/04/2025	11	3	0,1	2	8	11	91
09/04/2025	12	3	0,1	2	8	11	93
09/04/2025	13	3	0,1	2	6	9	100
09/04/2025	14	3	0,1	2	7	10	99
09/04/2025	15	3	0,1	2	9	12	101
09/04/2025	16	3	0,1	2	7	11	103
09/04/2025	17	3	0,1	2	8	11	103
09/04/2025	18	3	0,1	2	9	13	99
09/04/2025	19	3	0,1	2	14	17	86
09/04/2025	20	3	0,1	2	12	14	81
09/04/2025	21	4	0,1	2	6	9	77
09/04/2025	22	4	0,1	2	5	7	74
09/04/2025	23	4	0,1	2	4	7	66
10/04/2025	00	4	0,1	2	4	7	62
10/04/2025	01	4	0,1	2	4	7	60
10/04/2025	02	4	0,1	2	4	7	57
10/04/2025	03	4	0,1	2	3	6	56
10/04/2025	04	4	0,1	2	5	8	50
10/04/2025	05	4	0,1	2	8	11	46
10/04/2025	06	4	0,1	2	19	21	36
10/04/2025	07	4	0,1	2	26	29	34
10/04/2025	08	4	0,1	2	20	23	56
10/04/2025	09	3	0,1	2	10	13	80
10/04/2025	10	3	0,1	2	9	12	87
10/04/2025	11	3	0,1	2	7	10	91
10/04/2025	12	3	0,1	2	7	10	95
10/04/2025	13	3	0,1	2	8	10	95
10/04/2025	14	3	0,1	2	6	9	98
10/04/2025	15	3	0,1	2	6	8	99
10/04/2025	16	3	0,1	2	6	9	95
10/04/2025	17	3	0,1	2	7	10	94
10/04/2025	18	3	0,1	2	7	10	92
10/04/2025	19	3	0,1	2	9	11	90
10/04/2025	20	3	0,1	2	7	10	92
10/04/2025	21	3	0,1	2	7	10	86
10/04/2025	22	3	0,1	2	5	8	86
10/04/2025	23	3	0,1	2	7	9	82
11/04/2025	00	3	0,1	2	6	9	82
11/04/2025	01	3	0,1	2	4	7	78
11/04/2025	02	3	0,1	2	4	6	76
11/04/2025	03	3	0,1	2	3	6	76
11/04/2025	04	3	0,1	2	4	7	71
11/04/2025	05	3	0,1	2	8	10	69
11/04/2025	06	3	0,1	2	13	16	66
11/04/2025	07	3	0,1	2	17	20	69
11/04/2025	08	3	0,1	2	14	16	80
11/04/2025	09	3	0,1	2	10	13	82
11/04/2025	10	3	0,1	2	9	12	84
11/04/2025	11	3	0,1	2	8	11	88
11/04/2025	12	3	0,1	2	7	10	90
11/04/2025	13	3	0,1	2	6	9	91
11/04/2025	14	3	0,1	2	6	8	92
11/04/2025	15	3	0,1	2	4	7	93
11/04/2025	16	3	0,1	2	5	8	94
11/04/2025	17	3	0,1	2	6	9	93
11/04/2025	18	3	0,1	2	7	10	94
11/04/2025	19	3	0,1	2	8	11	91
11/04/2025	20	3	0,1	2	8	10	88
11/04/2025	21	3	0,1	2	7	10	88
11/04/2025	22	3	0,1	2	5	8	80
11/04/2025	23	3	0,1	2	5	8	76
12/04/2025	00	3	0,1	2	4	7	77
12/04/2025	01	3	0,1	2	4	7	74
12/04/2025	02	3	0,1	2	3	6	75
12/04/2025	03	3	0,1	2	3	5	71
12/04/2025	04	3	0,1	2	4	7	61
12/04/2025	05	3	0,1	2	6	9	52
12/04/2025	06	3	0,1	2	6	9	46
12/04/2025	07	3	0,1	2	9	12	46
12/04/2025	08	3	0,1	2	11	14	48
12/04/2025	09	3	0,1	2	18	21	46
12/04/2025	10	3	0,1	2	14	17	52
12/04/2025	11	3	0,1	2	18	21	47
12/04/2025	12	3	0,1	2	19	22	43
12/04/2025	13	3	0,1	2	16	19	49
12/04/2025	14	3	0,1	2	9	12	75
12/04/2025	15	3	0,1	2	4	6	87
12/04/2025	16	3	0,1	2	6	8	85
12/04/2025	17	3	0,1	2	9	12	83
12/04/2025	18	3	0,1	2	6	9	92
12/04/2025	19	3	0,1	2	6	9	91
12/04/2025	20	3	0,1	2	7	10	82
12/04/2025	21	3	0,1	2	4	7	80
12/04/2025	22	3	0,1	2	6	8	66
12/04/2025	23	3	0,1	2	6	9	63
13/04/2025	00	3	0,1	2	5	7	60
13/04/2025	01	3	0,1	2	4	7	57
13/04/2025	02	4	0,1	2	4	6	54
13/04/2025	03	4	0,1	2	4	7	55
13/04/2025	04	3	0,1	2	4	6	58
13/04/2025	05	3	0,1	2	4	6	58
13/04/2025	06	4	0,1	2	4	7	52
13/04/2025	07	4	0,1	2	5	8	52
13/04/2025	08	4	0,1	2	5	8	59
13/04/2025	09	3	0,1	2	5	8	72
13/04/2025	10	3	0,1	2	5	7	79
13/04/2025	11	3	0,1	2	4	7	85
13/04/2025	12	3	0,1	2	5	8	86
13/04/2025	13	3	0,1	2	4	7	83
13/04/2025	14	3	0,1	2	5	7	75
13/04/2025	15	3	0,1	2	4	7	81
13/04/2025	16	3	0,1	2	5	7	80
13/04/2025	17	3	0,1	2	5	7	83
13/04/2025	18	3	0,1	2	5	8	84
13/04/2025	19	3	0,1	2	8	10	78
13/04/2025	20	3	0,1	2	10	13	71
13/04/2025	21	3	0,1	2	6	9	71
13/04/2025	22	3	0,1	2	6	8	65
13/04/2025	23	3	0,1	2	6	9	58
14/04/2025	00	3	0,1	2	5	8	58
14/04/2025	01	3	0,1	2	5	8	53
14/04/2025	02	3	0,1	2	4	7	49
14/04/2025	03	4	0,1	2	4	7	39
14/04/2025	04	3	0,1	2	4	7	37
14/04/2025	05	3	0,1	2	8	10	32
14/04/2025	06	3	0,1	2	18	21	21
14/04/2025	07	4	0,1	3	21	24	20
14/04/2025	08	3	0,1	4	22	28	24
14/04/2025	09	3	0,1	2	16	19	36
14/04/2025	10	3	0,1	2	12	15	54
14/04/2025	11	3	0,1	2	8	11	67
14/04/2025	12	3	0,1	2	6	9	74
14/04/2025	13	3	0,1	2	5	8	76
14/04/2025	14	3	0,1	2	5	7	78
14/04/2025	15	3	0,1	2	6	9	83
14/04/2025	16	3	0,1	2	9	12	80
14/04/2025	17	3	0,1	2	9	12	78
14/04/2025	18	3	0,1	2	8	11	80
14/04/2025	19	3	0,1	4	13	18	71
14/04/2025	20	3	0,1	4	17	23	58
14/04/2025	21	3	0,1	4	13	18	68
14/04/2025	22	3	0,1	4	8	14	78
14/04/2025	23	3	0,1	4	11	16	70
15/04/2025	00	4	0,1	4	9	14	80
15/04/2025	01	3	0,1	4	7	12	84
15/04/2025	02	3	0,1	3	6	12	79
15/04/2025	03	3	0,1	4	7	13	72
15/04/2025	04	4	0,1	3	9	14	74
15/04/2025	05	4	0,1	4	10	16	73
15/04/2025	06	3	0,1	4	9	14	71
15/04/2025	07	3	0,2	4	13	18	75
15/04/2025	08	3	0,1	4	12	18	81
15/04/2025	09	3	0,1	3	8	13	82
15/04/2025	10	3	0,1	3	9	14	78
15/04/2025	11	3	0,1	3	7	12	84
15/04/2025	12	3	0,1	3	6	11	89
15/04/2025	13	3	0,1	3	6	11	93
15/04/2025	14	3	0,1	3	5	10	93
15/04/2025	15	3	0,1	3	5	10	90
15/04/2025	16	3	0,1	3	6	11	88
15/04/2025	17	3	0,1	3	7	12	88
15/04/2025	18	3	0,1	3	5	10	91
15/04/2025	19	3	0,1	3	6	11	87
15/04/2025	20	3	0,1	3	7	11	83
15/04/2025	21	3	0,1	3	6	11	83
15/04/2025	22	3	0,1	3	5	10	88
15/04/2025	23	3	0,1	3	5	10	88
16/04/2025	00	3	0,1	3	5	10	87
16/04/2025	01	3	0,1	3	5	10	87
16/04/2025	02	3	0,1	3	5	10	84
16/04/2025	03	3	0,1	3	5	10	81
16/04/2025	04	3	0,1	3	5	10	82
16/04/2025	05	3	0,1	3	5	10	78
16/04/2025	06	3	0,1	3	7	12	74
16/04/2025	07	3	0,1	3	9	14	73
16/04/2025	08	3	0,1	3	6	11	77
16/04/2025	09	3	0,1	3	5	10	80
16/04/2025	10	4	0,1	3	5	10	82
16/04/2025	11	4	0,1	3	5	10	86
16/04/2025	12	3	0,1	3	5	10	87
16/04/2025	13	3	0,1	3	5	9	89
16/04/2025	14	3	0,1	3	5	9	89
16/04/2025	15	3	0,1	3	5	9	91
16/04/2025	16	4	0,1	3	4	8	91
16/04/2025	17	3	0,1	3	4	8	89
16/04/2025	18	4	0,1	3	5	10	87
16/04/2025	19	4	0,1	3	6	11	84
16/04/2025	20	4	0,1	3	5	10	81
16/04/2025	21	4	0,1	3	5	10	81
16/04/2025	22	4	0,1	3	5	10	79
16/04/2025	23	3	0,1	3	5	10	81
17/04/2025	00	4	0,1	3	5	10	80
17/04/2025	01	4	0,1	3	5	9	74
17/04/2025	02	4	0,1	3	5	10	68
17/04/2025	03	4	0,1	3	5	10	64
17/04/2025	04	4	0,1	3	6	11	61
17/04/2025	05	3	0,1	3	7	12	62
17/04/2025	06	4	0,1	3	10	15	62
17/04/2025	07	4	0,1	3	13	17	66
17/04/2025	08	4	0,1	3	9	14	74
17/04/2025	09	3	0,1	3	6	11	81
17/04/2025	10	3	0,1	3	6	11	80
17/04/2025	11	3	0,1	3	6	11	77
17/04/2025	12	3	0,1	3	6	11	83
17/04/2025	13	3	0,1	3	6	11	90
17/04/2025	14	3	0,1	3	5	10	95
17/04/2025	15	3	0,1	3	5	9	98
17/04/2025	16	3	0,1	3	5	9	97
17/04/2025	17	3	0,1	3	5	9	96
17/04/2025	18	3	0,1	3	7	12	93
17/04/2025	19	3	0,1	3	9	14	85
17/04/2025	20	3	0,1	3	12	17	72
17/04/2025	21	3	0,1	3	15	20	63
17/04/2025	22	4	0,1	3	6	11	70
17/04/2025	23	3	0,1	3	5	10	66
18/04/2025	00	3	0,1	3	5	10	63
18/04/2025	01	3	0,1	3	5	10	61
18/04/2025	02	4	0,1	3	5	9	64
18/04/2025	03	4	0,1	3	5	9	59
18/04/2025	04	4	0,1	3	5	9	54
18/04/2025	05	3	0,1	3	5	10	55
18/04/2025	06	3	0,1	3	5	10	52
18/04/2025	07	4	0,1	3	5	10	53
18/04/2025	08	3	0,1	3	5	11	60
18/04/2025	09	3	0,1	3	7	12	71
18/04/2025	10	3	0,1	3	5	10	77
18/04/2025	11	3	0,1	3	5	10	78
18/04/2025	12	3	0,1	3	5	10	81
18/04/2025	13	3	0,1	3	5	10	88
18/04/2025	14	3	0,1	3	5	10	89
18/04/2025	15	3	0,1	3	5	10	89
18/04/2025	16	3	0,1	3	5	10	84
18/04/2025	17	3	0,1	3	5	10	81
18/04/2025	18	3	0,1	3	5	11	79
18/04/2025	19	3	0,1	3	6	11	75
18/04/2025	20	3	0,1	3	9	14	68
18/04/2025	21	3	0,1	3	8	13	66
18/04/2025	22	4	0,1	3	7	12	68
18/04/2025	23	4	0,1	3	7	12	70
19/04/2025	00	3	0,1	3	6	11	73
19/04/2025	01	3	0,1	3	6	11	72
19/04/2025	02	3	0,1	3	5	10	70
19/04/2025	03	4	0,1	3	5	10	68
19/04/2025	04	4	0,1	3	5	11	60
19/04/2025	05	4	0,1	3	6	11	56
19/04/2025	06	3	0,1	3	7	12	52
19/04/2025	07	3	0,1	3	9	13	56
19/04/2025	08	3	0,1	3	5	10	75
19/04/2025	09	3	0,1	3	5	10	80
19/04/2025	10	3	0,1	3	5	10	84
19/04/2025	11	3	0,1	3	5	10	85
19/04/2025	12	3	0,1	3	5	10	87
19/04/2025	13	3	0,1	3	5	9	93
19/04/2025	14	3	0,1	3	5	9	96
19/04/2025	15	3	0,1	3	4	9	95
19/04/2025	16	3	0,1	3	4	9	94
19/04/2025	17	3	0,1	2	3	7	96
19/04/2025	18	3	0,1	3	5	10	97
19/04/2025	19	4	0,1	3	5	10	94
19/04/2025	20	3	0,1	3	5	10	89
19/04/2025	21	3	0,1	3	5	10	89
19/04/2025	22	4	0,1	3	6	10	85
19/04/2025	23	4	0,1	3	5	10	81
20/04/2025	00	4	0,1	3	5	9	81
20/04/2025	01	3	0,1	3	5	9	79
20/04/2025	02	3	0,1	3	5	9	83
20/04/2025	03	4	0,1	3	5	9	81
20/04/2025	04	4	0,1	3	5	9	82
20/04/2025	05	4	0,1	3	5	9	82
20/04/2025	06	4	0,1	3	5	9	83
20/04/2025	07	3	0,1	3	5	9	86
20/04/2025	08	3	0,1	3	5	10	86
20/04/2025	09	3	0,1	3	5	10	88
20/04/2025	10	3	0,1	3	5	10	86
20/04/2025	11	3	0,1	3	5	10	86
20/04/2025	12	3	0,1	3	5	9	87
20/04/2025	13	3	0,1	3	5	9	86
20/04/2025	14	3	0,1	3	4	9	83
20/04/2025	15	3	0,1	3	5	10	82
20/04/2025	16	3	0,1	3	4	8	84
20/04/2025	17	3	0,1	2	3	6	87
20/04/2025	18	3	0,1	3	5	9	86
20/04/2025	19	3	0,1	3	4	9	80
20/04/2025	20	3	0,1	3	4	8	81
20/04/2025	21	3	0,1	3	4	8	79
20/04/2025	22	3	0,1	3	4	8	82
20/04/2025	23	3	0,1	3	4	8	86
21/04/2025	00	3	0,1	3	4	8	81
21/04/2025	01	3	0,1	3	5	9	75
21/04/2025	02	3	0,1	3	4	8	73
21/04/2025	03	3	0,1	3	5	9	69
21/04/2025	04	3	0,1	3	4	8	67
21/04/2025	05	3	0,1	3	4	8	67
21/04/2025	06	3	0,1	3	4	8	66
21/04/2025	07	3	0,1	3	7	11	62
21/04/2025	08	3	0,1	3	5	10	70
21/04/2025	09	3	0,1	3	5	10	76
21/04/2025	10	3	0,1	3	5	10	83
21/04/2025	11	3	0,1	3	5	10	86
21/04/2025	12	3	0,1	3	5	10	88
21/04/2025	13	3	0,1	3	5	10	88
21/04/2025	14	3	0,1	3	5	9	90
21/04/2025	15	3	0,1	3	5	9	90
21/04/2025	16	4	0,1	3	5	10	93
21/04/2025	17	4	0,1	3	5	10	94
21/04/2025	18	4	0,1	3	5	10	94
21/04/2025	19	4	0,1	3	5	9	92
21/04/2025	20	4	0,1	3	7	12	87
21/04/2025	21	5	0,1	3	10	15	80
21/04/2025	22	5	0,1	3	9	14	76
21/04/2025	23	4	0,1	3	8	13	73
22/04/2025	00	4	0,1	3	6	11	72
22/04/2025	01	4	0,1	3	6	11	74
22/04/2025	02	5	0,1	3	12	17	70
22/04/2025	03	4	0,1	3	11	16	72
22/04/2025	04	4	0,1	3	19	24	68
22/04/2025	05	4	0,1	3	14	19	66
22/04/2025	06	4	0,1	3	24	29	61
22/04/2025	07	4	0,1	3	21	26	60
22/04/2025	08	4	0,1	3	17	22	63
22/04/2025	09	3	0,1	3	16	20	55
22/04/2025	10	3	0,1	3	8	13	76
22/04/2025	11	3	0,1	3	9	14	76
22/04/2025	12	3	0,1	3	11	16	74
22/04/2025	13	3	0,1	3	10	14	72
22/04/2025	14	3	0,1	3	11	16	73
22/04/2025	15	3	0,1	3	10	15	75
22/04/2025	16	3	0,1	3	9	14	80
22/04/2025	17	3	0,1	3	9	14	82
22/04/2025	18	3	0,1	3	14	19	72
22/04/2025	19	3	0,1	3	12	18	70
22/04/2025	20	3	0,1	3	14	19	58
22/04/2025	21	3	0,1	3	15	20	44
22/04/2025	22	3	0,1	3	13	18	40
22/04/2025	23	3	0,1	3	9	14	39
23/04/2025	00	3	0,1	3	8	13	33
23/04/2025	01	3	0,1	3	6	11	35
23/04/2025	02	3	0,1	3	6	11	37
23/04/2025	03	3	0,1	3	5	10	35
23/04/2025	04	3	0,1	3	5	10	33
23/04/2025	05	3	0,1	3	7	12	34
23/04/2025	06	3	0,1	3	10	15	35
23/04/2025	07	3	0,1	3	14	19	36
23/04/2025	08	3	0,1	3	14	19	46
23/04/2025	09	3	0,1	3	12	17	58
23/04/2025	10	3	0,1	3	11	16	63
23/04/2025	11	3	0,1	3	9	14	71
23/04/2025	12	3	0,1	3	8	13	82
23/04/2025	13	3	0,1	3	7	12	92
23/04/2025	14	3	0,1	3	6	12	94
23/04/2025	15	3	0,1	3	6	11	96
23/04/2025	16	3	0,1	3	7	12	95
23/04/2025	17	3	0,1	3	9	13	98
23/04/2025	18	3	0,1	3	10	15	96
23/04/2025	19	3	0,1	3	10	15	88
23/04/2025	20	3	0,1	3	12	17	78
23/04/2025	21	4	0,1	3	10	14	78
23/04/2025	22	3	0,1	3	10	15	81
23/04/2025	23	3	0,1	3	11	15	78
24/04/2025	00	3	0,1	3	9	13	73
24/04/2025	01	4	0,1	3	13	17	72
24/04/2025	02	4	0,1	3	12	17	72
24/04/2025	03	4	0,1	3	7	12	68
24/04/2025	04	3	0,1	3	8	12	62
24/04/2025	05	4	0,1	3	8	13	57
24/04/2025	06	4	0,1	3	12	17	52
24/04/2025	07	4	0,1	3	16	20	54
24/04/2025	08	3	0,1	3	17	22	56
24/04/2025	10	3	0,1	3	10	14	79
24/04/2025	11	3	0,1	3	10	15	84
24/04/2025	12	3	0,1	4	10	16	90
24/04/2025	13	3	0,1	4	11	17	92
24/04/2025	14	3	0,1	3	11	17	95
24/04/2025	15	3	0,1	3	12	17	98
24/04/2025	16	3	0,1	2	12	16	94
24/04/2025	17	3	0,1	2	13	16	91
24/04/2025	18	3	0,1	3	12	17	87
24/04/2025	19	3	0,1	3	13	18	89
24/04/2025	20	3	0,1	3	14	19	88
24/04/2025	21	3	0,1	3	13	17	86
24/04/2025	22	4	0,1	3	9	14	76
24/04/2025	23	4	0,1	3	7	12	72
25/04/2025	00	3	0,1	3	7	12	68
25/04/2025	01	3	0,1	3	5	10	65
25/04/2025	02	3	0,1	3	8	13	63
25/04/2025	03	4	0,1	3	5	10	61
25/04/2025	04	4	0,1	3	6	11	61
25/04/2025	05	3	0,1	3	9	13	60
25/04/2025	06	3	0,1	3	12	17	64
25/04/2025	07	3	0,1	3	21	25	62
25/04/2025	08	3	0,1	3	22	27	61
25/04/2025	09	3	0,1	3	17	23	73
25/04/2025	10	3	0,1	3	14	20	78
25/04/2025	11	3	0,1	3	14	19	81
25/04/2025	12	3	0,1	3	10	15	91
25/04/2025	13	3	0,1	3	10	15	96
25/04/2025	14	3	0,1	3	11	16	98
25/04/2025	15	3	0,1	3	10	15	101
25/04/2025	16	3	0,1	3	11	16	106
25/04/2025	17	3	0,1	3	12	17	102
25/04/2025	18	3	0,1	3	15	20	99
25/04/2025	19	3	0,1	4	17	22	94
25/04/2025	20	3	0,1	3	15	21	85
25/04/2025	21	3	0,1	3	11	16	86
25/04/2025	22	3	0,1	3	13	18	92
25/04/2025	23	3	0,1	3	7	12	94
26/04/2025	00	3	0,1	3	8	14	81
26/04/2025	01	4	0,1	3	9	14	80
26/04/2025	02	4	0,1	3	5	11	91
26/04/2025	03	3	0,1	3	5	10	88
26/04/2025	04	3	0,1	3	5	10	82
26/04/2025	05	3	0,1	3	5	10	84
26/04/2025	06	3	0,1	3	5	10	84
26/04/2025	07	3	0,1	3	7	12	76
26/04/2025	08	3	0,1	3	7	12	79
26/04/2025	09	3	0,1	3	6	10	87
26/04/2025	10	3	0,1	3	5	10	90
26/04/2025	11	3	0,1	3	7	12	86
26/04/2025	12	3	0,1	3	10	15	87
26/04/2025	13	3	0,1	3	10	15	91
26/04/2025	14	3	0,1	3	9	14	94
26/04/2025	15	3	0,1	3	8	13	94
26/04/2025	16	3	0,1	3	8	13	88
26/04/2025	17	3	0,1	3	8	13	88
26/04/2025	18	3	0,1	3	10	15	86
26/04/2025	19	3	0,1	3	9	14	86
26/04/2025	20	4	0,1	3	9	14	75
26/04/2025	21	4	0,1	3	10	15	72
26/04/2025	22	4	0,1	3	7	13	74
26/04/2025	23	5	0,1	3	6	11	75
27/04/2025	00	4	0,1	3	5	10	77
27/04/2025	01	4	0,1	3	5	11	77
27/04/2025	02	4	0,1	3	6	11	72
27/04/2025	03	4	0,1	3	5	10	62
27/04/2025	04	5	0,1	3	5	10	59
27/04/2025	05	5	0,1	3	5	10	56
27/04/2025	06	4	0,1	3	5	10	54
27/04/2025	07	5	0,1	3	6	11	58
27/04/2025	08	4	0,1	3	5	10	69
27/04/2025	09	3	0,1	3	5	10	74
27/04/2025	10	3	0,1	3	5	10	78
27/04/2025	11	3	0,2	3	5	10	82
27/04/2025	12	3	0,2	3	5	10	84
27/04/2025	13	3	0,2	3	4	9	83
27/04/2025	14	3	0,1	3	5	9	82
27/04/2025	15	3	0,2	3	4	9	85
27/04/2025	16	3	0,1	2	4	8	87
27/04/2025	17	3	0,2	2	4	7	89
27/04/2025	18	3	0,1	3	5	9	90
27/04/2025	19	3	0,1	3	8	13	85
27/04/2025	20	3	0,1	3	12	17	76
27/04/2025	21	3	0,1	3	11	16	66
27/04/2025	22	4	0,1	3	7	13	66
27/04/2025	23	4	0,1	3	5	10	63
28/04/2025	00	4	0,1	3	5	10	60
28/04/2025	01	4	0,1	3	5	10	57
28/04/2025	02	4	0,1	3	5	10	54
28/04/2025	03	4	0,1	3	5	10	53
28/04/2025	04	4	0,1	3	5	11	52
28/04/2025	05	4	0,1	3	8	13	50
28/04/2025	06	3	0,1	3	10	15	47
28/04/2025	07	3	0,1	3	16	21	48
28/04/2025	08	3	0,1	3	14	19	66
28/04/2025	09	3	0,1	3	12	17	79
28/04/2025	10	3	0,1	3	7	12	89
28/04/2025	19	4		3	8	14	90
28/04/2025	20	4	0,1	3	9	14	87
28/04/2025	21	5	0,1	3	9	13	83
28/04/2025	22	5	0,1	3	13	17	64
28/04/2025	23	5	0,1	3	8	12	63
29/04/2025	00	6	0,1	3	5	10	57
29/04/2025	01	5	0,1	3	5	9	55
29/04/2025	02	5	0,1	3	5	9	50
29/04/2025	03	5	0,1	3	5	9	48
29/04/2025	04	5	0,1	3	5	9	46
29/04/2025	05	5	0,1	3	6	10	40
29/04/2025	06	5	0,1	3	10	15	36
29/04/2025	07	5	0,1	3	17	22	40
29/04/2025	08	5	0,1	3	19	24	64
29/04/2025	09	3	0,1	3	11	16	84
29/04/2025	10	3	0,1	3	11	16	87
29/04/2025	11	3	0,1	3	11	16	90
29/04/2025	12	3	0,1	3	9	14	92
29/04/2025	13	3	0,1	3	7	12	96
29/04/2025	14	3	0,2	3	7	12	94
29/04/2025	15	3	0,1	3	8	13	95
29/04/2025	16	3	0,1	3	10	14	95
29/04/2025	17	3	0,1	3	9	14	93
29/04/2025	18	3	0,1	3	14	19	86
29/04/2025	19	3	0,1	3	11	16	86
29/04/2025	20	3	0,1	3	9	14	86
29/04/2025	21	3	0,1	3	6	11	87
29/04/2025	22	3	0,1	3	5	10	88
29/04/2025	23	4	0,1	3	5	10	91
30/04/2025	00	3	0,1	3	5	10	88
30/04/2025	01	3	0,1	3	5	10	88
30/04/2025	02	3	0,1	3	5	10	89
30/04/2025	03	3	0,1	3	5	10	89
30/04/2025	04	4	0,1	3	5	10	88
30/04/2025	05	3	0,1	3	6	11	86
30/04/2025	06	3	0,1	3	9	14	82
30/04/2025	07	3	0,1	3	11	16	77
30/04/2025	08	3	0,1	3	12	17	79
30/04/2025	09	3	0,1	3	11	17	80
30/04/2025	10	4	0,1	3	11	16	85
30/04/2025	11	4	0,1	3	11	16	85
30/04/2025	12	4	0,5	3	9	14	89
30/04/2025	13	3	0,1	3	9	14	93
30/04/2025	14	3	0,1	3	8	13	95
30/04/2025	15	3	0,1	3	6	11	97
30/04/2025	16	3	0,1	3	7	11	95
30/04/2025	17	3	0,1	3	8	13	94
30/04/2025	18	4	0,1	3	10	15	88
30/04/2025	19	3	0,1	3	10	15	85
30/04/2025	20	3	0,1	3	8	13	87
30/04/2025	21	4	0,1	3	6	11	86
30/04/2025	22	4	0,1	3	6	11	88
30/04/2025	23	4	0,1	3	5	10	88
