Red: Red de Vigilancia y Control de la Contaminación Atmosférica
Estación: 46242001-Torrebaja
	
FECHA	HORA	Temp.	H.Rel.	O3
		°C	% H.R.	µg/m³
01/01/2025	00	1,9	87	27
01/01/2025	01	1,3	89	25
01/01/2025	02	-,3	93	23
01/01/2025	03	-1,4	95	21
01/01/2025	04	-,7	96	20
01/01/2025	05	0,1	94	21
01/01/2025	06	0,4	93	23
01/01/2025	07	0,7	92	25
01/01/2025	08	1	93	39
01/01/2025	09	1	92	47
01/01/2025	10	1,4	91	45
01/01/2025	11	1,8	87	45
01/01/2025	12	4,6	76	45
01/01/2025	13	8,1	64	47
01/01/2025	14	7,9	65	56
01/01/2025	15	7,9	67	58
01/01/2025	16	8,2	70	61
01/01/2025	17	7,9	73	67
01/01/2025	18	7	78	60
01/01/2025	19	6,6	80	55
01/01/2025	20	5,8	83	44
01/01/2025	21	5,5	84	36
01/01/2025	22	5,2	86	27
01/01/2025	23	3,2	91	22
02/01/2025	00	1,1	94	33
02/01/2025	01	-,3	95	25
02/01/2025	02	-1,3	97	16
02/01/2025	03	-2	97	14
02/01/2025	04	-2,6	97	13
02/01/2025	05	-3	97	15
02/01/2025	06	-3,4	97	13
02/01/2025	07	-3,6	98	14
02/01/2025	08	-3,3	99	16
02/01/2025	09	-2,8	99	15
02/01/2025	10	-,1	95	25
02/01/2025	11	5,9	69	36
02/01/2025	12	9,4	57	53
02/01/2025	13	11,4	49	66
02/01/2025	14	12,3	46	71
02/01/2025	16	11,7	46	74
02/01/2025	17	9,5	54	67
02/01/2025	18	5	71	48
02/01/2025	19	2,1	80	34
02/01/2025	20	0,4	86	29
02/01/2025	21	-,5	90	30
02/01/2025	22	-,9	90	24
02/01/2025	23	-1,5	92	23
03/01/2025	00	-1,6	92	22
03/01/2025	01	-2,3	94	22
03/01/2025	02	-2,9	94	19
03/01/2025	03	-2,8	95	21
03/01/2025	04	-3,1	95	18
03/01/2025	05	-3,7	96	16
03/01/2025	06	-4,2	97	16
03/01/2025	07	-4,3	96	13
03/01/2025	08	-4,6	97	12
03/01/2025	09	-3,5	95	16
03/01/2025	10	-,3	87	23
03/01/2025	11	3,6	70	36
03/01/2025	12	7,3	57	44
03/01/2025	13	10,2	47	56
03/01/2025	14	12,1	39	68
03/01/2025	15	12,8	35	75
03/01/2025	16	12,1	39	74
03/01/2025	17	10,5	49	59
03/01/2025	18	7,2	63	42
03/01/2025	19	5,9	67	40
03/01/2025	20	4,8	72	34
03/01/2025	21	3,3	76	35
03/01/2025	22	2,5	80	31
03/01/2025	23	2,3	81	28
04/01/2025	00	1,6	85	23
04/01/2025	01	0,6	88	22
04/01/2025	02	-,2	90	22
04/01/2025	03	-,9	91	26
04/01/2025	04	-1,5	93	21
04/01/2025	05	-1,8	93	19
04/01/2025	06	-2,2	95	17
04/01/2025	07	-2,7	95	17
04/01/2025	08	-3	96	16
04/01/2025	09	-2,4	95	17
04/01/2025	10	0,2	87	26
04/01/2025	11	5,5	67	38
04/01/2025	12	9,4	55	46
04/01/2025	13	11,7	49	57
04/01/2025	14	13,6	43	69
04/01/2025	15	14,8	38	74
04/01/2025	16	14,5	39	71
04/01/2025	17	12	46	71
04/01/2025	18	8,1	58	63
04/01/2025	19	5	69	45
04/01/2025	20	4,3	73	39
04/01/2025	21	3,3	77	35
04/01/2025	22	1,8	80	32
04/01/2025	23	0,4	85	33
05/01/2025	00	-,7	88	31
05/01/2025	01	-1,7	90	28
05/01/2025	02	-2,5	92	24
05/01/2025	03	-3	93	24
05/01/2025	04	-3,4	94	26
05/01/2025	05	-3,8	94	24
05/01/2025	06	-4	96	22
05/01/2025	07	-3,8	95	19
05/01/2025	08	-3,6	95	21
05/01/2025	09	-2,1	92	25
05/01/2025	10	0,4	83	32
05/01/2025	11	2,9	73	40
05/01/2025	12	8	63	49
05/01/2025	13	12,3	59	83
05/01/2025	14	12,7	55	85
05/01/2025	15	12,4	56	83
05/01/2025	16	11,6	56	82
05/01/2025	17	10,7	61	81
05/01/2025	18	10,1	66	78
05/01/2025	19	9,6	67	77
05/01/2025	20	9,7	65	78
05/01/2025	21	9,9	58	78
05/01/2025	22	9,8	56	80
05/01/2025	23	9,7	55	81
06/01/2025	00	9,7	55	83
06/01/2025	01	9,5	60	81
06/01/2025	02	9,2	67	83
06/01/2025	03	9	72	83
06/01/2025	04	9,2	73	81
06/01/2025	05	9,4	73	82
06/01/2025	06	9,3	77	80
06/01/2025	07	8,4	78	73
06/01/2025	08	8,8	74	77
06/01/2025	09	9,1	72	81
06/01/2025	10	9,3	69	84
06/01/2025	11	9,5	70	83
06/01/2025	12	10	68	84
06/01/2025	13	10,4	67	81
06/01/2025	14	11,4	62	79
06/01/2025	15	11,2	62	76
06/01/2025	16	10,6	60	75
06/01/2025	17	9,4	64	78
06/01/2025	18	7,2	80	74
06/01/2025	19	5,7	87	57
06/01/2025	20	3,6	93	35
06/01/2025	21	1,5	95	23
06/01/2025	22	0,5	96	24
06/01/2025	23	-,4	97	27
07/01/2025	00	-1,1	97	26
07/01/2025	01	-1,7	97	27
07/01/2025	02	-2,3	97	26
07/01/2025	03	-2,8	97	24
07/01/2025	04	-3,1	97	25
07/01/2025	05	-3,2	97	27
07/01/2025	06	-3,8	97	27
07/01/2025	07	-4,2	97	23
07/01/2025	08	-4,4	97	24
07/01/2025	09	-4	97	21
07/01/2025	10	-,6	93	33
07/01/2025	11	4	75	45
07/01/2025	12	8	60	57
07/01/2025	13	11,3	46	69
07/01/2025	14	11,5	40	80
07/01/2025	15	10,9	42	81
07/01/2025	16	9,7	52	75
07/01/2025	17	7,9	58	71
07/01/2025	18	6,8	63	67
07/01/2025	19	6,4	66	66
07/01/2025	20	5,9	70	64
07/01/2025	21	5,7	73	63
07/01/2025	22	5,1	76	59
07/01/2025	23	3,6	81	46
08/01/2025	00	4,6	82	57
08/01/2025	01	2,6	87	46
08/01/2025	02	0,7	93	33
08/01/2025	03	-,1	95	29
08/01/2025	04	-1	97	22
08/01/2025	05	-1,7	97	18
08/01/2025	06	-2,1	98	16
08/01/2025	07	-2	98	12
08/01/2025	08	-1,8	98	9
08/01/2025	09	-,9	97	9
08/01/2025	10	1,6	93	17
08/01/2025	11	8,4	72	40
08/01/2025	12	11,5	60	64
08/01/2025	13	13,8	44	73
08/01/2025	14	14,2	35	82
08/01/2025	15	14,3	31	85
08/01/2025	16	13,5	29	85
08/01/2025	17	12,2	33	85
08/01/2025	18	11,1	37	85
08/01/2025	19	10,9	41	85
08/01/2025	20	10,8	49	86
08/01/2025	21	9,9	61	77
08/01/2025	22	9,7	67	76
08/01/2025	23	9,7	71	73
09/01/2025	00	9,7	73	71
09/01/2025	01	10,2	69	73
09/01/2025	02	10,6	67	74
09/01/2025	03	10,6	65	77
09/01/2025	04	10,6	64	79
09/01/2025	05	10,8	62	80
09/01/2025	06	10,5	62	79
09/01/2025	07	9,9	66	74
09/01/2025	08	8,7	71	58
09/01/2025	09	9,7	66	67
09/01/2025	10	11,1	61	73
09/01/2025	11	12,9	56	74
09/01/2025	12	14,8	52	73
09/01/2025	13	15,3	50	72
09/01/2025	14	15,3	50	72
09/01/2025	15	14,5	53	72
09/01/2025	16	13,8	55	72
09/01/2025	17	13,1	60	68
09/01/2025	18	10,2	70	58
09/01/2025	19	7,9	78	42
09/01/2025	20	7,1	80	33
09/01/2025	21	7,1	80	31
09/01/2025	22	6,2	82	30
09/01/2025	23	4,4	88	26
10/01/2025	00	3,1	91	23
10/01/2025	01	2,3	93	20
10/01/2025	02	1,6	94	18
10/01/2025	03	1	96	13
10/01/2025	04	0,6	97	13
10/01/2025	05	0,5	97	12
10/01/2025	06	0,1	97	10
10/01/2025	07	-,2	97	8
10/01/2025	08	-,7	98	6
10/01/2025	09	0,3	97	7
10/01/2025	10	4,7	90	16
10/01/2025	11	9,7	72	38
10/01/2025	12	13,1	62	51
10/01/2025	13	13,8	59	58
10/01/2025	14	14,7	56	59
10/01/2025	15	15,2	55	63
10/01/2025	16	15,1	55	62
10/01/2025	17	13,3	60	58
10/01/2025	18	11,2	63	60
10/01/2025	19	9,4	70	56
10/01/2025	20	7,8	75	51
10/01/2025	21	5,9	81	44
10/01/2025	22	3,9	87	32
10/01/2025	23	3	90	29
11/01/2025	00	1,9	92	22
11/01/2025	01	1,4	94	19
11/01/2025	02	1,2	94	18
11/01/2025	03	1,1	96	17
11/01/2025	04	1,7	95	16
11/01/2025	05	2,6	95	20
11/01/2025	06	3,2	93	22
11/01/2025	07	3,4	93	21
11/01/2025	08	3,4	93	19
11/01/2025	09	4,5	91	19
11/01/2025	10	7,5	84	29
11/01/2025	11	11,4	76	68
11/01/2025	12	15,4	62	63
11/01/2025	13	16,1	53	68
11/01/2025	14	16,9	42	82
11/01/2025	15	16	49	81
11/01/2025	16	14,6	55	78
11/01/2025	17	12,8	62	80
11/01/2025	18	11,1	68	77
11/01/2025	19	8,7	72	70
11/01/2025	20	7,3	75	62
11/01/2025	21	7	77	60
11/01/2025	22	8,6	67	72
11/01/2025	23	7,9	67	72
12/01/2025	00	7,6	63	74
12/01/2025	01	7,4	62	78
12/01/2025	02	6,8	65	77
12/01/2025	03	6,6	66	78
12/01/2025	04	6,4	68	76
12/01/2025	05	6,3	69	75
12/01/2025	06	6,6	69	75
12/01/2025	07	6	71	74
12/01/2025	08	6	71	72
12/01/2025	09	6,9	66	75
12/01/2025	10	7,9	61	79
12/01/2025	11	8,8	57	79
12/01/2025	12	10,1	52	79
12/01/2025	13	11,1	46	81
12/01/2025	14	12	39	82
12/01/2025	15	11,8	38	83
12/01/2025	16	11,2	37	84
12/01/2025	17	9,3	33	83
12/01/2025	18	7,3	34	82
12/01/2025	19	6,2	34	81
12/01/2025	20	4,2	41	73
12/01/2025	21	3	45	71
12/01/2025	22	2,4	45	68
12/01/2025	23	2,2	43	73
13/01/2025	00	1,1	47	68
13/01/2025	01	-,2	53	63
13/01/2025	02	-1,1	55	61
13/01/2025	03	-2,3	59	59
13/01/2025	04	-3,2	63	56
13/01/2025	05	-4,3	70	50
13/01/2025	06	-5,2	75	45
13/01/2025	07	-5,9	77	42
13/01/2025	08	-6,2	79	38
13/01/2025	09	-5,4	76	38
13/01/2025	10	-1,4	55	50
13/01/2025	11	3,9	38	57
13/01/2025	12	8	24	72
13/01/2025	13	9,3	20	81
13/01/2025	14	10,3	21	81
13/01/2025	15	10,7	21	80
13/01/2025	16	10,6	21	79
13/01/2025	17	8,1	25	78
13/01/2025	18	3,3	37	62
13/01/2025	19	-,2	52	50
13/01/2025	20	-2,1	58	43
13/01/2025	21	-3,4	63	39
13/01/2025	22	-4,4	69	37
13/01/2025	23	-5,3	71	37
14/01/2025	00	-6,2	77	32
14/01/2025	01	-7,1	79	31
14/01/2025	02	-7,7	83	31
14/01/2025	03	-8,1	82	32
14/01/2025	04	-8,6	84	30
14/01/2025	05	-9,1	86	28
14/01/2025	06	-9,4	89	26
14/01/2025	07	-9,6	88	27
14/01/2025	08	-9,7	89	21
14/01/2025	09	-8	86	26
14/01/2025	10	-3,8	69	40
14/01/2025	11	1,1	50	55
14/01/2025	12	5	37	65
14/01/2025	13	7,5	30	70
14/01/2025	14	9,6	26	73
14/01/2025	15	11	24	75
14/01/2025	16	10,8	24	73
14/01/2025	17	7,8	31	65
14/01/2025	18	2,6	46	49
14/01/2025	19	-,6	59	40
14/01/2025	20	-2,1	59	42
14/01/2025	21	-3,3	64	40
14/01/2025	22	-4,2	67	37
14/01/2025	23	-5	71	35
15/01/2025	00	-5,9	75	31
15/01/2025	01	-6,5	79	30
15/01/2025	02	-7	81	29
15/01/2025	03	-7,5	83	31
15/01/2025	04	-7,9	81	34
15/01/2025	05	-8,4	87	27
15/01/2025	06	-8,8	87	26
15/01/2025	07	-9	86	26
15/01/2025	08	-9,2	88	22
15/01/2025	09	-7,5	83	24
15/01/2025	10	-3,2	67	35
15/01/2025	12	7,6	31	57
15/01/2025	13	9,9	25	70
15/01/2025	14	12	20	76
15/01/2025	15	12,9	20	78
15/01/2025	16	12,2	20	78
15/01/2025	17	10,1	26	73
15/01/2025	18	7,5	34	64
15/01/2025	19	4,4	43	52
15/01/2025	20	2,7	49	49
15/01/2025	21	0,3	57	47
15/01/2025	22	-,9	63	43
15/01/2025	23	-1,7	65	42
16/01/2025	00	-1,8	66	42
16/01/2025	01	-2,5	66	39
16/01/2025	02	-2,1	64	40
16/01/2025	03	-3,8	73	33
16/01/2025	04	-4,7	75	32
16/01/2025	05	-5	79	28
16/01/2025	06	-5,7	80	26
16/01/2025	07	-6,3	82	20
16/01/2025	08	-6,5	84	21
16/01/2025	09	-5	77	24
16/01/2025	10	-,9	61	37
16/01/2025	11	4,3	44	47
16/01/2025	12	8,4	39	57
16/01/2025	13	10,6	36	74
16/01/2025	14	9,9	41	77
16/01/2025	15	9,8	43	78
16/01/2025	16	8,5	46	79
16/01/2025	17	7,2	55	73
16/01/2025	18	6,1	56	73
16/01/2025	19	5,4	63	67
16/01/2025	20	3,6	71	61
16/01/2025	21	1,9	78	58
16/01/2025	22	0,7	83	52
16/01/2025	23	-,6	87	49
17/01/2025	00	-1,9	91	42
17/01/2025	01	-2,2	91	35
17/01/2025	02	-1,9	91	38
17/01/2025	03	-2,4	93	32
17/01/2025	04	0,3	88	47
17/01/2025	05	1,1	84	49
17/01/2025	06	0,7	84	49
17/01/2025	07	0,1	87	42
17/01/2025	08	-,7	91	37
17/01/2025	09	0,4	90	31
17/01/2025	10	4,4	73	53
17/01/2025	11	6,6	64	64
17/01/2025	12	7,3	61	64
17/01/2025	13	8,4	57	65
17/01/2025	14	8,7	56	67
17/01/2025	15	8,4	55	71
17/01/2025	16	7,4	59	72
17/01/2025	17	6,5	62	68
17/01/2025	18	4,4	71	63
17/01/2025	19	2	78	52
17/01/2025	20	0,5	82	48
17/01/2025	21	-,8	88	42
17/01/2025	22	-1,8	91	35
17/01/2025	23	-2,4	92	30
18/01/2025	00	-3	94	29
18/01/2025	01	-3,8	95	24
18/01/2025	02	-4,1	96	22
18/01/2025	03	-4,7	96	20
18/01/2025	04	-5,3	96	16
18/01/2025	05	-5,6	95	15
18/01/2025	06	-6,2	95	13
18/01/2025	07	-6,5	95	13
18/01/2025	08	-6,1	94	11
18/01/2025	09	-4,3	92	16
18/01/2025	10	-,9	86	29
18/01/2025	11	2,6	72	42
18/01/2025	12	6,5	59	53
18/01/2025	13	10	46	67
18/01/2025	14	11,1	36	83
18/01/2025	15	11,4	33	84
18/01/2025	16	11,1	32	85
18/01/2025	17	9,1	34	81
18/01/2025	18	4,5	47	57
18/01/2025	19	1,5	58	49
18/01/2025	20	-,7	66	36
18/01/2025	21	-2,1	71	39
18/01/2025	22	-2,9	75	37
18/01/2025	23	-3,9	78	39
19/01/2025	00	-4,6	83	31
19/01/2025	01	-5,2	86	28
19/01/2025	02	-5,7	87	28
19/01/2025	03	-6,1	88	28
19/01/2025	04	-6,6	89	28
19/01/2025	05	-7,1	91	24
19/01/2025	06	-7,6	91	27
19/01/2025	07	-8	93	23
19/01/2025	08	-8,2	93	22
19/01/2025	09	-6,4	90	23
19/01/2025	10	-2,5	78	35
19/01/2025	11	3	58	49
19/01/2025	12	7,2	44	60
19/01/2025	13	10,7	37	67
19/01/2025	14	12,4	30	79
19/01/2025	15	12,4	30	83
19/01/2025	16	12,3	31	86
19/01/2025	17	10	40	82
19/01/2025	18	5,7	53	71
19/01/2025	19	3,1	62	61
19/01/2025	20	1,3	69	46
19/01/2025	21	0,3	74	43
19/01/2025	22	-,7	80	38
19/01/2025	23	-,7	80	34
20/01/2025	00	-,9	83	30
20/01/2025	01	-1,2	85	29
20/01/2025	02	-,6	84	30
20/01/2025	03	-,3	84	30
20/01/2025	04	0	84	33
20/01/2025	05	-,4	85	30
20/01/2025	06	-,2	85	26
20/01/2025	07	0,4	83	31
20/01/2025	08	0,9	83	29
20/01/2025	09	2,3	79	31
20/01/2025	10	4,6	72	43
20/01/2025	11	6,3	70	54
20/01/2025	12	7,5	71	62
20/01/2025	13	7,7	79	67
20/01/2025	14	8,7	78	73
20/01/2025	15	8,3	81	70
20/01/2025	16	8,4	80	67
20/01/2025	17	7,8	83	63
20/01/2025	18	7	89	51
20/01/2025	19	6,4	92	34
20/01/2025	20	6,1	92	24
20/01/2025	21	6	93	22
20/01/2025	22	6	95	22
20/01/2025	23	5,9	95	18
21/01/2025	00	5,9	95	21
21/01/2025	01	5,7	95	17
21/01/2025	02	5,6	96	17
21/01/2025	03	5,6	95	15
21/01/2025	04	5,6	95	13
21/01/2025	05	5,5	96	11
21/01/2025	06	5,7	96	13
21/01/2025	07	6,2	96	23
21/01/2025	08	8,2	91	54
21/01/2025	09	8,7	89	56
21/01/2025	10	9,7	87	54
21/01/2025	11	10,1	85	57
21/01/2025	12	10,8	81	58
21/01/2025	13	11,3	81	57
21/01/2025	14	11,5	81	59
21/01/2025	15	11,3	86	61
21/01/2025	16	11,3	84	61
21/01/2025	17	11,4	80	65
21/01/2025	18	11,1	82	68
21/01/2025	19	11,2	79	67
21/01/2025	20	11,3	75	69
21/01/2025	21	10,8	75	68
21/01/2025	22	10,8	74	69
21/01/2025	23	11	73	70
22/01/2025	00	11,2	72	70
22/01/2025	01	11	71	68
22/01/2025	02	10,8	68	70
22/01/2025	03	10,3	68	72
22/01/2025	04	10,6	66	73
22/01/2025	05	10,5	67	74
22/01/2025	06	10,6	64	76
22/01/2025	07	10,3	65	74
22/01/2025	08	10,5	63	73
22/01/2025	09	10,9	64	73
22/01/2025	10	11	70	71
22/01/2025	11	13,4	61	73
22/01/2025	12	14,4	56	76
22/01/2025	13	14,8	55	76
22/01/2025	14	15,1	54	79
22/01/2025	15	14,6	55	85
22/01/2025	16	13,5	58	84
22/01/2025	17	11,2	68	81
22/01/2025	18	10,1	72	79
22/01/2025	19	8,6	77	64
22/01/2025	20	7,1	81	43
22/01/2025	21	7,1	83	39
22/01/2025	22	7,4	87	40
22/01/2025	23	10,2	78	71
23/01/2025	00	9,6	79	67
23/01/2025	01	10,1	76	70
23/01/2025	02	10,5	76	71
23/01/2025	03	10,1	79	65
23/01/2025	04	9,6	82	54
23/01/2025	05	10,3	79	69
23/01/2025	06	10,2	77	74
23/01/2025	07	10	78	72
23/01/2025	08	9,5	81	67
23/01/2025	09	9,3	83	47
23/01/2025	10	12,3	72	62
23/01/2025	11	13,5	66	78
23/01/2025	12	14,5	60	82
23/01/2025	13	15,9	55	82
23/01/2025	14	15,1	56	83
23/01/2025	15	15,4	54	84
23/01/2025	16	15,9	52	83
23/01/2025	17	14,6	58	79
23/01/2025	18	11,3	70	67
23/01/2025	19	9	78	54
23/01/2025	20	8,1	82	44
23/01/2025	21	6,5	86	33
23/01/2025	22	5	90	24
23/01/2025	23	4,7	92	22
24/01/2025	00	3,7	94	19
24/01/2025	01	3,8	94	17
24/01/2025	02	2,7	96	13
24/01/2025	03	2	96	10
24/01/2025	04	1,5	97	10
24/01/2025	05	1	97	8
24/01/2025	06	1,7	97	8
24/01/2025	07	2,9	96	9
24/01/2025	08	3,6	96	8
24/01/2025	09	5,5	91	14
24/01/2025	10	9,2	79	24
24/01/2025	11	14,2	61	68
24/01/2025	12	14,2	58	85
24/01/2025	13	15,3	54	85
24/01/2025	14	14,8	54	85
24/01/2025	15	14	57	85
24/01/2025	16	14,6	54	84
24/01/2025	17	12,6	60	83
24/01/2025	18	8,9	72	67
24/01/2025	19	6,8	79	59
24/01/2025	20	5,3	84	51
24/01/2025	21	4,6	86	43
24/01/2025	22	3,8	89	35
24/01/2025	23	3	92	32
25/01/2025	00	2,2	93	25
25/01/2025	01	2,3	94	24
25/01/2025	02	3,5	94	31
25/01/2025	03	5,9	88	48
25/01/2025	04	7,9	80	68
25/01/2025	05	9	75	74
25/01/2025	06	9,7	72	78
25/01/2025	07	10,5	67	82
25/01/2025	08	10	70	77
25/01/2025	09	10,7	66	81
25/01/2025	10	11,5	62	81
25/01/2025	11	11,7	59	83
25/01/2025	12	11,1	63	81
25/01/2025	13	10,9	67	80
25/01/2025	14	11	68	81
25/01/2025	15	10,4	74	77
25/01/2025	16	11	70	74
25/01/2025	17	11,5	65	76
25/01/2025	18	10,2	67	75
25/01/2025	19	10	69	71
25/01/2025	20	9,4	69	76
25/01/2025	21	9,4	67	78
25/01/2025	22	7,9	73	69
25/01/2025	23	5,9	79	59
26/01/2025	00	3,3	87	41
26/01/2025	01	2,3	92	35
26/01/2025	02	4,1	87	48
26/01/2025	03	4	86	55
26/01/2025	04	2,1	91	47
26/01/2025	05	1,6	91	42
26/01/2025	06	1,6	93	41
26/01/2025	07	1,3	93	36
26/01/2025	08	1,6	94	35
26/01/2025	09	4,8	85	52
26/01/2025	10	8,4	70	72
26/01/2025	11	10,7	59	77
26/01/2025	12	11,4	55	80
26/01/2025	13	11,8	54	81
26/01/2025	14	11,7	60	80
26/01/2025	15	11,5	66	78
26/01/2025	16	11,4	74	75
26/01/2025	17	11,9	73	74
26/01/2025	18	12,1	73	74
26/01/2025	19	11,3	84	69
26/01/2025	20	11,9	72	72
26/01/2025	21	12,1	73	75
26/01/2025	22	12,4	74	73
26/01/2025	23	12,8	74	71
27/01/2025	00	13,4	73	69
27/01/2025	01	13,8	71	68
27/01/2025	02	13,9	70	
27/01/2025	03	14	69	64
27/01/2025	04	14,1	67	63
27/01/2025	05	13,6	72	62
27/01/2025	06	13,7	71	62
27/01/2025	07	13,7	72	64
27/01/2025	08	13,6	72	63
27/01/2025	09	14,1	71	62
27/01/2025	10	15,1	65	62
27/01/2025	11	16,1	57	61
27/01/2025	12	17	58	61
27/01/2025	13	15	72	61
27/01/2025	14	11	89	57
27/01/2025	15	13,4	80	59
27/01/2025	16	12,9	78	58
27/01/2025	17	12,4	80	57
27/01/2025	18	12,8	72	69
27/01/2025	19	12,9	64	78
27/01/2025	20	11,2	71	81
27/01/2025	21	8,9	79	80
27/01/2025	22	8,6	74	81
27/01/2025	23	8,3	70	80
28/01/2025	00	7,9	69	81
28/01/2025	01	7,3	68	80
28/01/2025	02	6,9	65	80
28/01/2025	03	5,9	72	79
28/01/2025	04	5,8	75	81
28/01/2025	05	5,7	76	79
28/01/2025	06	3,5	93	78
28/01/2025	07	4,1	89	71
28/01/2025	08	4,5	76	82
28/01/2025	09	4,6	76	80
28/01/2025	10	6,8	68	82
28/01/2025	11	8,1	61	81
28/01/2025	12	9	54	81
28/01/2025	13	9,1	52	82
28/01/2025	14	8,8	53	81
28/01/2025	15	9,5	53	80
28/01/2025	16	9,8	52	80
28/01/2025	17	8,6	55	79
28/01/2025	18	5,8	69	65
28/01/2025	19	4,4	75	57
28/01/2025	20	2,6	83	44
28/01/2025	21	1,3	89	35
28/01/2025	22	0,9	91	32
28/01/2025	23	3,1	85	44
29/01/2025	00	4,5	79	51
29/01/2025	01	4,7	76	61
29/01/2025	02	3,9	81	54
29/01/2025	03	2,8	84	51
29/01/2025	04	1,9	84	52
29/01/2025	05	1,3	86	48
29/01/2025	06	0,5	90	39
29/01/2025	07	0,4	91	33
29/01/2025	08	2,7	84	52
29/01/2025	09	5,1	75	57
29/01/2025	10	6,1	66	72
29/01/2025	11	6,9	65	75
29/01/2025	12	6,4	71	72
29/01/2025	13	5,6	82	74
29/01/2025	14	5,8	85	71
29/01/2025	15	6,7	80	72
29/01/2025	16	7,3	77	75
29/01/2025	17	7,5	77	75
29/01/2025	18	7,2	80	74
29/01/2025	19	7	83	72
29/01/2025	20	6,7	80	77
29/01/2025	21	6,5	80	75
29/01/2025	22	5,7	88	64
29/01/2025	23	4,4	92	50
30/01/2025	00	3,5	96	37
30/01/2025	01	4	96	33
30/01/2025	02	3,5	97	30
30/01/2025	03	1,9	98	28
30/01/2025	04	0,8	98	30
30/01/2025	05	-,3	99	24
30/01/2025	06	-,6	99	21
30/01/2025	07	-,8	100	21
30/01/2025	08	-1,1	100	18
30/01/2025	09	-,3	100	18
30/01/2025	10	3,5	93	37
30/01/2025	11	7,3	75	51
30/01/2025	12	9,8	54	71
30/01/2025	13	10,1	51	
30/01/2025	14	9,9	51	76
30/01/2025	15	9,6	52	77
30/01/2025	16	9,1	55	77
30/01/2025	17	8,5	56	76
30/01/2025	18	7,3	62	76
30/01/2025	19	6,7	66	74
30/01/2025	20	6,4	68	73
30/01/2025	21	6,7	64	74
30/01/2025	22	6,2	66	73
30/01/2025	23	5,9	67	72
31/01/2025	00	5,6	68	72
31/01/2025	01	5,4	68	71
31/01/2025	02	5,1	68	74
31/01/2025	03	4,9	68	74
31/01/2025	04	4,8	68	75
31/01/2025	05	4,6	68	73
31/01/2025	06	4,4	67	73
31/01/2025	07	4,1	68	74
31/01/2025	08	3,9	68	73
31/01/2025	09	4,3	64	74
31/01/2025	10	5,2	59	76
31/01/2025	11	6,9	54	77
31/01/2025	12	7,9	51	78
31/01/2025	13	8,8	48	81
31/01/2025	14	9,7	44	82
31/01/2025	15	10,2	40	83
31/01/2025	16	10	39	83
31/01/2025	17	8,5	44	80
31/01/2025	18	6,5	52	74
31/01/2025	19	3,2	68	53
31/01/2025	20	1,1	75	47
31/01/2025	21	-,4	81	43
31/01/2025	22	-1,6	87	35
31/01/2025	23	-2,3	89	34
01/02/2025	00	-2,8	90	31
01/02/2025	01	-3,2	93	27
01/02/2025	02	-3,6	94	24
01/02/2025	03	-3,9	95	23
01/02/2025	04	-4,2	97	19
01/02/2025	05	-4,5	96	18
01/02/2025	06	-3,9	96	19
01/02/2025	07	-3,7	96	20
01/02/2025	08	-2,7	95	19
01/02/2025	09	-1,2	90	24
01/02/2025	10	2,3	75	34
01/02/2025	11	7,2	60	46
01/02/2025	12	8,8	57	61
01/02/2025	13	9,3	57	65
01/02/2025	14	10,7	53	70
01/02/2025	15	7,2	73	72
01/02/2025	16	5,3	79	75
01/02/2025	17	6,2	73	74
01/02/2025	18	5,3	77	68
01/02/2025	19	4,9	79	60
01/02/2025	20	5,1	75	67
01/02/2025	21	4,3	76	67
01/02/2025	22	3,1	81	59
01/02/2025	23	1,2	89	48
02/02/2025	00	0,5	92	40
02/02/2025	01	1,1	91	37
02/02/2025	02	1,5	91	36
02/02/2025	03	1,8	91	36
02/02/2025	04	1,5	90	40
02/02/2025	05	1,8	86	48
02/02/2025	06	-,2	90	42
02/02/2025	07	-1,8	95	34
02/02/2025	08	-2,3	96	30
02/02/2025	09	-,1	92	34
02/02/2025	10	4,4	71	54
02/02/2025	11	7,8	56	69
02/02/2025	12	8,9	51	74
02/02/2025	13	10,9	45	75
02/02/2025	14	11,3	43	80
02/02/2025	15	11,4	41	82
02/02/2025	16	11,2	41	82
02/02/2025	17	9,4	47	78
02/02/2025	18	6,3	61	65
02/02/2025	19	3,2	74	49
02/02/2025	20	1,3	80	42
02/02/2025	21	-,1	85	38
02/02/2025	22	-1,3	89	33
02/02/2025	23	-2	91	30
03/02/2025	00	-2,7	92	32
03/02/2025	01	-3,1	93	26
03/02/2025	02	-3,6	95	22
03/02/2025	03	-3,8	96	20
03/02/2025	04	-4,1	96	21
03/02/2025	05	-4,2	96	19
03/02/2025	06	-4,6	96	16
03/02/2025	07	-4,7	97	13
03/02/2025	08	-4,5	96	12
03/02/2025	09	-1,9	94	16
03/02/2025	10	2,1	79	31
03/02/2025	11	7,6	60	59
03/02/2025	12	8,9	54	76
03/02/2025	13	10,6	49	79
03/02/2025	14	12,2	44	81
03/02/2025	15	12,4	44	82
03/02/2025	16	12,1	45	82
03/02/2025	17	10,5	52	74
03/02/2025	18	6,7	65	57
03/02/2025	19	3,8	73	50
03/02/2025	20	1,9	81	38
03/02/2025	21	0,7	86	41
03/02/2025	22	-,5	89	35
03/02/2025	23	-1,4	91	33
04/02/2025	00	-2	93	26
04/02/2025	01	-2,6	94	25
04/02/2025	02	-3	96	20
04/02/2025	03	-3,5	96	19
04/02/2025	04	-3,9	97	17
04/02/2025	05	-4,2	97	14
04/02/2025	06	-4,7	96	12
04/02/2025	07	-5	96	11
04/02/2025	08	-4,8	96	9
04/02/2025	09	-2,2	93	15
04/02/2025	10	1,8	79	26
04/02/2025	11	7,3	62	38
04/02/2025	12	10,7	53	54
04/02/2025	13	13,4	41	73
04/02/2025	14	14,1	35	82
04/02/2025	15	14,4	35	83
04/02/2025	16	14,3	34	82
04/02/2025	17	12,6	40	80
04/02/2025	18	8,1	54	64
04/02/2025	19	4,3	69	41
04/02/2025	20	2,4	72	47
04/02/2025	21	0,9	77	45
04/02/2025	22	-,1	81	42
04/02/2025	23	-1,2	88	32
05/02/2025	00	-1,8	90	29
05/02/2025	01	-2,3	91	29
05/02/2025	02	-2,8	93	26
05/02/2025	03	-3	95	23
05/02/2025	04	-3,4	96	18
05/02/2025	05	-3,9	96	15
05/02/2025	06	-4,2	96	17
05/02/2025	07	-4,6	96	16
05/02/2025	08	-4,5	96	15
05/02/2025	09	-1,3	94	20
05/02/2025	10	3,3	74	34
05/02/2025	12	11,9	36	77
05/02/2025	13	14	29	88
05/02/2025	14	14	29	90
05/02/2025	15	14,6	30	89
05/02/2025	16	14,6	30	84
05/02/2025	17	12,8	33	80
05/02/2025	18	7,5	47	52
05/02/2025	19	3,9	61	41
05/02/2025	20	1,7	68	40
05/02/2025	21	0,3	74	26
05/02/2025	22	-1	81	32
05/02/2025	23	-1,7	82	36
06/02/2025	00	-2,5	85	31
06/02/2025	01	-3,3	88	32
06/02/2025	02	-3,9	90	27
06/02/2025	03	-4,3	91	26
06/02/2025	04	-4,7	93	24
06/02/2025	05	-5,1	93	22
06/02/2025	06	-5,5	94	19
06/02/2025	07	-5,8	95	16
06/02/2025	08	-5,5	94	18
06/02/2025	09	-2,4	88	24
06/02/2025	10	2,1	71	40
06/02/2025	11	7,4	55	53
06/02/2025	12	11	45	63
06/02/2025	13	14,6	37	79
06/02/2025	14	15,7	32	86
06/02/2025	15	16,1	29	88
06/02/2025	16	15,7	33	88
06/02/2025	17	13,2	41	87
06/02/2025	18	9,5	54	80
06/02/2025	19	5,8	65	66
06/02/2025	20	3,6	74	55
06/02/2025	21	1,8	80	45
06/02/2025	22	0,5	84	41
06/02/2025	23	-,5	88	37
07/02/2025	00	-1,5	90	36
07/02/2025	01	-2,1	92	27
07/02/2025	02	-2,9	93	27
07/02/2025	03	-3,5	94	23
07/02/2025	04	-4,1	96	19
07/02/2025	05	-4,7	96	18
07/02/2025	06	-5,1	96	18
07/02/2025	07	-5,4	96	16
07/02/2025	08	-4,9	95	14
07/02/2025	09	-2	91	26
07/02/2025	10	2,6	74	39
07/02/2025	11	8,4	56	49
07/02/2025	12	12,4	40	80
07/02/2025	13	13,9	35	85
07/02/2025	14	13,8	31	86
07/02/2025	15	13,7	32	88
07/02/2025	16	11,9	37	90
07/02/2025	17	7,3	73	88
07/02/2025	18	5,7	79	81
07/02/2025	19	5,1	80	79
07/02/2025	20	5,3	81	71
07/02/2025	21	5,5	83	62
07/02/2025	22	6,4	80	74
07/02/2025	23	6	84	68
08/02/2025	00	5,6	87	56
08/02/2025	01	5,2	89	46
08/02/2025	02	4,9	93	38
08/02/2025	03	4,1	95	31
08/02/2025	04	3,4	97	24
08/02/2025	05	2,9	97	19
08/02/2025	06	3,2	96	28
08/02/2025	07	4	87	46
08/02/2025	08	4	81	50
08/02/2025	09	4,7	75	54
08/02/2025	10	6,7	64	61
08/02/2025	11	9,3	50	69
08/02/2025	12	10,9	42	73
08/02/2025	13	11,4	38	77
08/02/2025	14	11,5	35	80
08/02/2025	15	11,7	33	80
08/02/2025	16	11,1	34	81
08/02/2025	17	9,6	37	81
08/02/2025	18	6,8	48	66
08/02/2025	19	3,6	63	49
08/02/2025	20	1,8	70	45
08/02/2025	21	0,3	77	37
08/02/2025	22	-,3	81	36
08/02/2025	23	-,3	81	35
09/02/2025	00	-1,3	84	30
09/02/2025	01	-2	86	29
09/02/2025	02	-2,3	89	26
09/02/2025	03	-2,6	88	27
09/02/2025	04	-3,2	91	25
09/02/2025	05	-3,4	92	20
09/02/2025	06	-3,7	94	18
09/02/2025	07	-3,5	94	18
09/02/2025	08	-2,6	91	21
09/02/2025	09	0,3	79	30
09/02/2025	10	4,7	61	43
09/02/2025	11	9,7	47	51
09/02/2025	12	13	40	59
09/02/2025	13	15,5	38	69
09/02/2025	14	16	42	71
09/02/2025	15	15,9	43	71
09/02/2025	16	15,9	43	70
09/02/2025	17	14,5	50	68
09/02/2025	18	10,3	64	53
09/02/2025	19	7,2	72	41
09/02/2025	20	5,2	78	29
09/02/2025	21	4	82	26
09/02/2025	22	2,9	85	23
09/02/2025	23	2	88	21
10/02/2025	00	1	91	20
10/02/2025	01	0,4	92	19
10/02/2025	02	-,1	94	15
10/02/2025	03	-,3	95	14
10/02/2025	04	-,8	96	11
10/02/2025	05	-1,3	97	11
10/02/2025	06	-1,7	97	9
10/02/2025	07	-1,9	97	8
10/02/2025	08	-1,4	97	8
10/02/2025	09	1,6	91	13
10/02/2025	10	5,9	75	27
10/02/2025	11	10,8	57	41
10/02/2025	12	14	47	75
10/02/2025	13	15,2	46	78
10/02/2025	14	15,5	46	79
10/02/2025	15	15,8	47	80
10/02/2025	16	13,1	56	83
10/02/2025	17	11,6	64	84
10/02/2025	18	9,7	73	80
10/02/2025	19	8,1	80	72
10/02/2025	20	6,8	83	59
10/02/2025	21	7,3	82	54
10/02/2025	22	7,8	83	56
10/02/2025	23	8,1	84	70
11/02/2025	00	7,2	86	59
11/02/2025	01	7,9	86	65
11/02/2025	02	7,6	87	64
11/02/2025	03	7,4	88	65
11/02/2025	04	6,6	89	61
11/02/2025	05	5,8	90	48
11/02/2025	06	5,8	91	47
11/02/2025	07	5,3	92	36
11/02/2025	08	5,1	92	29
11/02/2025	09	6,2	89	35
11/02/2025	10	10	68	72
11/02/2025	11	12,4	56	74
11/02/2025	12	13,8	49	76
11/02/2025	13	14,8	44	80
11/02/2025	14	16,2	33	84
11/02/2025	15	16,5	31	86
11/02/2025	16	16	36	84
11/02/2025	17	14,6	38	82
11/02/2025	18	10,6	48	71
11/02/2025	19	7,3	59	55
11/02/2025	20	5,5	66	43
11/02/2025	21	4,9	71	36
11/02/2025	22	4	74	36
11/02/2025	23	4,1	75	37
12/02/2025	00	4,6	79	35
12/02/2025	01	5,3	83	33
12/02/2025	02	5,6	90	36
12/02/2025	03	6,5	94	50
12/02/2025	04	6,4	95	46
12/02/2025	05	6,3	96	38
12/02/2025	06	6,3	97	35
12/02/2025	07	6,5	97	38
12/02/2025	08	6,3	96	40
12/02/2025	09	7,3	96	35
12/02/2025	10	9	91	48
12/02/2025	11	12,1	75	58
12/02/2025	12	10	85	56
12/02/2025	13	11,1	77	59
12/02/2025	14	11,6	70	62
12/02/2025	15	10,2	75	65
12/02/2025	17	10,2	68	66
12/02/2025	18	9	73	62
12/02/2025	19	8,1	77	61
12/02/2025	20	7,9	77	66
12/02/2025	21	7,9	76	68
12/02/2025	22	7,9	76	67
12/02/2025	23	7,7	77	66
13/02/2025	00	7,6	76	68
13/02/2025	01	6,4	80	62
13/02/2025	02	4,8	87	50
13/02/2025	03	2,9	93	35
13/02/2025	04	1,9	96	27
13/02/2025	05	1,6	96	28
13/02/2025	06	0,8	97	24
13/02/2025	07	0,3	98	22
13/02/2025	08	0,2	98	20
13/02/2025	09	2,4	96	29
13/02/2025	10	6,3	81	45
13/02/2025	11	8,9	70	57
13/02/2025	12	11,5	58	69
13/02/2025	13	13	51	72
13/02/2025	14	13,4	46	79
13/02/2025	15	13,8	44	80
13/02/2025	16	13,9	41	82
13/02/2025	17	13,8	42	81
13/02/2025	18	11,8	52	72
13/02/2025	19	8,4	70	44
13/02/2025	20	7	77	37
13/02/2025	21	6,2	82	29
13/02/2025	22	5,2	85	30
13/02/2025	23	4,3	89	26
14/02/2025	00	3,2	92	22
14/02/2025	01	2,6	93	20
14/02/2025	02	1,7	95	16
14/02/2025	03	1,5	97	14
14/02/2025	04	1,4	97	13
14/02/2025	05	1,1	97	10
14/02/2025	06	0,8	98	10
14/02/2025	07	0,4	98	9
14/02/2025	08	0,3	98	
14/02/2025	09	3	97	
14/02/2025	10	8,6	80	
14/02/2025	11	12,3	64	56
14/02/2025	12	14,6	57	66
14/02/2025	13	17,2	50	70
14/02/2025	14	18,4	44	75
14/02/2025	15	19,3	42	75
14/02/2025	16	18,9	42	76
14/02/2025	17	17,8	44	78
14/02/2025	18	15,8	52	74
14/02/2025	19	11,2	69	49
14/02/2025	20	8,3	77	29
14/02/2025	21	6,7	83	21
14/02/2025	22	5,1	88	17
14/02/2025	23	4	90	20
15/02/2025	00	2,9	92	18
15/02/2025	01	2	94	16
15/02/2025	02	1	95	14
15/02/2025	03	0,3	96	12
15/02/2025	04	-,2	97	11
15/02/2025	05	-,9	97	10
15/02/2025	06	-1,3	97	10
15/02/2025	07	-1,7	97	9
15/02/2025	08	-1,8	97	8
15/02/2025	09	0,4	95	14
15/02/2025	10	4,7	81	24
15/02/2025	11	9,7	60	45
15/02/2025	12	13,8	49	53
15/02/2025	13	18,2	38	77
15/02/2025	14	18,9	34	88
15/02/2025	15	19	33	89
15/02/2025	16	18,3	34	90
15/02/2025	17	16,9	37	89
15/02/2025	18	14,3	51	84
15/02/2025	19	12,1	68	81
15/02/2025	20	10,2	80	77
15/02/2025	21	9,1	85	70
15/02/2025	22	7,7	87	50
15/02/2025	23	6,4	87	37
16/02/2025	00	6,2	87	34
16/02/2025	01	5,9	88	29
16/02/2025	02	5,6	89	28
16/02/2025	03	5,9	89	27
16/02/2025	04	5,9	88	28
16/02/2025	05	5,7	80	36
16/02/2025	06	5,3	81	36
16/02/2025	07	5	91	48
16/02/2025	08	4,7	90	42
16/02/2025	09	5	87	40
16/02/2025	10	7	78	39
16/02/2025	11	10,6	64	43
16/02/2025	12	15	47	56
16/02/2025	13	17,3	39	65
16/02/2025	14	20,4	30	73
16/02/2025	15	21,7	24	81
16/02/2025	16	21	24	82
16/02/2025	17	20,8	25	83
16/02/2025	18	15,8	39	62
16/02/2025	19	12,3	48	51
16/02/2025	20	10,5	55	48
16/02/2025	21	7,9	65	39
16/02/2025	22	6,2	70	35
16/02/2025	23	5,8	71	34
17/02/2025	00	6,3	71	36
17/02/2025	01	7	66	40
17/02/2025	02	7,6	62	45
17/02/2025	03	7,1	66	39
17/02/2025	04	6,3	71	34
17/02/2025	05	5,4	76	29
17/02/2025	06	4	77	33
17/02/2025	07	2,5	82	30
17/02/2025	08	1,8	84	25
17/02/2025	09	5,2	73	29
17/02/2025	10	9,7	56	44
17/02/2025	11	14,3	44	57
17/02/2025	12	18,3	35	74
17/02/2025	13	19,8	32	88
17/02/2025	14	19,5	32	91
17/02/2025	15	19,1	32	93
17/02/2025	16	18,8	32	95
17/02/2025	17	18	35	94
17/02/2025	18	14,8	44	85
17/02/2025	19	10,4	57	69
17/02/2025	20	8,2	65	55
17/02/2025	21	6,3	73	41
17/02/2025	22	5,1	77	39
17/02/2025	23	4,2	80	39
18/02/2025	00	3,5	84	37
18/02/2025	01	2,7	86	32
18/02/2025	02	2,1	90	28
18/02/2025	03	1,9	90	28
18/02/2025	04	1,3	91	24
18/02/2025	05	0,6	94	20
18/02/2025	06	0	95	16
18/02/2025	07	0,4	95	14
18/02/2025	08	0,9	94	13
18/02/2025	09	2,9	89	18
18/02/2025	10	6,4	79	39
18/02/2025	11	9,3	73	58
18/02/2025	12	12	65	68
18/02/2025	13	16,3	48	79
18/02/2025	14	17,9	42	85
18/02/2025	15	16,9	42	91
18/02/2025	16	15,7	52	89
18/02/2025	17	13,8	61	88
18/02/2025	18	11,9	68	87
18/02/2025	19	10,4	76	86
18/02/2025	20	9,6	81	82
18/02/2025	21	7,8	85	66
18/02/2025	22	7,1	88	56
18/02/2025	23	7	89	53
19/02/2025	00	6,3	90	44
19/02/2025	01	5,6	91	37
19/02/2025	02	5,2	92	31
19/02/2025	03	4,6	93	27
19/02/2025	04	3,6	95	18
19/02/2025	05	3,5	95	16
19/02/2025	06	4,5	95	16
19/02/2025	07	5,2	94	19
19/02/2025	08	6	92	40
19/02/2025	09	6,4	90	61
19/02/2025	10	7	87	57
19/02/2025	11	10,3	74	57
19/02/2025	12	14,1	60	64
19/02/2025	13	18	47	80
19/02/2025	14	19,5	38	86
19/02/2025	15	19,1	37	89
19/02/2025	16	16	58	76
19/02/2025	17	17,4	53	83
19/02/2025	18	15,4	57	72
19/02/2025	19	11	71	50
19/02/2025	20	8,4	79	38
19/02/2025	21	7	85	32
19/02/2025	22	5,6	88	30
19/02/2025	23	5,7	88	27
20/02/2025	00	6,7	85	28
20/02/2025	01	7,1	84	31
20/02/2025	02	7,3	82	37
20/02/2025	03	6,8	85	41
20/02/2025	04	6,5	84	38
20/02/2025	05	6,2	87	41
20/02/2025	06	5,8	88	41
20/02/2025	07	5,4	92	44
20/02/2025	08	5,2	93	44
20/02/2025	09	5,3	91	41
20/02/2025	10	6,2	87	39
20/02/2025	11	9,5	74	39
20/02/2025	12	14,6	58	46
20/02/2025	13	18,9	46	60
20/02/2025	14	20,4	36	82
20/02/2025	15	21,2	33	88
20/02/2025	16	20,7	35	88
20/02/2025	17	19,7	37	87
20/02/2025	18	16,5	47	81
20/02/2025	19	13,3	67	81
20/02/2025	20	11,3	79	83
20/02/2025	21	9,8	85	79
20/02/2025	22	8,3	88	62
20/02/2025	23	7,6	88	43
21/02/2025	00	8,2	86	40
21/02/2025	01	8,5	84	40
21/02/2025	02	8,4	83	44
21/02/2025	03	8,3	84	49
21/02/2025	04	8,4	83	52
21/02/2025	05	7,9	84	49
21/02/2025	06	7,8	84	47
21/02/2025	07	7,6	84	44
21/02/2025	08	7,5	85	45
21/02/2025	09	7,9	86	47
21/02/2025	10	9,5	81	53
21/02/2025	11	12	71	64
21/02/2025	12	13,4	66	
21/02/2025	13	14,2	62	
21/02/2025	14	15,3	56	76
21/02/2025	15	15,1	52	79
21/02/2025	16	13,8	58	81
21/02/2025	17	12,6	67	81
21/02/2025	18	11,5	73	78
21/02/2025	19	10,8	76	81
21/02/2025	20	10,4	78	79
21/02/2025	21	10,2	80	77
21/02/2025	22	9,9	82	73
21/02/2025	23	9,7	81	80
22/02/2025	00	9,8	81	83
22/02/2025	01	9,1	84	79
22/02/2025	02	8,8	84	77
22/02/2025	03	9,2	82	80
22/02/2025	04	9,2	84	80
22/02/2025	05	8,8	90	76
22/02/2025	06	9	87	67
22/02/2025	07	9	89	56
22/02/2025	08	8,9	89	52
22/02/2025	09	9,5	89	47
22/02/2025	10	10,8	82	54
22/02/2025	11	11,2	67	76
22/02/2025	12	12,6	58	81
22/02/2025	13	12,7	54	83
22/02/2025	14	12,9	52	84
22/02/2025	15	13,1	49	85
22/02/2025	16	13,3	47	86
22/02/2025	17	12,8	48	85
22/02/2025	18	12,1	51	79
22/02/2025	19	9,1	62	61
22/02/2025	20	7	68	56
22/02/2025	21	6	69	57
22/02/2025	22	6,8	63	66
22/02/2025	23	4,7	73	53
23/02/2025	00	4	79	45
23/02/2025	01	3,2	85	42
23/02/2025	02	2,2	88	39
23/02/2025	03	1,3	91	33
23/02/2025	04	1,4	92	34
23/02/2025	05	1,8	90	39
23/02/2025	06	0,8	93	34
23/02/2025	07	-,2	96	27
23/02/2025	08	-,3	97	25
23/02/2025	09	4,1	81	36
23/02/2025	10	7,9	64	63
23/02/2025	11	11	51	76
23/02/2025	12	13,1	45	80
23/02/2025	13	14,7	42	84
23/02/2025	14	16,3	34	89
23/02/2025	15	17,1	32	90
23/02/2025	16	17,5	31	88
23/02/2025	17	16,9	29	89
23/02/2025	18	14,3	40	85
23/02/2025	19	10,9	62	69
23/02/2025	20	8,6	73	65
23/02/2025	21	6,3	79	54
23/02/2025	22	5	83	48
23/02/2025	23	3,6	87	38
24/02/2025	00	2,3	91	30
24/02/2025	01	1,3	93	27
24/02/2025	02	0,5	94	22
24/02/2025	03	-,2	95	19
24/02/2025	04	-,7	95	16
24/02/2025	05	-1,4	96	15
24/02/2025	06	-1,6	96	13
24/02/2025	07	-1,6	96	11
24/02/2025	08	-,7	95	11
24/02/2025	09	1,9	89	20
24/02/2025	10	5,1	77	33
24/02/2025	11	8,8	66	45
24/02/2025	12	12,2	54	54
24/02/2025	13	15	44	61
24/02/2025	14	17,2	35	76
24/02/2025	15	17,5	33	81
24/02/2025	16	18,2	31	82
24/02/2025	17	17,5	33	81
24/02/2025	18	14,6	38	81
24/02/2025	19	10,7	51	68
24/02/2025	20	8,4	59	55
24/02/2025	21	6,7	65	48
24/02/2025	22	5	71	43
24/02/2025	23	3,9	77	36
25/02/2025	00	3,4	79	33
25/02/2025	01	3,5	79	33
25/02/2025	02	2,4	83	29
25/02/2025	03	1,8	86	29
25/02/2025	04	2,1	86	30
25/02/2025	05	2,1	87	28
25/02/2025	06	2,2	87	26
25/02/2025	07	2,3	88	24
25/02/2025	08	3,3	85	22
25/02/2025	09	7	76	36
25/02/2025	10	11,1	68	65
25/02/2025	11	12,4	65	65
25/02/2025	12	13,5	61	64
25/02/2025	13	14,7	52	71
25/02/2025	14	15	44	82
25/02/2025	15	13,8	50	84
25/02/2025	16	10,3	69	81
25/02/2025	17	8,7	75	75
25/02/2025	18	7,9	73	79
25/02/2025	19	7,3	72	81
25/02/2025	20	6,4	75	76
25/02/2025	21	4,2	82	63
25/02/2025	22	2,7	87	53
25/02/2025	23	3,8	81	64
26/02/2025	00	3,3	80	64
26/02/2025	01	2,7	82	61
26/02/2025	02	1,8	85	56
26/02/2025	03	0,6	89	47
26/02/2025	04	0,3	89	47
26/02/2025	05	-,5	91	45
26/02/2025	06	-1,4	94	37
26/02/2025	07	-2	96	29
26/02/2025	08	-1,7	96	26
26/02/2025	09	3	79	46
26/02/2025	10	6,8	60	79
26/02/2025	11	9	51	82
26/02/2025	12	11,5	42	84
26/02/2025	13	13,3	37	87
26/02/2025	14	14,2	34	89
26/02/2025	15	15,2	32	89
26/02/2025	16	15,3	32	89
26/02/2025	17	14,3	37	86
26/02/2025	18	11,7	44	82
26/02/2025	19	8	56	62
26/02/2025	20	5,3	62	56
26/02/2025	21	3,4	69	49
26/02/2025	22	2,1	74	45
26/02/2025	23	1	78	43
27/02/2025	00	-,1	83	33
27/02/2025	01	-,5	84	33
27/02/2025	02	-,4	85	33
27/02/2025	03	-,5	86	31
27/02/2025	04	-,6	87	29
27/02/2025	05	-,7	86	27
27/02/2025	06	-,9	88	25
27/02/2025	07	-,9	88	23
27/02/2025	08	0	85	23
27/02/2025	09	1,9	75	33
27/02/2025	10	3,3	69	38
27/02/2025	11	5,5	61	44
27/02/2025	12	7,7	55	48
27/02/2025	13	10,8	46	59
27/02/2025	14	14,4	37	81
27/02/2025	15	14,9	37	92
27/02/2025	16	14,9	36	96
27/02/2025	17	14,2	39	95
27/02/2025	18	12,1	46	84
27/02/2025	19	10,6	51	75
27/02/2025	20	7,4	61	61
27/02/2025	21	5,6	67	51
27/02/2025	22	5,4	70	40
27/02/2025	23	4,6	75	31
28/02/2025	00	2,8	81	32
28/02/2025	01	1,8	83	33
28/02/2025	02	1,3	85	31
28/02/2025	03	0,8	86	27
28/02/2025	04	-,1	90	24
28/02/2025	05	-,8	92	25
28/02/2025	06	-1,2	93	21
28/02/2025	07	-1,2	94	21
28/02/2025	08	0,2	89	21
28/02/2025	09	3,3	77	31
28/02/2025	10	6,5	67	43
28/02/2025	11	9,8	57	55
28/02/2025	12	12,9	48	76
28/02/2025	13	13,8	45	85
28/02/2025	14	15,3	45	87
28/02/2025	15	16,5	45	93
28/02/2025	16	14,4	51	95
28/02/2025	17	12,1	61	94
28/02/2025	18	10,3	68	93
28/02/2025	19	9,4	72	89
28/02/2025	20	8,7	76	87
28/02/2025	21	8,3	78	82
28/02/2025	22	7,9	79	84
28/02/2025	23	7,2	83	73
01/03/2025	00	7,2	83	68
01/03/2025	01	6,6	88	54
01/03/2025	02	6,5	93	47
01/03/2025	03	6,4	95	43
01/03/2025	04	6,3	95	37
01/03/2025	06	6	96	34
01/03/2025	07	6	97	29
01/03/2025	08	6,3	97	29
01/03/2025	09	6,7	95	48
01/03/2025	10	7,2	94	48
01/03/2025	11	7,5	92	54
01/03/2025	12	7,8	86	66
01/03/2025	13	8,2	83	71
01/03/2025	14	8,8	80	71
01/03/2025	15	8,8	75	75
01/03/2025	16	8,7	80	69
01/03/2025	17	8,5	77	67
01/03/2025	18	8	84	45
01/03/2025	19	7,2	88	41
01/03/2025	20	7	80	64
01/03/2025	21	6,1	88	40
01/03/2025	22	6	83	56
01/03/2025	23	5,3	90	41
02/03/2025	00	4,9	91	46
02/03/2025	01	4,3	91	55
02/03/2025	02	3,7	91	61
02/03/2025	03	3,3	90	64
02/03/2025	04	3,1	88	66
02/03/2025	05	3,2	86	66
02/03/2025	06	2,9	85	65
02/03/2025	07	2,7	83	65
02/03/2025	08	3,1	81	65
02/03/2025	09	3,9	79	67
02/03/2025	10	4,6	77	69
02/03/2025	11	5	78	68
02/03/2025	12	5,9	77	67
02/03/2025	13	8,4	70	69
02/03/2025	14	9	68	73
02/03/2025	15	9,3	63	80
02/03/2025	16	8,7	65	81
02/03/2025	17	8,3	70	79
02/03/2025	18	7,7	76	74
02/03/2025	19	7,1	80	58
02/03/2025	20	6,6	84	54
02/03/2025	21	6,2	86	49
02/03/2025	22	6	87	45
02/03/2025	23	5,7	90	35
03/03/2025	00	5,6	92	32
03/03/2025	01	5,5	93	28
03/03/2025	02	5,4	94	25
03/03/2025	03	5,4	93	27
03/03/2025	04	5,3	94	23
03/03/2025	05	5,2	94	20
03/03/2025	06	5,1	95	19
03/03/2025	07	5,2	96	19
03/03/2025	08	5,4	97	20
03/03/2025	09	5,7	98	33
03/03/2025	10	7,8	94	55
03/03/2025	11	8,8	84	59
03/03/2025	12	9,1	80	66
03/03/2025	13	10,2	73	73
03/03/2025	14	9,6	74	74
03/03/2025	15	9,2	76	73
03/03/2025	16	9,2	77	72
03/03/2025	17	8,9	79	69
03/03/2025	18	8,4	87	50
03/03/2025	19	8	90	40
03/03/2025	20	7,6	88	45
03/03/2025	21	7	90	38
03/03/2025	22	6,5	91	34
03/03/2025	23	6,2	93	29
04/03/2025	00	6	93	28
04/03/2025	01	5,2	95	23
04/03/2025	02	4,8	96	25
04/03/2025	03	4	97	21
04/03/2025	04	3,1	97	15
04/03/2025	05	2,7	98	12
04/03/2025	06	1,9	98	9
04/03/2025	07	1,7	98	10
04/03/2025	08	3,1	98	13
04/03/2025	09	5,2	97	18
04/03/2025	10	8,2	88	26
04/03/2025	11	13,2	68	51
04/03/2025	13	14,5	56	85
04/03/2025	14	14,5	55	85
04/03/2025	15	13,3	60	83
04/03/2025	16	12,7	62	83
04/03/2025	17	11,8	65	84
04/03/2025	18	10,9	69	81
04/03/2025	19	10,2	71	82
04/03/2025	20	10	71	84
04/03/2025	21	9,6	74	81
04/03/2025	22	8,8	79	61
04/03/2025	23	8,2	83	52
05/03/2025	00	8	84	47
05/03/2025	01	8,2	84	51
05/03/2025	02	8	86	45
05/03/2025	03	7,9	87	47
05/03/2025	04	7,5	88	46
05/03/2025	05	7,9	86	55
05/03/2025	06	9,2	77	76
05/03/2025	07	9,7	75	81
05/03/2025	08	9,8	74	82
05/03/2025	09	9,7	76	78
05/03/2025	10	10,7	68	84
05/03/2025	11	11,1	67	85
05/03/2025	12	11,9	62	86
05/03/2025	13	11,5	65	88
05/03/2025	14	11,5	66	85
05/03/2025	15	11,9	63	88
05/03/2025	16	11,3	65	90
05/03/2025	17	11	67	91
05/03/2025	18	10,4	69	89
05/03/2025	19	10,1	71	85
05/03/2025	20	9,9	73	81
05/03/2025	21	9	83	62
05/03/2025	22	8,3	91	47
05/03/2025	23	7,9	95	39
06/03/2025	00	7,9	96	32
06/03/2025	01	7,7	96	26
06/03/2025	02	7,5	97	21
06/03/2025	03	7,5	97	22
06/03/2025	04	7,5	97	23
06/03/2025	05	7,5	97	24
06/03/2025	06	7,6	97	23
06/03/2025	07	7,6	97	20
06/03/2025	08	8,2	96	22
06/03/2025	09	9,1	95	25
06/03/2025	10	10,9	84	50
06/03/2025	11	12,9	65	77
06/03/2025	12	14	58	87
06/03/2025	13	13,6	58	87
06/03/2025	14	12,7	62	86
06/03/2025	15	13,1	60	85
06/03/2025	16	12,9	62	84
06/03/2025	17	12,4	62	85
06/03/2025	18	11,8	66	78
06/03/2025	19	10,7	69	77
06/03/2025	20	9,4	76	64
06/03/2025	21	7,6	82	51
06/03/2025	22	6,1	86	47
06/03/2025	23	5	90	36
07/03/2025	00	4,8	92	30
07/03/2025	01	5,2	91	27
07/03/2025	02	5,1	92	26
07/03/2025	03	5,1	92	24
07/03/2025	04	5	93	21
07/03/2025	05	5,3	93	19
07/03/2025	06	5,3	93	19
07/03/2025	07	5,7	92	20
07/03/2025	08	6,5	89	21
07/03/2025	09	8,3	81	35
07/03/2025	10	9,7	77	59
07/03/2025	11	11,6	71	69
07/03/2025	12	12,8	67	74
07/03/2025	13	13	67	77
07/03/2025	14	13,7	64	80
07/03/2025	15	13,2	66	81
07/03/2025	16	12,1	72	80
07/03/2025	17	11,2	76	81
07/03/2025	18	10,6	78	81
07/03/2025	19	10,3	78	78
07/03/2025	20	9,8	82	75
07/03/2025	21	9,9	83	72
07/03/2025	22	9,7	87	69
07/03/2025	23	9,2	91	64
08/03/2025	00	8,8	94	59
08/03/2025	01	8,7	95	70
08/03/2025	02	8,9	93	72
08/03/2025	03	8,9	92	72
08/03/2025	04	8,7	92	67
08/03/2025	05	8,8	91	68
08/03/2025	06	8,8	91	69
08/03/2025	07	9	89	71
08/03/2025	08	9,5	86	72
08/03/2025	09	9,7	86	77
08/03/2025	10	10	87	78
08/03/2025	11	10,9	79	84
08/03/2025	12	11,8	73	87
08/03/2025	13	11,3	75	87
08/03/2025	14	11,3	77	88
08/03/2025	15	10,6	83	88
08/03/2025	16	10,1	84	91
08/03/2025	17	10	85	93
08/03/2025	18	10,1	85	94
08/03/2025	19	5	94	86
08/03/2025	20	3,9	99	71
08/03/2025	21	4,2	99	62
08/03/2025	22	4,4	99	56
08/03/2025	23	4,6	99	57
09/03/2025	00	3,8	98	47
09/03/2025	01	4,3	97	63
09/03/2025	02	5,3	86	83
09/03/2025	03	5,7	81	83
09/03/2025	04	5,1	85	75
09/03/2025	05	4,8	82	82
09/03/2025	06	3,5	87	68
09/03/2025	07	2,8	93	49
09/03/2025	08	4	91	53
09/03/2025	09	6,6	73	69
09/03/2025	10	8,6	64	78
09/03/2025	11	8,9	66	82
09/03/2025	12	10,3	64	85
09/03/2025	13	11,5	56	87
09/03/2025	14	11	57	88
09/03/2025	15	11,4	57	87
09/03/2025	16	9,8	66	87
09/03/2025	17	10,5	60	87
09/03/2025	18	8,8	67	83
09/03/2025	19	8,1	72	73
09/03/2025	20	6,9	77	80
09/03/2025	21	6,5	77	80
09/03/2025	22	6,7	77	78
09/03/2025	23	6,2	79	75
10/03/2025	00	5	85	60
10/03/2025	01	4,7	87	54
10/03/2025	02	3,6	91	40
10/03/2025	03	3,5	93	33
10/03/2025	04	3,3	94	29
10/03/2025	05	3,2	95	29
10/03/2025	06	3,4	94	25
10/03/2025	07	3,5	94	22
10/03/2025	08	4,5	91	26
10/03/2025	09	6,7	81	49
10/03/2025	10	8,4	70	77
10/03/2025	11	8,7	69	79
10/03/2025	12	10	64	80
10/03/2025	13	10,6	61	81
10/03/2025	14	11,4	59	80
10/03/2025	15	13,1	51	85
10/03/2025	16	12,7	53	86
10/03/2025	17	12,3	52	89
10/03/2025	18	10,7	61	83
10/03/2025	19	9,9	67	82
10/03/2025	20	9,1	71	79
10/03/2025	21	8,3	81	77
10/03/2025	22	7,6	91	79
10/03/2025	23	7,4	90	80
11/03/2025	00	7,3	91	79
11/03/2025	01	7,1	84	86
11/03/2025	02	7,1	82	89
11/03/2025	03	6,9	80	93
11/03/2025	04	7,1	80	92
11/03/2025	05	7,2	79	88
11/03/2025	06	7,3	80	84
11/03/2025	07	7,5	82	81
11/03/2025	08	7,7	81	79
11/03/2025	09	8,8	77	82
11/03/2025	10	10,9	66	87
11/03/2025	11	11,3	69	87
11/03/2025	12	11,1	75	84
11/03/2025	13	11,7	70	86
11/03/2025	14	9,9	76	87
11/03/2025	15	7,5	89	86
11/03/2025	16	9,5	75	97
11/03/2025	17	9,8	75	90
11/03/2025	18	8,9	79	89
11/03/2025	19	7,9	86	75
11/03/2025	20	6,5	91	57
11/03/2025	21	6,3	89	67
11/03/2025	22	6	90	58
11/03/2025	23	5,2	92	48
12/03/2025	00	4,2	95	34
12/03/2025	01	3,8	96	24
12/03/2025	02	3,5	97	19
12/03/2025	03	3,5	97	19
12/03/2025	04	2,8	98	18
12/03/2025	05	2,4	98	15
12/03/2025	06	1,8	98	13
12/03/2025	07	1,6	99	13
12/03/2025	08	3,1	98	18
12/03/2025	09	7,8	81	39
12/03/2025	10	11,4	60	65
12/03/2025	11	13,2	49	81
12/03/2025	12			87
12/03/2025	13			90
12/03/2025	14	13,9	41	92
12/03/2025	15	14,3	43	90
12/03/2025	16	14	45	90
12/03/2025	17	13,1	47	90
12/03/2025	18	11,6	50	88
12/03/2025	19	9,8	65	77
12/03/2025	20	8,8	72	71
12/03/2025	21	8,8	71	73
12/03/2025	22	8,5	72	75
12/03/2025	23	8,1	73	72
13/03/2025	00	7,4	79	61
13/03/2025	01	6,9	79	59
13/03/2025	02	5,4	85	50
13/03/2025	03	5,6	82	56
13/03/2025	04	4,2	87	50
13/03/2025	05	3	91	37
13/03/2025	06	2,1	93	33
13/03/2025	07	1,8	94	27
13/03/2025	08	3,5	90	30
13/03/2025	09	5,6	82	43
13/03/2025	10	7,4	76	56
13/03/2025	11	7,9	78	59
13/03/2025	12	8,6	75	69
13/03/2025	13	8,7	75	81
13/03/2025	14	8,4	79	84
13/03/2025	15	7,4	89	78
13/03/2025	16	6,9	88	78
13/03/2025	17	6,6	89	79
13/03/2025	18	5,8	92	75
13/03/2025	19	5,6	95	69
13/03/2025	20	5,4	95	67
13/03/2025	21	5,2	95	70
13/03/2025	22	5	95	71
13/03/2025	23	4,5	93	68
14/03/2025	00	3,6	92	71
14/03/2025	01	3,4	93	67
14/03/2025	02	3,2	93	70
14/03/2025	03	3,1	92	70
14/03/2025	04	3,1	91	72
14/03/2025	05	3,2	89	70
14/03/2025	06	2,9	89	69
14/03/2025	07	2,6	91	69
14/03/2025	08	2,7	90	70
14/03/2025	09	2,7	91	70
14/03/2025	10	2,9	91	70
14/03/2025	11	3,5	88	73
14/03/2025	12	3,8	83	74
14/03/2025	13	4,3	79	79
14/03/2025	14	5,2	75	79
14/03/2025	15	5,2	78	78
14/03/2025	16	5,1	79	77
14/03/2025	17	4,9	77	77
14/03/2025	18	4,6	75	78
14/03/2025	19	4,3	73	78
14/03/2025	20	3,6	79	70
14/03/2025	21	2,5	86	56
14/03/2025	22	2,3	87	50
14/03/2025	23	0,6	88	51
15/03/2025	00	-,5	92	43
15/03/2025	01	-,8	91	49
15/03/2025	02	-1,8	93	46
15/03/2025	03	-2,3	95	41
15/03/2025	04	-2,8	97	36
15/03/2025	05	-2,9	96	39
15/03/2025	06	-3,3	97	34
15/03/2025	07	-3,5	97	30
15/03/2025	08	-1	91	37
15/03/2025	09	3,6	67	58
15/03/2025	10	5,5	49	87
15/03/2025	11	7,4	45	89
15/03/2025	12	7,7	42	91
15/03/2025	13	8,9	39	91
15/03/2025	14	8,5	39	91
15/03/2025	15	8,6	40	89
15/03/2025	16	8,6	41	89
15/03/2025	17	8,3	43	88
15/03/2025	18	7,5	49	86
15/03/2025	19	6,7	55	83
15/03/2025	20	5,1	69	63
15/03/2025	21	3,9	74	59
15/03/2025	22	2,3	79	52
15/03/2025	23	0,6	84	49
16/03/2025	00	-,5	89	39
16/03/2025	01	-1,2	93	31
16/03/2025	02	-1,5	95	29
16/03/2025	03	-1,2	95	29
16/03/2025	04	-,8	95	27
16/03/2025	05	-,1	95	30
16/03/2025	06	0,1	96	28
16/03/2025	07	0,4	96	28
16/03/2025	08	1,4	94	29
16/03/2025	09	4,2	87	40
16/03/2025	10	5,2	88	68
16/03/2025	11	5,5	86	74
16/03/2025	12	6,3	85	79
16/03/2025	13	8,2	75	79
16/03/2025	14	8,4	75	81
16/03/2025	15	8,9	71	84
16/03/2025	16	8,7	72	87
16/03/2025	17	6,7	81	88
16/03/2025	18	6,7	82	76
16/03/2025	19	5,2	83	64
16/03/2025	20	4,3	77	71
16/03/2025	21	3,8	77	73
16/03/2025	22	1,8	87	55
16/03/2025	23	0,6	92	44
17/03/2025	00	0,1	95	35
17/03/2025	01	-,7	97	28
17/03/2025	02	-,8	98	26
17/03/2025	03	-,3	97	26
17/03/2025	04	-,1	97	24
17/03/2025	05	0,1	97	22
17/03/2025	06	0,4	97	22
17/03/2025	07	0,9	95	22
17/03/2025	08	1,8	91	28
17/03/2025	09	2,9	84	37
17/03/2025	10	4,1	80	
17/03/2025	11	5,1	81	
17/03/2025	12	6,3	83	55
17/03/2025	13	7,1	81	63
17/03/2025	14	7	79	67
17/03/2025	15	7,4	79	68
17/03/2025	16	6,7	82	69
17/03/2025	17	6	85	65
17/03/2025	18	5,7	86	62
17/03/2025	19	5,3	87	63
17/03/2025	20	5	88	67
17/03/2025	21	4,4	89	71
17/03/2025	22	4,3	89	70
17/03/2025	23	4,2	89	68
18/03/2025	00	4,1	89	67
18/03/2025	01	4,2	89	63
18/03/2025	02	4,2	90	59
18/03/2025	03	4,3	91	52
18/03/2025	04	4,3	91	49
18/03/2025	05	4,5	91	46
18/03/2025	06	4,3	94	45
18/03/2025	07	4,5	95	43
18/03/2025	08	5	95	38
18/03/2025	09	6,2	94	46
18/03/2025	10	7,6	92	61
18/03/2025	11	9	83	73
18/03/2025	12	9	85	69
18/03/2025	13	8,6	88	71
18/03/2025	14	9,7	81	77
18/03/2025	15	9,6	79	77
18/03/2025	16	9,5	81	76
18/03/2025	17	8,3	86	76
18/03/2025	18	7,5	88	75
18/03/2025	19	7,4	88	72
18/03/2025	20	7,5	88	70
18/03/2025	21	7,3	89	73
18/03/2025	22	7,1	90	75
18/03/2025	23	6,8	92	62
19/03/2025	00	6,8	93	53
19/03/2025	01	6,9	92	52
19/03/2025	02	7	92	42
19/03/2025	03	6,9	93	45
19/03/2025	04	7	93	39
19/03/2025	05	7	94	34
19/03/2025	06	6,9	94	30
19/03/2025	07	7	94	27
19/03/2025	08	8	91	40
19/03/2025	09	9,4	84	59
19/03/2025	10	11,1	79	68
19/03/2025	11	13,6	73	75
19/03/2025	12	14,4	70	85
19/03/2025	13	16,2	64	87
19/03/2025	14	15,6	63	89
19/03/2025	15	15	61	91
19/03/2025	16	14,1	62	93
19/03/2025	17	13,3	67	90
19/03/2025	18	12,3	73	85
19/03/2025	19	10,3	82	71
19/03/2025	20	8,5	89	52
19/03/2025	21	7,5	92	53
19/03/2025	22	6,4	93	46
19/03/2025	23	6,2	95	50
20/03/2025	00	6,1	95	52
20/03/2025	01	6,3	93	57
20/03/2025	02	6,1	93	50
20/03/2025	03	5,8	93	44
20/03/2025	04	5,5	93	41
20/03/2025	05	5,4	93	37
20/03/2025	06	4,9	95	29
20/03/2025	07	5,9	94	40
20/03/2025	08	8,3	87	50
20/03/2025	09	11,4	77	67
20/03/2025	10	15,1	61	85
20/03/2025	11			88
20/03/2025	12	17,3	57	90
20/03/2025	13	16,7	59	89
20/03/2025	14	17,8	56	89
20/03/2025	15	17,9	56	91
20/03/2025	16	18	57	89
20/03/2025	17	16,1	65	86
20/03/2025	18	14	74	81
20/03/2025	19	12,5	79	72
20/03/2025	20	11,5	82	70
20/03/2025	21	10,9	83	69
20/03/2025	22	10,6	83	72
20/03/2025	23	10,9	81	79
21/03/2025	00	10,9	82	81
21/03/2025	01	10,8	82	83
21/03/2025	02	10,7	82	82
21/03/2025	03	10,3	86	77
21/03/2025	04	10,4	86	77
21/03/2025	05	9,4	96	59
21/03/2025	06	9	97	52
21/03/2025	07	8,9	97	50
21/03/2025	08	9,7	86	76
21/03/2025	09	10	77	87
21/03/2025	10	11,1	71	89
21/03/2025	11	13,1	60	90
21/03/2025	12	14,3	50	89
21/03/2025	13	14,8	50	88
21/03/2025	14	14	51	88
21/03/2025	15	12,7	54	90
21/03/2025	16	12,4	56	90
21/03/2025	17	12	62	90
21/03/2025	18	10,7	70	91
21/03/2025	19	10,1	74	89
21/03/2025	20	9,9	75	87
21/03/2025	21	10	77	86
21/03/2025	22	10,2	76	85
21/03/2025	23	10	77	84
22/03/2025	00	9,7	80	83
22/03/2025	01	9,2	84	80
22/03/2025	02	9,1	83	82
22/03/2025	03	8,2	74	87
22/03/2025	04	7	77	92
22/03/2025	05	6,5	78	91
22/03/2025	06	5,9	78	89
22/03/2025	07	6,1	72	87
22/03/2025	08	7,2	62	90
22/03/2025	09	8,3	60	91
22/03/2025	10	8,7	61	89
22/03/2025	11	9,8	62	85
22/03/2025	12	8,8	70	81
22/03/2025	13	8,6	70	81
22/03/2025	14	8,5	76	79
22/03/2025	15	9,2	70	78
22/03/2025	16	9,2	71	76
22/03/2025	17	8,1	86	71
22/03/2025	18	7,8	87	71
22/03/2025	19	7,8	81	75
22/03/2025	20	7,7	79	75
22/03/2025	21	7,2	80	78
22/03/2025	22	6,7	80	80
22/03/2025	23	6,4	81	80
23/03/2025	00	6,2	77	80
23/03/2025	01	5,6	81	80
23/03/2025	02	5,3	78	78
23/03/2025	03	4,9	77	78
23/03/2025	04	4,7	76	77
23/03/2025	05	4,2	76	76
23/03/2025	06	3,9	77	77
23/03/2025	07	4,8	75	74
23/03/2025	08	5,7	72	72
23/03/2025	09	7	65	72
23/03/2025	10	7,2	64	75
23/03/2025	11	7,3	70	75
23/03/2025	12	7,1	74	74
23/03/2025	13	8,4	70	78
23/03/2025	14	9,8	63	78
23/03/2025	15	8,8	71	79
23/03/2025	16	7,8	80	76
23/03/2025	17	7,1	85	74
23/03/2025	18	6,4	89	66
23/03/2025	19	5,5	93	58
23/03/2025	20	3,8	96	42
23/03/2025	21	2,4	97	31
23/03/2025	22	2	98	27
23/03/2025	23	2,5	98	22
24/03/2025	00	1,9	98	19
24/03/2025	01	0,9	98	19
24/03/2025	02	0,3	99	17
24/03/2025	03	0,1	99	12
24/03/2025	04	0	99	11
24/03/2025	05	-,4	99	11
24/03/2025	06	-,7	100	10
24/03/2025	07	-,3	100	9
24/03/2025	08	2,1	98	16
24/03/2025	09	6,5	84	41
24/03/2025	10	9,4	66	64
24/03/2025	11	11	58	70
24/03/2025	12	11,7	56	75
24/03/2025	13	11	62	79
24/03/2025	14	9,4	75	79
24/03/2025	15	10,4	72	74
24/03/2025	16	11,2	67	74
24/03/2025	17	10,9	61	80
24/03/2025	18	9,7	69	71
24/03/2025	19	8,5	79	50
24/03/2025	20	6,8	90	72
24/03/2025	21	6,2	95	54
24/03/2025	22	5,8	96	43
24/03/2025	23	4,6	97	27
25/03/2025	00	3,8	98	25
25/03/2025	01	4,1	98	26
25/03/2025	02	4,5	98	26
25/03/2025	03	4,4	98	22
25/03/2025	04	4,4	98	21
25/03/2025	05	4,6	97	19
25/03/2025	06	4,8	97	23
25/03/2025	07	4,8	97	33
25/03/2025	08	6,7	95	42
25/03/2025	09	8,3	79	65
25/03/2025	10	9,5	68	75
25/03/2025	11	10,7	62	78
25/03/2025	12	11,7	59	79
25/03/2025	13	13,5	54	81
25/03/2025	14	14,5	48	83
25/03/2025	15	14,8	46	83
25/03/2025	16	13,6	50	84
25/03/2025	17	13,1	53	85
25/03/2025	18	12,3	56	86
25/03/2025	19	9,1	84	77
25/03/2025	20	7,8	93	68
25/03/2025	21	7,4	95	63
25/03/2025	22	7	96	48
25/03/2025	23	6,1	97	42
26/03/2025	00	4,6	97	40
26/03/2025	01	3,5	98	41
26/03/2025	02	2,7	98	35
26/03/2025	03	2	98	32
26/03/2025	04	1,5	98	31
26/03/2025	05	1,3	98	30
26/03/2025	06	1,1	99	25
26/03/2025	07	2,2	99	26
26/03/2025	08	5,1	93	38
26/03/2025	09	8,1	77	61
26/03/2025	10	9,2	67	72
26/03/2025	11	10	63	77
26/03/2025	12	11,2	58	83
26/03/2025	13	12,3	54	84
26/03/2025	14	12,8	51	88
26/03/2025	15	12,9	48	90
26/03/2025	16	12,8	48	92
26/03/2025	17	12,2	50	89
26/03/2025	18	10,8	53	89
26/03/2025	19	9,3	58	86
26/03/2025	20	7,5	70	67
26/03/2025	21	6,7	75	58
26/03/2025	22	6,9	71	74
26/03/2025	23	6	74	76
27/03/2025	00	4,1	82	62
27/03/2025	01	2,7	88	50
27/03/2025	02	1,4	92	42
27/03/2025	03	0,5	94	35
27/03/2025	04	0	95	28
27/03/2025	05	-,6	96	24
27/03/2025	06	-1	98	19
27/03/2025	07	0	97	17
27/03/2025	08	4	83	30
27/03/2025	09	7,7	64	68
27/03/2025	10	9	59	84
27/03/2025	11	11	55	80
27/03/2025	12	12,4	50	87
27/03/2025	13	13,4	47	90
27/03/2025	14	14,2	46	89
27/03/2025	15	15,1	44	88
27/03/2025	16	14,9	46	88
27/03/2025	17	13,5	50	88
27/03/2025	18	11,8	56	83
27/03/2025	19	11	58	78
27/03/2025	20	10,2	60	75
27/03/2025	21	8,1	70	60
27/03/2025	22	6,6	77	52
27/03/2025	23	5,1	82	43
28/03/2025	00	3,8	88	36
28/03/2025	01	2,7	91	32
28/03/2025	02	1,9	94	26
28/03/2025	03	1,8	95	23
28/03/2025	04	1,7	96	20
28/03/2025	05	1,4	96	18
28/03/2025	06	0,6	97	16
28/03/2025	07	1,2	98	18
28/03/2025	08	5,8	77	59
28/03/2025	09	8,3	61	82
28/03/2025	10	10,6	53	87
28/03/2025	11	12,4	48	90
28/03/2025	12	13,7	43	94
28/03/2025	13	14,6	40	96
28/03/2025	14	15,6	39	94
28/03/2025	15	15,8	36	96
28/03/2025	16	15,8	34	101
28/03/2025	17	15,2	35	101
28/03/2025	18	13,8	39	99
28/03/2025	19	11,1	50	89
28/03/2025	20	9,9	54	84
28/03/2025	21	9,4	53	89
28/03/2025	22	8,1	62	87
28/03/2025	23	7,4	65	85
29/03/2025	00	6,6	68	84
29/03/2025	01	5,6	72	79
29/03/2025	02	5,3	71	79
29/03/2025	03	4,9	73	76
29/03/2025	04	4,7	74	75
29/03/2025	05	4,8	73	74
29/03/2025	06	4,2	76	68
29/03/2025	07	5,4	74	65
29/03/2025	08	8,4	61	82
29/03/2025	09	9,5	54	90
29/03/2025	10	11	47	95
29/03/2025	11	12,2	42	97
29/03/2025	12	13	39	98
29/03/2025	13	13,6	36	98
29/03/2025	14	13,5	33	99
29/03/2025	15	13,5	34	100
29/03/2025	16	12,6	39	98
29/03/2025	17	11,5	42	98
29/03/2025	18	9,8	44	98
29/03/2025	19	8	44	95
29/03/2025	20	7,2	47	94
29/03/2025	21	6	50	91
29/03/2025	22	5,4	51	90
29/03/2025	23	4,7	55	88
30/03/2025	00	3,8	58	85
30/03/2025	01	1,8	70	69
30/03/2025	02	1,8	70	72
30/03/2025	03	0,6	75	67
30/03/2025	04	-,3	80	59
30/03/2025	05	-1,1	83	55
30/03/2025	06	-1,2	82	56
30/03/2025	07	0,1	80	52
30/03/2025	08	4,9	60	72
30/03/2025	09	7,3	50	83
30/03/2025	10	9,6	45	85
30/03/2025	11	11,6	40	86
30/03/2025	12	13,8	35	89
30/03/2025	13	15,8	32	93
30/03/2025	14	17,1	29	99
30/03/2025	15	18,1	28	102
30/03/2025	16	18,6	28	104
30/03/2025	17	18,4	27	105
30/03/2025	18	16,7	30	101
30/03/2025	19	11,5	47	73
30/03/2025	20	9	55	67
30/03/2025	21	6,9	64	60
30/03/2025	22	5,3	68	54
30/03/2025	23	3,9	76	45
31/03/2025	00	3,1	80	41
31/03/2025	01	2	83	36
31/03/2025	02	1,3	86	36
31/03/2025	03	0,5	87	34
31/03/2025	04	-,1	90	30
31/03/2025	05	-,4	93	28
31/03/2025	06	-,8	93	23
31/03/2025	07	1	88	24
31/03/2025	08	5,5	67	42
31/03/2025	09	10	52	52
31/03/2025	10	15,1	39	69
31/03/2025	11	20,4	29	82
31/03/2025	13	25,1	19	
31/03/2025	14	26,4	18	96
31/03/2025	16	27	19	92
31/03/2025	17	26,5	21	91
31/03/2025	18	22,6	29	92
31/03/2025	19	18,3	38	90
31/03/2025	20	14,4	51	73
31/03/2025	21	11,4	62	53
31/03/2025	22	9,4	69	48
31/03/2025	23	7,8	76	44
01/04/2025	00	6,5	80	42
01/04/2025	01	5,3	84	42
01/04/2025	02	4,2	87	31
01/04/2025	03	3,3	89	29
01/04/2025	04	2,5	91	25
01/04/2025	05	1,7	93	21
01/04/2025	06	1,4	94	18
01/04/2025	07	3,6	88	20
01/04/2025	08	8,4	68	44
01/04/2025	09	12,4	53	62
01/04/2025	10	17,6	36	80
01/04/2025	11	23,2	30	81
01/04/2025	12	25	24	92
01/04/2025	13	25,9	23	97
01/04/2025	14	26	23	98
01/04/2025	15	25,5	24	101
01/04/2025	16	25	24	107
01/04/2025	17	23,7	27	111
01/04/2025	18	20,7	31	115
01/04/2025	19	18,1	41	114
01/04/2025	20	15,3	61	108
01/04/2025	21	13,1	68	106
01/04/2025	22	11,5	73	105
01/04/2025	23	10,2	76	103
02/04/2025	00	9,1	80	96
02/04/2025	01	8,1	84	82
02/04/2025	02	7,4	86	77
02/04/2025	03	6,6	88	67
02/04/2025	04	5,7	90	62
02/04/2025	05	5,8	90	52
02/04/2025	06	7,7	84	73
02/04/2025	07	8,9	78	80
02/04/2025	08	10,7	72	80
02/04/2025	09	12,6	65	87
02/04/2025	10	14,5	59	89
02/04/2025	13	17,4	51	93
02/04/2025	14	18,5	48	96
02/04/2025	15	18,5	49	97
02/04/2025	16	17,7	52	101
02/04/2025	17	16,3	57	104
02/04/2025	18	13,9	68	105
02/04/2025	19	12,7	74	101
02/04/2025	20	12,5	72	102
02/04/2025	21	12,2	74	98
02/04/2025	22	11,9	74	100
02/04/2025	23	11,3	76	100
03/04/2025	00	10,8	75	99
03/04/2025	01	9,9	72	100
03/04/2025	02	8,4	79	94
03/04/2025	03	7,2	85	77
03/04/2025	04	8,9	78	90
03/04/2025	05	9,6	72	98
03/04/2025	06	9,2	78	90
03/04/2025	07	9,2	76	81
03/04/2025	08	10,5	72	89
03/04/2025	09	11,8	68	93
03/04/2025	10	13,2	64	97
03/04/2025	11	13,7	65	96
03/04/2025	12	13,5	65	94
03/04/2025	13	13,7	63	97
03/04/2025	14	15	58	99
03/04/2025	15	14,9	57	103
03/04/2025	16	14,3	59	102
03/04/2025	17	13,6	64	100
03/04/2025	18	12,8	71	92
03/04/2025	19	11,7	75	87
03/04/2025	20	11	78	82
03/04/2025	21	10,3	81	74
03/04/2025	22	9,4	83	61
03/04/2025	23	9	85	56
04/04/2025	00	8,8	86	50
04/04/2025	01	8,6	87	44
04/04/2025	02	8,4	88	38
04/04/2025	03	8,7	88	48
04/04/2025	04	8,7	92	45
04/04/2025	05	8,6	95	40
04/04/2025	06	9,1	95	63
04/04/2025	07	9	96	49
04/04/2025	08	10,2	95	50
04/04/2025	09	12	84	71
04/04/2025	10	14,9	71	78
04/04/2025	11	17,2	60	87
04/04/2025	12	18,2	55	92
04/04/2025	13	18,2	56	91
04/04/2025	14	18,4	52	94
04/04/2025	15	18,7	50	96
04/04/2025	16	17,9	50	96
04/04/2025	17	16,9	55	96
04/04/2025	18	10,3	89	92
04/04/2025	19	9,6	97	80
04/04/2025	20	9	95	67
04/04/2025	21	8,7	96	47
04/04/2025	22	8,7	96	52
04/04/2025	23	8,9	96	51
05/04/2025	00	8,8	96	49
05/04/2025	01	8,6	97	44
05/04/2025	02	8,3	96	45
05/04/2025	03	7,2	97	33
05/04/2025	04	6,1	97	30
05/04/2025	05	5,2	98	26
05/04/2025	06	4,3	98	20
05/04/2025	07	4,1	98	20
05/04/2025	08	6,7	97	33
05/04/2025	09	9,2	87	49
05/04/2025	10	12,9	57	82
05/04/2025	11	15,2	48	90
05/04/2025	12	15,8	45	91
05/04/2025	13	16,1	46	90
05/04/2025	14	16,2	46	92
05/04/2025	15	16	47	89
05/04/2025	16	15,7	45	89
05/04/2025	17	16,2	47	86
05/04/2025	18	15,7	47	85
05/04/2025	19	13,8	56	79
05/04/2025	20	12,1	67	64
05/04/2025	21	11,8	70	56
05/04/2025	22	11,1	74	44
05/04/2025	23	9,4	79	38
06/04/2025	00	8	83	37
06/04/2025	01	7,6	87	30
06/04/2025	02	6,4	89	26
06/04/2025	03	5,3	92	21
06/04/2025	04	4,7	94	18
06/04/2025	05	4,5	95	14
06/04/2025	06	3,9	96	12
06/04/2025	07	4,4	96	12
06/04/2025	08	8,9	81	21
06/04/2025	09	11,5	72	39
06/04/2025	10	15	58	74
06/04/2025	11	16,9	49	86
06/04/2025	12	18,5	41	93
06/04/2025	13	19,8	35	99
06/04/2025	14	20,5	34	101
06/04/2025	15	21,6	32	100
06/04/2025	16	20,9	33	101
06/04/2025	17	18,9	42	97
06/04/2025	18	17,6	48	90
06/04/2025	19	16,6	51	87
06/04/2025	20	14,7	59	84
06/04/2025	21	12,4	71	64
06/04/2025	22	10,6	78	51
06/04/2025	23	8,9	84	40
07/04/2025	00	7,8	87	36
07/04/2025	01	6,8	89	30
07/04/2025	02	5,9	92	24
07/04/2025	03	5,3	94	19
07/04/2025	04	4,8	95	18
07/04/2025	05	4,3	95	15
07/04/2025	06	3,9	95	13
07/04/2025	07	4,4	95	11
07/04/2025	08	8,9	82	23
07/04/2025	09	11,9	73	42
07/04/2025	10	16,1	60	68
07/04/2025	11	19,7	43	91
07/04/2025	12	21,9	33	98
07/04/2025	13	22,8	28	99
07/04/2025	14	23,7	28	99
07/04/2025	15	24,3	26	100
07/04/2025	16	24,4	25	101
07/04/2025	17	23,9	27	99
07/04/2025	18	21	39	101
07/04/2025	19	18,5	51	103
07/04/2025	20	16,8	58	97
07/04/2025	21	14,7	66	87
07/04/2025	22	13,4	70	81
07/04/2025	23	11,1	78	60
08/04/2025	00	9,8	82	49
08/04/2025	01	8,6	86	41
08/04/2025	02	7,5	90	34
08/04/2025	03	6,6	92	28
08/04/2025	04	5,9	93	26
08/04/2025	05	5,2	93	19
08/04/2025	06	4,5	94	14
08/04/2025	07	5,1	94	13
08/04/2025	08	9,4	81	26
08/04/2025	09	12,1	71	48
08/04/2025	10	16,6	56	75
08/04/2025	11	20,9	42	93
08/04/2025	12	23,4	33	98
08/04/2025	13	24,4	30	101
08/04/2025	14	25	28	101
08/04/2025	15	25,4	28	102
08/04/2025	16	24,7	31	104
08/04/2025	17	23	37	111
08/04/2025	18	20,5	46	115
08/04/2025	19	18	55	107
08/04/2025	20	15,4	68	98
08/04/2025	21	13,3	73	84
08/04/2025	22	12,4	76	92
08/04/2025	23	10,7	81	72
09/04/2025	00	9,2	85	55
09/04/2025	01	8,2	87	47
09/04/2025	02	7,2	90	37
09/04/2025	03	6,3	92	35
09/04/2025	04	5,4	93	26
09/04/2025	05	4,7	94	22
09/04/2025	06	4,2	94	17
09/04/2025	07	4,8	94	17
09/04/2025	08	9,6	78	33
09/04/2025	09	12,4	68	66
09/04/2025	10	16,4	52	81
09/04/2025	11	21,2	32	97
09/04/2025	12	23,6	30	103
09/04/2025	13	25	28	104
09/04/2025	14	25,5	25	105
09/04/2025	15	25,7	25	106
09/04/2025	16	24,7	28	106
09/04/2025	17	23,2	34	118
09/04/2025	18	20,9	41	121
09/04/2025	19	18,5	49	112
09/04/2025	20	16,2	55	103
09/04/2025	21	13,3	69	80
09/04/2025	22	11,7	75	65
09/04/2025	23	10,4	79	55
10/04/2025	00	9,3	81	49
10/04/2025	01	8,3	83	46
10/04/2025	02	7,1	87	40
10/04/2025	03	6,2	90	31
10/04/2025	04	5,3	92	29
10/04/2025	05	4,7	92	24
10/04/2025	06	4,2	94	21
10/04/2025	07	5,1	93	20
10/04/2025	08	9,6	75	39
10/04/2025	09	11,6	65	67
10/04/2025	10	15,2	52	82
10/04/2025	11	19,2	45	95
10/04/2025	12	19,9	48	99
10/04/2025	13	20,4	47	101
10/04/2025	14	20,3	48	104
10/04/2025	15	20,5	48	104
10/04/2025	16	19,6	50	105
10/04/2025	17	18,5	54	107
10/04/2025	18	16,8	61	103
10/04/2025	19	13,9	72	98
10/04/2025	20	12,7	75	94
10/04/2025	21	11,9	78	92
10/04/2025	22	10,5	83	79
10/04/2025	23	10,5	84	81
11/04/2025	00	10	84	87
11/04/2025	01	9,1	86	77
11/04/2025	02	7,6	90	59
11/04/2025	03	7,1	91	49
11/04/2025	04	6,9	89	48
11/04/2025	05	6,6	91	41
11/04/2025	06	6,5	92	33
11/04/2025	07	7,6	88	39
11/04/2025	08	9,9	84	86
11/04/2025	09	10,8	82	83
11/04/2025	10	13,2	70	88
11/04/2025	11	17,1	56	89
11/04/2025	12	17,5	52	94
11/04/2025	13	15,2	59	95
11/04/2025	14	12,8	76	91
11/04/2025	15	12	83	87
11/04/2025	16	11,6	85	86
11/04/2025	17	10,5	94	78
11/04/2025	18	10,5	96	69
11/04/2025	19	10,3	95	68
11/04/2025	20	9,2	94	70
11/04/2025	21	8,4	96	52
11/04/2025	22	7,7	97	39
11/04/2025	23	7	97	29
12/04/2025	00	6,5	97	36
12/04/2025	01	7,2	98	31
12/04/2025	02	7,8	97	29
12/04/2025	03	7,6	97	32
12/04/2025	04	7	96	32
12/04/2025	05	6,6	96	29
12/04/2025	06	6,3	96	25
12/04/2025	07	7	96	25
12/04/2025	08	8,1	93	36
12/04/2025	09	9,1	90	51
12/04/2025	10	11,1	82	59
12/04/2025	11	14,1	72	61
12/04/2025	12	17,9	64	66
12/04/2025	13	18,3	63	76
12/04/2025	14	18,1	64	76
12/04/2025	15	18,2	64	76
12/04/2025	16	18,7	60	83
12/04/2025	17	18,2	59	85
12/04/2025	18	16,2	67	88
12/04/2025	19	11,1	99	73
12/04/2025	20	11,3	98	56
12/04/2025	21	10,9	98	49
12/04/2025	22	10	98	36
12/04/2025	23	9,2	98	27
13/04/2025	00	8,6	98	21
13/04/2025	01	8,6	98	22
13/04/2025	02	8,9	98	29
13/04/2025	03	8,7	98	35
13/04/2025	04	8,3	98	32
13/04/2025	05	7,9	99	30
13/04/2025	06	7,8	99	27
13/04/2025	07	7,8	99	31
13/04/2025	08	8,3	99	35
13/04/2025	09	9,7	96	38
13/04/2025	10	13,6	82	52
13/04/2025	11	18,6	57	80
13/04/2025	12	19,7	49	90
13/04/2025	13	21,3	43	94
13/04/2025	14	18,5	56	88
13/04/2025	15	17,1	61	86
13/04/2025	16	17,1	70	82
13/04/2025	17	17	69	77
13/04/2025	18	15,1	72	77
13/04/2025	19	12,1	91	72
13/04/2025	20	11,6	97	55
13/04/2025	21	11,5	97	56
13/04/2025	22	11,3	97	43
13/04/2025	23	10,6	97	36
14/04/2025	00	9,9	97	31
14/04/2025	01	9,5	97	31
14/04/2025	02	9,5	98	36
14/04/2025	03	9,2	97	33
14/04/2025	04	8,7	98	26
14/04/2025	05	8,6	98	27
14/04/2025	06	8,7	98	26
14/04/2025	09	12,6	89	45
14/04/2025	10	15,3	73	70
14/04/2025	11	15	74	69
14/04/2025	12	15,8	69	72
14/04/2025	13	16,8	61	79
14/04/2025	14	16,5	62	84
14/04/2025	15	17,9	52	86
14/04/2025	16	18,6	46	91
14/04/2025	17	18,6	46	88
14/04/2025	18	17,4	48	88
14/04/2025	19	14,8	54	83
14/04/2025	20	13,1	62	78
14/04/2025	21	12,1	69	74
14/04/2025	22	11,5	70	74
14/04/2025	23	11,5	64	81
15/04/2025	00	11,7	69	80
15/04/2025	01	9,8	75	76
15/04/2025	02	9,2	73	92
15/04/2025	03	8,5	77	91
15/04/2025	04	8,7	77	87
15/04/2025	05	8,7	79	82
15/04/2025	06	7,9	84	73
15/04/2025	07	8,7	77	75
15/04/2025	08	9,5	68	86
15/04/2025	09	10,6	62	88
15/04/2025	10	11	60	88
15/04/2025	11	13,5	48	91
15/04/2025	12	13,2	47	94
15/04/2025	13	13,9	46	90
15/04/2025	14	12,8	49	95
15/04/2025	15	13,2	49	92
15/04/2025	16	9,7	70	88
15/04/2025	17	8,5	74	94
15/04/2025	18	8,4	72	90
15/04/2025	19	7,5	75	87
15/04/2025	20	6,6	80	72
15/04/2025	21	5,7	85	59
15/04/2025	22	5,9	86	50
15/04/2025	23	6,1	86	45
16/04/2025	00	5,1	88	45
16/04/2025	01	3,7	90	48
16/04/2025	02	3	92	41
16/04/2025	03	3,1	91	39
16/04/2025	04	2,1	93	30
16/04/2025	05	1,3	96	24
16/04/2025	06	1,5	96	27
16/04/2025	07	2,3	95	28
16/04/2025	08	5,7	77	61
16/04/2025	09	7,6	59	85
16/04/2025	10	9,7	50	87
16/04/2025	11	11,3	42	90
16/04/2025	12	13,1	36	91
16/04/2025	13	14	33	91
16/04/2025	14	14,1	33	91
16/04/2025	15	14,6	33	94
16/04/2025	16	14,2	36	97
16/04/2025	17	11,7	50	94
16/04/2025	18	10,8	53	89
16/04/2025	19	8,8	62	82
16/04/2025	20	7,2	72	71
16/04/2025	21	6,4	77	62
16/04/2025	22	4,8	84	45
16/04/2025	23	3,7	89	36
17/04/2025	00	3,6	89	37
17/04/2025	01	4,2	86	43
17/04/2025	02	3,1	91	35
17/04/2025	03	2,1	93	34
17/04/2025	04	1,5	95	30
17/04/2025	05	1	96	25
17/04/2025	06	0,5	96	20
17/04/2025	07	2	95	25
17/04/2025	08	7,5	73	48
17/04/2025	09	10,9	52	89
17/04/2025	10	13,8	41	95
17/04/2025	11	15,8	36	97
17/04/2025	12	17,4	33	98
17/04/2025	13	18,3	32	100
17/04/2025	14	19,1	30	100
17/04/2025	15	20,1	29	101
17/04/2025	16	20,5	29	101
17/04/2025	17	20,3	32	96
17/04/2025	18	18,9	36	92
17/04/2025	19	15,7	47	89
17/04/2025	20	12,4	62	73
17/04/2025	21	10,6	68	64
17/04/2025	22	9,1	73	55
17/04/2025	23	7,4	81	47
18/04/2025	00	6,4	84	43
18/04/2025	01	5,4	86	34
18/04/2025	02	4,6	90	32
18/04/2025	03	3,9	91	30
18/04/2025	04	3,2	93	25
18/04/2025	05	2,5	94	18
18/04/2025	06	2,3	95	17
18/04/2025	07	3,8	93	16
18/04/2025	08	8,9	74	42
18/04/2025	09	11,3	67	49
18/04/2025	10	15,7	54	65
18/04/2025	11	18,3	46	73
18/04/2025	12	19,2	43	75
18/04/2025	13	20	43	72
18/04/2025	14	19,4	46	74
18/04/2025	15	19,8	45	74
18/04/2025	16	20,3	41	75
18/04/2025	17	19,7	44	75
18/04/2025	18	17,8	50	78
18/04/2025	19	16,9	53	74
18/04/2025	20	14,6	62	66
18/04/2025	21	13,5	66	64
18/04/2025	22	13,1	68	68
18/04/2025	23	13,6	64	66
19/04/2025	00	13,4	63	63
19/04/2025	01	13,2	64	60
19/04/2025	02	12,1	67	69
19/04/2025	03	10,4	75	80
19/04/2025	04	9,8	79	81
19/04/2025	05	9,9	82	76
19/04/2025	06	9,6	87	71
19/04/2025	07	10,2	76	73
19/04/2025	08	10	77	75
19/04/2025	09	8,9	80	79
19/04/2025	10	10,6	66	87
19/04/2025	11	12,4	54	92
19/04/2025	12	12,5	52	96
19/04/2025	13	14,2	41	94
19/04/2025	14	14,5	36	96
19/04/2025	15	14,6	39	94
19/04/2025	16	13	49	91
19/04/2025	17	11,4	56	91
19/04/2025	18	11,2	54	91
19/04/2025	19	9,4	64	84
19/04/2025	20	8,5	70	69
19/04/2025	21	8,1	66	73
19/04/2025	22	7,5	68	78
19/04/2025	23	7,7	70	77
20/04/2025	00	8	71	76
20/04/2025	01	7,7	71	77
20/04/2025	02	7,7	70	80
20/04/2025	03	7,5	71	80
20/04/2025	04	7,1	70	79
20/04/2025	05	7	71	78
20/04/2025	06	6,8	72	76
20/04/2025	07	7,4	70	74
20/04/2025	08	8,7	64	74
20/04/2025	09	9,5	61	75
20/04/2025	10	11,6	54	76
20/04/2025	11	13,9	47	78
20/04/2025	12	8,6	82	77
20/04/2025	13	9,4	82	77
20/04/2025	14	10,6	71	85
20/04/2025	15	12,1	63	81
20/04/2025	16	13,6	53	85
20/04/2025	17	14,1	51	85
20/04/2025	18	14,4	51	82
20/04/2025	19	12,4	56	80
20/04/2025	20	11,3	62	70
20/04/2025	21	10,2	71	56
20/04/2025	22	8,6	78	47
20/04/2025	23	8,5	80	42
21/04/2025	00	6,6	86	35
21/04/2025	01	4,9	90	31
21/04/2025	02	3,9	93	25
21/04/2025	03	3,2	95	21
21/04/2025	04	2,4	96	15
21/04/2025	05	1,9	96	14
21/04/2025	06	1,6	97	12
21/04/2025	07	3,2	96	16
21/04/2025	08	7,3	78	40
21/04/2025	09	10,3	67	58
21/04/2025	10	15	52	72
21/04/2025	11	17,7	43	76
21/04/2025	12	19,2	39	82
21/04/2025	13	19,5	37	85
21/04/2025	14	19,6	36	85
21/04/2025	15	19,3	37	86
21/04/2025	16	19,4	37	86
21/04/2025	17	19,1	39	84
21/04/2025	18	18,3	43	81
21/04/2025	19	16,4	51	78
21/04/2025	20	15	56	79
21/04/2025	21	14,2	61	74
21/04/2025	22	13,3	66	73
21/04/2025	23	12,3	68	75
22/04/2025	00	11	74	68
22/04/2025	01	10,6	77	59
22/04/2025	02	9,7	81	47
22/04/2025	03	9	87	38
22/04/2025	04	8,6	94	29
22/04/2025	05	8,7	96	23
22/04/2025	06	8,8	96	20
22/04/2025	07	9,4	96	20
22/04/2025	08	10,5	92	29
22/04/2025	09	11,4	88	38
22/04/2025	10	12,9	79	56
22/04/2025	11	14	71	64
22/04/2025	12	14,4	72	65
22/04/2025	13	12	85	66
22/04/2025	14	12,7	89	66
22/04/2025	15	14	77	65
22/04/2025	16	13,2	78	66
22/04/2025	17	12,2	88	60
22/04/2025	18	12,1	92	51
22/04/2025	19	11	93	51
22/04/2025	20	10,2	95	47
22/04/2025	21	9	95	39
22/04/2025	22	7,9	96	33
22/04/2025	23	7,2	96	34
23/04/2025	00	6,9	96	30
23/04/2025	01	5,8	97	25
23/04/2025	02	5,1	97	33
23/04/2025	03	4,5	97	31
23/04/2025	04	3,8	97	26
23/04/2025	05	3,3	98	22
23/04/2025	06	2,9	98	19
23/04/2025	07	4,4	98	26
23/04/2025	08	7,7	92	45
23/04/2025	09	10,3	74	68
23/04/2025	10	14,1	55	86
23/04/2025	11	16,6	49	90
23/04/2025	12	18,4	44	93
23/04/2025	13	19,9	42	93
23/04/2025	14	21,1	40	92
23/04/2025	15	21,9	39	91
23/04/2025	16	21,7	39	92
23/04/2025	17	22,1	38	91
23/04/2025	18	21,3	40	89
23/04/2025	19	18,7	49	84
23/04/2025	20	14,7	68	64
23/04/2025	21	12,1	79	43
23/04/2025	22	10,4	85	36
23/04/2025	23	9,2	89	29
24/04/2025	00	8,3	91	22
24/04/2025	01	7,6	93	18
24/04/2025	02	6,8	94	15
24/04/2025	03	6,4	95	14
24/04/2025	04	5,7	95	12
24/04/2025	05	5,9	96	15
24/04/2025	06	7,5	95	17
24/04/2025	07	9,6	90	39
24/04/2025	08	11,7	77	66
24/04/2025	09	13	74	63
24/04/2025	10	16,2	64	64
24/04/2025	11	19,1	52	73
24/04/2025	12	22,2	38	81
24/04/2025	13	23,8	34	86
24/04/2025	14	24,6	30	91
24/04/2025	15	25,4	28	93
24/04/2025	16	25,4	28	89
24/04/2025	17	25	28	90
24/04/2025	18	23,9	27	97
24/04/2025	19	20,7	37	80
24/04/2025	20	15,6	56	58
24/04/2025	21	13,2	67	48
24/04/2025	22	12,2	72	39
24/04/2025	23	11	76	35
25/04/2025	00	9,2	85	29
25/04/2025	01	8,1	88	26
25/04/2025	02	7,4	89	22
25/04/2025	03	6,6	90	21
25/04/2025	04	5,8	92	16
25/04/2025	05	5,4	93	16
25/04/2025	06	5,2	93	14
25/04/2025	07	7,2	91	15
25/04/2025	08	11,2	71	33
25/04/2025	09	14	58	54
25/04/2025	10	19,7	46	66
25/04/2025	11	25,3	38	87
25/04/2025	12	26,4	33	98
25/04/2025	13	27,3	29	98
25/04/2025	14	25,9	32	98
25/04/2025	15	26,3	34	97
25/04/2025	16	27,1	29	97
25/04/2025	17	26,7	30	100
25/04/2025	18	25,3	32	99
25/04/2025	19	22	40	96
25/04/2025	20	19,6	45	92
25/04/2025	21	18,6	46	102
25/04/2025	22	15,6	59	80
25/04/2025	23	12,9	69	62
26/04/2025	00	11,5	76	56
26/04/2025	01	10,4	79	48
26/04/2025	02	9	83	42
26/04/2025	03	8,5	86	37
26/04/2025	04	8,4	87	32
26/04/2025	05	7,7	89	29
26/04/2025	06	7,4	91	24
26/04/2025	07	9,2	89	26
26/04/2025	08	14,3	73	68
26/04/2025	09	15,9	63	73
26/04/2025	10	17,2	56	78
26/04/2025	11	18,3	49	82
26/04/2025	12	19,4	43	88
26/04/2025	13	20,8	37	92
26/04/2025	14	20,4	36	92
26/04/2025	15	20,9	36	91
26/04/2025	16	20,5	37	89
26/04/2025	17	19,7	38	88
26/04/2025	18	18,1	42	86
26/04/2025	19	15,8	49	84
26/04/2025	20	13,8	57	78
26/04/2025	21	12,2	62	76
26/04/2025	22	10,9	65	74
26/04/2025	23	9,3	73	67
27/04/2025	00	8	78	58
27/04/2025	01	7,3	80	58
27/04/2025	02	6,5	84	52
27/04/2025	03	5,7	86	44
27/04/2025	04	6,2	84	43
27/04/2025	05	7,1	81	47
27/04/2025	06	8,9	74	57
27/04/2025	07	10,7	64	76
27/04/2025	08	11,3	61	81
27/04/2025	09	12	59	83
27/04/2025	10	14	53	84
27/04/2025	11	15,8	47	89
27/04/2025	12	16,8	44	91
27/04/2025	13	18	39	92
27/04/2025	14	19,2	36	93
27/04/2025	15	19,5	35	94
27/04/2025	16	19,8	34	94
27/04/2025	17	19,8	34	94
27/04/2025	18	18,8	35	95
27/04/2025	19	16,5	42	89
27/04/2025	20	14,7	50	79
27/04/2025	21	12,7	62	72
27/04/2025	22	10,5	72	62
27/04/2025	23	9,2	77	57
28/04/2025	00	7,9	82	51
28/04/2025	01	6,6	86	40
28/04/2025	02	5,8	89	34
28/04/2025	03	5,1	90	32
28/04/2025	04	4,5	92	26
28/04/2025	05	4	92	21
28/04/2025	06	3,7	93	18
28/04/2025	07	5,3	91	19
28/04/2025	08	9,1	76	48
28/04/2025	09	12,1	66	71
28/04/2025	10	17	50	80
28/04/2025	18	17,6	48	102
28/04/2025	19	15,5	56	94
28/04/2025	20	13,5	63	88
28/04/2025	21	12,2	67	82
28/04/2025	22	10,1	77	75
28/04/2025	23	9,1	80	65
29/04/2025	00	7,4	85	58
29/04/2025	01	6,4	88	45
29/04/2025	02	5,3	90	40
29/04/2025	03	4,5	92	30
29/04/2025	04	3,8	93	25
29/04/2025	05	3,2	94	20
29/04/2025	06	3,1	95	15
29/04/2025	07	5,5	92	24
29/04/2025	08	9,9	76	50
29/04/2025	09	13,1	67	74
29/04/2025	10	16,4	53	94
29/04/2025	11	17	50	99
29/04/2025	12	17,6	49	100
29/04/2025	13	18,7	46	102
29/04/2025	14	19,5	44	105
29/04/2025	15	19,4	45	104
29/04/2025	16	17,8	50	105
29/04/2025	17	17,5	50	102
29/04/2025	18	16,2	52	100
29/04/2025	19	14,5	56	96
29/04/2025	20	12,3	65	86
29/04/2025	21	10,9	70	73
29/04/2025	22	11,5	69	89
29/04/2025	23	10,1	76	83
30/04/2025	00	8,9	79	63
30/04/2025	01	8,1	82	54
30/04/2025	02	7,1	84	54
30/04/2025	03	6,2	87	46
30/04/2025	04	5,2	91	38
30/04/2025	05	4,7	92	29
30/04/2025	06	4,5	93	24
30/04/2025	07	7	89	33
30/04/2025	08	11,1	74	62
30/04/2025	09	13,8	64	82
30/04/2025	10	17,5	49	95
30/04/2025	11	19,3	46	99
30/04/2025	12	20,3	43	100
30/04/2025	13	21,2	40	103
30/04/2025	14	20,9	38	107
30/04/2025	15	20,9	39	107
30/04/2025	16	20,4	40	108
30/04/2025	17	18,6	47	108
30/04/2025	18	16,9	53	104
30/04/2025	19	15,5	58	102
30/04/2025	20	14,2	66	99
30/04/2025	21	13,7	71	94
30/04/2025	22	13,2	76	88
30/04/2025	23	12,2	80	82
