Red: Red de Vigilancia y Control de la Contaminación Atmosférica
Estación: 03140001-Villena Parque Feria
	
FECHA	HORA	PM2.5	NO	NO2	PM10	NOx	O3
		µg/m³	µg/m³	µg/m³	µg/m³	µg/m³	µg/m³
01/01/2025	00	8	1	2	9	4	
01/01/2025	01	8	1	2	8	3	
01/01/2025	02	9	1	2	10	3	
01/01/2025	03	10	1	2	11	3	
01/01/2025	04	12	1	2	13	3	
01/01/2025	05	8	1	2	8	3	
01/01/2025	06	7	1	2	7	3	
01/01/2025	07	4	1	2	4	3	
01/01/2025	08	4	1	2	4	3	
01/01/2025	09	3	1	2	3	3	
01/01/2025	10	3	1	2	3	3	
01/01/2025	11	4	1	2	4	3	
01/01/2025	12	4	1	2	5	3	
01/01/2025	13	6	1	2	7	3	
01/01/2025	14	6	1	2	7	3	
01/01/2025	15	6	1	2	6	3	
01/01/2025	16	5	1	2	5	3	
01/01/2025	17	6	1	2	6	3	
01/01/2025	18	6	1	2	6	3	
01/01/2025	19	9	1	2	9	3	
01/01/2025	20	9	1	2	11	4	
01/01/2025	21	12	1	7	12	8	
01/01/2025	22	12	1	7	13	9	
01/01/2025	23	16	1	5	16	6	
02/01/2025	00	13	1	4	13	5	
02/01/2025	01	17	1	7	18	9	
02/01/2025	02	16	1	2	21	4	
02/01/2025	03	14	1	4	50	6	
02/01/2025	04	10	1	4	12	6	
02/01/2025	05	9	1	3	10	5	
02/01/2025	06	7	1	3	13	5	
02/01/2025	07	6	1	3	29	4	
02/01/2025	08	9	1	4	47	6	
02/01/2025	09	9	2	6	61	9	
02/01/2025	10	9	2	3	75	6	
02/01/2025	11	9	3	3	20	6	
02/01/2025	12	7	4	4	11	9	
02/01/2025	13	5	2	2	7	5	
02/01/2025	14	4	1	2	4	3	
02/01/2025	15	3	1	2	4	3	
02/01/2025	16	3	1	2	7	3	
02/01/2025	17	8	1	3	40	4	
02/01/2025	18	8	1	7	27	8	
02/01/2025	19	13	4	29	33	35	
02/01/2025	20	12	5	24	22	32	
02/01/2025	21	11	2	15	16	18	
02/01/2025	22	13	1	12	19	14	
02/01/2025	23	14	1	12	17	14	
03/01/2025	00	13	1	6	16	8	
03/01/2025	01	20	1	7	22	9	
03/01/2025	02	17	1	7	18	8	
03/01/2025	03	13	8	10	14	22	
03/01/2025	04	11	2	12	13	16	
03/01/2025	05	10	2	12	12	15	
03/01/2025	06	7	2	9	9	12	
03/01/2025	07	9	5	22	14	30	
03/01/2025	08	11	16	25	16	49	
03/01/2025	09	11	13	15	18	36	
03/01/2025	10	6	1	2	16	3	
03/01/2025	11	4	1	2	9	3	
03/01/2025	12	4	1	2	10	3	
03/01/2025	13	4	1	2	11	3	
03/01/2025	14	3	1	2	8	3	
03/01/2025	15	4	1	2	12	3	
03/01/2025	16	4	1	2	12	3	
03/01/2025	17	5	1	2	14	3	
03/01/2025	18	5	1	2	9	3	
03/01/2025	19	4	1	2	7	3	
03/01/2025	20	6	1	2	9	3	
03/01/2025	21	7	1	2	10	3	
03/01/2025	22	7	1	2	10	3	
03/01/2025	23	6	1	2	8	3	
04/01/2025	00	5	1	2	7	3	
04/01/2025	01	7	1	2	13	3	
04/01/2025	02	6	1	2	8	3	
04/01/2025	03	6	1	2	7	3	
04/01/2025	04	5	1	2	7	3	
04/01/2025	05	7	1	2	8	3	
04/01/2025	06	6	1	2	8	3	
04/01/2025	07	8	1	4	11	6	
04/01/2025	08	8	2	8	11	11	
04/01/2025	09	9	2	11	14	15	
04/01/2025	10	7	3	4	9	8	
04/01/2025	11	6	1	2	7	4	
04/01/2025	12	7	1	2	8	3	
04/01/2025	13	4	1	2	5	3	
04/01/2025	14	3	1	2	4	3	
04/01/2025	15	3	1	2	5	3	
04/01/2025	16	4	1	2	6	3	
04/01/2025	17	5	1	2	11	3	
04/01/2025	18	6	1	3	15	4	
04/01/2025	19	8	1	4	16	6	
04/01/2025	20	15	2	17	33	20	
04/01/2025	21	12	1	7	18	8	
04/01/2025	22	14	1	6	20	8	
04/01/2025	23	13	1	4	18	6	
05/01/2025	00	15	1	7	20	9	
05/01/2025	01	15	1	8	19	10	
05/01/2025	02	14	1	6	18	7	
05/01/2025	03	14	1	6	18	7	
05/01/2025	04	8	1	2	11	3	
05/01/2025	05	7	1	2	10	3	
05/01/2025	06	7	1	2	9	3	
05/01/2025	07	8	1	2	11	4	
05/01/2025	08	10	2	5	15	8	
05/01/2025	09	18	3	10	32	16	
05/01/2025	10	18	3	5	31	10	
05/01/2025	11	12	3	5	21	9	
05/01/2025	12	10	2	5	16	8	
05/01/2025	13	5	1	2	5	3	
05/01/2025	14	4	1	2	4	3	
05/01/2025	15	4	1	2	4	3	
05/01/2025	16	4	1	2	5	3	
05/01/2025	17	5	1	2	10	4	
05/01/2025	18	8	1	5	17	8	
05/01/2025	19	11	1	7	20	10	
05/01/2025	20	12	1	6	17	8	
05/01/2025	21	10	2	6	16	9	
05/01/2025	22	9	1	2	11	4	
05/01/2025	23	9	1	2	13	4	
06/01/2025	00	10	1	2	13	3	
06/01/2025	01	11	1	3	17	4	
06/01/2025	02	12	1	4	19	6	
06/01/2025	03	12	1	3	17	4	
06/01/2025	04	13	1	4	18	6	
06/01/2025	05	12	1	5	18	6	
06/01/2025	06	11	1	4	17	6	
06/01/2025	07	10	2	7	17	10	
06/01/2025	08	7	2	4	11	6	
06/01/2025	09	8	1	6	19	9	
06/01/2025	10	7	2	6	15	9	
06/01/2025	11	4	1	2	7	4	
06/01/2025	12	1	1	2	2	3	
06/01/2025	13	2	1	2	2	3	
06/01/2025	14	1	1	2	1	3	
06/01/2025	15	1	1	2	3	3	
06/01/2025	16	1	1	2	3	3	
06/01/2025	17	1	1	2	3	3	
06/01/2025	18	1	1	2	1	3	
06/01/2025	19	1	1	2	1	3	
06/01/2025	20	1	2	2	1	5	
06/01/2025	21	1	1	2	1	3	
06/01/2025	22	1	1	2	2	3	
06/01/2025	23	2	1	2	3	3	
07/01/2025	00	2	1	2	2	3	
07/01/2025	01	2	1	2	2	3	
07/01/2025	02	2	1	2	2	3	
07/01/2025	03	2	1	2	2	3	
07/01/2025	04	2	1	2	2	3	
07/01/2025	05	2	1	2	2	3	
07/01/2025	06	3	2	6	5	9	
07/01/2025	07	6	7	28	11	39	
07/01/2025	08	11	7	27	25	38	
07/01/2025	09	7	3	5	9	9	
07/01/2025	10	2	1	2	2	3	
07/01/2025	11	2	1	2	4	3	
07/01/2025	12	2	1	2	6	3	
07/01/2025	13	3	1	2	12	3	
07/01/2025	14	3	1	2	10	3	
07/01/2025	15	2	1	2	6	3	
07/01/2025	16	1	1	2	5	3	
07/01/2025	17	2	1	2	6	3	
07/01/2025	18	2	1	2	8	3	
07/01/2025	19	3	1	2	8	3	
07/01/2025	20	5	1	3	9	4	
07/01/2025	21	5	1	2	8	3	
07/01/2025	22	4	1	2	6	3	
07/01/2025	23	4	1	2	5	3	
08/01/2025	00	3	1	2	4	3	
08/01/2025	01	4	1	2	5	3	
08/01/2025	02	8	1	5	9	6	
08/01/2025	03	5	1	6	6	8	
08/01/2025	04	4	1	3	5	4	
08/01/2025	05	5	2	4	6	6	
08/01/2025	06	6	4	11	10	17	
08/01/2025	07	8	33	17	16	68	
08/01/2025	08	14	49	20	44	96	
08/01/2025	09	10	26	17	27	56	
08/01/2025	10	10	4	7	18	13	
08/01/2025	11	16	4	8	28	14	
08/01/2025	12	5	3	6	12	10	
08/01/2025	13	3	2	2	10	4	
08/01/2025	14	2	1	2	4	4	
08/01/2025	15	2	1	2	4	3	
08/01/2025	16	3	1	2	14	3	
08/01/2025	17	2	1	2	10	4	
08/01/2025	18	6	5	22	23	30	
08/01/2025	19	11	4	28	42	34	
08/01/2025	20	8	14	36	17	57	
08/01/2025	21	4	2	4	10	7	
08/01/2025	22	5	1	2	11	3	
08/01/2025	23	4	1	2	5	3	
09/01/2025	00	2	1	2	2	3	
09/01/2025	01	2	1	2	2	3	
09/01/2025	02	1	1	2	2	3	
09/01/2025	03	1	1	2	2	3	
09/01/2025	04	1	1	2	2	3	
09/01/2025	05	1	1	2	2	3	
09/01/2025	06	1	1	2	1	3	
09/01/2025	07	1	1	2	1	3	
09/01/2025	08	2	2	2	4	4	
09/01/2025	09	4	1	2	6	3	
09/01/2025	10	3	1	2	5	3	
09/01/2025	11	3	1	2	6	3	
09/01/2025	12	2	1	2	6	3	
09/01/2025	13	3	1	2	9	3	
09/01/2025	14	4	1	2	9	3	
09/01/2025	15	3	1	2	12	3	
09/01/2025	16	3	1	2	11	3	
09/01/2025	17	3	1	2	13	3	
09/01/2025	18	3	1	2	7	3	
09/01/2025	19	3	1	2	5	3	
09/01/2025	20	3	1	2	5	3	
09/01/2025	21	3	1	2	5	3	
09/01/2025	22	3	1	2	6	3	
09/01/2025	23	2	1	2	3	3	
10/01/2025	00	2	3	2	3	6	
10/01/2025	01	3	1	2	4	3	
10/01/2025	02	3	1	2	4	3	
10/01/2025	03	3	1	2	3	3	
10/01/2025	04	3	1	2	4	3	
10/01/2025	05	3	1	2	4	3	
10/01/2025	06	3	1	2	4	3	
10/01/2025	07	3	1	2	3	3	
10/01/2025	08	5	2	6	8	9	
10/01/2025	09	4	1	3	8	4	
10/01/2025	10	4	1	2	6	3	
10/01/2025	11	3	1	2	4	3	
10/01/2025	12	4	1	2	8	3	64
10/01/2025	13	3	1	2	5	3	64
10/01/2025	14	3	1	2	4	3	64
10/01/2025	15	4	1	2	14	3	63
10/01/2025	16	4	1	2	10	3	65
10/01/2025	17	4	1	2	11	3	66
10/01/2025	18	4	1	2	10	3	65
10/01/2025	19	4	1	2	7	3	65
10/01/2025	20	4	1	2	5	3	63
10/01/2025	21	4	1	2	5	3	64
10/01/2025	22	4	1	2	5	3	66
10/01/2025	23	3	1	2	4	3	66
11/01/2025	00	3	1	2	4	3	65
11/01/2025	01	3	1	2	3	3	64
11/01/2025	02	3	1	2	3	3	63
11/01/2025	03	3	1	2	3	3	65
11/01/2025	04	2	1	2	2	3	64
11/01/2025	05	1	1	2	1	3	66
11/01/2025	06	1	1	2	1	3	64
11/01/2025	07	1	1	2	1	3	62
11/01/2025	08	1	1	2	2	3	61
11/01/2025	09	1	1	2	2	3	62
11/01/2025	10	1	1	2	3	3	61
11/01/2025	11	3	1	2	7	3	61
11/01/2025	12	3	1	2	15	3	61
11/01/2025	13	2	1	2	10	3	61
11/01/2025	14	3	1	2	13	3	61
11/01/2025	15	2	1	2	5	3	62
11/01/2025	16	2	1	2	6	3	63
11/01/2025	17	3	1	2	16	3	63
11/01/2025	18	5	1	3	25	4	58
11/01/2025	19	12	4	18	25	25	47
11/01/2025	20	5	1	7	14	8	52
11/01/2025	21	10	1	3	26	5	55
11/01/2025	22	6	1	4	12	6	53
11/01/2025	23	8	1	7	17	9	52
12/01/2025	00	3	1	2	4	3	65
12/01/2025	01	2	1	2	3	3	67
12/01/2025	02	2	1	2	8	3	71
12/01/2025	03	4	1	2	31	3	73
12/01/2025	04	2	1	2	10	3	72
12/01/2025	05	1	1	2	2	3	72
12/01/2025	06	1	1	2	2	3	72
12/01/2025	07	2	1	2	4	3	69
12/01/2025	08	2	2	3	7	4	68
12/01/2025	09	3	1	2	13	3	68
12/01/2025	10	4	1	2	22	3	70
12/01/2025	11	5	1	2	40	3	72
12/01/2025	12	7	1	2	61	3	72
12/01/2025	13	2	1	2	11	3	71
12/01/2025	14	4	1	2	32	3	73
12/01/2025	15	1	1	2	4	3	73
12/01/2025	16	2	1	2	8	3	72
12/01/2025	17	5	1	2	20	3	68
12/01/2025	18	6	1	2	29	4	65
12/01/2025	19	7	1	2	12	3	68
12/01/2025	20	5	1	2	7	3	69
12/01/2025	21	8	1	2	18	3	61
12/01/2025	22	7	1	3	11	5	60
12/01/2025	23	8	1	2	21	3	52
13/01/2025	00	10	1	2	17	3	48
13/01/2025	01	8	1	2	12	3	48
13/01/2025	02	9	1	2	16	3	45
13/01/2025	03	8	1	2	13	3	43
13/01/2025	04	8	1	2	13	4	41
13/01/2025	05	6	1	3	10	4	43
13/01/2025	06	6	1	8	13	10	33
13/01/2025	07	8	9	14	31	28	30
13/01/2025	08	15	17	15	87	40	30
13/01/2025	09	9	9	9	26	24	37
13/01/2025	10	18	8	8	28	20	44
13/01/2025	12	7	2	2	25	4	70
13/01/2025	13	3	1	2	5	3	76
13/01/2025	14	3	1	2	5	3	78
13/01/2025	15	3	1	2	6	3	80
13/01/2025	16	2	1	2	5	3	79
13/01/2025	17	6	1	2	32	4	74
13/01/2025	18	7	1	9	14	11	63
13/01/2025	19	11	1	12	22	14	60
13/01/2025	20	13	1	10	30	13	53
13/01/2025	21	22	1	11	41	13	43
13/01/2025	22	19	1	12	28	14	44
13/01/2025	23	13	1	3	15	5	55
14/01/2025	00	13	1	2	20	3	50
14/01/2025	01	10	1	2	13	3	48
14/01/2025	02	10	1	2	14	3	44
14/01/2025	03	11	2	10	14	14	36
14/01/2025	04	9	1	7	12	9	41
14/01/2025	05	8	1	5	12	7	39
14/01/2025	06	6	2	8	9	11	43
14/01/2025	07	11	11	15	35	32	32
14/01/2025	08	18	19	19	82	48	32
14/01/2025	09	20	13	16	65	37	39
14/01/2025	10	19	9	12	29	26	49
14/01/2025	11	8	2	2	11	5	67
14/01/2025	12	5	2	2	9	3	73
14/01/2025	13	6	1	2	36	3	75
14/01/2025	14	4	1	2	15	3	76
14/01/2025	15	3	1	2	7	3	77
14/01/2025	16	4	1	2	11	3	76
14/01/2025	17	5	1	5	8	7	67
14/01/2025	18	8	1	16	10	18	56
14/01/2025	19	9	1	23	12	25	45
14/01/2025	20	10	2	15	14	18	50
14/01/2025	21	18	1	9	24	11	48
14/01/2025	22	16	1	14	22	16	43
14/01/2025	23	16	1	9	21	10	45
15/01/2025	00	12	1	8	16	9	45
15/01/2025	01	12	1	6	16	8	46
15/01/2025	02	13	7	10	18	20	40
15/01/2025	03	10	2	6	13	9	41
15/01/2025	04	5	1	2	6	3	50
15/01/2025	05	7	1	5	9	7	41
15/01/2025	06	8	1	9	11	11	37
15/01/2025	07	7	10	19	9	34	30
15/01/2025	08	12	12	21	16	40	32
15/01/2025	09	21	27	20	29	62	34
15/01/2025	10	16	15	18	32	40	45
15/01/2025	11	12	7	9	25	20	54
15/01/2025	12	10	4	3	19	8	60
15/01/2025	13	9	3	3	20	6	64
15/01/2025	14	7	3	4	15	8	66
15/01/2025	15	5	2	2	15	4	72
15/01/2025	16	3	1	2	8	3	73
15/01/2025	17	5	1	2	7	3	70
15/01/2025	18	9	4	19	12	25	55
15/01/2025	19	22	41	56	28	119	31
15/01/2025	20	21	45	47	27	116	30
15/01/2025	21	22	19	33	31	61	30
15/01/2025	22	24	4	25	35	31	30
15/01/2025	23	24	2	19	33	22	33
16/01/2025	00	18	1	9	25	11	41
16/01/2025	01	16	1	5	22	6	43
16/01/2025	02	14	2	4	19	6	44
16/01/2025	03	12	1	9	17	10	41
16/01/2025	04	10	1	4	13	6	47
16/01/2025	05	10	1	7	14	10	41
16/01/2025	06	10	6	17	15	25	33
16/01/2025	07	11	23	25	15	61	30
16/01/2025	08	14	50	29	18	105	30
16/01/2025	09	17	35	26	22	80	33
16/01/2025	10	20	12	16	46	34	46
16/01/2025	11	14	4	7	41	13	58
16/01/2025	12	12	3	6	32	11	60
16/01/2025	13	12	2	6	35	9	64
16/01/2025	14	10	1	4	21	6	67
16/01/2025	15	10	2	3	24	6	70
16/01/2025	16	6	1	3	10	4	67
16/01/2025	17	4	1	4	4	6	64
16/01/2025	18	2	1	3	2	4	65
16/01/2025	19	2	1	3	2	5	65
16/01/2025	20	2	1	3	2	5	66
16/01/2025	21	2	1	2	2	3	72
16/01/2025	22	1	1	2	1	3	73
16/01/2025	23	1	1	2	1	3	71
17/01/2025	00	2	1	2	2	3	65
17/01/2025	01	1	1	2	2	3	64
17/01/2025	02	1	1	2	1	3	64
17/01/2025	03	1	1	2	1	3	59
17/01/2025	04	1	1	2	1	3	65
17/01/2025	05	1	1	2	1	3	60
17/01/2025	06	1	1	2	1	3	62
17/01/2025	07	1	1	3	1	5	60
17/01/2025	08	1	1	4	1	5	63
17/01/2025	09	1	2	3	1	5	63
17/01/2025	10	1	1	2	1	4	62
17/01/2025	11	1	1	2	1	3	63
17/01/2025	12	1	1	2	1	3	64
17/01/2025	13	1	1	2	1	3	63
17/01/2025	14	1	2	2	1	3	64
17/01/2025	15	1	2	2	1	4	61
17/01/2025	16	2	1	2	2	4	62
17/01/2025	17	2	1	3	2	5	61
17/01/2025	18	3	1	3	3	5	61
17/01/2025	19	5	1	4	5	5	62
17/01/2025	20	3	1	3	3	5	62
17/01/2025	21	6	1	2	7	4	63
17/01/2025	22	8	1	2	8	3	63
17/01/2025	23	8	1	2	9	3	61
18/01/2025	00	8	1	2	9	3	59
18/01/2025	01	8	1	2	9	3	60
18/01/2025	02	6	3	5	7	9	57
18/01/2025	03	7	1	2	8	3	55
18/01/2025	04	6	1	2	6	3	54
18/01/2025	05	5	1	2	6	3	54
18/01/2025	06	6	1	3	6	4	50
18/01/2025	07	6	1	7	7	9	44
18/01/2025	08	6	2	8	6	11	48
18/01/2025	09	9	3	7	10	12	50
18/01/2025	10	15	3	5	16	10	53
18/01/2025	11	15	3	6	15	11	58
18/01/2025	12	4	2	2	5	3	64
18/01/2025	13	3	1	2	3	3	71
18/01/2025	14	1	1	2	2	3	75
18/01/2025	15	1	1	2	1	3	74
18/01/2025	16	1	1	2	1	3	73
18/01/2025	17	4	1	2	4	4	70
18/01/2025	18	10	1	9	12	11	57
18/01/2025	19	9	1	10	11	12	50
18/01/2025	20	15	3	20	18	25	37
18/01/2025	21	22	1	16	26	18	37
18/01/2025	22	24	1	14	25	16	37
18/01/2025	23	23	1	12	28	15	36
19/01/2025	00	22	2	11	24	13	36
19/01/2025	01	11	1	3	12	5	41
19/01/2025	02	14	1	3	20	4	37
19/01/2025	03	12	1	2	15	4	38
19/01/2025	04	14	1	2	17	4	38
19/01/2025	05	10	1	2	10	3	39
19/01/2025	06	10	1	2	11	3	36
19/01/2025	07	13	1	6	18	8	33
19/01/2025	08	16	3	6	21	11	34
19/01/2025	09	17	8	5	21	17	40
19/01/2025	10	12	2	2	13	4	54
19/01/2025	11	10	2	2	11	5	58
19/01/2025	12	9	2	2	11	6	61
19/01/2025	13	7	2	2	8	5	67
19/01/2025	14	5	1	2	6	3	70
19/01/2025	15	3	1	2	3	3	73
19/01/2025	16	3	1	2	3	3	73
19/01/2025	17	6	1	2	8	4	68
19/01/2025	18	9	1	7	11	9	65
19/01/2025	19	10	1	7	11	9	64
19/01/2025	20	12	2	8	14	10	61
19/01/2025	21	14	1	6	15	8	54
19/01/2025	22	15	1	5	17	7	51
19/01/2025	23	22	1	8	22	9	37
20/01/2025	00	21	1	5	22	7	36
20/01/2025	01	16	1	3	17	5	39
20/01/2025	02	15	2	3	36	6	42
20/01/2025	03	15	1	3	15	5	38
20/01/2025	04	13	1	3	14	5	35
20/01/2025	05	12	1	2	13	4	34
20/01/2025	06	13	4	6	13	12	31
20/01/2025	07	13	15	10	15	33	30
20/01/2025	08	16	39	14	22	74	30
20/01/2025	09	26	57	21	40	109	31
20/01/2025	10	14	14	15	18	36	40
20/01/2025	11	14	7	12	18	23	51
20/01/2025	12	8	2	5	10	9	63
20/01/2025	13	8	2	5	11	8	65
20/01/2025	14	8	1	4	12	6	71
20/01/2025	15	6	1	4	10	6	73
20/01/2025	16	6	1	6	9	8	69
20/01/2025	17	8	1	9	12	11	65
20/01/2025	18	12	1	14	18	16	59
20/01/2025	19	13	1	15	17	17	58
20/01/2025	20	15	1	10	21	12	58
20/01/2025	21	17	1	9	20	11	55
20/01/2025	22	19	1	11	22	12	56
20/01/2025	23	19	1	9	21	11	53
21/01/2025	00	21	9	17	26	31	43
21/01/2025	01	20	1	8	21	11	44
21/01/2025	02	19	1	9	20	11	38
21/01/2025	03	19	1	8	20	10	38
21/01/2025	04	19	1	10	20	11	34
21/01/2025	05	18	1	8	19	10	34
21/01/2025	06	17	4	10	17	16	32
21/01/2025	07	17	11	13	18	29	30
21/01/2025	08	19	17	15	20	41	30
21/01/2025	09	22	39	18	24	77	31
21/01/2025	10	25	32	28	28	78	33
21/01/2025	11	20	15	27	24	50	39
21/01/2025	12	18	5	13	20	21	49
21/01/2025	13	11	3	13	13	16	54
21/01/2025	14	12	2	11	15	14	52
21/01/2025	15	6	2	7	7	10	55
21/01/2025	16	7	2	12	11	16	49
21/01/2025	17	11	6	22	20	31	42
21/01/2025	18	16	7	31	26	42	36
21/01/2025	19	23	5	30	32	37	37
21/01/2025	20	27	10	30	34	45	32
21/01/2025	21	23	5	21	25	28	31
21/01/2025	22	20	5	19	22	27	
21/01/2025	23	20	3	17	24	22	
22/01/2025	00	21	3	17	22	22	
22/01/2025	01	18	3	15	19	19	
22/01/2025	02	18	5	17	20	25	
22/01/2025	03	15	5	14	17	21	
22/01/2025	04	16	6	12	17	21	
22/01/2025	05	15	6	13	17	22	
22/01/2025	06	13	10	16	17	31	
22/01/2025	07	17	18	15	23	43	
22/01/2025	08	15	50	19	22	95	
22/01/2025	09	17	55	18	28	103	
22/01/2025	10	16	40	25	31	87	
22/01/2025	11	17	4	15	43	22	72
22/01/2025	12	17	1	6	55	8	83
22/01/2025	13	13	1	5	42	7	84
22/01/2025	14	9	1	3	29	5	87
22/01/2025	15	14	1	5	40	7	84
22/01/2025	16	17	1	8	51	10	83
22/01/2025	17	15	2	11	48	13	80
22/01/2025	18	14	1	12	47	13	76
22/01/2025	19	16	2	17	48	19	71
22/01/2025	20	16	2	15	47	17	64
22/01/2025	21	20	2	21	43	24	54
22/01/2025	22	23	4	24	43	30	49
22/01/2025	23	24	6	20	39	29	49
23/01/2025	00	21	2	14	33	17	50
23/01/2025	01	18	1	10	28	12	51
23/01/2025	02	18	3	9	27	14	52
23/01/2025	03	16	3	10	24	15	50
23/01/2025	04	15	2	9	22	13	49
23/01/2025	05	12	5	10	18	17	
23/01/2025	06	11	7	12	18	23	
23/01/2025	07	14	17	12	22	37	
23/01/2025	08	15	34	20	28	72	
23/01/2025	09	16	55	29	30	113	
23/01/2025	10	22	57	41	42	128	
23/01/2025	11	7	11	20	15	36	59
23/01/2025	12	4	2	6	8	9	69
23/01/2025	13	1	1	3	2	5	76
23/01/2025	14	1	1	3	1	5	76
23/01/2025	15	1	1	3	3	5	76
23/01/2025	16	1	1	3	2	4	74
23/01/2025	17	3	1	4	9	5	70
23/01/2025	18	6	1	18	14	20	55
23/01/2025	19	8	4	28	17	34	48
23/01/2025	20	11	13	33	22	53	41
23/01/2025	21	15	15	32	22	55	40
23/01/2025	22	13	14	24	17	46	40
23/01/2025	23	9	1	11	10	14	47
24/01/2025	00	8	1	7	9	8	49
24/01/2025	01	7	1	6	8	8	49
24/01/2025	02	5	1	5	6	6	51
24/01/2025	03	5	1	5	6	7	47
24/01/2025	04	4	1	6	5	8	47
24/01/2025	05	5	1	4	5	6	45
24/01/2025	06	5	2	9	6	12	42
24/01/2025	07	5	3	11	7	16	41
24/01/2025	08	8	35	17	14	72	40
24/01/2025	09	10	29	19	18	63	42
24/01/2025	10	10	10	12	18	28	50
24/01/2025	12	7	2	3	8	6	65
24/01/2025	13	4	1	3	5	5	78
24/01/2025	14	3	1	3	4	5	84
24/01/2025	15	2	1	4	3	6	90
24/01/2025	16	2	1	3	3	5	96
24/01/2025	17	4	1	5	8	6	92
24/01/2025	18	8	1	17	17	19	63
24/01/2025	19	9	1	17	19	19	59
24/01/2025	20	13	2	25	29	29	39
24/01/2025	21	17	7	35	29	45	14
24/01/2025	22	21	2	24	30	27	18
24/01/2025	23	21	2	16	25	19	17
25/01/2025	00	17	1	11	21	13	19
25/01/2025	01	18	2	12	25	14	10
25/01/2025	02	14	8	10	17	22	11
25/01/2025	03	12	3	9	15	14	13
25/01/2025	04	11	1	8	14	10	12
25/01/2025	05	9	1	7	12	9	11
25/01/2025	06	9	2	8	12	11	9
25/01/2025	07	9	3	6	11	9	14
25/01/2025	08	10	5	8	13	15	11
25/01/2025	09	16	10	12	22	27	17
25/01/2025	10	18	9	14	23	27	21
25/01/2025	11	19	7	12	27	23	24
25/01/2025	12	14	6	12	19	20	59
25/01/2025	13	7	1	3	9	5	90
25/01/2025	14	4	1	2	6	4	98
25/01/2025	15	3	1	2	4	3	99
25/01/2025	16	1	1	2	1	3	96
25/01/2025	17	1	1	2	1	3	91
25/01/2025	18	1	1	2	1	3	86
25/01/2025	19	1	1	2	1	3	94
25/01/2025	20	1	1	2	1	3	92
25/01/2025	21	1	1	2	1	3	92
25/01/2025	22	3	1	2	4	3	86
25/01/2025	23	2	1	2	3	3	81
26/01/2025	00	3	1	2	4	3	78
26/01/2025	01	5	2	6	7	9	58
26/01/2025	02	3	4	10	5	16	58
26/01/2025	03	8	10	19	11	34	41
26/01/2025	04	6	3	12	6	17	27
26/01/2025	05	7	11	16	9	33	23
26/01/2025	06	6	4	14	6	21	23
26/01/2025	07	7	2	10	9	14	20
26/01/2025	08	6	4	11	8	17	23
26/01/2025	09	11	6	11	13	20	34
26/01/2025	10	7	2	6	7	9	74
26/01/2025	11	8	1	3	9	5	85
26/01/2025	12	6	1	2	7	3	95
26/01/2025	13	2	1	2	3	3	103
26/01/2025	14	3	1	2	3	3	107
26/01/2025	15	2	1	2	2	3	103
26/01/2025	16	13	1	3	15	4	102
26/01/2025	17	4	1	5	6	7	92
26/01/2025	18	5	2	13	8	15	76
26/01/2025	19	7	1	8	9	10	77
26/01/2025	20	9	1	10	12	12	59
26/01/2025	21	12	1	6	14	8	62
26/01/2025	22	11	1	6	14	7	57
26/01/2025	23	14	1	9	17	9	40
27/01/2025	00	11	1	7	13	8	52
27/01/2025	01	8	2	4	9	6	60
27/01/2025	02	6	1	2	6	4	68
27/01/2025	03	5	1	2	6	3	68
27/01/2025	04	3	1	2	4	3	68
27/01/2025	05	3	1	2	3	3	66
27/01/2025	06	2	1	3	2	5	60
27/01/2025	07	4	1	7	6	9	55
27/01/2025	08	2	1	8	5	10	53
27/01/2025	09	3	1	6	7	8	56
27/01/2025	10	2	2	3	9	6	62
27/01/2025	11	1	1	2	5	3	71
27/01/2025	12	2	1	2	9	3	73
27/01/2025	13	5	1	2	52	4	72
27/01/2025	14	5	1	3	36	4	67
27/01/2025	15	6	1	4	41	5	63
27/01/2025	16	2	1	4	9	4	58
27/01/2025	17	2	1	4	10	5	56
27/01/2025	18	1	1	3	3	5	65
27/01/2025	19	1	1	3	1	4	60
27/01/2025	20	1	1	3	1	3	54
27/01/2025	21	1	1	3	1	5	56
27/01/2025	22	1	1	2	5	4	66
27/01/2025	23	1	1	2	8	3	76
28/01/2025	00	2	1	2	14	3	81
28/01/2025	01	2	1	2	13	3	83
28/01/2025	02	2	1	2	5	3	84
28/01/2025	03	3	1	2	10	3	85
28/01/2025	04	2	1	2	3	3	88
28/01/2025	05	2	1	2	3	3	83
28/01/2025	06	2	1	2	4	3	79
28/01/2025	07	2	1	2	5	3	75
28/01/2025	08	4			7		66
28/01/2025	09	2			3		67
28/01/2025	10	1			4		74
28/01/2025	11	1			2		66
28/01/2025	12	3			11		68
28/01/2025	13	1			5		75
28/01/2025	14	2			7		78
28/01/2025	15	1			5		79
28/01/2025	16	1			3		78
28/01/2025	17	1			2		81
28/01/2025	18	1			2		75
28/01/2025	19	1			3		70
28/01/2025	20	1			1		70
28/01/2025	21	1			2		75
28/01/2025	22	1			2		77
28/01/2025	23	1			2		76
29/01/2025	00	2			2		75
29/01/2025	01	2	1	11	2	13	72
29/01/2025	02	2	1	13	2	15	66
29/01/2025	03	2	1	13	2	15	68
29/01/2025	04	2	1	9	2	11	71
29/01/2025	05	3	1	8	3	10	71
29/01/2025	06	3	1	10	4	12	69
29/01/2025	07	4	1	14	7	16	64
29/01/2025	08	5	1	21	12	23	49
29/01/2025	09	6	1	29	13	31	39
29/01/2025	10	10	1	31	17	33	37
29/01/2025	11	17	1	31	21	33	42
29/01/2025	12	4	1	23	7	25	54
29/01/2025	13	3	1	19	6	21	62
29/01/2025	14	3	1	13	3	15	73
29/01/2025	15	3	1	8	4	10	78
29/01/2025	16	3	1	9	6	11	77
29/01/2025	17	3	1	11	8	13	70
29/01/2025	18	4	1	14	10	16	64
29/01/2025	19	4	1	19	9	20	59
29/01/2025	20	6	1	23	12	25	49
29/01/2025	21	6	1	29	11	31	44
29/01/2025	22	5	1	22	10	23	50
29/01/2025	23	1	1	15	2	16	63
30/01/2025	00	1	1	12	1	14	67
30/01/2025	01	1	1	13	2	15	65
30/01/2025	02	2	1	17	2	18	58
30/01/2025	03	3	1	18	3	20	58
30/01/2025	04	3	1	12	4	13	64
30/01/2025	05	2	1	9	2	10	66
30/01/2025	06	2	1	8	2	10	67
30/01/2025	07	2	1	8	2	10	66
30/01/2025	08	2	1	8	3	10	64
30/01/2025	09	2	1	11	2	13	62
30/01/2025	10	2	1	8	3	10	68
30/01/2025	11	1	1	4	2	6	78
30/01/2025	12	1	1	2	1	3	82
30/01/2025	13	1	1	2	2	3	83
30/01/2025	14	1	1	2	4	3	84
30/01/2025	15	1	1	2	2	3	83
30/01/2025	16	1	1	2	2	3	81
30/01/2025	17	1	1	2	2	3	79
30/01/2025	18	1	1	2	3	3	77
30/01/2025	19	1	1	2	2	3	79
30/01/2025	20	1	1	2	1	3	78
30/01/2025	21	1	1	2	2	3	78
30/01/2025	22	1	1	2	1	3	77
30/01/2025	23	1	1	2	1	3	76
31/01/2025	00	1	1	2	1	3	69
31/01/2025	01	1	1	2	1	3	63
31/01/2025	02	1	1	2	1	4	64
31/01/2025	03	1	1	2	1	3	67
31/01/2025	04	1	1	2	1	3	70
31/01/2025	05	1	1	2	1	3	66
31/01/2025	06	1	1	2	2	3	62
31/01/2025	07	1	1	3	1	5	58
31/01/2025	08	3	2	9	8	11	46
31/01/2025	09	5	1	6	8	8	57
31/01/2025	10	3	1	3	5	4	65
31/01/2025	11	2	1	2	3	3	74
31/01/2025	12	2	1	2	3	3	80
31/01/2025	13	3	1	2	5	3	84
31/01/2025	14	2	1	2	3	3	89
31/01/2025	15	2	1	2	3	3	91
31/01/2025	16	3	1	2	17	3	93
31/01/2025	17	2	1	2	4	3	86
31/01/2025	18	3	1	5	7	7	64
31/01/2025	19	4	1	10	7	12	59
31/01/2025	20	7	1	10	11	12	50
31/01/2025	21	8	2	10	12	13	46
31/01/2025	22	12	1	11	15	13	34
31/01/2025	23	13	1	11	17	13	20
01/02/2025	00	14	2	15	18	18	10
01/02/2025	01	12	2	14	15	17	13
01/02/2025	02	11	1	8	12	10	16
01/02/2025	03	9	1	4	10	6	15
01/02/2025	04	6	1	4	7	5	16
01/02/2025	05	6	1	3	7	5	15
01/02/2025	06	6	1	6	7	8	14
01/02/2025	07	5	3	8	6	12	13
01/02/2025	08	8	9	13	14	26	14
01/02/2025	09	11	11	13	19	29	31
01/02/2025	10	4	2	3	6	6	62
01/02/2025	11	7	2	3	9	5	69
01/02/2025	12	3	1	2	5	3	75
01/02/2025	13	2	1	2	3	3	80
01/02/2025	14	2	1	2	3	3	80
01/02/2025	15	3	1	2	7	3	81
01/02/2025	16	3	1	2	6	3	80
01/02/2025	17	3	1	2	4	3	81
01/02/2025	18	3	1	2	8	3	75
01/02/2025	19	3	1	2	3	3	68
01/02/2025	20	2	1	2	2	3	64
01/02/2025	21	6	1	2	6	3	53
01/02/2025	22	3	1	2	3	4	58
01/02/2025	23	4	1	2	4	3	48
02/02/2025	00	5	1	2	5	3	44
02/02/2025	01	5	1	2	5	3	53
02/02/2025	02	4	1	2	4	3	53
02/02/2025	03	5	1	2	5	3	44
02/02/2025	04	4	1	2	4	3	43
02/02/2025	05	4	1	2	4	3	41
02/02/2025	06	4	1	2	4	3	37
02/02/2025	07	3	1	2	3	3	44
02/02/2025	08	6	1	4	6	6	38
02/02/2025	09	8	2	4	8	7	46
02/02/2025	10	4	1	2	5	3	59
02/02/2025	11	3	2	2	4	4	65
02/02/2025	12	2	1	2	2	3	74
02/02/2025	13	2	1	2	2	3	78
02/02/2025	14	2	1	2	2	3	81
02/02/2025	15	2	1	2	2	3	84
02/02/2025	16	1	1	2	2	3	86
02/02/2025	17	2	1	2	2	3	81
02/02/2025	18	5	1	3	8	4	64
02/02/2025	19	5	2	10	5	12	58
02/02/2025	20	5	1	3	5	5	65
02/02/2025	21	4	1	3	4	4	68
02/02/2025	22	5	1	2	7	3	56
02/02/2025	23	7	1	2	8	4	48
03/02/2025	00	10	1	2	11	3	33
03/02/2025	01	9	1	2	9	3	25
03/02/2025	02	6	2	2	6	4	27
03/02/2025	03	5	1	2	5	3	25
03/02/2025	04	5	1	2	5	3	23
03/02/2025	05	5	1	3	6	5	20
03/02/2025	06	6	4	9	7	15	11
03/02/2025	07	8	7	13	10	23	9
03/02/2025	08	13	28	17	17	60	10
03/02/2025	09	13	29	18	18	63	18
03/02/2025	10	14	16	15	22	39	28
03/02/2025	11	9	3	5	11	10	58
03/02/2025	12	5	2	2	7	5	72
03/02/2025	13	5	1	2	6	3	81
03/02/2025	14	5	1	2	5	4	83
03/02/2025	15	3	1	2	4	3	85
03/02/2025	16	3	1	2	4	4	83
03/02/2025	17	3	1	2	6	4	84
03/02/2025	18	6	1	3	7	5	77
03/02/2025	19	6	1	4	14	6	74
03/02/2025	20	6	1	5	7	6	60
03/02/2025	21	9	1	8	11	10	41
03/02/2025	22	12	1	11	16	13	30
03/02/2025	23	14	1	11	16	13	20
04/02/2025	00	13	1	9	14	11	17
04/02/2025	01	13	1	7	14	9	17
04/02/2025	02	7	12	7	8	25	13
04/02/2025	03	9	5	9	10	16	5
04/02/2025	04	7	1	7	8	9	9
04/02/2025	05	6	1	7	6	9	15
04/02/2025	06	6	2	10	7	13	7
04/02/2025	07	6	6	14	9	24	5
04/02/2025	08	13	23	20	17	55	9
04/02/2025	09	12	12	15	15	34	25
04/02/2025	10	17	9	13	21	26	43
04/02/2025	11	8	4	6	10	12	63
04/02/2025	12	6	2	3	7	7	78
04/02/2025	13	4	1	2	7	3	93
04/02/2025	14	2	1	2	4	3	96
04/02/2025	15	2	1	2	4	3	98
04/02/2025	16	2	1	2	4	3	96
04/02/2025	17	3	1	2	7	3	91
04/02/2025	18	7	2	16	15	20	61
04/02/2025	19	6	1	13	8	15	65
04/02/2025	20	9	2	13	12	15	45
04/02/2025	21	12	1	12	17	13	33
04/02/2025	22	16	2	18	21	21	13
04/02/2025	23	14	1	10	17	12	21
05/02/2025	00	10	1	4	11	6	27
05/02/2025	01	7	1	3	8	4	27
05/02/2025	02	6	1	5	7	7	20
05/02/2025	03	5	1	4	6	6	21
05/02/2025	04	5	1	3	5	5	21
05/02/2025	05	4	1	4	5	5	18
05/02/2025	06	6	2	10	7	13	12
05/02/2025	07	7	8	14	9	26	7
05/02/2025	08	13	23	20	17	54	7
05/02/2025	09	24	16	20	30	44	22
05/02/2025	10	12	11	9	18	26	38
05/02/2025	11	9	4	5	18	11	54
05/02/2025	12	6	2	2	10	6	77
05/02/2025	13	5	1	2	12	3	90
05/02/2025	14	4	1	2	7	3	95
05/02/2025	15	4	1	2	6	3	97
05/02/2025	16	5	1	2	11	4	96
05/02/2025	17	6	1	5	14	7	90
05/02/2025	18	7	1	9	14	10	78
05/02/2025	19	9	1	11	20	13	65
05/02/2025	20	10	5	12	14	20	61
05/02/2025	21	14	1	12	21	14	45
05/02/2025	22	18	1	15	23	17	27
05/02/2025	23	16	1	9	19	10	29
06/02/2025	00	12	1	4	14	6	26
06/02/2025	01	10	1	2	12	3	27
06/02/2025	02	10	1	3	11	3	21
06/02/2025	03	10	3	8	12	13	13
06/02/2025	04	9	2	4	10	7	18
06/02/2025	05	10	2	9	13	12	6
06/02/2025	06	19	12	13	108	31	6
06/02/2025	07	47	10	16	395	32	3
06/02/2025	08	30	18	16	322	44	5
06/02/2025	09	32	36	22	97	76	11
06/02/2025	10	26	16	17	29	42	31
06/02/2025	11	21	5	9	28	17	56
06/02/2025	12	16	2	5	18	9	81
06/02/2025	13	8	2	2	11	5	94
06/02/2025	14	6	2	2	10	4	99
06/02/2025	15	7	1	2	20	4	100
06/02/2025	16	5	1	2	12	4	95
06/02/2025	17	7	1	4	13	6	89
06/02/2025	18	7	1	8	12	9	77
06/02/2025	19	8	1	12	12	13	69
06/02/2025	20	11	2	9	15	12	69
06/02/2025	21	13	1	8	17	10	64
06/02/2025	22	16	1	9	20	10	46
06/02/2025	23	13	1	6	15	7	58
07/02/2025	00	22	1	8	24	9	19
07/02/2025	01	18	1	7	21	9	16
07/02/2025	02	17	7	8	20	19	10
07/02/2025	03	17	11	9	18	27	3
07/02/2025	04	15	2	5	17	9	11
07/02/2025	05	15	1	5	16	7	8
07/02/2025	06	16	4	8	18	15	3
07/02/2025	07	21	9	13	85	26	9
07/02/2025	08	32	7	15	238	26	20
07/02/2025	09	29	3	5	294	9	42
07/02/2025	10	31	3	5	153	10	38
07/02/2025	11	27	10	15	34	29	35
07/02/2025	12	16	6	6	23	15	68
07/02/2025	13	8	2	2	11	3	84
07/02/2025	14	9	1	2	16	4	89
07/02/2025	15	9	3	5	20	10	87
07/02/2025	16	9	1	4	18	6	91
07/02/2025	17	12	1	6	19	7	88
07/02/2025	18	10	1	9	17	11	76
07/02/2025	19	8	1	9	14	11	72
07/02/2025	20	10	1	4	14	6	76
07/02/2025	21	11	1	3	15	5	73
07/02/2025	22	15	1	4	19	6	67
07/02/2025	23	16	1	3	19	4	67
08/02/2025	00	20	1	3	25	5	60
08/02/2025	01	19	1	4	23	6	57
08/02/2025	02	19	1	6	24	8	36
08/02/2025	03	11	1	6	13	8	56
08/02/2025	04	2	1	2	2	3	66
08/02/2025	05	3	1	3	4	4	53
08/02/2025	06	5	1	6	6	9	41
08/02/2025	07	6	2	8	8	10	34
08/02/2025	08	2	1	2	2	3	60
08/02/2025	09	2	1	2	3	3	68
08/02/2025	10	3	1	2	4	3	69
08/02/2025	11	2	1	2	3	3	71
08/02/2025	12	3	1	2	4	3	73
08/02/2025	13	2	1	2	4	3	77
08/02/2025	14	2	1	2	4	3	78
08/02/2025	15	2	1	2	3	3	79
08/02/2025	16	3	1	2	4	3	78
08/02/2025	17	3	1	2	5	3	77
08/02/2025	18	4	1	2	9	3	74
08/02/2025	19	7	1	5	9	7	66
08/02/2025	20	9	1	8	16	10	53
08/02/2025	21	13	1	16	20	18	37
08/02/2025	22	19	1	17	24	18	27
08/02/2025	23	19	2	18	26	20	18
09/02/2025	00	18	1	10	20	13	26
09/02/2025	01	18	1	6	21	8	20
09/02/2025	02	13	1	5	15	5	19
09/02/2025	03	8	1	2	9	3	26
09/02/2025	04	10	1	2	11	4	19
09/02/2025	05	8	1	2	9	3	21
09/02/2025	06	7	1	2	8	3	20
09/02/2025	07	7	1	2	8	3	16
09/02/2025	08	18	4	6	21	13	12
09/02/2025	09	14	10	11	17	27	20
09/02/2025	10	14	4	2	16	9	50
09/02/2025	11	7	2	2	10	5	60
09/02/2025	12	6	2	2	9	4	71
09/02/2025	13	5	1	2	7	3	78
09/02/2025	14	3	1	2	4	3	78
09/02/2025	15	3	1	2	3	3	77
09/02/2025	16	2	1	2	4	4	77
09/02/2025	17	5	1	3	10	5	78
09/02/2025	18	5	1	5	8	7	73
09/02/2025	19	6	2	6	8	8	66
09/02/2025	20	8	1	3	9	4	68
09/02/2025	21	10	1	2	11	4	64
09/02/2025	22	12	1	2	13	3	59
09/02/2025	23	13	1	3	16	4	37
10/02/2025	00	14	1	3	15	5	27
10/02/2025	01	12	1	2	14	4	21
10/02/2025	02	10	5	4	11	11	17
10/02/2025	03	10	1	2	13	3	25
10/02/2025	04	15	1	2	59	3	17
10/02/2025	05	9	1	2	16	3	17
10/02/2025	06	16	2	6	135	8	15
10/02/2025	07	21	3	11	240	15	6
10/02/2025	08	12	7	15	28	26	7
10/02/2025	09	12	8	6	14	18	16
10/02/2025	10	18	15	23	25	45	8
10/02/2025	11	22	16	21	33	45	21
10/02/2025	13	6	1	3	9	5	79
10/02/2025	14	5	1	4	7	6	84
10/02/2025	15	3	1	2	6	4	88
10/02/2025	16	4	1	3	7	5	87
10/02/2025	17	4	1	3	8	5	82
10/02/2025	18	5	1	5	12	7	74
10/02/2025	19	6	1	9	11	11	65
10/02/2025	20	7	1	7	10	9	61
10/02/2025	21	8	1	5	9	7	64
10/02/2025	22	7	1	5	8	7	68
10/02/2025	23	9	1	2	11	4	50
11/02/2025	00	12	1	2	14	3	30
11/02/2025	01	11	1	2	12	3	22
11/02/2025	02	10	4	2	12	7	23
11/02/2025	03	12	1	2	14	3	26
11/02/2025	04	10	1	2	11	3	28
11/02/2025	05	10	1	2	12	4	29
11/02/2025	06	12	1	5	17	6	21
11/02/2025	07	11	2	13	17	16	13
11/02/2025	08	13	3	12	20	17	16
11/02/2025	09	24	6	11	29	20	37
11/02/2025	10	11	2	2	12	3	74
11/02/2025	11	9	1	2	11	3	76
11/02/2025	12	8	1	2	10	3	81
11/02/2025	13	6	1	2	11	3	84
11/02/2025	14	7	1	2	13	4	87
11/02/2025	15	10	1	4	16	7	93
11/02/2025	16	9	1	4	16	6	91
11/02/2025	17	10	1	5	19	7	87
11/02/2025	18	11	1	8	18	9	79
11/02/2025	19	12	1	11	17	13	65
11/02/2025	20	13	1	6	15	8	68
11/02/2025	21	14	1	4	17	6	69
11/02/2025	22	16	1	2	17	4	70
11/02/2025	23	17	1	2	18	3	67
12/02/2025	00	16	1	2	17	3	65
12/02/2025	01	16	1	2	17	3	60
12/02/2025	02	15	3	6	16	11	54
12/02/2025	03	16	1	2	21	3	56
12/02/2025	04	34	1	2	324	3	60
12/02/2025	05	18	1	2	49	3	60
12/02/2025	06	21	1	2	146	3	52
12/02/2025	07	22	1	7	163	9	43
12/02/2025	08	62	2	9	646	12	29
12/02/2025	09	27	4	10	219	16	31
12/02/2025	10	23	16	22	29	46	25
12/02/2025	11	11	2	8	15	11	57
12/02/2025	12	2	1	2	4	4	74
12/02/2025	13	2	1	2	5	3	77
12/02/2025	14	1	1	2	6	3	78
12/02/2025	15	1	1	2	4	3	76
12/02/2025	16	2	1	2	4	3	73
12/02/2025	17	2	1	2	5	3	71
12/02/2025	18	3	1	2	8	3	66
12/02/2025	19	2	1	2	4	3	64
12/02/2025	20	3	1	2	4	3	58
12/02/2025	21	2	1	2	4	4	52
12/02/2025	22	2	1	2	3	3	50
12/02/2025	23	2	1	2	2	3	48
13/02/2025	00	2	1	2	2	3	46
13/02/2025	01	2	2	3	3	5	40
13/02/2025	02	3	1	2	5	3	43
13/02/2025	03	2	1	2	3	3	44
13/02/2025	04	5	1	2	6	3	41
13/02/2025	05	5	1	4	7	6	26
13/02/2025	06	4	1	4	5	6	37
13/02/2025	07	7	6	16	11	24	23
13/02/2025	08	8	4	11	17	17	30
13/02/2025	09	8	4	6	26	11	39
13/02/2025	10	5	3	3	13	6	53
13/02/2025	11	4	2	2	8	3	63
13/02/2025	12	2	1	2	7	3	74
13/02/2025	13	2	1	2	5	3	79
13/02/2025	14	1	1	2	2	3	85
13/02/2025	15	1	1	2	2	3	86
13/02/2025	16	2	1	2	5	3	86
13/02/2025	17	2	1	2	8	3	83
13/02/2025	18	3	1	2	8	4	
13/02/2025	19	5	1	7	11	8	64
13/02/2025	20	5	1	6	8	8	63
13/02/2025	21	7	1	4	10	6	59
13/02/2025	22	13	1	4	16	4	47
13/02/2025	23	10	1	4	14	5	34
14/02/2025	00	11	4	7	15	14	20
14/02/2025	01	11	4	11	16	17	10
14/02/2025	02	9	5	5	11	13	15
14/02/2025	03	7	2	8	9	11	15
14/02/2025	04	7	1	4	8	5	16
14/02/2025	05	7	1	4	9	5	20
14/02/2025	06	9	3	13	13	18	11
14/02/2025	07	7	7	15	13	25	4
14/02/2025	08	14	32	17	66	67	4
14/02/2025	09	10	16	14	19	38	28
14/02/2025	10	9	4	8	18	14	51
14/02/2025	11	6	2	3	8	5	69
14/02/2025	12	4	1	2	8	3	78
14/02/2025	13	3	2	2	5	5	82
14/02/2025	14	1	1	2	2	4	85
14/02/2025	15	1	1	2	2	4	84
14/02/2025	16	1	2	3	2	6	83
14/02/2025	17	4	2	4	47	7	78
14/02/2025	18	8	2	6	47	9	61
14/02/2025	19	15	1	22	53	24	31
14/02/2025	20	27	16	32	53	57	10
14/02/2025	21	21	13	32	40	52	5
14/02/2025	22	18	10	25	33	40	5
14/02/2025	23	12	2	9	19	12	19
15/02/2025	00	10	1	6	16	7	22
15/02/2025	01	8	1	3	10	5	25
15/02/2025	02	6	1	2	9	4	23
15/02/2025	03	5	1	2	6	4	23
15/02/2025	04	4	1	2	5	3	25
15/02/2025	05	4	1	2	6	3	17
15/02/2025	06	4	1	3	6	5	15
15/02/2025	07	5	2	6	7	8	11
15/02/2025	08	11	6	8	26	16	10
15/02/2025	09	13	5	6	17	13	37
15/02/2025	10	10	3	4	17	9	45
15/02/2025	11	6	4	6	14	11	60
15/02/2025	12	4	2	3	11	6	79
15/02/2025	13	3	1	2	9	4	86
15/02/2025	14	3	1	3	11	5	91
15/02/2025	15	4	1	4	14	6	92
15/02/2025	16	5	1	5	10	7	86
15/02/2025	17	8	1	5	12	5	84
15/02/2025	18	12	1	6	15	7	78
15/02/2025	19	16	1	7	18	8	74
15/02/2025	20	20	1	6	25	8	67
15/02/2025	21	23	1	5	30	5	49
15/02/2025	22	25	1	5	27	6	34
15/02/2025	23	26	1	5	28	6	24
16/02/2025	00	26	1	4	34	4	14
16/02/2025	01	24	1	3	27	4	14
16/02/2025	02	22	1	2	26	4	13
16/02/2025	03	21	1	2	69	3	23
16/02/2025	04	27	1	2	176	3	31
16/02/2025	05	16	1	2	35	3	26
16/02/2025	06	27	1	2	326	3	31
16/02/2025	07	21	1	2	122	3	24
16/02/2025	08	16	2	3	28	7	16
16/02/2025	09	15	3	3	17	7	24
16/02/2025	10	19	3	2	26	7	39
16/02/2025	11	20	3	2	25	6	62
16/02/2025	12	11	1	2	20	5	82
16/02/2025	13	4	1	2	9	4	93
16/02/2025	14	3	1	3	8	4	95
16/02/2025	15	3	1	4	6	5	97
16/02/2025	16	3	1	5	9	6	96
16/02/2025	17	6	1	7	11	9	100
16/02/2025	18	8	1	8	12	9	91
16/02/2025	19	10	1	8	14	10	82
16/02/2025	20	12	1	8	16	9	75
16/02/2025	21	15	1	8	21	10	54
16/02/2025	22	21	1	11	39	13	35
16/02/2025	23	18	1	9	24	11	22
17/02/2025	00	17	1	5	22	7	19
17/02/2025	01	16	1	4	21	6	23
17/02/2025	02	12	1	3	16	5	37
17/02/2025	03	11	1	3	15	5	23
17/02/2025	04	10	1	2	14	4	27
17/02/2025	05	10	1	2	14	4	20
17/02/2025	06	10	1	7	16	9	12
17/02/2025	07	12	9	17	25	31	3
17/02/2025	08	18	28	19	64	62	6
17/02/2025	09	13	27	22	40	63	23
17/02/2025	10	11	3	4	19	9	60
17/02/2025	11	7	2	3	22	6	73
17/02/2025	12	7	2	2	28	5	84
17/02/2025	13	4	1	3	15	5	89
17/02/2025	14	4	1	2	13	4	92
17/02/2025	15	6	1	5	22	7	96
17/02/2025	16	9	1	7	31	9	95
17/02/2025	17	8	1	8	24	10	89
17/02/2025	18	8	1	11	21	13	81
17/02/2025	19	10	1	13	23	15	71
17/02/2025	20	11	1	11	21	13	71
17/02/2025	21	15	1	10	28	10	65
17/02/2025	22	15	1	14	29	16	32
17/02/2025	23	15	1	7	23	9	32
18/02/2025	00	17	1	4	24	6	33
18/02/2025	01	18	1	3	23	5	28
18/02/2025	02	18	1	3	21	5	25
18/02/2025	03	17	3	11	21	16	13
18/02/2025	04	17	1	5	20	7	22
18/02/2025	05	18	1	6	94	6	17
18/02/2025	06	20	2	12	43	16	10
18/02/2025	07	20	20	20	28	50	5
18/02/2025	08	22	16	19	32	44	6
18/02/2025	09	24	8	9	37	20	38
18/02/2025	10	22	8	10	33	22	57
18/02/2025	11	15	2	3	22	6	85
18/02/2025	12	11	2	2	17	4	95
18/02/2025	13	9	1	3	19	5	104
18/02/2025	14	11	1	4	24	6	109
18/02/2025	15	11	1	5	20	7	109
18/02/2025	16	12	1	5	20	7	108
18/02/2025	17	11	1	5	25	7	104
18/02/2025	18	14	1	7	23	9	88
18/02/2025	19	23	1	8	39	10	65
18/02/2025	20	22	1	6	27	7	73
18/02/2025	21	20	1	3	22	4	77
18/02/2025	22	20	1	2	21	3	78
18/02/2025	23	21	1	2	23	3	58
19/02/2025	00	22	1	2	25	4	48
19/02/2025	01	20	3	2	21	6	38
19/02/2025	02	22	3	11	25	15	21
19/02/2025	03	21	1	8	24	10	20
19/02/2025	04	19	1	5	21	6	21
19/02/2025	05	18	1	4	20	5	28
19/02/2025	06	19	1	7	22	8	31
19/02/2025	07	20	11	18	25	34	10
19/02/2025	08	24	15	19	42	42	6
19/02/2025	09	21	10	12	29	27	23
19/02/2025	10	20	5	8	31	15	43
19/02/2025	11	18	5	6	34	15	51
19/02/2025	12	10	2	5	25	9	81
19/02/2025	13	11	1	3	56	5	90
19/02/2025	14	8	1	5	29	7	94
19/02/2025	15	7	1	6	12	8	94
19/02/2025	16	11	2	9	29	12	92
19/02/2025	17	15	1	11	29	13	89
19/02/2025	18	18	1	12	31	13	83
19/02/2025	19	21	1	12	41	13	71
19/02/2025	20	22	1	8	29	9	70
19/02/2025	21	20	1	4	21	5	74
19/02/2025	22	19	1	2	19	4	79
19/02/2025	23	20	1	2	21	3	75
20/02/2025	00	20	1	2	22	3	64
20/02/2025	01	20	1	2	22	3	58
20/02/2025	02	22	4	11	24	17	28
20/02/2025	03	20	1	5	22	7	30
20/02/2025	04	18	1	2	20	4	35
20/02/2025	05	17	1	6	18	8	29
20/02/2025	06	18	2	6	24	9	30
20/02/2025	07	20	2	14	28	16	19
20/02/2025	08	20	3	10	28	15	36
20/02/2025	09	20	2	9	24	12	51
20/02/2025	10	21	2	4	26	7	58
20/02/2025	11	21	2	3	29	6	65
20/02/2025	12	18	2	3	29	6	78
20/02/2025	13	14	1	3	23	5	87
20/02/2025	14	14	2	6	25	8	95
20/02/2025	15	16	2	8	29	12	100
20/02/2025	16	19	1	6	30	8	103
20/02/2025	17	21	1	7	31	9	94
20/02/2025	18	23	1	8	31	10	87
20/02/2025	19	24	1	8	31	10	79
20/02/2025	20	26	1	6	32	8	68
20/02/2025	21	28	1	5	36	7	63
20/02/2025	22	31	1	8	39	10	46
20/02/2025	23	30	1	4	35	6	67
21/02/2025	00	29	1	2	32	3	70
21/02/2025	01	29	1	2	34	3	74
21/02/2025	02	27	1	2	30	4	71
21/02/2025	03	24	1	2	26	3	77
21/02/2025	04	21	1	2	23	3	79
21/02/2025	05	20	1	2	22	3	71
21/02/2025	06	19	1	2	23	3	64
21/02/2025	07	20	1	4	29	6	59
21/02/2025	08	21	2	4	27	8	63
21/02/2025	09	18	1	3	26	4	82
21/02/2025	10	16	1	2	23	3	89
21/02/2025	11	15	1	2	26	3	93
21/02/2025	12	15	1	2	25	3	95
21/02/2025	13	17	1	2	26	4	99
21/02/2025	14	18	1	3	27	5	101
21/02/2025	15	19	8	12	28	23	91
21/02/2025	16	15	1	3	27	5	100
21/02/2025	17	14	1	3	22	5	97
21/02/2025	18	13	1	3	18	5	91
21/02/2025	19	14	1	3	17	4	86
21/02/2025	20	15	1	2	18	3	86
21/02/2025	21	17	1	2	20	3	87
21/02/2025	22	17	1	2	19	3	89
21/02/2025	23	16	1	2	17	3	88
22/02/2025	00	17	1	2	19	3	85
22/02/2025	01	16	1	2	18	3	82
22/02/2025	02	16	1	2	20	3	78
22/02/2025	03	15	1	2	18	3	86
22/02/2025	04	15	1	2	20	3	78
22/02/2025	05	16	1	2	22	3	55
22/02/2025	06	17	1	4	22	6	42
22/02/2025	07	17	1	4	22	6	46
22/02/2025	08	18	1	3	26	5	48
22/02/2025	09	19	1	3	27	5	54
22/02/2025	10	16	1	3	21	5	69
22/02/2025	11	14	1	2	25	3	77
22/02/2025	12	8	1	2	12	3	84
22/02/2025	13	7	1	2	12	3	79
22/02/2025	14	2	1	2	7	3	68
22/02/2025	15	1	1	2	2	3	77
22/02/2025	16	1	1	2	3	3	75
22/02/2025	17	2	1	2	3	3	71
22/02/2025	18	3	1	2	14	3	74
22/02/2025	19	17	1	8	79	10	48
22/02/2025	20	15	1	14	28	15	38
22/02/2025	21	13	1	10	28	12	46
22/02/2025	22	8	1	3	11	5	56
22/02/2025	23	7	1	2	9	3	75
23/02/2025	00	3	1	2	6	3	79
23/02/2025	01	1	1	2	2	3	78
23/02/2025	02	1	1	2	1	3	78
23/02/2025	03	1	1	2	1	3	73
23/02/2025	04	1	1	2	1	3	65
23/02/2025	05	2	1	2	2	3	61
23/02/2025	06	2	1	2	2	3	66
23/02/2025	07	3	1	2	3	3	61
23/02/2025	08	5	1	2	5	3	57
23/02/2025	09	8	1	2	9	3	66
23/02/2025	10	5	1	2	5	3	72
23/02/2025	11	3	1	2	3	3	80
23/02/2025	12	3	1	2	3	3	81
23/02/2025	13	5	1	2	5	3	79
23/02/2025	14	4	1	2	5	3	78
23/02/2025	15	5	1	2	5	3	78
23/02/2025	16	5	1	2	5	3	78
23/02/2025	17	5	1	2	5	3	76
23/02/2025	18	6	1	2	6	3	73
23/02/2025	19	5	1	3	6	4	66
23/02/2025	20	9	1	5	10	7	52
23/02/2025	21	8	1	3	10	5	49
23/02/2025	22	11	1	5	15	7	27
23/02/2025	23	9	1	5	10	8	25
24/02/2025	00	9	1	2	10	4	18
24/02/2025	01	7	1	2	7	3	22
24/02/2025	02	7	2	2	7	4	20
24/02/2025	03	7	1	2	8	3	23
24/02/2025	04	8	1	2	8	3	11
24/02/2025	05	7	1	2	10	4	9
24/02/2025	06	5	4	7	6	12	7
24/02/2025	07	9	13	10	14	30	2
24/02/2025	08	13	28	12	22	54	5
24/02/2025	09	14	21	13	22	46	12
24/02/2025	10	9	13	9	12	30	40
24/02/2025	11	7	2	3	12	6	68
24/02/2025	12	4	2	2	7	4	81
24/02/2025	13	3	1	2	5	3	84
24/02/2025	14	2	1	2	3	3	84
24/02/2025	15	2	1	2	5	3	85
24/02/2025	16	2	1	2	6	3	85
24/02/2025	17	3	1	2	10	3	82
24/02/2025	18	4	1	3	9	4	74
24/02/2025	19	11	1	12	29	14	54
24/02/2025	20	11	1	11	20	13	55
24/02/2025	21	12	1	11	19	13	49
24/02/2025	22	10	1	10	16	11	45
24/02/2025	23	10	1	6	15	8	40
25/02/2025	00	11	1	8	15	10	27
25/02/2025	01	9	1	9	12	11	34
25/02/2025	02	5	1	5	6	7	50
25/02/2025	03	3	1	2	4	3	65
25/02/2025	04	4	1	2	5	3	56
25/02/2025	05	4	1	2	6	4	50
25/02/2025	06	6	2	4	14	6	55
25/02/2025	07	4	1	2	6	3	67
25/02/2025	08	3	1	2	5	3	69
25/02/2025	09	4	1	2	7	3	70
25/02/2025	10	3	2	2	6	4	70
25/02/2025	11	4	1	2	13	3	72
25/02/2025	12	4	1	2	17	3	73
25/02/2025	13	3	1	2	11	3	73
25/02/2025	14	4	1	2	9	3	72
25/02/2025	15	4	1	2	12	3	69
25/02/2025	16	3	1	2	7	3	70
25/02/2025	17	3	1	2	9	3	71
25/02/2025	18	3	1	2	11	3	69
25/02/2025	19	2	1	2	5	3	66
25/02/2025	20	2	1	2	3	3	64
25/02/2025	21	2	1	2	3	3	62
25/02/2025	22	3	1	2	4	3	63
25/02/2025	23	3	1	2	4	3	64
26/02/2025	00	3	1	2	4	3	55
26/02/2025	01	3	1	2	6	3	56
26/02/2025	02	3	5	5	4	12	59
26/02/2025	03	1	1	2	1	3	75
26/02/2025	04	1	1	2	2	3	72
26/02/2025	05	2	1	5	4	7	58
26/02/2025	06	4	1	6	11	8	52
26/02/2025	07	5	2	22	18	26	22
26/02/2025	08	10	10	20	32	35	18
26/02/2025	09	8	9	9	28	22	49
26/02/2025	10	5	2	2	15	3	73
26/02/2025	11	3	1	2	8	3	82
26/02/2025	12	2	1	2	4	3	87
26/02/2025	13	1	1	2	3	3	91
26/02/2025	14	1	1	2	2	3	94
26/02/2025	15	1	1	2	4	3	92
26/02/2025	16	1	1	2	4	3	90
26/02/2025	17	3	1	2	10	4	85
26/02/2025	18	4	2	4	12	7	77
26/02/2025	19	3	1	6	9	8	75
26/02/2025	20	4	1	3	7	5	74
26/02/2025	21	4	1	2	6	4	72
26/02/2025	22	8	1	3	13	3	55
26/02/2025	23	8	1	4	14	5	40
27/02/2025	00	8	1	4	13	4	33
27/02/2025	01	9	1	2	13	4	30
27/02/2025	02	8	1	7	12	8	14
27/02/2025	03	6	1	5	10	6	22
27/02/2025	04	5	1	4	9	6	18
27/02/2025	05	4	1	3	8	4	22
27/02/2025	06	6	3	9	15	13	6
27/02/2025	07	8	7	11	25	22	10
27/02/2025	08	10	4	13	38	19	20
27/02/2025	09	11	6	13	39	22	29
27/02/2025	10	9	6	13	24	21	38
27/02/2025	11	9	4	7	28	13	59
27/02/2025	12	7	2	2	19	5	74
27/02/2025	13	5	2	2	13	4	88
27/02/2025	14	5	2	2	12	4	93
27/02/2025	15	5	2	4	17	6	94
27/02/2025	16	4	2	3	14	5	95
27/02/2025	17	6	1	3	24	5	94
27/02/2025	18	5	1	3	13	5	90
27/02/2025	19	6	1	8	10	10	75
27/02/2025	20	7	1	7	13	8	69
27/02/2025	21	11	1	7	17	8	59
27/02/2025	22	12	1	8	22	10	42
27/02/2025	23	12	1	5	17	7	31
28/02/2025	00	12	1	5	19	6	29
28/02/2025	01	12	1	4	21	6	29
28/02/2025	02	13	8	6	15	19	27
28/02/2025	03	14	3	8	15	12	26
28/02/2025	04	13	1	5	14	7	41
28/02/2025	05	12	1	2	13	4	46
28/02/2025	06	13	1	4	17	6	36
28/02/2025	07	19	3	12	28	16	20
28/02/2025	08	17	9	18	25	31	19
28/02/2025	09	14	4	5	19	10	68
28/02/2025	10	12	3	2	23	5	83
28/02/2025	11	11	2	2	16	4	85
28/02/2025	12	12	2	2	29	4	89
28/02/2025	13	17	2	2	53	4	88
28/02/2025	14	18	1	2	59	4	92
28/02/2025	15	8	1	2	31	3	96
28/02/2025	16	6	1	2	30	3	97
28/02/2025	17	5	1	2	22	3	93
28/02/2025	18	4	1	2	10	3	86
28/02/2025	19	4	1	2	8	4	86
28/02/2025	20	5	1	2	12	3	86
28/02/2025	21	7	1	2	20	3	87
28/02/2025	22	5	1	2	6	3	87
28/02/2025	23	4	1	2	5	3	83
01/03/2025	00	3	1	2	3	3	83
01/03/2025	01	3	1	2	3	3	86
01/03/2025	02	3	1	2	3	3	86
01/03/2025	03	4	1	2	5	3	83
01/03/2025	04	5	1	2	6	3	84
01/03/2025	05	4	1	2	4	3	84
01/03/2025	06	4	1	2	5	3	84
01/03/2025	07	5	1	2	6	3	80
01/03/2025	08	6	1	2	8	3	79
01/03/2025	09	5	1	2	9	3	78
01/03/2025	10	4	1	2	10	3	79
01/03/2025	11	4	1	2	5	3	80
01/03/2025	12	3	1	2	4	3	81
01/03/2025	13	3	1	2	4	3	82
01/03/2025	14	4	1	2	4	3	81
01/03/2025	15	4	1	2	4	3	82
01/03/2025	16	4	1	2	4	3	81
01/03/2025	17	5	1	2	5	3	81
01/03/2025	18	4	1	2	5	3	81
01/03/2025	19	5	1	2	5	3	81
01/03/2025	20	5	1	2	5	3	80
01/03/2025	21	6	1	2	6	3	79
01/03/2025	22	4	1	2	4	3	82
01/03/2025	23	5	1	2	5	3	79
02/03/2025	00	3	1	2	3	3	83
02/03/2025	01	3	1	2	3	3	87
02/03/2025	02	3	1	2	3	3	85
02/03/2025	03	3	1	2	3	3	82
02/03/2025	04	4	1	2	4	3	80
02/03/2025	05	4	1	2	4	3	82
02/03/2025	06	3	1	2	3	3	77
02/03/2025	07	2	1	2	2	3	72
02/03/2025	08	2	1	2	2	3	73
02/03/2025	09	1	1	2	1	3	70
02/03/2025	10	2	1	2	2	3	68
02/03/2025	11	2	1	2	2	3	69
02/03/2025	12	2	1	2	2	3	72
02/03/2025	13	4	1	2	4	3	76
02/03/2025	14	4	1	2	4	3	78
02/03/2025	15	3	1	2	3	3	79
02/03/2025	16	2	1	2	2	3	79
02/03/2025	17	3	1	2	3	3	77
02/03/2025	18	3	1	2	3	3	74
02/03/2025	19	4	1	2	4	3	76
02/03/2025	20	4	1	2	4	3	76
02/03/2025	21	3	1	2	3	3	76
02/03/2025	22	3	1	2	3	3	76
02/03/2025	23	3	1	2	3	3	77
03/03/2025	00	3	1	2	3	3	77
03/03/2025	01	2	1	2	2	3	78
03/03/2025	02	2	1	2	2	3	71
03/03/2025	03	2	1	2	3	3	72
03/03/2025	04	3	1	2	3	3	79
03/03/2025	05	3	1	2	3	3	79
03/03/2025	06	3	1	2	3	4	64
03/03/2025	07	3	2	3	3	5	70
03/03/2025	08	4	1	2	5	3	77
03/03/2025	09	5	1	2	6	3	78
03/03/2025	10	4	1	2	5	3	82
03/03/2025	11	5	1	2	7	3	82
03/03/2025	12	6	2	2	8	3	84
03/03/2025	13	7	1	2	9	3	83
03/03/2025	14	8	1	2	10	3	82
03/03/2025	15	8	1	2	9	3	81
03/03/2025	16	8	1	2	10	3	84
03/03/2025	17	8	1	2	10	3	82
03/03/2025	18	8	1	2	9	3	78
03/03/2025	19	8	1	2	9	3	76
03/03/2025	20	7	1	2	8	3	77
03/03/2025	21	7	1	2	8	3	78
03/03/2025	22	7	1	2	8	3	82
03/03/2025	23	7	1	2	9	3	77
04/03/2025	00	8	1	2	10	3	78
04/03/2025	01	7	1	2	9	3	80
04/03/2025	02	7	1	2	8	3	81
04/03/2025	03	6	1	2	8	3	83
04/03/2025	04	6	1	2	7	3	80
04/03/2025	05	5	1	2	6	3	78
04/03/2025	06	6	1	2	7	3	77
04/03/2025	07	5	1	2	6	3	74
04/03/2025	08	7	1	2	7	3	77
04/03/2025	09	7	1	2	9	3	79
04/03/2025	10	7	1	2	7	3	80
04/03/2025	11	5	1	2	6	3	80
04/03/2025	12	4	1	2	5	3	80
04/03/2025	13	5	1	2	6	3	79
04/03/2025	14	5	1	2	6	3	80
04/03/2025	15	6	1	2	7	3	79
04/03/2025	16	6	1	2	7	3	79
04/03/2025	17	4	1	2	4	3	79
04/03/2025	18	4	1	2	5	3	77
04/03/2025	19	5	1	2	5	3	80
04/03/2025	20	4	1	2	4	3	78
04/03/2025	21	5	1	2	6	3	78
04/03/2025	22	8	1	2	9	3	82
04/03/2025	23	6	1	2	6	3	84
05/03/2025	00	5	1	2	6	3	84
05/03/2025	01	6	1	2	7	3	85
05/03/2025	02	7	1	2	8	3	87
05/03/2025	03	7	1	2	8	3	86
05/03/2025	04	6	1	2	6	3	87
05/03/2025	05	4	1	2	4	3	89
05/03/2025	06	3	1	2	3	3	86
05/03/2025	07	3	1	2	3	3	82
05/03/2025	08	4	1	2	4	3	83
05/03/2025	09	5	1	2	5	3	81
05/03/2025	10	5	1	2	5	3	81
05/03/2025	11	5	1	2	6	3	80
05/03/2025	12	5	1	2	5	3	81
05/03/2025	13	6	1	2	7	3	80
05/03/2025	14	4	1	2	4	3	78
05/03/2025	15	5	1	2	5	3	77
05/03/2025	16	6	1	2	6	3	79
05/03/2025	17	4	1	2	4	3	80
05/03/2025	18	5	1	2	5	3	77
05/03/2025	19	7	1	2	8	3	74
05/03/2025	20	6	1	2	7	3	73
05/03/2025	21	10	1	2	11	3	76
05/03/2025	22	10	1	2	11	3	77
05/03/2025	23	10	1	2	13	3	77
06/03/2025	00	12	1	2	17	3	80
06/03/2025	01	12	1	2	17	3	81
06/03/2025	02	11	1	2	14	3	80
06/03/2025	03	10	1	2	12	3	79
06/03/2025	04	10	1	2	11	3	79
06/03/2025	05	9	1	2	10	3	78
06/03/2025	06	8	1	2	9	3	77
06/03/2025	07	9	1	2	10	3	74
06/03/2025	08	9	1	2	10	3	77
06/03/2025	09	9	1	2	11	3	77
06/03/2025	10	8	2	2	10	3	78
06/03/2025	11	9	2	2	11	3	78
06/03/2025	12	10	1	2	13	3	76
06/03/2025	13	8	1	2	9	3	76
06/03/2025	14	7	1	2	9	3	78
06/03/2025	15	6	1	2	6	3	77
06/03/2025	16	5	1	2	5	3	78
06/03/2025	17	5	1	2	5	3	79
06/03/2025	18	3	1	2	3	3	76
06/03/2025	19	4	1	2	5	3	76
06/03/2025	20	4	1	2	4	3	77
06/03/2025	21	6	1	2	6	3	80
06/03/2025	22	7	1	2	7	3	79
06/03/2025	23	4	1	2	4	3	81
07/03/2025	00	5	1	2	6	3	81
07/03/2025	01	7	1	2	7	3	82
07/03/2025	02	6	1	2	7	3	81
07/03/2025	03	7	1	2	7	3	83
07/03/2025	04	4	1	2	4	3	76
07/03/2025	05	6	1	2	6	3	77
07/03/2025	06	5	1	2	6	3	73
07/03/2025	07	4	1	2	5	3	68
07/03/2025	08	13	1	4	13	6	62
07/03/2025	09	5	1	3	6	4	75
07/03/2025	10	7	1	2	8	3	81
07/03/2025	11	8	1	2	9	3	82
07/03/2025	12	8	1	2	9	3	82
07/03/2025	13	8	1	2	9	3	83
07/03/2025	14	7	1	2	8	3	80
07/03/2025	15	8	1	2	10	3	79
07/03/2025	16	7	1	2	9	3	81
07/03/2025	17	8	3	4	10	9	76
07/03/2025	18	8	1	2	10	4	82
07/03/2025	19	9	1	2	10	4	80
07/03/2025	20	9	1	2	10	3	76
07/03/2025	21	10	1	2	12	3	70
07/03/2025	22	9	1	2	11	3	71
07/03/2025	23	8	1	2	10	3	75
08/03/2025	00	9	1	2	11	3	70
08/03/2025	01	10	1	2	11	3	65
08/03/2025	02	6	1	2	7	3	64
08/03/2025	03	6	3	2	8	5	64
08/03/2025	04	7	1	2	7	3	68
08/03/2025	05	6	1	2	7	3	61
08/03/2025	06	8	1	2	9	3	54
08/03/2025	07	10	1	2	12	3	64
08/03/2025	08	11	1	2	12	3	65
08/03/2025	09	9	1	2	10	3	77
08/03/2025	10	7	1	2	9	3	82
08/03/2025	11	7	1	2	9	3	85
08/03/2025	12	7	1	2	9	3	87
08/03/2025	13	7	1	2	9	3	90
08/03/2025	14	5	1	2	8	3	92
08/03/2025	15	5	1	2	7	3	90
08/03/2025	16	5	1	2	6	3	90
08/03/2025	17	4	1	2	7	3	88
08/03/2025	18	6	1	2	9	3	86
08/03/2025	19	9	1	3	11	4	76
08/03/2025	20	6	1	2	7	3	84
08/03/2025	21	8	1	2	9	3	78
08/03/2025	22	7	1	2	7	3	76
08/03/2025	23	9	1	2	10	3	69
09/03/2025	00	4	1	2	5	3	68
09/03/2025	01	1	1	2	1	3	69
09/03/2025	02	1	1	2	2	3	63
09/03/2025	03	1	1	2	2	3	59
09/03/2025	04	1	1	2	1	3	62
09/03/2025	05	1	1	2	2	3	42
09/03/2025	06	2	1	2	2	3	32
09/03/2025	07	3	2	2	5	5	23
09/03/2025	08	4	3	4	6	9	29
09/03/2025	09	1	2	2	2	4	76
09/03/2025	10	1	1	2	1	3	85
09/03/2025	11	1	1	2	1	3	92
09/03/2025	12	1	1	2	1	3	92
09/03/2025	13	1	1	2	1	3	90
09/03/2025	14	1	1	2	1	3	89
09/03/2025	15	1	1	2	1	3	89
09/03/2025	16	1	1	2	1	3	88
09/03/2025	17	1	1	2	2	3	84
09/03/2025	18	1	1	2	1	3	84
09/03/2025	19	1	1	2	2	3	76
09/03/2025	20	3	1	3	4	5	65
09/03/2025	21	5	1	5	6	7	48
09/03/2025	22	7	1	7	8	9	29
09/03/2025	23	6	1	5	6	7	31
10/03/2025	00	5	1	2	5	3	31
10/03/2025	01	5	1	2	5	3	31
10/03/2025	02	4	1	2	4	3	23
10/03/2025	03	4	1	2	4	3	23
10/03/2025	04	3	1	2	3	3	37
10/03/2025	05	2	1	2	3	3	45
10/03/2025	06	2	1	4	2	5	46
10/03/2025	07	6	2	8	7	10	43
10/03/2025	08	4	4	10	6	16	35
10/03/2025	09	2	2	2	3	3	66
10/03/2025	10	1	1	2	1	3	75
10/03/2025	11	1	1	2	1	3	79
10/03/2025	12	1	6	4	1	12	81
10/03/2025	13	1	1	2	1	3	86
10/03/2025	14	1	1	2	1	3	88
10/03/2025	15	1	1	2	1	3	88
10/03/2025	16	1	1	2	1	3	86
10/03/2025	17	1	1	2	1	3	84
10/03/2025	18	2	1	2	5	4	73
10/03/2025	19	2	1	7	5	9	60
10/03/2025	20	2	1	4	5	6	69
10/03/2025	21	3	1	2	5	4	66
10/03/2025	22	3	1	2	4	4	65
10/03/2025	23	2	1	2	3	3	70
11/03/2025	00	2	1	2	3	3	65
11/03/2025	01	1	1	2	2	4	61
11/03/2025	02	1	1	2	2	3	58
11/03/2025	03	2	1	2	2	3	49
11/03/2025	04	2	1	2	3	3	42
11/03/2025	05	2	1	4	2	6	39
11/03/2025	06	3	2	11	4	15	19
11/03/2025	07	2	2	10	3	13	35
11/03/2025	08	1	1	2	1	3	73
11/03/2025	09	1	1	2	1	4	75
11/03/2025	10	1	1	2	1	3	84
11/03/2025	11	1	1	2	1	3	89
11/03/2025	12	1	1	2	1	3	89
11/03/2025	15	1	1	2	3	3	88
11/03/2025	16	3	1	2	4	3	80
11/03/2025	17	1	1	2	1	3	86
11/03/2025	18	1	1	2	1	3	85
11/03/2025	19	2	1	4	2	5	74
11/03/2025	20	1	1	2	1	3	85
11/03/2025	21	2	1	2	2	3	85
11/03/2025	22	1	1	2	1	3	85
11/03/2025	23	1	1	2	1	3	80
12/03/2025	00	1	1	2	1	3	81
12/03/2025	01	1	1	2	1	3	87
12/03/2025	02	1	1	2	1	3	87
12/03/2025	03	2	6	2	2	10	83
12/03/2025	04	1	1	2	1	3	81
12/03/2025	05	1	1	2	1	3	78
12/03/2025	06	1	1	2	1	3	76
12/03/2025	07	1	1	2	2	3	73
12/03/2025	08	1	1	2	1	3	74
12/03/2025	09	1	1	2	1	3	77
12/03/2025	10	1	1	2	1	3	78
12/03/2025	11	1	1	2	2	3	82
12/03/2025	12	2	1	2	3	3	83
12/03/2025	13	2	1	2	3	3	83
12/03/2025	14	1	1	2	2	3	82
12/03/2025	15	2	1	2	3	3	82
12/03/2025	16	2	1	2	2	3	78
12/03/2025	17	2	1	2	4	3	80
12/03/2025	18	2	1	2	4	3	81
12/03/2025	19	2	1	2	2	3	81
12/03/2025	20	2	1	2	3	3	72
12/03/2025	21	3	1	2	3	3	66
12/03/2025	22	3	1	2	3	3	66
12/03/2025	23	2	1	2	3	3	70
13/03/2025	00	2	1	2	3	3	68
13/03/2025	01	3	1	2	4	3	59
13/03/2025	02	3	1	2	4	3	50
13/03/2025	03	4	1	2	5	3	42
13/03/2025	04	5	1	3	6	5	28
13/03/2025	05	4	1	4	5	6	21
13/03/2025	06	4	2	9	5	12	16
13/03/2025	07	6	4	17	10	23	14
13/03/2025	08	6	7	15	12	25	19
13/03/2025	09	10	9	16	15	30	22
13/03/2025	10	14	4	9	16	15	48
13/03/2025	11	5	2	3	6	5	74
13/03/2025	12	3	1	2	6	3	80
13/03/2025	13	4	2	3	6	6	75
13/03/2025	14	4	2	2	5	5	65
13/03/2025	15	1	2	2	2	4	78
13/03/2025	16	2	1	2	2	3	79
13/03/2025	17	1	1	2	2	3	82
13/03/2025	18	4	1	2	4	3	79
13/03/2025	19	2	1	2	3	4	72
13/03/2025	20	3	1	5	6	7	56
13/03/2025	21	4	1	4	6	5	56
13/03/2025	22	1	1	2	2	3	67
13/03/2025	23	1	1	2	1	3	74
14/03/2025	00	1	1	2	2	3	71
14/03/2025	01	2	1	2	3	3	61
14/03/2025	02	3	1	3	4	5	38
14/03/2025	03	2	1	3	2	5	32
14/03/2025	04	2	1	2	2	4	29
14/03/2025	05	2	1	3	2	5	27
14/03/2025	06	2	1	6	4	9	28
14/03/2025	07	10	4	17	12	24	19
14/03/2025	08	16	6	14	16	23	20
14/03/2025	09	3	3	6	3	11	51
14/03/2025	10	4	2	5	4	9	47
14/03/2025	11	2	2	4	2	7	70
14/03/2025	12	3	1	2	3	4	74
14/03/2025	13	2	1	2	3	3	79
14/03/2025	14	4	2	4	4	8	60
14/03/2025	15	3	1	2	10	5	67
14/03/2025	16	1	2	2	1	4	70
14/03/2025	17	2	1	2	2	4	68
14/03/2025	18	1	1	2	1	4	65
14/03/2025	19	5	1	2	5	4	66
14/03/2025	20	3	1	2	3	3	61
14/03/2025	21	2	1	2	2	3	60
14/03/2025	22	2	1	2	2	3	60
14/03/2025	23	2	1	2	2	3	62
15/03/2025	00	1	1	2	1	3	63
15/03/2025	01	1	1	2	1	3	64
15/03/2025	02	1	1	2	1	3	57
15/03/2025	03	2	1	2	3	4	45
15/03/2025	04	4	1	2	4	3	58
15/03/2025	05	4	1	2	4	3	54
15/03/2025	06	5	1	3	6	4	37
15/03/2025	07	7	3	7	7	12	26
15/03/2025	08	6	4	6	7	12	47
15/03/2025	09	6	1	2	7	3	61
15/03/2025	10	5	1	2	5	3	69
15/03/2025	11	3	1	2	3	3	84
15/03/2025	12	1	1	2	1	3	89
15/03/2025	13	1	1	2	1	3	90
15/03/2025	14	1	1	2	1	3	91
15/03/2025	15	1	1	2	1	3	92
15/03/2025	16	1	1	2	1	3	89
15/03/2025	17	1	1	2	2	3	85
15/03/2025	18	1	1	2	1	3	86
15/03/2025	19	3	1	3	6	4	71
15/03/2025	20	4	1	3	6	5	68
15/03/2025	21	6	1	4	9	5	61
15/03/2025	22	9	1	5	12	7	45
15/03/2025	23	11	1	10	14	12	37
16/03/2025	00	7	1	3	8	5	42
16/03/2025	01	8	1	4	9	6	35
16/03/2025	02	8	1	3	9	5	26
16/03/2025	03	7	1	2	7	3	27
16/03/2025	04	7	1	2	9	3	20
16/03/2025	05	7	1	2	8	4	15
16/03/2025	06	7	1	2	9	4	16
16/03/2025	07	8	1	5	9	6	31
16/03/2025	08	5	2	2	5	4	41
16/03/2025	09	4	1	2	4	3	67
16/03/2025	10	3	1	2	3	3	73
16/03/2025	11	1	1	2	2	3	83
16/03/2025	12	1	1	2	2	3	85
16/03/2025	13	1	1	2	2	3	85
16/03/2025	14	1	1	2	1	3	85
16/03/2025	15	1	1	2	1	3	82
16/03/2025	16	1	1	2	1	3	83
16/03/2025	17	1	4	2	1	7	82
16/03/2025	18	1	1	2	1	3	78
16/03/2025	19	1	1	2	1	3	74
16/03/2025	20	1	1	2	1	3	74
16/03/2025	21	1	1	2	1	3	70
16/03/2025	22	2	1	2	2	3	65
16/03/2025	23	3	1	3	4	4	48
17/03/2025	00	4	1	3	4	4	35
17/03/2025	01	2	1	2	3	3	40
17/03/2025	02	3	2	2	3	4	31
17/03/2025	03	3	1	2	3	3	33
17/03/2025	04	3	1	2	3	3	27
17/03/2025	05	3	1	2	3	3	24
17/03/2025	06	2	1	4	2	5	34
17/03/2025	07	4	1	8	5	10	25
17/03/2025	08	6	2	6	7	9	20
17/03/2025	09	4	3	9	5	13	27
17/03/2025	10	4	2	7	4	11	49
17/03/2025	11	2	1	4	2	6	55
17/03/2025	12	2	1	3	2	4	62
17/03/2025	13	2	1	2	2	3	65
17/03/2025	14	2	2	2	2	5	64
17/03/2025	15	2	1	2	2	3	64
17/03/2025	16	3	1	2	3	4	60
17/03/2025	17	3	1	3	3	5	59
17/03/2025	18	3	1	3	3	5	63
17/03/2025	19	4	1	2	4	3	70
17/03/2025	20	4	1	2	4	3	64
17/03/2025	21	4	1	2	4	4	61
17/03/2025	22	4	1	2	4	3	60
17/03/2025	23	5	1	2	5	3	63
18/03/2025	00	3	1	2	3	3	68
18/03/2025	01	3	1	2	3	3	67
18/03/2025	02	3	1	2	3	3	71
18/03/2025	03	4	1	2	4	3	71
18/03/2025	04	4	1	2	4	3	71
18/03/2025	05	3	1	2	3	3	69
18/03/2025	06	2	1	2	2	3	68
18/03/2025	07	1	1	3	1	4	58
18/03/2025	08	4	1	3	4	5	57
18/03/2025	09	11	2	4	12	7	52
18/03/2025	10	7	2	5	7	9	46
18/03/2025	11	5	2	2	5	4	61
18/03/2025	12	4	1	2	5	3	76
18/03/2025	13	4	1	2	5	3	87
18/03/2025	14	4	1	2	5	3	82
18/03/2025	15	5	1	2	5	3	69
18/03/2025	16	4	1	2	4	3	63
18/03/2025	17	3	1	2	3	3	71
18/03/2025	18	2	1	2	2	4	72
18/03/2025	19	1	1	2	1	4	70
18/03/2025	20	2	1	2	2	3	79
18/03/2025	21	1	1	2	1	3	79
18/03/2025	22	1	1	2	1	3	75
18/03/2025	23	1	1	2	1	3	78
19/03/2025	00	2	1	2	2	3	76
19/03/2025	01	1	1	2	2	3	84
19/03/2025	02	1	1	2	1	3	68
19/03/2025	03	2	1	2	2	3	54
19/03/2025	04	1	1	2	1	3	67
19/03/2025	05	2	1	2	2	3	73
19/03/2025	06	2	1	2	2	3	65
19/03/2025	07	2	1	2	2	3	63
19/03/2025	08	2	1	2	2	3	68
19/03/2025	09	2	1	2	2	3	83
19/03/2025	10	3	1	2	3	3	85
19/03/2025	11	2	1	2	3	3	85
19/03/2025	12	3	1	2	4	3	87
19/03/2025	13	3	1	2	4	3	99
19/03/2025	14	3	1	2	3	3	99
19/03/2025	15	4	1	2	4	3	96
19/03/2025	16	7	1	2	7	3	84
19/03/2025	17	7	1	2	8	3	76
19/03/2025	18	6	1	2	7	3	80
19/03/2025	19	5	1	2	6	3	79
19/03/2025	20	6	1	2	6	3	79
19/03/2025	21	6	1	2	6	3	81
19/03/2025	22	5	1	2	5	3	84
19/03/2025	23	5	1	2	5	3	84
20/03/2025	00	4	1	2	4	3	85
20/03/2025	01	4	1	2	4	3	86
20/03/2025	02	4	1	2	4	3	87
20/03/2025	03	6	1	2	6	3	88
20/03/2025	04	6	1	2	7	3	89
20/03/2025	05	6	1	2	7	3	89
20/03/2025	06	6	1	2	7	3	88
20/03/2025	07	5	1	2	7	3	83
20/03/2025	08	5	1	2	6	3	77
20/03/2025	09	5	1	2	7	3	78
20/03/2025	10	5	1	2	9	3	79
20/03/2025	11	6	1	2	11	3	81
20/03/2025	12	9	2	2	18	3	83
20/03/2025	13	12	1	2	22	3	84
20/03/2025	14	12	1	2	23	3	85
20/03/2025	15	11	1	2	21	3	83
20/03/2025	16	11	1	2	21	3	80
20/03/2025	17	10	1	2	17	3	81
20/03/2025	18	13	1	2	21	3	78
20/03/2025	19	15	1	2	24	3	75
20/03/2025	20	18	1	2	27	3	75
20/03/2025	21	20	1	2	32	3	79
20/03/2025	22	18	1	2	33	3	79
20/03/2025	23	19	1	2	40	3	77
21/03/2025	00	19	1	2	40	3	64
21/03/2025	01	20	1	2	37	3	71
21/03/2025	02	18	1	2	33	3	75
21/03/2025	03	16	1	2	28	3	67
21/03/2025	04	12	1	2	20	3	67
21/03/2025	05	15	1	2	29	3	55
21/03/2025	06	16	1	2	31	3	42
21/03/2025	07	9	1	2	14	3	74
21/03/2025	08	2	1	2	3	4	91
21/03/2025	09	1	1	3	2	4	90
21/03/2025	10	2	2	2	3	3	84
21/03/2025	11	1	1	2	2	3	95
21/03/2025	12	1	1	2	1	3	96
21/03/2025	13	1	1	2	1	3	95
21/03/2025	14	1	1	2	1	3	94
21/03/2025	15	1	1	2	1	3	93
21/03/2025	16	1	1	2	1	3	
21/03/2025	17	1	1	2	1	3	
21/03/2025	18	2	2	8	4	12	
21/03/2025	19	4	2	13	9	16	
21/03/2025	20	4	2	12	8	15	
21/03/2025	21	5	2	9	9	12	
21/03/2025	22	4	2	9	6	12	
21/03/2025	23	3	2	8	4	11	
22/03/2025	00	2	2	5	3	8	
22/03/2025	01	2	1	3	4	5	
22/03/2025	02	2	1	4	2	6	
22/03/2025	03	2	2	9	2	12	
22/03/2025	04	1	1	2	1	4	
22/03/2025	05	1	2	3	1	5	
22/03/2025	06	1	1	5	1	7	
22/03/2025	07	1	1	6	1	8	
22/03/2025	08	1	1	3	1	5	
22/03/2025	09	1	1	5	2	7	
22/03/2025	10	1	1	2	1	4	
22/03/2025	11	2	1	2	2	3	
22/03/2025	12	1	1	2	1	3	
22/03/2025	13	1	1	2	2	3	
22/03/2025	14	1	1	2	1	3	
22/03/2025	15	1	1	2	1	3	
22/03/2025	16	1	1	2	1	3	
22/03/2025	17	1	1	2	1	3	
22/03/2025	18	1	1	2	1	3	
22/03/2025	19	1	1	2	2	3	
22/03/2025	20	1	1	2	2	3	
22/03/2025	21	1	1	2	1	3	
22/03/2025	22	1	1	2	1	3	
22/03/2025	23	1	1	2	1	3	
23/03/2025	00	1	1	4	1	6	
23/03/2025	01	1	1	4	1	6	
23/03/2025	02	1	1	2	1	3	
23/03/2025	03	1	1	2	1	3	
23/03/2025	04	1	1	2	1	3	
23/03/2025	05	2	1	2	2	3	
23/03/2025	06	2	1	2	2	3	
23/03/2025	07	2	1	2	2	3	
23/03/2025	08	1	1	2	1	3	
23/03/2025	09	1	1	2	1	3	
23/03/2025	10	1	1	2	1	3	
23/03/2025	11	3	1	2	3	3	
23/03/2025	12	1	1	2	2	3	
23/03/2025	13	1	1	2	1	3	
23/03/2025	14	1	1	2	1	3	
23/03/2025	15	1	1	2	1	3	
23/03/2025	16	1	1	2	2	3	
23/03/2025	17	1	1	2	1	3	
23/03/2025	18	1	1	3	2	4	
23/03/2025	19	2	1	11	4	13	
23/03/2025	20	2	1	4	4	6	
23/03/2025	21	4	1	6	7	8	
23/03/2025	22	6	1	7	7	9	
23/03/2025	23	3	2	3	3	5	
24/03/2025	00	2	1	2	2	4	
24/03/2025	01	1	1	2	1	3	
24/03/2025	02	1	1	5	1	6	
24/03/2025	03	1	1	3	1	5	
24/03/2025	04	2	1	4	2	6	
24/03/2025	05	2	1	2	3	3	
24/03/2025	06	2	1	3	2	5	
24/03/2025	07	3	1	8	6	10	
24/03/2025	08	4	2	3	11	6	
24/03/2025	09	3	1	3	9	4	
24/03/2025	10	2	2	2	3	4	
24/03/2025	11	1	1	2	2	3	
24/03/2025	12	1	1	2	2	3	
24/03/2025	13	1	1	2	4	3	
24/03/2025	14	1	1	2	2	3	
24/03/2025	15	1	1	2	3	3	
24/03/2025	16	2	1	2	6	3	
24/03/2025	17	6	1	2	12	3	
24/03/2025	18	1	1	2	3	3	
24/03/2025	19	1	1	2	2	3	
24/03/2025	20	1	1	4	2	5	
24/03/2025	21	1	1	5	2	7	
24/03/2025	22	1	1	2	2	3	
24/03/2025	23	1	1	2	1	3	
25/03/2025	00	1	1	2	1	4	
25/03/2025	01	2	1	5	2	7	
25/03/2025	02	2	3	8	3	13	
25/03/2025	03	1	1	3	1	5	
25/03/2025	04	1	1	3	1	5	
25/03/2025	05	1	1	5	1	7	
25/03/2025	06	1	1	7	2	9	
25/03/2025	07	2	4	16	6	22	
25/03/2025	08	10	3	6	12	11	
25/03/2025	09	3	1	2	6	4	
25/03/2025	10	2	1	2	2	4	
25/03/2025	11	1	1	2	2	4	
25/03/2025	13	1	1	2	5	3	
25/03/2025	14	2	1	2	8	3	
25/03/2025	15	1	1	2	2	3	
25/03/2025	16	1	1	2	2	3	
25/03/2025	17	2	1	2	4	3	
25/03/2025	18	3	1	4	7	6	
25/03/2025	19	5	1	3	8	5	
25/03/2025	20	7	1	3	12	4	
25/03/2025	21	10	1	3	14	5	
25/03/2025	22	7	1	6	10	8	
25/03/2025	23	4	1	2	6	4	
26/03/2025	00	5	1	3	5	3	
26/03/2025	01	4	1	2	5	3	
26/03/2025	02	4	1	3	5	4	
26/03/2025	03	3	8	4	4	16	
26/03/2025	04	3	2	3	3	6	
26/03/2025	05	2	1	3	4	5	
26/03/2025	06	13	3	11	69	16	
26/03/2025	07	5	15	10	10	33	
26/03/2025	08	4	12	10	8	28	
26/03/2025	09	3	3	2	5	7	57
26/03/2025	10	4	2	2	9	5	74
26/03/2025	11	2	2	2	4	3	88
26/03/2025	12	2	1	2	3	3	94
26/03/2025	13	3	1	2	5	3	102
26/03/2025	14	2	1	2	5	3	102
26/03/2025	15	2	1	2	3	3	99
26/03/2025	16	2	1	2	4	3	99
26/03/2025	17	2	1	2	5	3	100
26/03/2025	18	2	1	2	7	3	90
26/03/2025	19	2	1	2	6	3	85
26/03/2025	20	3	1	2	8	3	76
26/03/2025	21	3	1	5	7	6	65
26/03/2025	22	3	1	2	6	3	73
26/03/2025	23	3	1	2	4	3	73
27/03/2025	00	3	1	2	4	3	64
27/03/2025	01	4	1	2	5	3	51
27/03/2025	02	4	1	2	6	3	39
27/03/2025	03	4	1	4	5	6	30
27/03/2025	04	4	1	2	5	3	44
27/03/2025	05	5	1	3	6	4	20
27/03/2025	06	6	2	4	8	7	17
27/03/2025	07	6	7	12	12	22	12
27/03/2025	08	9	6	7	17	17	34
27/03/2025	09	8	5	5	17	12	61
27/03/2025	10	7	2	2	9	4	89
27/03/2025	11	4	1	2	7	3	106
27/03/2025	12	4	1	2	10	3	108
27/03/2025	13	4	1	2	8	3	109
27/03/2025	14	3	1	2	7	3	109
27/03/2025	15	4	1	2	7	3	111
27/03/2025	16	4	1	2	10	3	110
27/03/2025	17	5	1	2	8	3	104
27/03/2025	18	4	1	2	9	3	100
27/03/2025	19	5	1	4	11	5	89
27/03/2025	20	5	1	2	11	3	84
27/03/2025	21	8	1	5	20	7	64
27/03/2025	22	9	1	4	18	5	56
27/03/2025	23	10	1	8	17	10	39
28/03/2025	00	10	1	5	13	7	41
28/03/2025	01	9	1	3	11	5	29
28/03/2025	02	9	3	6	10	12	23
28/03/2025	03	8	1	3	9	6	25
28/03/2025	04	7	1	2	8	4	27
28/03/2025	05	7	1	3	8	5	19
28/03/2025	06	8	3	9	13	13	10
28/03/2025	07	9	3	5	19	9	24
28/03/2025	08	10	5	7	18	15	36
28/03/2025	09	7	3	4	10	8	62
28/03/2025	10	5	2	2	8	4	76
28/03/2025	11	4	1	2	8	3	86
28/03/2025	12	4	1	2	7	3	94
28/03/2025	13	3	1	2	6	3	95
28/03/2025	14	2	1	2	5	3	101
28/03/2025	15	2	1	2	6	3	105
28/03/2025	16	2	1	2	7	3	106
28/03/2025	17	2	1	2	7	3	103
28/03/2025	18	2	1	2	8	3	88
28/03/2025	19	2	1	2	5	3	83
28/03/2025	20	4	1	2	13	3	79
28/03/2025	21	6	1	2	26	3	77
28/03/2025	22	5	1	3	13	3	67
28/03/2025	23	4	1	2	7	4	72
29/03/2025	00	3	1	2	6	3	69
29/03/2025	01	4	1	2	6	3	67
29/03/2025	02	3	1	2	5	3	66
29/03/2025	03	3	2	2	4	4	66
29/03/2025	04	2	1	2	3	3	74
29/03/2025	05	2	1	2	3	3	73
29/03/2025	06	2	1	2	3	3	65
29/03/2025	07	4	1	3	8	4	63
29/03/2025	08	4	2	3	5	5	75
29/03/2025	09	2	1	2	6	3	84
29/03/2025	10	4	1	2	18	3	89
29/03/2025	11	5	1	2	35	3	96
29/03/2025	12	3	1	2	10	3	95
29/03/2025	13	2	1	2	6	3	94
29/03/2025	14	2	1	2	6	3	93
29/03/2025	15	1	1	2	5	3	93
29/03/2025	16	2	1	2	8	3	97
29/03/2025	17	3	1	2	16	3	99
29/03/2025	18	5	1	2	23	3	95
29/03/2025	19	3	1	2	9	3	91
29/03/2025	20	3	1	2	7	3	86
29/03/2025	21	2	1	2	7	3	88
29/03/2025	22	2	1	2	5	3	93
29/03/2025	23	2	1	2	3	3	87
30/03/2025	00	2	1	2	4	3	82
30/03/2025	01	2	1	2	3	3	75
30/03/2025	02	3	1	2	10	3	55
30/03/2025	03	2	1	2	4	3	47
30/03/2025	04	3	1	2	4	3	45
30/03/2025	05	2	1	2	4	3	44
30/03/2025	06	2	1	2	5	3	39
30/03/2025	07	3	2	3	5	5	53
30/03/2025	08	7	2	2	10	3	60
30/03/2025	09	5	2	2	7	3	71
30/03/2025	10	3	2	2	6	3	85
30/03/2025	11	3	1	2	6	3	97
30/03/2025	12	3	1	2	5	3	101
30/03/2025	13	3	1	2	5	3	103
30/03/2025	14	2	1	2	4	3	105
30/03/2025	15	2	1	2	4	3	105
30/03/2025	16	2	11	8	4	24	99
30/03/2025	17	3	1	2	11	4	100
30/03/2025	18	3	1	2	9	3	96
30/03/2025	19	3	1	4	6	6	87
30/03/2025	20	3	1	2	7	4	88
30/03/2025	21	3	1	2	6	3	83
30/03/2025	22	4	1	2	11	3	66
30/03/2025	23	6	1	2	26	4	56
31/03/2025	00	5	1	2	9	3	46
31/03/2025	01	4	1	2	6	3	43
31/03/2025	02	4	1	2	6	3	36
31/03/2025	03	4	1	2	6	3	37
31/03/2025	04	3	1	3	5	4	30
31/03/2025	05	4	1	7	7	9	22
31/03/2025	06	6	6	14	15	23	15
31/03/2025	07	13	17	15	88	41	15
31/03/2025	08	13	13	17	26	37	43
31/03/2025	09	13	5	10	23	18	71
31/03/2025	10	8	3	6	15	10	84
31/03/2025	11	2	1	2	5	3	97
31/03/2025	12	5	1	2	22	3	101
31/03/2025	13	1	1	2	4	3	105
31/03/2025	14	1	1	2	3	3	103
31/03/2025	15	1	1	2	4	3	100
31/03/2025	16	1	1	2	2	3	99
31/03/2025	17	3	1	3	4	5	103
31/03/2025	18	3	1	7	5	9	102
31/03/2025	19	3	1	8	7	10	104
31/03/2025	20	5	1	7	18	7	84
31/03/2025	21	5	1	7	18	8	69
31/03/2025	22	5	1	6	14	7	48
31/03/2025	23	5	1	3	12	4	51
01/04/2025	00	4	1	2	11	3	51
01/04/2025	01	5	1	3	12	4	47
01/04/2025	02	7	12	18	15	36	35
01/04/2025	03	7	1	5	13	7	35
01/04/2025	04	6	1	4	9	6	37
01/04/2025	05	8	3	12	19	16	22
01/04/2025	06	14	6	19	53	28	13
01/04/2025	07	13	10	17	37	32	22
01/04/2025	08	14	9	19	33	33	38
01/04/2025	09	10	6	8	23	18	67
01/04/2025	10	5	3	3	14	8	90
01/04/2025	11	2	1	2	10	3	102
01/04/2025	12	2	1	2	9	3	105
01/04/2025	13	4	1	2	13	3	115
01/04/2025	14	3	1	2	14	4	116
01/04/2025	15	3	1	2	9	4	114
01/04/2025	16	4	1	4	14	6	114
01/04/2025	17	5	1	6	20	8	108
01/04/2025	18	5	1	6	17	8	101
01/04/2025	19	4	1	6	13	8	98
01/04/2025	20	3	1	4	9	5	94
01/04/2025	21	3	1	2	7	3	88
01/04/2025	22	4	1	2	8	4	81
01/04/2025	23	6	1	2	10	3	75
02/04/2025	00	8	1	2	12	4	67
02/04/2025	01	10	2	4	14	7	49
02/04/2025	02	10	1	4	14	5	47
02/04/2025	03	13	1	2	18	3	47
02/04/2025	04	14	1	3	18	4	38
02/04/2025	05	14	1	5	23	7	28
02/04/2025	06	15	1	10	32	11	25
02/04/2025	07	32	7	17	51	28	22
02/04/2025	08	24	7	13	36	23	40
02/04/2025	09	18	4	7	28	13	72
02/04/2025	10	10	1	3	19	6	92
02/04/2025	11	7	1	2	13	4	101
02/04/2025	12	7	1	2	15	4	112
02/04/2025	13	7	1	3	14	5	117
02/04/2025	14	6	1	2	16	4	114
02/04/2025	15	6	1	2	16	4	114
02/04/2025	16	5	1	3	13	5	116
02/04/2025	17	6	1	2	12	4	115
02/04/2025	18	6	1	3	10	4	110
02/04/2025	19	7	1	2	10	3	107
02/04/2025	20	8	1	2	9	3	98
02/04/2025	21	9	1	2	10	3	91
02/04/2025	22	10	1	2	11	3	89
02/04/2025	23	11	1	2	12	3	86
03/04/2025	00	12	1	2	13	3	78
03/04/2025	01	7	1	2	8	3	84
03/04/2025	02	6	1	2	6	3	92
03/04/2025	03	5	1	2	6	3	93
03/04/2025	04	5	1	2	6	3	99
03/04/2025	05	5	1	2	7	3	98
03/04/2025	06	6	1	2	9	3	97
03/04/2025	07	8	1	2	18	3	93
03/04/2025	08	9	1	2	35	3	97
03/04/2025	09	13	2	2	62	3	95
03/04/2025	10	12	2	2	59	3	97
03/04/2025	11	20	1	2	120	3	99
03/04/2025	12	15	1	2	78	3	96
03/04/2025	13	22	1	2	127	3	94
03/04/2025	14	15	1	2	72	3	92
03/04/2025	15	13	1	2	74	3	93
03/04/2025	16	10	1	2	48	3	91
03/04/2025	17	9	1	2	44	3	91
03/04/2025	18	9	1	2	28	3	95
03/04/2025	19	8	1	2	14	3	91
03/04/2025	20	5	1	2	6	3	91
03/04/2025	21	4	1	2	6	3	89
03/04/2025	22	4	1	2	5	3	90
03/04/2025	23	6	1	2	9	3	92
04/04/2025	00	6	1	2	8	3	94
04/04/2025	01	5	1	2	9	3	92
04/04/2025	02	4	1	2	4	3	90
04/04/2025	03	1	1	2	2	3	86
04/04/2025	04	2	1	2	3	3	81
04/04/2025	05	1	1	2	1	3	86
04/04/2025	06	1	1	2	1	3	88
04/04/2025	07	4	1	2	4	3	82
04/04/2025	08	5	1	2	5	3	87
04/04/2025	09	4	1	2	5	3	89
04/04/2025	10	4	1	2	5	3	91
04/04/2025	11	3	1	2	4	3	97
04/04/2025	12	4	1	2	8	3	99
04/04/2025	13	5	1	2	9	3	101
04/04/2025	14	7	1	2	16	3	103
04/04/2025	15	11	1	4	27	6	106
04/04/2025	16	12	1	3	30	5	106
04/04/2025	17	13	1	2	32	4	104
04/04/2025	18	13	1	4	27	6	98
04/04/2025	19	14	1	2	28	4	93
04/04/2025	20	16	1	2	28	3	88
04/04/2025	21	11	1	2	12	3	85
04/04/2025	22	6	1	2	7	3	85
04/04/2025	23	4	1	2	4	3	78
05/04/2025	00	6	1	2	7	3	68
05/04/2025	01	6	1	2	6	3	59
05/04/2025	02	8	1	2	8	4	40
05/04/2025	03	10	1	2	33	4	37
05/04/2025	04	4	1	2	4	3	40
05/04/2025	05	3	1	2	3	3	50
05/04/2025	06	2	1	2	3	4	56
05/04/2025	07	1	1	2	2	3	74
05/04/2025	08	2	1	2	2	3	82
05/04/2025	09	2	1	2	3	3	88
05/04/2025	10	1	1	2	2	3	93
05/04/2025	11	1	1	2	2	3	96
05/04/2025	12	1	1	2	2	3	97
05/04/2025	13	1	1	2	2	3	99
05/04/2025	14	1	1	2	2	3	100
05/04/2025	15	1	1	2	1	3	101
05/04/2025	16	1	1	2	2	3	99
05/04/2025	17	1	1	2	2	3	97
05/04/2025	18	1	1	2	3	3	90
05/04/2025	19	2	1	2	5	3	80
05/04/2025	20	3	1	2	5	4	73
05/04/2025	21	5	1	2	6	4	68
05/04/2025	22	3	1	2	5	3	64
05/04/2025	23	4	1	2	7	4	56
06/04/2025	00	3	1	2	5	4	49
06/04/2025	01	5	1	2	7	4	40
06/04/2025	02	5	1	3	6	5	39
06/04/2025	03	5	1	3	6	5	36
06/04/2025	04	4	1	2	5	4	34
06/04/2025	05	3	1	2	4	3	34
06/04/2025	06	3	1	2	5	3	29
06/04/2025	07	8	2	4	10	7	23
06/04/2025	08	13	3	5	15	10	48
06/04/2025	09	4	2	2	4	3	69
06/04/2025	10	2	2	2	3	4	77
06/04/2025	11	2	2	2	2	3	87
06/04/2025	12	1	1	2	1	3	95
06/04/2025	13	2	1	2	2	3	94
06/04/2025	14	1	1	2	1	3	95
06/04/2025	15	1	1	2	2	3	94
06/04/2025	16	1	1	2	3	3	96
06/04/2025	17	2	1	2	7	3	95
06/04/2025	18	3	1	2	7	4	91
06/04/2025	19	3	1	4	11	4	86
06/04/2025	20	3	1	2	8	4	88
06/04/2025	21	4	1	2	9	3	73
06/04/2025	22	4	1	3	9	5	59
06/04/2025	23	6	1	6	11	8	40
07/04/2025	00	5	1	3	12	4	43
07/04/2025	01	6	1	5	11	7	37
07/04/2025	02	5	1	5	7	6	39
07/04/2025	03	5	1	4	8	4	30
07/04/2025	04	4	1	2	5	4	29
07/04/2025	05	4	1	5	6	7	24
07/04/2025	06	6	6	16	18	25	13
07/04/2025	07	8	22	22	28	55	23
07/04/2025	08	5	4	6	11	12	50
07/04/2025	09	5	4	7	12	13	64
07/04/2025	10	5	3	5	20	10	73
07/04/2025	11	4	2	3	18	5	87
07/04/2025	12	3	1	2	10	4	99
07/04/2025	13	2	1	2	7	4	101
07/04/2025	14	3	1	3	9	5	109
07/04/2025	15	3	1	3	9	5	111
07/04/2025	16	3	1	3	12	4	109
07/04/2025	17	3	1	3	11	5	104
07/04/2025	18	3	1	3	10	3	100
07/04/2025	19	3	1	2	10	4	95
07/04/2025	20	3	1	3	8	3	92
07/04/2025	21	3	1	2	7	3	89
07/04/2025	22	4	1	2	9	3	73
07/04/2025	23	5	1	2	9	4	51
08/04/2025	00	4	1	2	8	3	51
08/04/2025	01	5	2	2	9	4	42
08/04/2025	02	6	1	6	14	7	27
08/04/2025	03	4	1	3	7	5	40
08/04/2025	04	4	1	2	7	3	45
08/04/2025	05	6	3	7	20	11	30
08/04/2025	06	6	1	11	17	13	22
08/04/2025	07	9	6	13	31	21	25
08/04/2025	08	10	8	12	30	24	47
08/04/2025	09	11	6	10	34	20	56
08/04/2025	10	6	4	6	19	12	82
08/04/2025	11	4	2	2	12	4	99
08/04/2025	12	5	1	2	13	3	103
08/04/2025	13	5	1	2	12	3	104
08/04/2025	14	5	1	2	11	4	106
08/04/2025	15	5	1	2	13	4	108
08/04/2025	16	5	1	2	14	4	107
08/04/2025	17	5	1	2	12	3	104
08/04/2025	18	6	1	2	14	3	102
08/04/2025	19	7	1	2	17	4	97
08/04/2025	20	8	1	3	15	4	90
08/04/2025	21	9	1	3	18	5	77
08/04/2025	22	10	1	7	20	8	52
08/04/2025	23	11	1	6	19	8	38
09/04/2025	00	14	1	3	44	3	38
09/04/2025	01	31	1	2	436	3	44
09/04/2025	02	19	1	2	167	3	36
09/04/2025	03	25	1	2	389	3	36
09/04/2025	04	13	1	3	25	5	21
09/04/2025	05	13	2	7	16	10	22
09/04/2025	06	14	5	10	29	18	14
09/04/2025	07	16	5	6	134	13	36
09/04/2025	08	16	5	6	21	13	39
09/04/2025	09	18	4	5	26	12	54
09/04/2025	10	10	3	4	18	9	68
09/04/2025	11	7	2	2	15	4	95
09/04/2025	12	6	1	2	15	3	103
09/04/2025	13	6	1	2	14	4	107
09/04/2025	14	6	1	2	15	3	108
09/04/2025	15	6	1	2	14	4	107
09/04/2025	16	6	1	2	15	4	105
09/04/2025	17	6	1	2	15	4	103
09/04/2025	18	6	1	2	16	4	99
09/04/2025	19	7	1	3	20	5	90
09/04/2025	20	7	1	4	19	6	84
09/04/2025	21	6	1	2	13	4	92
09/04/2025	22	7	1	2	14	3	77
09/04/2025	23	8	1	3	18	5	49
10/04/2025	00	9	1	3	18	5	43
10/04/2025	01	10	1	3	19	5	43
10/04/2025	02	11	1	5	16	7	34
10/04/2025	03	11	1	3	13	4	45
10/04/2025	04	14	1	2	18	3	42
10/04/2025	05	13	1	2	15	4	60
10/04/2025	06	14	1	4	17	6	65
10/04/2025	07	14	1	3	21	5	74
10/04/2025	08	13	1	2	21	3	78
10/04/2025	09	11	2	2	24	3	85
10/04/2025	10	11	2	2	35	3	89
10/04/2025	11	12	1	2	37	3	91
10/04/2025	12	14	1	2	44	3	94
10/04/2025	13	12	1	2	35	3	98
10/04/2025	14	10	1	2	33	3	99
10/04/2025	15	8	1	2	19	3	100
10/04/2025	16	7	1	2	16	3	99
10/04/2025	17	9	1	2	27	3	96
10/04/2025	18	7	1	2	13	3	95
10/04/2025	19	7	1	2	13	3	94
10/04/2025	20	8	1	2	9	3	89
10/04/2025	21	8	1	2	10	3	85
10/04/2025	22	7	1	2	8	3	89
10/04/2025	23	7	1	2	8	3	93
11/04/2025	00	8	1	2	9	3	93
11/04/2025	01	7	1	2	8	3	92
11/04/2025	02	7	1	2	8	3	90
11/04/2025	03	7	1	2	7	3	92
11/04/2025	04	7	1	2	8	3	91
11/04/2025	05	7	1	2	9	3	87
11/04/2025	06	7	1	2	10	3	83
11/04/2025	07	8	1	2	14	3	85
11/04/2025	08	9	1	2	19	3	86
11/04/2025	09	9	1	2	28	3	87
11/04/2025	10	10	1	2	37	3	89
11/04/2025	11	9	1	2	31	3	91
11/04/2025	12	10	1	2	40	3	91
11/04/2025	13	9	1	2	26	3	93
11/04/2025	14	7	1	2	18	3	95
11/04/2025	15	8	1	2	25	3	94
11/04/2025	16	8	1	2	17	3	93
11/04/2025	17	8	1	2	14	3	91
11/04/2025	18	9	1	2	17	3	90
11/04/2025	19	9	1	2	15	3	90
11/04/2025	20	9	1	2	12	3	87
11/04/2025	21	9	1	2	11	3	86
11/04/2025	22	9	1	2	11	3	83
11/04/2025	23	9	1	2	10	3	82
12/04/2025	00	8	1	2	9	3	79
12/04/2025	01	7	1	2	8	3	81
12/04/2025	02	8	1	2	9	3	80
12/04/2025	03	10	1	2	11	3	71
12/04/2025	04	10	1	2	12	3	61
12/04/2025	05	12	1	2	14	3	54
12/04/2025	06	12	1	2	16	3	51
12/04/2025	07	11	1	2	14	3	63
12/04/2025	08	13	2	2	18	4	57
12/04/2025	09	15	1	2	18	4	57
12/04/2025	10	13	1	2	14	4	58
12/04/2025	11	10	1	2	11	3	69
12/04/2025	12	12	1	2	13	3	65
12/04/2025	13	10	1	2	11	3	69
12/04/2025	14	9	1	2	10	3	69
12/04/2025	15	7	1	2	8	3	70
12/04/2025	16	5	1	2	6	3	71
12/04/2025	17	4	1	2	4	3	78
12/04/2025	18	4	1	2	5	3	74
12/04/2025	19	3	1	2	4	3	73
12/04/2025	20	5	1	3	6	4	67
12/04/2025	21	9	1	5	10	6	55
12/04/2025	22	6	1	3	8	4	48
12/04/2025	23	6	1	2	6	3	49
13/04/2025	00	6	1	2	6	3	36
13/04/2025	01	5	1	2	6	3	32
13/04/2025	02	7	1	2	8	3	28
13/04/2025	03	7	1	3	8	5	21
13/04/2025	04	6	1	2	7	3	25
13/04/2025	05	6	1	2	7	3	16
13/04/2025	06	6	1	2	7	4	14
13/04/2025	07	7	4	2	9	7	24
13/04/2025	08	6	1	2	7	3	59
13/04/2025	09	5	1	2	6	3	70
13/04/2025	10	4	1	2	4	3	76
13/04/2025	11	3	1	2	4	3	81
13/04/2025	12	3	1	2	3	3	87
13/04/2025	13	2	1	2	3	3	87
13/04/2025	14	5	1	2	7	3	83
13/04/2025	15	5	1	2	7	3	85
13/04/2025	16	4	1	2	6	3	85
13/04/2025	17	4	1	2	7	3	84
13/04/2025	18	5	2	2	6	4	77
13/04/2025	19	6	1	2	7	3	69
13/04/2025	20	5	1	2	5	3	64
13/04/2025	21	7	1	2	8	3	53
13/04/2025	22	7	1	2	8	4	42
13/04/2025	23	8	1	3	8	4	35
14/04/2025	00	6	1	2	6	3	50
14/04/2025	01	6	1	2	7	3	38
14/04/2025	02	6	1	2	7	3	34
14/04/2025	03	7	1	2	8	3	30
14/04/2025	04	8	1	3	8	5	25
14/04/2025	05	9	1	4	10	6	22
14/04/2025	06	10	3	5	14	10	14
14/04/2025	07	26	14	10	31	32	12
14/04/2025	08	16	20	15	23	45	15
14/04/2025	09	11	6	10	13	19	42
14/04/2025	10	5	2	2	6	5	60
14/04/2025	11	4	1	2	6	4	65
14/04/2025	12	5	2	5	6	9	65
14/04/2025	13	4	2	2	5	4	77
14/04/2025	14	3	1	2	4	3	78
14/04/2025	15	4	1	2	6	4	73
14/04/2025	16	12	1	3	14	5	79
14/04/2025	17	13	1	3	14	5	78
14/04/2025	18	14	1	4	15	6	74
14/04/2025	19	16	1	5	19	7	64
14/04/2025	20	8	1	4	10	5	75
14/04/2025	21	5	1	2	7	3	83
14/04/2025	22	4	1	2	6	3	86
14/04/2025	23	4	1	2	6	3	86
15/04/2025	00	3	1	2	4	3	85
15/04/2025	01	3	3	2	4	6	80
15/04/2025	02	3	1	2	4	3	79
15/04/2025	03	2	1	2	3	3	71
15/04/2025	04	1	1	2	1	3	71
15/04/2025	05	1	1	2	1	3	64
15/04/2025	06	1	1	2	2	3	74
15/04/2025	07	2	1	2	2	3	80
15/04/2025	08	2	1	2	2	3	82
15/04/2025	09	2	1	2	2	3	83
15/04/2025	10	2	1	2	4	3	85
15/04/2025	11	2	1	2	3	3	89
15/04/2025	12	2	1	2	3	3	94
15/04/2025	13	2	1	2	2	3	92
15/04/2025	14	1	1	2	3	3	90
15/04/2025	15	2	1	2	7	3	89
15/04/2025	16	1	1	2	2	3	90
15/04/2025	17	1	1	2	3	3	92
15/04/2025	18	1	1	2	2	3	87
15/04/2025	19	1	1	2	1	3	85
15/04/2025	20	1	1	2	1	3	84
15/04/2025	21	1	1	2	1	3	86
15/04/2025	22	2	1	2	2	3	80
15/04/2025	23	1	1	2	1	3	80
16/04/2025	00	1	1	2	1	3	77
16/04/2025	01	1	3	3	1	8	72
16/04/2025	02	1	1	2	1	3	74
16/04/2025	03	1	1	2	1	3	77
16/04/2025	04	1	1	2	1	3	73
16/04/2025	05	1	1	2	2	3	72
16/04/2025	06	2	1	2	3	3	69
16/04/2025	07	2	1	2	4	3	68
16/04/2025	08	2	1	2	3	3	70
16/04/2025	09	1	1	2	5	3	76
16/04/2025	10	2	1	2	9	3	82
16/04/2025	11	1	1	2	6	3	83
16/04/2025	12	1	1	2	5	3	85
16/04/2025	13	1	1	2	4	3	89
16/04/2025	14	1	1	2	3	3	90
16/04/2025	15	1	1	2	4	3	89
16/04/2025	16	2	1	2	4	3	88
16/04/2025	17	1	1	2	4	3	87
16/04/2025	18	1	1	2	2	3	84
16/04/2025	19	1	1	2	3	3	80
16/04/2025	20	1	1	2	2	3	76
16/04/2025	21	2	1	2	3	3	73
16/04/2025	22	1	1	2	2	3	71
16/04/2025	23	2	1	2	2	3	69
17/04/2025	00	2	1	2	2	3	67
17/04/2025	01	2	3	2	2	5	67
17/04/2025	02	2	1	2	2	3	68
17/04/2025	03	1	1	2	1	3	72
17/04/2025	04	1	1	2	1	3	69
17/04/2025	05	1	1	2	1	3	69
17/04/2025	06	1	1	2	1	3	72
17/04/2025	07	1	1	2	2	3	71
17/04/2025	08	1	1	2	2	3	80
17/04/2025	09	1	1	2	2	3	78
17/04/2025	10	1	1	2	3	3	83
17/04/2025	11	1	1	2	4	3	90
17/04/2025	12	1	1	2	4	3	92
17/04/2025	13	1	1	2	2	3	96
17/04/2025	14	1	1	2	3	3	95
17/04/2025	15	2	1	2	6	3	98
17/04/2025	16	2	1	2	3	3	96
17/04/2025	17	2	1	2	4	3	91
17/04/2025	18	2	1	2	3	3	85
17/04/2025	19	3	1	2	11	3	77
17/04/2025	20	3	1	2	17	3	68
17/04/2025	21	3	1	2	8	3	59
17/04/2025	22	2	1	2	3	3	52
17/04/2025	23	3	1	2	4	3	46
18/04/2025	00	3	1	2	6	4	38
18/04/2025	01	4	1	2	6	3	39
18/04/2025	02	3	1	2	3	3	48
18/04/2025	03	3	1	2	5	3	32
18/04/2025	04	3	1	2	4	3	26
18/04/2025	05	2	1	2	4	3	28
18/04/2025	06	3	1	2	5	3	26
18/04/2025	07	3	3	2	5	4	26
18/04/2025	08	3	3	2	5	6	43
18/04/2025	09	2	1	2	3	3	61
18/04/2025	10	1	1	2	2	3	75
18/04/2025	11	2	1	2	2	3	75
18/04/2025	12	2	1	2	3	3	77
18/04/2025	13	1	1	2	2	3	78
18/04/2025	14	2	1	2	3	3	79
18/04/2025	15	2	1	2	3	3	81
18/04/2025	16	2	1	2	5	3	79
18/04/2025	17	2	1	2	5	3	77
18/04/2025	18	2	1	2	4	3	74
18/04/2025	19	3	1	2	4	3	72
18/04/2025	20	3	1	2	4	3	70
18/04/2025	21	4	1	2	6	3	63
18/04/2025	22	5	1	2	6	3	57
18/04/2025	23	5	1	2	8	4	50
19/04/2025	00	6	1	2	8	4	39
19/04/2025	01	7	1	2	10	3	34
19/04/2025	02	7	1	2	11	3	27
19/04/2025	03	6	1	2	8	3	22
19/04/2025	04	7	1	2	8	3	22
19/04/2025	05	6	1	2	7	3	20
19/04/2025	06	6	3	4	10	8	15
19/04/2025	07	6	3	4	10	9	45
19/04/2025	08	2	1	2	3	3	74
19/04/2025	09	1	1	2	2	3	82
19/04/2025	10	2	1	2	9	3	85
19/04/2025	11	1	1	2	3	3	87
19/04/2025	12	1	1	2	3	3	91
19/04/2025	13	2	1	2	3	3	96
19/04/2025	14	1	1	2	3	3	93
19/04/2025	15	1	1	2	2	3	94
19/04/2025	16	1	1	2	2	3	95
19/04/2025	17	1	1	2	2	3	96
19/04/2025	18	1	1	2	2	3	94
19/04/2025	19	1	1	2	2	3	90
19/04/2025	20	1	1	2	1	3	89
19/04/2025	21	1	1	2	2	3	84
19/04/2025	22	2	1	2	2	3	78
19/04/2025	23	2	1	2	4	3	70
20/04/2025	00	3	1	2	5	3	59
20/04/2025	01	3	1	2	13	3	68
20/04/2025	02	1	1	2	2	3	71
20/04/2025	03	1	1	2	3	3	68
20/04/2025	04	2	1	2	4	3	54
20/04/2025	05	5	1	2	7	3	40
20/04/2025	06	3	1	2	6	3	30
20/04/2025	07	3	2	2	8	4	50
20/04/2025	08	2	1	2	2	3	83
20/04/2025	09	2	1	2	2	3	83
20/04/2025	10	1	1	2	2	3	84
20/04/2025	11	2	1	2	3	3	83
20/04/2025	12	1	1	2	1	3	82
20/04/2025	13	2	1	2	6	3	78
20/04/2025	14	2	1	2	3	3	80
20/04/2025	15	1	1	2	2	3	82
20/04/2025	16	1	1	2	1	3	86
20/04/2025	17	1	1	2	1	3	85
20/04/2025	18	1	1	2	1	3	85
20/04/2025	19	2	1	2	4	3	81
20/04/2025	20	2	1	2	5	3	74
20/04/2025	21	2	1	2	3	3	73
20/04/2025	22	5	1	2	9	4	54
20/04/2025	23	6	1	3	9	4	47
21/04/2025	00	3	1	2	4	3	57
21/04/2025	01	2	1	2	2	3	64
21/04/2025	02	2	1	2	3	3	55
21/04/2025	03	2	1	2	3	3	54
21/04/2025	04	3	1	2	8	3	38
21/04/2025	05	4	1	3	10	5	28
21/04/2025	06	4	2	4	11	7	27
21/04/2025	07	3	3	5	8	9	43
21/04/2025	08	3	1	2	4	3	60
21/04/2025	09	2	1	2	3	3	68
21/04/2025	10	2	1	2	3	3	74
21/04/2025	11	1	1	2	2	3	84
21/04/2025	12	1	1	2	2	3	86
21/04/2025	13	1	1	2	2	3	89
21/04/2025	14	1	1	2	1	3	89
21/04/2025	15	1	1	2	2	3	89
21/04/2025	16	2	1	2	4	3	91
21/04/2025	17	6	1	2	12	3	94
21/04/2025	18	2	1	2	6	3	90
21/04/2025	19	2	1	2	5	3	87
21/04/2025	20	3	1	2	6	3	82
21/04/2025	21	3	1	2	7	3	73
21/04/2025	22	3	1	2	6	3	72
21/04/2025	23	3	1	2	5	3	72
22/04/2025	00	3	3	4	7	8	59
22/04/2025	01	4	1	4	8	6	41
22/04/2025	02	4	1	4	8	6	34
22/04/2025	03	4	1	2	8	3	36
22/04/2025	04	4	1	2	7	4	31
22/04/2025	05	6	2	8	13	10	21
22/04/2025	06	7	8	20	18	31	13
22/04/2025	07	5	8	13	16	25	22
22/04/2025	08	5	3	7	11	12	47
22/04/2025	09	3	2	2	5	4	69
22/04/2025	10	3	1	2	5	3	74
22/04/2025	11	2	1	2	4	3	78
22/04/2025	12	2	4	4	4	9	77
22/04/2025	13	2	1	2	4	3	82
22/04/2025	14	3	1	2	6	3	83
22/04/2025	15	4	1	2	8	3	88
22/04/2025	16	3	1	2	5	3	84
22/04/2025	17	4	1	2	6	3	82
22/04/2025	18	3	1	3	5	4	75
22/04/2025	19	3	1	2	4	3	72
22/04/2025	20	3	1	2	3	3	71
22/04/2025	21	2	1	2	2	3	68
22/04/2025	22	4	1	2	5	3	54
22/04/2025	23	5	1	2	6	3	51
23/04/2025	00	5	1	2	6	3	37
23/04/2025	01	4	8	4	5	16	25
23/04/2025	02	4	1	2	5	4	23
23/04/2025	03	4	1	5	7	7	15
23/04/2025	04	3	1	2	4	3	17
23/04/2025	05	5	5	5	7	13	11
23/04/2025	06	5	9	6	9	19	11
23/04/2025	07	5	13	5	9	25	20
23/04/2025	08	5	6	3	8	11	40
23/04/2025	09	4	3	3	7	6	61
23/04/2025	10	3	2	2	7	3	85
23/04/2025	11	2	1	2	6	3	97
23/04/2025	12	2	1	2	3	3	102
23/04/2025	13	2	1	2	5	3	102
23/04/2025	14	2	1	2	4	3	103
23/04/2025	15	3	1	2	8	3	103
23/04/2025	16	6	1	2	41	3	102
23/04/2025	17	4	1	2	13	4	98
23/04/2025	18	4	1	3	8	4	92
23/04/2025	19	4	1	2	6	3	88
23/04/2025	20	4	1	2	6	4	81
23/04/2025	21	5	1	2	7	3	76
23/04/2025	22	6	1	2	8	3	68
23/04/2025	23	7	1	2	9	3	56
24/04/2025	00	8	1	2	12	3	42
24/04/2025	01	9	1	3	11	4	29
24/04/2025	02	7	2	3	9	5	36
24/04/2025	03	6	1	2	8	3	27
24/04/2025	04	6	1	2	8	3	28
24/04/2025	05	6	3	5	10	9	23
24/04/2025	06	8	2	7	18	11	17
24/04/2025	07	9	7	7	18	16	27
24/04/2025	08	8	5	5	21	12	50
24/04/2025	09	5	3	3	19	7	70
24/04/2025	10	5	2	2	27	5	81
24/04/2025	11	3	2	2	19	4	90
24/04/2025	12	2	1	2	4	3	92
24/04/2025	13	3	1	3	9	5	103
24/04/2025	14	4	2	5	11	7	112
24/04/2025	15	4	1	5	11	7	117
24/04/2025	16	4	1	5	13	7	106
24/04/2025	17	4	1	5	13	7	102
24/04/2025	18	4	1	4	10	7	97
24/04/2025	19	4	1	4	10	6	92
24/04/2025	20	5	1	4	10	5	82
24/04/2025	21	4	1	3	8	5	77
24/04/2025	22	5	1	2	11	4	67
24/04/2025	23	6	1	5	13	6	49
25/04/2025	00	8	1	6	14	8	38
25/04/2025	01	7	1	3	12	4	38
25/04/2025	02	5	1	5	9	7	32
25/04/2025	03	6	1	4	9	5	30
25/04/2025	04	7	1	4	13	6	25
25/04/2025	05	9	1	7	17	8	18
25/04/2025	06	9	7	14	22	24	12
25/04/2025	07	12	9	9	25	22	25
25/04/2025	08	11	5	10	24	18	49
25/04/2025	09	5	2	4	12	7	76
25/04/2025	10	2	2	2	7	4	87
25/04/2025	11	3	1	2	9	4	91
25/04/2025	12	3	1	2	13	4	92
25/04/2025	13	3	1	2	9	4	92
25/04/2025	14	3	1	2	10	4	91
25/04/2025	15	3	1	2	12	4	99
25/04/2025	16	4	1	3	13	6	105
25/04/2025	17	4	1	3	12	5	102
25/04/2025	18	4	1	4	12	6	90
25/04/2025	19	4	1	4	9	5	88
25/04/2025	20	4	1	3	9	4	82
25/04/2025	21	4	1	4	8	5	70
25/04/2025	22	4	1	3	8	3	66
25/04/2025	23	5	1	3	9	5	60
26/04/2025	00	10	1	5	18	7	40
26/04/2025	01	17	4	5	24	10	31
26/04/2025	02	21	3	14	29	18	18
26/04/2025	03	14	1	8	20	10	20
26/04/2025	04	12	1	8	18	9	19
26/04/2025	05	9	1	9	16	11	31
26/04/2025	06	12	2	7	35	11	32
26/04/2025	07	9	3	6	18	9	52
26/04/2025	08	5	1	2	9	3	68
26/04/2025	09	5	2	2	10	4	73
26/04/2025	10	3	1	2	8	3	85
26/04/2025	11	3	1	2	6	3	87
26/04/2025	12	3	1	2	8	3	86
26/04/2025	13	3	1	2	5	3	86
26/04/2025	14	3	1	2	7	3	88
26/04/2025	15	3	1	2	7	3	91
26/04/2025	16	3	1	2	7	3	95
26/04/2025	17	4	1	2	12	3	86
26/04/2025	18	3	1	3	7	5	80
26/04/2025	19	3	1	2	7	3	80
26/04/2025	20	3	1	2	6	3	74
26/04/2025	21	3	1	2	6	3	70
26/04/2025	22	5	1	2	8	3	62
26/04/2025	23	3	1	2	7	3	69
27/04/2025	00	3	1	2	5	3	71
27/04/2025	01	4	1	2	6	3	55
27/04/2025	02	3	1	2	6	3	52
27/04/2025	03	4	1	2	9	3	56
27/04/2025	04	3	1	2	6	3	54
27/04/2025	05	2	1	2	3	3	59
27/04/2025	06	2	1	2	7	3	60
27/04/2025	07	1	1	2	2	3	66
27/04/2025	08	1	1	2	3	3	69
27/04/2025	09	1	1	2	3	3	71
27/04/2025	10	1	1	2	3	3	74
27/04/2025	11	1	1	2	3	3	79
27/04/2025	12	1	1	2	3	3	79
27/04/2025	13	1	1	2	1	3	81
27/04/2025	14	1	1	2	3	3	83
27/04/2025	15	2	1	2	5	3	87
27/04/2025	16	3	1	2	9	3	87
27/04/2025	17	2	1	2	7	3	88
27/04/2025	18	2	1	2	4	3	86
27/04/2025	19	2	1	2	4	3	83
27/04/2025	20	2	1	2	5	3	79
27/04/2025	21	2	1	2	4	3	75
27/04/2025	22	3	1	2	6	3	71
27/04/2025	23	3	1	2	7	3	52
28/04/2025	00	3	1	2	8	3	47
28/04/2025	01	4	1	2	6	3	49
28/04/2025	02	5	1	2	11	3	34
28/04/2025	03	4	1	2	7	3	33
28/04/2025	04	3	1	2	6	3	37
28/04/2025	05	3	1	2	6	3	37
28/04/2025	06	5	1	2	15	4	32
28/04/2025	07	6	5	7	21	14	33
28/04/2025	08	4	3	3	9	7	58
28/04/2025	09	3	1	2	6	3	75
28/04/2025	10	2	1	2	4	3	85
28/04/2025	23	6	1	2	10	3	46
29/04/2025	00	7	1	2	12	3	38
29/04/2025	01	6	1	2	9	3	39
29/04/2025	02	6	1	2	8	3	34
29/04/2025	03	5	1	2	7	3	30
29/04/2025	04	6	1	2	8	3	33
29/04/2025	05	8	1	6	16	8	24
29/04/2025	06	9	2	7	19	10	33
29/04/2025	07	9	4	6	27	11	60
29/04/2025	08	5	2	2	11	3	80
29/04/2025	09	5	1	2	9	3	84
29/04/2025	10	7	3	3	26	7	82
29/04/2025	11	11	2	2	53	5	86
29/04/2025	12	8	2	2	37	4	90
29/04/2025	13	8	1	2	40	3	91
29/04/2025	14	8	1	2	40	3	91
29/04/2025	15	11	2	3	63	5	89
29/04/2025	16	11	1	2	64	3	92
29/04/2025	17	10	1	2	55	3	90
29/04/2025	18	7	1	2	26	3	89
29/04/2025	19	4	1	2	11	3	86
29/04/2025	20	4	1	2	10	3	84
29/04/2025	21	4	2	2	7	3	80
29/04/2025	22	4	1	2	6	3	83
29/04/2025	23	3	1	2	4	3	84
30/04/2025	00	3	1	2	3	3	83
30/04/2025	01	3	1	2	3	3	82
30/04/2025	02	3	1	2	4	3	82
30/04/2025	03	3	1	2	4	3	82
30/04/2025	04	4	1	2	5	3	78
30/04/2025	05	5	1	2	6	3	75
30/04/2025	06	6	1	2	9	3	72
30/04/2025	07	7	1	2	15	3	73
30/04/2025	08	10	1	2	46	3	78
30/04/2025	09	14	3	2	79	5	81
30/04/2025	10	15	2	2	83	3	83
30/04/2025	11	22	1	2	127	3	85
30/04/2025	12	30	1	2	178	3	86
30/04/2025	13	28	1	2	169	3	88
30/04/2025	14	19	1	2	108	3	90
30/04/2025	15	18	1	2	109	3	89
30/04/2025	16	10	1	2	60	3	91
30/04/2025	17	12	1	2	65	3	90
30/04/2025	18	9	1	2	35	3	89
30/04/2025	19	7	1	2	15	3	85
30/04/2025	20	6	1	2	9	3	83
30/04/2025	21	7	1	2	8	3	82
30/04/2025	22	6	1	2	8	3	82
30/04/2025	23	7	1	2	9	3	81
