Red: Red de Vigilancia y Control de la Contaminación Atmosférica
Estación: 46220009-Sagunt - Nord
	
FECHA	HORA	NO	NO2	NOx	O3
		µg/m³	µg/m³	µg/m³	µg/m³
01/01/2025	00	2	2	4	42
01/01/2025	01	2	4	7	46
01/01/2025	02	2	2	5	55
01/01/2025	03	2	1	3	50
01/01/2025	04	2	1	3	45
01/01/2025	05	2	1	3	50
01/01/2025	06	2	1	3	46
01/01/2025	07	2	1	3	42
01/01/2025	08	2	1	3	41
01/01/2025	09	2	1	3	38
01/01/2025	10	2	1	3	40
01/01/2025	11	2	1	3	51
01/01/2025	12	2	1	3	54
01/01/2025	13	2	1	3	58
01/01/2025	14	2	1	4	66
01/01/2025	15	2	1	3	72
01/01/2025	16	2	2	5	67
01/01/2025	17	2	13	16	45
01/01/2025	18	2	25	28	19
01/01/2025	19	4	29	35	8
01/01/2025	20	6	25	35	3
01/01/2025	21	3	20	25	7
01/01/2025	22	2	16	19	7
01/01/2025	23	2	11	14	8
02/01/2025	00	2	7	10	12
02/01/2025	01	2	5	8	14
02/01/2025	02	2	2	5	19
02/01/2025	03	2	1	4	16
02/01/2025	04	2	2	5	21
02/01/2025	05	2	1	4	25
02/01/2025	06	2	1	4	33
02/01/2025	07	2	6	9	19
02/01/2025	08	2	10	13	17
02/01/2025	09	3	9	13	22
02/01/2025	10	4	6	13	30
02/01/2025	11	4	7	14	38
02/01/2025	12	3	7	12	55
02/01/2025	13	2	1	4	68
02/01/2025	14	2	3	6	65
02/01/2025	15	2	4	8	62
02/01/2025	16	2	6	9	58
02/01/2025	17	2	13	16	48
02/01/2025	18	17	41	67	11
02/01/2025	19	22	35	68	3
02/01/2025	20	4	24	30	11
02/01/2025	21	2	17	20	16
02/01/2025	22	2	13	16	17
02/01/2025	23	2	10	13	18
03/01/2025	00	2	8	11	18
03/01/2025	01	2	4	7	25
03/01/2025	02	2	2	5	34
03/01/2025	03	2	3	6	31
03/01/2025	04	2	1	4	42
03/01/2025	05	2	2	4	41
03/01/2025	06	2	4	8	39
03/01/2025	07	10	25	40	10
03/01/2025	08	13	28	48	8
03/01/2025	09	12	22	40	17
03/01/2025	10	11	18	35	28
03/01/2025	11	10	23	38	35
03/01/2025	12	7	14	26	49
03/01/2025	13	2	3	6	66
03/01/2025	14	2	3	7	67
03/01/2025	15	2	4	7	65
03/01/2025	16	2	7	10	60
03/01/2025	17	3	32	36	30
03/01/2025	18	7	44	53	15
03/01/2025	19	31	50	98	3
03/01/2025	20	20	50	81	4
03/01/2025	21	5	47	54	8
03/01/2025	22	12	50	68	3
03/01/2025	23	9	44	58	4
04/01/2025	00	3	30	34	8
04/01/2025	01	2	18	21	18
04/01/2025	02	2	15	18	31
04/01/2025	03	2	16	19	27
04/01/2025	04	2	15	18	28
04/01/2025	05	2	13	16	30
04/01/2025	06	2	6	9	34
04/01/2025	07	2	6	9	38
04/01/2025	08	2	9	12	38
04/01/2025	09	2	10	13	40
04/01/2025	10	3	11	15	38
04/01/2025	11	2	8	12	50
04/01/2025	12	2	6	9	54
04/01/2025	13	2	7	10	58
04/01/2025	14	2	6	10	59
04/01/2025	15	2	5	8	66
04/01/2025	16	2	2	5	68
04/01/2025	17	2	10	13	52
04/01/2025	18	7	43	53	10
04/01/2025	19	3	32	37	11
04/01/2025	20	2	26	29	15
04/01/2025	21	2	20	23	18
04/01/2025	22	2	19	21	18
04/01/2025	23	2	16	20	15
05/01/2025	00	2	13	16	19
05/01/2025	01	2	8	11	21
05/01/2025	02	2	4	7	23
05/01/2025	03	2	2	5	23
05/01/2025	04	2	1	5	27
05/01/2025	05	2	1	3	31
05/01/2025	06	2	2	5	31
05/01/2025	07	2	2	5	29
05/01/2025	08	2	4	7	32
05/01/2025	09	2	6	9	34
05/01/2025	10	2	5	9	40
05/01/2025	11	2	7	10	50
05/01/2025	12	2	2	5	72
05/01/2025	13	2	1	3	78
05/01/2025	14	2	1	3	79
05/01/2025	15	2	2	4	74
05/01/2025	16	2	3	6	68
05/01/2025	17	2	4	7	64
05/01/2025	18	2	10	13	53
05/01/2025	19	2	19	22	40
05/01/2025	20	3	24	28	31
05/01/2025	21	2	20	23	26
05/01/2025	22	3	27	32	12
05/01/2025	23	3	25	29	18
06/01/2025	00	2	11	14	38
06/01/2025	01	2	8	11	39
06/01/2025	02	2	4	7	34
06/01/2025	03	2	2	5	44
06/01/2025	04	2	1	3	52
06/01/2025	05	2	1	3	51
06/01/2025	06	2	1	3	57
06/01/2025	07	2	1	4	48
06/01/2025	08	2	3	6	54
06/01/2025	09	2	1	4	71
06/01/2025	10	2	1	3	69
06/01/2025	11	2	1	3	73
06/01/2025	12	2	1	3	77
06/01/2025	13	2	1	3	79
06/01/2025	14	2	1	3	78
06/01/2025	15	2	1	3	74
06/01/2025	16	2	1	3	71
06/01/2025	17	2	2	5	65
06/01/2025	18	2	1	4	72
06/01/2025	19	2	1	3	75
06/01/2025	20	2	1	3	77
06/01/2025	21	2	2	4	71
06/01/2025	22	2	1	4	73
06/01/2025	23	2	1	3	73
07/01/2025	00	2	1	3	74
07/01/2025	01	2	1	3	74
07/01/2025	02	2	1	3	73
07/01/2025	03	2	1	3	74
07/01/2025	04	2	1	3	73
07/01/2025	05	2	1	3	73
07/01/2025	06	2	1	3	72
07/01/2025	07	2	3	5	60
07/01/2025	08	2	21	24	41
07/01/2025	09	10	29	44	29
07/01/2025	10	3	6	10	58
07/01/2025	11	2	2	4	65
07/01/2025	12	2	1	3	69
07/01/2025	13	2	1	3	72
07/01/2025	14	2	1	3	73
07/01/2025	15	2	1	3	74
07/01/2025	16	2	1	4	72
07/01/2025	17	2	2	5	68
07/01/2025	18	2	2	5	65
07/01/2025	19	2	1	4	65
07/01/2025	20	2	1	4	65
07/01/2025	21	2	2	5	61
07/01/2025	22	2	3	6	56
07/01/2025	23	2	3	6	51
08/01/2025	00	2	5	8	47
08/01/2025	01	2	1	4	58
08/01/2025	02	2	1	3	58
08/01/2025	03	2	1	3	56
08/01/2025	04	2	1	3	55
08/01/2025	05	2	1	4	55
08/01/2025	06	2	7	10	38
08/01/2025	07	2	21	25	18
08/01/2025	08	11	34	51	9
08/01/2025	09	12	23	41	14
08/01/2025	10	5	12	19	38
08/01/2025	11	2	7	10	57
08/01/2025	12	2	2	4	69
08/01/2025	13	2	1	3	72
08/01/2025	14	2	1	4	73
08/01/2025	15	2	1	4	71
08/01/2025	16	2	5	8	66
08/01/2025	17	2	14	17	55
08/01/2025	18	3	24	28	39
08/01/2025	19	4	30	36	31
08/01/2025	20	2	28	31	35
08/01/2025	21	2	6	9	64
08/01/2025	22	2	4	6	65
08/01/2025	23	2	1	4	68
09/01/2025	00	2	1	3	69
09/01/2025	01	2	1	4	61
09/01/2025	02	2	1	3	63
09/01/2025	03	2	1	3	66
09/01/2025	04	2	2	4	58
09/01/2025	05	2	3	6	62
09/01/2025	06	2	1	3	68
09/01/2025	07	2	5	8	56
09/01/2025	08	2	20	24	41
09/01/2025	09	2	7	10	59
09/01/2025	10	2	3	6	64
09/01/2025	11	2	2	4	65
09/01/2025	12	6	8	16	61
09/01/2025	13	2	1	3	67
09/01/2025	14	2	1	3	66
09/01/2025	15	2	1	3	66
09/01/2025	16	2	2	4	68
09/01/2025	17	2	3	6	61
09/01/2025	18	2	3	6	61
09/01/2025	19	2	3	6	60
09/01/2025	20	2	4	7	55
09/01/2025	21	2	15	18	41
09/01/2025	22	2	13	16	40
09/01/2025	23	2	7	10	43
10/01/2025	00	2	3	5	48
10/01/2025	01	2	3	6	39
10/01/2025	02	2	8	11	31
10/01/2025	03	2	3	6	46
10/01/2025	04	2	1	3	51
10/01/2025	05	2	1	3	51
10/01/2025	06	3	6	9	42
10/01/2025	07	4	21	28	22
10/01/2025	09	7	11	23	43
10/01/2025	10	2	1	4	50
10/01/2025	11	2	2	4	53
10/01/2025	12	2	1	4	57
10/01/2025	13	2	1	3	56
10/01/2025	14	2	2	5	55
10/01/2025	15	2	1	4	58
10/01/2025	16	2	2	5	58
10/01/2025	17	2	3	6	56
10/01/2025	18	3	20	24	31
10/01/2025	19	8	33	46	13
10/01/2025	20	2	3	6	54
10/01/2025	21	2	2	5	64
10/01/2025	22	2	1	3	74
10/01/2025	23	2	1	3	72
11/01/2025	00	2	1	3	70
11/01/2025	01	2	1	3	70
11/01/2025	02	2	1	3	70
11/01/2025	03	2	1	2	72
11/01/2025	04	2	1	3	69
11/01/2025	05	2	1	3	62
11/01/2025	06	2	1	3	60
11/01/2025	07	2	1	4	58
11/01/2025	08	2	8	10	48
11/01/2025	09	3	21	24	31
11/01/2025	10	5	15	23	37
11/01/2025	11	2	1	3	74
11/01/2025	12	2	1	3	75
11/01/2025	13	2	1	2	73
11/01/2025	14	2	1	3	79
11/01/2025	15	2	1	3	79
11/01/2025	16	2	1	3	77
11/01/2025	17	2	1	3	77
11/01/2025	18	2	1	3	79
11/01/2025	19	2	1	3	78
11/01/2025	20	2	1	3	75
11/01/2025	21	2	1	3	78
11/01/2025	22	2	1	3	79
11/01/2025	23	2	1	3	79
12/01/2025	00	2	1	3	77
12/01/2025	01	2	1	3	78
12/01/2025	02	2	1	3	78
12/01/2025	03	2	1	3	78
12/01/2025	04	2	1	3	77
12/01/2025	05	2	1	3	76
12/01/2025	06	2	1	3	77
12/01/2025	07	2	1	3	77
12/01/2025	08	2	1	3	77
12/01/2025	09	2	1	3	78
12/01/2025	10	2	1	3	77
12/01/2025	11	2	1	3	78
12/01/2025	12	2	1	3	79
12/01/2025	13	2	1	3	80
12/01/2025	14	2	2	5	79
12/01/2025	15	2	1	3	80
12/01/2025	16	2	1	3	80
12/01/2025	17	2	1	3	78
12/01/2025	18	2	4	6	70
12/01/2025	19	2	2	5	75
12/01/2025	20	2	1	4	74
12/01/2025	21	2	3	6	64
12/01/2025	22	2	7	10	58
12/01/2025	23	2	6	9	51
13/01/2025	00	2	3	6	47
13/01/2025	01	2	1	3	51
13/01/2025	02	2	1	3	59
13/01/2025	03	2	1	3	53
13/01/2025	04	2	1	3	53
13/01/2025	05	2	1	3	54
13/01/2025	06	2	1	4	56
13/01/2025	07	2	6	9	46
13/01/2025	08	2	14	17	40
13/01/2025	09	3	15	19	40
13/01/2025	10	2	7	11	57
13/01/2025	11	2	2	5	71
13/01/2025	12	2	1	5	74
13/01/2025	13	2	1	4	78
13/01/2025	14	2	3	6	76
13/01/2025	15	2	2	5	80
13/01/2025	16	2	3	5	79
13/01/2025	17	2	5	8	75
13/01/2025	18	3	35	40	31
13/01/2025	19	2	34	37	24
13/01/2025	20	2	25	28	31
13/01/2025	21	2	19	22	36
13/01/2025	22	2	11	14	47
13/01/2025	23	2	5	8	55
14/01/2025	00	2	4	7	52
14/01/2025	01	2	2	5	55
14/01/2025	02	2	1	4	58
14/01/2025	03	2	1	3	60
14/01/2025	04	2	1	3	50
14/01/2025	05	2	3	6	47
14/01/2025	06	2	5	8	44
14/01/2025	07	5	12	20	35
14/01/2025	08	6	22	31	29
14/01/2025	09	5	17	24	34
14/01/2025	10	4	12	18	46
14/01/2025	11	5	7	15	60
14/01/2025	12	2	5	8	65
14/01/2025	13	3	8	12	64
14/01/2025	14	2	8	12	66
14/01/2025	15	2	11	15	65
14/01/2025	16	3	10	14	66
14/01/2025	17	2	6	9	68
14/01/2025	18	11	45	61	18
14/01/2025	19	3	35	40	17
14/01/2025	20	2	25	28	27
14/01/2025	21	2	19	22	30
14/01/2025	22	2	17	21	30
14/01/2025	23	2	15	19	31
15/01/2025	00	2	12	15	34
15/01/2025	01	2	9	12	36
15/01/2025	02	2	7	10	38
15/01/2025	03	2	6	9	34
15/01/2025	04	2	6	9	36
15/01/2025	05	2	6	9	34
15/01/2025	06	2	10	13	28
15/01/2025	07	2	19	22	20
15/01/2025	08	3	25	29	17
15/01/2025	09	6	22	31	24
15/01/2025	10	6	16	25	37
15/01/2025	11	5	14	22	48
15/01/2025	12	6	17	25	55
15/01/2025	13	6	20	29	51
15/01/2025	14	6	20	28	53
15/01/2025	15	6	23	33	47
15/01/2025	16	6	26	34	47
15/01/2025	17	3	20	24	61
15/01/2025	18	2	23	26	57
15/01/2025	19	15	52	75	6
15/01/2025	20	6	40	49	7
15/01/2025	21	3	36	41	6
15/01/2025	22	2	30	33	11
15/01/2025	23	2	23	26	18
16/01/2025	00	2	15	18	25
16/01/2025	01	2	10	13	29
16/01/2025	02	2	7	10	31
16/01/2025	03	2	5	8	35
16/01/2025	04	2	4	8	41
16/01/2025	05	2	3	6	44
16/01/2025	06	3	6	10	38
16/01/2025	07	2	18	21	28
16/01/2025	08	3	25	29	23
16/01/2025	09	3	14	18	44
16/01/2025	10	2	4	7	63
16/01/2025	11	2	3	6	67
16/01/2025	12	2	2	5	75
16/01/2025	13	2	1	3	80
16/01/2025	14	2	1	3	83
16/01/2025	15	2	1	3	82
16/01/2025	16	2	2	4	74
16/01/2025	17	2	4	7	67
16/01/2025	18	2	7	10	64
16/01/2025	19	2	4	7	70
16/01/2025	20	2	1	4	73
16/01/2025	21	2	1	4	68
16/01/2025	22	2	2	4	66
16/01/2025	23	2	1	4	62
17/01/2025	00	2	1	4	59
17/01/2025	01	2	1	3	64
17/01/2025	02	2	1	3	65
17/01/2025	03	2	1	3	65
17/01/2025	04	2	1	3	66
17/01/2025	05	2	1	3	67
17/01/2025	06	2	1	3	66
17/01/2025	07	2	1	3	68
17/01/2025	08	2	1	4	64
17/01/2025	09	2	2	5	60
17/01/2025	10	2	2	5	58
17/01/2025	11	2	2	5	59
17/01/2025	12	2	2	4	59
17/01/2025	13	2	2	5	59
17/01/2025	14	2	3	5	59
17/01/2025	15	2	3	6	61
17/01/2025	16	2	3	6	62
17/01/2025	17	2	8	10	57
17/01/2025	18	2	6	8	60
17/01/2025	19	2	5	8	61
17/01/2025	20	2	5	8	61
17/01/2025	21	2	6	9	49
17/01/2025	22	2	6	9	48
17/01/2025	23	2	4	7	51
18/01/2025	00	2	2	4	50
18/01/2025	01	2	1	4	48
18/01/2025	02	2	2	5	39
18/01/2025	03	2	2	4	41
18/01/2025	04	2	1	3	50
18/01/2025	05	2	1	3	56
18/01/2025	06	2	1	3	50
18/01/2025	07	2	2	4	50
18/01/2025	08	2	4	7	48
18/01/2025	09	2	3	6	54
18/01/2025	10	2	1	3	67
18/01/2025	11	2	1	4	68
18/01/2025	12	2	1	3	74
18/01/2025	13	2	1	4	75
18/01/2025	14	2	2	5	72
18/01/2025	15	2	3	5	71
18/01/2025	16	2	8	11	67
18/01/2025	17	2	7	9	67
18/01/2025	18	3	33	38	20
18/01/2025	19	2	26	29	17
18/01/2025	20	2	19	22	22
18/01/2025	21	2	15	18	24
18/01/2025	22	2	14	16	18
18/01/2025	23	2	10	13	24
19/01/2025	00	2	8	11	22
19/01/2025	01	2	5	7	31
19/01/2025	02	2	2	5	38
19/01/2025	03	2	1	4	35
19/01/2025	04	2	1	4	36
19/01/2025	05	2	1	3	34
19/01/2025	06	2	1	4	32
19/01/2025	07	2	2	5	31
19/01/2025	08	2	3	6	35
19/01/2025	09	2	5	8	32
19/01/2025	10	2	4	7	39
19/01/2025	11	3	6	11	42
19/01/2025	12	4	7	13	49
19/01/2025	13	2	4	7	63
19/01/2025	14	2	3	6	72
19/01/2025	15	2	2	5	76
19/01/2025	16	2	5	8	75
19/01/2025	17	2	4	6	81
19/01/2025	18	4	27	33	46
19/01/2025	19	3	40	45	13
19/01/2025	20	2	25	28	23
19/01/2025	21	2	18	21	26
19/01/2025	22	2	13	16	36
19/01/2025	23	2	9	12	35
20/01/2025	00	2	6	8	38
20/01/2025	01	2	4	6	38
20/01/2025	02	2	2	5	35
20/01/2025	03	2	1	4	36
20/01/2025	04	2	1	3	35
20/01/2025	05	2	2	4	33
20/01/2025	06	2	5	7	29
20/01/2025	07	2	13	16	19
20/01/2025	08	6	25	34	7
20/01/2025	09	6	22	32	23
20/01/2025	10	2	6	9	53
20/01/2025	11	3	9	12	55
20/01/2025	12	2	4	6	68
20/01/2025	13	2	7	10	61
20/01/2025	14	3	9	13	60
20/01/2025	15	2	12	15	54
20/01/2025	16	5	26	34	29
20/01/2025	17	4	27	34	27
20/01/2025	18	21	45	76	4
20/01/2025	19	24	40	77	3
20/01/2025	20	16	32	57	3
20/01/2025	21	11	29	46	3
20/01/2025	22	7	27	38	4
20/01/2025	23	4	22	28	8
21/01/2025	00	2	17	20	21
21/01/2025	01	2	19	22	12
21/01/2025	02	2	23	26	13
21/01/2025	03	2	24	27	12
21/01/2025	04	3	31	36	4
21/01/2025	05	8	32	44	3
21/01/2025	06	18	29	56	3
21/01/2025	07	9	25	38	2
21/01/2025	08	23	24	59	3
21/01/2025	09	37	31	88	5
21/01/2025	10	16	28	53	10
21/01/2025	11	11	27	43	14
21/01/2025	12	10	27	42	18
21/01/2025	13	14	23	44	26
21/01/2025	14	13	34	54	23
21/01/2025	15	11	26	43	21
21/01/2025	16	8	27	40	19
21/01/2025	17	9	34	47	10
21/01/2025	18	5	29	36	18
21/01/2025	19	16	39	63	6
21/01/2025	20	22	38	72	3
21/01/2025	21	9	31	44	3
21/01/2025	22	7	26	36	3
21/01/2025	23	5	22	29	3
22/01/2025	00	3	19	23	6
22/01/2025	01	2	16	19	9
22/01/2025	02	2	11	14	12
22/01/2025	03	2	8	11	9
22/01/2025	04	2	7	10	8
22/01/2025	05	2	6	9	11
22/01/2025	06	2	9	12	9
22/01/2025	07	5	14	21	4
22/01/2025	08	10	17	33	4
22/01/2025	09	14	15	36	12
22/01/2025	10	26	21	62	20
22/01/2025	11	19	24	52	24
22/01/2025	12	8	18	30	41
22/01/2025	13	7	15	25	48
22/01/2025	14	4	11	17	56
22/01/2025	15	5	14	21	58
22/01/2025	16	2	3	6	69
22/01/2025	17	2	13	16	56
22/01/2025	18	2	7	10	62
22/01/2025	19	3	28	32	37
22/01/2025	20	4	31	37	31
22/01/2025	21	2	6	9	61
22/01/2025	22	2	6	9	57
22/01/2025	23	2	5	8	57
23/01/2025	00	2	4	7	58
23/01/2025	01	2	3	6	57
23/01/2025	02	2	3	6	59
23/01/2025	03	2	4	7	56
23/01/2025	04	2	2	4	59
23/01/2025	05	2	4	7	50
23/01/2025	06	2	6	8	54
23/01/2025	07	2	11	14	52
23/01/2025	08	2	4	7	64
23/01/2025	09	2	6	9	59
23/01/2025	10	2	5	8	64
23/01/2025	11	2	2	4	70
23/01/2025	13	2	2	6	73
23/01/2025	14	2	3	7	74
23/01/2025	15	2	2	6	78
23/01/2025	16	2	2	6	73
23/01/2025	17	2	4	8	73
23/01/2025	18	2	14	18	59
23/01/2025	19	2	27	31	42
23/01/2025	20	4	41	47	28
23/01/2025	21	4	43	49	15
23/01/2025	22	3	28	33	21
23/01/2025	23	2	31	35	17
24/01/2025	00	2	17	20	16
24/01/2025	01	2	9	12	26
24/01/2025	02	2	8	11	26
24/01/2025	03	2	6	10	28
24/01/2025	04	2	5	9	32
24/01/2025	05	2	5	8	32
24/01/2025	06	2	7	11	27
24/01/2025	07	3	15	19	14
24/01/2025	08	5	22	29	10
24/01/2025	09	6	16	25	27
24/01/2025	10	4	10	16	44
24/01/2025	11	6	15	24	50
24/01/2025	12	2	2	6	75
24/01/2025	13	2	2	5	78
24/01/2025	14	2	2	5	81
24/01/2025	15	2	2	5	81
24/01/2025	16	2	2	6	79
24/01/2025	17	2	3	7	75
24/01/2025	18	2	8	11	68
24/01/2025	19	2	11	15	62
24/01/2025	20	2	13	17	57
24/01/2025	21	2	13	16	57
24/01/2025	22	2	17	20	47
24/01/2025	23	2	30	33	22
25/01/2025	00	3	27	30	19
25/01/2025	01	4	25	30	18
25/01/2025	02	2	17	21	22
25/01/2025	03	2	12	16	25
25/01/2025	04	2	8	11	42
25/01/2025	05	2	5	8	52
25/01/2025	06	2	3	7	65
25/01/2025	07	2	7	10	49
25/01/2025	08	2	18	22	39
25/01/2025	09	2	7	11	53
25/01/2025	10	3	12	16	48
25/01/2025	11	3	10	14	51
25/01/2025	12	2	5	8	67
25/01/2025	13	2	2	5	73
25/01/2025	14	2	2	5	78
25/01/2025	15	2	1	4	76
25/01/2025	16	2	2	6	74
25/01/2025	17	2	2	5	73
25/01/2025	18	2	5	8	65
25/01/2025	19	2	5	9	63
25/01/2025	20	2	7	10	61
25/01/2025	21	2	5	8	61
25/01/2025	22	2	9	12	56
25/01/2025	23	2	10	14	46
26/01/2025	00	2	4	8	63
26/01/2025	01	2	4	8	58
26/01/2025	02	2	3	6	62
26/01/2025	03	2	2	5	58
26/01/2025	04	2	2	5	51
26/01/2025	05	2	3	7	49
26/01/2025	06	2	3	6	46
26/01/2025	07	2	3	6	41
26/01/2025	08	2	4	7	48
26/01/2025	09	2	4	7	58
26/01/2025	10	2	4	7	62
26/01/2025	11	2	1	5	73
26/01/2025	12	2	1	4	76
26/01/2025	13	2	1	5	78
26/01/2025	14	2	1	5	75
26/01/2025	15	2	2	6	71
26/01/2025	16	2	3	7	69
26/01/2025	17	2	4	7	65
26/01/2025	18	2	8	12	60
26/01/2025	19	2	17	21	47
26/01/2025	20	3	12	16	50
26/01/2025	21	2	5	8	61
26/01/2025	22	2	4	7	60
26/01/2025	23	2	5	8	59
27/01/2025	00	2	3	7	61
27/01/2025	01	2	2	6	61
27/01/2025	02	2	1	5	64
27/01/2025	03	2	2	5	62
27/01/2025	04	2	3	6	59
27/01/2025	05	2	3	6	59
27/01/2025	06	2	2	6	58
27/01/2025	07	2	5	8	52
27/01/2025	08	2	10	13	46
27/01/2025	09	2	5	8	55
27/01/2025	10	2	3	6	54
27/01/2025	11	2	1	4	57
27/01/2025	12	2	1	4	58
27/01/2025	13	2	1	4	60
27/01/2025	14	2	2	5	58
27/01/2025	15	2	1	4	61
27/01/2025	16	2	2	5	62
27/01/2025	17	2	2	5	60
27/01/2025	18	2	2	5	58
27/01/2025	19	2	1	5	56
27/01/2025	20	2	1	4	64
27/01/2025	21	2	1	4	78
27/01/2025	22	2	1	4	85
27/01/2025	23	2	1	4	85
28/01/2025	00	2	1	4	86
28/01/2025	01	2	1	4	85
28/01/2025	02	2	1	4	84
28/01/2025	03	2	1	4	84
28/01/2025	04	2	1	4	83
28/01/2025	05	2	1	4	83
28/01/2025	06	2	1	4	80
28/01/2025	07	2	1	4	80
28/01/2025	08	2	1	4	79
28/01/2025	09	2	1	4	80
28/01/2025	10	2	1	4	85
28/01/2025	11	2	1	4	84
28/01/2025	12	2	1	4	83
28/01/2025	13	2	1	4	81
28/01/2025	14	2	1	4	80
28/01/2025	15	2	1	4	79
28/01/2025	16	2	1	5	77
28/01/2025	17	2	3	6	74
28/01/2025	18	2	5	9	68
28/01/2025	19	2	4	7	70
28/01/2025	20	2	4	7	69
28/01/2025	21	2	3	6	67
28/01/2025	22	2	2	5	69
28/01/2025	23	2	1	4	71
29/01/2025	00	2	1	4	72
29/01/2025	01	2	1	4	68
29/01/2025	02	2	1	4	70
29/01/2025	03	2	1	4	68
29/01/2025	04	2	1	4	64
29/01/2025	05	2	2	5	60
29/01/2025	06	2	5	8	54
29/01/2025	07	2	6	9	58
29/01/2025	08	2	6	9	59
29/01/2025	09	2	4	7	64
29/01/2025	10	2	3	6	67
29/01/2025	11	2	3	6	64
29/01/2025	12	2	3	6	67
29/01/2025	13	2	3	6	71
29/01/2025	14	2	3	7	70
29/01/2025	15	26	25	65	58
29/01/2025	16	37	33	90	44
29/01/2025	17	40	36	97	38
29/01/2025	18	3	26	30	41
29/01/2025	19	2	13	16	58
29/01/2025	20	2	4	7	72
29/01/2025	21	2	5	8	66
29/01/2025	22	2	11	14	55
29/01/2025	23	2	11	15	52
30/01/2025	00	2	6	9	54
30/01/2025	01	2	3	6	62
30/01/2025	02	2	2	5	67
30/01/2025	03	2	1	4	74
30/01/2025	04	2	1	4	71
30/01/2025	05	2	2	5	65
30/01/2025	08	16	44	69	10
30/01/2025	09	5	13	20	61
30/01/2025	10	3	3	8	74
30/01/2025	11	3	2	6	75
30/01/2025	12	3	2	6	75
30/01/2025	13	3	2	6	73
30/01/2025	14	3	2	6	73
30/01/2025	15	3	4	8	68
30/01/2025	16	3	6	10	66
30/01/2025	17	3	6	10	68
30/01/2025	18	3	4	9	72
30/01/2025	19	3	3	7	72
30/01/2025	20	3	4	8	70
30/01/2025	21	3	4	8	69
30/01/2025	22	3	4	8	67
30/01/2025	23	3	4	8	62
31/01/2025	00	3	4	8	59
31/01/2025	01	3	4	8	60
31/01/2025	02	3	2	6	71
31/01/2025	03	3	2	6	72
31/01/2025	04	3	2	6	72
31/01/2025	05	3	2	6	72
31/01/2025	06	3	2	7	68
31/01/2025	07	3	4	9	64
31/01/2025	08	3	5	9	64
31/01/2025	09	3	4	9	66
31/01/2025	10	3	3	7	69
31/01/2025	11	3	2	7	71
31/01/2025	12	3	3	7	74
31/01/2025	13	3	2	7	80
31/01/2025	14	3	2	7	82
31/01/2025	15	3	4	9	82
31/01/2025	16	3	10	15	71
31/01/2025	17	3	9	13	71
31/01/2025	18	3	8	13	67
31/01/2025	19	4	36	42	29
31/01/2025	20	4	32	38	22
31/01/2025	21	3	22	27	27
31/01/2025	22	3	17	21	29
31/01/2025	23	3	15	19	25
01/02/2025	00	3	12	16	26
01/02/2025	01	3	11	15	26
01/02/2025	02	3	10	14	27
01/02/2025	03	3	9	13	27
01/02/2025	04	3	8	13	28
01/02/2025	05	3	7	11	38
01/02/2025	06	3	4	9	47
01/02/2025	07	3	5	9	54
01/02/2025	08	3	9	14	44
01/02/2025	09	4	14	21	41
01/02/2025	10	4	14	21	47
01/02/2025	11	6	14	22	51
01/02/2025	12	3	6	11	64
01/02/2025	13	4	10	15	58
01/02/2025	14	3	6	11	71
01/02/2025	15	3	5	9	70
01/02/2025	16	3	5	9	74
01/02/2025	17	3	9	13	65
01/02/2025	18	3	13	17	58
01/02/2025	19	3	11	16	58
01/02/2025	20	3	9	13	55
01/02/2025	21	3	10	14	54
01/02/2025	22	3	5	9	68
01/02/2025	23	3	8	12	43
02/02/2025	00	3	6	10	48
02/02/2025	01	3	5	9	50
02/02/2025	02	3	5	9	65
02/02/2025	03	3	4	8	57
02/02/2025	04	3	3	7	52
02/02/2025	05	3	2	6	51
02/02/2025	06	3	2	6	47
02/02/2025	07	3	2	6	53
02/02/2025	08	3	2	6	61
02/02/2025	09	3	2	6	66
02/02/2025	10	3	1	6	71
02/02/2025	11	3	2	6	75
02/02/2025	12	3	4	8	72
02/02/2025	13	4	7	13	73
02/02/2025	14	4	8	14	79
02/02/2025	15	3	2	6	80
02/02/2025	16	3	6	11	76
02/02/2025	17	3	9	13	71
02/02/2025	18	3	8	13	65
02/02/2025	19	3	33	38	24
02/02/2025	20	3	21	26	31
02/02/2025	21	3	19	24	30
02/02/2025	22	3	14	18	37
02/02/2025	23	3	10	14	39
03/02/2025	00	3	8	12	38
03/02/2025	01	3	5	9	42
03/02/2025	02	3	4	8	42
03/02/2025	03	3	3	7	38
03/02/2025	04	3	3	8	40
03/02/2025	05	3	3	7	42
03/02/2025	06	3	5	10	36
03/02/2025	07	3	12	16	32
03/02/2025	08	3	18	23	30
03/02/2025	09	5	14	21	38
03/02/2025	10	4	8	14	57
03/02/2025	11	3	4	9	70
03/02/2025	12	3	6	10	73
03/02/2025	13	5	13	20	66
03/02/2025	14	3	7	12	79
03/02/2025	15	3	7	12	78
03/02/2025	16	3	7	11	77
03/02/2025	17	3	16	21	67
03/02/2025	18	7	36	47	38
03/02/2025	19	7	42	52	16
03/02/2025	20	3	29	33	24
03/02/2025	21	3	25	29	27
03/02/2025	22	3	19	24	31
03/02/2025	23	3	13	17	38
04/02/2025	00	3	10	15	38
04/02/2025	01	3	7	11	44
04/02/2025	02	3	5	9	48
04/02/2025	03	3	4	8	45
04/02/2025	04	3	4	8	41
04/02/2025	05	3	5	9	39
04/02/2025	06	3	7	12	36
04/02/2025	07	3	14	19	31
04/02/2025	08	4	20	26	29
04/02/2025	09	7	22	32	33
04/02/2025	10	6	15	24	46
04/02/2025	11	4	12	18	59
04/02/2025	12	6	16	24	59
04/02/2025	13	4	9	15	78
04/02/2025	14	3	4	8	86
04/02/2025	15	3	6	11	86
04/02/2025	16	3	14	19	79
04/02/2025	17	3	17	22	75
04/02/2025	18	3	23	28	63
04/02/2025	19	3	29	33	43
04/02/2025	20	4	38	43	25
04/02/2025	21	3	30	33	28
04/02/2025	22	3	22	27	31
04/02/2025	23	3	18	23	31
05/02/2025	00	3	15	19	31
05/02/2025	01	3	12	16	31
05/02/2025	02	3	10	14	32
05/02/2025	03	3	6	10	41
05/02/2025	04	3	4	9	47
05/02/2025	05	3	5	9	45
05/02/2025	06	3	8	12	39
05/02/2025	07	3	16	21	28
05/02/2025	08	5	25	32	18
05/02/2025	09	8	21	33	30
05/02/2025	10	8	16	29	40
05/02/2025	11	6	15	24	55
05/02/2025	12	3	6	10	77
05/02/2025	13	3	4	8	80
05/02/2025	14	3	4	8	83
05/02/2025	15	3	7	11	80
05/02/2025	16	4	17	23	68
05/02/2025	17	4	22	28	64
05/02/2025	18	5	42	50	28
05/02/2025	19	15	47	71	6
05/02/2025	20	4	35	41	17
05/02/2025	21	3	29	33	19
05/02/2025	22	3	22	27	24
05/02/2025	23	3	19	23	25
06/02/2025	00	3	13	17	34
06/02/2025	01	3	9	13	33
06/02/2025	02	3	7	11	39
06/02/2025	03	3	6	10	38
06/02/2025	04	3	6	10	36
06/02/2025	05	3	6	10	40
06/02/2025	06	3	8	12	35
06/02/2025	07	3	17	21	18
06/02/2025	08	5	22	31	14
06/02/2025	09	8	18	31	26
06/02/2025	10	6	13	23	40
06/02/2025	11	5	11	18	60
06/02/2025	12	3	7	12	71
06/02/2025	13	3	6	11	73
06/02/2025	14	4	10	15	73
06/02/2025	15	4	12	19	77
06/02/2025	16	4	18	24	70
06/02/2025	17	3	17	23	80
06/02/2025	18	4	25	31	62
06/02/2025	19	7	44	55	16
06/02/2025	20	4	28	33	29
06/02/2025	21	3	24	28	30
06/02/2025	22	3	21	25	28
06/02/2025	23	3	16	20	30
07/02/2025	00	3	14	18	30
07/02/2025	01	3	11	15	33
07/02/2025	02	3	9	13	35
07/02/2025	03	3	7	11	33
07/02/2025	04	3	7	11	29
07/02/2025	05	3	7	12	27
07/02/2025	06	3	12	16	19
07/02/2025	07	4	18	24	10
07/02/2025	08	9	21	35	11
07/02/2025	09	9	18	32	23
07/02/2025	10	6	11	20	45
07/02/2025	11	3	8	13	66
07/02/2025	12	12	24	42	45
07/02/2025	13	6	16	25	65
07/02/2025	14	5	17	24	70
07/02/2025	15	3	9	14	89
07/02/2025	16	3	8	12	95
07/02/2025	17	3	8	12	100
07/02/2025	18	3	29	34	63
07/02/2025	19	3	28	34	53
07/02/2025	20	3	15	20	69
07/02/2025	21	3	10	14	69
07/02/2025	22	3	13	17	58
07/02/2025	23	3	18	22	48
08/02/2025	00	3	16	20	53
08/02/2025	01	3	4	8	71
08/02/2025	02	3	2	6	74
08/02/2025	03	3	2	6	72
08/02/2025	04	3	2	6	71
08/02/2025	05	3	2	6	69
08/02/2025	06	3	2	6	68
08/02/2025	07	3	2	7	63
08/02/2025	08	3	5	9	53
08/02/2025	09	3	4	8	60
08/02/2025	10	3	2	6	65
08/02/2025	11	3	2	6	70
08/02/2025	12	3	2	6	77
08/02/2025	13	3	2	6	79
08/02/2025	14	3	2	6	83
08/02/2025	15	3	2	6	86
08/02/2025	16	3	3	7	82
08/02/2025	17	3	3	7	78
08/02/2025	18	3	5	9	73
08/02/2025	19	3	27	31	37
08/02/2025	20	3	22	26	38
08/02/2025	21	3	18	23	34
08/02/2025	22	3	16	20	32
08/02/2025	23	3	13	17	31
09/02/2025	00	3	10	15	33
09/02/2025	01	3	7	11	37
09/02/2025	02	3	5	9	43
09/02/2025	03	3	4	9	43
09/02/2025	04	3	3	8	47
09/02/2025	05	3	2	6	49
09/02/2025	06	3	2	6	49
09/02/2025	07	3	3	7	46
09/02/2025	08	3	5	9	35
09/02/2025	09	3	6	10	40
09/02/2025	10	3	5	9	52
09/02/2025	11	3	4	8	67
09/02/2025	12	3	4	9	71
09/02/2025	13	3	5	9	72
09/02/2025	14	3	3	7	77
09/02/2025	15	3	2	6	82
09/02/2025	16	3	2	6	83
09/02/2025	17	3	3	7	83
09/02/2025	18	3	6	10	72
09/02/2025	19	3	23	27	44
09/02/2025	20	3	31	35	27
09/02/2025	21	3	23	27	33
09/02/2025	22	3	16	20	35
09/02/2025	23	3	12	16	37
10/02/2025	00	3	8	12	40
10/02/2025	01	3	6	10	44
10/02/2025	02	3	4	9	48
10/02/2025	03	3	3	8	47
10/02/2025	04	3	3	8	42
10/02/2025	05	3	5	9	42
10/02/2025	06	3	7	11	38
10/02/2025	07	3	12	17	29
10/02/2025	08	3	20	26	21
10/02/2025	09	5	19	26	29
10/02/2025	10	14	20	41	37
10/02/2025	11	29	35	80	33
10/02/2025	12	6	22	31	52
10/02/2025	13	4	13	18	68
10/02/2025	14	4	8	14	80
10/02/2025	15	3	4	8	88
10/02/2025	16	3	8	12	81
10/02/2025	17	3	7	11	79
10/02/2025	18	3	9	14	72
10/02/2025	19	3	15	19	63
10/02/2025	20	3	13	17	65
10/02/2025	21	3	13	17	64
10/02/2025	22	3	15	19	55
10/02/2025	23	3	24	28	26
11/02/2025	00	3	18	22	24
11/02/2025	01	3	14	18	26
11/02/2025	02	3	10	14	30
11/02/2025	03	3	8	12	29
11/02/2025	04	3	7	11	32
11/02/2025	05	3	5	9	33
11/02/2025	06	3	10	14	19
11/02/2025	10	5	10	17	57
11/02/2025	12	3	6	10	82
11/02/2025	13	3	7	11	87
11/02/2025	14	3	5	10	87
11/02/2025	15	4	15	21	78
11/02/2025	16	4	15	21	82
11/02/2025	17	3	9	13	89
11/02/2025	18	3	6	10	86
11/02/2025	19	3	25	30	48
11/02/2025	20	3	29	34	30
11/02/2025	21	3	23	27	32
11/02/2025	22	3	11	15	49
11/02/2025	23	3	7	11	53
12/02/2025	00	3	6	10	53
12/02/2025	01	3	4	9	54
12/02/2025	02	3	5	9	48
12/02/2025	03	3	6	10	40
12/02/2025	04	3	5	9	42
12/02/2025	05	3	6	10	37
12/02/2025	06	3	8	12	30
12/02/2025	07	3	13	17	20
12/02/2025	08	9	20	32	11
12/02/2025	09	13	23	43	18
12/02/2025	10	4	8	14	66
12/02/2025	11	4	8	13	69
12/02/2025	12	7	21	31	47
12/02/2025	13	9	25	39	50
12/02/2025	14	7	19	30	58
12/02/2025	15	4	15	21	66
12/02/2025	16	3	12	17	76
12/02/2025	17	3	9	13	79
12/02/2025	18	3	14	18	66
12/02/2025	19	3	19	23	55
12/02/2025	20	3	33	38	25
12/02/2025	21	3	27	32	22
12/02/2025	22	4	29	34	11
12/02/2025	23	3	14	19	34
13/02/2025	00	3	4	8	56
13/02/2025	01	3	3	7	57
13/02/2025	02	3	3	7	56
13/02/2025	03	3	3	7	60
13/02/2025	04	3	2	6	61
13/02/2025	05	3	2	6	59
13/02/2025	06	3	4	8	56
13/02/2025	07	3	8	12	51
13/02/2025	08	3	8	12	57
13/02/2025	09	3	5	9	63
13/02/2025	10	3	3	7	68
13/02/2025	11	3	4	8	68
13/02/2025	12	4	10	15	61
13/02/2025	13	4	10	17	65
13/02/2025	14	4	8	14	73
13/02/2025	15	3	6	11	76
13/02/2025	16	3	7	12	75
13/02/2025	17	3	12	16	69
13/02/2025	18	3	13	17	66
13/02/2025	19	3	20	24	54
13/02/2025	20	3	33	38	30
13/02/2025	21	3	31	35	22
13/02/2025	22	3	22	26	28
13/02/2025	23	3	15	19	33
14/02/2025	00	3	11	16	35
14/02/2025	01	3	11	15	29
14/02/2025	02	3	10	14	29
14/02/2025	03	3	10	14	25
14/02/2025	04	3	9	13	23
14/02/2025	05	3	8	12	21
14/02/2025	06	3	12	16	19
14/02/2025	07	4	24	30	15
14/02/2025	08	5	24	32	20
14/02/2025	09	6	12	21	42
14/02/2025	10	9	18	32	43
14/02/2025	11	8	15	28	46
14/02/2025	12	5	8	15	59
14/02/2025	13	5	13	20	61
14/02/2025	14	6	17	26	65
14/02/2025	15	3	7	12	84
14/02/2025	16	3	6	11	85
14/02/2025	17	3	6	11	85
14/02/2025	18	3	9	13	75
14/02/2025	19	3	23	27	49
14/02/2025	20	3	12	17	63
14/02/2025	21	3	10	14	64
14/02/2025	22	3	14	18	48
14/02/2025	23	3	14	18	40
15/02/2025	00	3	15	19	35
15/02/2025	01	3	14	18	33
15/02/2025	02	3	10	14	31
15/02/2025	03	3	9	14	25
15/02/2025	04	3	8	12	26
15/02/2025	05	3	7	11	25
15/02/2025	06	3	7	11	20
15/02/2025	07	3	9	14	17
15/02/2025	08	3	12	18	18
15/02/2025	09	5	11	18	24
15/02/2025	10	4	12	18	50
15/02/2025	11	3	8	14	69
15/02/2025	12	3	5	9	82
15/02/2025	13	3	3	7	82
15/02/2025	14	3	2	6	90
15/02/2025	15	3	2	6	88
15/02/2025	16	3	2	6	88
15/02/2025	17	3	2	7	87
15/02/2025	18	3	2	6	84
15/02/2025	19	3	3	7	77
15/02/2025	20	3	5	9	77
15/02/2025	21	3	10	14	56
15/02/2025	22	3	15	19	41
15/02/2025	23	3	16	20	32
16/02/2025	00	3	13	17	22
16/02/2025	01	3	9	13	20
16/02/2025	02	3	7	11	17
16/02/2025	03	3	5	9	17
16/02/2025	04	3	4	8	21
16/02/2025	05	3	3	7	22
16/02/2025	06	3	4	8	20
16/02/2025	07	3	3	8	19
16/02/2025	08	3	6	10	15
16/02/2025	09	5	6	13	21
16/02/2025	10	4	5	11	42
16/02/2025	11	4	6	11	63
16/02/2025	12	3	4	8	78
16/02/2025	13	4	13	19	69
16/02/2025	14	4	8	13	83
16/02/2025	15	3	4	9	87
16/02/2025	16	3	3	7	94
16/02/2025	17	3	3	7	91
16/02/2025	18	3	4	8	86
16/02/2025	19	3	19	23	58
16/02/2025	20	3	31	36	25
16/02/2025	21	3	23	27	21
16/02/2025	22	3	20	24	19
16/02/2025	23	3	12	17	28
17/02/2025	00	3	8	12	24
17/02/2025	01	3	5	10	26
17/02/2025	02	3	5	10	30
17/02/2025	03	3	4	8	30
17/02/2025	04	3	5	9	31
17/02/2025	05	3	8	12	26
17/02/2025	06	3	18	23	12
17/02/2025	07	6	21	29	8
17/02/2025	08	18	23	51	6
17/02/2025	09	17	22	48	20
17/02/2025	10	4	16	22	45
17/02/2025	11	4	13	20	55
17/02/2025	12	3	7	12	69
17/02/2025	13	3	4	9	76
17/02/2025	14	3	6	10	76
17/02/2025	15	3	5	10	85
17/02/2025	16	3	4	8	91
17/02/2025	17	3	4	8	93
17/02/2025	18	3	4	8	90
17/02/2025	19	3	27	32	51
17/02/2025	20	3	25	30	43
17/02/2025	21	3	26	30	41
17/02/2025	22	3	19	23	68
17/02/2025	23	3	8	12	83
18/02/2025	00	3	6	10	81
18/02/2025	01	3	7	11	75
18/02/2025	02	3	7	11	48
18/02/2025	03	3	5	9	50
18/02/2025	04	3	5	10	49
18/02/2025	05	3	5	9	53
18/02/2025	06	3	6	10	51
18/02/2025	07	3	6	10	49
18/02/2025	08	3	10	14	48
18/02/2025	09	3	8	13	57
18/02/2025	10	3	6	10	64
18/02/2025	11	3	4	9	78
18/02/2025	12	3	6	10	85
18/02/2025	13	3	5	9	94
18/02/2025	14	3	2	6	100
18/02/2025	15	3	2	6	101
18/02/2025	16	3	2	7	101
18/02/2025	17	3	3	7	100
18/02/2025	18	3	3	8	96
18/02/2025	19	3	12	17	75
18/02/2025	20	3	12	16	78
18/02/2025	21	3	12	17	78
18/02/2025	22	3	16	20	58
18/02/2025	23	3	12	16	54
19/02/2025	00	3	9	13	37
19/02/2025	01	3	6	11	30
19/02/2025	02	3	5	9	28
19/02/2025	03	3	4	9	26
19/02/2025	04	3	5	9	23
19/02/2025	05	3	5	9	23
19/02/2025	06	3	11	15	11
19/02/2025	07	5	16	24	7
19/02/2025	08	10	17	32	8
19/02/2025	09	10	13	28	19
19/02/2025	10	5	9	17	67
19/02/2025	11	3	6	10	83
19/02/2025	12	3	4	8	94
19/02/2025	13	3	2	7	98
19/02/2025	14	3	4	9	98
19/02/2025	15	3	2	6	104
19/02/2025	16	3	2	6	106
19/02/2025	17	3	2	6	104
19/02/2025	18	3	4	8	96
19/02/2025	19	3	18	22	71
19/02/2025	20	3	21	25	51
19/02/2025	21	3	12	16	62
19/02/2025	22	3	13	17	44
19/02/2025	23	3	12	16	43
20/02/2025	00	3	8	12	48
20/02/2025	01	3	6	10	47
20/02/2025	02	3	6	10	47
20/02/2025	03	3	5	9	48
20/02/2025	04	3	4	9	44
20/02/2025	05	3	5	9	44
20/02/2025	06	3	7	11	44
20/02/2025	07	3	19	23	24
20/02/2025	08	4	20	26	27
20/02/2025	09	4	12	17	54
20/02/2025	10	6	8	17	82
20/02/2025	11	3	3	7	90
20/02/2025	12	3	3	7	89
20/02/2025	13	3	5	9	88
20/02/2025	14	3	4	9	97
20/02/2025	15	3	5	9	96
20/02/2025	16	3	5	9	96
20/02/2025	17	3	4	8	97
20/02/2025	18	3	6	10	94
20/02/2025	19	3	8	12	89
20/02/2025	20	3	12	17	81
20/02/2025	21	3	6	10	90
20/02/2025	22	3	3	7	91
20/02/2025	23	3	4	8	88
21/02/2025	00	3	4	9	83
21/02/2025	01	3	6	10	76
21/02/2025	02	3	5	9	76
21/02/2025	03	3	6	10	75
21/02/2025	04	3	6	10	75
21/02/2025	05	3	6	10	74
21/02/2025	06	3	12	16	52
21/02/2025	07	3	25	29	36
21/02/2025	08	3	22	26	44
21/02/2025	09	4	20	25	45
21/02/2025	10	3	10	14	73
21/02/2025	11	3	12	16	73
21/02/2025	12	3	8	12	85
21/02/2025	13	3	8	12	83
21/02/2025	14	3	10	14	86
21/02/2025	15	3	9	13	85
21/02/2025	16	3	5	9	100
21/02/2025	17	3	5	9	98
21/02/2025	18	3	10	14	90
21/02/2025	19	3	12	17	84
21/02/2025	20	3	7	11	88
21/02/2025	21	3	8	12	83
21/02/2025	22	3	6	11	90
21/02/2025	23	3	4	8	95
22/02/2025	00	3	5	9	89
22/02/2025	01	3	5	10	77
22/02/2025	02	3	4	9	64
22/02/2025	03	3	4	8	48
22/02/2025	04	3	3	8	39
22/02/2025	05	3	4	8	31
22/02/2025	06	3	5	9	30
22/02/2025	07	3	7	11	24
22/02/2025	08	3	11	15	24
22/02/2025	09	4	14	20	23
22/02/2025	10	4	12	18	38
22/02/2025	11	3	8	14	55
22/02/2025	12	3	8	13	61
22/02/2025	13	3	7	11	69
22/02/2025	14	3	8	13	74
22/02/2025	15	3	9	13	75
22/02/2025	16	3	7	11	82
22/02/2025	17	3	6	10	79
22/02/2025	18	3	16	21	60
22/02/2025	19	3	19	23	52
22/02/2025	20	3	6	10	75
22/02/2025	21	3	6	10	75
22/02/2025	22	3	4	9	71
22/02/2025	23	3	4	9	56
23/02/2025	00	3	4	8	45
23/02/2025	01	3	4	8	43
23/02/2025	02	3	3	7	38
23/02/2025	03	3	3	7	37
23/02/2025	04	3	4	8	34
23/02/2025	05	3	5	9	54
23/02/2025	06	3	6	10	61
23/02/2025	07	3	6	10	67
23/02/2025	08	3	5	10	69
23/02/2025	09	3	5	9	36
23/02/2025	10	3	5	9	46
23/02/2025	11	3	4	8	60
23/02/2025	12	3	3	7	72
23/02/2025	13	3	4	8	76
23/02/2025	14	3	2	6	85
23/02/2025	15	3	2	6	89
23/02/2025	16	3	2	6	91
23/02/2025	17	3	2	6	91
23/02/2025	18	3	2	6	86
23/02/2025	19	3	25	30	42
23/02/2025	20	3	24	29	32
23/02/2025	21	3	19	24	33
23/02/2025	22	3	13	18	37
23/02/2025	23	3	8	13	37
24/02/2025	00	3	7	12	36
24/02/2025	01	3	5	9	43
24/02/2025	02	3	4	8	42
24/02/2025	03	3	4	8	43
24/02/2025	04	3	2	6	44
24/02/2025	05	3	3	7	39
24/02/2025	06	3	6	10	35
24/02/2025	07	3	11	15	28
24/02/2025	08	5	15	23	26
24/02/2025	09	6	11	20	33
24/02/2025	10	9	18	31	37
24/02/2025	11	7	12	22	48
24/02/2025	12	10	19	34	45
24/02/2025	13	7	16	28	55
24/02/2025	14	3	7	12	80
24/02/2025	15	3	8	12	81
24/02/2025	16	3	13	17	75
24/02/2025	17	4	17	23	58
24/02/2025	18	3	11	16	71
24/02/2025	19	3	15	19	58
24/02/2025	20	3	32	37	25
24/02/2025	21	3	26	31	14
24/02/2025	22	3	22	27	14
24/02/2025	23	3	19	23	13
25/02/2025	00	3	14	18	20
25/02/2025	01	3	6	11	35
25/02/2025	02	3	5	9	36
25/02/2025	03	3	4	9	38
25/02/2025	04	3	4	8	46
25/02/2025	05	3	6	11	39
25/02/2025	06	3	9	13	47
25/02/2025	07	3	12	16	47
25/02/2025	08	3	12	17	45
25/02/2025	09	3	12	16	53
25/02/2025	10	4	14	20	48
25/02/2025	11	3	4	8	65
25/02/2025	12	3	4	8	64
25/02/2025	13	3	5	9	62
25/02/2025	14	3	4	9	63
25/02/2025	15	3	5	9	62
25/02/2025	16	3	6	10	63
25/02/2025	17	3	5	9	72
25/02/2025	18	3	11	16	58
25/02/2025	19	3	7	11	70
25/02/2025	20	3	4	8	78
25/02/2025	21	3	2	7	80
25/02/2025	22	3	2	7	77
25/02/2025	23	3	2	7	78
26/02/2025	00	3	2	6	83
26/02/2025	01	3	2	6	82
26/02/2025	02	3	2	6	79
26/02/2025	03	3	2	6	82
26/02/2025	04	3	2	6	80
26/02/2025	05	3	2	6	82
26/02/2025	06	3	4	8	77
26/02/2025	07	3	7	11	73
26/02/2025	08	3	8	13	73
26/02/2025	09	3	6	10	78
26/02/2025	10	3	3	7	82
26/02/2025	11	3	2	6	86
26/02/2025	12	4	10	16	73
26/02/2025	13	4	9	15	75
26/02/2025	14	3	5	9	85
26/02/2025	15	3	4	8	86
26/02/2025	16	3	6	10	90
26/02/2025	17	3	4	9	92
26/02/2025	18	3	5	9	93
26/02/2025	19	3	19	23	67
26/02/2025	20	3	27	31	40
26/02/2025	21	3	12	16	66
26/02/2025	22	3	7	11	67
26/02/2025	23	3	5	10	68
27/02/2025	00	3	6	10	56
27/02/2025	01	3	5	9	54
27/02/2025	02	3	5	9	52
27/02/2025	03	3	4	8	49
27/02/2025	04	3	4	8	47
27/02/2025	05	3	5	10	39
27/02/2025	06	3	10	14	31
27/02/2025	07	3	18	23	23
27/02/2025	08	6	22	31	19
27/02/2025	09	6	18	27	32
27/02/2025	10	6	17	26	39
27/02/2025	11	6	21	30	48
27/02/2025	12	5	17	25	53
27/02/2025	13	3	10	15	70
27/02/2025	14	3	7	12	71
27/02/2025	15	3	8	12	73
27/02/2025	16	3	6	11	79
27/02/2025	17	3	7	11	82
27/02/2025	18	3	12	16	67
27/02/2025	19	4	33	38	35
27/02/2025	20	4	39	45	18
27/02/2025	21	3	19	24	45
27/02/2025	22	3	19	23	41
27/02/2025	23	3	14	18	46
28/02/2025	00	3	9	13	50
28/02/2025	01	3	8	12	48
28/02/2025	02	3	6	10	48
28/02/2025	03	3	6	10	47
28/02/2025	04	3	4	9	48
28/02/2025	05	3	6	10	37
28/02/2025	06	3	8	12	29
28/02/2025	07	3	10	15	32
28/02/2025	08	4	11	17	40
28/02/2025	09	4	13	19	48
28/02/2025	10	4	12	18	66
28/02/2025	11	3	6	10	88
28/02/2025	12	3	3	7	94
28/02/2025	13	3	2	6	96
28/02/2025	15	3	2	6	103
28/02/2025	16	3	2	6	104
28/02/2025	17	3	2	7	106
28/02/2025	18	3	4	8	103
28/02/2025	19	3	16	20	80
28/02/2025	20	3	14	18	85
28/02/2025	21	3	10	14	91
28/02/2025	22	3	6	11	95
28/02/2025	23	3	7	11	81
01/03/2025	00	3	6	11	72
01/03/2025	01	3	7	11	68
01/03/2025	02	3	6	10	78
01/03/2025	03	3	4	9	80
01/03/2025	04	3	5	9	79
01/03/2025	05	3	6	10	75
01/03/2025	06	3	5	10	78
01/03/2025	07	3	4	9	78
01/03/2025	08	3	5	9	74
01/03/2025	09	3	7	11	68
01/03/2025	10	3	5	9	74
01/03/2025	11	3	4	8	80
01/03/2025	12	3	2	7	85
01/03/2025	13	3	2	6	87
01/03/2025	14	3	2	6	89
01/03/2025	15	3	2	6	91
01/03/2025	16	3	2	6	90
01/03/2025	17	3	2	6	91
01/03/2025	18	3	3	8	84
01/03/2025	19	3	7	11	77
01/03/2025	20	3	6	11	78
01/03/2025	21	3	7	11	77
01/03/2025	22	3	4	8	81
01/03/2025	23	3	4	8	80
02/03/2025	00	3	4	9	80
02/03/2025	01	3	3	7	81
02/03/2025	02	3	3	7	77
02/03/2025	03	3	3	7	75
02/03/2025	04	3	2	7	77
02/03/2025	05	3	2	7	77
02/03/2025	06	3	2	7	73
02/03/2025	07	3	4	8	69
02/03/2025	08	3	5	9	68
02/03/2025	09	3	5	9	69
02/03/2025	10	3	5	10	67
02/03/2025	11	3	5	9	70
02/03/2025	12	3	3	7	79
02/03/2025	13	3	2	6	83
02/03/2025	14	3	2	7	83
02/03/2025	15	3	2	7	81
02/03/2025	16	3	3	7	79
02/03/2025	17	3	4	8	75
02/03/2025	18	3	6	11	72
02/03/2025	19	3	8	12	68
02/03/2025	20	3	6	10	71
02/03/2025	21	3	4	9	72
02/03/2025	22	3	3	7	79
02/03/2025	23	3	2	6	87
03/03/2025	00	3	2	6	91
03/03/2025	01	3	2	6	91
03/03/2025	02	3	2	6	90
03/03/2025	03	3	3	7	83
03/03/2025	04	3	3	7	77
03/03/2025	05	3	4	8	75
03/03/2025	06	3	4	9	80
03/03/2025	07	3	2	6	88
03/03/2025	08	3	2	6	86
03/03/2025	09	3	3	7	85
03/03/2025	10	3	3	7	85
03/03/2025	11	3	3	7	84
03/03/2025	12	3	3	7	82
03/03/2025	13	3	3	8	82
03/03/2025	14	3	3	8	82
03/03/2025	15	3	5	9	75
03/03/2025	16	3	5	9	73
03/03/2025	17	3	5	9	75
03/03/2025	18	3	6	11	67
03/03/2025	19	3	9	14	70
03/03/2025	20	3	6	11	72
03/03/2025	21	3	7	11	69
03/03/2025	22	3	7	11	70
03/03/2025	23	3	4	9	76
04/03/2025	00	3	5	9	74
04/03/2025	01	3	4	8	72
04/03/2025	02	3	4	9	73
04/03/2025	03	3	4	8	74
04/03/2025	04	3	5	9	71
04/03/2025	05	3	5	9	72
04/03/2025	06	3	4	8	76
04/03/2025	07	3	5	10	71
04/03/2025	08	3	7	11	67
04/03/2025	09	3	8	12	71
04/03/2025	10	3	5	9	76
04/03/2025	11	3	7	12	70
04/03/2025	12	3	6	10	75
04/03/2025	13	3	6	10	72
04/03/2025	14	3	7	11	76
04/03/2025	15	3	4	8	88
04/03/2025	16	3	4	8	87
04/03/2025	17	3	6	10	85
04/03/2025	18	3	6	11	84
04/03/2025	19	3	6	10	82
04/03/2025	20	3	5	10	78
04/03/2025	21	3	5	9	77
04/03/2025	22	3	4	8	78
04/03/2025	23	3	3	8	79
05/03/2025	00	3	4	8	77
05/03/2025	01	3	2	6	84
05/03/2025	02	3	2	6	85
05/03/2025	03	3	2	6	84
05/03/2025	04	3	3	8	80
05/03/2025	05	3	4	8	80
05/03/2025	06	3	5	9	75
05/03/2025	07	3	5	9	83
05/03/2025	08	3	2	6	89
05/03/2025	09	3	3	7	85
05/03/2025	10	3	6	10	80
05/03/2025	11	3	7	12	79
05/03/2025	12	3	8	12	82
05/03/2025	13	3	8	12	81
05/03/2025	14	3	8	12	83
05/03/2025	15	3	7	12	85
05/03/2025	16	3	7	11	86
05/03/2025	17	3	7	11	84
05/03/2025	18	3	4	9	88
05/03/2025	19	3	4	9	89
05/03/2025	20	3	2	6	90
05/03/2025	21	3	2	6	93
05/03/2025	22	3	2	6	93
05/03/2025	23	3	2	6	93
06/03/2025	00	3	2	6	91
06/03/2025	01	3	2	6	91
06/03/2025	02	3	2	6	91
06/03/2025	03	3	2	6	91
06/03/2025	04	3	2	6	90
06/03/2025	05	3	2	6	86
06/03/2025	06	3	2	6	88
06/03/2025	07	3	3	7	89
06/03/2025	08	3	2	7	92
06/03/2025	09	3	3	7	91
06/03/2025	10	3	2	6	91
06/03/2025	11	3	2	6	90
06/03/2025	12	3	2	6	88
06/03/2025	13	3	2	6	89
06/03/2025	14	3	2	6	89
06/03/2025	15	3	2	6	89
06/03/2025	16	3	2	7	88
06/03/2025	17	3	2	6	89
06/03/2025	18	3	3	7	89
06/03/2025	19	3	4	8	88
06/03/2025	20	3	6	11	82
06/03/2025	21	3	6	10	82
06/03/2025	22	3	4	8	82
06/03/2025	23	3	4	9	79
07/03/2025	00	3	3	7	83
07/03/2025	01	3	4	9	83
07/03/2025	02	3	3	8	78
07/03/2025	03	3	3	7	77
07/03/2025	04	3	3	7	68
07/03/2025	05	3	4	8	52
07/03/2025	06	3	6	10	42
07/03/2025	07	3	11	15	38
07/03/2025	08	3	11	15	53
07/03/2025	09	3	7	12	72
07/03/2025	10	3	6	10	74
07/03/2025	11	3	7	12	71
07/03/2025	12	9	12	26	62
07/03/2025	13	3	8	12	67
07/03/2025	14	3	8	13	71
07/03/2025	15	3	5	10	79
07/03/2025	16	3	3	7	87
07/03/2025	17	3	4	8	80
07/03/2025	18	3	8	12	73
07/03/2025	19	3	11	15	64
07/03/2025	20	3	11	15	63
07/03/2025	21	3	14	18	42
07/03/2025	22	3	13	17	44
07/03/2025	23	3	11	15	36
08/03/2025	00	3	10	14	45
08/03/2025	01	3	11	15	23
08/03/2025	02	3	8	12	37
08/03/2025	03	3	7	12	36
08/03/2025	04	3	7	11	37
08/03/2025	05	3	6	10	57
08/03/2025	06	3	7	11	54
08/03/2025	07	3	4	8	64
08/03/2025	08	3	5	9	68
08/03/2025	09	3	8	12	68
08/03/2025	10	3	11	15	69
08/03/2025	11	3	6	10	82
08/03/2025	12	3	3	8	82
08/03/2025	13	3	4	9	80
08/03/2025	14	3	4	8	84
08/03/2025	15	3	4	8	86
08/03/2025	16	3	3	7	85
08/03/2025	17	3	2	6	81
08/03/2025	18	3	2	7	82
08/03/2025	19	3	4	8	86
08/03/2025	20	3	3	8	86
08/03/2025	21	3	4	9	85
08/03/2025	22	3	4	8	87
08/03/2025	23	3	3	8	82
09/03/2025	00	3	2	6	79
09/03/2025	01	3	2	6	86
09/03/2025	02	3	2	6	90
09/03/2025	03	3	2	6	93
09/03/2025	04	3	2	6	91
09/03/2025	05	3	2	6	89
09/03/2025	06	3	2	6	88
09/03/2025	07	3	2	6	85
09/03/2025	08	3	2	6	83
09/03/2025	09	3	2	6	86
09/03/2025	10	3	2	6	85
09/03/2025	11	3	2	6	85
09/03/2025	12	3	2	6	87
09/03/2025	13	3	2	6	89
09/03/2025	14	3	2	6	90
09/03/2025	15	3	2	6	90
09/03/2025	16	3	2	6	90
09/03/2025	17	3	3	7	92
09/03/2025	18	3	3	7	92
09/03/2025	19	3	18	22	60
09/03/2025	20	3	23	27	42
09/03/2025	21	3	14	18	56
09/03/2025	22	3	6	10	67
09/03/2025	23	3	3	7	78
10/03/2025	00	3	2	6	84
10/03/2025	01	3	2	6	85
10/03/2025	02	3	2	6	79
10/03/2025	03	3	2	6	75
10/03/2025	04	3	2	7	73
10/03/2025	05	3	5	9	60
10/03/2025	06	3	5	9	55
10/03/2025	07	3	10	14	43
10/03/2025	11	3	2	6	86
10/03/2025	12	3	2	6	81
10/03/2025	13	3	2	6	81
10/03/2025	14	3	2	6	81
10/03/2025	15	3	2	6	82
10/03/2025	16	3	2	7	84
10/03/2025	17	3	4	8	86
10/03/2025	18	3	6	11	85
10/03/2025	19	3	8	12	82
10/03/2025	20	3	10	14	77
10/03/2025	21	3	20	25	49
10/03/2025	22	3	22	26	50
10/03/2025	23	3	9	13	51
11/03/2025	00	3	7	12	44
11/03/2025	01	3	4	8	63
11/03/2025	02	3	2	6	72
11/03/2025	03	3	2	6	65
11/03/2025	04	3	3	7	70
11/03/2025	05	3	2	6	75
11/03/2025	06	3	4	8	75
11/03/2025	07	3	7	11	69
11/03/2025	08	3	5	9	75
11/03/2025	09	3	7	11	71
11/03/2025	10	3	5	9	82
11/03/2025	11	3	2	6	90
11/03/2025	12	3	2	6	90
11/03/2025	13	3	3	7	87
11/03/2025	14	3	5	10	95
11/03/2025	15	3	5	9	90
11/03/2025	16	3	7	12	86
11/03/2025	17	3	4	8	89
11/03/2025	18	3	6	10	93
11/03/2025	19	3	4	9	92
11/03/2025	20	3	5	10	87
11/03/2025	21	3	6	10	81
11/03/2025	22	3	4	8	83
11/03/2025	23	3	3	7	84
12/03/2025	00	3	2	6	77
12/03/2025	01	3	4	8	60
12/03/2025	02	3	4	8	50
12/03/2025	03	3	3	7	54
12/03/2025	04	3	2	6	56
12/03/2025	05	3	5	9	40
12/03/2025	06	3	12	16	31
12/03/2025	07	3	19	23	40
12/03/2025	08	3	9	15	58
12/03/2025	09	3	3	7	72
12/03/2025	10	4	4	8	78
12/03/2025	11	3	2	6	79
12/03/2025	12	3	2	6	79
12/03/2025	13	3	2	6	79
12/03/2025	14	3	2	6	81
12/03/2025	15	3	2	6	83
12/03/2025	16	3	2	7	84
12/03/2025	17	3	3	8	82
12/03/2025	18	3	4	8	81
12/03/2025	19	3	4	8	81
12/03/2025	20	3	2	6	79
12/03/2025	21	3	2	6	76
12/03/2025	22	3	2	6	77
12/03/2025	23	3	2	6	73
13/03/2025	00	3	2	6	73
13/03/2025	01	3	2	6	72
13/03/2025	02	3	2	6	72
13/03/2025	03	3	2	6	70
13/03/2025	04	3	2	6	76
13/03/2025	05	3	2	6	81
13/03/2025	06	3	2	6	74
13/03/2025	07	3	3	7	68
13/03/2025	08	3	3	8	67
13/03/2025	09	3	12	17	53
13/03/2025	10	3	7	11	62
13/03/2025	11	3	5	10	64
13/03/2025	12	3	6	10	62
13/03/2025	13	3	11	16	55
13/03/2025	14	3	16	21	44
13/03/2025	15	3	15	20	53
13/03/2025	16	3	13	17	65
13/03/2025	17	3	12	17	61
13/03/2025	18	3	12	16	50
13/03/2025	19	3	15	19	42
13/03/2025	20	3	18	22	44
13/03/2025	21	3	22	27	27
13/03/2025	22	3	7	11	45
13/03/2025	23	3	7	12	35
14/03/2025	00	3	7	11	38
14/03/2025	01	3	8	12	33
14/03/2025	02	3	4	9	66
14/03/2025	03	3	7	12	54
14/03/2025	04	3	10	14	48
14/03/2025	05	3	9	13	47
14/03/2025	06	3	20	24	33
14/03/2025	07	3	17	22	43
14/03/2025	08	3	16	21	51
14/03/2025	09	3	11	16	59
14/03/2025	10	4	12	19	52
14/03/2025	11	4	13	19	54
14/03/2025	12	3	9	14	63
14/03/2025	13	3	10	15	66
14/03/2025	14	3	5	9	76
14/03/2025	15	3	6	10	72
14/03/2025	16	3	6	11	68
14/03/2025	17	3	8	13	61
14/03/2025	18	3	14	18	50
14/03/2025	19	3	23	28	29
14/03/2025	20	4	26	32	22
14/03/2025	21	3	22	26	29
14/03/2025	22	3	13	18	34
14/03/2025	23	3	8	12	39
15/03/2025	00	3	4	8	50
15/03/2025	01	3	2	6	63
15/03/2025	02	3	2	6	69
15/03/2025	03	3	2	6	79
15/03/2025	04	3	2	6	83
15/03/2025	05	3	2	6	84
15/03/2025	06	3	2	6	83
15/03/2025	07	3	2	7	79
15/03/2025	08	3	2	6	81
15/03/2025	09	3	2	6	81
15/03/2025	10	3	2	7	84
15/03/2025	11	3	2	6	86
15/03/2025	12	3	2	6	87
15/03/2025	13	3	2	6	89
15/03/2025	14	3	2	6	91
15/03/2025	15	3	2	6	93
15/03/2025	16	3	2	6	91
15/03/2025	17	3	3	7	88
15/03/2025	18	3	5	9	79
15/03/2025	19	4	19	24	48
15/03/2025	20	3	28	32	28
15/03/2025	21	4	30	36	26
15/03/2025	22	3	17	22	35
15/03/2025	23	3	11	16	39
16/03/2025	00	3	6	10	50
16/03/2025	01	3	5	9	46
16/03/2025	02	3	5	9	40
16/03/2025	03	3	3	7	47
16/03/2025	04	3	2	6	46
16/03/2025	05	3	2	6	42
16/03/2025	06	3	3	7	38
16/03/2025	07	3	3	7	47
16/03/2025	08	3	4	8	43
16/03/2025	09	3	5	10	50
16/03/2025	10	3	8	12	54
16/03/2025	11	3	8	13	53
16/03/2025	12	4	16	22	42
16/03/2025	13	3	4	9	67
16/03/2025	14	3	4	8	72
16/03/2025	15	3	7	11	70
16/03/2025	16	3	4	9	77
16/03/2025	17	3	8	13	72
16/03/2025	18	4	16	22	57
16/03/2025	19	3	20	25	35
16/03/2025	20	4	19	24	29
16/03/2025	21	3	12	17	32
16/03/2025	22	3	17	21	32
16/03/2025	23	3	10	14	40
17/03/2025	00	3	3	7	62
17/03/2025	01	3	2	6	60
17/03/2025	02	3	2	7	53
17/03/2025	03	3	2	6	47
17/03/2025	04	3	2	6	48
17/03/2025	05	3	3	7	41
17/03/2025	06	3	6	10	33
17/03/2025	07	3	10	15	23
17/03/2025	08	3	7	11	32
17/03/2025	09	3	8	13	48
17/03/2025	10	3	14	18	55
17/03/2025	11	3	16	20	50
17/03/2025	12	3	14	18	59
17/03/2025	13	3	4	8	80
17/03/2025	14	3	2	6	85
17/03/2025	15	3	2	7	83
17/03/2025	16	3	3	7	86
17/03/2025	17	3	4	8	92
17/03/2025	18	3	7	11	82
17/03/2025	19	3	15	19	67
17/03/2025	20	3	13	17	62
17/03/2025	21	3	8	12	62
17/03/2025	22	3	8	12	52
17/03/2025	23	3	6	11	48
18/03/2025	00	3	6	10	47
18/03/2025	01	3	5	9	53
18/03/2025	02	3	4	8	61
18/03/2025	03	3	2	7	64
18/03/2025	04	3	3	7	61
18/03/2025	05	3	4	8	58
18/03/2025	06	3	5	9	75
18/03/2025	07	3	7	11	70
18/03/2025	08	3	7	12	68
18/03/2025	09	3	10	14	65
18/03/2025	10	3	11	15	62
18/03/2025	11	3	11	16	60
18/03/2025	12	3	14	19	58
18/03/2025	13	3	13	18	64
18/03/2025	14	3	8	12	73
18/03/2025	15	3	12	16	67
18/03/2025	16	3	4	8	82
18/03/2025	17	3	5	9	77
18/03/2025	18	3	8	13	76
18/03/2025	19	3	7	11	79
18/03/2025	20	3	7	11	80
18/03/2025	21	3	5	9	87
18/03/2025	22	3	4	8	87
18/03/2025	23	3	3	8	87
19/03/2025	00	3	3	7	77
19/03/2025	01	3	3	7	75
19/03/2025	02	3	2	6	81
19/03/2025	03	3	2	6	87
19/03/2025	04	3	4	8	84
19/03/2025	05	3	3	7	85
19/03/2025	06	3	2	7	86
19/03/2025	07	3	2	7	84
19/03/2025	08	3	3	7	84
19/03/2025	09	3	6	10	78
19/03/2025	10	3	5	9	75
19/03/2025	11	3	5	9	77
19/03/2025	12	4	4	10	81
19/03/2025	13	3	5	10	87
19/03/2025	14	3	5	9	87
19/03/2025	15	3	5	10	88
19/03/2025	16	3	2	7	96
19/03/2025	17	3	2	7	97
19/03/2025	18	3	4	8	91
19/03/2025	19	3	7	11	76
19/03/2025	20	3	8	12	69
19/03/2025	21	3	13	17	67
19/03/2025	22	3	7	11	77
19/03/2025	23	3	5	9	83
20/03/2025	00	3	5	10	82
20/03/2025	01	3	4	9	84
20/03/2025	02	3	3	8	86
20/03/2025	03	3	3	7	87
20/03/2025	04	3	6	10	76
20/03/2025	05	3	11	15	59
20/03/2025	06	3	9	13	72
20/03/2025	07	3	3	8	86
20/03/2025	08	3	8	13	79
20/03/2025	09	3	8	12	77
20/03/2025	10	3	5	9	86
20/03/2025	11	3	2	7	88
20/03/2025	12	3	3	7	87
20/03/2025	13	3	3	7	87
20/03/2025	14	3	2	6	89
20/03/2025	15	3	4	8	83
20/03/2025	16	3	3	8	82
20/03/2025	17	3	3	7	80
20/03/2025	18	3	6	10	74
20/03/2025	19	3	8	12	70
20/03/2025	20	3	7	11	73
20/03/2025	21	3	6	10	71
20/03/2025	22	3	7	11	71
20/03/2025	23	3	5	9	75
21/03/2025	00	3	6	10	68
21/03/2025	01	3	5	9	73
21/03/2025	02	3	4	8	61
21/03/2025	03	3	4	8	68
21/03/2025	04	3	4	8	68
21/03/2025	05	3	3	8	59
21/03/2025	06	3	10	14	42
21/03/2025	07	3	20	24	21
21/03/2025	08	5	19	25	31
21/03/2025	09	4	20	26	35
21/03/2025	10	4	22	28	44
21/03/2025	11	8	18	30	55
21/03/2025	12	3	3	7	89
21/03/2025	13	3	2	6	92
21/03/2025	14	3	2	6	92
21/03/2025	15	3	2	6	92
21/03/2025	16	3	2	6	92
21/03/2025	17	3	2	6	90
21/03/2025	18	3	5	9	84
21/03/2025	19	3	6	10	85
21/03/2025	20	3	7	11	78
21/03/2025	21	3	23	28	45
21/03/2025	22	3	13	18	60
21/03/2025	23	3	14	19	44
22/03/2025	00	3	13	18	43
22/03/2025	01	3	8	12	49
22/03/2025	02	3	7	11	37
22/03/2025	03	3	6	10	47
22/03/2025	04	3	4	8	66
22/03/2025	05	3	2	6	88
22/03/2025	06	3	2	6	94
22/03/2025	07	3	2	6	92
22/03/2025	08	3	2	6	87
22/03/2025	09	3	2	6	89
22/03/2025	10	3	2	6	92
22/03/2025	11	3	2	6	91
22/03/2025	12	3	2	6	90
22/03/2025	13	3	2	6	86
22/03/2025	14	3	2	6	86
22/03/2025	15	3	2	6	84
22/03/2025	16	3	2	6	81
22/03/2025	17	3	2	6	78
22/03/2025	18	3	2	6	77
22/03/2025	19	3	3	7	76
22/03/2025	20	3	3	7	75
22/03/2025	21	3	2	6	82
22/03/2025	22	3	2	6	83
22/03/2025	23	3	2	6	82
23/03/2025	00	3	2	6	81
23/03/2025	01	3	2	6	82
23/03/2025	02	3	2	6	84
23/03/2025	03	3	2	6	82
23/03/2025	04	3	2	6	82
23/03/2025	05	3	2	6	81
23/03/2025	06	3	2	6	79
23/03/2025	07	3	2	6	81
23/03/2025	08	3	2	6	80
23/03/2025	09	3	2	6	77
23/03/2025	10	3	2	6	77
23/03/2025	11	3	2	6	76
23/03/2025	12	3	2	6	76
23/03/2025	13	3	2	6	77
23/03/2025	14	3	2	6	80
23/03/2025	15	3	2	6	84
23/03/2025	16	3	2	6	85
23/03/2025	17	3	2	6	84
23/03/2025	18	3	4	9	77
23/03/2025	19	3	8	12	72
23/03/2025	20	3	8	12	57
23/03/2025	21	3	8	12	43
23/03/2025	22	3	7	11	43
23/03/2025	23	3	4	8	46
24/03/2025	00	3	4	8	41
24/03/2025	01	3	3	7	37
24/03/2025	02	3	2	6	44
24/03/2025	03	3	2	6	52
24/03/2025	04	3	2	6	57
24/03/2025	05	3	3	7	57
24/03/2025	06	3	3	7	63
24/03/2025	09	3	2	6	72
24/03/2025	10	3	2	6	76
24/03/2025	11	4	9	15	72
24/03/2025	12	8	14	27	61
24/03/2025	13	5	13	21	70
24/03/2025	14	7	20	31	59
24/03/2025	15	3	9	14	77
24/03/2025	16	3	5	9	85
24/03/2025	17	3	5	9	85
24/03/2025	18	3	3	8	87
24/03/2025	19	3	8	12	71
24/03/2025	20	3	19	23	50
24/03/2025	21	3	11	15	54
24/03/2025	22	3	6	11	51
24/03/2025	23	3	6	10	46
25/03/2025	00	3	5	10	42
25/03/2025	01	3	5	9	42
25/03/2025	02	3	4	8	46
25/03/2025	03	3	4	8	36
25/03/2025	04	3	4	8	46
25/03/2025	05	3	3	7	51
25/03/2025	06	3	5	9	49
25/03/2025	07	3	13	17	29
25/03/2025	08	7	15	25	30
25/03/2025	09	5	8	15	56
25/03/2025	10	4	6	12	66
25/03/2025	11	3	2	6	79
25/03/2025	12	5	13	21	67
25/03/2025	13	4	8	14	78
25/03/2025	14	3	6	11	85
25/03/2025	15	3	10	14	77
25/03/2025	16	3	12	17	77
25/03/2025	17	3	17	22	71
25/03/2025	18	3	14	18	74
25/03/2025	19	3	12	17	73
25/03/2025	20	3	27	31	41
25/03/2025	21	3	20	24	33
25/03/2025	22	3	14	19	51
25/03/2025	23	3	8	12	57
26/03/2025	00	3	3	7	68
26/03/2025	01	3	2	6	71
26/03/2025	02	3	2	6	59
26/03/2025	03	3	2	6	57
26/03/2025	04	3	2	6	72
26/03/2025	05	3	2	6	76
26/03/2025	06	3	3	7	74
26/03/2025	07	3	5	9	72
26/03/2025	08	3	4	9	72
26/03/2025	09	3	3	8	77
26/03/2025	10	3	3	7	78
26/03/2025	11	5	9	15	72
26/03/2025	12	3	3	8	85
26/03/2025	13	3	5	10	84
26/03/2025	14	7	18	28	74
26/03/2025	15	4	9	16	92
26/03/2025	16	4	15	21	85
26/03/2025	17	4	8	13	92
26/03/2025	18	3	5	9	90
26/03/2025	19	3	17	21	69
26/03/2025	20	4	36	42	30
26/03/2025	21	3	23	28	41
26/03/2025	22	3	10	14	56
26/03/2025	23	3	5	9	63
27/03/2025	00	3	3	8	68
27/03/2025	01	3	3	7	66
27/03/2025	02	3	2	6	76
27/03/2025	03	3	3	7	73
27/03/2025	04	3	2	6	70
27/03/2025	05	3	3	7	70
27/03/2025	06	3	5	9	62
27/03/2025	07	3	8	12	61
27/03/2025	08	3	5	9	71
27/03/2025	09	3	4	8	78
27/03/2025	10	3	5	10	74
27/03/2025	11	4	9	15	75
27/03/2025	12	5	12	19	74
27/03/2025	13	10	21	36	63
27/03/2025	14	7	17	28	76
27/03/2025	15	7	14	24	81
27/03/2025	16	3	3	7	100
27/03/2025	17	3	4	8	92
27/03/2025	18	3	6	11	89
27/03/2025	19	3	12	16	83
27/03/2025	20	3	22	26	47
27/03/2025	21	3	17	21	49
27/03/2025	22	3	9	13	53
27/03/2025	23	3	9	13	55
28/03/2025	00	3	8	12	52
28/03/2025	01	3	6	10	53
28/03/2025	02	3	5	10	47
28/03/2025	03	3	5	9	40
28/03/2025	04	3	4	9	47
28/03/2025	05	3	5	9	51
28/03/2025	06	3	6	10	59
28/03/2025	07	3	4	9	66
28/03/2025	08	3	3	7	76
28/03/2025	09	3	2	6	79
28/03/2025	10	3	2	6	81
28/03/2025	11	3	3	7	80
28/03/2025	12	3	4	8	83
28/03/2025	13	6	17	26	69
28/03/2025	14	3	4	8	90
28/03/2025	15	5	15	21	80
28/03/2025	16	4	10	16	91
28/03/2025	17	4	9	14	93
28/03/2025	18	3	9	14	89
28/03/2025	19	3	18	22	77
28/03/2025	20	3	21	25	60
28/03/2025	21	3	25	30	49
28/03/2025	22	3	2	7	90
28/03/2025	23	3	2	6	91
29/03/2025	00	3	2	6	91
29/03/2025	01	3	2	6	90
29/03/2025	02	3	2	6	89
29/03/2025	03	3	2	6	89
29/03/2025	04	3	2	6	87
29/03/2025	05	3	2	6	88
29/03/2025	06	3	2	6	88
29/03/2025	07	3	2	6	88
29/03/2025	08	3	2	6	87
29/03/2025	09	3	2	6	89
29/03/2025	10	3	2	6	92
29/03/2025	11	3	2	6	95
29/03/2025	12	3	2	6	98
29/03/2025	13	3	2	6	102
29/03/2025	14	3	2	6	98
29/03/2025	15	3	2	6	103
29/03/2025	16	3	2	6	102
29/03/2025	17	3	2	6	102
29/03/2025	18	3	2	6	99
29/03/2025	19	3	3	7	94
29/03/2025	20	3	2	6	93
29/03/2025	21	3	2	6	91
29/03/2025	22	3	2	6	91
29/03/2025	23	3	2	6	90
30/03/2025	00	3	2	6	89
30/03/2025	01	3	2	6	88
30/03/2025	02	3	2	6	87
30/03/2025	03	3	2	6	87
30/03/2025	04	3	2	6	87
30/03/2025	05	3	2	6	87
30/03/2025	06	3	2	6	87
30/03/2025	07	3	2	6	86
30/03/2025	08	3	2	6	85
30/03/2025	09	3	2	6	85
30/03/2025	10	3	2	6	88
30/03/2025	11	3	2	6	88
30/03/2025	12	3	2	6	92
30/03/2025	13	3	3	7	95
30/03/2025	14	3	4	8	98
30/03/2025	15	5	11	19	88
30/03/2025	16	3	4	9	96
30/03/2025	17	3	4	8	96
30/03/2025	18	3	5	9	92
30/03/2025	19	3	9	14	83
30/03/2025	20	3	17	21	61
30/03/2025	21	3	17	22	44
30/03/2025	22	3	11	15	44
30/03/2025	23	3	9	13	44
31/03/2025	00	3	7	11	49
31/03/2025	01	3	5	9	49
31/03/2025	02	3	4	9	50
31/03/2025	03	3	3	7	52
31/03/2025	04	3	5	9	49
31/03/2025	05	3	8	12	41
31/03/2025	06	3	17	21	28
31/03/2025	07	5	21	27	30
31/03/2025	08	6	15	23	43
31/03/2025	09	4	10	16	61
31/03/2025	10	8	22	33	59
31/03/2025	11	6	15	23	76
31/03/2025	12	9	23	37	63
31/03/2025	13	7	17	28	82
31/03/2025	14	3	11	16	108
31/03/2025	15	3	12	17	104
31/03/2025	16	4	12	17	98
31/03/2025	17	3	11	15	101
31/03/2025	18	3	10	14	100
31/03/2025	19	3	25	30	67
31/03/2025	20	3	34	39	33
31/03/2025	21	3	21	26	39
31/03/2025	22	3	20	24	48
31/03/2025	23	3	10	14	88
01/04/2025	00	3	8	12	89
01/04/2025	01	3	8	12	76
01/04/2025	02	3	8	12	36
01/04/2025	03	3	8	12	34
01/04/2025	04	3	8	12	35
01/04/2025	05	3	10	14	38
01/04/2025	06	4	15	21	28
01/04/2025	07	4	17	23	28
01/04/2025	08	6	14	22	41
01/04/2025	09	5	13	20	74
01/04/2025	10	7	22	32	76
01/04/2025	11	14	30	51	65
01/04/2025	12	4	8	13	98
01/04/2025	13	3	4	9	114
01/04/2025	14	3	3	7	121
01/04/2025	15	3	3	7	128
01/04/2025	16	3	3	8	123
01/04/2025	17	3	4	8	125
01/04/2025	18	3	2	6	119
01/04/2025	19	3	5	9	100
01/04/2025	20	3	7	11	89
01/04/2025	21	3	7	12	93
01/04/2025	22	3	7	11	97
01/04/2025	23	3	4	8	100
02/04/2025	00	3	4	8	100
02/04/2025	01	3	5	9	95
02/04/2025	02	3	5	10	95
02/04/2025	03	3	4	8	91
02/04/2025	04	3	3	7	78
02/04/2025	05	3	5	9	76
02/04/2025	06	3	8	12	68
02/04/2025	07	3	7	12	73
02/04/2025	08	3	9	13	66
02/04/2025	09	3	6	10	80
02/04/2025	10	3	4	8	90
02/04/2025	11	3	8	12	81
02/04/2025	12	4	15	21	86
02/04/2025	13	5	9	16	101
02/04/2025	14	3	5	10	108
02/04/2025	15	3	5	10	115
02/04/2025	16	3	4	8	109
02/04/2025	17	3	8	13	101
02/04/2025	18	3	2	7	112
02/04/2025	19	3	3	7	108
02/04/2025	20	3	3	7	97
02/04/2025	21	3	5	9	87
02/04/2025	22	3	3	7	91
02/04/2025	23	3	4	8	81
03/04/2025	00	3	4	8	84
03/04/2025	01	3	2	6	90
03/04/2025	02	3	4	8	81
03/04/2025	03	3	4	9	86
03/04/2025	04	3	2	7	97
03/04/2025	05	3	2	6	95
03/04/2025	06	3	2	6	94
03/04/2025	07	3	2	7	93
03/04/2025	08	3	2	7	96
03/04/2025	09	3	2	6	100
03/04/2025	10	3	2	6	101
03/04/2025	11	3	2	7	103
03/04/2025	12	3	1	6	102
03/04/2025	13	3	2	6	100
03/04/2025	14	3	2	7	101
03/04/2025	15	3	2	7	101
03/04/2025	16	3	2	6	101
03/04/2025	17	3	2	7	101
03/04/2025	18	3	4	9	94
03/04/2025	19	3	5	9	93
03/04/2025	20	3	5	9	89
03/04/2025	21	3	4	8	92
03/04/2025	22	3	2	7	94
03/04/2025	23	3	2	6	94
04/04/2025	00	3	2	7	89
04/04/2025	01	3	3	7	90
04/04/2025	02	3	2	6	94
04/04/2025	03	3	2	7	92
04/04/2025	04	3	3	7	85
04/04/2025	05	3	6	10	70
04/04/2025	06	3	11	16	61
04/04/2025	07	3	6	11	81
04/04/2025	08	3	6	11	83
04/04/2025	09	3	5	10	87
04/04/2025	10	3	4	8	91
04/04/2025	11	3	4	8	94
04/04/2025	12	3	2	7	99
04/04/2025	13	3	2	6	100
04/04/2025	14	3	2	6	102
04/04/2025	15	3	2	7	103
04/04/2025	16	3	2	7	101
04/04/2025	17	3	2	6	99
04/04/2025	18	3	2	6	100
04/04/2025	19	3	2	7	96
04/04/2025	20	3	4	8	89
04/04/2025	21	3	8	12	73
04/04/2025	22	3	11	15	63
04/04/2025	23	3	10	15	50
05/04/2025	00	3	6	11	52
05/04/2025	01	3	5	9	57
05/04/2025	02	3	4	9	40
05/04/2025	03	3	5	10	36
05/04/2025	04	3	4	8	39
05/04/2025	05	3	5	10	33
05/04/2025	06	3	8	12	27
05/04/2025	07	3	7	12	33
05/04/2025	08	3	3	7	50
05/04/2025	09	3	3	8	72
05/04/2025	10	3	2	6	79
05/04/2025	11	3	2	6	83
05/04/2025	12	3	2	6	88
05/04/2025	13	3	2	6	94
05/04/2025	14	3	2	6	95
05/04/2025	15	3	2	7	93
05/04/2025	16	3	9	14	81
05/04/2025	17	3	8	13	84
05/04/2025	18	3	4	9	84
05/04/2025	19	3	7	12	76
05/04/2025	20	3	9	13	76
05/04/2025	21	3	7	11	75
05/04/2025	22	3	7	12	55
05/04/2025	23	3	5	10	59
06/04/2025	00	3	2	7	61
06/04/2025	01	3	2	6	61
06/04/2025	02	3	2	6	61
06/04/2025	03	3	2	6	64
06/04/2025	04	3	2	6	67
06/04/2025	05	3	2	6	66
06/04/2025	06	3	2	6	65
06/04/2025	07	3	2	6	68
06/04/2025	08	3	1	6	71
06/04/2025	09	3	2	6	76
06/04/2025	10	3	2	7	84
06/04/2025	11	3	2	6	85
06/04/2025	12	3	2	7	89
06/04/2025	13	3	2	7	95
06/04/2025	14	3	2	6	94
06/04/2025	15	3	2	6	93
06/04/2025	16	3	2	7	92
06/04/2025	17	3	2	7	91
06/04/2025	18	3	2	7	92
06/04/2025	19	3	10	15	68
06/04/2025	20	3	20	24	43
06/04/2025	21	3	12	17	50
06/04/2025	22	3	6	11	53
06/04/2025	23	3	4	9	56
07/04/2025	00	3	3	7	55
07/04/2025	01	3	3	8	51
07/04/2025	02	3	2	7	50
07/04/2025	03	3	2	7	52
07/04/2025	04	3	2	7	49
07/04/2025	05	3	4	9	50
07/04/2025	06	3	8	13	47
07/04/2025	07	3	14	18	46
07/04/2025	08	4	10	16	53
07/04/2025	09	3	7	12	67
07/04/2025	10	4	12	19	77
07/04/2025	11	4	9	16	84
07/04/2025	12	3	3	8	96
07/04/2025	13	3	2	7	96
07/04/2025	14	3	4	9	97
07/04/2025	18	3	2	7	116
07/04/2025	19	3	5	9	103
07/04/2025	20	3	16	20	81
07/04/2025	21	3	11	16	89
07/04/2025	22	3	9	13	69
07/04/2025	23	3	6	11	62
08/04/2025	00	3	6	10	45
08/04/2025	01	3	6	11	41
08/04/2025	02	3	5	10	35
08/04/2025	03	3	4	9	31
08/04/2025	04	3	5	10	32
08/04/2025	05	3	8	12	22
08/04/2025	06	4	13	19	10
08/04/2025	07	8	16	29	13
08/04/2025	08	6	13	23	39
08/04/2025	09	3	7	12	78
08/04/2025	10	3	6	10	83
08/04/2025	11	4	7	12	89
08/04/2025	12	21	22	55	89
08/04/2025	13	7	10	20	107
08/04/2025	14	3	2	7	112
08/04/2025	15	3	2	7	113
08/04/2025	16	3	2	6	112
08/04/2025	17	5	7	13	102
08/04/2025	18	3	2	6	109
08/04/2025	19	3	2	6	101
08/04/2025	20	3	2	6	99
08/04/2025	21	3	3	8	84
08/04/2025	22	3	4	9	63
08/04/2025	23	3	6	11	42
09/04/2025	00	3	8	13	24
09/04/2025	01	3	4	9	25
09/04/2025	02	3	4	9	41
09/04/2025	03	3	4	8	34
09/04/2025	04	3	4	8	31
09/04/2025	05	3	6	10	33
09/04/2025	06	3	13	17	19
09/04/2025	10	3	5	10	82
09/04/2025	11	4	10	16	85
09/04/2025	12	11	26	43	85
09/04/2025	13	3	5	9	110
09/04/2025	14	3	3	7	112
09/04/2025	15	3	5	9	115
09/04/2025	16	3	7	11	115
09/04/2025	17	6	11	20	103
09/04/2025	18	3	2	6	114
09/04/2025	19	3	3	7	96
09/04/2025	20	3	6	10	80
09/04/2025	21	3	6	10	72
09/04/2025	22	3	7	11	56
09/04/2025	23	3	5	9	52
10/04/2025	00	3	5	10	47
10/04/2025	01	3	4	9	49
10/04/2025	02	3	4	9	46
10/04/2025	03	3	3	8	48
10/04/2025	04	3	4	9	49
10/04/2025	05	3	5	9	53
10/04/2025	06	3	7	11	55
10/04/2025	07	3	10	14	51
10/04/2025	08	3	12	16	60
10/04/2025	09	3	9	14	84
10/04/2025	10	3	8	13	85
10/04/2025	11	3	2	7	99
10/04/2025	12	3	2	7	104
10/04/2025	13	3	2	6	107
10/04/2025	14	3	4	8	105
10/04/2025	15	3	2	6	106
10/04/2025	16	3	2	6	103
10/04/2025	17	3	2	7	100
10/04/2025	18	3	2	6	103
10/04/2025	19	3	2	6	96
10/04/2025	20	3	2	6	94
10/04/2025	21	3	4	8	84
10/04/2025	22	3	6	10	80
10/04/2025	23	3	4	9	76
11/04/2025	00	3	3	8	59
11/04/2025	01	3	2	7	53
11/04/2025	02	3	3	7	49
11/04/2025	03	3	2	7	46
11/04/2025	04	3	3	8	39
11/04/2025	05	3	6	11	55
11/04/2025	06	3	8	13	41
11/04/2025	07	3	10	14	36
11/04/2025	08	3	8	12	57
11/04/2025	09	3	5	9	90
11/04/2025	10	3	5	9	94
11/04/2025	11	3	5	10	94
11/04/2025	12	3	5	9	101
11/04/2025	13	3	2	6	101
11/04/2025	14	3	2	6	101
11/04/2025	15	3	2	7	102
11/04/2025	16	3	2	6	103
11/04/2025	17	3	2	6	102
11/04/2025	18	3	2	7	102
11/04/2025	19	3	1	6	101
11/04/2025	20	3	2	7	98
11/04/2025	21	3	3	8	90
11/04/2025	22	3	5	9	81
11/04/2025	23	3	6	11	49
12/04/2025	00	3	3	8	42
12/04/2025	01	3	2	7	46
12/04/2025	02	3	3	7	45
12/04/2025	03	3	2	7	37
12/04/2025	04	3	2	7	35
12/04/2025	05	3	5	9	23
12/04/2025	06	3	6	11	19
12/04/2025	07	3	8	13	23
12/04/2025	08	3	9	14	27
12/04/2025	09	3	7	12	40
12/04/2025	10	3	11	15	72
12/04/2025	11	3	2	7	90
12/04/2025	12	3	2	7	92
12/04/2025	13	3	2	7	95
12/04/2025	14	3	7	11	86
12/04/2025	15	3	6	11	92
12/04/2025	16	3	6	10	92
12/04/2025	17	3	5	9	91
12/04/2025	18	3	7	11	87
12/04/2025	19	3	12	16	79
12/04/2025	20	3	12	16	73
12/04/2025	21	3	14	19	51
12/04/2025	22	3	14	19	40
12/04/2025	23	3	12	16	25
13/04/2025	00	3	8	12	30
13/04/2025	01	3	6	10	30
13/04/2025	02	3	5	9	23
13/04/2025	03	3	4	9	17
13/04/2025	04	3	5	9	11
13/04/2025	05	3	3	8	15
13/04/2025	06	3	4	8	10
13/04/2025	07	3	3	7	28
13/04/2025	08	3	3	7	52
13/04/2025	09	6	15	24	47
13/04/2025	10	4	9	15	70
13/04/2025	11	3	4	9	88
13/04/2025	12	3	3	8	99
13/04/2025	13	3	2	6	104
13/04/2025	14	3	2	6	103
13/04/2025	15	3	2	6	100
13/04/2025	16	3	2	6	101
13/04/2025	17	3	2	6	104
13/04/2025	18	3	2	6	100
13/04/2025	19	3	4	8	91
13/04/2025	20	3	4	8	85
13/04/2025	21	3	6	11	65
13/04/2025	22	3	3	8	67
13/04/2025	23	3	2	6	78
14/04/2025	00	3	2	6	71
14/04/2025	01	3	2	6	61
14/04/2025	02	3	4	9	44
14/04/2025	03	3	3	7	40
14/04/2025	04	3	2	7	35
14/04/2025	05	3	4	8	27
14/04/2025	06	3	9	13	14
14/04/2025	07	3	13	18	18
14/04/2025	08	4	11	17	28
14/04/2025	09	3	7	12	72
14/04/2025	10	3	10	15	74
14/04/2025	11	3	9	13	82
14/04/2025	12	3	6	10	93
14/04/2025	13	3	8	12	97
14/04/2025	14	3	6	10	102
14/04/2025	15	5	19	26	80
14/04/2025	16	3	6	10	99
14/04/2025	17	4	26	31	79
14/04/2025	18	3	2	7	106
14/04/2025	19	3	4	9	89
14/04/2025	20	3	6	10	69
14/04/2025	21	3	7	11	46
14/04/2025	22	3	6	10	68
14/04/2025	23	3	2	6	77
15/04/2025	00	3	2	6	78
15/04/2025	01	3	3	7	71
15/04/2025	02	3	3	8	67
15/04/2025	03	3	3	7	76
15/04/2025	04	3	2	6	80
15/04/2025	05	3	2	6	84
15/04/2025	06	3	2	7	82
15/04/2025	07	3	3	8	74
15/04/2025	08	3	3	7	80
15/04/2025	09	3	2	6	81
15/04/2025	10	4	3	8	83
15/04/2025	11	3	2	7	86
15/04/2025	12	3	2	6	88
15/04/2025	13	3	2	6	90
15/04/2025	14	3	2	6	97
15/04/2025	15	3	2	6	98
15/04/2025	16	3	2	6	96
15/04/2025	17	3	2	6	94
15/04/2025	18	3	1	6	91
15/04/2025	19	3	2	6	93
15/04/2025	20	3	2	6	87
15/04/2025	21	3	5	10	74
15/04/2025	22	3	4	9	69
15/04/2025	23	3	2	6	79
16/04/2025	00	3	2	6	84
16/04/2025	01	3	1	6	81
16/04/2025	02	3	2	6	80
16/04/2025	03	3	2	6	82
16/04/2025	04	3	2	6	81
16/04/2025	05	3	2	6	78
16/04/2025	06	3	3	8	79
16/04/2025	07	3	3	8	83
16/04/2025	08	3	3	7	84
16/04/2025	09	3	2	6	86
16/04/2025	10	3	1	6	87
16/04/2025	11	3	2	6	90
16/04/2025	12	3	2	6	90
16/04/2025	13	3	2	6	90
16/04/2025	14	3	2	6	94
16/04/2025	15	3	2	6	93
16/04/2025	16	3	2	7	91
16/04/2025	17	3	2	6	91
16/04/2025	18	3	2	6	94
16/04/2025	19	3	2	6	90
16/04/2025	20	3	2	6	89
16/04/2025	21	3	2	6	88
16/04/2025	22	3	1	6	84
16/04/2025	23	3	1	6	82
17/04/2025	00	3	2	6	79
17/04/2025	01	3	2	6	79
17/04/2025	02	3	2	7	71
17/04/2025	03	3	3	8	60
17/04/2025	04	3	6	10	49
17/04/2025	05	3	5	10	47
17/04/2025	06	3	12	16	38
17/04/2025	07	4	14	19	41
17/04/2025	08	3	7	12	68
17/04/2025	09	3	2	6	91
17/04/2025	10	3	2	6	95
17/04/2025	11	3	1	6	93
17/04/2025	12	3	2	6	97
17/04/2025	13	3	2	7	100
17/04/2025	14	3	3	7	103
17/04/2025	15	4	17	23	91
17/04/2025	16	12	31	49	68
17/04/2025	17	3	4	8	102
17/04/2025	18	3	5	10	97
17/04/2025	19	3	6	11	94
17/04/2025	20	3	7	12	91
17/04/2025	21	3	9	13	80
17/04/2025	22	3	6	11	66
17/04/2025	23	3	7	11	52
18/04/2025	00	3	7	12	43
18/04/2025	01	3	5	10	45
18/04/2025	02	3	4	9	40
18/04/2025	03	3	3	8	38
18/04/2025	04	3	3	7	42
18/04/2025	05	3	4	9	40
18/04/2025	06	3	5	10	39
18/04/2025	07	3	5	9	51
18/04/2025	08	3	6	10	53
18/04/2025	09	3	6	10	62
18/04/2025	10	3	6	10	78
18/04/2025	11	10	22	37	59
18/04/2025	12	12	26	44	63
18/04/2025	13	3	5	10	95
18/04/2025	14	4	9	16	86
18/04/2025	15	3	7	11	90
18/04/2025	16	5	18	25	74
18/04/2025	17	4	12	18	75
18/04/2025	18	3	5	9	82
18/04/2025	19	3	3	8	86
18/04/2025	20	3	5	10	76
18/04/2025	21	3	12	16	63
18/04/2025	22	3	9	14	73
18/04/2025	23	3	7	11	54
19/04/2025	00	3	6	10	35
19/04/2025	01	3	5	10	31
19/04/2025	02	3	4	8	29
19/04/2025	03	3	4	8	27
19/04/2025	04	3	5	10	34
19/04/2025	05	3	7	11	30
19/04/2025	06	3	5	10	53
19/04/2025	07	3	3	7	66
19/04/2025	08	3	2	6	74
19/04/2025	09	3	2	6	79
19/04/2025	10	3	2	6	80
19/04/2025	11	3	1	6	87
19/04/2025	12	3	2	6	91
19/04/2025	13	3	2	6	97
19/04/2025	14	3	1	6	97
19/04/2025	15	3	2	6	96
19/04/2025	16	3	2	6	94
19/04/2025	17	3	2	6	92
19/04/2025	18	3	2	6	91
19/04/2025	19	3	2	6	90
19/04/2025	20	3	2	6	92
19/04/2025	21	3	2	6	91
19/04/2025	22	3	2	6	86
19/04/2025	23	3	2	6	85
20/04/2025	00	3	2	6	83
20/04/2025	01	3	2	6	82
20/04/2025	02	3	1	6	81
20/04/2025	03	3	2	6	81
20/04/2025	04	3	1	6	78
20/04/2025	05	3	2	6	76
20/04/2025	06	3	2	6	77
20/04/2025	07	3	2	6	79
20/04/2025	08	3	2	6	80
20/04/2025	09	3	1	6	79
20/04/2025	10	3	2	6	78
20/04/2025	11	3	2	6	78
20/04/2025	12	3	2	6	79
20/04/2025	13	3	2	6	82
20/04/2025	14	3	2	6	84
20/04/2025	15	3	2	6	87
20/04/2025	16	3	2	6	87
20/04/2025	17	3	2	6	90
20/04/2025	18	3	2	6	89
20/04/2025	19	3	2	7	86
20/04/2025	20	3	7	11	69
20/04/2025	21	3	9	14	57
20/04/2025	22	3	4	8	63
20/04/2025	23	3	5	9	51
21/04/2025	00	3	4	9	49
21/04/2025	01	3	3	7	45
21/04/2025	02	3	3	8	38
21/04/2025	03	3	3	8	35
21/04/2025	04	3	2	6	38
21/04/2025	05	3	2	6	52
21/04/2025	06	3	2	6	47
21/04/2025	07	3	3	7	45
21/04/2025	08	3	2	6	56
21/04/2025	09	3	2	6	79
21/04/2025	10	3	2	6	83
21/04/2025	11	3	2	6	90
21/04/2025	12	3	3	7	92
21/04/2025	13	3	4	9	91
21/04/2025	14	3	1	6	96
21/04/2025	15	3	3	8	95
21/04/2025	16	4	9	15	87
21/04/2025	17	4	14	20	78
21/04/2025	18	3	2	6	98
21/04/2025	19	3	4	9	93
21/04/2025	20	3	9	14	80
21/04/2025	21	3	13	18	68
21/04/2025	22	3	6	10	75
21/04/2025	23	3	5	10	62
22/04/2025	00	3	4	9	51
22/04/2025	01	3	5	10	46
22/04/2025	02	3	4	9	44
22/04/2025	03	3	4	9	44
22/04/2025	04	3	5	9	42
22/04/2025	05	3	6	10	37
22/04/2025	06	3	8	12	34
22/04/2025	07	4	7	13	30
22/04/2025	08	7	19	29	20
22/04/2025	09	5	15	22	49
22/04/2025	10	7	15	25	56
22/04/2025	11	4	8	14	65
22/04/2025	12	4	11	18	69
22/04/2025	13	3	5	9	87
22/04/2025	14	3	8	13	77
22/04/2025	15	3	11	15	66
22/04/2025	16	3	7	12	80
22/04/2025	17	3	3	8	91
22/04/2025	18	3	8	12	72
22/04/2025	19	3	12	17	52
22/04/2025	20	3	10	14	51
22/04/2025	21	3	5	9	50
22/04/2025	22	3	3	8	40
22/04/2025	23	3	2	7	32
23/04/2025	00	3	3	7	32
23/04/2025	01	3	2	7	30
23/04/2025	02	3	2	6	51
23/04/2025	03	3	2	7	57
23/04/2025	04	3	2	7	63
23/04/2025	05	3	3	7	65
23/04/2025	06	3	4	9	63
23/04/2025	07	3	6	11	63
23/04/2025	08	3	5	10	
23/04/2025	09	4	7	12	74
23/04/2025	10	3	4	8	83
23/04/2025	11	3	4	9	85
23/04/2025	12	3	6	11	86
23/04/2025	13	3	3	8	98
23/04/2025	14	3	3	7	100
23/04/2025	15	3	5	9	101
23/04/2025	16	3	3	8	105
23/04/2025	17	3	4	8	103
23/04/2025	18	3	7	12	104
23/04/2025	19	3	26	31	64
23/04/2025	20	3	26	30	52
23/04/2025	21	3	10	14	65
23/04/2025	22	3	6	11	62
23/04/2025	23	3	6	10	59
24/04/2025	00	3	5	10	58
24/04/2025	01	3	5	10	53
24/04/2025	02	3	4	8	53
24/04/2025	03	3	3	8	48
24/04/2025	04	3	4	8	44
24/04/2025	05	3	6	11	35
24/04/2025	06	3	11	16	22
24/04/2025	07	5	11	19	23
24/04/2025	08	9	18	31	37
24/04/2025	09	8	22	35	54
24/04/2025	10	9	23	38	61
24/04/2025	11	17	31	57	52
24/04/2025	12	5	12	20	84
24/04/2025	13	4	11	18	92
24/04/2025	14	5	15	22	87
24/04/2025	15	6	17	25	79
24/04/2025	16	5	6	12	96
24/04/2025	17	3	6	10	95
24/04/2025	18	3	8	13	93
24/04/2025	19	3	8	12	93
24/04/2025	20	3	6	11	88
24/04/2025	21	3	15	20	63
24/04/2025	22	3	10	15	51
24/04/2025	23	3	4	9	60
25/04/2025	00	3	5	9	49
25/04/2025	01	3	5	10	35
25/04/2025	02	3	5	10	31
25/04/2025	03	3	5	9	28
25/04/2025	04	3	6	11	26
25/04/2025	05	3	9	14	18
25/04/2025	06	4	14	21	12
25/04/2025	07	7	15	25	15
25/04/2025	08	5	11	18	47
25/04/2025	09	3	7	12	65
25/04/2025	10	3	4	9	76
25/04/2025	11	6	17	25	77
25/04/2025	12	3	4	8	106
25/04/2025	13	3	2	6	106
25/04/2025	14	3	2	6	103
25/04/2025	15	3	2	6	108
25/04/2025	16	3	2	6	109
25/04/2025	17	3	1	6	107
25/04/2025	18	3	2	6	106
25/04/2025	19	3	2	6	99
25/04/2025	20	3	4	9	81
25/04/2025	21	3	6	10	77
25/04/2025	22	3	7	12	60
25/04/2025	23	3	9	13	54
26/04/2025	00	3	12	16	43
26/04/2025	01	3	7	11	48
26/04/2025	02	3	4	9	42
26/04/2025	03	3	5	9	26
26/04/2025	04	3	6	10	20
26/04/2025	05	3	8	12	21
26/04/2025	06	3	7	11	14
26/04/2025	07	4	6	11	20
26/04/2025	08	3	4	8	70
26/04/2025	09	3	7	12	66
26/04/2025	10	6	20	30	61
26/04/2025	11	5	12	20	74
26/04/2025	12	5	10	18	76
26/04/2025	13	3	6	10	85
26/04/2025	14	5	13	20	75
26/04/2025	15	3	2	7	93
26/04/2025	16	3	2	6	86
26/04/2025	17	3	2	6	88
26/04/2025	18	3	2	6	87
26/04/2025	19	3	3	8	83
26/04/2025	20	4	6	13	71
26/04/2025	21	3	3	8	78
26/04/2025	22	3	2	6	82
26/04/2025	23	3	2	6	86
27/04/2025	00	3	5	9	49
27/04/2025	01	3	2	6	75
27/04/2025	02	3	1	6	77
27/04/2025	03	3	2	6	77
27/04/2025	04	3	2	6	79
27/04/2025	05	3	1	6	77
27/04/2025	06	3	2	6	73
27/04/2025	07	3	2	6	73
27/04/2025	08	3	2	7	79
27/04/2025	09	3	2	6	82
27/04/2025	10	3	2	7	80
27/04/2025	11	4	12	18	75
27/04/2025	12	5	15	22	74
27/04/2025	13	4	8	15	84
27/04/2025	14	3	4	8	98
27/04/2025	15	3	7	12	97
27/04/2025	16	4	11	16	87
27/04/2025	17	3	2	6	99
27/04/2025	18	3	1	6	97
27/04/2025	19	3	2	6	97
27/04/2025	20	3	4	8	84
27/04/2025	21	3	10	14	61
27/04/2025	22	3	11	15	46
27/04/2025	23	3	8	12	44
28/04/2025	00	3	5	10	45
28/04/2025	01	3	3	8	48
28/04/2025	02	3	2	7	49
28/04/2025	03	3	2	6	51
28/04/2025	04	3	3	8	45
28/04/2025	05	3	4	8	40
28/04/2025	06	3	6	11	36
28/04/2025	07	3	6	11	43
28/04/2025	08	3	3	8	69
28/04/2025	09	3	2	6	90
28/04/2025	10	3	2	6	95
28/04/2025	17	6	21	29	66
28/04/2025	18	8	35	46	49
28/04/2025	19	6	32	41	50
28/04/2025	20	3	12	17	78
28/04/2025	21	3	13	17	56
28/04/2025	22	3	7	11	56
28/04/2025	23	3	4	9	49
29/04/2025	00	3	4	8	46
29/04/2025	01	3	3	7	47
29/04/2025	02	3	3	7	49
29/04/2025	03	3	3	7	47
29/04/2025	04	3	3	7	46
29/04/2025	05	3	4	9	42
29/04/2025	06	3	9	13	38
29/04/2025	07	3	9	13	69
29/04/2025	08	3	5	10	88
29/04/2025	09	3	3	8	97
29/04/2025	11	3	2	6	106
29/04/2025	12	3	2	7	106
29/04/2025	13	3	2	6	107
29/04/2025	14	3	2	6	110
29/04/2025	15	3	1	6	110
29/04/2025	16	3	1	6	109
29/04/2025	17	3	1	6	102
29/04/2025	18	3	2	6	103
29/04/2025	19	3	2	6	111
29/04/2025	20	3	2	6	96
29/04/2025	21	3	6	10	86
29/04/2025	22	3	3	7	91
29/04/2025	23	3	2	6	93
30/04/2025	00	3	3	7	90
30/04/2025	01	3	3	8	84
30/04/2025	02	3	4	8	85
30/04/2025	03	3	3	7	88
30/04/2025	04	3	2	6	90
30/04/2025	05	3	5	9	80
30/04/2025	06	3	9	14	75
30/04/2025	07	3	10	15	78
30/04/2025	08	3	9	13	83
30/04/2025	09	3	2	6	96
30/04/2025	10	3	2	6	97
30/04/2025	11	3	2	6	100
30/04/2025	12	3	2	6	102
30/04/2025	13	3	1	6	105
30/04/2025	14	3	1	6	105
30/04/2025	15	3	2	6	102
30/04/2025	16	3	2	6	99
30/04/2025	17	3	2	6	97
30/04/2025	18	3	1	6	93
30/04/2025	19	3	2	6	90
30/04/2025	20	3	3	7	87
30/04/2025	21	3	5	9	85
30/04/2025	22	3	5	10	80
30/04/2025	23	3	6	11	73
