Red: Red de Vigilancia y Control de la Contaminación Atmosférica
Estación: 12028001-Benicàssim
	
FECHA	HORA	PM2.5	SO2	CO	NO	NO2	PM10	NOx	O3
		µg/m³	µg/m³	mg/m³	µg/m³	µg/m³	µg/m³	µg/m³	µg/m³
01/01/2025	00	2	5		3	9	3	14	66
01/01/2025	01	3	5		3	9	4	14	61
01/01/2025	02	3	5		3	9	3	14	63
01/01/2025	03	3	5		3	8	4	13	66
01/01/2025	04	5	6		4	12	6	17	56
01/01/2025	05	4	5		4	12	5	17	50
01/01/2025	06	4	5		3	11	5	16	50
01/01/2025	07	6	5		4	8	7	14	57
01/01/2025	08	6	5		3	9	7	14	57
01/01/2025	09	4	5		4	9	5	15	59
01/01/2025	10	4	5		4	9	5	14	62
01/01/2025	11	3	5		3	10	4	15	65
01/01/2025	12	3	5		3	10	3	15	68
01/01/2025	13	2	5		3	10	3	15	69
01/01/2025	14	2	5		3	9	3	14	74
01/01/2025	15	2	5		3	10	3	15	72
01/01/2025	16	2	5		4	14	3	19	65
01/01/2025	17	3	5		4	18	3	23	53
01/01/2025	18	3	5		4	24	4	30	47
01/01/2025	19	4	5		4	17	5	22	59
01/01/2025	20	4	5		3	13	5	18	61
01/01/2025	21	4	5		4	20	4	27	45
01/01/2025	22	4	5		4	19	4	25	39
01/01/2025	23	4	5		4	17	5	24	32
02/01/2025	00	4	5		4	16	5	22	30
02/01/2025	01	4	5		4	13	4	18	35
02/01/2025	02	4	5		3	10	5	15	36
02/01/2025	03	4	5		3	9	5	13	35
02/01/2025	04	3	5		3	10	4	15	32
02/01/2025	05	2	5		3	10	2	15	32
02/01/2025	06	2	5		3	10	2	15	42
02/01/2025	07	1	5		6	21	2	30	31
02/01/2025	08	2	5		8	27	2	38	24
02/01/2025	09	2	5		6	20	3	29	33
02/01/2025	10	3	6		6	18	4	26	36
02/01/2025	11	2	6		4	11	3	18	47
02/01/2025	12	2	6		3	9	2	14	57
02/01/2025	13	2	7		4	10	2	16	58
02/01/2025	14	2	7		4	12	3	18	57
02/01/2025	15	2	6		4	12	4	17	62
02/01/2025	16	3	7		6	21	4	29	48
02/01/2025	17	2	9		16	48	3	72	12
02/01/2025	18	2	8		16	49	3	72	9
02/01/2025	19	2	7		12	46	3	63	14
02/01/2025	20	2	7		11	46	3	62	15
02/01/2025	21	2	7		9	37	3	51	19
02/01/2025	22	2	7		8	33	3	45	18
02/01/2025	23	3	7		5	28	3	36	22
03/01/2025	00	3	6		5	23	3	30	25
03/01/2025	01	3	6		4	22	3	29	23
03/01/2025	02	3	6		4	21	3	27	21
03/01/2025	03	3	7		3	13	4	17	37
03/01/2025	04	2	6		3	15	3	19	30
03/01/2025	05	2	6		4	17	3	22	29
03/01/2025	06	2	6		5	20	3	28	25
03/01/2025	07	2	6		10	30	3	46	18
03/01/2025	08	2	6		8	27	2	40	28
03/01/2025	09	2	7		5	17	2	23	46
03/01/2025	10	2	7		6	21	3	30	44
03/01/2025	11	2	7		4	16	3	23	53
03/01/2025	12	3	8		5	17	4	24	57
03/01/2025	13	6	26		9	32	10	46	47
03/01/2025	14	2	9		4	17	4	23	64
03/01/2025	15	3	8		4	18	4	24	67
03/01/2025	16	2	8		4	20	3	26	63
03/01/2025	17	3	9		13	52	5	72	14
03/01/2025	18	3	11		46	62	4	133	4
03/01/2025	19	2	10		12	38	4	56	37
03/01/2025	20	2	8		4	35	3	42	40
03/01/2025	21	3	7		6	41	4	50	23
03/01/2025	22	2	8		10	44	3	59	12
03/01/2025	23	2	8		8	38	3	49	19
04/01/2025	00	2	8		9	40	3	53	14
04/01/2025	01	2			7	39	3	50	14
04/01/2025	02	2			4	27	3	34	26
04/01/2025	03	2			4	22	2	28	34
04/01/2025	04	2			4	27	2	33	26
04/01/2025	05	2			4	22	2	28	36
04/01/2025	06	2			5	24	2	31	31
04/01/2025	07	3			8	32	4	44	18
04/01/2025	08	2			9	32	3	46	17
04/01/2025	09	2			11	33	3	49	23
04/01/2025	10	3			8	26	4	39	34
04/01/2025	11	4			6	20	6	28	48
04/01/2025	12	5			5	20	7	28	50
04/01/2025	13	6			5	20	8	27	59
04/01/2025	14	8			5	21	10	29	55
04/01/2025	15	5			4	16	6	22	57
04/01/2025	16	5			4	16	6	22	58
04/01/2025	17	6			5	26	7	34	39
04/01/2025	18	5			10	39	6	54	18
04/01/2025	19	4			7	33	5	43	29
04/01/2025	20	3			5	23	3	30	42
04/01/2025	21	5			5	27	6	34	36
04/01/2025	22	4			5	31	5	39	26
04/01/2025	23	3			5	25	3	32	29
05/01/2025	00	3			5	22	3	29	29
05/01/2025	01	2			4	20	3	27	29
05/01/2025	02	3			4	20	3	26	29
05/01/2025	03	3			3	15	3	20	38
05/01/2025	04	2			3	8	2	13	53
05/01/2025	05	2			3	14	2	19	40
05/01/2025	06	3			4	22	4	29	23
05/01/2025	07	3			5	22	4	29	24
05/01/2025	08	5			6	22	6	32	22
05/01/2025	09	5			8	24	6	37	21
05/01/2025	10	6			9	24	7	37	28
05/01/2025	11	5			4	16	7	23	48
05/01/2025	12	6			5	17	8	24	47
05/01/2025	13	7			5	19	9	25	52
05/01/2025	14	6			4	17	8	24	56
05/01/2025	15	6			5	19	8	26	52
05/01/2025	16	4			5	25	6	33	44
05/01/2025	17	4			6	35	5	43	27
05/01/2025	18	6			7	43	7	54	16
05/01/2025	19	6			7	38	7	48	20
05/01/2025	20	6			7	35	7	45	25
05/01/2025	21	6			5	29	8	37	29
05/01/2025	22	7			5	33	9	41	21
05/01/2025	23	8			5	31	10	38	24
06/01/2025	00	7			4	16	11	22	48
06/01/2025	01	5			3	12	11	17	61
06/01/2025	02	5			3	12	10	17	59
06/01/2025	03	5			4	12	9	18	53
06/01/2025	04	5			4	13	7	19	45
06/01/2025	05	5			3	15	7	20	40
06/01/2025	06	5			3	15	7	21	41
06/01/2025	07	4			3	15	5	20	44
06/01/2025	08	4			3	15	5	20	52
06/01/2025	09	3			4	16	5	22	53
06/01/2025	10	3			5	18	6	26	48
06/01/2025	11	2			4	16	4	22	58
06/01/2025	12	2			4	14	3	20	62
06/01/2025	13	2			4	17	3	23	59
06/01/2025	14	2			4	16	3	21	64
06/01/2025	15	1			3	16	1	21	65
06/01/2025	16	2			5	25	2	32	46
06/01/2025	17	1			6	32	1	41	30
06/01/2025	18	1			3	10	1	15	66
06/01/2025	19	1			3	6	1	10	72
06/01/2025	20	1			3	4	1	8	70
06/01/2025	21	1			3	6	1	11	73
06/01/2025	22	1			3	10	1	15	67
06/01/2025	23	1			4	15	1	20	54
07/01/2025	00	1			3	15	1	20	49
07/01/2025	01	1			3	11	1	16	57
07/01/2025	02	1			3	11	1	16	51
07/01/2025	03	1			3	9	1	14	46
07/01/2025	04	1			3	9	1	13	53
07/01/2025	05	1			3	14	1	19	45
07/01/2025	06	1			4	22	1	27	33
07/01/2025	07	1			9	36	1	49	23
07/01/2025	08	1			7	35	1	45	28
07/01/2025	09	1			12	37	2	54	25
07/01/2025	10	1			6	21	2	28	51
07/01/2025	11	2			5	17	4	24	60
07/01/2025	12	3			6	21	8	30	57
07/01/2025	13	1			4	14	3	20	67
07/01/2025	14	1			3	11	3	16	69
07/01/2025	15	1			3	10	3	15	72
07/01/2025	16	2			3	14	4	19	67
07/01/2025	17	2			6	33	4	42	34
07/01/2025	18	1			7	36	2	46	34
07/01/2025	19	1			8	40	2	52	29
07/01/2025	20	2			7	37	3	47	26
07/01/2025	21	2			6	36	2	45	25
07/01/2025	22	2			6	37	2	46	22
07/01/2025	23	2			4	29	3	36	27
08/01/2025	00	2			4	35	2	41	21
08/01/2025	01	2			6	34	2	42	23
08/01/2025	02	1			4	28	2	33	25
08/01/2025	03	1			3	21	1	26	30
08/01/2025	04	1			4	28	2	33	23
08/01/2025	05	1			4	23	1	29	27
08/01/2025	06	1			6	31	1	41	19
08/01/2025	07	1			16	40	1	65	12
08/01/2025	08	1			16	38	2	63	20
08/01/2025	09	2			25	43	3	82	12
08/01/2025	10	2			11	29	4	45	30
08/01/2025	11	3			9	26	6	39	37
08/01/2025	12	4			10	29	9	45	38
08/01/2025	13	5			8	29	11	42	42
08/01/2025	14	3			5	22	11	29	58
08/01/2025	15	4			5	24	14	31	55
08/01/2025	16	5			8	39	14	51	29
08/01/2025	17	4			15	54	7	77	10
08/01/2025	18	2			5	30	5	38	44
08/01/2025	19	2			4	23	4	28	56
08/01/2025	20	2			9	48	5	62	18
08/01/2025	21	1			6	29	3	38	47
08/01/2025	22	1			3	18	2	23	64
08/01/2025	23	1			3	14	2	19	66
09/01/2025	00	2			3	14	3	19	63
09/01/2025	01	2			3	16	3	21	56
09/01/2025	02	2			3	19	3	25	51
09/01/2025	03	1			3	15	2	21	55
09/01/2025	04	1			3	19	2	24	51
09/01/2025	05	2			4	23	3	29	40
09/01/2025	06	3			5	35	4	43	23
09/01/2025	07	3			17	46	4	71	7
09/01/2025	08	3			20	45	4	76	6
09/01/2025	09	3			23	41	4	77	10
09/01/2025	10	4			17	38	11	63	25
09/01/2025	11	5			12	36	12	53	37
09/01/2025	12	5			6	25	19	34	53
09/01/2025	13	3			5	21	11	28	58
09/01/2025	14	3			4	14	7	20	64
09/01/2025	15	2			4	14	3	19	64
09/01/2025	16	1			4	12	1	17	65
09/01/2025	17	1			5	26	1	33	50
09/01/2025	18	1			7	41	1	51	32
09/01/2025	19	1			4	27	2	32	47
09/01/2025	20	1			5	31	1	38	40
09/01/2025	21	1			5	34	2	40	30
09/01/2025	22	1			5	28	1	36	31
09/01/2025	23	1			4	20	2	26	36
10/01/2025	00	1			4	20	2	27	34
10/01/2025	01	2			4	23	2	29	29
10/01/2025	02	2			4	24	2	30	30
10/01/2025	03	2			4	22	3	29	24
10/01/2025	04	1			4	21	1	27	27
10/01/2025	05	1			5	24	1	32	25
10/01/2025	06	1			12	34	1	52	12
10/01/2025	07	1			14	40	1	61	12
10/01/2025	08	2			14	40	2	60	16
10/01/2025	09	2			26	40	4	80	11
10/01/2025	10	2			12	30	5	49	26
10/01/2025	11	1			5	21	3	30	48
10/01/2025	12	1			6	23	2	32	52
10/01/2025	13	2			7	15	3	25	44
10/01/2025	14	1	3		5	17	3	25	52
10/01/2025	15	1	3		4	16	2	22	61
10/01/2025	16	1	3		4	21	3	27	57
10/01/2025	17	2	3		15	47	3	69	17
10/01/2025	18	1	3		9	35	2	49	28
10/01/2025	19	1	3		6	33	2	42	31
10/01/2025	20	2	3		15	46	2	69	6
10/01/2025	21	2	3		12	42	3	60	12
10/01/2025	22	4	3		6	35	5	44	22
10/01/2025	23	3	3		5	33	4	40	23
11/01/2025	00	3	3		5	32	4	40	20
11/01/2025	01	1	3		5	28	2	35	25
11/01/2025	02	2	3		4	23	3	29	27
11/01/2025	03	1	3		4	18	1	24	34
11/01/2025	04	1	3		4	17	1	23	37
11/01/2025	05	1	5		4	29	1	35	36
11/01/2025	06	1	3		4	25	2	31	32
11/01/2025	07	1	3		4	16	1	22	50
11/01/2025	08	1	4		3	16	1	21	54
11/01/2025	09	1	3		3	8	1	13	62
11/01/2025	10	1	3		3	9	2	14	59
11/01/2025	11	1	3		4	14	1	19	65
11/01/2025	12	1	3		4	11	1	16	72
11/01/2025	13	1	3		3	3	2	7	78
11/01/2025	14	1	3		3	4	5	8	80
11/01/2025	15	1	3		3	4	6	8	79
11/01/2025	16	2	3		3	6	6	11	76
11/01/2025	17	1	3		3	5	4	9	76
11/01/2025	18	1	3		3	3	2	8	75
11/01/2025	19	1	3		3	5	1	10	76
11/01/2025	20	1	3		3	5	3	9	78
11/01/2025	21	1	3		3	1	3	6	78
11/01/2025	22	2	3		3	2	3	6	77
11/01/2025	23	1	3		3	4	2	9	76
12/01/2025	00	1	3		3	4	1	9	75
12/01/2025	01	1	3		3	2	1	7	76
12/01/2025	02	1	3		3	5	3	10	75
12/01/2025	03	1	3		3	1	2	6	76
12/01/2025	04	1	3		3	1	1	6	76
12/01/2025	05	1	3		3	2	1	7	76
12/01/2025	06	1	3		3	2	1	7	77
12/01/2025	07	1	3		3	3	1	8	74
12/01/2025	08	1	3		3	3	1	8	73
12/01/2025	09	1	3		3	3	1	8	72
12/01/2025	10	1	3		3	2	1	8	72
12/01/2025	11	1	3		3	3	1	8	73
12/01/2025	12	1	3		3	4	1	9	73
12/01/2025	13	1	3		3	5	1	10	72
12/01/2025	14	1	3		3	3	1	8	75
12/01/2025	15	1	3		3	5	1	10	74
12/01/2025	16	1	3		3	7	1	12	73
12/01/2025	17	1	3		3	9	1	13	72
12/01/2025	18	1	3		3	10	1	15	67
12/01/2025	19	2	3		3	10	4	15	73
12/01/2025	20	5	3		4	17	8	22	57
12/01/2025	21	5	3		4	17	7	23	52
12/01/2025	22	4	3		5	18	7	25	45
12/01/2025	23	4	3		4	16	5	22	46
13/01/2025	00	4	3		3	12	6	17	47
13/01/2025	01	4	3	0,1	3	8	6	12	60
13/01/2025	02	4	3	0,1	3	13	5	17	45
13/01/2025	03	4	3	0,1	3	11	5	15	45
13/01/2025	04	3	3	0,1	2	8	4	12	49
13/01/2025	05	3	3	0,1	3	10	5	14	49
13/01/2025	06	4	3	0,1	3	16	5	20	49
13/01/2025	07	4	3	0,1	8	35	6	47	25
13/01/2025	08	4	3	0,1	7	26	5	37	40
13/01/2025	09	2	3	0,1	4	19	3	25	46
13/01/2025	10	1	3	0,1	4	17	2	23	60
13/01/2025	11	2	3	0,1	3	9	4	13	74
13/01/2025	12	3	3	0,1	4	11	5	17	71
13/01/2025	13	2	3	0,1	3	7	2	12	77
13/01/2025	14	1	3	0,1	3	6	2	11	81
13/01/2025	15	1	3	0,1	3	6	2	10	82
13/01/2025	16	1	3	0,1	3	6	2	11	79
13/01/2025	17	1	3	0,1	3	9	2	14	71
13/01/2025	18	1	3	0,1	4	16	2	23	56
13/01/2025	19	1	3	0,1	4	14	2	19	59
13/01/2025	20	1	3	0,1	3	12	2	18	59
13/01/2025	21	1	3	0,1	3	10	2	14	62
13/01/2025	22	2	3	0,1	3	17	3	21	52
13/01/2025	23	3	4	0,1	3	28	4	33	38
14/01/2025	00	3	9	0,1	3	32	4	37	33
14/01/2025	01	3	9	0,1	3	33	5	37	29
14/01/2025	02	3	10	0,1	3	34	4	38	29
14/01/2025	03	2	7	0,1	2	25	3	29	39
14/01/2025	04	2	5	0,1	2	23	3	26	42
14/01/2025	05	2	3	0,1	2	13	2	16	52
14/01/2025	06	1	3	0,2	3	16	2	21	48
14/01/2025	07	3	7	0,1	4	34	5	40	29
14/01/2025	08	2	3	0,1	4	27	4	33	38
14/01/2025	09	2	3	0,1	7	33	4	45	35
14/01/2025	10	3	3	0,1	6	23	7	31	49
14/01/2025	11	2	3	0,1	3	9	4	14	65
14/01/2025	12	3	3	0,1	4	11	6	17	66
14/01/2025	13	2	3	0,1	5	14	6	21	64
14/01/2025	14	2	3	0,1	5	14	5	21	66
14/01/2025	15	2	3	0,1	3	9	3	14	73
14/01/2025	16	2	3	0,1	3	6	3	11	79
14/01/2025	17	3	3	0,1	8	25	4	38	49
14/01/2025	18	3	3	0,1	13	50	4	71	12
14/01/2025	19	3	3	0,1	9	46	3	60	19
14/01/2025	20	2	3	0,1	6	36	3	46	29
14/01/2025	21	2	3	0,1	4	26	3	32	41
14/01/2025	22	2	3	0,1	4	28	3	34	35
14/01/2025	23	2	3	0,1	3	25	3	29	43
15/01/2025	00	2	3	0,1	2	19	2	23	55
15/01/2025	01	2	3	0,1	2	23	2	26	43
15/01/2025	02	3	3	0,1	3	24	4	28	36
15/01/2025	03	3	3	0,1	4	22	4	28	31
15/01/2025	04	3	3	0,2	2	20	4	24	36
15/01/2025	05	3	3	0,2	3	20	4	24	38
15/01/2025	06	3	3	0,3	6	35	4	44	21
15/01/2025	07	3	3	0,3	16	46	4	69	14
15/01/2025	08	3	3	0,3	18	47	4	74	15
15/01/2025	09	2	6	0,3	12	39	4	58	27
15/01/2025	10	3	4	0,1	4	17	6	23	59
15/01/2025	11	4	7	0,1	6	21	9	30	55
15/01/2025	12	6	8	0,1	6	23	11	32	58
15/01/2025	13	5	5	0,1	6	20	10	28	69
15/01/2025	14	3	3	0,1	4	11	5	17	76
15/01/2025	15	2	3	0,1	3	9	3	14	78
15/01/2025	16	2	3	0,1	3	9	4	15	74
15/01/2025	17	3	3	0,1	7	29	6	39	47
15/01/2025	18	4	3	0,1	18	53	5	80	12
15/01/2025	19	4	3	0,1	8	47	6	59	22
15/01/2025	20	6	3	0,1	4	39	8	46	34
15/01/2025	21	6	3	0,1	5	35	9	44	32
15/01/2025	22	6	3	0,1	8	39	9	51	19
15/01/2025	23	7	3	0,1	6	36	10	45	16
16/01/2025	00	8	3	0,1	5	33	11	41	19
16/01/2025	01	6	8	0,1	5	38	8	45	20
16/01/2025	02	5	14	0,1	7	48	9	59	16
16/01/2025	03	4	4	0,1	2	15	5	18	54
16/01/2025	04	4	3	0,1	2	9	5	13	60
16/01/2025	05	3	3	0,1	3	15	5	19	50
16/01/2025	06	3	3	0,1	3	20	5	24	44
16/01/2025	07	3	3	0,1	4	26	5	31	40
16/01/2025	08	3	3	0,1	4	25	5	30	41
16/01/2025	09	4	3	0,1	3	15	6	20	50
16/01/2025	13	3	3	0,1	4	8	5	13	71
16/01/2025	14	4	3	0,1	4	8	6	14	71
16/01/2025	15	4	3	0,1	4	10	5	16	70
16/01/2025	16	3	3		4	9	5	15	68
16/01/2025	17	5	3		4	11	7	16	61
16/01/2025	18	4	3		5	18	5	24	53
16/01/2025	19	4	3		3	12	6	17	56
16/01/2025	20	3	3		3	6	5	10	65
16/01/2025	21	3	3		3	6	4	11	62
16/01/2025	22	3	3		3	6	4	11	59
16/01/2025	23	3	3		3	6	3	10	58
17/01/2025	00	2	3		3	6	3	10	58
17/01/2025	01	2	3		3	6	2	10	56
17/01/2025	02	1	3		3	5	1	9	60
17/01/2025	03	1	3		3	4	2	9	59
17/01/2025	04	1	3		3	4	2	9	59
17/01/2025	05	2	3		3	4	2	9	60
17/01/2025	06	2	3		3	5	2	9	60
17/01/2025	07	2	3		3	5	2	10	60
17/01/2025	08	2	3		3	6	3	11	58
17/01/2025	09	3	3		3	6	4	12	56
17/01/2025	10	4	3		3	8	5	13	54
17/01/2025	11	3	3		3	8	4	13	54
17/01/2025	12	3	3	0,2	4	6	4	12	56
17/01/2025	13	3	3	0,2	4	6	4	12	57
17/01/2025	14	3	3	0,2	3	7	4	12	60
17/01/2025	15	3	3	0,3	3	7	4	12	62
17/01/2025	16	3	3	0,3	3	8	4	13	64
17/01/2025	17	3	3	0,3	3	10	4	15	58
17/01/2025	18	3	3	0,3	3	10	3	15	53
17/01/2025	19	3	3	0,3	3	10	3	15	54
17/01/2025	20	3	3	0,2	3	9	4	15	53
17/01/2025	21	3	3	0,2	3	9	4	14	52
17/01/2025	22	3	3	0,1	3	9	4	14	53
17/01/2025	23	4	3	0,1	3	12	5	17	48
18/01/2025	00	4	3	0,1	5	28	5	36	22
18/01/2025	01	3	3	0,1	4	24	4	31	27
18/01/2025	02	2	4	0,1	4	22	3	27	37
18/01/2025	03	3	4	0,1	4	23	4	29	32
18/01/2025	04	2	3	0,1	3	16	2	21	45
18/01/2025	05	2	7	0,2	3	21	2	26	44
18/01/2025	06	1	7	0,3	3	21	2	27	45
18/01/2025	07	1	6	0,3	3	21	2	26	45
18/01/2025	08	1	4	0,3	4	18	1	24	50
18/01/2025	09	1	3	0,2	4	12	1	18	60
18/01/2025	10	1	3	0,2	4	11	1	16	64
18/01/2025	11	1	3	0,2	4	12	1	17	63
18/01/2025	12	2	3	0,2	4	11	4	16	70
18/01/2025	13	3	3	0,2	4	11	5	17	67
18/01/2025	14	3	3	0,2	3	6	4	11	74
18/01/2025	15	3	3	0,2	3	6	5	11	78
18/01/2025	16	3	3	0,1	3	6	4	11	79
18/01/2025	17	3	3	0,2	5	20	4	28	46
18/01/2025	18	3	3	0,3	7	28	4	39	22
18/01/2025	19	3	3	0,2	7	26	4	36	26
18/01/2025	20	3	3	0,2	6	25	3	35	26
18/01/2025	21	2	3	0,1	5	20	3	28	37
18/01/2025	22	2	3	0,2	5	16	2	24	41
18/01/2025	23	2	3	0,1	4	13	3	19	50
19/01/2025	00	3	4	0,2	5	21	4	28	33
19/01/2025	01	3	5	0,1	5	31	4	38	23
19/01/2025	02	2	8	0,1	4	40	3	46	27
19/01/2025	03	2	11	0,1	4	41	3	48	29
19/01/2025	04	2	6	0,2	4	25	2	31	40
19/01/2025	05	2	13	0,1	5	45	3	53	24
19/01/2025	06	2	10	0,2	5	40	2	47	28
19/01/2025	07	2	11	0,3	5	43	3	50	27
19/01/2025	08	2	9	0,3	6	38	2	46	30
19/01/2025	09	1	6	0,3	10	34	2	49	32
19/01/2025	10	2	7	0,2	7	22	3	32	50
19/01/2025	11	4	14	0,2	7	24	10	36	51
19/01/2025	12	4	14	0,2	7	23	8	34	55
19/01/2025	13	2	6	0,1	5	13	4	20	68
19/01/2025	14	2	3	0,2	4	9	4	15	73
19/01/2025	15	3	4	0,2	5	15	4	22	69
19/01/2025	16	3	4	0,2	4	14	4	20	70
19/01/2025	17	4	3	0,3	4	21	5	27	59
19/01/2025	18	4	3	0,3	5	45	5	53	34
19/01/2025	19	3	3	0,2	6	50	4	59	32
19/01/2025	20	3	3	0,1	5	43	4	51	32
19/01/2025	21	3	3	0,1	4	30	4	36	52
19/01/2025	22	3	3	0,2	4	22	4	28	59
19/01/2025	23	3	3	0,3	4	19	4	25	61
20/01/2025	00	3	3	0,2	4	19	3	25	50
20/01/2025	01	3	3	0,2	4	17	4	23	44
20/01/2025	02	3	3	0,3	4	17	4	23	35
20/01/2025	03	3	3	0,2	4	18	4	24	34
20/01/2025	04	3	3	0,2	4	19	4	25	37
20/01/2025	05	4	4	0,3	4	30	5	37	29
20/01/2025	06	4	5	0,2	8	43	6	55	23
20/01/2025	07	3	4	0,2	8	40	4	53	22
20/01/2025	08	3	6	0,2	12	49	4	67	19
20/01/2025	09	3	7	0,2	13	44	4	64	19
20/01/2025	10	3	5	0,2	14	42	4	64	16
20/01/2025	11	4	6	0,1	17	43	5	69	21
20/01/2025	12	5	7	0,2	6	28	7	38	43
20/01/2025	13	7	5	0,2	6	28	10	37	41
20/01/2025	14	8	5	0,3	5	28	12	36	45
20/01/2025	15	9	3	0,3	11	39	11	55	21
20/01/2025	16	9	3	0,2	15	47	12	70	12
20/01/2025	17	8	3	0,3	15	50	11	73	10
20/01/2025	18	4	3	0,3	28	52	5	95	4
20/01/2025	19	3	3	0,2	23	51	3	87	6
20/01/2025	20	2	3	0,2	17	45	3	71	7
20/01/2025	21	2	3	0,1	18	44	3	71	11
20/01/2025	22	2	3	0,1	11	42	3	59	13
20/01/2025	23	4	3	0,2	15	48	5	72	6
21/01/2025	00	5	3	0,2	8	40	7	53	9
21/01/2025	01	5	3	0,1	8	37	7	49	6
21/01/2025	02	6	3	0,2	9	39	7	54	6
21/01/2025	03	7	3	0,2	5	31	9	39	15
21/01/2025	04	8	6	0,2	8	44	10	57	11
21/01/2025	05	10	12	0,2	31	63	13	111	2
21/01/2025	06	7	5	0,3	26	49	9	88	3
21/01/2025	07	8	5	0,2	43	49	10	114	3
21/01/2025	08	9	4	0,2	21	43	11	74	10
21/01/2025	09	8	4	0,2	29	46	10	89	8
21/01/2025	10	8	4	0,2	14	36	11	56	23
21/01/2025	11	7	5	0,2	6	23	9	32	44
21/01/2025	12	7	4	0,2	5	22	10	29	47
21/01/2025	13	6	3	0,2	4	17	9	24	54
21/01/2025	14	6	3	0,2	4	17	8	23	57
21/01/2025	15	6	3	0,2	4	17	8	23	57
21/01/2025	16	7	3	0,3	4	20	10	26	53
21/01/2025	17	7	3	0,4	4	25	10	32	45
21/01/2025	18	7	3	0,4	13	53	10	73	10
21/01/2025	19	7	3	0,4	14	49	9	70	9
21/01/2025	20	7	3	0,4	17	50	9	76	10
21/01/2025	21	7	3	0,2	10	43	9	58	14
21/01/2025	22	12	3	0,1	17	49	15	75	8
21/01/2025	23	16	3	0,2	16	46	20	70	5
22/01/2025	00	16	3	0,3	15	45	20	68	5
22/01/2025	01	17	3	0,2	8	44	20	56	7
22/01/2025	02	18	3	0,3	11	42	22	59	5
22/01/2025	03	19	3	0,3	10	43	23	57	5
22/01/2025	04	15	4	0,2	15	47	18	69	4
22/01/2025	05	12	4	0,3	17	44	15	70	5
22/01/2025	06	13	4	0,3	22	44	16	77	4
22/01/2025	07	13	5	0,4	35	53	16	107	4
22/01/2025	08	9	4	0,4	43	57	12	123	4
22/01/2025	09	8	8	0,3	36	50	11	105	10
22/01/2025	10	13	22	0,3	27	50	18	90	19
22/01/2025	11	9	27	0,4	27	56	17	97	21
22/01/2025	12	6	11	0,4	14	41	12	61	39
22/01/2025	13	4	4	0,4	7	27	8	38	51
22/01/2025	14	3	3	0,2	6	23	7	32	56
22/01/2025	15	5	6	0,2	5	25	16	33	59
22/01/2025	16	7	5	0,2	5	28	26	35	57
22/01/2025	17	8	4	0,4	8	46	20	57	36
22/01/2025	18	7	3	0,3	15	52	13	74	32
22/01/2025	19	7	3	0,3	5	39	14	47	44
22/01/2025	20	7	4	0,4	10	61	11	77	14
22/01/2025	21	5	4	0,2	8	48	8	60	21
22/01/2025	22	5	5	0,1	6	43	9	53	26
22/01/2025	23	4	4	0,2	5	36	6	44	27
23/01/2025	00	4	4	0,1	5	39	6	46	23
23/01/2025	01	4	4	0,1	8	48	6	61	14
23/01/2025	02	4	4	0,1	6	41	7	49	19
23/01/2025	03	4	4	0,1	8	42	5	53	16
23/01/2025	04	4	5	0,1	6	38	5	47	22
23/01/2025	05	3	5	0,1	6	43	5	52	18
23/01/2025	06	4	6	0,1	12	52	5	69	14
23/01/2025	07	3	5	0,1	10	51	5	66	14
23/01/2025	08	4	7	0,1	24	65	6	101	7
23/01/2025	09	4	10	0,1	29	56	6	100	12
23/01/2025	10	6	22	0,3	25	57	13	95	22
23/01/2025	11	5	19	0,3	18	53	11	81	34
23/01/2025	12	3	10	0,2	8	24	6	36	50
23/01/2025	13	5	8	0,2	7	15	8	26	60
23/01/2025	14	4	7	0,2	6	11	7	20	70
23/01/2025	15	3	6	0,2	5	9	5	17	69
23/01/2025	16	2	4	0,1	5	8	3	15	68
23/01/2025	17	3	4	0,2	5	14	4	22	61
23/01/2025	18	4	4	0,2	4	9	5	14	64
23/01/2025	19	2	3	0,2	4	2	3	8	68
23/01/2025	20	2	3	0,1	4	4	2	10	65
23/01/2025	21	2	3	0,1	4	5	3	11	62
23/01/2025	22	2	3	0,2	5	24	3	32	36
23/01/2025	23	2	3	0,2	6	25	3	34	30
24/01/2025	00	2	3	0,1	6	25	2	34	27
24/01/2025	01	2	3	0,1	7	33	3	43	18
24/01/2025	02	2	3	0,1	5	12	3	18	38
24/01/2025	03	2	3	0,1	4	11	3	17	35
24/01/2025	04	2	3	0,1	5	20	3	26	28
24/01/2025	05	2	3	0,2	9	29	3	42	14
24/01/2025	06	3	3	0,1	13	25	4	44	15
24/01/2025	07	4	3	0,2	14	29	5	50	17
24/01/2025	08	13	3	0,1	43	43	17	110	5
24/01/2025	09	4	3	0,1	12	18	5	36	30
24/01/2025	10	5	4	0,2	11	18	7	34	33
24/01/2025	11	5	4	0,2	14	19	7	40	34
24/01/2025	12	7	10	0,2	14	24	10	45	36
24/01/2025	13	6	15	0,3	10	22	9	37	51
24/01/2025	14	3	5	0,2	6	10	5	20	65
24/01/2025	15	4	3	0,1	6	11	10	19	67
24/01/2025	16	4	3	0,1	4	7	18	14	67
24/01/2025	17	4	3	0,3	5	13	13	21	59
24/01/2025	18	3	3	0,2	5	18	4	26	49
24/01/2025	19	4	3	0,2	8	38	6	50	27
24/01/2025	20	5	3	0,3	14	47	7	68	12
24/01/2025	21	5	4	0,2	8	35	6	47	20
24/01/2025	22	3	3	0,1	5	21	3	29	34
24/01/2025	23	3	3	0,1	4	18	4	25	36
25/01/2025	00	3	3	0,1	9	32	4	45	17
25/01/2025	01	3	3	0,2	6	28	3	36	21
25/01/2025	02	2	3	0,1	6	22	2	32	25
25/01/2025	03	2	3	0,1	5	16	2	23	25
25/01/2025	04	2	3	0,1	5	16	3	24	25
25/01/2025	05	3	3	0,1	6	21	3	30	18
25/01/2025	06	3	3	0,1	7	21	4	31	18
25/01/2025	07	3	3	0,1	15	32	4	54	10
25/01/2025	08	4	3	0,1	19	34	5	64	10
25/01/2025	09	5	6	0,1	9	17	7	30	32
25/01/2025	10	5	8	0,3	7	14	8	24	38
25/01/2025	11	7	10	0,3	9	22	11	36	29
25/01/2025	12	10	11	0,2	8	18	15	30	40
25/01/2025	13	6	5	0,3	6	10	11	19	52
25/01/2025	14	5	3	0,2	5	7	9	14	55
25/01/2025	15	2	3	0,1	4	5	4	12	55
25/01/2025	16	3	3	0,2	6	19	4	28	37
25/01/2025	17	4	3	0,2	14	39	5	60	12
25/01/2025	18	2	3	0,1	10	32	3	48	19
25/01/2025	19	1	3	0,1	4	4	1	10	56
25/01/2025	20	2	3	0,2	5	13	2	20	41
25/01/2025	21	1	3	0,2	5	14	2	22	35
25/01/2025	22	1	3	0,2	4	9	1	15	37
25/01/2025	23	2	3	0,2	5	12	2	20	29
26/01/2025	00	2	3	0,2	7	14	2	24	23
26/01/2025	01	2	3	0,2	5	6	3	13	27
26/01/2025	02	2	3	0,2	4	2	2	9	33
26/01/2025	03	1	3	0,2	4	3	1	9	36
26/01/2025	04	1	3	0,2	4	1	1	5	46
26/01/2025	05	1	3	0,2	4	7	2	14	30
26/01/2025	06	1	3	0,2	4	12	2	19	29
26/01/2025	07	1	3	0,2	6	17	3	26	27
26/01/2025	08	2	3	0,2	7	13	3	24	29
26/01/2025	09	1	3	0,2	7	9	3	19	34
26/01/2025	10	3	11	0,2	7	6	5	16	44
26/01/2025	11	4	16	0,2	7	5	7	16	48
26/01/2025	12	3	13	0,3	7	6	4	17	52
26/01/2025	13	2	3	0,3	4	1	3	7	62
26/01/2025	14	2	3	0,2	4	1	4	6	67
26/01/2025	15	2	3	0,2	4	1	4	7	62
26/01/2025	16	2	3	0,3	4	1	3	6	57
26/01/2025	17	2	4	0,2	4	6	3	12	52
26/01/2025	18	2	3	0,2	4	3	2	9	56
26/01/2025	19	2	3	0,2	4	5	3	10	53
26/01/2025	20	10	3	0,1	4	5	12	11	59
26/01/2025	21	2	3	0,1	4	2	3	7	60
26/01/2025	22	2	4	0,1	4	7	3	13	47
26/01/2025	23	2	3	0,2	4	2	3	7	51
27/01/2025	00	2	3	0,2	4	2	2	7	48
27/01/2025	01	2	3	0,2	4	2	2	6	52
27/01/2025	02	1	3	0,2	4	1	2	6	54
27/01/2025	03	2	3	0,3	4	2	3	7	49
27/01/2025	04	2	3	0,2	4	4	3	9	42
27/01/2025	05	2	3	0,2	4	1	3	6	52
27/01/2025	06	1	3	0,2	4	1	2	7	48
27/01/2025	07	2	3	0,1	4	5	3	11	46
27/01/2025	08	3	3	0,2	9	28	4	41	24
27/01/2025	09	2	3	0,1	6	16	3	26	36
27/01/2025	10	2	3	0,2	5	9	4	17	44
27/01/2025	11	3	3	0,1	5	1	6	8	53
27/01/2025	12	2	3	0,2	5	3	7	10	51
27/01/2025	13	2	3	0,2	4	4	5	10	49
27/01/2025	14	2	3	0,2	5	14	6	22	42
27/01/2025	15	1	3	0,2	5	8	4	16	47
27/01/2025	16	1	3	0,2	4	2	1	8	55
27/01/2025	17	1	3	0,2	5	11	3	18	45
27/01/2025	18	1	3	0,2	6	26	2	35	27
27/01/2025	19	1	3	0,2	4	10	2	16	42
27/01/2025	20	1	3	0,1	3	1	2	5	60
27/01/2025	21	1	3	0,1	3	1	4	5	69
27/01/2025	22	1	3	0,1	3	1	4	5	76
27/01/2025	23	2	3	0,2	3	1	3	5	79
28/01/2025	00	1	3	0,3	3	1	2	5	79
28/01/2025	01	1	3	0,2	3	1	2	5	78
28/01/2025	02	1	3	0,2	3	1	1	5	79
28/01/2025	03	1	3	0,2	3	1	1	5	78
28/01/2025	04	1	3	0,3	3	1	1	5	78
28/01/2025	05	1	3	0,2	3	1	1	5	77
28/01/2025	06	1	3	0,2	3	1	1	5	75
28/01/2025	07	1	3	0,2	3	1	1	5	74
28/01/2025	08	1	3	0,1	3	1	1	5	73
28/01/2025	09	1	3	0,1	4	1	2	7	65
28/01/2025	10	1	3	0,2	4	1	1	6	70
28/01/2025	11	1	3	0,2	4	1	1	5	75
28/01/2025	12	1	3	0,3	3	1	1	5	77
28/01/2025	13	1	3	0,3	3	1	1	5	74
28/01/2025	14	1	3	0,2	4	1	1	6	75
28/01/2025	15	1	3	0,3	4	1	1	6	74
28/01/2025	16	1	3	0,3	4	1	1	6	73
28/01/2025	17	1	3	0,3	4	1	1	7	68
28/01/2025	18	1	3	0,3	4	1	1	6	68
28/01/2025	19	1	3	0,3	3	2	1	7	62
28/01/2025	20	1	3	0,3	7	32	1	43	26
28/01/2025	21	1	3	0,2	4	7	1	12	51
28/01/2025	22	1	3	0,3	4	12	1	18	50
28/01/2025	23	1	3	0,2	4	16	1	22	35
29/01/2025	00	1	3	0,1	4	7	1	12	45
29/01/2025	01	1	3	0,1	4	8	1	14	40
29/01/2025	02	1	3	0,2	4	9	1	15	42
29/01/2025	03	1	3	0,1	3	1	1	6	54
29/01/2025	04	1	3	0,2	3	2	1	7	41
29/01/2025	05	1	3	0,1	4	5	1	10	38
29/01/2025	06	1	3	0,2	7	19	2	30	21
29/01/2025	07	1	3	0,1	13	34	2	54	16
29/01/2025	08	1	3	0,2	8	22	2	34	32
29/01/2025	09	2	3	0,2	16	31	4	56	23
29/01/2025	10	2	3	0,3	5	5	4	12	52
29/01/2025	11	2	4	0,3	5	2	5	9	54
29/01/2025	12	3	3	0,4	5	6	5	13	49
29/01/2025	13	4	3	0,4	5	8	7	15	43
29/01/2025	14	4	3	0,3	5	15	7	22	39
29/01/2025	15	4	3	0,3	6	14	6	24	36
29/01/2025	16	3	3	0,2	5	12	5	19	45
29/01/2025	17	3	3	0,3	4	4	4	10	55
29/01/2025	18	3	3	0,3	3	3	4	8	56
29/01/2025	19	3	3	0,3	3	6	5	11	53
29/01/2025	20	4	4	0,2	4	7	6	13	51
29/01/2025	21	5	7	0,2	4	16	7	22	41
29/01/2025	22	3	4	0,2	5	22	5	29	29
29/01/2025	23	2	3	0,2	4	3	2	8	55
30/01/2025	00	2	3	0,3	4	17	2	24	29
30/01/2025	01	2	3	0,2	5	16	2	23	27
30/01/2025	02	2	4	0,3	4	19	3	25	31
30/01/2025	03	2	3	0,3	4	15	3	20	32
30/01/2025	04	1	4	0,3	4	9	2	14	37
30/01/2025	05	1	4	0,2	4	7	1	13	41
30/01/2025	06	1	3	0,2	8	22	1	34	27
30/01/2025	07	1	3	0,3	16	39	1	64	16
30/01/2025	08	1	3	0,3	23	42	2	77	15
30/01/2025	09	2	3	0,3	15	25	5	47	28
30/01/2025	10	2	3	0,3	9	12	5	25	45
30/01/2025	11	2	3	0,4	6	3	4	13	60
30/01/2025	12	2	4	0,4	6	2	4	10	62
30/01/2025	13	1	3	0,3	4	2	4	7	62
30/01/2025	14	1	3	0,4	5	8	3	16	49
30/01/2025	15	1	3	0,4	7	16	2	26	36
30/01/2025	16	1	3	0,4	9	21	1	34	26
30/01/2025	17	1	3	0,3	10	20	1	34	24
30/01/2025	18	1	3	0,3	7	9	1	18	52
30/01/2025	19	1	3	0,3	3	1	1	5	64
30/01/2025	20	1	3	0,3	3	1	1	5	62
30/01/2025	21	1	3	0,3	3	1	1	5	61
30/01/2025	22	1	3	0,3	4	1	1	5	61
30/01/2025	23	1	3	0,3	3	1	1	5	64
31/01/2025	00	1	3	0,2	3	1	1	5	64
31/01/2025	01	1	3	0,2	3	1	1	5	66
31/01/2025	02	1	3	0,2	3	1	1	5	67
31/01/2025	03	1	3	0,2	3	1	1	5	67
31/01/2025	04	1	3	0,3	3	1	1	5	67
31/01/2025	05	1	3	0,3	3	1	1	5	65
31/01/2025	06	1	3	0,4	4	1	1	5	67
31/01/2025	07	1	3	0,4	4	1	1	6	66
31/01/2025	08	1	3	0,4	4	1	1	6	67
31/01/2025	09	1	3	0,3	4	1	1	7	66
31/01/2025	10	1	3	0,4	5	1	1	7	65
31/01/2025	11	1	3	0,5	5	1	1	7	66
31/01/2025	12	1	3	0,5	5	1	1	7	68
31/01/2025	13	1	3	0,5	3	1	2	5	71
31/01/2025	14	1	3	0,5	3	1	1	5	72
31/01/2025	15	1	3	0,4	3	1	1	5	74
31/01/2025	16	1	3	0,4	3	1	1	5	74
31/01/2025	17	5	3	0,3	3	1	7	5	75
31/01/2025	18	3	3	0,4	11	33	3	50	28
31/01/2025	19	2	3	0,3	12	40	2	59	15
31/01/2025	20	2	3	0,3	12	40	2	58	15
31/01/2025	21	1	3	0,2	11	37	2	53	18
31/01/2025	22	1	3	0,3	7	26	2	37	21
31/01/2025	23	1	3	0,2	6	21	2	30	26
01/02/2025	00	1	3	0,3	5	14	2	22	32
01/02/2025	01	1	3	0,3	5	15	2	23	27
01/02/2025	02	2	3	0,3	4	10	2	16	35
01/02/2025	03	2	3	0,2	4	2	2	7	52
01/02/2025	04	1	3	0,2	4	2	2	7	46
01/02/2025	05	1	3	0,2	4	1	2	6	46
01/02/2025	06	1	3	0,2	4	1	2	6	51
01/02/2025	07	1	3	0,3	4	6	2	12	43
01/02/2025	08	1	3	0,3	9	26	2	40	25
01/02/2025	09	1	3	0,3	9	15	2	28	39
01/02/2025	10	1	3	0,3	6	6	2	15	45
01/02/2025	11	2	3	0,3	7	10	3	21	39
01/02/2025	12	1	3	0,3	5	2	2	8	57
01/02/2025	13	1	3	0,3	5	2	2	10	55
01/02/2025	14	2	3	0,3	4	1	3	6	63
01/02/2025	15	1	3	0,2	4	1	2	6	61
01/02/2025	16	2	3	0,3	4	1	2	6	56
01/02/2025	17	2	3	0,1	4	1	3	5	61
01/02/2025	18	3	3	0,2	4	1	4	5	50
01/02/2025	19	1	3	0,1	4	1	1	6	53
01/02/2025	20	1	3	0,2	3	1	1	5	59
01/02/2025	21	1	3	0,2	3	1	2	5	64
01/02/2025	22	1	3	0,2	3	1	1	5	65
01/02/2025	23	1	3	0,1	3	1	1	5	66
02/02/2025	00	1	3	0,2	3	1	1	5	64
02/02/2025	01	1	3	0,3	3	1	1	5	60
02/02/2025	02	1	3	0,2	3	1	1	5	56
02/02/2025	03	1	3	0,1	3	1	1	5	53
02/02/2025	04	2	3	0,2	4	8	2	12	42
02/02/2025	05	2	3	0,1	3	5	2	10	40
02/02/2025	06	1	3	0,3	4	5	1	11	38
02/02/2025	07	1	3	0,3	5	2	1	10	36
02/02/2025	08	1	3	0,3	6	12	2	21	31
02/02/2025	09	2	3	0,3	5	1	3	8	46
02/02/2025	10	1	3	0,4	5	1	2	7	53
02/02/2025	11	1	3	0,3	5	1	2	7	58
02/02/2025	12	1	3	0,4	4	1	1	6	62
02/02/2025	13	1	3	0,5	4	1	1	5	68
02/02/2025	14	1	3	0,4	4	1	1	5	70
02/02/2025	15	1	3	0,4	4	1	1	6	70
02/02/2025	16	1	3	0,3	4	1	1	5	69
02/02/2025	17	1	3	0,3	3	1	1	5	72
02/02/2025	18	1	3	0,4	7	18	2	29	40
02/02/2025	19	1	3	0,4	8	27	2	39	26
02/02/2025	20	1	3	0,4	6	22	1	31	29
02/02/2025	21	1	3	0,4	6	20	1	29	30
02/02/2025	22	1	3	0,3	5	11	1	19	36
02/02/2025	23	1	3	0,2	4	3	1	9	44
03/02/2025	00	2	3	0,2	4	9	2	15	40
03/02/2025	01	3	8		6	36	4	46	17
03/02/2025	02	2	5		4	18	2	24	30
03/02/2025	03	2	4		4	13	2	19	34
03/02/2025	04	2	5		4	16	2	22	31
03/02/2025	05	1	4		4	9	2	15	39
03/02/2025	06	1	3		5	10	2	17	36
03/02/2025	07	1	3		8	19	2	32	32
03/02/2025	08	1	3		8	16	2	28	37
03/02/2025	09	1	3		7	6	1	16	47
03/02/2025	10	2	3		6	4	3	14	53
03/02/2025	11	1	3		4	1	2	7	67
03/02/2025	12	1	3		5	1	2	7	66
03/02/2025	13	1	3		5	1	2	7	68
03/02/2025	14	1	3		4	1	2	6	73
03/02/2025	15	1	3		4	1	2	6	74
03/02/2025	16	1	3		4	1	2	6	75
03/02/2025	17	1	3		5	8	2	15	62
03/02/2025	18	2	3		22	48	2	82	16
03/02/2025	19	1	3		11	36	2	52	23
03/02/2025	20	1	3		6	20	2	30	38
03/02/2025	21	1	3		6	17	2	26	39
03/02/2025	22	1	3		5	19	2	27	34
03/02/2025	23	1	3		5	11	2	18	41
04/02/2025	00	1	3		4	5	2	12	45
04/02/2025	01	3	3		4	18	4	24	40
04/02/2025	02	3	5		4	22	4	29	36
04/02/2025	03	2	3		4	5	3	10	50
04/02/2025	04	2	3		4	11	2	17	40
04/02/2025	05	2	3		4	3	2	9	41
04/02/2025	06	2	3		5	12	3	19	40
04/02/2025	07	3	3		6	11	3	19	42
04/02/2025	08	3	3		13	34	4	54	24
04/02/2025	09	3	5		10	19	4	34	39
04/02/2025	10	2	3		6	4	5	13	55
04/02/2025	11	2	3		6	2	4	11	59
04/02/2025	12	4	4		9	10	6	24	54
04/02/2025	13	7	10		11	20	12	37	54
04/02/2025	14	6	8		7	8	10	18	61
04/02/2025	15	6	5		6	6	11	15	63
04/02/2025	16	6	4		5	5	9	13	63
04/02/2025	17	7	5		6	17	9	25	50
04/02/2025	18	6	3		18	47	8	74	15
04/02/2025	19	6	3		24	51	9	87	7
04/02/2025	20	6	3		16	42	8	65	10
04/02/2025	21	5	3		13	37	6	56	12
04/02/2025	22	3	3		8	22	4	34	25
04/02/2025	23	3	3		6	22	4	30	26
05/02/2025	00	4	3		6	24	5	32	21
05/02/2025	01	4	3		7	29	6	39	19
05/02/2025	02	3	3		5	24	4	31	20
05/02/2025	03	2	3		4	20	3	26	23
05/02/2025	04	2	3		5	26	2	33	19
05/02/2025	05	2	3		6	20	2	29	21
05/02/2025	06	2	3		13	24	2	43	21
05/02/2025	07	2	3		13	30	2	49	25
05/02/2025	08	2	3		27	43	2	85	14
05/02/2025	09	2	3		13	20	3	39	32
05/02/2025	10	2	3		8	10	4	23	49
05/02/2025	11	2	3		8	7	3	18	58
05/02/2025	12	4	3		5	1	5	8	65
05/02/2025	13	3	3		5	1	4	8	71
05/02/2025	14	3	3		4	1	4	6	84
05/02/2025	15	3	3		4	1	5	6	86
05/02/2025	16	3	3		4	1	5	6	83
05/02/2025	17	4	3		4	2	5	6	84
05/02/2025	18	5	3		12	28	7	45	37
05/02/2025	19	6	3		20	50	7	81	8
05/02/2025	20	5	3		11	38	7	55	17
05/02/2025	21	4	3		8	28	5	39	24
05/02/2025	22	4	3		7	23	5	33	29
05/02/2025	23	4	3		5	12	5	19	45
06/02/2025	00	4	3		6	13	4	21	36
06/02/2025	01	4	3		4	6	5	12	36
06/02/2025	02	5	3		4	3	7	9	45
06/02/2025	03	5	3		4	5	7	11	39
06/02/2025	04	5	3		4	15	7	22	37
06/02/2025	05	5	3		4	19	7	25	36
06/02/2025	06	4	3		5	20	5	28	36
06/02/2025	07	4	5		7	31	5	42	26
06/02/2025	08	3	3		8	24	5	36	32
06/02/2025	10	5	3		5	2	7	9	62
06/02/2025	11	5	3		4	2	6	8	68
06/02/2025	12	5	3		4	1	6	6	74
06/02/2025	13	5	3		4	1	6	6	77
06/02/2025	14	5	3		4	1	6	6	80
06/02/2025	15	6	3		4	2	8	7	85
06/02/2025	16	7	3		3	2	8	7	86
06/02/2025	17	6	3		3	1	7	6	86
06/02/2025	18	6	3		11	39	8	55	39
06/02/2025	19	6	3		14	60	8	81	14
06/02/2025	20	8	3		10	49	10	64	22
06/02/2025	21	7	3		7	41	9	52	24
06/02/2025	22	6	3		6	30	8	38	31
06/02/2025	23	7	3		6	29	8	38	30
07/02/2025	00	7	3		5	27	9	35	30
07/02/2025	01	9	3		4	22	11	28	33
07/02/2025	02	7	3		4	15	8	21	41
07/02/2025	03	4	3		4	17	5	23	37
07/02/2025	04	5	3		4	17	6	23	37
07/02/2025	05	7	3		5	23	9	31	26
07/02/2025	06	10	3		5	32	13	39	29
07/02/2025	07	9	3		6	23	11	32	40
07/02/2025	08	8	3		13	39	10	59	24
07/02/2025	09	8	3		9	31	10	44	28
07/02/2025	10	11	3		6	18	14	26	55
07/02/2025	11	9	3		5	9	12	16	69
07/02/2025	12	10	5		5	11	13	19	71
07/02/2025	13	10	3		5	9	13	16	73
07/02/2025	14	11	3		4	7	14	13	74
07/02/2025	15	11	3		4	10	15	16	76
07/02/2025	16	10	3		4	9	13	15	84
07/02/2025	17	8	3		4	15	11	21	75
07/02/2025	18	7	3		6	40	9	50	47
07/02/2025	19	5	3		4	37	6	43	48
07/02/2025	20	5	3		5	32	6	40	45
07/02/2025	21	5	3		5	41	6	48	30
07/02/2025	22	5	3		6	49	6	59	24
07/02/2025	23	5	3		7	48	7	58	23
08/02/2025	00	9	3		9	45	12	58	25
08/02/2025	01	9	3		4	28	11	33	32
08/02/2025	02	6	7		4	15	8	20	45
08/02/2025	03	7	10		4	17	8	23	37
08/02/2025	04	4	4		5	16	5	23	31
08/02/2025	05	3	4		5	20	4	27	29
08/02/2025	06	3	6		4	23	4	28	32
08/02/2025	07	1	3		4	1	1	7	53
08/02/2025	08	1	3		4	1	1	6	58
08/02/2025	09	1	3		4	1	1	7	62
08/02/2025	10	1	3		4	1	1	6	64
08/02/2025	11	1	3		5	3	1	9	62
08/02/2025	12	1	3		4	1	1	7	68
08/02/2025	13	1	3		4	1	1	6	69
08/02/2025	14	1	3		4	1	1	5	71
08/02/2025	15	1	3		3	1	1	5	76
08/02/2025	16	1	3		3	1	1	5	76
08/02/2025	17	1	3		4	3	1	7	72
08/02/2025	18	1	3		5	23	1	30	45
08/02/2025	19	1	3		4	14	1	20	56
08/02/2025	20	1	3		4	11	1	17	62
08/02/2025	21	1	3		4	15	1	20	57
08/02/2025	22	1	3		3	7	1	12	66
08/02/2025	23	1	3		3	2	1	7	70
09/02/2025	00	1	3		3	2	1	6	71
09/02/2025	01	1	3		3	1	1	6	69
09/02/2025	02	1	3		3	2	1	7	67
09/02/2025	03	1	3		3	2	1	6	66
09/02/2025	04	1	3		3	2	1	7	63
09/02/2025	05	1	3		4	7	1	13	44
09/02/2025	06	1	3		5	8	1	15	41
09/02/2025	07	1	3		6	21	1	30	30
09/02/2025	08	1	3		10	32	2	47	22
09/02/2025	09	2	3		5	9	2	17	51
09/02/2025	10	2	3		5	7	4	15	60
09/02/2025	11	1	5		5	5	3	12	67
09/02/2025	12	1	3		4	1	2	6	74
09/02/2025	13	1	3		4	1	2	5	77
09/02/2025	14	1	3		3	1	2	5	79
09/02/2025	15	1	3		3	1	2	5	81
09/02/2025	16	2	3		3	1	2	5	84
09/02/2025	17	2	3		3	1	2	5	83
09/02/2025	18	2	3		7	35	3	46	34
09/02/2025	19	2	3		8	47	2	59	19
09/02/2025	20	2	3		6	32	2	42	32
09/02/2025	21	1	3		5	27	2	34	34
09/02/2025	22	1	3		6	24	2	33	31
09/02/2025	23	1	3		4	15	2	22	35
10/02/2025	00	2	3		4	20	3	27	34
10/02/2025	01	2	3		4	11	2	17	37
10/02/2025	02	2	3		4	3	2	9	43
10/02/2025	03	3	3		4	5	5	10	47
10/02/2025	04	3	3		4	12	5	17	33
10/02/2025	05	3	3		6	16	4	24	28
10/02/2025	06	3	3		8	24	3	36	23
10/02/2025	07	3	3		13	40	4	60	14
10/02/2025	08	3	3		23	45	4	79	13
10/02/2025	09	3	3		10	28	4	44	27
10/02/2025	10	3	3		5	12	5	19	59
10/02/2025	11	4	3		4	5	5	11	66
10/02/2025	12	5	3		5	11	7	18	61
10/02/2025	13	7	3		6	18	9	27	55
10/02/2025	14	5	3		4	8	7	14	70
10/02/2025	15	5	3		4	5	7	11	76
10/02/2025	16	5	3		4	7	6	13	73
10/02/2025	17	4	3		4	7	6	12	75
10/02/2025	18	4	3		4	8	6	13	69
10/02/2025	19	5	3		4	18	6	24	54
10/02/2025	20	4	3		5	32	5	39	39
10/02/2025	21	4	3		4	18	5	24	49
10/02/2025	22	4	3		4	22	5	27	44
10/02/2025	23	3	3		4	22	3	28	40
11/02/2025	00	2	3		4	9	3	15	50
11/02/2025	01	2	3		4	11	3	16	51
11/02/2025	02	2	3		3	5	2	10	62
11/02/2025	03	2	3		3	10	3	16	53
11/02/2025	04	2	3		3	15	2	20	48
11/02/2025	05	1	3		4	13	2	18	52
11/02/2025	06	1	3		3	12	2	17	54
11/02/2025	07	2	3		12	48	2	67	19
11/02/2025	08	2	3		10	34	2	49	31
11/02/2025	09	4	4		5	15	5	23	54
11/02/2025	10	4	6		5	10	5	18	65
11/02/2025	11	7	7		9	24	11	38	58
11/02/2025	12	3	4		5	7	4	14	73
11/02/2025	13	2	3		4	2	3	8	78
11/02/2025	14	2	3		4	4	3	10	79
11/02/2025	15	3	3		4	2	4	8	81
11/02/2025	16	5	3		3	3	6	8	85
11/02/2025	17	7	3		4	14	9	20	71
11/02/2025	18	6	3		7	38	7	48	37
11/02/2025	19	5	3		5	38	7	45	33
11/02/2025	20	6	3		7	46	7	58	23
11/02/2025	21	5	3		7	37	6	47	23
11/02/2025	22	5	3		6	29	7	38	32
11/02/2025	23	4	3		5	24	5	31	34
12/02/2025	00	3	3		4	15	3	21	40
12/02/2025	01	4	3		4	16	5	22	48
12/02/2025	02	7	4		5	44	8	52	26
12/02/2025	03	4	3		4	20	5	26	49
12/02/2025	04	4	3		3	10	5	15	58
12/02/2025	05	6	3		4	15	8	21	48
12/02/2025	06	7	3		4	25	9	30	42
12/02/2025	07	5	3		10	42	6	58	22
12/02/2025	08	4	3		20	52	5	81	14
12/02/2025	09	7	3		11	40	8	56	20
12/02/2025	10	7	4		8	31	9	44	39
12/02/2025	11	5	3		5	17	7	25	62
12/02/2025	12	6	3		6	19	8	28	64
12/02/2025	13	3	3		5	8	4	15	76
12/02/2025	14	4	3		5	8	6	15	79
12/02/2025	15	9	6		5	11	12	18	76
12/02/2025	16	11	3		3	8	14	13	81
12/02/2025	17	12	3		3	11	15	16	76
12/02/2025	18	13	3		4	21	16	27	59
12/02/2025	19	4	3		4	10	5	16	51
12/02/2025	20	1	3		3	2	1	8	57
12/02/2025	21	1	3		3	1	1	6	63
12/02/2025	22	1	3		3	1	1	6	61
12/02/2025	23	1	3		3	3	1	8	58
13/02/2025	00	1	3		3	1	1	5	71
13/02/2025	01	1	3		3	1	2	5	69
13/02/2025	02	1	3		3	1	1	5	66
13/02/2025	03	1	3		7	6	1	17	57
13/02/2025	04	1	3		4	13	1	18	41
13/02/2025	05	1	3		4	7	1	14	48
13/02/2025	06	1	3		4	19	1	25	40
13/02/2025	07	1	3		9	26	1	40	35
13/02/2025	08	1	3		10	27	1	42	39
13/02/2025	09		3						
13/02/2025	10		3						
13/02/2025	11		3						
13/02/2025	12		3						
13/02/2025	13		3						
13/02/2025	14		3						
13/02/2025	15		3						
13/02/2025	16		3						
13/02/2025	17		3						
13/02/2025	18		3						
13/02/2025	19		3						
13/02/2025	20		3						
13/02/2025	21		3						
13/02/2025	22		3						
13/02/2025	23		3						
14/02/2025	00		3						
14/02/2025	01		3						
14/02/2025	02		3						
14/02/2025	03		3						
14/02/2025	04		3						
14/02/2025	05		3						
14/02/2025	06	2	3		10	36	2	51	17
14/02/2025	07	1	3		11	35	1	52	20
14/02/2025	08	2	3		18	40	2	67	15
14/02/2025	09	3	3		17	33	5	59	25
14/02/2025	10	2	3		11	23	5	40	42
14/02/2025	13	3	5	0,1	8	17	6	28	53
14/02/2025	14	4	3	0,1	7	22	5	34	56
14/02/2025	15	2	3	0,2	5	15	3	22	67
14/02/2025	16	4	3	0,2	7	26	6	36	63
14/02/2025	17	4	3	0,2	6	32	6	41	53
14/02/2025	18	5	3	0,3	11	57	6	74	23
14/02/2025	19	4	3	0,3	15	60	6	82	11
14/02/2025	20	3	3	0,2	14	58	4	80	13
14/02/2025	21	2	3	0,2	11	51	3	67	19
14/02/2025	22	2	3	0,1	7	43	2	54	24
14/02/2025	23	2	3	0,1	10	50	2	65	14
15/02/2025	00	2	3	0,1	5	32	2	40	31
15/02/2025	01	2	3	0,2	6	42	3	51	19
15/02/2025	02	4	5	0,1	6	40	5	49	22
15/02/2025	03	3	3	0,2	4	16	4	22	42
15/02/2025	04	3	3	0,2	5	29	4	36	22
15/02/2025	05	4	3	0,2	6	32	5	42	16
15/02/2025	06	6	3	0,2	6	25	7	35	24
15/02/2025	07	11	3	0,2	4	13	13	19	43
15/02/2025	08	11	3	0,2	4	9	13	15	50
15/02/2025	09	8	3	0,2	4	7	9	13	54
15/02/2025	10	7	3	0,3	4	8	9	15	54
15/02/2025	11	5	3	0,3	4	9	6	15	61
15/02/2025	12	6	3	0,4	4	10	7	16	63
15/02/2025	13	8	3	0,3	4	12	10	18	62
15/02/2025	14	9	3	0,3	4	13	11	19	60
15/02/2025	15	8	3	0,3	4	11	10	17	64
15/02/2025	16	5	3	0,3	4	10	7	16	69
15/02/2025	17	4	3	0,2	4	9	5	14	71
15/02/2025	18	4	3	0,2	4	7	5	13	73
15/02/2025	19	4	3	0,2	4	20	6	26	50
15/02/2025	20	4	3	0,2	4	28	6	35	39
15/02/2025	21	4	3	0,2	5	34	5	42	29
15/02/2025	22	4	3	0,2	6	26	5	35	35
15/02/2025	23	4	3	0,3	6	29	5	38	30
16/02/2025	00	4	3	0,3	5	24	5	31	30
16/02/2025	01	4	3	0,3	5	16	6	23	29
16/02/2025	02	5	3	0,2	4	14	7	20	28
16/02/2025	03	9	3	0,2	4	14	11	20	29
16/02/2025	04	9	3	0,2	4	18	11	24	23
16/02/2025	05	6	3	0,2	5	16	9	23	24
16/02/2025	06	11	3	0,3	5	14	13	21	25
16/02/2025	07	17	3	0,3	5	20	21	27	27
16/02/2025	08	19	3	0,2	5	21	24	29	37
16/02/2025	09	19	3	0,3	5	17	23	25	44
16/02/2025	10	16	5	0,3	6	18	19	27	48
16/02/2025	11	11	4	0,3	5	13	15	21	53
16/02/2025	12	12	5	0,4	7	20	16	31	55
16/02/2025	13	12	5	0,4	7	21	16	32	60
16/02/2025	14	9	4	0,3	5	12	12	19	72
16/02/2025	15	11	3	0,3	5	13	14	20	68
16/02/2025	16	11	3	0,3	5	15	14	22	67
16/02/2025	17	10	3	0,3	4	15	13	21	70
16/02/2025	18	9	3	0,3	4	14	12	20	73
16/02/2025	19	10	3	0,3	9	62	13	76	18
16/02/2025	20	11	3	0,3	6	46	13	55	29
16/02/2025	21	11	3	0,2	6	34	14	42	30
16/02/2025	22	14	3	0,2	7	38	17	48	20
16/02/2025	23	18	3	0,2	6	34	22	43	21
17/02/2025	00	20	3	0,2	6	36	25	44	15
17/02/2025	01	19	3	0,3	6	36	24	46	11
17/02/2025	02	19	3	0,2	6	35	23	43	12
17/02/2025	03	18	3	0,2	7	34	22	44	9
17/02/2025	04	14	3	0,2	7	36	17	46	9
17/02/2025	05	11	3	0,3	11	41	14	58	7
17/02/2025	06	12	3	0,3	11	40	16	57	9
17/02/2025	07	13	3	0,3	19	44	16	72	10
17/02/2025	08	16	3	0,3	9	30	20	44	30
17/02/2025	09	16	3	0,3	6	22	20	32	40
17/02/2025	10	13	3	0,3	6	18	17	27	51
17/02/2025	11	11	3	0,3	6	18	16	27	53
17/02/2025	12	13	3	0,3	4	14	16	21	68
17/02/2025	13	11	3	0,3	4	11	14	17	79
17/02/2025	14	10	3	0,3	4	9	12	15	85
17/02/2025	15	10	3	0,3	4	10	13	16	87
17/02/2025	16	6	3	0,2	4	8	8	14	83
17/02/2025	17	4	3	0,3	4	7	6	13	80
17/02/2025	18	5	3	0,2	5	24	6	31	61
17/02/2025	19	6	3	0,2	5	36	7	44	41
17/02/2025	20	8	3	0,2	5	22	10	29	61
17/02/2025	21	9	3	0,1	4	6	11	12	82
17/02/2025	22	8	3	0,2	4	6	10	11	78
17/02/2025	23	10	3	0,1	4	8	12	14	70
18/02/2025	00	12	3	0,2	4	14	14	19	58
18/02/2025	01	12	3	0,2	4	12	15	18	60
18/02/2025	02	12	3	0,2	4	9	15	15	60
18/02/2025	03	14	3	0,2	4	9	17	14	62
18/02/2025	04	14	3	0,3	4	11	17	17	65
18/02/2025	05	12	3	0,2	4	10	14	16	66
18/02/2025	06	11	3	0,2	4	14	13	20	64
18/02/2025	07	11	3	0,2	5	31	14	39	47
18/02/2025	08	10	3	0,2	5	26	12	33	55
18/02/2025	09	9	3	0,2	5	24	11	31	55
18/02/2025	10	8	3	0,1	5	20	10	28	58
18/02/2025	11	6	3	0,2	5	14	8	21	69
18/02/2025	12	5	3	0,2	4	9	6	15	81
18/02/2025	13	4	3	0,2	4	6	6	12	84
18/02/2025	14	3	3	0,2	4	3	5	8	90
18/02/2025	15	4	3	0,2	4	4	6	9	90
18/02/2025	16	5	3	0,3	4	5	7	10	91
18/02/2025	17	6	3	0,2	4	5	8	10	90
18/02/2025	18	6	3	0,2	6	42	8	51	48
18/02/2025	19	6	3	0,2	7	47	8	57	40
18/02/2025	20	5	3	0,2	7	42	7	52	43
18/02/2025	21	5	3	0,1	5	33	6	40	45
18/02/2025	22	5	3	0,1	5	34	6	42	43
18/02/2025	23	5	3	0,2	4	29	6	36	42
19/02/2025	00	5	3	0,2	5	27	6	33	42
19/02/2025	01	6	3	0,2	4	26	7	33	36
19/02/2025	02	6	3	0,2	5	23	7	29	38
19/02/2025	03	6	3	0,1	4	12	8	17	54
19/02/2025	04	12	3	0,2	4	20	15	26	51
19/02/2025	05	17	3	0,1	4	29	21	36	41
19/02/2025	06	19	3	0,2	6	41	23	50	26
19/02/2025	07	16	3	0,2	15	53	20	77	17
19/02/2025	08	14	3	0,2	14	45	17	66	24
19/02/2025	09	11	3	0,2	7	22	14	31	52
19/02/2025	10	7	3	0,1	4	13	10	20	74
19/02/2025	11	6	3	0,1	4	11	9	17	77
19/02/2025	12	5	3	0,1	4	6	7	12	85
19/02/2025	13	6	3	0,1	4	6	8	12	87
19/02/2025	14	4	3	0,2	4	5	6	10	90
19/02/2025	15	5	3	0,2	4	4	6	9	91
19/02/2025	16	6	3	0,2	4	6	7	11	91
19/02/2025	17	6	3	0,2	4	9	7	15	85
19/02/2025	18	6	3	0,2	4	17	7	24	73
19/02/2025	19	6	3	0,2	4	20	7	26	65
19/02/2025	20	7	3	0,1	5	20	8	26	59
19/02/2025	21	7	3	0,1	5	27	9	34	47
19/02/2025	22	8	3	0,2	4	17	10	23	55
19/02/2025	23	7	3	0,2	4	15	8	21	57
20/02/2025	00	6	3	0,2	4	8	7	14	70
20/02/2025	01	5	3	0,1	4	10	7	16	67
20/02/2025	02	6	3	0,1	4	10	7	15	67
20/02/2025	03	6	3	0,1	4	10	7	15	63
20/02/2025	04	6	3	0,2	4	9	8	15	68
20/02/2025	05	6	3	0,2	4	8	8	14	64
20/02/2025	06	6	3	0,2	4	10	8	16	62
20/02/2025	07	6	3	0,2	6	30	8	39	45
20/02/2025	08	7	3	0,2	7	50	9	61	20
20/02/2025	09	8	3	0,3	7	37	10	48	33
20/02/2025	10	7	3	0,2	4	17	9	24	65
20/02/2025	11	6	3	0,2	4	8	8	14	77
20/02/2025	12	7	3	0,2	4	8	9	14	79
20/02/2025	13	6	3	0,2	4	9	8	15	78
20/02/2025	14	6	3	0,2	4	8	7	14	83
20/02/2025	15	6	3	0,2	4	6	7	11	85
20/02/2025	16	6	3	0,2	4	6	7	11	85
20/02/2025	17	6	3	0,2	4	7	7	12	84
20/02/2025	18	6	3	0,2	4	9	7	15	78
20/02/2025	19	6	3	0,2	4	23	8	28	56
20/02/2025	20	7	3	0,2	4	29	8	35	52
20/02/2025	21	6	3	0,2	4	17	8	22	65
20/02/2025	22	7	3	0,2	4	23	9	29	58
20/02/2025	23	7	3	0,1	4	18	10	24	63
21/02/2025	00	7	3	0,2	4	32	9	39	47
21/02/2025	01	7	3	0,2	4	29	10	35	40
21/02/2025	02	8	3	0,2	4	34	10	40	30
21/02/2025	03	8	3	0,1	4	36	10	43	22
21/02/2025	04	8	3	0,1	4	18	11	24	51
21/02/2025	05	8	3	0,1	4	15	10	20	57
21/02/2025	06	8	3	0,2	4	20	10	26	51
21/02/2025	07	9	3	0,1	4	25	11	31	52
21/02/2025	08	10	3	0,2	5	34	13	42	38
21/02/2025	09	13	3	0,2	5	30	17	38	43
21/02/2025	10	12	3	0,2	5	30	17	37	52
21/02/2025	11	16	3	0,1	5	33	21	41	51
21/02/2025	12	13	3	0,2	5	21	17	28	65
21/02/2025	13	9	3	0,2	4	11	12	16	80
21/02/2025	14	8	3	0,2	4	10	11	16	83
21/02/2025	15	8	3	0,3	4	10	11	16	83
21/02/2025	16	8	3	0,2	4	9	10	15	87
21/02/2025	17	7	3	0,2	4	9	10	14	91
21/02/2025	18	7	3	0,2	4	8	10	14	91
21/02/2025	19	7	3	0,2	4	10	9	16	86
21/02/2025	20	7	3	0,2	4	10	10	15	84
21/02/2025	21	7	3	0,1	4	10	9	15	83
21/02/2025	22	7	3	0,1	4	15	9	21	71
21/02/2025	23	6	3	0,2	4	19	9	24	59
22/02/2025	00	6	3	0,2	4	12	9	18	73
22/02/2025	01	6	3	0,1	4	9	9	15	76
22/02/2025	02	6	3	0,1	4	15	8	21	62
22/02/2025	03	6	3	0,1	4	12	9	17	62
22/02/2025	04	7	3	0,1	4	15	9	21	54
22/02/2025	05	8	3	0,1	4	14	10	20	58
22/02/2025	06	8	3	0,1	4	18	10	24	48
22/02/2025	07	9	3	0,1	8	35	11	47	30
22/02/2025	08	8	3	0,2	6	30	10	39	37
22/02/2025	09	9	3	0,1	6	28	11	37	37
22/02/2025	10	9	3	0,1	4	17	11	24	67
22/02/2025	11	11	6	0,2	5	17	15	25	77
22/02/2025	12	10	3	0,1	4	10	14	17	83
22/02/2025	13	9	3	0,1	4	11	13	17	80
22/02/2025	14	9	3	0,1	4	7	13	13	84
22/02/2025	15	9	3	0,2	4	6	12	12	84
22/02/2025	16	10	3	0,2	4	7	13	13	85
22/02/2025	17	10	3	0,2	4	9	13	14	84
22/02/2025	18	8	3	0,2	4	12	10	17	78
22/02/2025	19	8	3	0,1	4	11	9	17	73
22/02/2025	20	9	3	0,1	4	24	11	30	48
22/02/2025	21	10	3	0,1	4	19	13	25	48
22/02/2025	22	9	3	0,1	4	14	11	20	52
22/02/2025	23	10	3	0,1	4	14	12	20	50
23/02/2025	00	8	3	0,1	4	11	10	17	52
23/02/2025	01	8	3	0,1	4	11	10	18	50
23/02/2025	02	7	3	0,1	4	9	9	15	58
23/02/2025	03	7	3	0,1	4	6	9	12	62
23/02/2025	04	7	3	0,1	4	5	9	11	62
23/02/2025	05	6	3	0,1	4	5	8	11	60
23/02/2025	06	3	3	0,1	4	5	4	10	65
23/02/2025	07	3	3	0,1	4	11	4	17	40
23/02/2025	08	2	3	0,1	5	13	2	20	31
23/02/2025	09	1	3	0,1	5	13	2	20	36
23/02/2025	10	2	3	0,1	8	24	3	36	27
23/02/2025	11	3	3	0,1	6	19	4	29	42
23/02/2025	12	2	3	0,1	7	17	4	27	49
23/02/2025	13	2	3	0,2	6	12	4	21	56
23/02/2025	14	2	3	0,2	5	6	3	13	65
23/02/2025	15	1	3	0,3	4	4	2	10	70
23/02/2025	16	1	3	0,2	4	3	2	8	73
23/02/2025	17	1	3	0,2	4	3	2	8	73
23/02/2025	18	2	3	0,2	9	32	3	45	30
23/02/2025	19	2	3	0,2	10	42	2	56	19
23/02/2025	20	2	3	0,1	8	38	2	51	26
23/02/2025	21	1	3	0,1	6	32	2	42	31
23/02/2025	22	1	3	0,1	5	27	2	35	33
23/02/2025	23	1	3	0,1	5	17	2	25	39
24/02/2025	00	1	3	0,1	4	16	2	22	37
24/02/2025	01	2	3	0,1	4	12	2	18	40
24/02/2025	02	1	3	0,1	4	15	2	21	35
24/02/2025	03	1	3	0,1	4	10	2	16	39
24/02/2025	04	1	3	0,1	4	9	2	15	40
24/02/2025	05	2	3	0,1	6	16	2	25	34
24/02/2025	06	2	3	0,1	7	29	2	40	24
24/02/2025	07	2	3	0,2	25	52	3	91	9
24/02/2025	08	2	3	0,1	32	48	3	96	12
24/02/2025	09	4	3	0,2	13	26	6	45	33
24/02/2025	10	7	8	0,2	19	38	10	67	26
24/02/2025	11	5	10	0,3	14	30	10	52	37
24/02/2025	12	5	7	0,4	10	24	8	39	46
24/02/2025	13	5	3	0,3	8	21	7	34	53
24/02/2025	14	2	3	0,2	4	7	4	14	72
24/02/2025	15	2	3	0,3	4	10	3	16	76
24/02/2025	16	3	3	0,2	4	7	4	13	79
24/02/2025	17	3	3	0,2	4	12	5	18	74
24/02/2025	18	3	3	0,2	10	37	5	52	38
24/02/2025	19	3	3	0,1	13	57	4	76	15
24/02/2025	20	3	3	0,1	12	55	4	72	19
24/02/2025	21	3	3	0,2	8	44	4	56	23
24/02/2025	22	3	3	0,2	9	45	4	58	17
24/02/2025	23	4	3	0,3	14	56	6	77	5
25/02/2025	01	3	3	0,2	7	35	4	45	17
25/02/2025	02	3	3	0,2	5	27	4	33	22
25/02/2025	03	3	3	0,2	4	19	4	25	28
25/02/2025	04	4	3	0,2	5	24	5	31	23
25/02/2025	05	4	3	0,2	6	26	6	35	20
25/02/2025	06	4	3	0,2	15	42	6	66	7
25/02/2025	07	7	4	0,2	24	45	8	82	8
25/02/2025	08	7	6	0,3	37	47	9	104	10
25/02/2025	09	10	4	0,3	14	43	13	65	16
25/02/2025	10	12	3	0,3	14	42	16	65	15
25/02/2025	11	12	4	0,3	12	39	15	58	19
25/02/2025	12	5	5	0,2	11	25	8	43	37
25/02/2025	13	1	5	0,1	5	5	1	13	62
25/02/2025	14	2	4	0,2	6	16	4	25	51
25/02/2025	15	1	3	0,3	4	3	2	8	63
25/02/2025	16	1	3	0,2	4	1	1	6	73
25/02/2025	17	1	3	0,2	4	1	2	6	78
25/02/2025	18	1	3	0,2	4	1	1	6	80
25/02/2025	19	1	3	0,1	4	1	1	6	79
25/02/2025	20	1	4	0,1	4	1	1	5	79
25/02/2025	21	1	3	0,1	3	2	1	7	78
25/02/2025	22	1	3	0,1	4	1	1	6	78
25/02/2025	23	1	3	0,1	3	1	1	5	81
26/02/2025	00	1	3	0,1	3	1	1	6	78
26/02/2025	01	1	3	0,1	3	5	1	11	70
26/02/2025	02	1	3	0,1	3	10	1	16	61
26/02/2025	03	1	3	0,1	3	2	1	7	74
26/02/2025	04	1	3	0,1	3	1	1	5	80
26/02/2025	05	1	3	0,1	4	4	1	10	73
26/02/2025	06	1	3	0,1	6	32	1	40	40
26/02/2025	07	1	3	0,1	11	43	1	59	33
26/02/2025	08	1	3	0,1	10	35	2	51	37
26/02/2025	09	1	3	0,1	7	18	2	29	57
26/02/2025	10	1	3	0,1	6	9	2	17	68
26/02/2025	11	2	3	0,1	6	9	4	17	70
26/02/2025	12	2	3	0,2	5	5	5	12	76
26/02/2025	13	1	3	0,2	4	2	3	8	78
26/02/2025	14	1	3	0,2	5	6	2	13	80
26/02/2025	15	1	3	0,2	4	6	3	12	80
26/02/2025	16	1	3	0,2	5	8	2	14	80
26/02/2025	17	2	3	0,2	4	6	3	12	80
26/02/2025	18	1	3	0,2	4	5	2	11	81
26/02/2025	19	2	3	0,2	4	19	2	25	64
26/02/2025	20	2	3	0,2	5	38	2	45	48
26/02/2025	21	2	3	0,2	5	34	2	43	48
26/02/2025	22	2	3	0,2	5	30	3	37	42
26/02/2025	23	2	3	0,1	5	30	2	38	38
27/02/2025	00	2	3	0,1	5	28	2	35	41
27/02/2025	01	1	3	0,1	4	18	2	25	48
27/02/2025	02	1	3	0,1	4	17	2	23	51
27/02/2025	03	1	4	0,1	4	20	2	26	49
27/02/2025	04	1	3	0,1	4	14	2	21	55
27/02/2025	05	1	3	0,1	6	25	2	34	44
27/02/2025	06	1	4	0,1	7	37	2	47	33
27/02/2025	07	1	4	0,2	16	51	2	75	23
27/02/2025	08	2	5	0,1	19	55	2	83	20
27/02/2025	09	2	7	0,2	10	31	3	47	37
27/02/2025	10	2	5	0,1	6	13	3	22	59
27/02/2025	11	1	3	0,1	4	6	2	12	68
27/02/2025	12	2	3	0,1	4	8	3	14	68
27/02/2025	13	3	3	0,2	5	9	5	16	69
27/02/2025	14	3	3	0,2	4	6	5	12	78
27/02/2025	15	3	3	0,2	4	4	5	10	83
27/02/2025	16	4	3	0,3	4	6	6	12	83
27/02/2025	17	4	3	0,3	4	7	5	13	83
27/02/2025	18	4	3	0,3	4	8	5	14	75
27/02/2025	19	3	3	0,1	6	31	5	39	42
27/02/2025	20	3	3	0,3	8	38	5	50	36
27/02/2025	21	4	3	0,2	8	36	5	48	34
27/02/2025	22	4	3	0,2	5	18	5	26	50
27/02/2025	23	4	3	0,2	5	27	5	34	37
28/02/2025	01	3	3	0,3	5	31	4	39	24
28/02/2025	02	3	3	0,3	5	25	4	33	29
28/02/2025	03	3	3	0,2	5	18	5	24	31
28/02/2025	04	5	3	0,2	4	18	6	24	43
28/02/2025	05	11	5	0,2	16	64	14	89	8
28/02/2025	06	10	5	0,2	7	49	13	59	21
28/02/2025	07	6	3	0,2	7	28	7	39	43
28/02/2025	08	6	3	0,2	7	25	8	35	45
28/02/2025	09	6	5	0,3	7	19	7	29	53
28/02/2025	10	4	4	0,3	7	18	6	28	62
28/02/2025	11	4	3	0,3	4	5	5	11	79
28/02/2025	12	5	3	0,4	4	4	6	10	82
28/02/2025	13	4	3	0,3	4	3	6	8	88
28/02/2025	14	4	3	0,3	4	3	5	9	90
28/02/2025	15	4	4	0,3	4	5	6	11	92
28/02/2025	16	4	3	0,3	4	6	5	12	91
28/02/2025	17	4	3	0,3	4	7	5	12	91
28/02/2025	18	4	3	0,2	4	10	5	16	88
28/02/2025	19	4	3	0,2	4	12	5	18	84
28/02/2025	20	3	3	0,3	4	11	4	17	79
28/02/2025	21	2	3	0,2	4	8	3	13	77
28/02/2025	22	3	3	0,3	4	8	3	14	75
28/02/2025	23	2	3	0,3	4	6	3	12	73
01/03/2025	00	2	3	0,3	4	5	3	10	70
01/03/2025	01	2	3		4	4	3	10	67
01/03/2025	02	2	3		4	4	3	9	68
01/03/2025	03	3	3		4	3	3	8	70
01/03/2025	04	2	3		4	3	3	8	68
01/03/2025	05	3	3		4	3	4	8	66
01/03/2025	06	3	3		4	4	4	9	63
01/03/2025	07	3	3		4	5	4	11	60
01/03/2025	08	3	3		4	6	4	12	59
01/03/2025	09	2	3		4	5	3	11	61
01/03/2025	10	2	3		4	4	3	10	66
01/03/2025	11	3	3		4	6	4	12	63
01/03/2025	12	3	3		4	3	4	8	70
01/03/2025	13	2	3		4	1	4	7	75
01/03/2025	14	2	3		4	1	3	6	78
01/03/2025	15	2	3		4	1	3	6	79
01/03/2025	16	2	3		4	1	3	6	80
01/03/2025	17	2	3		3	1	4	7	78
01/03/2025	18	2	3		4	4	3	10	73
01/03/2025	19	3	3		4	6	4	11	70
01/03/2025	20	3	3		4	4	4	10	73
01/03/2025	21	3	3		4	4	4	10	72
01/03/2025	22	3	3		4	5	4	10	63
01/03/2025	23	3	3		4	3	4	9	63
02/03/2025	00	3	3		4	3	4	9	62
02/03/2025	01	3	3		4	2	3	8	62
02/03/2025	02	2	3		4	1	3	6	64
02/03/2025	03	2	3		4	1	3	6	65
02/03/2025	04	2	3		4	1	3	6	63
02/03/2025	05	2	3		4	1	3	6	63
02/03/2025	06	2	3		3	1	3	6	63
02/03/2025	07	2	3		4	1	2	6	63
02/03/2025	08	2	3		4	1	3	6	64
02/03/2025	09	2	3		4	1	3	6	63
02/03/2025	10	2	3		4	1	2	7	63
02/03/2025	11	2	3		4	1	2	7	65
02/03/2025	12	2	3		4	1	2	7	66
02/03/2025	13	2	3		4	1	3	7	66
02/03/2025	14	2	3		4	1	2	7	66
02/03/2025	15	2	3		4	1	3	7	66
02/03/2025	16	3	3		4	2	4	8	66
02/03/2025	17	3	3		4	2	5	8	66
02/03/2025	18	4	3		4	3	5	8	67
02/03/2025	19	4	3		4	3	6	9	65
02/03/2025	20	5	3		4	3	7	9	63
02/03/2025	21	7	3		4	2	9	8	71
02/03/2025	22	7	3		4	1	11	6	77
02/03/2025	23	7	3		4	1	10	6	78
03/03/2025	00	7	3		4	1	10	6	79
03/03/2025	01	7	3		4	1	10	6	79
03/03/2025	02	4	3		4	2	5	7	76
03/03/2025	03	2	3		4	2	2	7	74
03/03/2025	04	5	3		4	2	7	8	74
03/03/2025	05	9	3		4	2	12	7	78
03/03/2025	06	8	3		4	2	12	8	78
03/03/2025	07	8	3		4	3	11	8	78
03/03/2025	08	8	3		4	3	10	9	76
03/03/2025	09	7	3		4	4	10	10	74
03/03/2025	10	8	3		4	4	11	10	74
03/03/2025	11	8	3		4	3	11	9	74
03/03/2025	12	9	3		4	4	12	10	74
03/03/2025	13	9	3		4	6	13	12	72
03/03/2025	14	9	3		4	7	13	12	73
03/03/2025	15	9	3		4	7	13	12	74
03/03/2025	16	9	3		4	6	13	12	75
03/03/2025	17	8	3		4	7	12	13	76
03/03/2025	18	9	3		4	12	14	18	72
03/03/2025	19	10	3		4	11	16	16	72
03/03/2025	20	10	3		4	10	15	15	73
03/03/2025	21	9	3		4	7	14	13	77
03/03/2025	22	6	3		4	7	9	13	72
03/03/2025	23	7	3		4	6	10	12	73
04/03/2025	00	8	3		4	5	11	10	76
04/03/2025	01	8	3		4	5	11	10	75
04/03/2025	02	7	3		4	5	11	10	73
04/03/2025	03	8	3		4	5	11	10	73
04/03/2025	04	8	3		4	5	11	10	71
04/03/2025	05	8	3		4	5	11	10	71
04/03/2025	06	8	3		4	5	11	11	70
04/03/2025	07	7	3		4	6	10	11	70
04/03/2025	08	7	3		4	5	10	11	71
04/03/2025	09	7	3		4	6	9	12	71
04/03/2025	10	6	3		4	6	8	12	70
04/03/2025	11	5	3		4	6	6	12	70
04/03/2025	12	4	3		4	6	6	12	71
04/03/2025	13	6	3		4	7	9	13	71
04/03/2025	14	6	3		4	6	9	12	74
04/03/2025	15	6	3		4	5	8	10	80
04/03/2025	16	5	3		4	5	7	11	80
04/03/2025	17	5	3		4	7	7	13	75
04/03/2025	18	5	3		4	7	7	13	75
04/03/2025	19	5	3		4	6	7	11	76
04/03/2025	20	5	3		4	6	7	12	72
04/03/2025	21	6	3		4	5	8	10	74
04/03/2025	22	6	3		4	5	8	10	75
04/03/2025	23	7	3		4	4	10	9	77
05/03/2025	00	8	3		4	3	11	9	77
05/03/2025	01	8	3		4	3	11	8	77
05/03/2025	02	7	3		4	3	10	9	76
05/03/2025	03	6	3		4	4	8	9	74
05/03/2025	04	6	3		4	4	8	9	74
05/03/2025	05	5	3		4	4	6	9	73
05/03/2025	06	6	3		4	4	8	9	75
05/03/2025	07	7	3		4	4	10	9	76
05/03/2025	08	6	3		4	4	8	9	77
05/03/2025	09	6	3		4	4	8	9	75
05/03/2025	10	6	3		4	5	8	10	77
05/03/2025	11	5	3		4	4	7	10	79
05/03/2025	12	5	3		4	6	7	12	76
05/03/2025	13	5	3		4	7	6	13	77
05/03/2025	14	5	3		4	6	7	12	79
05/03/2025	15	5	3		4	5	7	10	83
05/03/2025	16	6	3		4	4	8	10	83
05/03/2025	17	5	3		4	4	7	9	82
05/03/2025	18	6	3		4	4	8	10	83
05/03/2025	19	7	3		4	4	9	9	83
05/03/2025	20	7	3		4	3	9	9	86
05/03/2025	21	8	3		4	4	11	9	86
05/03/2025	22	8	3		4	4	12	10	83
05/03/2025	23	9	3		4	3	13	9	84
06/03/2025	00	9	3		4	3	13	9	84
06/03/2025	01	9	3		4	3	13	8	84
06/03/2025	02	9	3		4	3	12	9	83
06/03/2025	03	8	3		4	3	12	9	82
06/03/2025	04	9	3		4	3	13	8	83
06/03/2025	05	9	3		4	3	12	9	83
06/03/2025	06	9	3		4	5	13	10	83
06/03/2025	07	9	3		4	5	13	10	84
06/03/2025	08	8	3		4	5	11	10	82
06/03/2025	09	9	3		4	5	12	11	81
06/03/2025	10	9	3		4	5	12	10	80
06/03/2025	11	9	3		4	6	13	11	78
06/03/2025	12	9	3		4	5	13	11	78
06/03/2025	13	8	3		4	4	11	10	79
06/03/2025	14	8	3		4	5	11	11	78
06/03/2025	15	8	3		4	5	11	11	77
06/03/2025	16	7	3		4	6	11	11	77
06/03/2025	17	9	3		4	6	12	11	81
06/03/2025	18	9	3		4	4	13	9	83
06/03/2025	19	10	3		3	4	14	10	84
06/03/2025	20	9	3		4	5	13	10	83
06/03/2025	21	8	3		4	5	11	11	81
06/03/2025	22	9	3		4	5	12	10	81
06/03/2025	23	7	3		4	5	10	10	80
07/03/2025	00	5	3		4	4	7	10	77
07/03/2025	01	5	3		4	4	6	10	75
07/03/2025	02	4	3		4	4	5	9	74
07/03/2025	03	2	3		4	3	3	8	74
07/03/2025	04	1	3		4	3	2	9	73
07/03/2025	05	1	3		4	4	1	10	70
07/03/2025	06	3	3		4	5	3	11	70
07/03/2025	07	3	3		4	8	3	14	70
07/03/2025	08	2	3		4	7	3	13	70
07/03/2025	09	2	3		4	8	2	14	69
07/03/2025	10	2	3		4	8	2	14	70
07/03/2025	11	2	3		4	9	2	15	69
07/03/2025	12	2	3		4	10	3	16	69
07/03/2025	13	2	3		4	10	3	16	71
07/03/2025	14	1	4		4	10	2	16	71
07/03/2025	15	1	3		4	11	1	18	70
07/03/2025	16	1	4		4	14	1	20	66
07/03/2025	17	1	4		4	16	2	22	66
07/03/2025	18	3	4		4	13	4	19	74
07/03/2025	19	4	4		4	11	5	17	79
07/03/2025	20	5	4		4	13	6	19	75
07/03/2025	21	5	4		4	13	7	18	76
07/03/2025	22	5	5		4	12	7	17	74
07/03/2025	23	4	4		4	12	5	18	67
08/03/2025	00	4	4		4	16	6	22	57
08/03/2025	01	4	4		4	17	5	23	47
08/03/2025	02	4	4		4	21	5	27	31
08/03/2025	03	5	5		4	13	6	18	45
08/03/2025	04	3	5		4	11	4	16	67
08/03/2025	05	3	5		4	8	3	14	73
08/03/2025	06	3	4		4	12	4	18	60
08/03/2025	07	3	4		4	20	4	26	53
08/03/2025	08	3	4		4	17	4	23	58
08/03/2025	09	5	5		4	11	7	17	71
08/03/2025	10	8	5		4	8	11	14	72
08/03/2025	11	9	5		4	9	13	15	72
08/03/2025	12	9	5		4	9	14	15	73
08/03/2025	13	9	5		4	8	14	14	75
08/03/2025	14	10	5		4	8	14	14	74
08/03/2025	15	10	5		4	8	15	13	73
08/03/2025	16	11	5		4	7	16	13	73
08/03/2025	17	11	6		4	10	17	15	76
08/03/2025	18	11	6		4	11	17	16	80
08/03/2025	19	11	6		3	10	17	15	84
08/03/2025	20	11	5		3	11	15	16	86
08/03/2025	21	10	6		3	13	14	18	87
08/03/2025	22	10	5		3	13	14	18	88
08/03/2025	23	12	6		3	15	17	21	81
09/03/2025	00	7	6		3	12	11	17	77
09/03/2025	01	3	6		4	11	4	17	65
09/03/2025	02	2	6		4	12	3	17	53
09/03/2025	03	3	7		4	19	3	25	40
09/03/2025	04	3	8		4	24	3	29	31
09/03/2025	05	2	7		4	17	2	22	38
09/03/2025	06	1	8		4	16	2	22	45
09/03/2025	07	1	8		5	20	1	26	45
09/03/2025	08	1	9		6	18	2	26	43
09/03/2025	09	1	9		4	6	3	12	63
09/03/2025	10	1	8		4	3	4	9	67
09/03/2025	11	1	6		4	4	1	9	70
09/03/2025	12	1	7		4	3	3	9	75
09/03/2025	13	1	7		4	2	4	7	76
09/03/2025	14	1	7		4	3	3	8	78
09/03/2025	15	2	7		4	3	4	8	75
09/03/2025	16	1	7		4	3	1	8	76
09/03/2025	17	2	7		3	3	6	8	84
09/03/2025	18	2	6		4	7	3	13	80
09/03/2025	19	2	6		4	18	3	23	67
09/03/2025	20	1	7		4	17	2	22	65
09/03/2025	21	2	8		4	28	2	35	51
09/03/2025	22	1	6		5	30	1	38	33
09/03/2025	23	1	7		4	19	1	26	41
10/03/2025	00	1	6		5	28	1	35	27
10/03/2025	01	1	6		4	15	1	21	35
10/03/2025	02	1	6		4	12	1	18	32
10/03/2025	03	1	6		4	11	1	17	35
10/03/2025	04	1	6		4	13	1	19	34
10/03/2025	05	1	6		4	18	1	25	28
10/03/2025	06	1	7		6	28	1	37	20
10/03/2025	07	1	8		9	34	1	48	21
10/03/2025	08	1	7		11	37	1	54	26
10/03/2025	09	2	9		7	17	4	28	49
10/03/2025	13	1	3		3	8	3	12	77
10/03/2025	14	1	3		3	7	2	11	80
10/03/2025	15	1	3		2	6	2	9	84
10/03/2025	16	1	3		2	7	1	10	84
10/03/2025	17	1	3		2	8	1	11	83
10/03/2025	18	1	3		2	11	2	14	77
10/03/2025	19	2	3		2	18	2	21	66
10/03/2025	20	2	3		2	23	2	26	59
10/03/2025	21	2	3		2	29	3	32	53
10/03/2025	22	3	3		2	22	4	25	63
10/03/2025	23	3	3		2	19	4	22	67
11/03/2025	00	3	3		2	29	3	31	44
11/03/2025	01	2	3		2	26	3	29	43
11/03/2025	02	1	3		2	8	1	10	69
11/03/2025	03	1	3		2	10	1	13	55
11/03/2025	04	1	3		2	21	1	25	30
11/03/2025	05	1	3		4	26	1	32	24
11/03/2025	06	1	3		5	38	1	46	17
11/03/2025	07	1	3		18	50	1	78	10
11/03/2025	08	2	3		31	54	2	101	9
11/03/2025	09	4	3		8	37	6	49	31
11/03/2025	10	3	4		6	29	5	38	44
11/03/2025	11	3	4		5	18	5	25	62
11/03/2025	12	2	3		4	17	6	24	71
11/03/2025	13	1	3		3	12	4	16	75
11/03/2025	14	1	3		2	10	3	14	83
11/03/2025	15	2	3		2	12	3	14	85
11/03/2025	16	2	3		2	17	3	20	72
11/03/2025	17	1	3		2	14	1	17	75
11/03/2025	18	1	3		2	22	2	25	62
11/03/2025	19	2	3		5	41	2	48	30
11/03/2025	20	1	3		3	38	2	43	28
11/03/2025	21	1	3		6	42	1	51	21
11/03/2025	22	1	3		11	47	2	64	15
11/03/2025	23	2	3		4	37	2	43	20
12/03/2025	00	2	3		3	31	2	36	27
12/03/2025	01	2	3		3	41	3	45	20
12/03/2025	02	2	3		2	22	2	25	48
12/03/2025	03	1	3		2	31	2	34	29
12/03/2025	04	2	3		2	21	2	24	34
12/03/2025	05	1	3		4	23	2	29	34
12/03/2025	06	1	3		3	17	1	22	43
12/03/2025	07	1	3		11	37	1	53	24
12/03/2025	08	1	3		13	32	1	52	27
12/03/2025	09	1	3		4	13	2	19	58
12/03/2025	10	2	4		11	27	5	43	46
12/03/2025	11	2	6		9	27	4	40	50
12/03/2025	12	1	4		5	17	2	24	62
12/03/2025	13	1	5		4	14	2	19	69
12/03/2025	14	1	3		2	8	2	11	79
12/03/2025	15	1	3		2	7	2	10	79
12/03/2025	16	1	3		2	13	2	16	79
12/03/2025	17	1	3		3	19	2	24	69
12/03/2025	18	1	3		4	32	2	38	50
12/03/2025	19	1	3		4	27	2	32	52
12/03/2025	20	2	3		3	33	2	37	44
12/03/2025	21	1	3		4	35	2	41	32
12/03/2025	22	2	3		4	43	2	49	21
12/03/2025	23	2	3		3	31	3	35	32
13/03/2025	00	1	3		3	31	2	36	27
13/03/2025	01	1	3		2	28	2	32	27
13/03/2025	02	1	3		2	22	2	25	27
13/03/2025	03	1	3		4	28	2	33	23
13/03/2025	04	1	3		3	23	2	27	26
13/03/2025	05	1	3		4	25	2	30	25
13/03/2025	06	3	10		12	54	4	72	14
13/03/2025	07	3	16		10	48	4	62	26
13/03/2025	08	2	7		17	53	3	78	17
13/03/2025	09	2	5		10	35	3	49	28
13/03/2025	10	2	11		10	30	4	45	38
13/03/2025	11	2	5		4	14	3	19	54
13/03/2025	12	2	3		3	5	3	9	60
13/03/2025	13	2	4		3	9	3	13	64
13/03/2025	14	2	3		2	9	3	13	66
13/03/2025	15	4	3		3	14	5	19	60
13/03/2025	16	4	3		5	29	5	36	44
13/03/2025	17	2	3		3	20	3	25	49
13/03/2025	18	3	3		4	28	4	34	41
13/03/2025	19	3	3		7	42	4	53	20
13/03/2025	20	3	3		7	38	3	48	18
13/03/2025	21	5	3		4	34	6	40	23
13/03/2025	22	2	3		2	15	3	17	54
13/03/2025	23	1	3		2	6	1	9	72
14/03/2025	00	1	3		2	5	1	7	67
14/03/2025	01	1	3		2	6	1	8	59
14/03/2025	02	2	3		2	12	2	14	51
14/03/2025	03	2	3		2	19	2	22	37
14/03/2025	04	2	3		2	18	2	21	41
14/03/2025	05	1	3		3	36	2	40	26
14/03/2025	06	1	3		3	28	2	32	28
14/03/2025	07	1	3		3	19	1	24	39
14/03/2025	08	1	3		4	23	1	29	33
14/03/2025	09	1	3		4	23	2	30	44
14/03/2025	10	1	3		4	17	1	23	56
14/03/2025	11	1	3		3	13	1	18	61
14/03/2025	12	1	3		3	13	1	18	62
14/03/2025	13	1	3		2	6	1	10	64
14/03/2025	14	1	3		2	3	1	6	63
14/03/2025	15	2	3		2	5	2	9	62
14/03/2025	16	1	3		2	8	1	12	60
14/03/2025	17	1	3		3	13	1	17	57
14/03/2025	18	1	3		2	13	1	16	58
14/03/2025	19	1	3		2	15	1	18	50
14/03/2025	20	1	3		2	11	1	13	61
14/03/2025	21	1	3		2	15	1	18	46
14/03/2025	22	2	3		2	14	2	17	51
14/03/2025	23	2	3		2	5	4	8	72
15/03/2025	00	2	3		2	2	3	4	78
15/03/2025	01	1	3		2	3	2	6	76
15/03/2025	02	1	3		2	3	2	5	74
15/03/2025	03	1	3		2	11	2	14	59
15/03/2025	04	1	3		2	10	2	12	69
15/03/2025	05	2	3		2	2	2	5	79
15/03/2025	06	2	3		2	1	2	3	81
15/03/2025	07	1	3		2	11	2	14	67
15/03/2025	08	1	3		2	7	2	10	70
15/03/2025	09	2	3		3	8	4	13	71
15/03/2025	10	2	4		3	8	3	13	68
15/03/2025	11	1	3		3	7	3	11	74
15/03/2025	12	1	3		2	3	3	6	82
15/03/2025	13	1	3		2	3	3	6	84
15/03/2025	14	1	3		2	4	2	6	85
15/03/2025	15	1	3		2	3	1	6	85
15/03/2025	16	1	3		2	4	1	7	83
15/03/2025	17	1	3		2	7	1	10	77
15/03/2025	18	1	3		3	16	1	20	68
15/03/2025	19	1	3		3	20	1	24	58
15/03/2025	20	1	3		4	28	1	33	45
15/03/2025	21	1	3		4	26	1	32	44
15/03/2025	22	1	3		3	22	1	27	48
15/03/2025	23	1	3		3	23	1	28	40
16/03/2025	00	1	3		3	19	1	23	47
16/03/2025	01	1	3		3	18	1	22	39
16/03/2025	02	1	3		2	17	1	20	43
16/03/2025	03	1	3		2	10	1	13	43
16/03/2025	04	1	3		2	7	1	10	46
16/03/2025	05	1	3		2	7	1	10	51
16/03/2025	06	1	3		2	11	2	14	51
16/03/2025	07	1	3		3	13	2	16	50
16/03/2025	08	1	3		4	14	2	19	50
16/03/2025	09	1	3		2	5	1	8	64
16/03/2025	10	1	3		3	4	2	8	68
16/03/2025	11	1	3		2	4	2	6	73
16/03/2025	12	1	3		2	6	2	9	70
16/03/2025	13	2	3		3	6	2	10	69
16/03/2025	14	2	3		2	3	2	6	78
16/03/2025	15	2	3		2	3	2	6	79
16/03/2025	16	1	3		2	3	2	6	81
16/03/2025	17	2	3		2	8	3	10	74
16/03/2025	18	1	3		2	8	2	11	68
16/03/2025	19	1	3		2	5	1	8	65
16/03/2025	20	1	3		2	5	1	8	63
16/03/2025	21	1	3		2	5	1	7	63
16/03/2025	22	1	3		3	16	1	20	41
16/03/2025	23	1	3		4	20	1	26	33
17/03/2025	00	1	3		3	18	1	22	29
17/03/2025	01	1	3		2	7	1	10	43
17/03/2025	02	1	3		2	7	1	10	38
17/03/2025	03	1	3		2	6	1	10	40
17/03/2025	04	1	5		3	30	2	35	32
17/03/2025	05	2	7		4	45	2	50	19
17/03/2025	06	1	3		8	39	2	50	16
17/03/2025	07	1	3		7	28	1	38	27
17/03/2025	08	1	3		3	9	1	14	55
17/03/2025	09	1	3		3	6	1	10	59
17/03/2025	10	1	3		3	4	1	8	63
17/03/2025	11	1	3		2	4	1	7	66
17/03/2025	12	2	3		2	2	2	5	72
17/03/2025	13	2	3		2	1	2	4	76
17/03/2025	14	2	3		2	2	2	5	76
17/03/2025	15	1	3		2	2	2	4	78
17/03/2025	16	1	3		2	4	1	7	76
17/03/2025	17	1	3		2	7	1	10	70
17/03/2025	18	1	3		2	12	1	15	64
17/03/2025	19	1	3		2	17	1	20	57
17/03/2025	20	1	3		2	23	1	27	50
17/03/2025	21	1	3		2	14	1	18	60
17/03/2025	22	2	3		2	14	2	16	59
17/03/2025	23	2	3		2	18	3	21	54
18/03/2025	00	4	3		2	12	5	15	56
18/03/2025	01	3	3		2	10	3	13	54
18/03/2025	02	2	3		2	5	2	8	64
18/03/2025	03	2	3		2	11	2	14	64
18/03/2025	04	2	3		2	18	3	20	54
18/03/2025	05	3	3		2	11	4	14	58
18/03/2025	06	3	3		2	6	3	9	63
18/03/2025	07	2	3		2	7	3	10	61
18/03/2025	08	2	3		2	7	3	10	61
18/03/2025	09	2	3		2	9	2	12	60
18/03/2025	10	2	3		2	9	3	13	61
18/03/2025	11	2	3		2	8	3	11	71
18/03/2025	12	2	3		2	8	3	11	70
18/03/2025	13	2	3		2	8	3	11	72
18/03/2025	14	3	3		2	7	4	10	74
18/03/2025	15	2	3		2	7	3	10	75
18/03/2025	16	2	3		2	8	2	11	75
18/03/2025	17	2	3		2	9	3	12	71
18/03/2025	18	2	3		2	8	2	11	72
18/03/2025	19	3	3		2	7	4	9	79
18/03/2025	20	3	3		2	6	4	8	82
18/03/2025	21	3	3		2	6	4	8	82
18/03/2025	22	3	3		2	6	5	9	83
18/03/2025	23	3	3		2	6	5	9	82
19/03/2025	00	3	3		2	6	4	9	82
19/03/2025	01	3	3		2	6	4	8	82
19/03/2025	02	3	3		2	5	4	8	81
19/03/2025	03	2	3		2	6	3	8	80
19/03/2025	04	2	3		2	5	3	8	79
19/03/2025	05	2	3		2	6	3	9	77
19/03/2025	06	1	3		2	6	1	9	76
19/03/2025	07	1	3		2	7	1	10	77
19/03/2025	08	1	3		2	7	2	11	75
19/03/2025	09	2	3		2	8	2	11	70
19/03/2025	10	2	3		2	9	3	12	69
19/03/2025	11	2	3		2	9	3	12	75
19/03/2025	12	2	3		2	9	3	13	76
19/03/2025	13	2	3		2	8	3	11	77
19/03/2025	14	3	3		2	8	4	11	78
19/03/2025	15	4	3		2	8	6	11	85
19/03/2025	16	6	3		2	8	8	11	86
19/03/2025	17	5	3		2	9	7	12	85
19/03/2025	18	6	3		2	10	8	13	83
19/03/2025	19	5	3		2	10	8	13	81
19/03/2025	20	6	3		2	10	8	13	80
19/03/2025	21	6	3		2	9	8	12	79
19/03/2025	22	5	3		2	10	7	13	77
19/03/2025	23	6	3		2	10	8	12	77
20/03/2025	00	5	3		2	9	7	12	79
20/03/2025	01	5	3		2	9	7	12	80
20/03/2025	02	6	3		2	8	8	11	78
20/03/2025	03	7	3		2	8	9	11	71
20/03/2025	04	7	3		2	7	10	9	76
20/03/2025	05	7	3		2	6	10	9	78
20/03/2025	06	7	3		2	7	10	10	79
20/03/2025	07	8	3		2	9	11	12	78
20/03/2025	08	8	3		2	10	12	13	77
20/03/2025	09	9	3		2	9	12	12	77
20/03/2025	10	11	3		2	9	15	12	79
20/03/2025	11	10	3		2	8	15	11	75
20/03/2025	12	11	3		2	9	16	13	76
20/03/2025	13	12	3		2	10	18	13	74
20/03/2025	14	14	3		2	10	21	13	74
20/03/2025	15	15	3		2	11	25	14	71
20/03/2025	16	16	3		2	10	27	13	71
20/03/2025	17	17	3		2	11	28	14	71
20/03/2025	18	16	3		2	10	26	13	71
20/03/2025	19	16	3		2	9	26	12	74
20/03/2025	20	15	3		2	10	23	13	74
20/03/2025	21	16	3		2	10	24	13	73
20/03/2025	22	14	3		2	10	22	12	73
20/03/2025	23	12	3		2	9	18	12	74
21/03/2025	00	13	3		2	8	20	10	76
21/03/2025	01	11	3	0,1	2	9	17	11	74
21/03/2025	02	12	3	0,1	2	8	18	11	76
21/03/2025	03	12	3	0,1	2	9	18	11	76
21/03/2025	04	12	3	0,1	2	9	17	12	77
21/03/2025	05	11	3	0,1	2	9	15	11	77
21/03/2025	06	10	3	0,1	2	9	14	12	76
21/03/2025	07	10	3	0,1	2	11	14	15	75
21/03/2025	08	7	3	0,1	2	16	11	19	71
21/03/2025	09	6	3	0,1	3	29	10	34	55
21/03/2025	10	9	3	0,1	4	40	13	46	32
21/03/2025	11	17	3	0,1	4	31	25	37	42
21/03/2025	12	4	3	0,1	3	16	9	20	82
21/03/2025	13	5	3	0,1	2	11	11	15	86
21/03/2025	14	4	3	0,1	2	7	11	10	84
21/03/2025	15	1	4	0,1	2	7	3	10	78
21/03/2025	16	1	4	0,1	2	9	3	12	75
21/03/2025	17	1	3	0,1	2	14	2	16	71
21/03/2025	18	1	3	0,1	2	17	3	20	67
21/03/2025	19	1	3	0,1	2	18	2	21	65
21/03/2025	20	2	3	0,1	3	27	3	32	52
21/03/2025	21	2	4	0,1	2	24	3	27	55
21/03/2025	22	2	3	0,1	6	47	3	56	27
21/03/2025	23	2	3	0,1	6	47	3	56	22
22/03/2025	00	3	4	0,1	5	38	4	45	30
22/03/2025	01	2	3	0,1	3	30	3	34	36
22/03/2025	02	2	3	0,1	3	28	3	31	37
22/03/2025	03	2	4	0,1	2	27	3	30	37
22/03/2025	04	2	3	0,1	2	19	3	22	48
22/03/2025	05	2	5	0,1	2	20	3	22	48
22/03/2025	06	2	4	0,1	2	20	2	22	45
22/03/2025	07	1	4	0,1	2	16	2	19	53
22/03/2025	08	1	4	0,1	2	10	2	13	71
22/03/2025	09	1	4	0,1	3	8	2	11	74
22/03/2025	10	1	4	0,1	2	5	2	8	78
22/03/2025	11	1	3	0,1	2	3	2	6	80
22/03/2025	12	1	4	0,1	2	5	2	8	79
22/03/2025	13	1	4	0,1	2	3	4	6	75
22/03/2025	14	1	3	0,1	2	1	2	4	73
22/03/2025	15	1	4	0,1	2	2	1	5	72
22/03/2025	16	1	3	0,1	2	4	1	6	72
22/03/2025	17	1	3	0,1	2	4	2	6	70
22/03/2025	18	1	4	0,1	2	6	1	9	66
22/03/2025	19	1	3	0,1	2	10	1	13	59
22/03/2025	20	1	4	0,1	2	13	1	16	54
22/03/2025	21	1	4	0,1	2	14	2	17	54
22/03/2025	22	2	5	0,1	2	17	2	20	49
22/03/2025	23	1	7	0,1	2	17	2	20	53
23/03/2025	00	1	8	0,1	2	18	2	21	50
23/03/2025	01	1	7	0,1	2	12	1	15	53
23/03/2025	02	1	7	0,1	2	14	1	17	52
23/03/2025	03	1	9	0,1	2	14	1	16	52
23/03/2025	04	1	7	0,1	2	11	1	13	54
23/03/2025	05	1	6	0,1	2	9	1	12	52
23/03/2025	06	1	5	0,1	2	9	1	13	49
23/03/2025	07	1	5	0,1	2	10	1	14	47
23/03/2025	08	1	6	0,1	3	9	1	13	56
23/03/2025	09	1	6	0,1	3	7	1	11	60
23/03/2025	10	1	5	0,1	2	4	1	7	66
23/03/2025	11	1	4	0,1	2	3	1	6	69
23/03/2025	12	1	4	0,1	2	2	1	5	74
23/03/2025	13	1	4	0,1	2	2	1	5	78
23/03/2025	14	1	4	0,1	2	3	1	5	80
23/03/2025	15	1	4	0,1	2	3	1	5	82
23/03/2025	16	1	4	0,1	2	4	1	7	71
23/03/2025	17	1	3	0,1	2	6	1	9	70
23/03/2025	18	1	3	0,1	2	8	1	11	61
23/03/2025	19	1	3	0,1	2	7	1	10	60
23/03/2025	20	1	3	0,1	2	7	1	10	54
23/03/2025	21	1	3	0,1	2	6	1	9	54
23/03/2025	22	1	3	0,1	2	4	1	6	63
23/03/2025	23	1	3	0,1	2	15	1	18	44
24/03/2025	00	1	3	0,1	2	14	1	17	44
24/03/2025	01	1	4	0,1	2	15	1	18	43
24/03/2025	02	1	3	0,1	2	18	1	21	38
24/03/2025	03	1	7	0,1	2	25	2	28	39
24/03/2025	04	1	7	0,1	2	26	1	29	36
24/03/2025	05	1	6	0,1	3	34	2	38	25
24/03/2025	06	1	4	0,1	4	27	1	33	30
24/03/2025	07	1	4	0,1	8	32	2	45	25
24/03/2025	08	1	5	0,1	4	13	1	18	52
24/03/2025	09	1	3	0,1	2	5	1	8	68
24/03/2025	10	1	3	0,1	2	3	1	6	72
24/03/2025	11	1	3	0,1	2	3	1	7	75
24/03/2025	12	1	3	0,1	2	2	1	5	77
24/03/2025	13	1	3	0,1	2	2	1	5	79
24/03/2025	14	1	3	0,1	2	2	1	5	79
24/03/2025	15	1	3	0,1	2	3	2	5	77
24/03/2025	16	1	3	0,1	2	3	2	5	79
24/03/2025	17	1	3	0,1	2	3	2	6	78
24/03/2025	18	1	3	0,1	2	5	2	8	73
24/03/2025	19	1	3	0,1	2	21	2	25	50
24/03/2025	20	2	3	0,1	4	39	2	44	25
24/03/2025	21	1	3	0,1	4	33	2	39	32
24/03/2025	22	2	3	0,1	4	33	2	38	31
24/03/2025	23	3	3	0,1	3	27	3	31	38
25/03/2025	00	2	3	0,1	2	22	3	26	42
25/03/2025	01	2	3	0,1	2	17	2	20	48
25/03/2025	02	1	5	0,1	2	14	1	17	60
25/03/2025	03	1	4	0,1	2	5	1	8	69
25/03/2025	04	1	3	0,1	2	3	1	5	72
25/03/2025	05	1	3	0,1	2	4	1	6	69
25/03/2025	06	1	3	0,1	4	24	1	30	39
25/03/2025	07	2	8	0,1	9	43	3	57	28
25/03/2025	08	1	8	0,1	8	28	2	40	41
25/03/2025	09	1	4	0,1	4	13	2	18	60
25/03/2025	10	1	3	0,1	2	3	1	6	70
25/03/2025	11	1	3	0,1	2	3	1	6	71
25/03/2025	12	1	3	0,1	2	3	1	6	75
25/03/2025	13	1	3	0,1	2	3	1	6	75
25/03/2025	14	1	3	0,1	2	4	1	7	78
25/03/2025	15	1	3	0,1	2	4	1	7	79
25/03/2025	16	1	3	0,1	2	6	1	9	76
25/03/2025	17	2	3	0,1	2	10	3	13	69
25/03/2025	18	2	3	0,1	2	14	2	18	66
25/03/2025	19	2	3	0,1	6	46	2	55	25
25/03/2025	20	2	3	0,1	3	32	2	36	35
25/03/2025	21	2	3	0,1	2	20	3	23	53
25/03/2025	22	1	3	0,1	2	8	1	11	69
25/03/2025	23	1	3	0,1	2	7	1	9	69
26/03/2025	00	1	3	0,1	2	4	1	7	71
26/03/2025	01	1	3	0,1	2	4	1	6	68
26/03/2025	02	1	3	0,1	2	2	2	4	75
26/03/2025	03	1	3	0,1	2	1	2	3	80
26/03/2025	04	1	3	0,1	2	1	2	2	80
26/03/2025	05	1	3	0,1	2	1	1	3	78
26/03/2025	06	1	3	0,1	2	1	1	3	80
26/03/2025	07	1	3	0,1			2		78
26/03/2025	08	1	3	0,1	3	1	1	4	78
26/03/2025	09	1	4	0,1	3	2	1	6	75
26/03/2025	10	1	4	0,1	2	3	1	7	75
26/03/2025	11	2	4	0,1	3	8	3	12	80
26/03/2025	12	2	6	0,1	4	14	3	20	74
26/03/2025	13	1	3	0,1	2	9	2	12	81
26/03/2025	14	1	3	0,1	3	12	1	17	78
26/03/2025	15	1	3	0,1	5	23	2	30	74
26/03/2025	16	1	3	0,1	3	17	2	21	79
26/03/2025	17	1	3	0,1	2	15	2	18	82
26/03/2025	18	1	3	0,1	3	16	1	19	78
26/03/2025	19	1	3	0,1	4	44	2	49	37
26/03/2025	20	2	3	0,1	6	55	3	64	25
26/03/2025	21	2	3	0,1	3	28	3	32	48
26/03/2025	22	2	3	0,1	2	19	3	23	56
26/03/2025	23	2	3	0,1	2	3	2	5	76
27/03/2025	00	2	3	0,1	2	2	2	5	79
27/03/2025	01	2	3	0,1	2	4	3	7	76
27/03/2025	02	2	3	0,1	2	13	3	16	62
27/03/2025	03	2	3	0,1	2	18	3	21	55
27/03/2025	04	2	3	0,1	2	19	3	23	52
27/03/2025	05	3	3	0,1	3	25	3	30	38
27/03/2025	06	3	3	0,1	4	28	3	34	38
27/03/2025	07	3	3	0,1	10	42	3	56	26
27/03/2025	08	3	3	0,1	4	15	3	22	57
27/03/2025	09	3	8	0,1	5	17	4	25	62
27/03/2025	10	3	10	0,1	4	12	4	18	68
27/03/2025	11	4	6	0,1	4	14	5	20	72
27/03/2025	12	3	6	0,1	3	11	5	16	79
27/03/2025	13	2	3	0,1	2	6	3	10	86
27/03/2025	14	2	3	0,1	2	4	3	7	86
27/03/2025	15	2	3	0,1	2	5	3	8	88
27/03/2025	16	2	3	0,1	2	5	3	8	94
27/03/2025	17	2	3	0,1	2	5	3	7	90
27/03/2025	18	3	3	0,1	2	4	3	7	86
27/03/2025	19	3	3	0,1	2	7	4	10	81
27/03/2025	20	3	3	0,1	2	12	4	15	72
27/03/2025	21	4	3	0,1	2	22	4	25	61
27/03/2025	22	3	3	0,1	3	39	4	44	43
27/03/2025	23	3	3	0,1	2	37	4	41	52
28/03/2025	00	3	3	0,1	2	31	4	35	52
28/03/2025	01	3	3	0,1	2	27	4	30	51
28/03/2025	02	3	4	0,1	2	25	4	28	43
28/03/2025	03	2	5	0,1	2	11	3	13	57
28/03/2025	05	2	3	0,1	2	2	2	4	71
28/03/2025	06	2	4	0,1	2	4	2	7	71
28/03/2025	07	3	4	0,1	3	3	3	6	73
28/03/2025	08	2	3	0,1	3	2	4	6	78
28/03/2025	09	2	4	0,1	3	4	3	8	75
28/03/2025	10	1	3	0,1	2	3	2	7	79
28/03/2025	11	1	3	0,1	2	2	2	5	81
28/03/2025	12	1	3	0,1	2	3	2	6	84
28/03/2025	13	2	3	0,1	2	4	3	7	87
28/03/2025	14	2	3	0,1	2	4	3	7	92
28/03/2025	15	2	3	0,1	2	4	3	7	89
28/03/2025	16	2	3	0,1	2	7	3	10	89
28/03/2025	17	3	3	0,1	2	7	4	10	90
28/03/2025	18	2	3	0,1	2	7	3	10	87
28/03/2025	19	3	3	0,1	2	19	4	22	70
28/03/2025	20	3	3	0,1	2	17	4	20	72
28/03/2025	21	2	3	0,1	2	10	3	12	81
28/03/2025	22	1	3	0,1	2	1	3	3	87
28/03/2025	23	1	3	0,1	2	1	3	3	86
29/03/2025	00	1	3	0,1	2	3	2	5	83
29/03/2025	01	1	4	0,1	2	5	2	8	79
29/03/2025	02	1	4	0,1	2	4	1	6	80
29/03/2025	03	1	3	0,1	2	11	1	14	66
29/03/2025	04	1	3	0,1	2	3	1	5	76
29/03/2025	05	1	3	0,1	2	1	2	3	83
29/03/2025	06	1	3	0,1	2	1	2	3	87
29/03/2025	07	1	3	0,1	2	1	4	3	88
29/03/2025	08	1	3	0,1	2	1	2	3	86
29/03/2025	09	1	3	0,1	2	1	2	3	86
29/03/2025	10	1	3	0,1	2	1	2	3	85
29/03/2025	11	1	3	0,1	2	1	1	3	85
29/03/2025	12	1	3	0,1	2	1	1	3	86
29/03/2025	13	1	3	0,1	2	1	2	3	90
29/03/2025	14	1	3	0,1	2	1	3	3	89
29/03/2025	15	1	3	0,1	2	1	5	3	88
29/03/2025	16	1	3	0,1	2	1	4	3	89
29/03/2025	17	1	3	0,1	2	1	2	3	88
29/03/2025	18	1	3	0,1	2	1	2	3	86
29/03/2025	19	1	3	0,1	2	1	2	3	85
29/03/2025	20	1	3	0,1	2	1	3	3	83
29/03/2025	21	1	3	0,1	2	1	3	3	84
29/03/2025	22	1	3	0,1	2	1	2	3	82
29/03/2025	23	1	3	0,1	2	1	2	3	83
30/03/2025	00	1	3	0,1	2	1	2	3	84
30/03/2025	01	1	3	0,1	2	1	1	2	85
30/03/2025	02	1	3	0,1	2	1	1	3	85
30/03/2025	03	1	3	0,1	2	1	1	3	85
30/03/2025	04	1	3	0,1	2	1	1	3	84
30/03/2025	05	1	3	0,1	2	3	1	5	77
30/03/2025	06	1	3	0,1	2	15	1	18	60
30/03/2025	07	1	3	0,1	3	18	1	23	52
30/03/2025	08	1	3	0,1	2	5	2	8	74
30/03/2025	09	1	3	0,1	2	3	2	5	80
30/03/2025	10	1	3	0,1	2	2	1	5	82
30/03/2025	11	1	3	0,1	2	3	1	5	85
30/03/2025	12	1	3	0,1	2	4	1	7	86
30/03/2025	13	1	3	0,1	2	5	2	8	89
30/03/2025	14	1	3	0,1	2	4	2	7	90
30/03/2025	15	1	3	0,1	2	4	2	7	92
30/03/2025	16	1	3	0,1	2	5	2	8	93
30/03/2025	17	1	3	0,1	2	10	2	13	88
30/03/2025	18	1	3	0,1	2	6	2	8	91
30/03/2025	19	2	3	0,1	3	22	2	26	65
30/03/2025	20	2	3	0,1	4	48	3	55	32
30/03/2025	21	2	3	0,1	4	41	3	47	35
30/03/2025	22	2	3	0,1	3	26	3	30	48
30/03/2025	23	2	3	0,1	3	22	3	26	48
31/03/2025	00	2	3	0,1	2	21	2	24	47
31/03/2025	01	2	3	0,1	2	18	3	21	46
31/03/2025	02	2	3	0,1	2	18	3	22	47
31/03/2025	03	1	3	0,1	2	21	2	24	44
31/03/2025	04	1	3	0,1	5	30	2	37	34
31/03/2025	05	1	3	0,1	5	35	2	43	35
31/03/2025	06	2	3	0,1	12	57	2	76	19
31/03/2025	07	2	4	0,1	23	58	3	93	15
31/03/2025	08	3	8	0,1	9	31	6	45	41
31/03/2025	09	3	12	0,1	9	29	7	42	48
31/03/2025	10	3	12	0,1	11	32	7	48	50
31/03/2025	12	2	3	0,1	6	19	5	28	68
31/03/2025	13	2	3	0,1	3	14	4	19	85
31/03/2025	14	2	3	0,1	4	19	5	26	89
31/03/2025	15	1	3	0,1	3	14	3	18	101
31/03/2025	16	2	3	0,1	4	21	4	28	81
31/03/2025	17	2	3	0,1	2	11	4	14	97
31/03/2025	18	2	3	0,1	2	18	3	21	93
31/03/2025	19	3	3	0,1	4	56	5	61	41
31/03/2025	20	2	3	0,1	4	49	3	55	40
31/03/2025	21	2	3	0,1	3	30	4	34	61
31/03/2025	22	3	3	0,1	2	7	4	10	92
31/03/2025	23	3	3	0,1	2	13	4	16	80
01/04/2025	00	2	3	0,1	2	24	3	27	55
01/04/2025	01	1	3	0,1	2	18	2	20	61
01/04/2025	02	2	3	0,1	2	26	2	29	51
01/04/2025	03	2	3	0,1	2	15	2	18	67
01/04/2025	05	2	3	0,1	4	37	3	43	44
01/04/2025	06	2	3	0,1	9	57	3	71	30
01/04/2025	07	2	3	0,1	9	48	3	62	41
01/04/2025	08	3	3	0,1	4	23	6	30	74
01/04/2025	09	3	3	0,1	3	15	5	19	86
01/04/2025	10	3	3	0,1	3	14	6	19	89
01/04/2025	11	4	3	0,1	3	13	7	18	84
01/04/2025	12	3	3	0,1	2	9	5	12	92
01/04/2025	13	2	3	0,1	2	6	4	9	103
01/04/2025	14	2	3	0,1	3	10	4	13	104
01/04/2025	15	2	3	0,1	2	6	4	9	107
01/04/2025	16	2	3	0,1	2	6	4	9	104
01/04/2025	17	2	3	0,1	2	6	3	9	105
01/04/2025	18	2	3	0,1	2	7	3	9	103
01/04/2025	19	2	3	0,1	2	11	4	13	99
01/04/2025	20	3	3	0,1	2	16	4	18	90
01/04/2025	21	3	3	0,1	2	19	4	23	79
01/04/2025	22	3	3	0,1	2	16	4	19	78
01/04/2025	23	3	3	0,1	2	9	4	12	86
02/04/2025	00	3	3	0,1	2	8	5	10	84
02/04/2025	01	4	3	0,1	2	8	6	10	79
02/04/2025	02	3	3	0,1	2	7	5	10	77
02/04/2025	03	4	3	0,1	2	7	6	9	79
02/04/2025	04	4	3	0,1	2	8	6	11	79
02/04/2025	05	3	3	0,1	2	9	5	12	73
02/04/2025	06	3	3	0,1	2	16	4	20	61
02/04/2025	07	2	3	0,1	3	15	3	19	65
02/04/2025	08	2	3	0,1	2	13	3	16	68
02/04/2025	09	4	3	0,1	3	19	6	22	69
02/04/2025	10	6	3	0,1	2	10	9	12	83
02/04/2025	11	6	3	0,1	2	12	9	15	83
02/04/2025	12	7	3	0,1	2	13	11	16	83
02/04/2025	13	8	3	0,1	3	21	12	25	75
02/04/2025	14	6	3	0,1	2	16	10	20	81
02/04/2025	15	5	3	0,1	2	11	9	14	96
02/04/2025	16	4	3	0,1	2	10	7	13	94
02/04/2025	17	4	3	0,1	2	10	6	12	94
02/04/2025	18	4	3	0,1	2	10	7	12	89
02/04/2025	19	5	3	0,1	2	16	8	18	82
02/04/2025	20	5	3	0,1	2	13	8	16	84
02/04/2025	21	4	3	0,1	2	12	7	15	83
02/04/2025	22	4	3	0,1	2	10	6	13	86
02/04/2025	23	4	3	0,1	2	9	6	12	88
03/04/2025	00	4	3	0,1	2	9	6	11	87
03/04/2025	01	4	3	0,1	2	10	8	12	83
03/04/2025	02	4	3	0,1	2	9	8	11	83
03/04/2025	03	5	3	0,1	2	8	8	11	87
03/04/2025	04	5	3	0,1	2	8	9	10	85
03/04/2025	05	5	3	0,1	2	10	8	13	76
03/04/2025	06	5	3	0,1	2	12	8	15	77
03/04/2025	07	5	3	0,1	2	13	8	16	73
03/04/2025	08	4	3	0,1	2	12	7	15	74
03/04/2025	09	4	3	0,1	2	9	6	12	80
03/04/2025	10	3	3	0,1	2	8	6	11	84
03/04/2025	11	3	3	0,1	2	7	5	10	84
03/04/2025	12	4	3	0,1	2	5	6	8	84
03/04/2025	13	3	3	0,1	2	6	6	9	86
03/04/2025	14	4	3	0,1	2	7	6	9	86
03/04/2025	15	4	3	0,1	2	7	7	10	87
03/04/2025	16	5	3	0,1	2	8	8	11	87
03/04/2025	17	5	3	0,1	2	9	9	12	86
03/04/2025	18	6	3	0,1	2	8	9	11	86
03/04/2025	19	6	3	0,1	2	9	9	12	84
03/04/2025	20	6	3	0,1	2	9	10	11	84
03/04/2025	21	6	3	0,1	2	9	9	11	83
03/04/2025	22	5	3	0,1	2	8	7	11	82
03/04/2025	23	3	3	0,1	2	9	5	11	80
04/04/2025	00	3	3	0,1	2	8	5	10	78
04/04/2025	01	4	3	0,1	2	8	6	11	78
04/04/2025	02	5	3	0,1	2	7	7	10	80
04/04/2025	03	5	3	0,1	2	8	8	10	78
04/04/2025	04	5	3	0,1	2	7	8	10	78
04/04/2025	05	5	3	0,1	2	9	8	11	76
04/04/2025	06	3	3	0,1	2	9	5	13	73
04/04/2025	07	4	3	0,1	2	10	6	13	73
04/04/2025	08	4	3	0,1	2	8	6	11	76
04/04/2025	09	4	3	0,1	2	7	6	10	78
04/04/2025	10	4	3	0,1	2	8	6	11	79
04/04/2025	11	4	3	0,1	2	6	7	9	78
04/04/2025	12	3	3	0,1	2	7	6	10	78
04/04/2025	13	3	3	0,1	2	8	5	11	78
04/04/2025	14	3	3	0,1	2	9	6	11	81
04/04/2025	15	3	3	0,1	2	10	6	13	79
04/04/2025	16	4	3	0,1	2	11	7	14	76
04/04/2025	17	4	3	0,1	2	11	7	14	76
04/04/2025	18	7	3	0,1	2	13	12	16	77
04/04/2025	19	7	3	0,1	2	13	11	16	76
04/04/2025	20	6	3	0,1	2	14	10	17	73
04/04/2025	21	6	3	0,1	2	17	11	19	62
04/04/2025	22	10	3	0,1	2	22	17	25	54
04/04/2025	23	10	3	0,1	2	26	17	29	40
05/04/2025	00	8	3	0,1	3	29	11	33	27
05/04/2025	01	14	3	0,1	2	26	21	30	40
05/04/2025	02	12	3	0,1	2	20	19	22	48
05/04/2025	03	9	3	0,1	2	19	15	22	50
05/04/2025	04	8	3	0,1	2	20	13	23	43
05/04/2025	05	9	3	0,1	4	31	14	37	24
05/04/2025	06	11	3	0,1	4	27	16	32	32
05/04/2025	07	14	3	0,1	10	43	20	58	17
05/04/2025	08	11	3	0,1	3	20	16	26	54
05/04/2025	09	10	3	0,1	3	16	16	20	64
05/04/2025	10	8	3	0,2	3	16	14	21	68
05/04/2025	11	9	5	0,2	4	21	15	27	74
05/04/2025	12	9	11	0,2	5	25	15	33	65
05/04/2025	13	7	11	0,2	4	23	11	29	71
05/04/2025	14	4	6	0,1	2	15	6	18	86
05/04/2025	15	2	4	0,1	2	11	4	13	90
05/04/2025	16	2	3	0,1	2	10	4	13	94
05/04/2025	17	1	3	0,1	2	10	3	13	91
05/04/2025	18	1	3	0,1	2	10	2	12	91
05/04/2025	19	1	3	0,1	3	36	2	41	51
05/04/2025	20	2	3	0,1	3	36	2	40	46
05/04/2025	21	2	3	0,1	4	39	3	45	37
05/04/2025	22	1	3	0,1	4	27	2	33	49
05/04/2025	23	1	4	0,1	2	23	2	27	58
06/04/2025	00	1	7	0,1	3	29	2	33	51
06/04/2025	01	2	8	0,1	2	31	3	34	45
06/04/2025	02	1	6	0,1	2	24	2	27	44
06/04/2025	03	1	5	0,1	2	18	1	21	52
06/04/2025	04	1	4	0,1	2	11	2	14	56
06/04/2025	05	1	3	0,1	2	9	2	12	61
06/04/2025	06	1	3	0,1	3	17	2	21	49
06/04/2025	07	1	4	0,1	3	17	2	21	51
06/04/2025	08	1	5	0,1	4	17	2	22	56
06/04/2025	09	1	5	0,1	3	13	2	18	66
06/04/2025	10	1	5	0,1	3	12	1	16	70
06/04/2025	11	1	5	0,1	3	13	2	17	75
06/04/2025	12	2	6	0,1	3	15	3	19	76
06/04/2025	13	1	5	0,1	2	12	2	16	77
06/04/2025	14	1	3	0,1	2	8	1	11	82
06/04/2025	15	1	3	0,2	2	8	1	11	85
06/04/2025	16	1	3	0,1	2	8	1	10	85
06/04/2025	17	1	3	0,1	2	8	1	10	85
06/04/2025	18	1	3	0,1	2	12	1	14	83
06/04/2025	19	1	3	0,1	2	24	2	27	63
06/04/2025	20	1	3	0,1	3	45	2	50	32
06/04/2025	21	1	3	0,1	4	42	2	47	32
06/04/2025	22	1	4	0,1	3	29	2	33	51
06/04/2025	23	1	3	0,1	3	31	2	35	47
07/04/2025	00	2	3	0,1	2	27	2	30	47
07/04/2025	01	2	3	0,1	3	30	3	33	40
07/04/2025	02	2	3	0,1	2	23	3	27	43
07/04/2025	03	2	3	0,1	2	21	2	24	53
07/04/2025	04	2	3	0,1	2	20	3	24	52
07/04/2025	05	2	3	0,1	4	39	3	44	38
07/04/2025	06	2	3	0,1	8	52	3	65	27
07/04/2025	07	3	3	0,1	17	59	4	84	23
07/04/2025	08	2	4	0,1	7	32	5	42	50
07/04/2025	09	2	5	0,1	5	24	5	31	68
07/04/2025	10				2	5		8	
07/04/2025	11	2	3	0,1	2	4	5	7	
07/04/2025	13	2	3	0,1	2	12	5	14	
07/04/2025	14	2	3	0,1	1	11	5	13	
07/04/2025	15	2	3	0,1	1	12	5	14	
07/04/2025	16	2	3	0,1	1	12	5	13	
07/04/2025	17	2	3	0,1	1	14	5	15	
07/04/2025	18	3	3	0,1	1	25	6	27	
07/04/2025	19	5	3	0,2	1	25	7	27	
07/04/2025	20	4	3	0,2	1	18	6	19	
07/04/2025	21	3	3	0,1	1	20	5	22	
07/04/2025	22	4	3	0,1	2	35	6	37	
07/04/2025	23	4	3	0,1	1	23	6	25	
08/04/2025	00	4	3	0,2	1	13	5	15	
08/04/2025	01	4	3	0,1	1	13	6	14	
08/04/2025	02	4	3	0,1	1	13	6	14	
08/04/2025	03	4	3	0,1	1	13	7	14	
08/04/2025	04	4	3	0,1	1	31	6	32	
08/04/2025	05	4	3	0,1	3	36	6	40	
08/04/2025	06	5	3	0,1	14	62	7	83	
08/04/2025	07	5	3	0,1	3	31	7	35	
08/04/2025	08	5	3	0,1	1	17	8	19	
08/04/2025	09	6	3	0,1	1	13	10	14	
08/04/2025	10	6	3	0,1	1	9	9	10	
08/04/2025	11	5	3	0,1	1	9	9	9	
08/04/2025	12	5	3	0,1	1	9	8	9	
08/04/2025	13	4	3	0,1	1	10	8	10	
08/04/2025	14	4	3	0,1	1	9	8	9	
08/04/2025	15	4	3	0,1	1	9	8	9	
08/04/2025	16	4	3	0,1	1	10	6	10	
08/04/2025	17	4	3	0,1	1	11	6	11	
08/04/2025	18	6	3	0,1	1	15	9	15	
08/04/2025	19	6	3	0,1	1	16	9	16	
08/04/2025	20	6	3	0,1	1	30	9	30	
08/04/2025	21	6	3	0,1	2	42	8	44	
08/04/2025	22	7	3	0,1	2	45	9	48	
08/04/2025	23	6	3	0,1	2	40	9	43	
09/04/2025	00	7	3	0,1	2	40	10	43	
09/04/2025	01	10	3	0,1	1	25	15	26	
09/04/2025	02	11	3	0,1	1	24	16	25	
09/04/2025	03	18	5	0,1	1	31	26	32	
09/04/2025	04	16	5	0,1	1	28	23	29	
09/04/2025	05	16	5	0,1	6	51	23	60	
09/04/2025	06	22	8	0,1	11	57	33	73	
09/04/2025	07	25	10	0,1	6	50	36	60	
09/04/2025	08	23	12	0,1	3	37	33	42	
09/04/2025	09	20	12	0,1	2	28	29	31	
09/04/2025	10	12	11	0,1	2	20	18	22	
09/04/2025	11	7	7	0,1	1	13	11	14	
09/04/2025	12	5	6	0,1	1	12	8	12	
09/04/2025	13	7	6	0,1	1	12	9	12	
09/04/2025	14	7	6	0,1	1	13	10	13	
09/04/2025	15	4	5	0,1	1	12	7	12	
09/04/2025	16	3	5	0,1	1	12	5	12	
09/04/2025	17	3	5	0,1	1	13	5	13	
09/04/2025	18	4	5	0,1	1	14	7	14	
09/04/2025	19	5	5	0,1	1	14	8	14	
09/04/2025	20	5	5	0,1	1	43	8	45	
09/04/2025	21	5	5	0,1	1	34	7	36	
09/04/2025	22	5	5	0,1	1	38	7	39	
09/04/2025	23	6	5	0,1	1	23	8	24	
10/04/2025	00	5	5	0,1	1	16	8	16	
10/04/2025	01	5	5	0,1	1	16	8	16	
10/04/2025	02	5	5	0,1	2	23	8	24	
10/04/2025	03	5	5	0,1	1	19	7	19	
10/04/2025	04	6	5	0,1	1	22	9	23	
10/04/2025	05	8	5	0,1	1	24	12	25	
10/04/2025	06	14	10	0,1	6	65	20	73	
10/04/2025	07	9	10	0,1	4	46	14	52	
10/04/2025	08	7	7	0,1	2	21	10	23	
10/04/2025	09	4	6	0,1	1	15	7	16	
10/04/2025	10	5	5	0,1	1	14	8	14	
10/04/2025	11	4	5	0,1	1	12	7	12	
10/04/2025	12	3	5	0,1	1	10	5	10	
10/04/2025	13	3	6	0,1	1	10	5	10	
10/04/2025	14	3	5	0,1	1	10	5	10	
10/04/2025	15	3	5	0,1	1	11	5	11	
10/04/2025	16	3	5	0,1	1	11	5	11	
10/04/2025	17	3	5	0,1	1	12	5	12	
10/04/2025	18	4	6	0,1	1	13	6	13	
10/04/2025	19	4	6	0,1	1	14	6	14	
10/04/2025	20	4	5	0,1	1	21	7	22	
10/04/2025	21	5	5	0,1	1	22	7	22	
10/04/2025	22	5	5	0,1	1	21	7	22	
10/04/2025	23	4	5	0,1	1	25	7	26	
11/04/2025	00	4	6	0,1	1	42	7	43	
11/04/2025	01	4	6	0,1	1	29	6	30	
11/04/2025	02	5	6	0,1	1	23	7	24	
11/04/2025	03	6	6	0,1	1	15	8	16	
11/04/2025	04	5	6	0,1	1	25	8	26	
11/04/2025	05	5	6	0,1	1	17	7	18	
11/04/2025	06	5	6	0,1	1	23	7	24	
11/04/2025	07	5	6	0,1	1	22	7	24	
11/04/2025	08	4	6	0,1	1	15	6	15	
11/04/2025	09	5	6	0,1	2	22	8	24	
11/04/2025	12	3	3	0,1	2	9	5	12	95
11/04/2025	13	3	3	0,1	2	8	5	11	96
11/04/2025	14	3	4	0,1	2	9	6	12	95
11/04/2025	15	4	4	0,1	2	11	6	14	96
11/04/2025	16	3	4	0,1	2	13	6	16	95
11/04/2025	17	4	3	0,1	2	14	7	17	96
11/04/2025	18	4	4	0,1	2	14	7	17	95
11/04/2025	19	4	4	0,1	2	17	7	21	87
11/04/2025	20	5	4	0,1	2	16	8	19	94
11/04/2025	21	6	4	0,1	2	13	9	16	96
11/04/2025	22	5	4	0,1	2	22	8	25	80
11/04/2025	23	6	4	0,1	2	30	8	34	57
12/04/2025	00	6	4	0,1	2	19	9	23	64
12/04/2025	01	6	4	0,1	2	15	9	17	83
12/04/2025	02	6	4	0,1	2	24	8	27	54
12/04/2025	03	7	5	0,1	2	31	10	34	45
12/04/2025	04	7	6	0,1	3	41	10	46	29
12/04/2025	05	6	5	0,1	5	41	8	48	24
12/04/2025	06	8	6	0,1	6	40	11	49	27
12/04/2025	07	7	6	0,1	7	43	10	54	28
12/04/2025	08	8	9	0,1	7	33	13	44	49
12/04/2025	09	9	12	0,1	4	25	14	30	70
12/04/2025	10	10	13	0,1	4	28	16	34	63
12/04/2025	11	7	11	0,1	3	19	12	23	81
12/04/2025	12	7	11	0,1	3	18	11	22	88
12/04/2025	13	7	10	0,1	3	17	11	21	94
12/04/2025	14	8	10	0,1	3	18	13	22	90
12/04/2025	15	10	7	0,1	2	19	15	22	87
12/04/2025	16	9	7	0,1	2	21	14	24	91
12/04/2025	17	11	6	0,1	2	21	16	24	92
12/04/2025	18	13	6	0,1	2	23	19	26	90
12/04/2025	19	12	6	0,1	2	19	18	22	93
12/04/2025	20	11	6	0,1	2	19	16	22	91
12/04/2025	21	11	6	0,1	2	21	16	24	83
12/04/2025	22	13	6	0,1	2	27	18	30	63
12/04/2025	23	14	6	0,1	2	31	20	35	44
13/04/2025	00	18	6	0,1	2	32	26	36	40
13/04/2025	01	19	6	0,1	3	36	28	39	33
13/04/2025	02	19	7	0,1	3	40	27	44	24
13/04/2025	03	19	7	0,1	3	42	28	46	18
13/04/2025	04	18	7	0,1	3	32	27	36	23
13/04/2025	05	18	7	0,1	4	30	26	36	21
13/04/2025	06	19	7	0,1	8	40	26	52	17
13/04/2025	07	16	10	0,1	9	44	24	58	23
13/04/2025	08	14	13	0,1	7	36	20	46	45
13/04/2025	09	12	10	0,1	4	28	18	34	57
13/04/2025	10	11	8	0,1	2	19	16	22	77
13/04/2025	11	11	7	0,1	2	18	17	21	85
13/04/2025	12	11	7	0,1	2	18	16	21	90
13/04/2025	13	10	6	0,1	2	18	14	21	94
13/04/2025	14	6	6	0,1	2	18	9	20	97
13/04/2025	15	8	6	0,1	2	17	11	20	98
13/04/2025	16	7	6	0,1	2	17	10	20	98
13/04/2025	17	7	6	0,1	2	18	10	20	100
13/04/2025	18	7	6	0,1	2	20	10	22	96
13/04/2025	19	8	6	0,1	2	19	12	21	92
13/04/2025	20	8	6	0,1	2	35	12	38	54
13/04/2025	21	7	6	0,1	3	35	11	38	56
13/04/2025	22	8	6	0,1	3	30	11	33	54
13/04/2025	23	7	6	0,1	2	29	10	32	47
14/04/2025	00	8	6	0,1	2	20	11	23	72
14/04/2025	01	8	6	0,1	2	17	12	20	80
14/04/2025	02	9	6	0,1	2	17	13	20	75
14/04/2025	03	10	6	0,1	2	19	14	22	60
14/04/2025	04	9	6	0,1	3	27	13	31	46
14/04/2025	05	8	6	0,1	2	22	12	25	61
14/04/2025	06	8	6	0,1	3	25	12	29	69
14/04/2025	07	10	6	0,1	3	32	14	37	54
14/04/2025	08	10	6	0,1	4	34	16	39	52
14/04/2025	09	12	6	0,1	5	35	18	42	54
14/04/2025	10	10	10	0,1	6	38	17	47	65
14/04/2025	11	8	10	0,1	4	30	14	36	80
14/04/2025	12	7	7	0,1	2	16	11	19	98
14/04/2025	13	7	7	0,1	2	19	10	21	99
14/04/2025	14	7	7	0,1	2	19	11	22	102
14/04/2025	15	10	6	0,1	2	20	14	22	103
14/04/2025	16	7	7	0,1	2	22	10	24	101
14/04/2025	17	7	7	0,1	2	21	11	23	102
14/04/2025	18	8	7	0,1	2	21	11	23	101
14/04/2025	19	8	7	0,1	2	22	12	25	92
14/04/2025	20	9	7	0,1	2	36	12	40	63
14/04/2025	21	10	7	0,1	3	40	14	44	50
14/04/2025	22	11	7	0,1	4	52	16	58	25
14/04/2025	23	12	7	0,1	2	38	16	42	42
15/04/2025	00	13	8	0,1	2	41	19	45	39
15/04/2025	01	12	8	0,1	2	33	17	37	43
15/04/2025	02	13	9	0,1	3	35	20	38	36
15/04/2025	03	9	9	0,1	3	39	13	44	20
15/04/2025	04	7	11	0,1	4	40	10	46	21
15/04/2025	05	4	11	0,1	3	33	6	38	34
15/04/2025	06	2	15	0,1	3	33	3	37	47
15/04/2025	07	2	11	0,1	4	32	5	38	52
15/04/2025	08	3	10	0,1	4	27	6	33	59
15/04/2025	09	3	13	0,1	5	24	7	31	65
15/04/2025	10	1	11	0,1	3	14	5	18	77
15/04/2025	11	2	9	0,1	2	10	10	14	81
15/04/2025	12	1	9	0,1	2	8	2	11	83
15/04/2025	13	2	9	0,1	2	6	10	9	91
15/04/2025	14	3	8	0,1	2	3	11	6	91
15/04/2025	15	3	8	0,1	2	4	13	7	95
15/04/2025	16	2	8	0,1	2	5	7	8	90
15/04/2025	17	1	9	0,1	2	7	2	11	88
15/04/2025	18	1	9	0,1	2	9	1	12	88
15/04/2025	19	1	7	0,1	2	10	1	13	83
15/04/2025	20	1	7	0,1	2	7	1	9	81
15/04/2025	21	1	7	0,1	2	12	1	15	70
15/04/2025	22	1	6	0,1	2	16	1	19	56
15/04/2025	23	1	7	0,1	2	6	1	9	77
16/04/2025	00	1	8	0,1	2	7	1	10	79
16/04/2025	01	1	8	0,1	2	12	1	15	72
16/04/2025	02	1	10	0,1	2	15	1	17	63
16/04/2025	03	1	11	0,1	2	9	1	11	74
16/04/2025	04	1	7	0,1	2	3	1	6	83
16/04/2025	05	1	7	0,1	2	2	1	4	84
16/04/2025	06	1	7	0,1	3	13	1	16	69
16/04/2025	07	1	7	0,1	2	2	1	5	90
16/04/2025	08	1	7	0,1	3	1	1	5	90
16/04/2025	09	1	7	0,1	3	1	1	4	91
16/04/2025	10	1	7	0,1	2	2	1	4	90
16/04/2025	11	1	4	0,1	2	2	1	5	94
16/04/2025	12	1	3	0,1	2	1	2	4	97
16/04/2025	13	1	3	0,1	2	1	1	3	100
16/04/2025	14	1	3	0,1	2	1	2	3	101
16/04/2025	15	1	3	0,1	2	1	2	4	103
16/04/2025	16	1	3	0,1	2	5	2	7	102
16/04/2025	17	1	3	0,1	2	5	2	8	103
16/04/2025	18	1	3	0,1	2	6	2	9	104
16/04/2025	19	1	3	0,1	2	25	2	28	79
16/04/2025	20	1	3	0,1	4	55	1	61	35
16/04/2025	21	1	3	0,1	2	17	1	20	79
16/04/2025	22	1	3	0,1	4	44	2	50	41
16/04/2025	23	1	3	0,1	2	22	1	25	62
17/04/2025	00	1	3	0,1	2	19	1	22	58
17/04/2025	01	1	3	0,1	2	23	1	26	48
17/04/2025	02	1	3	0,1	2	19	1	22	56
17/04/2025	03	1	3	0,1	2	19	1	23	56
17/04/2025	04	1	3	0,1	2	8	1	11	73
17/04/2025	05	1	3	0,1	2	7	1	10	76
17/04/2025	06	1	3	0,1	3	14	1	18	72
17/04/2025	07	1	3	0,1	5	24	2	30	58
17/04/2025	08	1	3	0,1	2	7	1	10	79
17/04/2025	09	1	3	0,1	3	8	2	12	78
17/04/2025	10	1	3	0,1	3	6	2	9	85
17/04/2025	11	1	5	0,1	3	7	3	11	96
17/04/2025	12	1	3	0,1	2	7	3	11	104
17/04/2025	13	1	3	0,1	2	4	2	7	106
17/04/2025	14	1	3	0,1	2	3	2	6	105
17/04/2025	15	1	3	0,1	2	3	2	6	108
17/04/2025	16	1	3	0,1	2	4	2	7	109
17/04/2025	17	1	3	0,1	2	6	2	9	108
17/04/2025	18	1	3	0,1	2	7	2	10	109
17/04/2025	19	1	3	0,1	3	28	3	32	77
17/04/2025	20	2	3	0,1	3	22	3	25	80
17/04/2025	21	2	3	0,1	2	14	2	17	92
17/04/2025	22	2	3	0,1	3	36	3	40	57
17/04/2025	23	2	3	0,1	3	42	3	48	43
18/04/2025	00	2	3	0,1	3	37	3	41	50
18/04/2025	01	3	3	0,1	4	51	4	57	39
18/04/2025	02	2	3	0,1	5	53	3	60	31
18/04/2025	03	2	3	0,1	3	32	3	36	49
18/04/2025	04	2	3	0,1	4	39	3	45	37
18/04/2025	05	2	3	0,1	4	44	3	51	30
18/04/2025	06	2	3	0,1	9	47	3	61	26
18/04/2025	07	2	3	0,1	5	29	3	37	48
18/04/2025	08	2	3	0,1	3	14	3	18	86
18/04/2025	09	2	3	0,1	4	17	4	23	78
18/04/2025	10	2	3	0,1	4	17	4	22	81
18/04/2025	11	1	3	0,1	2	8	3	11	99
18/04/2025	12	1	3	0,1	2	7	4	9	110
18/04/2025	13	2	3	0,1	2	7	5	10	107
18/04/2025	14	2	3	0,1	2	7	3	9	105
18/04/2025	15	3	3	0,1	2	10	4	12	103
18/04/2025	16	2	3	0,1	2	13	4	16	104
18/04/2025	17	2	3	0,1	2	16	4	19	100
18/04/2025	18	3	3	0,1	2	17	5	19	97
18/04/2025	19	4	3	0,1	2	19	6	22	91
18/04/2025	20	3	3	0,1	3	43	5	48	40
18/04/2025	21	2	3	0,1	4	51	3	57	31
18/04/2025	22	3	3	0,1	3	31	4	35	56
18/04/2025	23	5	3	0,1	2	16	7	20	81
19/04/2025	00	4	3	0,1	2	22	5	24	63
19/04/2025	01	4	3	0,1	3	33	6	38	49
19/04/2025	02	4	3	0,1	2	20	6	23	68
19/04/2025	03	3	3	0,1	2	23	5	27	50
19/04/2025	04	3	3	0,1	4	29	4	35	32
19/04/2025	05	3	3	0,1	3	25	5	31	32
19/04/2025	06	3	3	0,1	5	31	5	39	25
19/04/2025	07	6	3	0,1	4	24	9	30	54
19/04/2025	08	7	6	0,1	4	22	10	27	66
19/04/2025	09	5	5	0,1	3	21	9	25	78
19/04/2025	10	2	3	0,1	2	13	9	16	75
19/04/2025	11	2	3	0,1	2	8	8	11	75
19/04/2025	12	1	3	0,1	2	6	5	9	85
19/04/2025	13	2	3	0,1	2	3	10	6	93
19/04/2025	14	1	3	0,1	2	1	5	3	102
19/04/2025	15	1	3	0,1	2	1	2	3	98
19/04/2025	16	1	3	0,1	2	1	1	4	95
19/04/2025	17	1	3	0,1	2	3	4	5	92
19/04/2025	18	2	3	0,1	2	5	8	8	87
19/04/2025	19	1	3	0,1	2	3	1	6	89
19/04/2025	20	1	3	0,1	2	5	1	8	90
19/04/2025	21	1	3	0,1	2	14	1	17	76
19/04/2025	22	1	3	0,1	2	18	1	21	70
19/04/2025	23	1	3	0,1	2	20	4	22	57
20/04/2025	00	1	3	0,1	2	18	3	21	57
20/04/2025	01	2	3	0,1	2	13	6	16	65
20/04/2025	02	2	3	0,1	2	12	9	15	68
20/04/2025	03	3	3	0,1	2	16	9	18	53
20/04/2025	04	2	3	0,1	2	11	3	14	57
20/04/2025	05	1	3	0,1	2	11	2	14	56
20/04/2025	06	2	3	0,1	4	24	3	30	36
20/04/2025	07	2	5	0,1	6	21	4	30	40
20/04/2025	08	1	5	0,1	4	12	3	18	59
20/04/2025	09	1	7	0,1	4	11	3	16	68
20/04/2025	10	1	4	0,1	3	6	2	10	77
20/04/2025	11	1	3	0,1	2	2	1	5	84
20/04/2025	12	1	3	0,1	2	2	1	4	88
20/04/2025	13	1	3	0,1	2	2	1	5	91
20/04/2025	14	1	3	0,1	2	5	1	8	90
20/04/2025	15	1	3	0,1	2	6	1	9	92
20/04/2025	16	1	3	0,1	2	7	1	10	94
20/04/2025	17	1	3	0,1	2	3	2	5	97
20/04/2025	18	1	3	0,1	2	4	1	6	95
20/04/2025	19	1	3	0,1	3	23	2	28	69
20/04/2025	20	1	3	0,1	3	41	2	46	40
20/04/2025	21	1	3	0,1	3	30	2	35	45
20/04/2025	22	1	3	0,1	2	21	1	25	60
20/04/2025	23	1	3	0,1	2	20	1	23	58
21/04/2025	00	1	4	0,1	2	18	1	21	57
21/04/2025	01	1	4	0,1	2	22	1	25	46
21/04/2025	02	1	3	0,1	2	15	1	17	45
21/04/2025	03	1	3	0,1	3	16	1	20	43
21/04/2025	04	1	3	0,1	3	18	1	21	42
21/04/2025	05	1	3	0,1	3	18	1	22	42
21/04/2025	06	1	3	0,1	4	17	1	22	48
21/04/2025	07	1	3	0,1	4	16	1	22	51
21/04/2025	08	1	3	0,1	3	14	2	19	65
21/04/2025	09	1	3	0,1	3	10	2	14	73
21/04/2025	10	1	3	0,1	2	5	2	9	75
21/04/2025	11	1	3	0,1	2	4	1	7	79
21/04/2025	12	1	3	0,1	2	3	1	6	84
21/04/2025	13	1	3	0,1	2	7	2	10	88
21/04/2025	14	1	3	0,1	2	8	2	10	95
21/04/2025	15	1	3	0,1	2	8	1	11	90
21/04/2025	16	1	3	0,1	2	9	2	11	87
21/04/2025	17	1	3	0,1	2	10	1	12	89
21/04/2025	18	1	3	0,1	2	12	2	14	95
21/04/2025	19	1	3	0,1	2	15	2	18	91
21/04/2025	20	1	3	0,1	3	41	2	44	50
21/04/2025	21	2	3	0,1	3	46	2	50	46
21/04/2025	22	1	3	0,1	3	33	2	36	49
21/04/2025	23	1	3	0,1	2	30	2	33	50
22/04/2025	00	1	3	0,1	2	24	2	28	58
22/04/2025	01	1	3	0,1	2	23	2	26	57
22/04/2025	02	1	3	0,1	2	21	2	24	62
22/04/2025	03	2	3	0,1	2	25	3	28	48
22/04/2025	04	2	3	0,1	3	24	3	28	40
22/04/2025	05	2	3	0,1	4	36	3	42	30
22/04/2025	06	2	3	0,1	9	46	3	59	24
22/04/2025	07	2	3	0,1	6	36	3	46	36
22/04/2025	08	2	3	0,1	4	26	4	32	48
22/04/2025	09	2	3	0,1	6	31	3	39	52
22/04/2025	10	1	3	0,1	4	23	2	29	61
22/04/2025	11	1	3	0,1	3	20	2	24	79
22/04/2025	12	2	3	0,1	2	14	3	17	87
22/04/2025	13	3	3	0,1	2	16	4	19	88
22/04/2025	14	2	3	0,1	2	20	3	23	78
22/04/2025	15	2	3	0,1	2	20	3	24	76
22/04/2025	16	2	3	0,1	2	23	3	26	74
22/04/2025	17	3	3	0,1	3	28	4	31	60
22/04/2025	18	3	3	0,1	2	25	5	28	63
22/04/2025	19	7	3	0,1	3	38	10	42	49
22/04/2025	20	12	3	0,1	8	63	19	75	16
22/04/2025	21	10	3	0,1	14	57	15	78	10
22/04/2025	22	5	3	0,1	9	46	8	59	11
22/04/2025	23	3	3	0,1	4	40	5	46	22
23/04/2025	00	2	3	0,1	2	17	4	20	68
23/04/2025	01	2	3	0,1	2	24	4	28	44
23/04/2025	02	2	3	0,1	3	28	4	33	34
23/04/2025	03	2	3	0,1	3	26	4	30	35
23/04/2025	04	1	3	0,1	2	11	2	15	69
23/04/2025	05	1	3	0,1	3	16	2	21	65
23/04/2025	06	2	3	0,1	5	30	3	38	44
23/04/2025	07	2	3	0,1	12	40	3	58	36
23/04/2025	08	2	3	0,1	6	24	8	32	62
23/04/2025	09	2	3	0,1	4	17	6	23	75
23/04/2025	10	2	3	0,1	5	18	6	25	79
23/04/2025	11	2	3	0,1	5	19	6	26	82
23/04/2025	12	2	3	0,1	3	12	5	17	87
23/04/2025	13	2	3	0,1	3	12	4	17	89
23/04/2025	14	1	3	0,1	3	11	3	15	99
23/04/2025	15	1	3	0,1	2	11	3	14	106
23/04/2025	16	1	3	0,1	2	10	2	13	106
23/04/2025	17	1	3	0,1	2	10	2	12	107
23/04/2025	18	1	3	0,1	2	12	3	15	103
23/04/2025	19	2	3	0,1	2	23	4	26	84
23/04/2025	20	3	3	0,1	2	28	4	31	70
23/04/2025	21	1	3	0,1	2	23	2	26	80
23/04/2025	22	1	3	0,1	3	33	2	37	62
23/04/2025	23	2	3	0,1	3	31	3	35	54
24/04/2025	00	2	3	0,1	2	26	2	29	57
24/04/2025	01	2	3	0,1	2	24	2	27	55
24/04/2025	02	2	3	0,1	2	20	3	23	49
24/04/2025	03	2	3	0,1	3	29	3	34	34
24/04/2025	04	2	3	0,1	4	28	3	34	33
24/04/2025	05	2	3	0,1	6	39	3	48	25
24/04/2025	06	2	3	0,1	15	51	3	74	21
24/04/2025	07	2	3	0,1	7	28	3	38	43
24/04/2025	08	2	3	0,1	4	20	5	26	68
24/04/2025	09	2	3	0,1	3	16	3	21	73
24/04/2025	10	2	5	0,1	4	19	5	25	74
24/04/2025	12	4	8	0,1	5	22	10	29	77
24/04/2025	13	3	4	0,1	3	18	5	23	84
24/04/2025	14	2	3	0,1	2	14	4	18	96
24/04/2025	15	2	3	0,1	2	14	4	17	102
24/04/2025	16	2	3	0,1	2	15	4	18	112
24/04/2025	17	2	3	0,1	2	15	4	18	109
24/04/2025	18	2	3	0,1	2	16	4	19	106
24/04/2025	19	3	3	0,1	2	22	5	24	89
24/04/2025	20	4	3	0,1	2	31	6	34	67
24/04/2025	21	3	3	0,1	2	27	5	30	64
24/04/2025	22	3	3	0,1	2	26	6	29	80
24/04/2025	23	3	3	0,1	3	48	5	52	45
25/04/2025	00	3	3	0,1	3	40	5	44	37
25/04/2025	01	3	3	0,1	3	41	5	45	29
25/04/2025	02	4	3	0,1	3	36	6	41	24
25/04/2025	03	5	3	0,1	3	29	8	33	39
25/04/2025	04	6	3	0,1	2	32	10	36	39
25/04/2025	05	6	3	0,1	12	53	9	70	15
25/04/2025	06	6	3	0,1	25	60	10	99	8
25/04/2025	07	8	3	0,1	12	40	12	58	39
25/04/2025	08	9	3	0,1	3	22	14	26	72
25/04/2025	09	8	3	0,1	2	21	12	25	76
25/04/2025	10	5	3	0,1	2	18	8	21	83
25/04/2025	11	5	3	0,1	2	16	7	19	88
25/04/2025	12	3	3	0,1	2	17	5	19	97
25/04/2025	13	2	3	0,1	2	17	4	20	98
25/04/2025	14	2	3	0,1	2	16	3	19	98
25/04/2025	15	2	3	0,1	2	17	3	19	96
25/04/2025	16	2	3	0,1	2	17	3	19	93
25/04/2025	17	2	3	0,1	2	17	2	20	95
25/04/2025	18	2	3	0,1	2	19	3	21	92
25/04/2025	19	2	3	0,1	2	20	3	22	89
25/04/2025	20	2	3	0,1	2	44	4	47	51
25/04/2025	21	2	3	0,1	2	34	4	37	59
25/04/2025	22	2	3	0,1	2	30	4	32	61
25/04/2025	23	3	3	0,1	3	40	4	44	41
26/04/2025	00	2	3	0,1	2	37	4	40	53
26/04/2025	01	4	3	0,1	2	29	5	32	68
26/04/2025	02	3	3	0,1	2	26	5	29	55
26/04/2025	03	8	5	0,1	2	36	12	39	49
26/04/2025	04	7	4	0,1	3	37	10	41	34
26/04/2025	05	6	3	0,1	6	44	9	53	21
26/04/2025	06	5	4	0,1	9	46	8	60	16
26/04/2025	07	6	6	0,1	6	37	10	46	40
26/04/2025	08	7	13	0,1	7	42	12	52	49
26/04/2025	09	9	11	0,1	7	45	17	57	56
26/04/2025	10	4	7	0,1	3	28	7	33	73
26/04/2025	11	2	4	0,1	2	20	4	23	85
26/04/2025	12	2	3	0,1	2	20	3	23	91
26/04/2025	13	2	3	0,1	2	21	3	24	85
26/04/2025	14	2	3	0,1	2	21	4	23	81
26/04/2025	15	1	3	0,1	2	17	3	20	83
26/04/2025	16	1	3	0,1	2	16	3	19	87
26/04/2025	17	1	3	0,1	2	15	3	17	88
26/04/2025	18	2	3	0,1	2	14	4	17	88
26/04/2025	19	5	3	0,1	2	22	7	25	90
26/04/2025	20	7	3	0,1	2	24	11	27	101
26/04/2025	21	3	3	0,1	2	18	4	21	81
26/04/2025	22	1	3	0,1	2	9	1	12	76
26/04/2025	23	1	3	0,1	2	8	1	11	79
27/04/2025	00	1	4	0,1	2	11	1	14	76
27/04/2025	01	1	3	0,1	2	4	1	7	82
27/04/2025	02	1	3	0,1	2	1	1	4	85
27/04/2025	03	1	3	0,1	2	1	1	4	86
27/04/2025	04	1	3	0,1	2	3	1	5	86
27/04/2025	05	1	3	0,1	2	6	1	9	81
27/04/2025	06	1	3	0,1	3	15	1	19	63
27/04/2025	07	1	3	0,1	2	9	1	12	76
27/04/2025	08	1	3	0,1	2	8	1	11	87
27/04/2025	09	1	3	0,1	2	7	1	10	88
27/04/2025	10	1	3	0,1	2	10	1	13	87
27/04/2025	11	1	3	0,1	2	7	1	10	92
27/04/2025	12	1	3	0,1	2	6	1	8	92
27/04/2025	13	1	3	0,1	2	6	1	8	95
27/04/2025	14	1	3	0,1	2	6	1	9	96
27/04/2025	15	1	3	0,1	2	6	1	9	98
27/04/2025	16	1	3	0,2	2	7	1	10	97
27/04/2025	17	1	3	0,1	2	9	1	11	98
27/04/2025	18	1	3	0,1	2	11	2	13	95
27/04/2025	19	1	3	0,1	2	14	2	16	89
27/04/2025	20	1	3	0,1	3	39	2	44	49
27/04/2025	21	1	3	0,1	2	26	2	29	57
27/04/2025	22	1	3	0,1	2	25	2	28	61
27/04/2025	23	1	3	0,1	2	21	2	25	64
28/04/2025	00	1	3	0,1	2	14	2	17	72
28/04/2025	01	1	3	0,1	2	17	1	20	64
28/04/2025	02	1	3	0,1	2	26	2	29	56
28/04/2025	03	2	5	0,1	2	35	3	38	46
28/04/2025	04	1	3	0,1	2	19	2	23	58
28/04/2025	05	1	3	0,1	3	27	2	32	50
28/04/2025	06	2	4	0,1	5	36	3	44	45
28/04/2025	07	2	5	0,1	5	32	3	39	54
28/04/2025	08	2	3	0,1	5	26	5	33	68
28/04/2025	09	3	3	0,1	3	19	6	23	85
28/04/2025	10	2	3	0,2	3	17	4	21	88
28/04/2025	11	2	4	0,1	4	21	6	27	89
28/04/2025	19	2	10				3		67
28/04/2025	20	2	4				3		42
28/04/2025	21	2	3				3		46
28/04/2025	22	2	3				3		53
28/04/2025	23	2	3				3		53
29/04/2025	00	2	3				3		60
29/04/2025	01	2	3				3		62
29/04/2025	02	2	3				3		77
29/04/2025	03	2	3				4		71
29/04/2025	04	3	3				4		65
29/04/2025	05	4	3				7		57
29/04/2025	06	4	3				6		64
29/04/2025	07	3	3				5		74
29/04/2025	08	3	3				4		76
29/04/2025	09	3	3				4		80
29/04/2025	10	2	3				3		98
29/04/2025	11	2	3				3		103
29/04/2025	12	2	3				3		105
29/04/2025	13	1	3				2		106
29/04/2025	14	1	3				2		104
29/04/2025	15	1	3				2		104
29/04/2025	16	1	3				2		104
29/04/2025	17	2	3				3		106
29/04/2025	18	2	3				3		102
29/04/2025	19	2	3				3		98
29/04/2025	20	2	3				4		94
29/04/2025	21	2	3				4		89
29/04/2025	22	2	3				3		85
29/04/2025	23	2	3				4		85
30/04/2025	00	3	3				4		86
30/04/2025	01	3	3				5		89
30/04/2025	02	3	3				5		86
30/04/2025	03	3	4				5		84
30/04/2025	04	3	4				5		81
30/04/2025	05	3	4				5		82
30/04/2025	06	4	4				6		80
30/04/2025	07	3	4				5		83
30/04/2025	08	3	3				5		83
30/04/2025	09	3	4				5		89
30/04/2025	10	2	4				4		94
30/04/2025	11	2	3				4		98
30/04/2025	12	2	4				4		101
30/04/2025	13	2	5				3		102
30/04/2025	14	2	4				3		98
30/04/2025	15	2	4				4		94
30/04/2025	16	2	4				4		93
30/04/2025	17	2	4				4		90
30/04/2025	18	3	4				5		88
30/04/2025	19	4	5				6		87
30/04/2025	20	4	4				6		87
30/04/2025	21	4	4				6		84
30/04/2025	22	4	4				6		84
30/04/2025	23	4	5				6		85
