Red: Red de Vigilancia y Control de la Contaminación Atmosférica
Estación: 03014014-Alacant AP D.Pesquera
	
FECHA	HORA	PM2.5	PM10
		µg/m³	µg/m³
01/01/2025	00	20	23
01/01/2025	01	13	24
01/01/2025	02	9	19
01/01/2025	03	10	20
01/01/2025	04	6	17
01/01/2025	05	7	18
01/01/2025	06	6	17
01/01/2025	07	4	15
01/01/2025	08	6	17
01/01/2025	09	6	16
01/01/2025	10	8	18
01/01/2025	11	8	18
01/01/2025	12	6	17
01/01/2025	13	5	16
01/01/2025	14	2	13
01/01/2025	15	2	12
01/01/2025	16	2	12
01/01/2025	17	4	15
01/01/2025	18	7	19
01/01/2025	19	8	19
01/01/2025	20	12	24
01/01/2025	21	13	24
01/01/2025	22	13	24
01/01/2025	23	17	27
02/01/2025	00	11	22
02/01/2025	01	16	27
02/01/2025	02	16	27
02/01/2025	03	12	23
02/01/2025	04	8	19
02/01/2025	05	9	20
02/01/2025	06	11	22
02/01/2025	07	8	20
02/01/2025	08	9	21
02/01/2025	09	17	30
02/01/2025	10	13	25
02/01/2025	11	4	15
02/01/2025	12	3	13
02/01/2025	13	4	15
02/01/2025	14	4	15
02/01/2025	15	4	15
02/01/2025	16	5	16
02/01/2025	17	6	17
02/01/2025	18	5	16
02/01/2025	19	7	18
02/01/2025	20	12	23
02/01/2025	21	14	25
02/01/2025	22	10	21
02/01/2025	23	9	20
03/01/2025	00	5	16
03/01/2025	01	6	17
03/01/2025	02	6	17
03/01/2025	03	5	16
03/01/2025	04	5	16
03/01/2025	05	4	15
03/01/2025	06	3	14
03/01/2025	07	3	14
03/01/2025	08	3	14
03/01/2025	09	3	15
03/01/2025	10	3	15
03/01/2025	11	3	15
03/01/2025	12	3	15
03/01/2025	13	3	14
03/01/2025	14	3	14
03/01/2025	15	3	14
03/01/2025	16	3	15
03/01/2025	17	4	17
03/01/2025	18	4	18
03/01/2025	19	4	19
03/01/2025	20	3	17
03/01/2025	21	5	18
03/01/2025	22	6	17
03/01/2025	23	7	18
04/01/2025	00	6	17
04/01/2025	01	5	17
04/01/2025	02	4	15
04/01/2025	03	4	15
04/01/2025	04	4	16
04/01/2025	05	4	15
04/01/2025	06	5	16
04/01/2025	07	5	16
04/01/2025	08	5	16
04/01/2025	09	5	17
04/01/2025	10	6	18
04/01/2025	11	4	16
04/01/2025	12	3	14
04/01/2025	13	3	14
04/01/2025	14	3	14
04/01/2025	15	4	15
04/01/2025	16	5	16
04/01/2025	17	6	17
04/01/2025	18	6	17
04/01/2025	19	9	20
04/01/2025	20	9	22
04/01/2025	21	8	19
04/01/2025	22	8	20
04/01/2025	23	7	18
05/01/2025	00	6	17
05/01/2025	01	6	17
05/01/2025	02	6	17
05/01/2025	03	4	15
05/01/2025	04	3	15
05/01/2025	05	3	15
05/01/2025	06	4	15
05/01/2025	07	3	15
05/01/2025	08	4	15
05/01/2025	09	5	17
05/01/2025	10	7	19
05/01/2025	11	18	29
05/01/2025	12	8	20
05/01/2025	13	12	23
05/01/2025	14	9	20
05/01/2025	15	8	20
05/01/2025	16	9	20
05/01/2025	17	11	22
05/01/2025	18	13	25
05/01/2025	19	18	31
05/01/2025	20	20	34
05/01/2025	21	25	40
05/01/2025	22	21	35
05/01/2025	23	22	35
06/01/2025	00	17	30
06/01/2025	01	17	30
06/01/2025	02	17	29
06/01/2025	03	15	27
06/01/2025	04	16	27
06/01/2025	05	14	26
06/01/2025	06	13	25
06/01/2025	07	13	25
06/01/2025	08	11	25
06/01/2025	09	13	25
06/01/2025	10	13	26
06/01/2025	11	17	29
06/01/2025	12	15	27
06/01/2025	13	9	21
06/01/2025	14	13	25
06/01/2025	15	9	20
06/01/2025	16	1	11
06/01/2025	17	1	11
06/01/2025	18	1	12
06/01/2025	19	1	12
06/01/2025	20	1	12
06/01/2025	21	1	12
06/01/2025	22	1	11
06/01/2025	23	1	12
07/01/2025	00	1	12
07/01/2025	01	1	12
07/01/2025	02	1	12
07/01/2025	03	1	12
07/01/2025	04	1	12
07/01/2025	05	2	12
07/01/2025	06	2	13
07/01/2025	07	2	13
07/01/2025	08	2	12
07/01/2025	09	2	12
07/01/2025	10	2	12
07/01/2025	11	2	14
07/01/2025	12	2	14
07/01/2025	13	2	14
07/01/2025	14	2	13
07/01/2025	15	1	12
07/01/2025	16	1	12
07/01/2025	17	2	13
07/01/2025	18	3	14
07/01/2025	19	2	13
07/01/2025	20	3	13
07/01/2025	21	3	14
07/01/2025	22	3	14
07/01/2025	23	4	15
08/01/2025	00	3	14
08/01/2025	01	3	13
08/01/2025	02	2	12
08/01/2025	03	1	12
08/01/2025	04	2	13
08/01/2025	05	2	13
08/01/2025	06	2	13
08/01/2025	07	3	13
08/01/2025	08	3	14
08/01/2025	09	8	21
08/01/2025	10	18	29
08/01/2025	11	13	25
08/01/2025	12	15	26
08/01/2025	13	12	23
08/01/2025	14	7	18
08/01/2025	15	3	14
08/01/2025	16	3	13
08/01/2025	17	3	13
08/01/2025	18	4	16
08/01/2025	19	5	17
08/01/2025	20	9	21
08/01/2025	21	13	27
08/01/2025	22	14	29
08/01/2025	23	7	19
09/01/2025	00	1	12
09/01/2025	01	1	11
09/01/2025	02	2	13
09/01/2025	03	2	13
09/01/2025	04	3	13
09/01/2025	05	2	13
09/01/2025	06	2	13
09/01/2025	07	2	13
09/01/2025	08	4	16
09/01/2025	09	3	14
09/01/2025	10	2	14
09/01/2025	11	2	15
09/01/2025	12	3	18
09/01/2025	13	3	20
09/01/2025	14	2	16
09/01/2025	15	3	22
09/01/2025	16	3	17
09/01/2025	17	2	16
09/01/2025	18	2	13
09/01/2025	19	2	13
09/01/2025	20	3	16
09/01/2025	21	2	14
09/01/2025	22	2	12
09/01/2025	23	2	13
10/01/2025	01	2	12
10/01/2025	02	2	12
10/01/2025	03	2	13
10/01/2025	04	2	12
10/01/2025	05	2	12
10/01/2025	06	2	13
10/01/2025	07	3	14
10/01/2025	08	3	15
10/01/2025	09	3	15
10/01/2025	10	3	14
10/01/2025	11	2	14
10/01/2025	12	2	14
10/01/2025	13	2	15
10/01/2025	14	2	13
10/01/2025	15	2	13
10/01/2025	16	2	13
10/01/2025	17	2	14
10/01/2025	18	3	14
10/01/2025	19	3	14
10/01/2025	20	3	14
10/01/2025	21	3	15
10/01/2025	22	3	15
10/01/2025	23	4	15
11/01/2025	00	3	15
11/01/2025	01	2	13
11/01/2025	02	3	15
11/01/2025	03	2	13
11/01/2025	04	2	13
11/01/2025	05	2	16
11/01/2025	06	2	18
11/01/2025	07	1	12
11/01/2025	08	1	12
11/01/2025	09	1	12
11/01/2025	10	1	12
11/01/2025	11	1	12
11/01/2025	12	1	13
11/01/2025	13	1	14
11/01/2025	14	1	14
11/01/2025	15	2	16
11/01/2025	16	1	12
11/01/2025	17	1	12
11/01/2025	18	1	12
11/01/2025	19	1	12
11/01/2025	20	1	12
11/01/2025	21	2	12
11/01/2025	22	3	13
11/01/2025	23	3	13
12/01/2025	00	1	11
12/01/2025	01	1	11
12/01/2025	02	1	12
12/01/2025	03	1	13
12/01/2025	04	1	12
12/01/2025	05	0	11
12/01/2025	06	1	11
12/01/2025	07	1	11
12/01/2025	08	1	11
12/01/2025	09	1	12
12/01/2025	10	1	12
12/01/2025	11	1	11
12/01/2025	12	1	12
12/01/2025	13	1	12
12/01/2025	14	1	11
12/01/2025	15	0	11
12/01/2025	16	1	12
12/01/2025	17	1	12
12/01/2025	18	1	12
12/01/2025	19	2	13
12/01/2025	20	2	13
12/01/2025	21	3	14
12/01/2025	22	3	14
12/01/2025	23	4	15
13/01/2025	00	3	14
13/01/2025	01	3	14
13/01/2025	02	3	14
13/01/2025	03	3	14
13/01/2025	04	4	17
13/01/2025	05	4	17
13/01/2025	06	3	15
13/01/2025	07	3	16
13/01/2025	08	4	18
13/01/2025	09	5	19
13/01/2025	10	5	19
13/01/2025	11	5	18
13/01/2025	12	4	15
13/01/2025	13	3	14
13/01/2025	14	3	13
13/01/2025	15	3	13
13/01/2025	16	2	13
13/01/2025	17	3	13
13/01/2025	18	3	13
13/01/2025	19	3	14
13/01/2025	20	7	19
13/01/2025	21	14	26
13/01/2025	22	6	17
13/01/2025	23	6	17
14/01/2025	00	4	15
14/01/2025	01	4	15
14/01/2025	02	4	15
14/01/2025	03	3	14
14/01/2025	04	4	15
14/01/2025	05	5	16
14/01/2025	06	5	16
14/01/2025	07	7	19
14/01/2025	08	11	26
14/01/2025	09	9	25
14/01/2025	10	8	22
14/01/2025	11	5	18
14/01/2025	12	3	14
14/01/2025	13	3	14
14/01/2025	14	3	14
14/01/2025	15	3	14
14/01/2025	16	3	15
14/01/2025	17	3	15
14/01/2025	18	3	15
14/01/2025	19	8	21
14/01/2025	20	10	24
14/01/2025	21	9	21
14/01/2025	22	9	21
14/01/2025	23	10	22
15/01/2025	00	8	20
15/01/2025	01	8	19
15/01/2025	02	8	19
15/01/2025	03	8	19
15/01/2025	04	7	20
15/01/2025	05	7	20
15/01/2025	06	6	19
15/01/2025	07	7	21
15/01/2025	08	9	30
15/01/2025	09	12	37
15/01/2025	10	10	32
15/01/2025	11	17	32
15/01/2025	12	14	26
15/01/2025	13	14	25
15/01/2025	14	5	16
15/01/2025	15	5	16
15/01/2025	16	9	20
15/01/2025	17	6	18
15/01/2025	18	7	20
15/01/2025	19	12	30
15/01/2025	20	22	39
15/01/2025	21	20	35
15/01/2025	22	19	32
15/01/2025	23	18	31
16/01/2025	00	20	35
16/01/2025	01	20	33
16/01/2025	02	16	29
16/01/2025	03	12	24
16/01/2025	04	11	24
16/01/2025	05	10	23
16/01/2025	06	9	23
16/01/2025	07	9	23
16/01/2025	08	10	25
16/01/2025	09	10	24
16/01/2025	10	9	22
16/01/2025	11	8	20
16/01/2025	12	7	18
16/01/2025	13	6	17
16/01/2025	14	4	18
16/01/2025	15	5	16
16/01/2025	16	4	16
16/01/2025	17	3	14
16/01/2025	18	2	13
16/01/2025	19	2	12
16/01/2025	20	3	13
16/01/2025	21	2	13
16/01/2025	22	3	13
16/01/2025	23	1	12
17/01/2025	00	0	11
17/01/2025	01	0	11
17/01/2025	02	0	11
17/01/2025	03	0	11
17/01/2025	04	0	11
17/01/2025	05	0	11
17/01/2025	06	0	11
17/01/2025	07	0	11
17/01/2025	08	1	12
17/01/2025	09	1	12
17/01/2025	10	1	12
17/01/2025	11	1	12
17/01/2025	12	1	12
17/01/2025	13	2	12
17/01/2025	14	1	12
17/01/2025	15	1	12
17/01/2025	16	2	12
17/01/2025	17	1	12
17/01/2025	18	2	13
17/01/2025	19	6	17
17/01/2025	20	4	14
17/01/2025	21	9	20
17/01/2025	22	10	20
17/01/2025	23	8	19
18/01/2025	00	4	15
18/01/2025	01	4	15
18/01/2025	02	4	15
18/01/2025	03	5	16
18/01/2025	04	5	16
18/01/2025	05	6	17
18/01/2025	06	4	16
18/01/2025	07	5	16
18/01/2025	08	4	15
18/01/2025	09	5	16
18/01/2025	10	8	26
18/01/2025	11	4	20
18/01/2025	12	3	15
18/01/2025	13	2	12
18/01/2025	14	2	13
18/01/2025	15	3	13
18/01/2025	16	3	13
18/01/2025	17	3	13
18/01/2025	18	3	13
18/01/2025	19	6	17
18/01/2025	20	12	28
18/01/2025	21	13	29
18/01/2025	22	11	24
18/01/2025	23	10	23
19/01/2025	00	8	19
19/01/2025	01	8	19
19/01/2025	02	8	21
19/01/2025	03	9	20
19/01/2025	04	9	20
19/01/2025	05	9	20
19/01/2025	06	8	19
19/01/2025	07	8	20
19/01/2025	08	10	22
19/01/2025	09	14	29
19/01/2025	10	7	18
19/01/2025	11	4	16
19/01/2025	12	4	15
19/01/2025	13	5	16
19/01/2025	14	6	16
19/01/2025	15	6	16
19/01/2025	16	6	16
19/01/2025	17	6	17
19/01/2025	18	8	19
19/01/2025	19	12	23
19/01/2025	20	23	33
19/01/2025	21	27	39
19/01/2025	22	30	41
19/01/2025	23	18	30
20/01/2025	00	15	27
20/01/2025	01	20	31
20/01/2025	02	17	28
20/01/2025	03	17	28
20/01/2025	04	14	24
20/01/2025	05	14	25
20/01/2025	06	15	26
20/01/2025	07	14	25
20/01/2025	08	14	29
20/01/2025	09	17	35
20/01/2025	10	17	30
20/01/2025	11	22	33
20/01/2025	12	15	26
20/01/2025	13	16	27
20/01/2025	14	14	25
20/01/2025	15	12	23
20/01/2025	16	10	21
20/01/2025	17	6	17
20/01/2025	18	7	18
20/01/2025	19	10	22
20/01/2025	20	17	29
20/01/2025	21	23	35
20/01/2025	22	28	40
20/01/2025	23	26	38
21/01/2025	00	25	37
21/01/2025	01	23	35
21/01/2025	02	19	30
21/01/2025	03	18	29
21/01/2025	04	17	28
21/01/2025	05	18	29
21/01/2025	06	18	29
21/01/2025	07	19	31
21/01/2025	08	20	34
21/01/2025	09	22	35
21/01/2025	10	38	52
21/01/2025	11	22	34
21/01/2025	12	24	35
21/01/2025	13	20	32
21/01/2025	14	21	32
21/01/2025	15	20	31
21/01/2025	16	19	29
21/01/2025	17	18	28
21/01/2025	18	20	31
21/01/2025	19	27	40
21/01/2025	20	29	42
21/01/2025	21	32	45
21/01/2025	22	32	45
21/01/2025	23	31	44
22/01/2025	00	25	37
22/01/2025	01	23	37
22/01/2025	02	23	39
22/01/2025	03	25	40
22/01/2025	04	21	33
22/01/2025	05	16	29
22/01/2025	06	14	27
22/01/2025	07	17	30
22/01/2025	08	20	35
22/01/2025	09	25	45
22/01/2025	10	41	60
22/01/2025	11	41	55
22/01/2025	12	47	59
22/01/2025	13	29	43
22/01/2025	14	15	29
22/01/2025	15	8	23
22/01/2025	16	8	25
22/01/2025	17	7	27
22/01/2025	18	6	20
22/01/2025	19	9	26
22/01/2025	20	19	35
22/01/2025	21	25	43
22/01/2025	22	22	39
22/01/2025	23	19	37
23/01/2025	00	17	34
23/01/2025	01	18	33
23/01/2025	02	16	32
23/01/2025	03	15	30
23/01/2025	04	9	23
23/01/2025	05	5	19
23/01/2025	06	5	19
23/01/2025	07	6	21
23/01/2025	08	8	30
23/01/2025	09	12	31
23/01/2025	10	16	34
23/01/2025	11	21	36
23/01/2025	12	11	24
23/01/2025	13	8	21
23/01/2025	14	9	22
23/01/2025	15	4	16
23/01/2025	16	4	16
23/01/2025	17	3	16
23/01/2025	18	5	22
23/01/2025	19	7	21
23/01/2025	20	8	20
23/01/2025	21	11	25
23/01/2025	22	15	29
23/01/2025	23	10	23
24/01/2025	00	8	21
24/01/2025	01	6	18
24/01/2025	02	5	16
24/01/2025	03	4	15
24/01/2025	04	5	16
24/01/2025	05	4	15
24/01/2025	06	5	17
24/01/2025	07	7	19
24/01/2025	08	9	22
24/01/2025	09	12	27
24/01/2025	10	18	33
24/01/2025	11	18	31
24/01/2025	12	17	28
24/01/2025	13	4	15
24/01/2025	14	6	18
24/01/2025	15	5	16
24/01/2025	16	4	15
24/01/2025	17	4	15
24/01/2025	18	6	17
24/01/2025	19	7	18
24/01/2025	20	13	24
24/01/2025	21	15	27
24/01/2025	22	15	28
24/01/2025	23	18	31
25/01/2025	01	14	25
25/01/2025	02	11	23
25/01/2025	03	8	20
25/01/2025	04	10	22
25/01/2025	05	10	21
25/01/2025	06	9	21
25/01/2025	07	8	19
25/01/2025	08	8	21
25/01/2025	09	13	24
25/01/2025	10	29	40
25/01/2025	11	17	29
25/01/2025	12	10	21
25/01/2025	13	14	25
25/01/2025	14	13	25
25/01/2025	15	9	20
25/01/2025	16	2	14
25/01/2025	17	2	12
25/01/2025	18	1	12
25/01/2025	19	1	12
25/01/2025	20	1	11
25/01/2025	21	2	12
25/01/2025	22	2	12
25/01/2025	23	2	12
26/01/2025	00	1	12
26/01/2025	01	1	12
26/01/2025	02	1	12
26/01/2025	03	2	12
26/01/2025	04	1	12
26/01/2025	05	1	12
26/01/2025	06	2	12
26/01/2025	07	2	12
26/01/2025	08	2	13
26/01/2025	09	3	15
26/01/2025	10	3	14
26/01/2025	11	3	14
26/01/2025	12	3	13
26/01/2025	13	2	12
26/01/2025	14	2	13
26/01/2025	15	3	14
26/01/2025	16	3	13
26/01/2025	17	3	14
26/01/2025	18	3	14
26/01/2025	19	4	15
26/01/2025	20	5	16
26/01/2025	21	9	21
26/01/2025	22	11	22
26/01/2025	23	14	25
27/01/2025	00	13	25
27/01/2025	01	12	23
27/01/2025	02	10	22
27/01/2025	03	9	22
27/01/2025	04	9	20
27/01/2025	05	9	20
27/01/2025	06	9	21
27/01/2025	07	10	22
27/01/2025	08	11	25
27/01/2025	09	31	52
27/01/2025	10	23	43
27/01/2025	11	19	35
27/01/2025	12	10	24
27/01/2025	13	4	16
27/01/2025	14	4	19
27/01/2025	15	3	18
27/01/2025	16	4	21
27/01/2025	17	5	20
27/01/2025	18	6	22
27/01/2025	19	5	19
27/01/2025	20	5	20
27/01/2025	21	5	18
27/01/2025	22	3	15
27/01/2025	23	1	16
28/01/2025	00	3	33
28/01/2025	01	5	50
28/01/2025	02	3	27
28/01/2025	03	1	14
28/01/2025	04	2	17
28/01/2025	05	1	13
28/01/2025	06	1	12
28/01/2025	07	1	12
28/01/2025	08	2	15
28/01/2025	09	3	16
28/01/2025	10	2	15
28/01/2025	11	1	14
28/01/2025	12	1	13
28/01/2025	13	2	16
28/01/2025	14	1	14
28/01/2025	15	2	17
28/01/2025	16	2	16
28/01/2025	17	2	16
28/01/2025	18	3	23
28/01/2025	19	2	14
28/01/2025	20	1	14
28/01/2025	21	3	26
28/01/2025	22	1	13
28/01/2025	23	1	12
29/01/2025	00	1	13
29/01/2025	01	1	12
29/01/2025	02	2	12
29/01/2025	03	1	12
29/01/2025	04	1	12
29/01/2025	05	1	12
29/01/2025	06	1	12
29/01/2025	07	2	12
29/01/2025	08	3	14
29/01/2025	09	3	15
29/01/2025	10	3	15
29/01/2025	11	6	18
29/01/2025	12	6	18
29/01/2025	13	4	16
29/01/2025	14	3	14
29/01/2025	15	3	14
29/01/2025	16	3	14
29/01/2025	17	3	15
29/01/2025	18	6	19
29/01/2025	19	8	20
29/01/2025	20	8	21
29/01/2025	21	11	27
29/01/2025	22	12	27
29/01/2025	23	11	25
30/01/2025	00	10	24
30/01/2025	01	8	20
30/01/2025	02	1	11
30/01/2025	03	1	11
30/01/2025	04	1	12
30/01/2025	05	2	12
30/01/2025	06	2	12
30/01/2025	07	1	12
30/01/2025	08	2	12
30/01/2025	09	2	14
30/01/2025	10	2	14
30/01/2025	11	2	15
30/01/2025	12	2	14
30/01/2025	13	1	14
30/01/2025	14	1	14
30/01/2025	15	1	13
30/01/2025	16	1	13
30/01/2025	17	1	11
30/01/2025	18	1	12
30/01/2025	19	1	12
30/01/2025	20	1	12
30/01/2025	21	1	12
30/01/2025	22	1	12
30/01/2025	23	1	11
31/01/2025	00	1	11
31/01/2025	01	1	12
31/01/2025	02	0	11
31/01/2025	03	0	11
31/01/2025	04	0	11
31/01/2025	05	1	11
31/01/2025	06	1	11
31/01/2025	07	2	12
31/01/2025	08	2	13
31/01/2025	09	2	13
31/01/2025	10	1	12
31/01/2025	11	1	11
31/01/2025	12	2	12
31/01/2025	13	1	12
31/01/2025	14	2	12
31/01/2025	15	1	11
31/01/2025	16	1	12
31/01/2025	17	1	12
31/01/2025	18	1	12
31/01/2025	19	3	14
31/01/2025	20	5	16
31/01/2025	21	8	20
31/01/2025	22	9	20
31/01/2025	23	12	22
01/02/2025	00	11	22
01/02/2025	01	6	16
01/02/2025	02	4	15
01/02/2025	03	3	14
01/02/2025	04	2	13
01/02/2025	05	2	13
01/02/2025	06	2	13
01/02/2025	07	2	13
01/02/2025	08	3	14
01/02/2025	09	3	15
01/02/2025	10	3	14
01/02/2025	11	3	14
01/02/2025	12	2	13
01/02/2025	13	2	13
01/02/2025	14	2	12
01/02/2025	15	3	14
01/02/2025	16	3	13
01/02/2025	17	3	13
01/02/2025	18	3	13
01/02/2025	19	3	13
01/02/2025	20	4	15
01/02/2025	21	3	14
01/02/2025	22	3	14
01/02/2025	23	4	15
02/02/2025	00	4	15
02/02/2025	01	4	15
02/02/2025	02	3	14
02/02/2025	03	4	15
02/02/2025	04	5	16
02/02/2025	05	2	12
02/02/2025	06	3	13
02/02/2025	07	2	12
02/02/2025	08	3	13
02/02/2025	09	3	13
02/02/2025	10	1	12
02/02/2025	11	1	12
02/02/2025	12	1	12
02/02/2025	13	2	13
02/02/2025	14	2	13
02/02/2025	15	1	11
02/02/2025	16	1	11
02/02/2025	17	1	11
02/02/2025	18	1	12
02/02/2025	19	3	14
02/02/2025	20	6	17
02/02/2025	21	14	26
02/02/2025	22	12	23
02/02/2025	23	11	22
03/02/2025	00	7	18
03/02/2025	01	5	16
03/02/2025	02	4	15
03/02/2025	03	4	15
03/02/2025	04	5	16
03/02/2025	05	6	16
03/02/2025	06	6	17
03/02/2025	07	7	19
03/02/2025	08	10	22
03/02/2025	09	10	23
03/02/2025	10	6	18
03/02/2025	11	2	13
03/02/2025	12	3	13
03/02/2025	13	2	12
03/02/2025	14	2	12
03/02/2025	15	2	12
03/02/2025	16	2	13
03/02/2025	17	3	13
03/02/2025	18	3	13
03/02/2025	19	3	13
03/02/2025	20	3	14
03/02/2025	21	10	21
03/02/2025	22	9	21
03/02/2025	23	8	19
04/02/2025	00	7	18
04/02/2025	01	5	16
04/02/2025	02	5	16
04/02/2025	03	6	17
04/02/2025	04	7	17
04/02/2025	05	6	17
04/02/2025	06	7	18
04/02/2025	07	8	19
04/02/2025	08	7	19
04/02/2025	09	8	21
04/02/2025	10	7	19
04/02/2025	11	7	18
04/02/2025	12	3	14
04/02/2025	13	2	13
04/02/2025	14	3	13
04/02/2025	15	3	13
04/02/2025	16	2	12
04/02/2025	17	2	12
04/02/2025	18	2	12
04/02/2025	19	4	15
04/02/2025	20	8	20
04/02/2025	21	14	30
04/02/2025	22	16	31
04/02/2025	23	20	31
05/02/2025	00	15	27
05/02/2025	01	14	26
05/02/2025	02	14	26
05/02/2025	03	14	26
05/02/2025	04	12	24
05/02/2025	05	10	22
05/02/2025	06	9	21
05/02/2025	07	8	22
05/02/2025	08	10	27
05/02/2025	09	9	27
05/02/2025	10	9	27
05/02/2025	11	8	19
05/02/2025	12	7	19
06/02/2025	01	15	26
06/02/2025	02	13	23
06/02/2025	03	14	24
06/02/2025	04	15	26
06/02/2025	05	13	24
06/02/2025	06	12	23
06/02/2025	07	13	25
06/02/2025	08	13	26
06/02/2025	09	15	30
06/02/2025	10	13	25
06/02/2025	11	7	18
06/02/2025	12	6	17
06/02/2025	13	6	17
06/02/2025	14	7	17
06/02/2025	15	6	17
06/02/2025	16	6	16
06/02/2025	17	5	16
06/02/2025	18	5	16
06/02/2025	19	7	18
06/02/2025	20	14	25
06/02/2025	21	18	30
06/02/2025	22	19	30
06/02/2025	23	19	30
07/02/2025	00	19	30
07/02/2025	01	20	31
07/02/2025	02	20	31
07/02/2025	03	18	29
07/02/2025	04	14	25
07/02/2025	05	14	26
07/02/2025	06	14	25
07/02/2025	07	15	26
07/02/2025	08	17	28
07/02/2025	09	21	33
07/02/2025	10	19	31
07/02/2025	11	17	29
07/02/2025	12	17	28
07/02/2025	13	17	28
07/02/2025	14	17	28
07/02/2025	15	8	19
07/02/2025	16	4	15
07/02/2025	17	3	14
07/02/2025	18	3	14
07/02/2025	19	5	16
07/02/2025	20	6	17
07/02/2025	21	9	20
07/02/2025	22	10	21
07/02/2025	23	15	26
08/02/2025	00	25	36
08/02/2025	01	23	35
08/02/2025	02	22	33
08/02/2025	03	20	31
08/02/2025	04	19	30
08/02/2025	05	19	29
08/02/2025	06	20	31
08/02/2025	07	14	25
08/02/2025	08	13	26
08/02/2025	09	7	19
08/02/2025	10	4	15
08/02/2025	11	3	16
08/02/2025	12	3	17
08/02/2025	13	4	23
08/02/2025	14	2	14
08/02/2025	15	3	19
08/02/2025	16	5	26
08/02/2025	17	6	17
08/02/2025	18	3	14
08/02/2025	19	3	13
08/02/2025	20	2	12
08/02/2025	21	3	13
08/02/2025	22	11	22
08/02/2025	23	8	19
09/02/2025	00	8	18
09/02/2025	01	8	19
09/02/2025	02	7	18
09/02/2025	03	5	16
09/02/2025	04	4	15
09/02/2025	05	6	17
09/02/2025	06	7	18
09/02/2025	07	9	20
09/02/2025	08	10	22
09/02/2025	09	7	18
09/02/2025	10	7	18
09/02/2025	11	7	18
09/02/2025	12	7	17
09/02/2025	13	5	15
09/02/2025	14	5	16
09/02/2025	15	4	15
09/02/2025	16	3	13
09/02/2025	17	3	14
09/02/2025	18	3	14
09/02/2025	19	4	15
09/02/2025	20	7	18
09/02/2025	21	16	27
09/02/2025	22	16	27
09/02/2025	23	12	24
10/02/2025	00	9	20
10/02/2025	01	10	22
10/02/2025	02	8	19
10/02/2025	03	8	19
10/02/2025	04	7	17
10/02/2025	05	7	18
10/02/2025	06	8	20
10/02/2025	07	11	24
10/02/2025	08	11	24
10/02/2025	09	10	22
10/02/2025	10	6	17
10/02/2025	11	3	14
10/02/2025	12	2	15
10/02/2025	13	2	13
10/02/2025	14	3	13
10/02/2025	15	2	12
10/02/2025	16	2	12
10/02/2025	17	2	12
10/02/2025	18	2	12
10/02/2025	19	2	12
10/02/2025	20	2	12
10/02/2025	21	2	13
10/02/2025	22	11	22
10/02/2025	23	11	22
11/02/2025	00	8	20
11/02/2025	01	5	18
11/02/2025	02	6	18
11/02/2025	03	4	15
11/02/2025	04	6	17
11/02/2025	05	7	18
11/02/2025	06	7	18
11/02/2025	07	9	21
11/02/2025	08	12	25
11/02/2025	09	24	39
11/02/2025	10	20	35
11/02/2025	11	12	24
11/02/2025	12	13	26
11/02/2025	13	5	16
11/02/2025	14	3	13
11/02/2025	15	2	12
11/02/2025	16	2	12
11/02/2025	17	2	13
11/02/2025	18	2	12
11/02/2025	19	4	15
11/02/2025	20	8	19
11/02/2025	21	12	23
11/02/2025	22	17	28
11/02/2025	23	17	28
12/02/2025	01	16	27
12/02/2025	02	15	26
12/02/2025	03	14	25
12/02/2025	04	14	25
12/02/2025	05	14	26
12/02/2025	06	14	25
12/02/2025	07	14	25
12/02/2025	08	17	29
12/02/2025	09	18	29
12/02/2025	10	16	27
12/02/2025	11	15	27
12/02/2025	12	13	25
12/02/2025	13	4	23
12/02/2025	14	2	13
12/02/2025	15	1	13
12/02/2025	16	1	13
12/02/2025	17	1	12
12/02/2025	18	2	13
12/02/2025	19	5	16
12/02/2025	20	3	13
12/02/2025	21	2	12
12/02/2025	22	1	12
12/02/2025	23	2	12
13/02/2025	00	2	13
13/02/2025	01	1	12
13/02/2025	02	3	14
13/02/2025	03	2	14
13/02/2025	04	2	12
13/02/2025	05	2	13
13/02/2025	06	3	14
13/02/2025	07	3	15
13/02/2025	08	4	18
13/02/2025	09	4	18
13/02/2025	10	3	15
13/02/2025	11	5	17
13/02/2025	12	2	12
13/02/2025	13	2	13
13/02/2025	14	1	12
13/02/2025	15	2	12
13/02/2025	16	1	12
13/02/2025	17	1	12
13/02/2025	18	7	18
13/02/2025	19	2	13
13/02/2025	20	5	16
13/02/2025	21	8	19
13/02/2025	22	10	22
13/02/2025	23	10	23
14/02/2025	00	9	20
14/02/2025	01	8	19
14/02/2025	02	7	18
14/02/2025	03	5	16
14/02/2025	04	6	17
14/02/2025	05	7	19
14/02/2025	06	8	19
14/02/2025	07	9	23
14/02/2025	08	14	31
14/02/2025	09	11	24
14/02/2025	10	18	32
14/02/2025	11	15	28
14/02/2025	12	13	24
14/02/2025	13	7	18
14/02/2025	14	6	17
14/02/2025	15	4	15
14/02/2025	16	3	13
14/02/2025	17	3	14
14/02/2025	18	4	18
14/02/2025	19	6	19
14/02/2025	20	11	26
14/02/2025	21	12	24
14/02/2025	22	13	26
14/02/2025	23	12	25
15/02/2025	00	12	24
15/02/2025	01	9	21
15/02/2025	02	9	22
15/02/2025	03	12	24
15/02/2025	04	6	17
15/02/2025	05	7	18
15/02/2025	06	6	18
15/02/2025	07	4	16
15/02/2025	08	5	18
15/02/2025	09	6	19
15/02/2025	10	8	20
15/02/2025	11	9	21
15/02/2025	12	9	22
15/02/2025	13	9	20
15/02/2025	14	10	21
15/02/2025	15	6	16
15/02/2025	16	6	16
15/02/2025	17	6	17
15/02/2025	18	10	20
15/02/2025	19	15	26
15/02/2025	20	16	27
15/02/2025	21	17	28
15/02/2025	22	20	30
15/02/2025	23	22	33
16/02/2025	00	21	32
16/02/2025	01	19	30
16/02/2025	02	18	29
16/02/2025	03	17	28
16/02/2025	04	16	27
16/02/2025	05	14	24
16/02/2025	06	17	28
16/02/2025	07	14	25
16/02/2025	08	14	25
16/02/2025	09	19	30
16/02/2025	10	18	29
16/02/2025	11	14	25
16/02/2025	12	15	25
16/02/2025	13	14	24
16/02/2025	14	11	22
16/02/2025	15	8	19
16/02/2025	16	9	20
16/02/2025	17	8	19
16/02/2025	18	8	19
16/02/2025	19	11	22
16/02/2025	20	15	26
16/02/2025	21	18	29
16/02/2025	22	21	32
16/02/2025	23	19	30
17/02/2025	00	19	30
17/02/2025	01	17	29
17/02/2025	02	18	29
17/02/2025	03	17	29
17/02/2025	04	17	29
17/02/2025	05	16	28
17/02/2025	06	14	27
17/02/2025	07	14	28
17/02/2025	08	22	42
17/02/2025	09	45	75
17/02/2025	10	23	41
17/02/2025	11	18	31
17/02/2025	12	15	26
17/02/2025	13	15	27
17/02/2025	14	15	27
17/02/2025	15	10	22
17/02/2025	16	5	16
17/02/2025	17	4	15
17/02/2025	18	5	15
17/02/2025	19	7	18
17/02/2025	20	9	21
17/02/2025	21	16	27
17/02/2025	22	20	32
17/02/2025	23	18	30
18/02/2025	00	19	29
18/02/2025	01	18	29
18/02/2025	02	14	25
18/02/2025	03	13	23
18/02/2025	04	10	21
18/02/2025	05	9	20
18/02/2025	06	8	20
18/02/2025	07	9	21
18/02/2025	08	10	22
18/02/2025	09	11	22
18/02/2025	10	8	20
18/02/2025	11	8	19
18/02/2025	12	9	21
18/02/2025	13	11	22
18/02/2025	14	12	23
18/02/2025	15	11	22
18/02/2025	16	14	25
18/02/2025	17	12	23
18/02/2025	18	8	18
18/02/2025	19	8	19
18/02/2025	20	8	19
18/02/2025	21	9	20
18/02/2025	22	15	26
18/02/2025	23	17	28
19/02/2025	00	17	29
19/02/2025	01	20	31
19/02/2025	02	17	28
19/02/2025	03	16	28
19/02/2025	04	18	29
19/02/2025	05	18	29
19/02/2025	06	19	32
19/02/2025	07	20	34
19/02/2025	08	22	39
19/02/2025	09	19	39
19/02/2025	10	22	36
19/02/2025	11	17	30
19/02/2025	12	20	32
19/02/2025	13	23	34
19/02/2025	14	17	28
19/02/2025	15	12	23
19/02/2025	16	13	24
19/02/2025	17	14	24
19/02/2025	18	14	26
19/02/2025	19	12	23
19/02/2025	20	12	22
19/02/2025	21	16	27
19/02/2025	22	19	29
19/02/2025	23	20	30
20/02/2025	00	20	31
20/02/2025	01	22	33
20/02/2025	02	24	35
20/02/2025	03	24	34
20/02/2025	04	25	36
20/02/2025	05	25	37
20/02/2025	06	25	36
20/02/2025	07	25	37
20/02/2025	08	26	38
20/02/2025	09	28	44
20/02/2025	10	27	41
20/02/2025	11	24	36
20/02/2025	12	22	33
20/02/2025	13	21	32
20/02/2025	14	19	30
20/02/2025	15	17	27
20/02/2025	16	14	24
20/02/2025	17	14	24
20/02/2025	18	14	25
20/02/2025	19	14	25
20/02/2025	20	15	27
20/02/2025	21	17	28
20/02/2025	22	17	28
20/02/2025	23	18	29
21/02/2025	00	16	27
21/02/2025	01	16	27
21/02/2025	02	16	27
21/02/2025	03	16	27
21/02/2025	04	16	27
21/02/2025	05	19	30
21/02/2025	06	19	29
21/02/2025	07	19	30
21/02/2025	08	20	31
21/02/2025	09	15	26
21/02/2025	10	14	25
21/02/2025	11	13	24
21/02/2025	12	13	23
21/02/2025	13	12	22
21/02/2025	14	11	22
21/02/2025	15	9	20
21/02/2025	16	8	19
21/02/2025	17	8	19
21/02/2025	18	8	18
21/02/2025	19	7	18
21/02/2025	20	8	19
21/02/2025	21	10	21
21/02/2025	22	12	23
21/02/2025	23	16	27
22/02/2025	00	15	26
22/02/2025	01	16	27
22/02/2025	02	15	26
22/02/2025	03	16	27
22/02/2025	04	14	25
22/02/2025	05	14	25
22/02/2025	06	13	24
22/02/2025	07	12	23
22/02/2025	08	14	25
22/02/2025	09	14	26
22/02/2025	10	17	28
22/02/2025	11	22	33
22/02/2025	12	23	34
22/02/2025	13	21	32
22/02/2025	14	18	29
22/02/2025	15	16	27
22/02/2025	16	12	24
22/02/2025	17	5	15
22/02/2025	18	5	15
22/02/2025	19	10	21
22/02/2025	20	15	26
22/02/2025	21	18	29
22/02/2025	22	22	33
22/02/2025	23	25	35
23/02/2025	00	22	33
23/02/2025	01	4	15
23/02/2025	02	1	11
23/02/2025	03	1	12
23/02/2025	04	2	12
23/02/2025	05	2	12
23/02/2025	06	2	13
23/02/2025	07	3	13
23/02/2025	08	3	14
23/02/2025	09	3	14
23/02/2025	10	3	13
23/02/2025	11	2	12
23/02/2025	12	1	12
23/02/2025	13	1	12
23/02/2025	14	2	12
23/02/2025	15	1	11
23/02/2025	16	1	11
23/02/2025	17	1	11
23/02/2025	18	1	11
23/02/2025	19	1	12
23/02/2025	20	1	12
23/02/2025	21	2	13
23/02/2025	22	6	17
23/02/2025	23	6	17
24/02/2025	00	6	17
24/02/2025	01	8	18
24/02/2025	02	6	16
24/02/2025	03	7	18
24/02/2025	04	6	16
24/02/2025	05	5	16
24/02/2025	06	6	17
24/02/2025	07	8	19
24/02/2025	08	8	20
24/02/2025	09	8	20
24/02/2025	10	10	21
24/02/2025	11	7	18
24/02/2025	12	6	17
24/02/2025	13	7	17
24/02/2025	14	8	19
24/02/2025	15	4	15
24/02/2025	16	4	15
24/02/2025	17	5	15
24/02/2025	18	5	16
24/02/2025	19	6	17
24/02/2025	20	11	22
24/02/2025	21	14	25
24/02/2025	22	13	24
24/02/2025	23	13	24
25/02/2025	00	14	24
25/02/2025	01	12	23
25/02/2025	02	5	15
25/02/2025	03	3	14
25/02/2025	04	3	14
25/02/2025	05	8	19
25/02/2025	06	3	14
25/02/2025	07	3	14
25/02/2025	08	4	15
25/02/2025	09	4	16
25/02/2025	10	3	15
25/02/2025	11	3	14
25/02/2025	12	2	13
25/02/2025	13	1	13
25/02/2025	14	2	13
25/02/2025	15	1	12
25/02/2025	16	3	14
25/02/2025	17	2	13
25/02/2025	18	2	13
25/02/2025	19	2	13
25/02/2025	20	2	13
25/02/2025	21	2	12
25/02/2025	22	2	13
25/02/2025	23	1	12
26/02/2025	00	2	12
26/02/2025	01	2	13
26/02/2025	02	2	13
26/02/2025	03	10	20
26/02/2025	04	2	13
26/02/2025	05	1	12
26/02/2025	06	1	12
26/02/2025	07	2	14
26/02/2025	08	3	15
26/02/2025	09	2	13
26/02/2025	10	2	12
26/02/2025	11	1	12
26/02/2025	12	1	11
26/02/2025	13	1	12
26/02/2025	14	1	11
26/02/2025	15	1	11
26/02/2025	16	1	11
26/02/2025	17	1	11
26/02/2025	18	1	11
26/02/2025	19	1	12
26/02/2025	20	3	13
26/02/2025	21	3	14
26/02/2025	22	6	18
26/02/2025	23	9	20
27/02/2025	00	5	16
27/02/2025	01	5	16
27/02/2025	02	4	15
27/02/2025	03	5	16
27/02/2025	04	5	16
27/02/2025	05	6	17
27/02/2025	06	5	16
27/02/2025	07	5	16
27/02/2025	08	5	17
27/02/2025	09	7	20
27/02/2025	10	7	21
27/02/2025	11	9	20
27/02/2025	12	10	21
27/02/2025	13	4	15
27/02/2025	14	2	12
27/02/2025	15	2	12
27/02/2025	16	2	12
27/02/2025	17	2	12
27/02/2025	18	2	12
27/02/2025	19	3	13
27/02/2025	20	3	13
27/02/2025	21	9	20
27/02/2025	22	13	24
27/02/2025	23	11	22
28/02/2025	00	9	20
28/02/2025	01	8	19
28/02/2025	02	8	19
28/02/2025	03	5	16
28/02/2025	04	6	17
28/02/2025	05	5	16
28/02/2025	06	5	16
28/02/2025	07	6	17
28/02/2025	08	9	20
28/02/2025	09	7	18
28/02/2025	10	4	15
28/02/2025	11	3	14
28/02/2025	12	5	16
28/02/2025	13	5	17
28/02/2025	14	2	14
28/02/2025	15	1	12
28/02/2025	16	1	12
28/02/2025	17	2	12
28/02/2025	18	2	12
28/02/2025	19	2	12
28/02/2025	20	2	12
28/02/2025	21	1	12
28/02/2025	22	2	12
28/02/2025	23	2	13
01/03/2025	00	2	13
01/03/2025	01	2	12
01/03/2025	02	1	12
01/03/2025	03	1	12
01/03/2025	04	1	12
01/03/2025	05	1	12
01/03/2025	06	2	12
01/03/2025	07	1	12
01/03/2025	08	1	12
01/03/2025	09	1	12
01/03/2025	10	1	12
01/03/2025	11	2	12
01/03/2025	12	2	13
01/03/2025	13	2	13
01/03/2025	14	3	13
01/03/2025	15	3	13
01/03/2025	16	3	13
01/03/2025	17	3	14
01/03/2025	18	4	15
01/03/2025	19	3	14
01/03/2025	20	3	14
01/03/2025	21	3	14
01/03/2025	22	3	14
01/03/2025	23	4	15
02/03/2025	00	3	14
02/03/2025	01	3	14
02/03/2025	02	3	14
02/03/2025	03	3	14
02/03/2025	04	3	13
02/03/2025	05	3	13
02/03/2025	06	2	13
02/03/2025	07	2	13
02/03/2025	08	2	12
02/03/2025	09	2	13
02/03/2025	10	3	13
02/03/2025	11	3	13
02/03/2025	12	3	14
02/03/2025	13	3	14
02/03/2025	14	3	14
02/03/2025	15	3	14
02/03/2025	16	3	13
02/03/2025	17	3	14
02/03/2025	18	3	14
02/03/2025	19	3	14
02/03/2025	20	3	14
02/03/2025	21	4	15
02/03/2025	22	4	15
02/03/2025	23	4	15
03/03/2025	00	3	14
03/03/2025	01	3	14
03/03/2025	02	3	14
03/03/2025	03	3	13
03/03/2025	04	3	14
03/03/2025	05	3	14
03/03/2025	06	3	14
03/03/2025	07	3	14
03/03/2025	08	4	15
03/03/2025	09	5	16
03/03/2025	10	5	16
03/03/2025	11	6	17
03/03/2025	12	6	17
03/03/2025	13	6	17
03/03/2025	14	6	18
03/03/2025	15	7	18
03/03/2025	16	6	17
03/03/2025	17	5	17
03/03/2025	18	5	16
03/03/2025	19	5	16
03/03/2025	20	5	16
03/03/2025	21	6	17
03/03/2025	22	5	17
03/03/2025	23	6	18
04/03/2025	00	6	17
04/03/2025	01	7	18
04/03/2025	02	7	19
04/03/2025	03	8	20
04/03/2025	04	8	20
04/03/2025	05	8	19
04/03/2025	06	8	20
04/03/2025	07	10	22
04/03/2025	08	10	22
04/03/2025	09	9	21
04/03/2025	10	8	21
04/03/2025	11	8	20
04/03/2025	12	8	21
04/03/2025	13	8	20
04/03/2025	14	8	20
04/03/2025	15	8	20
04/03/2025	16	8	20
04/03/2025	17	8	20
04/03/2025	18	9	20
04/03/2025	19	9	20
04/03/2025	20	9	20
04/03/2025	21	9	21
04/03/2025	22	10	21
04/03/2025	23	9	21
05/03/2025	00	9	20
05/03/2025	01	9	20
05/03/2025	02	9	21
05/03/2025	03	9	20
05/03/2025	04	9	20
05/03/2025	05	8	20
05/03/2025	06	8	19
05/03/2025	07	8	19
05/03/2025	08	8	19
05/03/2025	09	8	19
05/03/2025	10	8	19
05/03/2025	11	8	19
05/03/2025	12	8	18
05/03/2025	13	8	19
05/03/2025	14	9	20
05/03/2025	15	10	21
05/03/2025	16	11	22
05/03/2025	17	11	22
05/03/2025	18	11	22
05/03/2025	19	11	22
05/03/2025	20	12	23
05/03/2025	21	13	24
05/03/2025	22	13	24
05/03/2025	23	12	23
06/03/2025	00	12	22
06/03/2025	01	12	23
06/03/2025	02	11	22
06/03/2025	03	11	22
06/03/2025	04	12	22
06/03/2025	05	12	23
06/03/2025	06	13	24
06/03/2025	07	13	23
06/03/2025	08	11	22
06/03/2025	09	10	21
06/03/2025	10	9	21
06/03/2025	11	9	21
06/03/2025	12	9	20
06/03/2025	13	9	21
06/03/2025	14	9	21
06/03/2025	15	9	21
06/03/2025	16	9	20
06/03/2025	17	8	19
06/03/2025	18	8	19
06/03/2025	19	8	19
06/03/2025	20	8	19
06/03/2025	21	8	19
06/03/2025	22	9	20
06/03/2025	23	10	21
07/03/2025	00	8	19
07/03/2025	01	8	19
07/03/2025	02	7	18
07/03/2025	03	8	19
07/03/2025	04	10	22
07/03/2025	05	12	24
07/03/2025	06	12	23
07/03/2025	07	10	22
07/03/2025	08	9	21
07/03/2025	09	13	26
07/03/2025	10	9	20
07/03/2025	11	8	19
07/03/2025	12	7	17
07/03/2025	13	5	16
07/03/2025	14	5	16
07/03/2025	15	5	16
07/03/2025	16	4	15
07/03/2025	17	5	15
07/03/2025	18	4	15
07/03/2025	19	4	15
07/03/2025	20	4	15
07/03/2025	21	4	15
07/03/2025	22	3	14
07/03/2025	23	4	15
08/03/2025	00	4	15
08/03/2025	01	5	16
08/03/2025	02	4	15
08/03/2025	03	5	16
08/03/2025	04	6	17
08/03/2025	05	7	18
08/03/2025	06	8	19
08/03/2025	07	9	20
08/03/2025	08	11	22
08/03/2025	09	9	20
08/03/2025	10	9	21
08/03/2025	11	10	22
08/03/2025	12	12	23
08/03/2025	13	10	22
08/03/2025	14	11	22
08/03/2025	15	11	22
08/03/2025	16	11	22
08/03/2025	17	10	21
08/03/2025	18	9	20
08/03/2025	19	10	21
08/03/2025	20	13	24
08/03/2025	21	11	22
08/03/2025	22	9	20
08/03/2025	23	6	17
09/03/2025	00	4	15
09/03/2025	01	4	15
09/03/2025	02	5	15
09/03/2025	03	12	22
09/03/2025	04	4	15
09/03/2025	05	2	12
09/03/2025	06	1	11
09/03/2025	07	1	11
09/03/2025	08	1	12
09/03/2025	09	1	12
09/03/2025	10	1	11
09/03/2025	11	1	11
09/03/2025	12	1	11
09/03/2025	13	1	11
09/03/2025	14	1	11
09/03/2025	15	1	11
09/03/2025	16	1	11
09/03/2025	17	1	12
09/03/2025	18	1	12
09/03/2025	19	1	12
09/03/2025	20	1	12
09/03/2025	21	3	13
09/03/2025	22	3	14
09/03/2025	23	3	14
10/03/2025	00	3	13
10/03/2025	01	4	15
10/03/2025	02	3	14
10/03/2025	03	3	14
10/03/2025	04	3	14
10/03/2025	05	3	13
10/03/2025	06	2	12
10/03/2025	07	2	13
10/03/2025	08	3	14
10/03/2025	09	2	13
10/03/2025	10	2	12
10/03/2025	11	1	12
10/03/2025	12	2	12
10/03/2025	13	2	12
10/03/2025	14	1	11
10/03/2025	15	1	11
10/03/2025	16	1	11
10/03/2025	17	1	11
10/03/2025	18	1	12
10/03/2025	19	1	12
10/03/2025	20	1	12
10/03/2025	21	2	12
10/03/2025	22	3	14
10/03/2025	23	5	16
11/03/2025	00	5	16
11/03/2025	01	5	16
11/03/2025	02	3	15
11/03/2025	03	4	15
11/03/2025	04	4	15
11/03/2025	05	4	15
11/03/2025	06	5	16
11/03/2025	07	8	19
11/03/2025	08	8	19
11/03/2025	09	3	14
11/03/2025	10	2	13
11/03/2025	11	5	16
11/03/2025	12	3	13
11/03/2025	13	1	12
11/03/2025	14	2	12
11/03/2025	15	2	12
11/03/2025	16	3	13
11/03/2025	17	2	13
11/03/2025	18	3	13
11/03/2025	19	3	13
11/03/2025	20	2	12
11/03/2025	21	2	12
11/03/2025	22	2	13
11/03/2025	23	2	13
12/03/2025	00	2	12
12/03/2025	01	3	13
12/03/2025	02	1	12
12/03/2025	03	1	11
12/03/2025	04	1	11
12/03/2025	05	1	11
12/03/2025	06	1	12
12/03/2025	07	1	12
12/03/2025	08	1	12
12/03/2025	09	1	11
12/03/2025	10	1	11
12/03/2025	11	1	13
12/03/2025	12	1	12
12/03/2025	13	1	12
12/03/2025	14	1	13
12/03/2025	15	1	12
12/03/2025	16	2	12
12/03/2025	17	2	12
12/03/2025	18	2	12
12/03/2025	19	2	13
12/03/2025	20	2	13
12/03/2025	21	2	13
12/03/2025	22	3	13
12/03/2025	23	2	12
13/03/2025	00	2	13
13/03/2025	01	2	12
13/03/2025	02	2	12
13/03/2025	03	2	13
13/03/2025	04	3	14
13/03/2025	05	2	12
13/03/2025	06	3	14
13/03/2025	07	5	19
13/03/2025	08	8	22
13/03/2025	09	7	22
13/03/2025	10	3	15
13/03/2025	11	4	15
13/03/2025	12	3	13
13/03/2025	13	3	13
13/03/2025	14	3	14
13/03/2025	15	3	13
13/03/2025	16	4	15
13/03/2025	17	4	14
13/03/2025	18	2	13
13/03/2025	19	4	15
13/03/2025	20	4	14
13/03/2025	21	5	16
13/03/2025	22	2	13
13/03/2025	23	2	12
14/03/2025	00	2	12
14/03/2025	01	2	13
14/03/2025	02	4	14
14/03/2025	03	3	13
14/03/2025	04	2	12
14/03/2025	05	2	12
14/03/2025	06	2	12
14/03/2025	07	3	14
14/03/2025	08	3	15
14/03/2025	09	3	14
14/03/2025	10	2	13
14/03/2025	11	3	13
14/03/2025	12	3	14
14/03/2025	13	3	13
14/03/2025	14	2	12
14/03/2025	15	1	12
14/03/2025	16	1	12
14/03/2025	17	1	12
14/03/2025	18	1	12
14/03/2025	19	1	11
14/03/2025	20	2	12
14/03/2025	21	3	13
14/03/2025	22	3	14
14/03/2025	23	5	16
15/03/2025	00	4	15
15/03/2025	01	3	14
15/03/2025	02	4	15
15/03/2025	03	1	12
15/03/2025	04	1	12
15/03/2025	05	2	12
15/03/2025	06	3	13
15/03/2025	07	3	14
15/03/2025	08	3	14
15/03/2025	09	3	14
15/03/2025	10	2	13
15/03/2025	11	2	12
15/03/2025	12	2	12
15/03/2025	13	1	12
15/03/2025	14	1	12
15/03/2025	15	1	12
15/03/2025	16	1	12
15/03/2025	17	1	12
15/03/2025	18	2	12
15/03/2025	19	2	13
15/03/2025	20	3	13
15/03/2025	21	5	16
15/03/2025	22	4	15
15/03/2025	23	5	16
16/03/2025	00	5	17
16/03/2025	01	5	16
16/03/2025	02	4	15
16/03/2025	03	6	17
16/03/2025	04	6	17
16/03/2025	05	6	17
16/03/2025	06	6	16
16/03/2025	07	5	16
16/03/2025	08	4	15
16/03/2025	09	4	15
16/03/2025	10	3	14
16/03/2025	11	3	14
16/03/2025	12	4	15
16/03/2025	13	4	15
16/03/2025	14	3	14
16/03/2025	15	1	12
16/03/2025	16	1	12
16/03/2025	17	1	12
16/03/2025	18	1	12
16/03/2025	19	1	12
16/03/2025	20	1	12
16/03/2025	21	2	12
16/03/2025	22	1	12
16/03/2025	23	2	12
17/03/2025	00	3	15
17/03/2025	01	2	13
17/03/2025	02	2	12
17/03/2025	03	2	12
17/03/2025	04	2	13
17/03/2025	05	2	13
17/03/2025	06	2	12
17/03/2025	07	2	12
17/03/2025	08	1	12
17/03/2025	09	2	12
17/03/2025	10	2	12
17/03/2025	11	2	12
17/03/2025	12	2	12
17/03/2025	13	3	13
17/03/2025	14	3	13
17/03/2025	15	3	14
17/03/2025	16	3	14
17/03/2025	17	1	11
17/03/2025	18	1	11
17/03/2025	19	2	13
17/03/2025	20	2	12
17/03/2025	21	3	13
17/03/2025	22	2	12
17/03/2025	23	2	12
18/03/2025	00	1	12
18/03/2025	01	1	12
18/03/2025	02	2	12
18/03/2025	03	1	12
18/03/2025	04	1	12
18/03/2025	05	1	12
18/03/2025	06	2	12
18/03/2025	07	2	12
18/03/2025	08	2	12
18/03/2025	09	2	12
18/03/2025	10	2	12
18/03/2025	11	2	13
18/03/2025	12	2	12
18/03/2025	13	2	12
18/03/2025	14	2	12
18/03/2025	15	2	12
18/03/2025	16	2	12
18/03/2025	17	2	12
18/03/2025	18	2	12
18/03/2025	19	2	12
18/03/2025	20	2	13
18/03/2025	21	3	13
18/03/2025	22	3	13
18/03/2025	23	5	16
19/03/2025	00	3	13
19/03/2025	01	1	11
19/03/2025	02	0	11
19/03/2025	03	0	11
19/03/2025	04	1	11
19/03/2025	05	1	11
19/03/2025	06	1	12
19/03/2025	07	2	13
19/03/2025	08	1	12
19/03/2025	09	2	12
19/03/2025	10	2	12
19/03/2025	11	2	12
19/03/2025	12	2	12
19/03/2025	13	2	12
19/03/2025	14	2	12
19/03/2025	15	2	12
19/03/2025	16	2	13
19/03/2025	17	3	13
19/03/2025	18	3	13
19/03/2025	19	3	13
19/03/2025	20	3	13
19/03/2025	21	3	13
19/03/2025	22	3	13
19/03/2025	23	3	13
20/03/2025	00	3	13
20/03/2025	01	3	13
20/03/2025	02	3	13
20/03/2025	03	3	14
20/03/2025	04	3	14
20/03/2025	05	4	15
20/03/2025	06	5	17
20/03/2025	07	6	17
20/03/2025	08	5	18
20/03/2025	09	5	18
20/03/2025	10	7	19
20/03/2025	11	8	22
20/03/2025	12	9	27
20/03/2025	13	14	39
20/03/2025	14	13	35
20/03/2025	15	14	40
20/03/2025	16	15	42
20/03/2025	17	15	44
20/03/2025	18	15	39
20/03/2025	19	13	34
20/03/2025	20	14	37
20/03/2025	21	12	31
20/03/2025	22	13	34
20/03/2025	23	14	36
21/03/2025	00	14	38
21/03/2025	01	14	41
21/03/2025	02	11	34
21/03/2025	03	11	35
21/03/2025	04	9	30
21/03/2025	05	7	23
21/03/2025	06	7	23
21/03/2025	07	6	21
21/03/2025	08	3	14
21/03/2025	09	2	12
21/03/2025	10	2	12
21/03/2025	11	2	13
21/03/2025	12	2	12
21/03/2025	13	2	13
21/03/2025	14	1	12
21/03/2025	15	1	12
21/03/2025	16	1	12
21/03/2025	17	1	12
21/03/2025	18	2	12
21/03/2025	19	2	13
21/03/2025	20	2	13
21/03/2025	21	3	14
21/03/2025	22	4	15
21/03/2025	23	6	17
22/03/2025	00	7	18
22/03/2025	01	7	18
22/03/2025	02	6	17
22/03/2025	03	6	16
22/03/2025	04	5	16
22/03/2025	05	4	15
22/03/2025	06	2	13
22/03/2025	07	0	11
22/03/2025	08	1	11
22/03/2025	09	1	11
22/03/2025	10	2	12
22/03/2025	11	2	12
22/03/2025	12	1	11
22/03/2025	13	1	12
22/03/2025	14	1	12
22/03/2025	15	1	12
22/03/2025	16	1	11
22/03/2025	17	0	11
22/03/2025	18	1	11
22/03/2025	19	1	11
22/03/2025	20	1	12
22/03/2025	21	2	12
22/03/2025	22	2	12
22/03/2025	23	1	11
23/03/2025	00	1	11
23/03/2025	01	0	11
23/03/2025	02	0	11
23/03/2025	03	0	11
23/03/2025	04	0	11
23/03/2025	05	0	11
23/03/2025	06	0	11
23/03/2025	07	1	11
23/03/2025	08	1	11
23/03/2025	09	3	13
23/03/2025	10	1	12
23/03/2025	11	1	12
23/03/2025	12	1	12
23/03/2025	13	1	11
23/03/2025	14	1	11
23/03/2025	15	1	11
23/03/2025	16	1	11
23/03/2025	17	1	11
23/03/2025	18	1	11
23/03/2025	19	1	11
23/03/2025	20	1	11
23/03/2025	21	1	12
23/03/2025	22	1	11
23/03/2025	23	2	12
24/03/2025	00	2	12
24/03/2025	01	2	12
24/03/2025	02	1	12
24/03/2025	03	1	12
24/03/2025	04	1	12
24/03/2025	05	1	12
24/03/2025	06	1	12
24/03/2025	07	1	12
24/03/2025	08	2	13
24/03/2025	09	2	15
24/03/2025	10	2	13
24/03/2025	11	2	12
24/03/2025	12	1	12
24/03/2025	13	1	12
24/03/2025	14	1	12
24/03/2025	15	1	13
24/03/2025	16	1	12
24/03/2025	17	1	12
24/03/2025	18	1	12
24/03/2025	19	1	12
24/03/2025	20	2	12
24/03/2025	21	2	12
24/03/2025	22	2	13
24/03/2025	23	3	13
25/03/2025	00	3	13
25/03/2025	01	5	16
25/03/2025	02	2	13
25/03/2025	03	1	12
25/03/2025	04	2	12
25/03/2025	05	2	13
25/03/2025	06	2	14
25/03/2025	07	3	13
25/03/2025	08	3	17
25/03/2025	09	2	13
25/03/2025	10	2	13
25/03/2025	11	1	12
25/03/2025	12	1	11
25/03/2025	13	1	12
25/03/2025	14	2	12
25/03/2025	15	2	12
25/03/2025	16	1	12
25/03/2025	17	1	12
25/03/2025	18	1	11
25/03/2025	19	1	11
25/03/2025	20	1	11
25/03/2025	21	2	12
25/03/2025	22	4	15
25/03/2025	23	7	18
26/03/2025	00	8	18
26/03/2025	01	7	18
26/03/2025	02	8	19
26/03/2025	03	30	41
26/03/2025	04	7	18
26/03/2025	05	4	15
26/03/2025	06	7	18
26/03/2025	07	6	18
26/03/2025	08	5	19
26/03/2025	09	3	14
26/03/2025	10	2	13
26/03/2025	11	4	15
26/03/2025	12	4	14
26/03/2025	13	8	19
26/03/2025	14	4	14
26/03/2025	15	2	12
26/03/2025	16	2	13
26/03/2025	17	2	13
26/03/2025	18	3	13
26/03/2025	19	3	13
26/03/2025	20	3	13
26/03/2025	21	4	15
26/03/2025	22	8	19
26/03/2025	23	11	22
27/03/2025	00	12	23
27/03/2025	01	11	22
27/03/2025	02	11	22
27/03/2025	03	7	18
27/03/2025	04	5	16
27/03/2025	05	6	16
27/03/2025	06	5	16
27/03/2025	07	5	16
27/03/2025	08	7	21
27/03/2025	09	6	22
27/03/2025	10	4	14
27/03/2025	11	3	13
27/03/2025	12	4	15
27/03/2025	13	5	16
27/03/2025	14	5	15
27/03/2025	15	5	15
27/03/2025	16	6	16
27/03/2025	17	7	17
27/03/2025	18	7	17
27/03/2025	19	5	16
27/03/2025	20	4	15
27/03/2025	21	4	15
27/03/2025	22	10	21
27/03/2025	23	19	30
28/03/2025	00	18	29
28/03/2025	01	19	30
28/03/2025	02	20	31
28/03/2025	03	30	41
28/03/2025	04	16	27
28/03/2025	05	5	16
28/03/2025	06	6	17
28/03/2025	07	7	19
28/03/2025	08	7	20
28/03/2025	09	6	17
28/03/2025	10	7	18
28/03/2025	11	9	20
28/03/2025	12	5	16
28/03/2025	13	5	15
28/03/2025	14	6	17
28/03/2025	15	5	15
28/03/2025	16	5	15
28/03/2025	17	5	16
28/03/2025	18	4	15
28/03/2025	19	4	15
28/03/2025	20	4	15
28/03/2025	21	5	16
28/03/2025	22	11	22
28/03/2025	23	14	25
29/03/2025	00	13	24
29/03/2025	01	14	25
29/03/2025	02	10	21
29/03/2025	03	4	15
29/03/2025	04	3	14
29/03/2025	05	3	13
29/03/2025	06	2	13
29/03/2025	07	2	14
29/03/2025	08	2	13
29/03/2025	09	1	12
29/03/2025	10	2	13
29/03/2025	11	1	12
29/03/2025	12	3	13
29/03/2025	13	2	12
29/03/2025	14	1	12
29/03/2025	15	1	12
29/03/2025	16	1	12
29/03/2025	17	2	13
29/03/2025	18	1	12
29/03/2025	19	1	12
29/03/2025	20	1	12
29/03/2025	21	2	12
29/03/2025	22	2	12
29/03/2025	23	2	12
30/03/2025	00	1	12
30/03/2025	01	1	12
30/03/2025	02	2	12
30/03/2025	03	1	12
30/03/2025	04	1	12
30/03/2025	05	1	12
30/03/2025	06	2	13
30/03/2025	07	2	13
30/03/2025	08	2	13
30/03/2025	09	2	12
30/03/2025	10	2	12
30/03/2025	11	3	13
30/03/2025	12	2	12
30/03/2025	13	1	11
30/03/2025	14	1	11
30/03/2025	15	1	11
30/03/2025	16	1	11
30/03/2025	17	1	11
30/03/2025	18	1	11
30/03/2025	19	1	11
30/03/2025	20	1	12
30/03/2025	21	2	12
30/03/2025	22	4	15
30/03/2025	23	5	17
31/03/2025	00	4	15
31/03/2025	01	4	14
31/03/2025	02	4	15
31/03/2025	03	3	13
31/03/2025	04	2	13
31/03/2025	05	3	14
31/03/2025	06	4	15
31/03/2025	07	5	20
31/03/2025	08	4	16
31/03/2025	09	5	16
31/03/2025	10	10	21
31/03/2025	11	9	20
31/03/2025	12	5	16
31/03/2025	13	2	13
31/03/2025	14	1	12
31/03/2025	15	1	12
31/03/2025	16	2	12
31/03/2025	17	1	11
31/03/2025	18	1	11
31/03/2025	19	2	13
31/03/2025	20	3	13
31/03/2025	21	5	15
31/03/2025	22	4	16
31/03/2025	23	5	18
01/04/2025	00	6	19
01/04/2025	01	7	18
01/04/2025	02	5	16
01/04/2025	03	3	13
01/04/2025	04	4	15
01/04/2025	05	5	16
01/04/2025	06	5	16
01/04/2025	07	7	18
01/04/2025	08	8	20
01/04/2025	09	4	15
01/04/2025	10	3	13
01/04/2025	11	3	13
01/04/2025	12	2	12
01/04/2025	13	1	12
01/04/2025	14	1	11
01/04/2025	15	1	11
01/04/2025	16	1	11
01/04/2025	17	1	11
01/04/2025	18	1	11
01/04/2025	19	1	11
01/04/2025	20	1	11
01/04/2025	21	1	12
01/04/2025	22	1	12
01/04/2025	23	2	13
02/04/2025	00	3	13
02/04/2025	01	3	14
02/04/2025	02	3	14
02/04/2025	03	3	14
02/04/2025	04	4	14
02/04/2025	05	4	15
02/04/2025	06	7	17
02/04/2025	07	10	22
02/04/2025	08	8	20
02/04/2025	09	5	16
02/04/2025	10	4	15
02/04/2025	11	3	13
02/04/2025	12	3	13
02/04/2025	13	2	12
02/04/2025	14	3	13
02/04/2025	15	2	13
02/04/2025	16	2	13
02/04/2025	17	1	11
02/04/2025	18	1	12
02/04/2025	19	1	12
02/04/2025	20	2	12
02/04/2025	21	2	12
02/04/2025	22	2	12
02/04/2025	23	2	13
03/04/2025	00	3	13
03/04/2025	01	3	13
03/04/2025	02	4	14
03/04/2025	03	4	14
03/04/2025	04	3	13
03/04/2025	05	3	13
03/04/2025	06	4	15
03/04/2025	07	3	14
03/04/2025	08	3	15
03/04/2025	09	3	15
03/04/2025	10	3	15
03/04/2025	11	3	16
03/04/2025	12	3	16
03/04/2025	13	3	16
03/04/2025	14	3	17
03/04/2025	15	3	16
03/04/2025	16	3	15
03/04/2025	17	3	14
03/04/2025	18	3	14
03/04/2025	19	3	14
03/04/2025	20	3	15
03/04/2025	21	4	16
03/04/2025	22	6	18
03/04/2025	23	7	18
04/04/2025	00	6	18
04/04/2025	01	5	17
04/04/2025	02	5	16
04/04/2025	03	4	16
04/04/2025	04	3	15
04/04/2025	05	2	15
04/04/2025	06	2	13
04/04/2025	07	3	13
04/04/2025	08	4	15
04/04/2025	09	4	15
04/04/2025	10	3	14
04/04/2025	11	3	13
04/04/2025	12	3	13
04/04/2025	13	3	14
04/04/2025	14	3	14
04/04/2025	15	4	15
04/04/2025	16	3	14
04/04/2025	17	4	15
04/04/2025	18	4	15
04/04/2025	19	5	15
04/04/2025	20	5	15
04/04/2025	21	5	15
04/04/2025	22	5	15
04/04/2025	23	5	16
05/04/2025	00	5	16
05/04/2025	01	5	16
05/04/2025	02	5	16
05/04/2025	03	7	18
05/04/2025	04	8	18
05/04/2025	05	8	18
05/04/2025	06	7	17
05/04/2025	07	5	15
05/04/2025	08	1	12
05/04/2025	09	1	12
05/04/2025	10	1	12
05/04/2025	11	1	12
05/04/2025	12	1	11
05/04/2025	13	1	11
05/04/2025	14	1	12
05/04/2025	15	1	11
05/04/2025	16	1	11
05/04/2025	17	2	12
05/04/2025	18	1	11
05/04/2025	19	1	11
05/04/2025	20	1	11
05/04/2025	21	2	12
05/04/2025	22	2	12
05/04/2025	23	2	13
06/04/2025	00	2	12
06/04/2025	01	2	12
06/04/2025	02	1	11
06/04/2025	03	1	12
06/04/2025	04	1	11
06/04/2025	05	1	12
06/04/2025	06	2	12
06/04/2025	07	2	13
06/04/2025	08	2	12
06/04/2025	09	2	12
06/04/2025	10	3	13
06/04/2025	11	2	12
06/04/2025	12	4	15
06/04/2025	13	4	15
06/04/2025	14	3	13
06/04/2025	15	2	12
06/04/2025	16	2	12
06/04/2025	17	2	12
06/04/2025	18	2	12
06/04/2025	19	2	12
06/04/2025	20	2	13
06/04/2025	21	3	14
06/04/2025	22	5	15
06/04/2025	23	3	15
07/04/2025	00	3	13
07/04/2025	01	3	13
07/04/2025	02	6	16
07/04/2025	03	4	16
07/04/2025	04	3	14
07/04/2025	05	4	15
07/04/2025	06	4	15
07/04/2025	07	5	19
07/04/2025	08	3	16
07/04/2025	09	2	13
07/04/2025	10	2	12
07/04/2025	11	3	13
07/04/2025	12	3	13
07/04/2025	13	3	13
07/04/2025	14	2	13
07/04/2025	15	3	13
07/04/2025	16	3	13
07/04/2025	17	3	13
07/04/2025	18	3	13
07/04/2025	19	4	15
07/04/2025	20	5	15
07/04/2025	21	4	15
07/04/2025	22	5	16
07/04/2025	23	8	19
08/04/2025	00	5	16
08/04/2025	01	14	15
08/04/2025	02	15	16
08/04/2025	03	15	16
08/04/2025	04	19	20
08/04/2025	05	13	13
08/04/2025	06	13	14
08/04/2025	07	14	17
08/04/2025	08	18	19
08/04/2025	09	16	17
08/04/2025	10	15	15
08/04/2025	11	15	15
08/04/2025	12	17	17
08/04/2025	13	17	17
08/04/2025	14	17	17
08/04/2025	15	17	17
08/04/2025	16	17	17
08/04/2025	17	17	17
08/04/2025	18	17	17
08/04/2025	19	16	16
08/04/2025	20	17	17
08/04/2025	21	19	20
08/04/2025	22	20	20
08/04/2025	23	24	24
09/04/2025	00	24	24
09/04/2025	01	25	26
09/04/2025	02	18	18
09/04/2025	03	16	16
09/04/2025	04	14	14
09/04/2025	05	14	14
09/04/2025	06	14	15
09/04/2025	07	15	17
09/04/2025	08	16	18
09/04/2025	09	15	16
09/04/2025	10	15	15
09/04/2025	11	18	18
09/04/2025	12	18	19
09/04/2025	13	16	16
09/04/2025	14	15	15
09/04/2025	15	14	15
09/04/2025	16	14	14
09/04/2025	17	13	14
09/04/2025	18	13	13
09/04/2025	19	13	13
09/04/2025	20	13	13
09/04/2025	21	14	14
09/04/2025	22	14	15
09/04/2025	23	15	15
10/04/2025	00	14	15
10/04/2025	01	14	14
10/04/2025	02	14	15
10/04/2025	03	14	15
10/04/2025	04	14	14
10/04/2025	05	14	15
10/04/2025	06	15	16
10/04/2025	07	17	21
10/04/2025	08	17	21
10/04/2025	09	14	14
10/04/2025	10	15	16
10/04/2025	11	15	17
10/04/2025	12	14	15
10/04/2025	13	14	14
10/04/2025	14	14	14
10/04/2025	15	14	15
10/04/2025	16	14	14
10/04/2025	17	13	14
10/04/2025	18	13	14
10/04/2025	19	13	14
10/04/2025	20	14	14
10/04/2025	21	14	14
10/04/2025	22	14	14
10/04/2025	23	15	15
11/04/2025	00	14	15
11/04/2025	01	14	14
11/04/2025	02	14	14
11/04/2025	03	13	14
11/04/2025	04	13	14
11/04/2025	05	13	14
11/04/2025	06	13	14
11/04/2025	07	13	14
11/04/2025	08	13	14
11/04/2025	09	14	15
11/04/2025	10	14	15
11/04/2025	11	14	15
11/04/2025	12	14	18
11/04/2025	13	14	16
11/04/2025	14	14	15
11/04/2025	15	14	15
11/04/2025	16	15	15
11/04/2025	17	15	15
11/04/2025	18	14	14
11/04/2025	19	14	15
11/04/2025	20	15	15
11/04/2025	21	15	15
11/04/2025	22	17	17
11/04/2025	23	16	16
12/04/2025	00	16	16
12/04/2025	01	15	15
12/04/2025	02	18	18
12/04/2025	03	18	19
12/04/2025	04	20	20
12/04/2025	05	23	23
12/04/2025	06	24	24
12/04/2025	07	24	24
12/04/2025	08	24	24
12/04/2025	09	21	21
12/04/2025	10	21	21
12/04/2025	11	23	23
12/04/2025	12	22	22
12/04/2025	13	18	19
12/04/2025	14	18	18
12/04/2025	15	23	23
12/04/2025	16	24	25
12/04/2025	17	25	26
12/04/2025	18	25	25
12/04/2025	19	21	21
12/04/2025	20	22	22
12/04/2025	21	24	24
12/04/2025	22	25	26
12/04/2025	23	27	28
13/04/2025	00	29	29
13/04/2025	01	30	30
13/04/2025	02	31	32
13/04/2025	03	32	32
13/04/2025	04	27	27
13/04/2025	05	21	22
13/04/2025	06	25	25
13/04/2025	07	27	28
13/04/2025	08	30	30
13/04/2025	09	30	30
13/04/2025	10	27	28
13/04/2025	11	25	25
13/04/2025	12	22	22
13/04/2025	13	21	21
13/04/2025	14	23	24
13/04/2025	15	21	21
13/04/2025	16	18	18
13/04/2025	17	16	16
13/04/2025	18	18	18
13/04/2025	19	19	19
13/04/2025	20	23	23
13/04/2025	21	24	25
13/04/2025	22	21	22
13/04/2025	23	21	21
14/04/2025	00	25	25
14/04/2025	01	25	26
14/04/2025	02	25	25
14/04/2025	03	24	24
14/04/2025	04	24	25
14/04/2025	05	26	26
14/04/2025	06	28	28
14/04/2025	07	26	26
14/04/2025	08	24	24
14/04/2025	09	23	23
14/04/2025	10	21	21
14/04/2025	11	20	20
14/04/2025	12	19	20
14/04/2025	13	21	21
14/04/2025	14	23	23
14/04/2025	15	22	23
14/04/2025	16	21	21
14/04/2025	17	20	20
14/04/2025	18	21	21
14/04/2025	19	20	20
14/04/2025	20	22	23
14/04/2025	21	24	24
14/04/2025	22	25	25
14/04/2025	23	26	26
15/04/2025	00	25	25
15/04/2025	01	27	27
15/04/2025	02	24	25
15/04/2025	03	23	23
15/04/2025	04	18	19
15/04/2025	05	13	14
15/04/2025	06	12	13
15/04/2025	07	12	12
15/04/2025	08	11	12
15/04/2025	09	11	12
15/04/2025	10	11	11
15/04/2025	11	11	12
15/04/2025	12	11	12
15/04/2025	13	11	11
15/04/2025	14	11	12
15/04/2025	15	11	11
15/04/2025	16	11	12
15/04/2025	17	11	12
15/04/2025	18	11	11
15/04/2025	19	11	11
15/04/2025	20	11	11
15/04/2025	21	11	11
15/04/2025	22	11	11
15/04/2025	23	11	11
16/04/2025	00	11	11
16/04/2025	01	11	11
16/04/2025	02	11	11
16/04/2025	03	11	11
16/04/2025	04	11	11
16/04/2025	05	11	11
16/04/2025	06	11	12
16/04/2025	07	11	12
16/04/2025	08	11	12
16/04/2025	09	11	12
16/04/2025	10	11	13
16/04/2025	11	11	12
16/04/2025	12	11	12
16/04/2025	13	11	13
16/04/2025	14	11	13
16/04/2025	15	11	13
16/04/2025	16	11	12
16/04/2025	17	11	12
16/04/2025	18	11	11
16/04/2025	19	11	11
16/04/2025	20	11	11
16/04/2025	21	11	11
16/04/2025	22	11	11
16/04/2025	23	11	12
17/04/2025	00	11	11
17/04/2025	01	11	11
17/04/2025	02	11	11
17/04/2025	03	11	12
17/04/2025	04	11	12
17/04/2025	05	12	12
17/04/2025	06	13	13
17/04/2025	07	11	12
17/04/2025	08	11	11
17/04/2025	09	11	12
17/04/2025	10	11	12
17/04/2025	11	11	12
17/04/2025	12	11	11
17/04/2025	13	11	11
17/04/2025	14	11	12
17/04/2025	15	11	11
17/04/2025	16	11	11
17/04/2025	17	11	11
17/04/2025	18	11	11
17/04/2025	19	11	11
17/04/2025	20	12	12
17/04/2025	21	13	14
17/04/2025	22	13	14
17/04/2025	23	14	14
18/04/2025	00	12	13
18/04/2025	01	13	13
18/04/2025	02	13	14
18/04/2025	03	13	13
18/04/2025	04	12	13
18/04/2025	05	12	12
18/04/2025	06	12	13
18/04/2025	07	13	13
18/04/2025	08	12	12
18/04/2025	09	11	12
18/04/2025	10	11	12
18/04/2025	11	12	13
18/04/2025	12	13	14
18/04/2025	13	11	12
18/04/2025	14	11	11
18/04/2025	15	11	12
18/04/2025	16	11	12
18/04/2025	17	11	12
18/04/2025	18	11	12
18/04/2025	19	12	12
18/04/2025	20	12	12
18/04/2025	21	13	13
18/04/2025	22	12	13
18/04/2025	23	20	20
19/04/2025	00	21	22
19/04/2025	01	21	21
19/04/2025	02	17	17
19/04/2025	03	16	16
19/04/2025	04	16	16
19/04/2025	05	15	16
19/04/2025	06	16	17
19/04/2025	07	17	17
19/04/2025	08	13	13
19/04/2025	09	15	15
19/04/2025	10	11	12
19/04/2025	11	11	14
19/04/2025	12	11	13
19/04/2025	13	11	14
19/04/2025	14	11	13
19/04/2025	15	11	12
19/04/2025	16	11	12
19/04/2025	17	11	11
19/04/2025	18	11	11
19/04/2025	19	11	11
19/04/2025	20	11	11
19/04/2025	21	11	11
19/04/2025	22	11	11
19/04/2025	23	11	12
20/04/2025	00	11	11
20/04/2025	01	11	11
20/04/2025	02	11	11
20/04/2025	03	11	11
20/04/2025	04	11	11
20/04/2025	05	11	11
20/04/2025	06	11	12
20/04/2025	07	11	11
20/04/2025	08	10	11
20/04/2025	09	10	11
20/04/2025	10	10	11
20/04/2025	11	10	11
20/04/2025	12	10	11
20/04/2025	13	10	11
20/04/2025	14	11	11
20/04/2025	15	10	11
20/04/2025	16	10	11
20/04/2025	17	10	11
20/04/2025	18	10	11
20/04/2025	19	11	11
20/04/2025	20	11	11
20/04/2025	21	11	11
20/04/2025	22	11	11
20/04/2025	23	11	12
21/04/2025	00	11	12
21/04/2025	01	11	12
21/04/2025	02	12	12
21/04/2025	03	11	11
21/04/2025	04	11	11
21/04/2025	05	11	11
21/04/2025	06	11	12
21/04/2025	07	11	12
21/04/2025	08	11	11
21/04/2025	09	11	11
21/04/2025	10	11	11
21/04/2025	11	11	11
21/04/2025	12	12	12
21/04/2025	13	12	12
21/04/2025	14	12	12
21/04/2025	15	11	12
21/04/2025	16	11	11
21/04/2025	17	12	12
21/04/2025	18	11	11
21/04/2025	19	11	11
21/04/2025	20	11	11
21/04/2025	21	12	12
21/04/2025	22	12	13
21/04/2025	23	14	15
22/04/2025	00	13	14
22/04/2025	01	12	13
22/04/2025	02	12	13
22/04/2025	03	13	13
22/04/2025	04	13	13
22/04/2025	05	13	14
22/04/2025	06	14	15
22/04/2025	07	15	16
22/04/2025	08	14	15
22/04/2025	09	21	21
22/04/2025	10	20	21
22/04/2025	11	14	14
22/04/2025	12	17	17
22/04/2025	13	16	16
22/04/2025	14	16	17
22/04/2025	15	14	14
22/04/2025	16	12	12
22/04/2025	17	13	13
22/04/2025	18	12	13
22/04/2025	19	11	11
22/04/2025	20	11	11
22/04/2025	21	13	13
22/04/2025	22	18	18
22/04/2025	23	21	21
23/04/2025	00	23	23
23/04/2025	01	22	23
23/04/2025	02	20	21
23/04/2025	03	19	20
23/04/2025	04	20	20
23/04/2025	05	21	21
23/04/2025	06	19	20
23/04/2025	07	18	18
23/04/2025	08	18	18
23/04/2025	09	14	14
23/04/2025	10	15	16
23/04/2025	11	17	17
23/04/2025	12	14	14
23/04/2025	13	14	14
23/04/2025	14	13	13
23/04/2025	15	12	12
23/04/2025	16	12	12
23/04/2025	17	11	12
23/04/2025	18	11	12
23/04/2025	19	11	11
23/04/2025	20	11	12
23/04/2025	21	13	13
23/04/2025	22	15	15
23/04/2025	23	15	16
24/04/2025	00	16	17
24/04/2025	01	16	17
24/04/2025	02	17	17
24/04/2025	03	15	15
24/04/2025	04	15	16
24/04/2025	05	19	19
24/04/2025	06	20	20
24/04/2025	07	20	20
24/04/2025	08	19	19
24/04/2025	09	19	20
24/04/2025	10	23	23
24/04/2025	11	22	23
24/04/2025	12	19	20
24/04/2025	13	17	17
24/04/2025	14	15	15
24/04/2025	15	16	17
24/04/2025	16	15	15
24/04/2025	17	14	14
24/04/2025	18	14	14
24/04/2025	19	14	15
24/04/2025	20	15	16
24/04/2025	21	16	16
24/04/2025	22	16	16
24/04/2025	23	20	21
25/04/2025	00	21	22
25/04/2025	01	24	24
25/04/2025	02	23	24
25/04/2025	03	24	24
25/04/2025	04	24	25
25/04/2025	05	24	24
25/04/2025	06	27	27
25/04/2025	07	27	27
25/04/2025	08	24	25
25/04/2025	09	19	19
25/04/2025	10	17	17
25/04/2025	11	18	18
25/04/2025	12	14	14
25/04/2025	13	11	11
25/04/2025	14	11	11
25/04/2025	15	11	11
25/04/2025	16	11	11
25/04/2025	17	10	11
25/04/2025	18	11	11
25/04/2025	19	11	11
25/04/2025	20	11	11
25/04/2025	21	11	11
25/04/2025	22	11	11
25/04/2025	23	12	12
26/04/2025	00	13	14
26/04/2025	01	13	14
26/04/2025	02	13	13
26/04/2025	03	13	13
26/04/2025	04	13	13
26/04/2025	05	14	14
26/04/2025	06	13	14
26/04/2025	07	14	14
26/04/2025	08	13	14
26/04/2025	09	13	14
26/04/2025	10	16	16
26/04/2025	11	16	16
26/04/2025	12	14	14
26/04/2025	13	12	12
26/04/2025	14	12	12
26/04/2025	15	11	11
26/04/2025	16	11	11
26/04/2025	17	11	11
26/04/2025	18	11	11
26/04/2025	19	11	11
26/04/2025	20	11	11
26/04/2025	21	12	12
26/04/2025	22	13	14
26/04/2025	23	14	14
27/04/2025	00	13	14
27/04/2025	01	13	13
27/04/2025	02	12	13
27/04/2025	03	12	12
27/04/2025	04	12	13
27/04/2025	05	13	13
27/04/2025	06	14	14
27/04/2025	07	13	13
27/04/2025	08	12	12
27/04/2025	09	12	12
27/04/2025	10	12	12
27/04/2025	11	11	12
27/04/2025	12	11	11
27/04/2025	13	11	11
27/04/2025	14	10	11
27/04/2025	15	10	11
27/04/2025	16	10	11
27/04/2025	17	10	11
27/04/2025	18	10	11
27/04/2025	19	10	11
27/04/2025	20	10	11
27/04/2025	21	10	11
27/04/2025	22	11	11
27/04/2025	23	12	12
28/04/2025	00	12	12
28/04/2025	01	11	12
28/04/2025	02	12	12
28/04/2025	03	12	12
28/04/2025	04	11	11
28/04/2025	05	11	12
28/04/2025	06	12	13
28/04/2025	07	13	14
28/04/2025	08	12	13
28/04/2025	09	12	13
28/04/2025	10	12	12
28/04/2025	22	12	12
28/04/2025	23	14	14
29/04/2025	00	14	14
29/04/2025	01	13	13
29/04/2025	02	12	13
29/04/2025	03	12	13
29/04/2025	04	12	13
29/04/2025	05	13	13
29/04/2025	06	13	13
29/04/2025	07	12	13
29/04/2025	08	12	12
29/04/2025	09	11	12
29/04/2025	10	11	12
29/04/2025	11	11	12
29/04/2025	12	11	12
29/04/2025	13	11	12
29/04/2025	14	11	12
29/04/2025	15	11	13
29/04/2025	16	12	13
29/04/2025	17	11	12
29/04/2025	18	11	12
29/04/2025	19	11	11
29/04/2025	20	11	11
29/04/2025	21	11	11
29/04/2025	22	11	11
29/04/2025	23	11	11
30/04/2025	00	12	12
30/04/2025	01	11	12
30/04/2025	02	11	12
30/04/2025	03	12	12
30/04/2025	04	12	12
30/04/2025	05	12	13
30/04/2025	06	14	14
30/04/2025	07	14	14
30/04/2025	08	13	13
30/04/2025	09	12	12
30/04/2025	10	12	13
30/04/2025	11	12	14
30/04/2025	12	12	14
30/04/2025	13	12	16
30/04/2025	14	12	14
30/04/2025	15	11	12
30/04/2025	16	11	13
30/04/2025	17	11	12
30/04/2025	18	11	12
30/04/2025	19	12	12
30/04/2025	20	12	12
30/04/2025	21	12	13
30/04/2025	22	13	13
30/04/2025	23	13	14
