Red: Red de Vigilancia y Control de la Contaminación Atmosférica
Estación: 46220016-Sagunt HOLCIM Met
	
FECHA	HORA	Veloc.	Direc.
		m/s	grados
01/07/2024	00	3	15
01/07/2024	01	3,1	5
01/07/2024	02	2,4	17
01/07/2024	03	2,1	29
01/07/2024	04	4,5	45
01/07/2024	05	5	39
01/07/2024	06	3,5	25
01/07/2024	07	3,6	27
01/07/2024	08	7,8	358
01/07/2024	09	4	2
01/07/2024	10	4,3	38
01/07/2024	11	5,3	56
01/07/2024	12	2,5	338
01/07/2024	13	2,7	357
01/07/2024	14	1,5	240
01/07/2024	15	4,1	173
01/07/2024	16	5,1	146
01/07/2024	17	4,3	150
01/07/2024	18	3,8	114
01/07/2024	19	4,5	118
01/07/2024	20	3,1	115
01/07/2024	21	2,2	114
01/07/2024	22	2,3	197
01/07/2024	23	2,1	215
02/07/2024	00	1,9	226
02/07/2024	01	2,3	229
02/07/2024	02	1,8	289
02/07/2024	03	2,4	295
02/07/2024	04	2,2	302
02/07/2024	05	2	328
02/07/2024	06	1,5	353
02/07/2024	07	2,9	346
02/07/2024	08	4,9	336
02/07/2024	09	4,4	324
02/07/2024	10	2	23
02/07/2024	11	2,8	98
02/07/2024	12	3,2	106
02/07/2024	13	4,4	116
02/07/2024	14	5,3	121
02/07/2024	15	5,4	120
02/07/2024	16	5,2	124
02/07/2024	17	4,4	120
02/07/2024	18	3,9	115
02/07/2024	19	3,3	127
02/07/2024	20	3,1	122
02/07/2024	21	2,9	104
02/07/2024	22	1,8	98
02/07/2024	23	1,3	171
03/07/2024	00	1	283
03/07/2024	01	1,2	295
03/07/2024	02	1,8	286
03/07/2024	03	2	278
03/07/2024	04	1,9	294
03/07/2024	05	1,9	304
03/07/2024	06	3,5	344
03/07/2024	07	2,4	320
03/07/2024	08	3,2	270
03/07/2024	09	2,3	290
03/07/2024	10	1,3	212
03/07/2024	11	3,1	169
03/07/2024	12	3,4	152
03/07/2024	13	3,8	140
03/07/2024	14	4,1	116
03/07/2024	15	4,5	118
03/07/2024	16	4,8	122
03/07/2024	17	4,1	118
03/07/2024	18	2,9	109
03/07/2024	19	3,1	77
03/07/2024	20	3,9	49
03/07/2024	21	2,2	34
03/07/2024	22	2,5	6
03/07/2024	23	3,8	359
04/07/2024	00	3,5	332
04/07/2024	01	3,2	327
04/07/2024	02	2	30
04/07/2024	03	1,6	346
04/07/2024	04	1,8	228
04/07/2024	05	1,5	274
04/07/2024	06	2,5	287
04/07/2024	07	1,5	295
04/07/2024	08	1,5	329
04/07/2024	09	2,2	354
04/07/2024	10	4,4	27
04/07/2024	11	5,7	47
04/07/2024	12	4,3	58
04/07/2024	13	4,7	57
04/07/2024	14	4,9	56
04/07/2024	15	5	53
04/07/2024	16	5,7	51
04/07/2024	17	5,7	57
04/07/2024	18	3,6	68
04/07/2024	19	3,3	64
04/07/2024	20	3,2	60
04/07/2024	21	3,2	47
04/07/2024	22	2,8	51
04/07/2024	23	2,3	49
05/07/2024	00	1,2	10
05/07/2024	01	1,5	323
05/07/2024	02	2,1	318
05/07/2024	03	2	317
05/07/2024	04	1,8	317
05/07/2024	05	2,3	313
05/07/2024	06	2,6	311
05/07/2024	07	2,7	315
05/07/2024	08	2,5	318
05/07/2024	09	2,3	339
05/07/2024	10	2,3	20
05/07/2024	11	3,1	54
05/07/2024	12	3	69
05/07/2024	13	3,4	93
05/07/2024	14	4,3	112
05/07/2024	15	4,5	117
05/07/2024	16	4	127
05/07/2024	17	3,7	116
05/07/2024	18	4,1	116
05/07/2024	19	3,4	114
05/07/2024	20	2,9	110
05/07/2024	21	1,5	126
05/07/2024	22	1	51
05/07/2024	23	1	337
06/07/2024	00	1	6
06/07/2024	01	1	300
06/07/2024	02	1,2	353
06/07/2024	03	1,7	342
06/07/2024	04	1,5	309
06/07/2024	05	1,9	297
06/07/2024	06	2	297
06/07/2024	07	1,4	299
06/07/2024	08	2,3	311
06/07/2024	09	1,5	306
06/07/2024	10	1,1	181
06/07/2024	11	2,7	167
06/07/2024	12	3,5	158
06/07/2024	13	4,1	118
06/07/2024	14	4,2	103
06/07/2024	15	3,6	88
06/07/2024	16	5	71
06/07/2024	17	6,4	67
06/07/2024	18	6,2	62
06/07/2024	19	6,2	58
06/07/2024	20	5,9	50
06/07/2024	21	5	45
06/07/2024	22	4,7	44
06/07/2024	23	3,9	25
07/07/2024	00	5	2
07/07/2024	01	5,7	2
07/07/2024	02	5,4	349
07/07/2024	03	3,8	343
07/07/2024	04	2,8	322
07/07/2024	05	1,2	359
07/07/2024	06	1,3	287
07/07/2024	07	2,1	331
07/07/2024	08	3,5	357
07/07/2024	09	3,1	355
07/07/2024	10	2,9	349
07/07/2024	11	3,3	357
07/07/2024	12	3,2	19
07/07/2024	13	4	40
07/07/2024	14	4	60
07/07/2024	15	3,5	66
07/07/2024	16	3,6	77
07/07/2024	17	3,8	86
07/07/2024	18	4	103
07/07/2024	19	3,6	108
07/07/2024	20	3,1	104
07/07/2024	21	2,8	102
07/07/2024	22	2,1	87
07/07/2024	23	2,5	72
08/07/2024	00	2,4	50
08/07/2024	01	1,7	7
08/07/2024	02	2,1	340
08/07/2024	03	1,1	332
08/07/2024	04	1,5	340
08/07/2024	05	1,2	29
08/07/2024	06	1,7	40
08/07/2024	07	1,9	92
08/07/2024	08	1,1	141
08/07/2024	09	1,1	333
08/07/2024	10	1	354
08/07/2024	11	1	332
08/07/2024	12	2,4	160
08/07/2024	13	4	115
08/07/2024	14	4,9	117
08/07/2024	15	4,6	122
08/07/2024	16	4,5	103
08/07/2024	17	4,1	109
08/07/2024	18	3,7	124
08/07/2024	19	3,7	109
08/07/2024	20	3,1	114
08/07/2024	21	2,3	95
08/07/2024	22	2	101
08/07/2024	23	1,3	81
09/07/2024	00	1,3	40
09/07/2024	01	1,3	52
09/07/2024	02	1,1	315
09/07/2024	03	2	302
09/07/2024	04	1,7	294
09/07/2024	05	2,2	298
09/07/2024	06	1,8	301
09/07/2024	07	1,2	299
09/07/2024	08	2,3	288
09/07/2024	09	1,3	301
09/07/2024	10	1,1	240
09/07/2024	11	1,6	156
09/07/2024	12	2,7	110
09/07/2024	13	4,2	112
09/07/2024	14	3,5	110
09/07/2024	15	3,5	108
09/07/2024	16	3,8	118
09/07/2024	17	3,5	112
09/07/2024	18	3,2	107
09/07/2024	19	3,1	104
09/07/2024	20	2,5	101
09/07/2024	21	2,2	104
09/07/2024	22	1,3	93
09/07/2024	23	1,2	28
10/07/2024	00	2,3	343
10/07/2024	01	2	335
10/07/2024	02	1	322
10/07/2024	03	1,1	257
10/07/2024	04	1,1	277
10/07/2024	05	1	287
10/07/2024	06	1,4	281
10/07/2024	07	1,5	298
10/07/2024	08	1,1	273
10/07/2024	09	1	233
10/07/2024	10	1,3	59
10/07/2024	11	1,8	47
10/07/2024	12	2,8	59
10/07/2024	13	2,9	81
10/07/2024	14	3,1	95
10/07/2024	15	3,3	101
10/07/2024	16	3,9	111
10/07/2024	17	3,9	109
10/07/2024	18	3,4	103
10/07/2024	19	2,9	65
10/07/2024	20	2,8	43
10/07/2024	21	3,9	10
10/07/2024	22	4,2	353
10/07/2024	23	3,6	342
11/07/2024	00	3,3	332
11/07/2024	01	1,2	35
11/07/2024	02	1,9	98
11/07/2024	03	1,2	94
11/07/2024	04	1	308
11/07/2024	05	1,4	309
11/07/2024	06	1,8	305
11/07/2024	07	1,9	308
11/07/2024	08	1,8	308
11/07/2024	09	1,9	350
11/07/2024	10	3,3	43
11/07/2024	11	4,6	58
11/07/2024	12	4,2	59
11/07/2024	13	4,7	59
11/07/2024	14	4,9	55
11/07/2024	15	4,4	54
11/07/2024	16	3,6	61
11/07/2024	17	3,6	108
11/07/2024	18	3,3	108
11/07/2024	19	2,6	84
11/07/2024	20	3,6	53
11/07/2024	21	4,5	45
11/07/2024	22	5,2	45
11/07/2024	23	4,4	36
12/07/2024	00	2,8	14
12/07/2024	01	2,4	348
12/07/2024	02	2,5	330
12/07/2024	03	2,4	319
12/07/2024	04	2,5	313
12/07/2024	05	1,2	321
12/07/2024	06	1,3	348
12/07/2024	07	2,4	339
12/07/2024	08	2,8	347
12/07/2024	09	3,3	348
12/07/2024	10	3,4	6
12/07/2024	11	4,7	43
12/07/2024	12	4,5	64
12/07/2024	13	3,7	83
12/07/2024	14	4,4	97
12/07/2024	15	3,8	94
12/07/2024	16	4	90
12/07/2024	17	3,6	90
12/07/2024	18	3,4	75
12/07/2024	19	3,1	93
12/07/2024	20	2,1	109
12/07/2024	21	2	88
12/07/2024	22	2,6	37
12/07/2024	23	2	11
13/07/2024	00	2,5	356
13/07/2024	01	2,5	358
13/07/2024	02	2,4	359
13/07/2024	03	3,4	66
13/07/2024	04	3,8	65
13/07/2024	05	4	57
13/07/2024	06	3,4	54
13/07/2024	07	2	14
13/07/2024	08	2,4	49
13/07/2024	09	3,2	40
13/07/2024	10	3,3	9
13/07/2024	11	2,7	6
13/07/2024	12	4,4	92
13/07/2024	13	4,3	99
13/07/2024	14	3,3	79
13/07/2024	15	3,4	79
13/07/2024	16	3,9	68
13/07/2024	17	4,8	62
13/07/2024	18	3,9	78
13/07/2024	19	3,2	95
13/07/2024	20	3,1	103
13/07/2024	21	2,5	101
13/07/2024	22	2	52
13/07/2024	23	1,3	24
14/07/2024	00	1	1
14/07/2024	01	1,1	351
14/07/2024	02	1,5	323
14/07/2024	03	2,5	317
14/07/2024	04	1,3	321
14/07/2024	05	1,1	304
14/07/2024	06	1,1	291
14/07/2024	07	1,1	288
14/07/2024	08	1,5	290
14/07/2024	09	1,1	289
14/07/2024	10	2,2	219
14/07/2024	11	3,2	171
14/07/2024	12	3,7	148
14/07/2024	13	4	151
14/07/2024	14	3,9	156
14/07/2024	15	5	122
14/07/2024	16	5,4	115
14/07/2024	17	5,4	127
14/07/2024	18	4,7	123
14/07/2024	19	3,5	105
14/07/2024	20	3,1	65
14/07/2024	21	3,7	30
14/07/2024	22	3,7	26
14/07/2024	23	2,9	8
15/07/2024	00	4,4	359
15/07/2024	01	3,6	356
15/07/2024	02	2,4	357
15/07/2024	03	3,5	346
15/07/2024	04	2,9	323
15/07/2024	05	2,2	298
15/07/2024	06	2,2	300
15/07/2024	07	1,8	289
15/07/2024	08	2,1	286
15/07/2024	09	1,4	304
15/07/2024	10	1,1	266
15/07/2024	11	1,2	233
15/07/2024	12	3	100
15/07/2024	13	3,3	110
15/07/2024	14	3,4	110
15/07/2024	15	3,6	116
15/07/2024	16	3,6	155
15/07/2024	17	3	159
15/07/2024	18	2,6	107
15/07/2024	19	2,4	74
15/07/2024	20	4,4	43
15/07/2024	21	4,8	37
15/07/2024	22	3,5	28
15/07/2024	23	2,5	8
16/07/2024	00	3,1	351
16/07/2024	01	2,7	344
16/07/2024	02	1,2	335
16/07/2024	03	1,7	312
16/07/2024	04	2,7	316
16/07/2024	05	1,8	323
16/07/2024	06	3,1	353
16/07/2024	07	3,4	354
16/07/2024	08	3,3	21
16/07/2024	09	2,8	12
16/07/2024	10	5	35
16/07/2024	11	6,3	47
16/07/2024	12	6,4	57
16/07/2024	13	5,1	63
16/07/2024	14	4,1	67
16/07/2024	15	3,9	81
16/07/2024	16	3,7	82
16/07/2024	17	4,2	71
16/07/2024	18	4,9	58
16/07/2024	19	5,2	53
16/07/2024	20	4,5	42
16/07/2024	21	4,1	41
16/07/2024	22	3,8	41
16/07/2024	23	2,5	12
17/07/2024	00	2,4	0
17/07/2024	01	2,4	5
17/07/2024	02	2,8	28
17/07/2024	03	3,3	26
17/07/2024	04	4,3	46
17/07/2024	05	4,1	50
17/07/2024	06	3,6	45
17/07/2024	07	3,8	35
17/07/2024	08	2,7	16
17/07/2024	09	3,7	22
17/07/2024	10	5,4	39
17/07/2024	11	6,2	50
17/07/2024	12	5,2	60
17/07/2024	13	5,2	61
17/07/2024	14	5	63
17/07/2024	15	5,2	63
17/07/2024	16	5	69
17/07/2024	17	4	77
17/07/2024	18	3,4	93
17/07/2024	19	2,8	85
17/07/2024	20	2,5	70
17/07/2024	21	2,7	60
17/07/2024	22	1,6	37
17/07/2024	23	1,6	360
18/07/2024	00	1,2	344
18/07/2024	01	1,7	329
18/07/2024	02	1,9	306
18/07/2024	03	1,9	296
18/07/2024	04	1,8	276
18/07/2024	05	1,3	281
18/07/2024	06	1,3	295
18/07/2024	07	1,5	278
18/07/2024	08	1,1	280
18/07/2024	09	1,3	210
18/07/2024	10	2,2	199
18/07/2024	11	2,8	163
18/07/2024	12	3,5	166
18/07/2024	13	3,2	165
18/07/2024	14	3,4	119
18/07/2024	15	2,7	108
18/07/2024	16	2,9	107
18/07/2024	17	2,9	103
18/07/2024	18	2,4	78
18/07/2024	19	2,7	58
18/07/2024	20	3	59
18/07/2024	21	2,5	52
18/07/2024	22	3	43
18/07/2024	23	1,5	2
19/07/2024	00	1	332
19/07/2024	01	1	271
19/07/2024	02	1,5	252
19/07/2024	03	2,1	201
19/07/2024	04	3,5	208
19/07/2024	05	1,7	261
19/07/2024	06	1	301
19/07/2024	07	1,6	293
19/07/2024	08	1,5	316
19/07/2024	09	1,6	315
19/07/2024	10	1,6	27
19/07/2024	11	1,9	131
19/07/2024	12	2,2	148
19/07/2024	13	2,6	102
19/07/2024	14	2,9	105
19/07/2024	15	3,1	107
19/07/2024	16	3,5	106
19/07/2024	17	2,7	101
19/07/2024	18	2,1	97
19/07/2024	19	1,9	67
19/07/2024	20	2	41
19/07/2024	21	1,4	12
19/07/2024	22	1,3	14
19/07/2024	23	1,9	348
20/07/2024	00	2	336
20/07/2024	01	2,3	315
20/07/2024	02	2,1	304
20/07/2024	03	1,9	302
20/07/2024	04	2,3	304
20/07/2024	05	2,2	306
20/07/2024	06	2,4	303
20/07/2024	07	3	299
20/07/2024	08	2,8	301
20/07/2024	09	2,1	307
20/07/2024	10	1,1	11
20/07/2024	11	1,7	101
20/07/2024	12	2,4	107
20/07/2024	13	2,9	109
20/07/2024	14	3,6	112
20/07/2024	15	3,4	107
20/07/2024	16	3	108
20/07/2024	17	1,9	101
20/07/2024	18	3	47
20/07/2024	19	4,2	46
20/07/2024	20	5,3	43
20/07/2024	21	5,1	33
20/07/2024	22	4,1	9
20/07/2024	23	4,6	2
21/07/2024	00	4	351
21/07/2024	01	2,5	335
21/07/2024	02	1,7	324
21/07/2024	03	1,2	269
21/07/2024	04	1,6	236
21/07/2024	05	3,1	258
21/07/2024	06	4	354
21/07/2024	07	3,3	344
21/07/2024	08	3	35
21/07/2024	09	1,8	64
21/07/2024	10	3	116
21/07/2024	11	4	161
21/07/2024	12	4	91
21/07/2024	13	4,6	79
21/07/2024	14	4,6	68
21/07/2024	15	5,1	82
21/07/2024	16	5,1	90
21/07/2024	17	5	87
21/07/2024	18	4,6	83
21/07/2024	19	4,2	88
21/07/2024	20	3,3	86
21/07/2024	21	3,2	64
21/07/2024	22	2,2	69
21/07/2024	23	1,6	70
22/07/2024	00	1	18
22/07/2024	01	1,3	317
22/07/2024	02	1,7	307
22/07/2024	03	2,7	307
22/07/2024	04	3,1	304
22/07/2024	05	2,7	309
22/07/2024	06	2,3	303
22/07/2024	07	2,4	307
22/07/2024	08	1,8	299
22/07/2024	09	1,2	287
22/07/2024	10	1,3	223
22/07/2024	11	2,9	125
22/07/2024	12	3,8	111
22/07/2024	13	5,1	114
22/07/2024	14	6,2	117
22/07/2024	15	5,5	116
22/07/2024	16	5,2	112
22/07/2024	17	4,4	102
22/07/2024	18	4	101
22/07/2024	19	3,2	100
22/07/2024	20	2,9	102
22/07/2024	21	2,5	106
22/07/2024	22	1,1	95
22/07/2024	23	0,3	332
23/07/2024	00	1,1	302
23/07/2024	01	1,2	280
23/07/2024	02	1,4	295
23/07/2024	03	2,7	303
23/07/2024	04	2,8	292
23/07/2024	05	2,3	276
23/07/2024	06	2,4	279
23/07/2024	07	2,4	307
23/07/2024	08	0,9	273
23/07/2024	09	1,3	224
23/07/2024	10	0,9	223
23/07/2024	11	1,7	184
23/07/2024	12	2,7	165
23/07/2024	13	4,1	158
23/07/2024	14	3,7	140
23/07/2024	15	4,2	114
23/07/2024	16	3,9	110
23/07/2024	17	3,6	114
23/07/2024	18	3,6	109
23/07/2024	19	3	102
23/07/2024	20	2,7	71
23/07/2024	21	3	43
23/07/2024	22	2,2	10
23/07/2024	23	3,7	357
24/07/2024	00	3,7	2
24/07/2024	01	2,9	357
24/07/2024	02	2	1
24/07/2024	03	2,3	357
24/07/2024	04	1,6	346
24/07/2024	05	1,2	302
24/07/2024	06	0,6	312
24/07/2024	07	2,5	331
24/07/2024	08	3,9	351
24/07/2024	09	5	1
24/07/2024	10	4,1	20
24/07/2024	11	4,8	44
24/07/2024	12	4,7	49
24/07/2024	13	4,9	53
24/07/2024	14	4,6	55
24/07/2024	15	2,7	84
24/07/2024	16	3,3	122
24/07/2024	17	4,4	119
24/07/2024	18	3,3	101
24/07/2024	19	3,8	68
24/07/2024	20	5,2	52
24/07/2024	21	4,6	42
24/07/2024	22	3,8	30
24/07/2024	23	3	23
25/07/2024	00	2,3	4
25/07/2024	01	2,3	359
25/07/2024	02	2,7	359
25/07/2024	03	2,3	351
25/07/2024	04	3,3	354
25/07/2024	05	4	356
25/07/2024	06	4,5	356
25/07/2024	07	5,2	355
25/07/2024	08	4,5	354
25/07/2024	09	5,3	356
25/07/2024	10	4,7	6
25/07/2024	11	5,9	32
25/07/2024	12	7,1	46
25/07/2024	13	7,4	48
25/07/2024	14	6,7	58
25/07/2024	15	4,7	74
25/07/2024	16	4,8	63
25/07/2024	17	3,7	71
25/07/2024	18	3,8	69
25/07/2024	19	4,4	59
25/07/2024	20	4,7	52
25/07/2024	21	3,6	60
25/07/2024	22	1,5	37
25/07/2024	23	1,3	326
26/07/2024	00	2	305
26/07/2024	01	1,3	276
26/07/2024	02	1,4	191
26/07/2024	03	1,2	169
26/07/2024	04	1,1	305
26/07/2024	05	2,1	313
26/07/2024	06	2	304
26/07/2024	07	2,8	312
26/07/2024	08	3,4	315
26/07/2024	09	3,1	306
26/07/2024	10	1,7	344
26/07/2024	11	1,9	128
26/07/2024	12	3	118
26/07/2024	13	3,4	107
26/07/2024	14	3,7	107
26/07/2024	15	4	117
26/07/2024	16	4	110
26/07/2024	17	3,9	101
26/07/2024	18	4,1	101
26/07/2024	19	3,6	100
26/07/2024	20	3	102
26/07/2024	21	2,4	99
26/07/2024	22	2,1	102
26/07/2024	23	2,1	102
27/07/2024	00	1,2	108
27/07/2024	01	1,7	297
27/07/2024	02	3,1	308
27/07/2024	03	4	318
27/07/2024	04	3,2	322
27/07/2024	05	1,6	282
27/07/2024	06	1,2	271
27/07/2024	07	2,5	297
27/07/2024	08	2,1	302
27/07/2024	09	2,3	304
27/07/2024	10	1	312
27/07/2024	11	1,1	162
27/07/2024	12	2,8	106
27/07/2024	13	3,3	108
27/07/2024	14	3	103
27/07/2024	15	3,8	103
27/07/2024	16	4	105
27/07/2024	17	2,9	90
27/07/2024	18	2,8	87
27/07/2024	19	3,4	73
27/07/2024	20	3,7	59
27/07/2024	21	1,7	41
27/07/2024	22	2	45
27/07/2024	23	1,4	47
28/07/2024	00	0,9	7
28/07/2024	01	2,1	324
28/07/2024	02	2,5	309
28/07/2024	03	3,3	312
28/07/2024	04	2,7	301
28/07/2024	05	2,4	294
28/07/2024	06	1,4	298
28/07/2024	07	2,2	295
28/07/2024	08	3,5	313
28/07/2024	09	4,1	350
28/07/2024	10	4,3	7
28/07/2024	11	5,9	30
28/07/2024	12	8,5	45
28/07/2024	13	8,5	54
28/07/2024	14	8,8	52
28/07/2024	15	8,4	49
28/07/2024	16	7,9	49
28/07/2024	17	7,6	46
28/07/2024	18	8,2	49
28/07/2024	19	7	45
28/07/2024	20	6,5	49
28/07/2024	21	4,9	44
28/07/2024	22	3,6	31
28/07/2024	23	3,2	356
29/07/2024	00	3,2	347
29/07/2024	01	3	344
29/07/2024	02	2,2	276
29/07/2024	03	1,1	216
29/07/2024	04	1,2	301
29/07/2024	05	1,6	321
29/07/2024	06	1,5	299
29/07/2024	07	1,9	309
29/07/2024	08	0,9	294
29/07/2024	09	0,9	306
29/07/2024	10	0,4	341
29/07/2024	11	1,7	48
29/07/2024	12	2,4	61
29/07/2024	13	2,9	69
29/07/2024	14	2,3	87
29/07/2024	15	2,9	126
29/07/2024	16	2,9	103
29/07/2024	17	2,6	102
29/07/2024	18	2,9	109
29/07/2024	19	1,3	96
29/07/2024	20	1,3	60
29/07/2024	21	1,5	49
29/07/2024	22	0,4	23
29/07/2024	23	1	11
30/07/2024	00	1,4	333
30/07/2024	01	2,2	304
30/07/2024	02	2,8	318
30/07/2024	03	1,8	271
30/07/2024	04	2,4	255
30/07/2024	05	2	253
30/07/2024	06	2	314
30/07/2024	07	1,8	323
30/07/2024	08	1,3	314
30/07/2024	09	0,8	308
30/07/2024	10	0,5	317
30/07/2024	11	1,7	207
30/07/2024	12	1,4	163
30/07/2024	13	2,2	161
30/07/2024	14	2,8	166
30/07/2024	15	2,9	158
30/07/2024	16	2	161
30/07/2024	17	2,1	105
30/07/2024	18	2	90
30/07/2024	19	2	105
30/07/2024	20	2,4	110
30/07/2024	21	1,7	97
30/07/2024	22	0,2	7
30/07/2024	23	1,4	335
31/07/2024	00	2,7	287
31/07/2024	01	2,9	280
31/07/2024	02	3,5	287
31/07/2024	03	2,9	287
31/07/2024	04	3,9	289
31/07/2024	05	2,8	294
31/07/2024	06	3	296
31/07/2024	07	2,7	295
31/07/2024	08	2,9	281
31/07/2024	09	2,4	275
31/07/2024	10	1,2	248
31/07/2024	11	2	193
31/07/2024	12	2,4	155
31/07/2024	13	2,9	150
31/07/2024	14	3,9	124
31/07/2024	15	3,3	119
31/07/2024	16	2,9	105
31/07/2024	17	2,7	103
31/07/2024	18	2,9	66
31/07/2024	19	3,9	55
31/07/2024	20	4,2	43
31/07/2024	21	3,9	37
31/07/2024	22	3	20
31/07/2024	23	2,1	354
01/08/2024	00	1,8	342
01/08/2024	01	1,2	310
01/08/2024	02	1,4	219
01/08/2024	03	1	251
01/08/2024	04	1,5	292
01/08/2024	05	1,4	317
01/08/2024	06	2,3	339
01/08/2024	07	4,5	354
01/08/2024	08	4,4	359
01/08/2024	09	3,1	7
01/08/2024	10	4,6	32
01/08/2024	11	3,5	49
01/08/2024	12	2,6	71
01/08/2024	13	2,8	79
01/08/2024	14	3,6	66
01/08/2024	15	3,2	64
01/08/2024	16	3,6	66
01/08/2024	17	3,3	72
01/08/2024	18	2,5	84
01/08/2024	19	2,2	92
01/08/2024	20	2,5	53
01/08/2024	21	2,2	53
01/08/2024	22	1,2	25
01/08/2024	23	0,8	27
02/08/2024	00	0,9	338
02/08/2024	01	1	349
02/08/2024	02	1,2	345
02/08/2024	03	0,7	348
02/08/2024	04	1,1	337
02/08/2024	05	2,3	350
02/08/2024	06	2,6	341
02/08/2024	07	2,6	332
02/08/2024	08	2,2	309
02/08/2024	09	3	311
02/08/2024	10	2,6	348
02/08/2024	11	4,8	46
02/08/2024	12	5,1	62
02/08/2024	13	5,1	55
02/08/2024	14	5,8	49
02/08/2024	15	7,4	50
02/08/2024	16	6,9	55
02/08/2024	17	8,8	47
02/08/2024	18	9,1	24
02/08/2024	19	6,4	321
02/08/2024	20	4,5	300
02/08/2024	21	4,3	209
02/08/2024	22	4,1	212
02/08/2024	23	3,2	193
03/08/2024	00	2,3	282
03/08/2024	01	3,4	346
03/08/2024	02	2,6	317
03/08/2024	03	3	313
03/08/2024	04	2,7	299
03/08/2024	05	0,9	297
03/08/2024	06	1	287
03/08/2024	07	2,1	306
03/08/2024	08	2,2	299
03/08/2024	09	1	13
03/08/2024	10	0,7	70
03/08/2024	11	2,3	106
03/08/2024	12	4	110
03/08/2024	13	5	116
03/08/2024	14	5,1	118
03/08/2024	15	5,5	114
03/08/2024	16	5,8	120
03/08/2024	17	4,7	110
03/08/2024	18	3,9	100
03/08/2024	19	3,1	103
03/08/2024	20	2,7	101
03/08/2024	21	2,6	74
03/08/2024	22	2,3	65
03/08/2024	23	2,3	58
04/08/2024	00	0,7	40
04/08/2024	01	0,4	10
04/08/2024	02	0,9	347
04/08/2024	03	2,2	348
04/08/2024	04	3,1	339
04/08/2024	05	2,5	324
04/08/2024	06	1,9	310
04/08/2024	07	2,3	308
04/08/2024	08	2,2	308
04/08/2024	09	2,8	317
04/08/2024	10	3,7	357
04/08/2024	11	4,7	40
04/08/2024	12	4,9	49
04/08/2024	13	3,3	71
04/08/2024	14	2,9	97
04/08/2024	15	4,4	119
04/08/2024	16	4	102
04/08/2024	17	3	90
04/08/2024	18	4,1	65
04/08/2024	19	4,2	65
04/08/2024	20	3,8	65
04/08/2024	21	3,7	60
04/08/2024	22	3,4	57
04/08/2024	23	2,7	45
05/08/2024	00	1,1	11
05/08/2024	01	2,3	350
05/08/2024	02	1,5	353
05/08/2024	03	1,3	357
05/08/2024	04	2,1	332
05/08/2024	05	3,4	326
05/08/2024	06	3,2	326
05/08/2024	07	3,2	325
05/08/2024	08	2,9	299
05/08/2024	09	2,2	297
05/08/2024	10	1,5	284
05/08/2024	11	1,5	23
05/08/2024	12	2,4	76
05/08/2024	13	3,7	99
05/08/2024	14	3,9	123
05/08/2024	15	4,7	136
05/08/2024	16	4,5	119
05/08/2024	17	4	107
05/08/2024	18	3,6	95
05/08/2024	19	3,9	62
05/08/2024	20	4,2	66
05/08/2024	21	1,9	86
05/08/2024	22	3	39
05/08/2024	23	3,1	25
06/08/2024	00	2,7	21
06/08/2024	01	2,1	3
06/08/2024	02	2,9	356
06/08/2024	03	2,9	349
06/08/2024	04	3,8	348
06/08/2024	05	3,8	344
06/08/2024	06	3,5	323
06/08/2024	07	3,1	306
06/08/2024	08	2,7	298
06/08/2024	09	2,1	297
06/08/2024	10	2,5	346
06/08/2024	11	2,7	34
06/08/2024	12	4,5	55
06/08/2024	13	4,9	58
06/08/2024	14	4,5	59
06/08/2024	15	4,4	61
06/08/2024	16	3	93
06/08/2024	17	4	119
06/08/2024	18	3,7	100
06/08/2024	19	5,1	51
06/08/2024	20	6,4	38
06/08/2024	21	6	39
06/08/2024	22	4,9	38
06/08/2024	23	2,8	358
07/08/2024	00	1,1	1
07/08/2024	01	0,6	316
07/08/2024	02	0,5	312
07/08/2024	03	1,7	306
07/08/2024	04	2	303
07/08/2024	05	3,1	306
07/08/2024	06	2,8	311
07/08/2024	07	2,5	304
07/08/2024	08	2,8	306
07/08/2024	09	2,3	305
07/08/2024	10	2,7	16
07/08/2024	11	5,4	46
07/08/2024	12	6,5	47
07/08/2024	13	7,2	54
07/08/2024	14	4,7	64
07/08/2024	15	4,6	71
07/08/2024	16	5	67
07/08/2024	17	4,6	60
07/08/2024	18	5,1	52
07/08/2024	19	4,7	49
07/08/2024	20	3,4	46
07/08/2024	21	1,7	43
07/08/2024	22	1,9	48
07/08/2024	23	1,5	36
08/08/2024	00	1,7	330
08/08/2024	01	2,6	311
08/08/2024	02	2,5	305
08/08/2024	03	2,6	302
08/08/2024	04	2,5	298
08/08/2024	05	2,6	304
08/08/2024	06	2,9	312
08/08/2024	07	2,8	315
08/08/2024	08	2,7	318
08/08/2024	09	1,8	309
08/08/2024	10	2,2	359
08/08/2024	11	4,5	52
08/08/2024	12	5,1	59
08/08/2024	13	4,8	63
08/08/2024	14	3,6	72
08/08/2024	15	4,2	71
08/08/2024	16	4,5	66
08/08/2024	17	4,5	64
08/08/2024	18	4,3	60
08/08/2024	19	3,3	57
08/08/2024	20	3,3	56
08/08/2024	21	2,8	43
08/08/2024	22	2	33
08/08/2024	23	1,1	1
09/08/2024	00	1,3	327
09/08/2024	01	1,4	316
09/08/2024	02	1,6	286
09/08/2024	03	1,9	291
09/08/2024	04	1,3	316
09/08/2024	05	1,9	306
09/08/2024	06	2,2	306
09/08/2024	07	2,2	306
09/08/2024	08	2,1	308
09/08/2024	09	1,9	309
09/08/2024	10	1	338
09/08/2024	11	1,8	69
09/08/2024	12	2,6	107
09/08/2024	13	2,2	105
09/08/2024	14	3,2	109
09/08/2024	15	3,2	105
09/08/2024	16	3,2	101
09/08/2024	17	2,7	78
09/08/2024	18	3,2	62
09/08/2024	19	2,1	61
09/08/2024	20	2,8	57
09/08/2024	21	2,8	54
09/08/2024	22	1,8	40
09/08/2024	23	0,6	3
10/08/2024	00	1,3	322
10/08/2024	01	1,5	301
10/08/2024	02	1,3	296
10/08/2024	03	1,6	294
10/08/2024	04	2,3	310
10/08/2024	05	1,9	301
10/08/2024	06	2,5	304
10/08/2024	07	3	302
10/08/2024	08	3,2	304
10/08/2024	09	2,8	306
10/08/2024	10	1,1	335
10/08/2024	11	0,8	81
10/08/2024	12	1,6	150
10/08/2024	13	2,8	107
10/08/2024	14	2,7	103
10/08/2024	15	3,2	102
10/08/2024	16	3,4	106
10/08/2024	17	3,1	99
10/08/2024	18	2,9	102
10/08/2024	19	3	106
10/08/2024	20	2	100
10/08/2024	21	1,4	79
10/08/2024	22	0,4	22
10/08/2024	23	0,5	358
11/08/2024	00	0,8	349
11/08/2024	01	1,5	304
11/08/2024	02	2,1	305
11/08/2024	03	2,9	305
11/08/2024	04	3	301
11/08/2024	05	3	300
11/08/2024	06	2,5	304
11/08/2024	07	2,5	299
11/08/2024	08	2,3	293
11/08/2024	09	0,9	277
11/08/2024	10	1,3	129
11/08/2024	11	2,4	91
11/08/2024	12	2,5	88
11/08/2024	13	3,2	104
11/08/2024	14	2,7	103
11/08/2024	15	2,7	97
11/08/2024	16	2,7	92
11/08/2024	17	3,3	99
11/08/2024	18	3,2	93
11/08/2024	19	3,9	64
11/08/2024	20	3,8	50
11/08/2024	21	3,2	41
11/08/2024	22	3,3	31
11/08/2024	23	1,7	4
12/08/2024	00	1	336
12/08/2024	01	0,9	309
12/08/2024	02	0,5	311
12/08/2024	03	1,8	277
12/08/2024	04	1,3	289
12/08/2024	05	2,3	303
12/08/2024	06	2,2	303
12/08/2024	07	2,8	302
12/08/2024	08	2,5	303
12/08/2024	09	1,9	300
12/08/2024	10	1	265
12/08/2024	11	1,7	182
12/08/2024	12	2,6	155
12/08/2024	13	4,1	113
12/08/2024	14	3,9	107
12/08/2024	15	4	103
12/08/2024	16	3,5	101
12/08/2024	17	3,5	101
12/08/2024	18	3	103
12/08/2024	19	2,6	102
12/08/2024	20	2,4	74
12/08/2024	21	3,9	43
12/08/2024	22	3,3	29
12/08/2024	23	2,7	17
13/08/2024	00	2,9	352
13/08/2024	01	1,8	339
13/08/2024	02	2	351
13/08/2024	03	2,5	314
13/08/2024	04	1,6	303
13/08/2024	05	2,8	314
13/08/2024	06	3,6	316
13/08/2024	07	3,3	314
13/08/2024	08	3,3	316
13/08/2024	09	2,8	315
13/08/2024	10	2,7	317
13/08/2024	11	1,5	25
13/08/2024	12	2,6	86
13/08/2024	13	3,6	104
13/08/2024	14	4,1	105
13/08/2024	15	4,4	109
13/08/2024	16	4,6	106
13/08/2024	17	4,4	92
13/08/2024	18	4,9	73
13/08/2024	19	8,6	45
13/08/2024	20	7	15
13/08/2024	21	4,2	19
13/08/2024	22	3,1	337
13/08/2024	23	3,7	310
14/08/2024	00	3,9	314
14/08/2024	01	3,1	315
14/08/2024	02	2,6	312
14/08/2024	03	2,8	309
14/08/2024	04	4,1	313
14/08/2024	05	3,9	304
14/08/2024	06	2,3	338
14/08/2024	07	1,8	303
14/08/2024	08	0,9	331
14/08/2024	09	1,6	3
14/08/2024	10	2,7	358
14/08/2024	11	2,8	0
14/08/2024	12	3,2	27
14/08/2024	13	4,8	48
14/08/2024	14	4,1	81
14/08/2024	15	4,3	13
14/08/2024	16	4,4	307
14/08/2024	17	3,1	334
14/08/2024	18	1,5	305
14/08/2024	19	2	253
14/08/2024	20	1,7	267
14/08/2024	21	3	301
14/08/2024	22	3	298
14/08/2024	23	2,4	267
15/08/2024	00	1,5	297
15/08/2024	01	3,1	302
15/08/2024	02	4	311
15/08/2024	03	4,4	318
15/08/2024	04	4,5	318
15/08/2024	05	5	317
15/08/2024	06	3,7	318
15/08/2024	07	5,1	314
15/08/2024	08	5,9	316
15/08/2024	09	5,7	308
15/08/2024	10	4,3	310
15/08/2024	11	1,1	345
15/08/2024	12	3,4	61
15/08/2024	13	3,5	82
15/08/2024	14	3,5	98
15/08/2024	15	4	108
15/08/2024	16	4,5	110
15/08/2024	17	4,5	79
15/08/2024	18	3,8	68
15/08/2024	19	3,2	58
15/08/2024	20	3,5	49
15/08/2024	21	3,5	47
15/08/2024	22	1,9	26
15/08/2024	23	1,1	34
16/08/2024	00	1,1	331
16/08/2024	01	1,5	280
16/08/2024	02	1,3	270
16/08/2024	03	2,6	283
16/08/2024	04	2,3	295
16/08/2024	05	2,5	300
16/08/2024	06	2,5	303
16/08/2024	07	2,8	300
16/08/2024	08	3,1	308
16/08/2024	09	3,8	308
16/08/2024	10	1,9	352
16/08/2024	11	2,1	62
16/08/2024	12	2,6	89
16/08/2024	13	3,9	108
16/08/2024	14	3,7	105
16/08/2024	15	4	116
16/08/2024	16	3,6	100
16/08/2024	17	3,8	105
16/08/2024	18	4,1	108
16/08/2024	19	4	104
16/08/2024	20	3,1	106
16/08/2024	21	2	168
16/08/2024	22	2,2	196
16/08/2024	23	2,1	216
17/08/2024	00	2,2	234
17/08/2024	01	0,8	258
17/08/2024	02	1	291
17/08/2024	03	1,9	301
17/08/2024	04	2,3	290
17/08/2024	05	2,4	293
17/08/2024	06	2,5	302
17/08/2024	07	2,4	284
17/08/2024	08	2,6	286
17/08/2024	09	1,5	280
17/08/2024	10	2,5	212
17/08/2024	11	4,8	200
17/08/2024	12	3,7	163
17/08/2024	13	5,1	151
17/08/2024	14	5,4	152
17/08/2024	15	6	141
17/08/2024	16	6,2	139
17/08/2024	17	6,4	129
17/08/2024	18	5,5	117
17/08/2024	19	3,8	114
17/08/2024	20	2	86
17/08/2024	21	2,8	18
17/08/2024	22	3,4	0
17/08/2024	23	3,9	357
18/08/2024	00	3,7	8
18/08/2024	01	4,1	357
18/08/2024	02	2,9	349
18/08/2024	03	4,1	352
18/08/2024	04	3,7	342
18/08/2024	05	3,1	339
18/08/2024	06	3,4	335
18/08/2024	07	1,9	310
18/08/2024	08	2	307
18/08/2024	09	2,3	322
18/08/2024	10	2,3	357
18/08/2024	11	4,1	46
18/08/2024	12	5,7	56
18/08/2024	13	4,8	66
18/08/2024	14	3,7	89
18/08/2024	15	4,2	104
18/08/2024	16	4,4	111
18/08/2024	17	4	105
18/08/2024	18	3,2	92
18/08/2024	19	3	111
18/08/2024	20	3,2	118
18/08/2024	21	2,4	182
18/08/2024	22	1,1	226
18/08/2024	23	1,1	297
19/08/2024	00	2,2	339
19/08/2024	01	2,8	314
19/08/2024	02	3,4	307
19/08/2024	03	2,8	310
19/08/2024	04	2,7	318
19/08/2024	05	2,9	311
19/08/2024	06	4,4	321
19/08/2024	07	2,2	1
19/08/2024	08	1,8	13
19/08/2024	09	1	350
19/08/2024	10	0,9	41
19/08/2024	11	3	108
19/08/2024	12	3,5	109
19/08/2024	13	5,2	116
19/08/2024	14	5,2	109
19/08/2024	15	4,1	106
19/08/2024	16	4	109
19/08/2024	17	3,6	97
19/08/2024	18	3,4	89
19/08/2024	19	2,9	86
19/08/2024	20	3,8	58
19/08/2024	21	3,3	45
19/08/2024	22	2	16
19/08/2024	23	0,9	10
20/08/2024	00	0,8	302
20/08/2024	01	1,2	286
20/08/2024	02	2,2	305
20/08/2024	03	2,6	312
20/08/2024	04	3,1	318
20/08/2024	05	2	305
20/08/2024	06	1,7	331
20/08/2024	07	2,4	301
20/08/2024	08	1,8	283
20/08/2024	09	1,5	296
20/08/2024	10	1,1	334
20/08/2024	11	0,4	101
20/08/2024	12	2,2	103
20/08/2024	13	3,4	110
20/08/2024	14	3,7	100
20/08/2024	15	3,8	96
20/08/2024	16	3,9	105
20/08/2024	17	3,6	103
20/08/2024	18	4,7	118
20/08/2024	19	4,5	117
20/08/2024	20	3,6	113
20/08/2024	21	2,4	99
20/08/2024	22	2	77
20/08/2024	23	1,9	85
21/08/2024	00	1,3	93
21/08/2024	01	0,8	319
21/08/2024	02	1,4	315
21/08/2024	03	1,9	322
21/08/2024	04	2,7	351
21/08/2024	05	2,4	353
21/08/2024	06	1	348
21/08/2024	07	0,5	5
21/08/2024	08	0,8	298
21/08/2024	09	0,9	341
21/08/2024	10	1,7	25
21/08/2024	11	2,7	15
21/08/2024	12	2,6	92
21/08/2024	13	4,5	113
21/08/2024	14	4,5	125
21/08/2024	15	5,2	118
21/08/2024	16	5,2	117
21/08/2024	17	4,8	139
21/08/2024	18	4,6	140
21/08/2024	19	4,1	153
21/08/2024	20	3	158
21/08/2024	21	1,9	160
21/08/2024	22	1,9	133
21/08/2024	23	1,5	136
22/08/2024	00	2,3	130
22/08/2024	01	1,8	53
22/08/2024	02	1	346
22/08/2024	03	2,4	304
22/08/2024	04	3,5	311
22/08/2024	05	3,2	302
22/08/2024	06	2,9	312
22/08/2024	07	2,8	302
22/08/2024	08	1,9	309
22/08/2024	09	1,5	298
22/08/2024	10	0,6	262
22/08/2024	11	2	179
22/08/2024	12	2,9	168
22/08/2024	13	3,3	161
22/08/2024	14	4,3	123
22/08/2024	15	4,4	109
22/08/2024	16	4	103
22/08/2024	17	2,8	82
22/08/2024	18	2,8	94
22/08/2024	19	2,2	93
22/08/2024	20	2	70
22/08/2024	21	1,4	26
22/08/2024	22	1,9	354
22/08/2024	23	2,3	48
23/08/2024	00	2,3	62
23/08/2024	01	0,8	106
23/08/2024	02	0,6	318
23/08/2024	03	1	352
23/08/2024	04	1,9	327
23/08/2024	05	2,4	359
23/08/2024	06	2,3	350
23/08/2024	07	1,9	337
23/08/2024	08	2,5	338
23/08/2024	09	3,5	348
23/08/2024	10	3,2	3
23/08/2024	11	4	40
23/08/2024	12	4,4	58
23/08/2024	13	4,4	73
23/08/2024	14	4,1	86
23/08/2024	15	4,6	107
23/08/2024	16	4,6	108
23/08/2024	17	3,5	103
23/08/2024	18	3,2	105
23/08/2024	19	2	135
23/08/2024	20	1,9	162
23/08/2024	21	2,5	102
23/08/2024	22	2,7	131
23/08/2024	23	3,1	174
24/08/2024	00	1,6	213
24/08/2024	01	1,2	254
24/08/2024	02	2,3	316
24/08/2024	03	2,2	319
24/08/2024	04	2,4	309
24/08/2024	05	3	305
24/08/2024	06	2,9	309
24/08/2024	07	3,7	307
24/08/2024	08	4,2	307
24/08/2024	09	3,8	306
24/08/2024	10	3	305
24/08/2024	11	0,9	255
24/08/2024	12	2,8	118
24/08/2024	13	3,1	102
24/08/2024	14	3,6	104
24/08/2024	15	4,3	108
24/08/2024	16	4	101
24/08/2024	17	4,2	106
24/08/2024	18	3,3	95
24/08/2024	19	2,4	82
24/08/2024	20	2,5	98
24/08/2024	21	2	95
24/08/2024	22	1,2	38
24/08/2024	23	0,7	10
25/08/2024	00	1,6	335
25/08/2024	01	1,9	309
25/08/2024	02	1,8	317
25/08/2024	03	1,8	339
25/08/2024	04	2,7	345
25/08/2024	05	2,6	352
25/08/2024	06	3,5	350
25/08/2024	07	2,5	346
25/08/2024	08	0,9	329
25/08/2024	09	3,7	5
25/08/2024	10	4,7	15
25/08/2024	11	5,8	31
25/08/2024	12	7	42
25/08/2024	13	8,2	48
25/08/2024	14	8	43
25/08/2024	15	7,7	57
25/08/2024	16	6,6	62
25/08/2024	17	5,6	66
25/08/2024	18	6,4	53
25/08/2024	19	6,2	37
25/08/2024	20	4,5	36
25/08/2024	21	3,9	19
25/08/2024	22	4,1	17
25/08/2024	23	2,8	6
26/08/2024	00	2,6	341
26/08/2024	01	2,7	355
26/08/2024	02	1,1	354
26/08/2024	03	1,5	350
26/08/2024	04	2,5	322
26/08/2024	05	3,1	313
26/08/2024	06	3,7	315
26/08/2024	07	3,8	316
26/08/2024	08	4,1	316
26/08/2024	09	4	317
26/08/2024	10	3,3	320
26/08/2024	11	3,2	351
26/08/2024	12	2,9	45
26/08/2024	13	3,9	57
26/08/2024	14	3,4	74
26/08/2024	15	3,8	82
26/08/2024	16	4	83
26/08/2024	17	4,1	86
26/08/2024	18	4,7	119
26/08/2024	19	3,8	112
26/08/2024	20	3,3	111
26/08/2024	21	2,5	141
26/08/2024	22	1,6	187
26/08/2024	23	1,3	169
27/08/2024	00	1	266
27/08/2024	01	0,9	295
27/08/2024	02	1	297
27/08/2024	03	1,8	303
27/08/2024	04	1,8	301
27/08/2024	05	1,8	299
27/08/2024	06	1,6	296
27/08/2024	07	1,5	298
27/08/2024	08	2	298
27/08/2024	09	1,9	302
27/08/2024	10	1,6	278
27/08/2024	11	2,6	173
27/08/2024	12	2,7	156
27/08/2024	13	3,6	110
27/08/2024	14	4	147
27/08/2024	15	5,3	135
27/08/2024	16	6,2	120
27/08/2024	17	5,8	119
27/08/2024	18	5,1	123
27/08/2024	19	4,6	114
27/08/2024	20	3,4	105
27/08/2024	21	2,7	94
27/08/2024	22	3,1	70
27/08/2024	23	2,5	86
28/08/2024	00	2	91
28/08/2024	01	1,5	68
28/08/2024	02	1,2	13
28/08/2024	03	2,4	1
28/08/2024	04	2,1	2
28/08/2024	05	3	360
28/08/2024	06	3,2	357
28/08/2024	07	3,4	358
28/08/2024	08	3	357
28/08/2024	09	3	354
28/08/2024	10	3,6	359
28/08/2024	11	3,6	7
28/08/2024	12	2,8	12
28/08/2024	13	4	105
28/08/2024	14	4,6	109
28/08/2024	15	5	115
28/08/2024	16	5,1	120
28/08/2024	17	4,1	107
28/08/2024	18	3,5	104
28/08/2024	19	2,8	98
28/08/2024	20	2,2	94
28/08/2024	21	2,2	87
28/08/2024	22	1,7	67
28/08/2024	23	1,2	11
29/08/2024	00	1,8	332
29/08/2024	01	2,6	313
29/08/2024	02	2,3	315
29/08/2024	03	1,2	307
29/08/2024	04	1,7	305
29/08/2024	05	1,8	303
29/08/2024	06	1,9	302
29/08/2024	07	2,7	297
29/08/2024	08	2,9	309
29/08/2024	09	1,6	312
29/08/2024	10	1,9	318
29/08/2024	11	2,6	48
29/08/2024	12	4	64
29/08/2024	13	3,1	75
29/08/2024	14	2,5	81
29/08/2024	15	3,1	80
29/08/2024	16	3,9	100
29/08/2024	17	4,1	106
29/08/2024	18	3,8	109
29/08/2024	19	3,1	88
29/08/2024	20	3	87
29/08/2024	21	3,4	55
29/08/2024	22	2,3	45
29/08/2024	23	1,2	341
30/08/2024	00	1,7	14
30/08/2024	01	1,4	348
30/08/2024	02	2,2	351
30/08/2024	03	2,6	349
30/08/2024	04	2,2	3
30/08/2024	05	2,1	47
30/08/2024	06	2,6	41
30/08/2024	07	2,2	340
30/08/2024	08	2,8	319
30/08/2024	09	2,2	341
30/08/2024	10	2,6	8
30/08/2024	11	2,5	34
30/08/2024	12	2,7	93
30/08/2024	13	3,8	58
30/08/2024	14	4,4	46
30/08/2024	15	3,8	55
30/08/2024	16	3,1	78
30/08/2024	17	3,3	77
30/08/2024	18	3,3	75
30/08/2024	19	2,3	91
30/08/2024	20	2	71
30/08/2024	21	2,5	54
30/08/2024	22	1,8	19
30/08/2024	23	2,7	2
31/08/2024	00	3,8	1
31/08/2024	01	2,7	351
31/08/2024	02	3,5	323
31/08/2024	03	3,6	320
31/08/2024	04	2,3	41
31/08/2024	05	1,9	288
31/08/2024	06	3,1	311
31/08/2024	07	4,3	313
31/08/2024	08	1,9	353
31/08/2024	09	3,5	327
31/08/2024	10	3,5	314
31/08/2024	11	3	27
31/08/2024	12	4,3	57
31/08/2024	13	4,9	59
31/08/2024	14	4,4	67
31/08/2024	15	4,9	58
31/08/2024	16	4,7	64
31/08/2024	17	4,3	68
31/08/2024	18	4,7	62
31/08/2024	19	4,6	52
31/08/2024	20	3,7	56
31/08/2024	21	3,4	56
31/08/2024	22	2,9	54
31/08/2024	23	2,1	63
01/09/2024	00	1,2	7
01/09/2024	01	1,7	316
01/09/2024	02	1,4	305
01/09/2024	03	2,2	307
01/09/2024	04	2,4	310
01/09/2024	05	2,5	305
01/09/2024	06	2,7	310
01/09/2024	07	3,3	315
01/09/2024	08	3,4	313
01/09/2024	09	3,3	314
01/09/2024	10	3,6	311
01/09/2024	11	3,1	344
01/09/2024	12	4,3	48
01/09/2024	13	5,2	55
01/09/2024	14	2,7	81
01/09/2024	15	3,7	76
01/09/2024	16	3,6	78
01/09/2024	17	5,5	62
01/09/2024	18	5,6	20
01/09/2024	19	2,9	329
01/09/2024	20	3,8	315
01/09/2024	21	5,2	310
01/09/2024	22	5,1	310
01/09/2024	23	4	306
02/09/2024	00	3,5	305
02/09/2024	01	2,9	306
02/09/2024	02	3,1	304
02/09/2024	03	2,5	307
02/09/2024	04	2,9	308
02/09/2024	05	3,7	313
02/09/2024	06	3,8	314
02/09/2024	07	3,8	307
02/09/2024	08	3,2	307
02/09/2024	09	2,7	312
02/09/2024	10	2,4	315
02/09/2024	11	2,3	322
02/09/2024	12	2,4	344
02/09/2024	13	3,8	341
02/09/2024	14	4,2	341
02/09/2024	15	3,1	334
02/09/2024	16	2,3	328
02/09/2024	17	2,1	22
02/09/2024	18	3,6	57
02/09/2024	19	3,4	70
02/09/2024	20	2,3	95
02/09/2024	21	0,9	230
02/09/2024	22	0,9	98
02/09/2024	23	0,9	313
03/09/2024	00	2,5	319
03/09/2024	01	3,1	310
03/09/2024	02	2,8	331
03/09/2024	03	2,9	9
03/09/2024	04	2,6	329
03/09/2024	05	3	317
03/09/2024	06	3,1	315
03/09/2024	07	2,7	312
03/09/2024	08	2,1	357
03/09/2024	09	2,9	355
03/09/2024	10	2,5	66
03/09/2024	11	6,3	59
03/09/2024	12	4,2	7
03/09/2024	13	5,9	24
03/09/2024	14	8,5	43
03/09/2024	15	7,5	33
03/09/2024	16	7,1	40
03/09/2024	17	5,2	39
03/09/2024	18	4,5	36
03/09/2024	19	3,2	24
03/09/2024	20	2,7	352
03/09/2024	21	2,2	346
03/09/2024	22	2,8	341
03/09/2024	23	3	331
04/09/2024	00	2,4	338
04/09/2024	01	2,3	342
04/09/2024	02	2,8	352
04/09/2024	03	2,9	347
04/09/2024	04	3,2	352
04/09/2024	05	3,4	327
04/09/2024	06	3,1	325
04/09/2024	07	3,5	342
04/09/2024	08	4	1
04/09/2024	09	4,8	33
04/09/2024	10	4,6	8
06/09/2024	11	2,3	143
06/09/2024	12	3,7	112
06/09/2024	13	4,8	106
06/09/2024	14	4,8	108
06/09/2024	15	5,6	114
06/09/2024	16	5,7	120
06/09/2024	17	4,3	113
06/09/2024	18	2,9	100
06/09/2024	19	2,6	72
06/09/2024	20	3,1	60
06/09/2024	21	3,4	56
06/09/2024	22	3,2	55
07/09/2024	00	2,5	347
07/09/2024	01	3,3	333
07/09/2024	02	3,9	313
07/09/2024	03	4,1	309
07/09/2024	04	2,5	294
07/09/2024	05	2	292
07/09/2024	06	1,7	290
07/09/2024	07	1,9	246
07/09/2024	08	2,9	206
07/09/2024	09	4,7	218
07/09/2024	10	4,9	223
07/09/2024	11	7,6	232
07/09/2024	12	5,5	250
07/09/2024	13	8	240
07/09/2024	14	8,3	239
07/09/2024	15	6,8	184
07/09/2024	16	5,7	171
07/09/2024	17	5	183
07/09/2024	18	5,2	184
07/09/2024	19	4,6	197
07/09/2024	20	3,1	222
07/09/2024	21	1,8	245
07/09/2024	22	2	303
08/09/2024	00	2,3	282
08/09/2024	01	3,3	267
08/09/2024	02	5,9	291
08/09/2024	03	3,5	301
08/09/2024	04	2,4	308
08/09/2024	05	1	275
08/09/2024	06	1,2	269
08/09/2024	07	1,9	270
08/09/2024	08	2,1	258
08/09/2024	09	2,7	231
08/09/2024	10	4,4	220
08/09/2024	11	5,8	211
08/09/2024	12	5,6	169
08/09/2024	13	6,1	188
08/09/2024	14	7,7	227
08/09/2024	15	8,9	231
08/09/2024	16	9,6	236
08/09/2024	17	8,3	233
08/09/2024	18	7,1	253
08/09/2024	19	7,7	2
08/09/2024	20	6,6	358
08/09/2024	21	5,3	356
08/09/2024	22	6,7	1
09/09/2024	00	5,6	360
09/09/2024	01	3	352
09/09/2024	02	2,2	305
09/09/2024	03	2,8	303
09/09/2024	04	5,3	310
09/09/2024	05	4	301
09/09/2024	06	2,7	289
09/09/2024	07	5,7	306
09/09/2024	08	5,6	306
09/09/2024	09	3,1	258
09/09/2024	10	3,7	329
09/09/2024	11	4,3	87
09/09/2024	12	4,5	111
09/09/2024	13	4,2	114
09/09/2024	14	4,5	116
09/09/2024	15	4,4	119
09/09/2024	16	3,8	148
09/09/2024	17	3,8	155
09/09/2024	18	3,1	124
09/09/2024	19	3,2	109
09/09/2024	20	2,1	99
09/09/2024	21	1,1	331
09/09/2024	22	2,7	305
10/09/2024	00	3,8	310
10/09/2024	01	4,3	314
10/09/2024	02	4,3	317
10/09/2024	03	5	316
10/09/2024	04	4,7	310
10/09/2024	05	3,9	305
10/09/2024	06	3,3	302
10/09/2024	07	1,6	301
10/09/2024	08	0,3	15
10/09/2024	09	1,9	127
10/09/2024	10	3,3	156
10/09/2024	11	5,5	138
10/09/2024	12	5,9	129
10/09/2024	13	5,2	115
10/09/2024	14	3,9	104
10/09/2024	15	4	98
10/09/2024	16	3,9	106
10/09/2024	17	2,9	103
10/09/2024	18	2,4	93
10/09/2024	19	1,9	93
10/09/2024	20	1,3	84
10/09/2024	21	0,7	15
10/09/2024	22	2,1	304
11/09/2024	00	2,6	305
11/09/2024	01	3,8	308
11/09/2024	02	3,5	314
11/09/2024	03	2,1	310
11/09/2024	04	1,8	304
11/09/2024	05	2	297
11/09/2024	06	1,9	313
11/09/2024	07	1,4	289
11/09/2024	08	1,1	349
11/09/2024	09	1,6	37
11/09/2024	10	2,9	59
11/09/2024	11	2,8	85
11/09/2024	12	3,3	94
11/09/2024	13	4,1	104
11/09/2024	14	4	113
11/09/2024	15	3,8	118
11/09/2024	16	3,3	101
11/09/2024	17	3,2	89
11/09/2024	18	3	91
11/09/2024	19	3	106
11/09/2024	20	2,5	100
11/09/2024	21	2	134
11/09/2024	22	2,4	312
12/09/2024	00	3,7	319
12/09/2024	01	3,2	312
12/09/2024	02	4,9	311
12/09/2024	03	4,3	303
12/09/2024	04	2,3	280
12/09/2024	05	1,9	261
12/09/2024	06	0,8	354
12/09/2024	07	1	327
12/09/2024	08	3,2	277
12/09/2024	09	5,6	311
12/09/2024	10	5,8	306
12/09/2024	11	4,1	224
12/09/2024	12	4	147
12/09/2024	13	5,2	134
12/09/2024	14	4,8	130
12/09/2024	15	4	106
12/09/2024	16	3,4	75
12/09/2024	17	3,7	82
12/09/2024	18	3,6	73
12/09/2024	19	3,1	78
12/09/2024	20	2,5	91
12/09/2024	21	2,4	98
12/09/2024	22	2	296
13/09/2024	00	5,3	301
13/09/2024	01	6,8	305
13/09/2024	02	7,4	306
13/09/2024	03	9,7	304
13/09/2024	04	9,9	305
13/09/2024	05	10,9	312
13/09/2024	06	9,7	320
13/09/2024	07	7,5	313
13/09/2024	08	5,8	312
13/09/2024	09	2,9	11
13/09/2024	10	2,4	68
13/09/2024	11	3,2	88
13/09/2024	12	4,4	107
13/09/2024	13	3,9	93
13/09/2024	14	4,1	89
13/09/2024	15	4	87
13/09/2024	16	4,5	115
13/09/2024	17	3,4	110
13/09/2024	18	3	110
13/09/2024	19	2,2	106
13/09/2024	20	2,1	102
13/09/2024	21	1,3	329
13/09/2024	22	2,5	301
14/09/2024	00	4,2	307
14/09/2024	01	4,6	304
14/09/2024	02	4,4	306
14/09/2024	03	4,3	306
14/09/2024	04	4,3	307
14/09/2024	05	3,8	313
14/09/2024	06	4,3	305
14/09/2024	07	4,8	308
14/09/2024	08	2,9	332
14/09/2024	09	1,1	1
14/09/2024	10	1,8	99
14/09/2024	11	4	121
14/09/2024	12	5	120
14/09/2024	13	5	152
14/09/2024	14	4,9	152
14/09/2024	15	5	157
14/09/2024	16	4,9	150
14/09/2024	17	4,1	148
14/09/2024	18	3,3	164
14/09/2024	19	2,5	175
14/09/2024	20	1,5	179
14/09/2024	21	2,5	312
14/09/2024	22	3	305
15/09/2024	00	4,8	304
15/09/2024	01	4,6	306
15/09/2024	02	5,6	306
15/09/2024	03	4,3	308
15/09/2024	04	3,5	304
15/09/2024	05	2,9	299
15/09/2024	06	2,9	303
15/09/2024	07	2,3	290
15/09/2024	08	1,4	274
15/09/2024	09	0,6	106
15/09/2024	10	1,5	122
15/09/2024	11	2,6	102
15/09/2024	12	3,2	103
15/09/2024	13	3,9	118
15/09/2024	14	3,6	102
15/09/2024	15	3,3	105
15/09/2024	16	3,2	104
15/09/2024	17	2,6	98
15/09/2024	18	2,5	71
15/09/2024	19	2,1	12
15/09/2024	20	2,2	350
15/09/2024	21	2,6	325
15/09/2024	22	2,9	307
16/09/2024	00	2,9	307
16/09/2024	01	2,8	302
16/09/2024	02	3	306
16/09/2024	03	4,2	306
16/09/2024	04	4,5	308
16/09/2024	05	4,1	310
16/09/2024	06	4,8	306
16/09/2024	07	3	287
16/09/2024	08	1	281
16/09/2024	09	0,8	348
16/09/2024	10	1,7	102
16/09/2024	11	2,5	159
16/09/2024	12	4,4	141
16/09/2024	13	4,7	125
16/09/2024	14	3,6	106
16/09/2024	15	3,1	105
16/09/2024	16	2,7	112
16/09/2024	17	2,6	105
16/09/2024	18	2	100
16/09/2024	19	1,4	89
16/09/2024	20	1,5	53
16/09/2024	21	1,8	303
16/09/2024	22	2,3	302
17/09/2024	00	3,5	303
17/09/2024	01	4,4	305
17/09/2024	02	3	295
17/09/2024	03	3,2	305
17/09/2024	04	3,7	307
17/09/2024	05	4	304
17/09/2024	06	3,6	311
17/09/2024	07	3,5	313
17/09/2024	08	3,3	316
17/09/2024	09	2,4	16
17/09/2024	10	3,5	52
17/09/2024	11	3,6	69
17/09/2024	12	4,3	70
17/09/2024	13	4	89
17/09/2024	14	3,6	115
17/09/2024	15	3,5	105
17/09/2024	16	2,9	112
17/09/2024	17	3,1	114
17/09/2024	18	3	130
17/09/2024	19	3,7	130
17/09/2024	20	4,7	122
17/09/2024	21	4,2	123
17/09/2024	22	3,4	140
18/09/2024	00	1,8	217
18/09/2024	01	3,4	343
18/09/2024	02	5,2	28
18/09/2024	03	3,8	358
18/09/2024	04	4	4
18/09/2024	05	4,2	353
18/09/2024	06	5	358
18/09/2024	07	5,5	358
18/09/2024	08	4,1	2
18/09/2024	09	5,5	359
18/09/2024	10	4,5	20
18/09/2024	11	5,3	39
18/09/2024	12	3,8	45
18/09/2024	13	3,6	55
18/09/2024	14	3	64
18/09/2024	15	3,3	88
18/09/2024	16	3,2	99
18/09/2024	17	2,3	78
18/09/2024	18	2,3	65
18/09/2024	19	2,1	63
18/09/2024	20	1,9	39
18/09/2024	21	1,6	350
18/09/2024	22	3,2	317
19/09/2024	00	3,7	309
19/09/2024	01	3,9	314
19/09/2024	02	3,6	320
19/09/2024	03	3,5	319
19/09/2024	04	3,2	289
19/09/2024	05	1,7	160
19/09/2024	06	0,6	342
19/09/2024	07	1,9	338
19/09/2024	08	1,5	329
19/09/2024	09	1,6	10
19/09/2024	10	3,5	153
19/09/2024	11	1,1	234
19/09/2024	12	1,2	258
19/09/2024	13	1,5	204
19/09/2024	14	3,7	92
19/09/2024	15	3	99
19/09/2024	16	2,8	95
19/09/2024	17	2,3	88
19/09/2024	18	2,6	177
19/09/2024	19	4,5	239
19/09/2024	20	2,4	238
19/09/2024	21	1,6	301
19/09/2024	22	2,3	351
20/09/2024	00	3,4	16
20/09/2024	01	2,8	357
20/09/2024	02	2,1	346
20/09/2024	03	2,1	309
20/09/2024	04	1,7	314
20/09/2024	05	2,7	305
20/09/2024	06	3,3	305
20/09/2024	07	4	309
20/09/2024	08	3,6	311
20/09/2024	09	2,6	315
20/09/2024	10	1,2	318
20/09/2024	11	2,2	73
20/09/2024	12	3,4	105
20/09/2024	13	3,4	97
20/09/2024	14	3,4	81
20/09/2024	15	3,1	67
20/09/2024	16	3	93
20/09/2024	17	3,1	104
20/09/2024	18	2,3	82
20/09/2024	19	1,8	89
20/09/2024	20	2,1	23
20/09/2024	21	1,9	356
20/09/2024	22	1,9	355
21/09/2024	00	2,9	314
21/09/2024	01	1,7	323
21/09/2024	02	2,6	12
21/09/2024	03	3,1	333
21/09/2024	04	2,7	317
21/09/2024	05	2,1	350
21/09/2024	06	3,2	0
21/09/2024	07	1,8	10
21/09/2024	08	1,3	83
21/09/2024	09	1,5	244
21/09/2024	10	1,8	287
21/09/2024	11	2,3	50
21/09/2024	12	1,7	101
21/09/2024	13	1,9	313
21/09/2024	14	3,8	350
21/09/2024	15	3,1	10
21/09/2024	16	3,4	6
21/09/2024	17	4,3	2
21/09/2024	18	4,5	358
21/09/2024	19	3,5	357
21/09/2024	20	3,6	356
21/09/2024	21	3,7	350
21/09/2024	22	2,7	353
22/09/2024	00	3,2	346
23/09/2024	10	2,8	56
23/09/2024	11	4,4	53
23/09/2024	12	4	72
23/09/2024	13	3,8	79
23/09/2024	14	4,1	78
23/09/2024	15	4	70
23/09/2024	16	3,5	95
23/09/2024	17	3	103
23/09/2024	18	2,5	101
23/09/2024	19	2,2	65
23/09/2024	20	1,4	7
23/09/2024	21	2,2	333
23/09/2024	22	3,5	314
24/09/2024	00	2,7	306
24/09/2024	01	3	306
24/09/2024	02	2,9	302
24/09/2024	03	2,8	305
24/09/2024	04	1,7	286
24/09/2024	05	1,2	299
24/09/2024	06	2,2	291
24/09/2024	15	6,5	226
24/09/2024	16	6,3	221
24/09/2024	17	5,4	194
24/09/2024	18	3,5	235
24/09/2024	19	3,6	285
24/09/2024	20	1,6	5
24/09/2024	21	2	7
24/09/2024	22	1,9	258
25/09/2024	00	2,6	285
25/09/2024	01	3	290
25/09/2024	02	3,1	296
25/09/2024	03	2,2	260
25/09/2024	04	2,5	235
25/09/2024	05	2,8	261
25/09/2024	06	4,5	230
25/09/2024	07	2,4	270
25/09/2024	08	1,7	307
25/09/2024	09	0,6	216
25/09/2024	10	4,8	243
25/09/2024	11	6,2	267
25/09/2024	12	6,5	266
25/09/2024	13	6,7	253
25/09/2024	14	5,2	247
25/09/2024	15	3,8	208
25/09/2024	16	6,9	191
25/09/2024	17	6,9	254
25/09/2024	18	6,7	241
25/09/2024	19	5,6	242
25/09/2024	20	4,5	222
25/09/2024	21	4,1	228
25/09/2024	22	3,3	219
26/09/2024	00	5,3	231
26/09/2024	01	4,8	224
26/09/2024	02	5,2	209
26/09/2024	03	6,4	225
26/09/2024	04	4,5	212
26/09/2024	05	5,2	219
26/09/2024	06	6	209
26/09/2024	07	7,3	221
26/09/2024	08	7,1	217
26/09/2024	09	8,5	238
26/09/2024	10	8,8	254
26/09/2024	11	9,7	253
26/09/2024	12	8,7	251
26/09/2024	13	8,4	255
26/09/2024	14	8,9	257
26/09/2024	15	9,8	245
26/09/2024	16	8,1	255
26/09/2024	17	9,6	248
26/09/2024	18	6,5	251
26/09/2024	19	5,7	253
26/09/2024	20	6	245
26/09/2024	21	8,1	235
26/09/2024	22	7,6	241
27/09/2024	00	6,3	265
27/09/2024	01	6,1	248
27/09/2024	02	4,1	248
27/09/2024	03	4,4	238
27/09/2024	04	3,4	234
27/09/2024	05	4,8	210
27/09/2024	06	5	222
27/09/2024	07	6,1	227
27/09/2024	08	5,9	239
27/09/2024	09	5	242
27/09/2024	10	4,5	289
27/09/2024	11	2,5	291
27/09/2024	12	6,4	229
27/09/2024	13	6,4	233
27/09/2024	14	6,8	229
27/09/2024	15	7,1	234
27/09/2024	16	9,1	232
27/09/2024	17	8,3	260
27/09/2024	18	7,1	360
27/09/2024	19	5,1	4
27/09/2024	20	5,6	2
27/09/2024	21	4,8	321
27/09/2024	22	7,9	305
28/09/2024	00	5	314
28/09/2024	01	6,6	311
28/09/2024	02	6,9	313
28/09/2024	03	6,3	315
28/09/2024	04	6,7	311
28/09/2024	05	6,2	309
28/09/2024	06	6,2	306
28/09/2024	07	5,6	308
28/09/2024	08	3,9	321
28/09/2024	09	1,3	350
28/09/2024	10	1	319
28/09/2024	11	2	173
28/09/2024	12	4,3	115
28/09/2024	13	3,1	142
28/09/2024	14	4,1	116
28/09/2024	15	3,6	134
28/09/2024	16	3,7	166
28/09/2024	17	3,6	119
28/09/2024	18	2,8	111
28/09/2024	19	2	94
28/09/2024	20	2	88
28/09/2024	21	1,2	298
28/09/2024	22	1,8	299
29/09/2024	00	4	306
29/09/2024	01	4,7	306
29/09/2024	02	4,9	307
29/09/2024	03	4,7	307
29/09/2024	04	4,9	306
29/09/2024	05	4,9	304
29/09/2024	06	5,2	305
29/09/2024	07	4,7	307
29/09/2024	08	4,5	306
29/09/2024	09	1,8	251
29/09/2024	10	3,4	208
29/09/2024	11	3,9	192
29/09/2024	12	4,8	150
29/09/2024	13	5,1	153
29/09/2024	14	5,2	155
29/09/2024	15	5	152
29/09/2024	16	4,6	160
29/09/2024	17	3,8	166
29/09/2024	18	3,2	168
29/09/2024	19	3	173
29/09/2024	20	1,3	234
29/09/2024	21	1,4	303
29/09/2024	22	1,9	303
30/09/2024	00	3,9	307
30/09/2024	01	4,4	307
30/09/2024	02	4,1	307
30/09/2024	03	4,1	307
30/09/2024	04	4,2	306
30/09/2024	05	3,3	306
30/09/2024	06	1,8	286
30/09/2024	07	1,9	286
30/09/2024	08	0,6	288
30/09/2024	09	2	211
30/09/2024	10	3	189
30/09/2024	11	3,5	161
30/09/2024	12	3,7	153
30/09/2024	13	3,8	145
30/09/2024	14	4	119
30/09/2024	15	3,8	136
30/09/2024	16	3,2	127
30/09/2024	17	3,1	108
30/09/2024	18	2,1	98
30/09/2024	19	1,4	98
30/09/2024	20	0,9	314
30/09/2024	21	1,3	297
30/09/2024	22	1,9	295
01/10/2024	00	2,2	299
01/10/2024	01	2,5	303
01/10/2024	02	2,6	301
01/10/2024	03	2,9	303
01/10/2024	04	3,3	303
01/10/2024	05	2,7	299
01/10/2024	06	2,8	301
01/10/2024	07	3,1	301
01/10/2024	08	2	304
01/10/2024	09	1,4	239
01/10/2024	10	3,1	163
01/10/2024	11	4,2	156
01/10/2024	12	4,7	152
01/10/2024	13	4,7	160
01/10/2024	14	3,3	156
01/10/2024	15	2	134
01/10/2024	16	1,8	86
01/10/2024	17	2,4	49
01/10/2024	18	2,4	6
01/10/2024	19	3,4	354
01/10/2024	20	2,8	340
01/10/2024	21	3,5	319
01/10/2024	22	2,4	307
02/10/2024	00	2,6	287
02/10/2024	01	1,6	290
02/10/2024	02	1,9	287
02/10/2024	03	2,9	279
02/10/2024	04	2,5	276
02/10/2024	05	2,4	275
02/10/2024	06	2,5	253
02/10/2024	07	3,2	238
02/10/2024	08	3,5	227
02/10/2024	09	1,9	221
02/10/2024	10	4,1	221
02/10/2024	11	5,5	222
02/10/2024	12	5,7	244
02/10/2024	13	6,7	236
02/10/2024	14	7,2	232
02/10/2024	15	2,9	321
02/10/2024	16	3,4	355
02/10/2024	17	4,3	2
02/10/2024	18	3,3	9
02/10/2024	19	3	22
02/10/2024	20	2,2	13
02/10/2024	21	1,2	347
02/10/2024	22	1,3	328
03/10/2024	00	5,6	268
03/10/2024	01	7,4	290
03/10/2024	02	9,7	303
03/10/2024	03	8,7	301
03/10/2024	04	7,7	298
03/10/2024	05	13,1	295
03/10/2024	06	9,2	301
03/10/2024	07	8,3	300
03/10/2024	08	8	302
03/10/2024	09	5,5	295
03/10/2024	10	2,2	227
03/10/2024	11	4,4	81
03/10/2024	12	4,3	100
03/10/2024	13	3,9	106
03/10/2024	14	4,5	117
03/10/2024	15	3,8	155
03/10/2024	16	2,8	123
03/10/2024	17	2,5	109
03/10/2024	18	2,6	113
03/10/2024	19	0,7	144
03/10/2024	20	1,8	317
03/10/2024	21	1,4	296
03/10/2024	22	2	303
04/10/2024	00	3,9	305
04/10/2024	01	3,5	304
04/10/2024	02	3,1	298
04/10/2024	03	4,9	300
04/10/2024	04	4,2	299
04/10/2024	05	2,8	337
04/10/2024	06	3,3	292
04/10/2024	07	6	309
04/10/2024	08	5,6	309
04/10/2024	09	3,6	313
04/10/2024	10	1,8	37
04/10/2024	11	4	118
04/10/2024	12	3,9	130
04/10/2024	13	4	118
04/10/2024	14	4,5	119
04/10/2024	15	4,2	117
04/10/2024	16	2,7	105
04/10/2024	17	2,4	103
04/10/2024	18	1,9	111
04/10/2024	19	0,4	60
04/10/2024	20	1,3	289
04/10/2024	21	2,5	303
04/10/2024	22	3,1	303
05/10/2024	00	4,4	305
05/10/2024	01	4,2	305
05/10/2024	02	3,8	304
05/10/2024	03	3,7	305
05/10/2024	04	3,9	307
05/10/2024	05	3,1	302
05/10/2024	06	2,9	284
05/10/2024	07	2,7	297
05/10/2024	08	2,2	292
05/10/2024	09	1,1	257
05/10/2024	10	2,2	183
05/10/2024	11	2,9	157
05/10/2024	12	3,6	124
05/10/2024	13	3,1	102
05/10/2024	14	3,3	104
05/10/2024	15	3,4	79
05/10/2024	16	3,8	63
05/10/2024	17	3,9	46
05/10/2024	18	3,5	3
05/10/2024	19	4,7	347
05/10/2024	20	3,2	325
05/10/2024	21	2,8	317
05/10/2024	22	2	298
06/10/2024	00	1,7	270
06/10/2024	01	2,8	299
06/10/2024	02	2,9	228
06/10/2024	03	2,4	248
06/10/2024	04	1,7	240
06/10/2024	05	1,3	241
06/10/2024	06	2	249
06/10/2024	07	6,8	218
06/10/2024	08	4,6	221
06/10/2024	09	2,3	286
06/10/2024	10	4,8	248
06/10/2024	11	6,2	226
06/10/2024	12	8,7	226
06/10/2024	13	10,3	231
06/10/2024	14	10,2	232
06/10/2024	15	8,9	231
06/10/2024	16	9,4	235
06/10/2024	17	6,4	245
06/10/2024	18	4,5	41
06/10/2024	19	4,4	14
06/10/2024	20	4,4	359
06/10/2024	21	2,1	9
06/10/2024	22	0,9	291
07/10/2024	00	2,8	330
07/10/2024	01	1,9	286
07/10/2024	02	1,4	259
07/10/2024	03	1,5	288
07/10/2024	04	0,8	209
07/10/2024	05	0,9	213
07/10/2024	06	0,9	299
07/10/2024	07	1,2	306
07/10/2024	08	2,5	353
07/10/2024	09	4,4	0
07/10/2024	10	4,7	33
07/10/2024	11	5,6	44
07/10/2024	12	5,5	47
07/10/2024	13	4	31
07/10/2024	14	4,5	38
07/10/2024	15	5,2	33
07/10/2024	16	5,5	30
07/10/2024	17	4,2	22
07/10/2024	18	4,3	9
07/10/2024	19	3,6	12
07/10/2024	20	3	14
07/10/2024	21	4	334
07/10/2024	22	5	292
08/10/2024	00	4,9	209
08/10/2024	01	6,3	254
08/10/2024	02	6,6	268
08/10/2024	03	6,1	247
08/10/2024	04	4,1	245
08/10/2024	05	5,3	238
08/10/2024	06	6,6	222
08/10/2024	07	6,3	251
08/10/2024	08	8,5	251
08/10/2024	09	6,7	240
08/10/2024	10	7,7	248
08/10/2024	11	6,8	253
08/10/2024	12	7,2	262
08/10/2024	13	5,7	265
08/10/2024	14	4,3	265
08/10/2024	15	4,8	259
08/10/2024	16	5	253
08/10/2024	17	3,7	239
08/10/2024	18	3,4	209
08/10/2024	19	5,7	247
08/10/2024	20	4	220
08/10/2024	21	4,7	219
08/10/2024	22	4,6	209
09/10/2024	00	4,7	201
09/10/2024	01	3,6	200
09/10/2024	02	3,1	217
09/10/2024	03	4,7	239
09/10/2024	04	4,5	249
09/10/2024	05	4,8	254
09/10/2024	06	6,3	236
09/10/2024	07	6,5	239
09/10/2024	08	7,5	244
09/10/2024	09	7,8	229
09/10/2024	10	9	227
09/10/2024	11	8	223
09/10/2024	12	8,8	217
09/10/2024	13	11,6	223
09/10/2024	14	10,1	228
09/10/2024	15	11,7	228
09/10/2024	16	11,7	241
09/10/2024	17	11,7	236
09/10/2024	18	8,9	239
09/10/2024	19	7,2	230
09/10/2024	20	7,1	235
09/10/2024	21	9	233
09/10/2024	22	6,9	222
10/10/2024	00	7,6	242
10/10/2024	01	8,9	240
10/10/2024	02	7,1	235
10/10/2024	03	3,6	262
10/10/2024	04	3,7	266
10/10/2024	05	2,3	315
10/10/2024	06	4,7	293
10/10/2024	07	6,1	298
10/10/2024	08	7,6	307
10/10/2024	09	8,6	315
10/10/2024	10	5,6	316
10/10/2024	11	6,6	307
10/10/2024	12	5,6	314
10/10/2024	13	4,4	315
10/10/2024	14	2,4	249
10/10/2024	15	3,1	192
10/10/2024	16	4,1	169
10/10/2024	17	4,4	162
10/10/2024	18	4,2	131
10/10/2024	19	3,2	61
10/10/2024	20	4,3	331
10/10/2024	21	5	337
10/10/2024	22	5,3	323
11/10/2024	00	7	314
11/10/2024	01	6	311
11/10/2024	02	6,5	314
11/10/2024	03	5,5	312
11/10/2024	04	5,4	311
11/10/2024	05	5,8	312
11/10/2024	06	4,6	305
11/10/2024	07	4,6	303
11/10/2024	08	1,3	277
11/10/2024	09	1	326
11/10/2024	10	0,7	1
11/10/2024	11	2,2	57
11/10/2024	12	2,3	71
11/10/2024	13	3,6	61
11/10/2024	14	4,5	60
11/10/2024	15	3,5	62
11/10/2024	16	2,8	88
11/10/2024	17	3	109
11/10/2024	18	2,1	169
11/10/2024	19	1,5	170
11/10/2024	20	1,2	284
11/10/2024	21	1,6	312
11/10/2024	22	2,5	309
12/10/2024	00	4	305
12/10/2024	01	3,4	302
12/10/2024	02	3,6	303
12/10/2024	03	3,3	303
12/10/2024	04	1,8	310
12/10/2024	05	2	298
12/10/2024	06	2	299
12/10/2024	07	2,9	304
12/10/2024	08	1,5	313
12/10/2024	09	2,3	306
12/10/2024	10	2,1	346
12/10/2024	11	1,4	72
12/10/2024	12	1,4	32
12/10/2024	13	2,8	81
12/10/2024	14	3,3	118
12/10/2024	15	2,6	132
12/10/2024	16	3,1	173
12/10/2024	17	2,4	171
12/10/2024	18	2,4	187
12/10/2024	19	2	252
12/10/2024	20	1,4	296
12/10/2024	21	2,1	313
12/10/2024	22	1,2	3
13/10/2024	00	3,1	334
13/10/2024	01	3,7	344
13/10/2024	02	3,7	329
13/10/2024	03	4,7	345
13/10/2024	04	2,2	315
13/10/2024	05	2,8	333
13/10/2024	06	2,4	298
13/10/2024	07	1,8	301
13/10/2024	08	1,6	297
13/10/2024	09	1,3	308
13/10/2024	10	2,3	64
13/10/2024	11	2,7	71
13/10/2024	12	2	73
13/10/2024	13	2,2	65
13/10/2024	14	2,3	65
13/10/2024	15	2,1	77
13/10/2024	16	2	94
13/10/2024	17	1,7	63
13/10/2024	18	2,4	51
13/10/2024	19	2,2	46
13/10/2024	20	1,1	13
13/10/2024	21	1,5	338
13/10/2024	22	2,5	329
14/10/2024	00	2,4	315
14/10/2024	01	2,5	315
14/10/2024	02	2,1	315
14/10/2024	03	1,9	332
14/10/2024	04	2,8	331
14/10/2024	05	3	322
14/10/2024	06	1,2	317
14/10/2024	07	0,8	308
14/10/2024	08	0,7	323
14/10/2024	09	2,1	352
14/10/2024	10	2,7	22
14/10/2024	11	3,8	41
14/10/2024	12	4,1	49
14/10/2024	13	3,7	63
14/10/2024	14	3,8	63
14/10/2024	15	5,2	52
14/10/2024	16	4,8	54
14/10/2024	17	4,5	49
14/10/2024	18	4	28
14/10/2024	19	2,4	11
14/10/2024	20	3,6	18
14/10/2024	21	3,8	12
14/10/2024	22	3,5	358
15/10/2024	00	5	358
15/10/2024	01	4,1	1
15/10/2024	02	2,4	15
15/10/2024	03	4,1	7
15/10/2024	04	4,4	11
15/10/2024	05	5,5	360
15/10/2024	06	3,6	19
15/10/2024	07	5,2	49
15/10/2024	08	6	60
15/10/2024	09	3,3	68
15/10/2024	10	4,2	98
15/10/2024	11	5,4	123
15/10/2024	12	4,4	157
15/10/2024	13	3,6	156
15/10/2024	14	3,3	111
15/10/2024	15	2,1	89
15/10/2024	16	3,2	352
15/10/2024	17	4,8	312
15/10/2024	18	3,8	1
15/10/2024	19	3,5	331
15/10/2024	20	2,3	282
15/10/2024	21	1	293
15/10/2024	22	1,1	305
16/10/2024	00	2,8	306
16/10/2024	01	2,5	304
16/10/2024	02	2,6	327
16/10/2024	03	2	278
16/10/2024	04	2	280
16/10/2024	05	2,4	287
16/10/2024	06	1,5	294
16/10/2024	07	2,3	292
16/10/2024	08	0,4	303
16/10/2024	09	0,3	313
16/10/2024	10	0,7	160
16/10/2024	11	2,5	183
16/10/2024	12	2,7	185
16/10/2024	13	2,9	135
16/10/2024	14	3,2	141
16/10/2024	15	4,1	164
16/10/2024	16	4,1	175
16/10/2024	17	4,4	182
16/10/2024	18	3,2	172
16/10/2024	19	3,5	202
16/10/2024	20	3,3	222
16/10/2024	21	2,6	242
16/10/2024	22	2,6	254
17/10/2024	00	2,8	228
17/10/2024	01	3,7	220
17/10/2024	02	4,5	226
17/10/2024	03	3,8	228
17/10/2024	04	4,2	221
17/10/2024	05	4,7	223
17/10/2024	06	4,7	223
17/10/2024	07	6,9	244
17/10/2024	08	4	282
17/10/2024	09	7,9	233
17/10/2024	10	9,7	256
17/10/2024	11	12,6	248
17/10/2024	12	11,4	253
17/10/2024	13	11,7	255
17/10/2024	14	8,2	262
17/10/2024	15	8,4	264
17/10/2024	16	7,3	262
17/10/2024	17	7,5	287
17/10/2024	18	10,1	307
17/10/2024	19	6,2	301
17/10/2024	20	1,7	272
17/10/2024	21	1,3	243
17/10/2024	22	0,9	163
18/10/2024	00	1,5	213
18/10/2024	01	3,6	280
18/10/2024	02	3,6	267
18/10/2024	03	5,9	300
18/10/2024	04	6,6	304
18/10/2024	05	6,9	296
18/10/2024	06	6,6	305
18/10/2024	07	6,3	308
18/10/2024	08	5,8	304
18/10/2024	09	4,2	303
18/10/2024	10	5	303
18/10/2024	11	4,6	309
18/10/2024	12	6,1	297
18/10/2024	13	5,6	290
18/10/2024	14	5,1	289
18/10/2024	15	4,4	300
18/10/2024	16	3,1	49
18/10/2024	17	3,7	61
18/10/2024	18	2,4	61
18/10/2024	19	1,3	41
18/10/2024	20	2	311
18/10/2024	21	2,1	284
18/10/2024	22	3,9	318
19/10/2024	00	5,3	297
19/10/2024	01	6,6	301
19/10/2024	02	5,8	293
19/10/2024	03	5,8	303
19/10/2024	04	4,6	313
19/10/2024	05	3,4	312
19/10/2024	06	2,9	278
19/10/2024	07	3	232
19/10/2024	08	2	284
19/10/2024	09	1	259
19/10/2024	10	1,9	220
19/10/2024	11	4,6	212
19/10/2024	12	4,8	217
19/10/2024	13	4,2	205
19/10/2024	14	3,6	213
19/10/2024	15	5,3	173
19/10/2024	16	3,1	149
19/10/2024	17	3,1	142
19/10/2024	18	2,4	99
19/10/2024	19	1,3	24
19/10/2024	20	2,7	346
19/10/2024	21	3,2	338
19/10/2024	22	3,9	321
20/10/2024	00	2,7	290
20/10/2024	01	1,6	265
20/10/2024	02	2,3	283
20/10/2024	03	2,6	317
20/10/2024	04	1	305
20/10/2024	05	0,7	285
20/10/2024	06	1,9	242
20/10/2024	07	1,1	263
20/10/2024	08	1,3	288
20/10/2024	09	1,1	170
20/10/2024	10	1,1	230
20/10/2024	11	2,4	59
20/10/2024	12	3	55
20/10/2024	13	4,2	51
20/10/2024	14	4,6	59
20/10/2024	15	4,5	54
20/10/2024	16	3,3	59
20/10/2024	17	2,4	46
20/10/2024	18	1,8	48
20/10/2024	19	1,4	7
20/10/2024	20	2,4	321
20/10/2024	21	0,9	342
20/10/2024	22	1,1	301
21/10/2024	00	1,8	299
21/10/2024	01	2,7	300
21/10/2024	02	3,1	308
21/10/2024	03	2,3	303
21/10/2024	04	2,7	302
21/10/2024	05	2	306
21/10/2024	06	2,4	307
21/10/2024	07	3,1	315
21/10/2024	08	2,6	325
21/10/2024	09	2,9	347
21/10/2024	10	3,5	42
21/10/2024	11	4,6	59
21/10/2024	12	3,3	70
21/10/2024	13	3,8	65
21/10/2024	14	2,5	72
21/10/2024	15	2,6	79
21/10/2024	16	3,1	64
21/10/2024	17	2,8	55
21/10/2024	18	2,5	51
21/10/2024	19	1,3	33
21/10/2024	20	1,3	340
21/10/2024	21	2,2	338
21/10/2024	22	2,8	317
22/10/2024	00	2,5	314
22/10/2024	01	1,3	301
22/10/2024	02	2,6	325
22/10/2024	03	2,3	338
22/10/2024	04	2,7	350
22/10/2024	05	3,8	338
22/10/2024	06	3,9	334
22/10/2024	07	3,7	324
22/10/2024	08	4,6	349
22/10/2024	09	5,5	3
22/10/2024	10	5,9	21
22/10/2024	11	7,5	43
22/10/2024	12	8,7	49
22/10/2024	13	9,2	44
22/10/2024	14	7,9	42
22/10/2024	15	8,5	38
22/10/2024	16	7,5	28
22/10/2024	17	7,4	16
22/10/2024	18	7,2	358
22/10/2024	19	7,2	0
22/10/2024	20	5,5	4
22/10/2024	21	6,6	357
22/10/2024	22	5,4	356
23/10/2024	00	6,4	360
23/10/2024	01	5,5	359
23/10/2024	02	4,1	2
23/10/2024	03	4,7	12
23/10/2024	04	5,6	0
23/10/2024	05	4,8	355
23/10/2024	06	4,7	351
23/10/2024	07	3,5	347
23/10/2024	08	4	348
23/10/2024	09	4,1	350
23/10/2024	10	4,3	356
23/10/2024	11	3,7	360
23/10/2024	12	4	359
23/10/2024	13	5,4	359
23/10/2024	14	4,1	354
23/10/2024	15	3,7	2
23/10/2024	16	3,9	355
23/10/2024	17	3,9	349
23/10/2024	18	3,5	347
23/10/2024	19	3,4	349
23/10/2024	20	3	344
23/10/2024	21	2,9	324
23/10/2024	22	3	327
24/10/2024	00	3	314
24/10/2024	01	3,4	310
24/10/2024	02	3,7	308
24/10/2024	03	3,7	305
24/10/2024	04	3,8	305
24/10/2024	05	4,4	304
24/10/2024	06	4	304
24/10/2024	07	4,1	305
24/10/2024	08	3,8	305
24/10/2024	09	3,3	309
24/10/2024	10	1,5	40
24/10/2024	11	1,7	83
24/10/2024	12	2,6	103
24/10/2024	13	2,7	100
24/10/2024	14	3,2	105
24/10/2024	15	2,5	103
24/10/2024	16	2,8	103
24/10/2024	17	2,1	100
24/10/2024	18	1,3	110
24/10/2024	19	0,6	279
24/10/2024	20	1,6	298
24/10/2024	21	2,4	300
24/10/2024	22	2,3	300
25/10/2024	00	3	300
25/10/2024	01	3	298
25/10/2024	02	1,5	306
25/10/2024	03	2,4	299
25/10/2024	04	2,1	288
25/10/2024	05	2,2	285
25/10/2024	06	1,6	278
25/10/2024	07	1,5	310
25/10/2024	08	1,2	292
25/10/2024	09	1,1	213
25/10/2024	10	3,1	188
25/10/2024	11	3,3	182
25/10/2024	12	4,1	175
25/10/2024	13	4	173
25/10/2024	14	2,7	167
25/10/2024	15	3,1	132
25/10/2024	16	1,1	159
25/10/2024	17	0,3	22
25/10/2024	18	2,1	352
25/10/2024	19	3,8	340
25/10/2024	20	2,9	332
25/10/2024	21	3,8	339
25/10/2024	22	3,6	335
26/10/2024	00	3,8	284
26/10/2024	01	2,6	276
26/10/2024	02	2,2	298
26/10/2024	03	2,5	246
26/10/2024	04	1,6	218
26/10/2024	05	3,9	227
26/10/2024	06	5,1	225
26/10/2024	07	4,5	212
26/10/2024	08	4,6	230
26/10/2024	09	5,9	230
26/10/2024	10	5,4	246
26/10/2024	11	5,3	290
26/10/2024	12	3,7	289
26/10/2024	13	3,6	294
26/10/2024	14	2,8	295
26/10/2024	15	3,5	297
26/10/2024	16	3,9	315
26/10/2024	17	2,4	258
26/10/2024	18	3,7	264
26/10/2024	19	1,9	207
26/10/2024	20	0,6	187
26/10/2024	21	2,2	9
26/10/2024	22	3,3	338
27/10/2024	00	3,2	320
27/10/2024	02	4,6	316
27/10/2024	03	5,2	316
27/10/2024	04	3,2	325
27/10/2024	05	4	352
27/10/2024	06	4	354
27/10/2024	07	4	325
27/10/2024	08	4,3	319
27/10/2024	09	3,9	335
27/10/2024	10	4	346
27/10/2024	11	4,1	348
27/10/2024	12	4,6	347
27/10/2024	13	4,6	3
27/10/2024	14	4,4	15
27/10/2024	15	4	349
27/10/2024	16	4,5	318
27/10/2024	17	5,2	320
27/10/2024	18	4,2	315
27/10/2024	19	3,6	330
27/10/2024	20	2,4	331
27/10/2024	21	3,8	351
27/10/2024	22	3,9	354
27/10/2024	23	4	24
28/10/2024	00	4,2	360
28/10/2024	01	3,3	317
28/10/2024	02	4,4	266
28/10/2024	03	2,9	331
28/10/2024	04	3	324
28/10/2024	05	3,5	318
28/10/2024	06	3	314
28/10/2024	07	3,8	313
28/10/2024	08	3,2	311
28/10/2024	09	2,5	311
28/10/2024	11	2	16
28/10/2024	12	4,3	42
28/10/2024	13	4,7	45
28/10/2024	14	5,2	48
28/10/2024	15	5,8	47
28/10/2024	16	7	30
28/10/2024	17	6,7	30
28/10/2024	18	5,2	28
28/10/2024	19	4,8	0
28/10/2024	20	4,5	3
28/10/2024	21	4,4	6
28/10/2024	22	5,3	358
28/10/2024	23	6,6	360
29/10/2024	00	5,6	4
29/10/2024	01	4,6	4
29/10/2024	02	4,5	4
29/10/2024	03	5,7	3
29/10/2024	04	5,1	10
29/10/2024	05	5,6	19
29/10/2024	06	6,6	24
29/10/2024	07	6,8	21
29/10/2024	08	8,4	24
29/10/2024	09	8,8	40
29/10/2024	10	9	35
29/10/2024	11	7,5	40
29/10/2024	12	10,2	45
29/10/2024	13	9,9	34
29/10/2024	14	10,2	30
29/10/2024	15	11,2	30
29/10/2024	16	11,5	34
29/10/2024	17	11,4	27
29/10/2024	18	12,5	28
29/10/2024	19	11,9	34
29/10/2024	20	11,9	37
29/10/2024	21	12,5	39
29/10/2024	22	13	40
29/10/2024	23	12,6	45
30/10/2024	00	12	50
30/10/2024	01	11,1	53
30/10/2024	02	10,7	51
30/10/2024	03	10	56
30/10/2024	04	8,8	54
30/10/2024	05	7,5	53
30/10/2024	06	6,2	55
30/10/2024	07	4,4	56
30/10/2024	08	2	71
30/10/2024	09	2,3	50
30/10/2024	10	2,3	30
30/10/2024	11	4,4	44
30/10/2024	12	3,8	40
30/10/2024	13	4,1	44
30/10/2024	14	4,4	51
30/10/2024	15	5,3	55
30/10/2024	16	5,3	52
30/10/2024	17	4,8	50
30/10/2024	18	3,3	28
30/10/2024	19	3,8	28
30/10/2024	20	3,2	15
30/10/2024	21	3,5	18
30/10/2024	22	3,3	11
30/10/2024	23	5,1	15
31/10/2024	00	4,1	6
31/10/2024	01	4	351
31/10/2024	02	3,8	339
31/10/2024	03	4,1	319
31/10/2024	04	4,2	320
31/10/2024	05	4,1	318
31/10/2024	06	3,5	333
31/10/2024	07	2,6	299
31/10/2024	08	4	305
31/10/2024	09	4,6	313
31/10/2024	10	4,4	314
31/10/2024	11	3,1	327
31/10/2024	12	2,7	32
31/10/2024	13	5,2	32
31/10/2024	14	5,5	46
31/10/2024	15	6,4	50
31/10/2024	16	5,5	54
31/10/2024	17	6,3	47
31/10/2024	18	6,9	41
31/10/2024	19	5,9	27
31/10/2024	20	3,7	12
31/10/2024	21	4,2	12
31/10/2024	22	5,6	358
31/10/2024	23	5,2	357
01/11/2024	00	4,7	356
01/11/2024	01	5,8	360
01/11/2024	02	5,9	357
01/11/2024	03	5,3	357
01/11/2024	04	5,5	358
01/11/2024	05	3,8	358
01/11/2024	06	4,2	356
01/11/2024	07	4,9	356
01/11/2024	08	4,4	353
01/11/2024	09	4,9	355
01/11/2024	10	3,5	20
01/11/2024	11	4,7	14
01/11/2024	12	4,3	7
01/11/2024	13	4,6	19
01/11/2024	14	4,2	46
01/11/2024	15	4,4	49
01/11/2024	16	6,6	50
01/11/2024	17	6,4	43
01/11/2024	18	5	14
01/11/2024	19	4,1	2
01/11/2024	20	3,5	356
01/11/2024	21	2,4	342
01/11/2024	22	1,9	320
01/11/2024	23	2,4	332
02/11/2024	00	2,6	319
02/11/2024	01	2,7	299
02/11/2024	02	2	305
02/11/2024	03	0,3	338
02/11/2024	04	2,2	292
02/11/2024	05	1,8	331
02/11/2024	06	3	339
02/11/2024	07	3,9	301
02/11/2024	08	2,3	270
02/11/2024	09	1,1	291
02/11/2024	10	0,5	28
02/11/2024	11	1,1	21
02/11/2024	12	1,4	244
02/11/2024	13	1,1	309
02/11/2024	14	2,6	104
02/11/2024	15	3	56
02/11/2024	16	6,2	40
02/11/2024	17	6	29
02/11/2024	18	5,6	29
02/11/2024	19	3,6	25
02/11/2024	20	3	15
02/11/2024	21	3,1	1
02/11/2024	22	2,5	1
02/11/2024	23	3,2	356
03/11/2024	00	3,3	355
03/11/2024	01	4,1	357
03/11/2024	02	3	352
03/11/2024	03	3,5	357
03/11/2024	04	4,1	359
03/11/2024	05	4,2	354
03/11/2024	06	4,4	326
03/11/2024	07	3,9	323
03/11/2024	08	4,4	316
03/11/2024	09	4,4	316
03/11/2024	10	3,6	333
03/11/2024	11	4,5	353
03/11/2024	12	4,3	6
03/11/2024	13	3,4	20
03/11/2024	14	3	13
03/11/2024	15	4,5	29
03/11/2024	16	5,7	31
03/11/2024	17	5,6	29
03/11/2024	18	5,4	29
03/11/2024	19	5,2	25
03/11/2024	20	4,9	21
04/11/2024	11	2,8	359
04/11/2024	12	3,3	5
04/11/2024	13	3,6	17
04/11/2024	14	4,2	33
04/11/2024	15	4,9	43
04/11/2024	16	5,3	43
04/11/2024	17	5	43
04/11/2024	18	4,4	38
04/11/2024	19	3,3	24
04/11/2024	20	3,3	11
04/11/2024	21	2,6	350
04/11/2024	22	2,2	343
04/11/2024	23	2,6	319
05/11/2024	00	2,6	320
05/11/2024	01	3,1	312
05/11/2024	02	2,8	307
05/11/2024	03	2,2	301
05/11/2024	04	2	303
05/11/2024	05	2,5	303
05/11/2024	06	2,5	305
05/11/2024	07	2,4	290
05/11/2024	08	2,4	291
05/11/2024	09	2,2	311
05/11/2024	10	1,7	299
05/11/2024	11	0,9	196
05/11/2024	12	2,9	106
05/11/2024	13	2,7	101
05/11/2024	14	2,2	100
05/11/2024	15	2,1	102
05/11/2024	16	1,9	99
05/11/2024	17	1,7	71
05/11/2024	18	2,2	45
05/11/2024	19	1,8	42
05/11/2024	20	1,1	330
05/11/2024	21	0,7	298
05/11/2024	22	1,1	326
05/11/2024	23	1,7	316
06/11/2024	00	1,7	303
06/11/2024	01	1,1	301
06/11/2024	02	0,7	254
06/11/2024	03	1,5	293
06/11/2024	04	2,1	324
06/11/2024	05	2,4	320
06/11/2024	06	1,5	331
06/11/2024	07	2,3	305
06/11/2024	08	1,6	305
06/11/2024	09	1,9	324
06/11/2024	10	2	351
06/11/2024	11	2,9	17
06/11/2024	12	4,1	47
06/11/2024	13	4,4	53
06/11/2024	14	4,3	48
06/11/2024	15	3,8	52
06/11/2024	16	3,8	45
06/11/2024	17	2,7	37
06/11/2024	18	2,8	25
06/11/2024	19	2,6	352
06/11/2024	20	3,1	343
06/11/2024	21	3,4	353
06/11/2024	22	3,7	348
06/11/2024	23	3,4	329
07/11/2024	00	3,2	11
07/11/2024	01	3,9	0
07/11/2024	02	2,8	0
07/11/2024	03	3,7	5
07/11/2024	04	3,8	359
07/11/2024	05	4,5	354
07/11/2024	06	3,8	345
07/11/2024	07	3,3	327
07/11/2024	08	3,5	315
07/11/2024	09	2,2	340
07/11/2024	10	3,3	19
07/11/2024	11	4,1	45
07/11/2024	12	5,5	55
07/11/2024	13	6	50
07/11/2024	14	7,4	47
07/11/2024	15	7,1	45
07/11/2024	16	6,1	43
07/11/2024	17	4,5	32
07/11/2024	18	3,3	17
07/11/2024	19	3,4	351
07/11/2024	20	3,5	340
07/11/2024	21	3,1	333
07/11/2024	22	2,8	307
07/11/2024	23	3,1	306
08/11/2024	00	3	301
08/11/2024	01	3,2	302
08/11/2024	02	2,9	298
08/11/2024	03	2,8	293
08/11/2024	04	3,1	303
08/11/2024	05	3,7	301
08/11/2024	06	2,9	304
08/11/2024	07	2,9	302
08/11/2024	08	2,7	305
08/11/2024	09	2,3	306
08/11/2024	10	1	300
08/11/2024	11	0,8	193
08/11/2024	12	1,7	164
08/11/2024	13	2,5	168
08/11/2024	14	2,1	159
08/11/2024	15	2,1	171
08/11/2024	16	1,4	177
08/11/2024	17	1,9	169
08/11/2024	18	1,9	161
08/11/2024	19	1,1	234
08/11/2024	20	1,2	257
08/11/2024	21	1,5	249
08/11/2024	22	1,9	244
08/11/2024	23	1,7	302
09/11/2024	00	2,6	296
09/11/2024	01	2,3	299
09/11/2024	02	3,1	306
09/11/2024	03	2,8	287
09/11/2024	04	1,5	277
09/11/2024	05	2,6	307
09/11/2024	06	3,2	312
09/11/2024	07	2,3	291
09/11/2024	08	2,3	282
09/11/2024	09	2,5	319
09/11/2024	10	0,8	285
09/11/2024	11	0,8	118
09/11/2024	12	2,2	118
09/11/2024	13	2	164
09/11/2024	14	1,5	156
09/11/2024	15	1,5	98
09/11/2024	16	0,9	65
09/11/2024	17	1,7	43
09/11/2024	18	1,8	14
09/11/2024	19	2,4	345
09/11/2024	20	3	333
09/11/2024	21	2,2	307
09/11/2024	22	1,6	296
09/11/2024	23	1,6	291
10/11/2024	00	2,5	293
10/11/2024	01	3,7	311
10/11/2024	02	4,8	313
10/11/2024	03	5,6	309
10/11/2024	04	5,8	306
10/11/2024	05	5,2	306
10/11/2024	06	3,7	318
10/11/2024	07	3,8	303
10/11/2024	08	4,2	297
10/11/2024	09	1,8	242
10/11/2024	10	1,5	200
10/11/2024	11	2,5	187
10/11/2024	12	3	171
10/11/2024	13	3,9	168
10/11/2024	14	3,6	167
10/11/2024	15	2,9	168
10/11/2024	16	2,4	174
10/11/2024	17	2,2	179
10/11/2024	18	1,3	217
10/11/2024	19	1,7	325
10/11/2024	20	2	314
10/11/2024	21	2,4	316
10/11/2024	22	3	316
10/11/2024	23	3,2	309
11/11/2024	00	3,4	302
11/11/2024	01	3,5	305
11/11/2024	02	4,2	306
11/11/2024	03	4,7	307
11/11/2024	04	3,9	308
11/11/2024	05	4,2	309
11/11/2024	06	5,1	308
11/11/2024	07	4,4	306
11/11/2024	08	4,7	305
11/11/2024	09	3,8	303
11/11/2024	10	2,4	317
11/11/2024	11	1,1	31
11/11/2024	12	3,2	123
11/11/2024	13	3,9	119
11/11/2024	14	2,6	137
11/11/2024	15	2,7	147
11/11/2024	16	2,7	178
11/11/2024	17	1,9	201
11/11/2024	18	1,8	219
11/11/2024	19	1,3	269
11/11/2024	20	1,7	300
11/11/2024	21	2,5	303
11/11/2024	22	3,2	309
11/11/2024	23	3,8	320
12/11/2024	00	4,2	308
12/11/2024	01	4,1	299
12/11/2024	02	2,7	296
12/11/2024	03	3,9	296
12/11/2024	04	4,8	309
12/11/2024	05	3,7	286
12/11/2024	06	4,1	299
12/11/2024	07	1,5	324
12/11/2024	08	1,8	341
12/11/2024	09	1,1	236
12/11/2024	10	0,9	233
12/11/2024	11	1,1	71
12/11/2024	12	2,1	108
12/11/2024	13	2,1	82
12/11/2024	14	2,5	83
12/11/2024	15	2,8	67
12/11/2024	16	3,8	40
12/11/2024	17	4	27
12/11/2024	18	3	14
12/11/2024	19	4,4	353
12/11/2024	20	5,7	357
12/11/2024	21	5,7	6
12/11/2024	22	8,7	7
12/11/2024	23	9,6	0
13/11/2024	00	9	359
13/11/2024	01	8,9	359
13/11/2024	02	8,6	359
13/11/2024	06	9,7	1
13/11/2024	07	10,3	1
13/11/2024	08	9,9	1
13/11/2024	09	8,4	359
13/11/2024	10	6,8	355
13/11/2024	11	7,8	359
13/11/2024	12	7,4	360
13/11/2024	13	5,7	9
13/11/2024	14	5,4	14
13/11/2024	15	5,7	11
13/11/2024	16	4,5	6
13/11/2024	17	4,3	2
13/11/2024	18	6	359
13/11/2024	19	5,4	5
13/11/2024	20	5	8
13/11/2024	21	4,8	16
13/11/2024	22	4,6	6
13/11/2024	23	4,8	10
14/11/2024	00	7,6	52
14/11/2024	01	7,3	53
14/11/2024	02	6,7	56
14/11/2024	03	6,1	35
14/11/2024	04	5,8	6
14/11/2024	05	5,9	358
14/11/2024	06	6,7	359
14/11/2024	07	6,4	358
14/11/2024	08	6	359
14/11/2024	10	0,1	1
14/11/2024	11	0,1	1
15/11/2024	01	3,6	352
15/11/2024	02	4	356
15/11/2024	03	3,2	350
15/11/2024	04	3,1	345
15/11/2024	05	3,1	337
15/11/2024	06	3,3	328
15/11/2024	07	2,6	337
15/11/2024	08	4,1	354
15/11/2024	09	3,2	346
15/11/2024	10	2,7	353
15/11/2024	11	3,3	347
15/11/2024	12	3	356
15/11/2024	14	2,4	345
15/11/2024	15	4,1	358
15/11/2024	16	3	353
15/11/2024	17	2,1	351
15/11/2024	18	2,5	344
15/11/2024	19	2,6	320
15/11/2024	20	2,8	309
15/11/2024	21	3,1	312
15/11/2024	22	2,8	308
15/11/2024	23	3,2	308
16/11/2024	00	3,1	311
16/11/2024	01	3,5	308
16/11/2024	02	4	315
16/11/2024	03	4,2	314
16/11/2024	04	4,2	315
16/11/2024	05	4,1	314
16/11/2024	06	3,2	313
16/11/2024	07	2,8	311
16/11/2024	08	2,9	307
16/11/2024	09	3	311
16/11/2024	10	3,4	315
16/11/2024	11	2,1	332
16/11/2024	12	0,7	3
16/11/2024	13	1	58
16/11/2024	14	1,3	79
16/11/2024	15	1,8	105
16/11/2024	16	1	98
16/11/2024	17	1,3	88
16/11/2024	18	1,1	115
16/11/2024	19	2,1	215
16/11/2024	20	2,3	252
16/11/2024	21	2,5	281
16/11/2024	22	2,5	299
16/11/2024	23	3,6	304
17/11/2024	00	3,3	306
17/11/2024	01	2,7	303
17/11/2024	02	2,3	298
17/11/2024	03	2,5	310
17/11/2024	04	2,9	299
17/11/2024	05	2,6	296
17/11/2024	06	2,1	295
17/11/2024	07	2,1	302
17/11/2024	08	2,7	311
17/11/2024	09	1,7	280
17/11/2024	10	0,5	98
17/11/2024	11	0,5	110
17/11/2024	12	1,1	167
17/11/2024	13	1,5	159
17/11/2024	14	1,8	99
17/11/2024	15	1,5	94
17/11/2024	16	1	89
17/11/2024	17	0,5	13
17/11/2024	18	0,8	336
17/11/2024	19	1,9	282
17/11/2024	20	1,8	273
17/11/2024	21	2,1	283
17/11/2024	22	1,9	269
17/11/2024	23	1,8	293
18/11/2024	00	1,5	266
18/11/2024	01	2,1	303
18/11/2024	02	1,6	279
18/11/2024	03	2,3	284
18/11/2024	04	2,1	296
18/11/2024	05	3,3	302
18/11/2024	06	2,6	317
18/11/2024	07	1,6	255
18/11/2024	08	2,2	247
18/11/2024	09	1,1	246
18/11/2024	10	0,6	252
18/11/2024	11	1,3	197
18/11/2024	12	2,1	190
18/11/2024	13	1,5	79
18/11/2024	14	3,3	56
18/11/2024	15	3,3	52
18/11/2024	16	2,5	47
18/11/2024	17	1,5	18
18/11/2024	18	2,9	16
18/11/2024	19	2,8	332
18/11/2024	20	1,4	245
18/11/2024	21	5,1	225
18/11/2024	22	2	270
18/11/2024	23	1,3	291
19/11/2024	00	2,3	317
19/11/2024	01	2,6	316
19/11/2024	02	2,6	297
19/11/2024	03	2,1	259
19/11/2024	04	1,9	271
19/11/2024	05	2,6	278
19/11/2024	06	2,2	294
19/11/2024	07	1,7	302
19/11/2024	08	2,4	281
19/11/2024	09	1,7	264
19/11/2024	10	1,1	210
19/11/2024	11	0,4	170
19/11/2024	12	0,8	69
19/11/2024	13	1,4	65
19/11/2024	14	1,6	71
19/11/2024	15	1	95
19/11/2024	16	1,8	358
19/11/2024	17	1,7	340
19/11/2024	18	1,5	236
19/11/2024	19	2,1	262
19/11/2024	20	3,5	291
19/11/2024	21	6,2	292
19/11/2024	22	4,5	295
19/11/2024	23	3,6	222
20/11/2024	00	3,1	201
20/11/2024	01	3,7	206
20/11/2024	02	3,5	236
20/11/2024	03	2,8	264
20/11/2024	04	5,7	233
20/11/2024	05	4,3	231
20/11/2024	06	3,3	272
20/11/2024	07	3,9	278
20/11/2024	08	2,9	217
20/11/2024	09	3,4	272
20/11/2024	10	4,7	285
20/11/2024	11	2,9	220
20/11/2024	12	3,7	225
20/11/2024	13	4,3	226
20/11/2024	14	1,6	262
20/11/2024	15	1,3	318
20/11/2024	16	1,7	332
20/11/2024	17	2,2	266
20/11/2024	18	2	267
20/11/2024	19	5	241
20/11/2024	20	4,2	236
20/11/2024	21	5,3	214
20/11/2024	22	4	221
20/11/2024	23	3,4	273
21/11/2024	00	2,6	307
21/11/2024	01	2,5	274
21/11/2024	02	3	266
21/11/2024	03	3	246
21/11/2024	04	3,1	251
21/11/2024	05	1,6	285
21/11/2024	06	3,5	175
21/11/2024	07	7	214
21/11/2024	08	8,4	222
21/11/2024	09	5,7	237
21/11/2024	10	8,2	241
21/11/2024	11	10,4	235
21/11/2024	12	7,5	248
21/11/2024	13	9,4	223
21/11/2024	14	11,2	206
21/11/2024	15	9,2	221
21/11/2024	16	8,9	230
21/11/2024	17	7,6	247
21/11/2024	18	7,6	250
21/11/2024	19	6,6	265
21/11/2024	20	7,2	269
21/11/2024	21	8,1	267
21/11/2024	22	8,4	268
21/11/2024	23	6,1	273
22/11/2024	00	7,1	265
22/11/2024	01	6,8	266
22/11/2024	02	6,6	269
22/11/2024	03	7,8	273
22/11/2024	04	8,3	278
22/11/2024	05	8,9	284
22/11/2024	06	4	302
22/11/2024	07	6,3	277
22/11/2024	08	6	278
22/11/2024	09	4,8	332
22/11/2024	10	2,6	50
22/11/2024	11	1,9	57
22/11/2024	12	1,8	352
22/11/2024	13	2,2	94
22/11/2024	14	1,3	60
22/11/2024	15	2,2	84
22/11/2024	16	2,4	123
22/11/2024	17	2,3	153
22/11/2024	18	2,3	190
22/11/2024	19	1,6	190
22/11/2024	20	1	229
22/11/2024	21	0,8	309
22/11/2024	22	0,9	337
22/11/2024	23	2,2	91
23/11/2024	00	1,6	67
23/11/2024	01	3,3	94
23/11/2024	02	1,4	341
23/11/2024	03	1,6	335
23/11/2024	04	3,3	319
23/11/2024	05	2,1	341
23/11/2024	06	3,1	336
23/11/2024	07	3,4	330
23/11/2024	08	3,5	323
23/11/2024	09	2,9	333
23/11/2024	10	2,4	332
23/11/2024	11	2,9	320
23/11/2024	12	2,7	358
23/11/2024	13	2	15
23/11/2024	14	2,5	53
23/11/2024	15	2,3	42
23/11/2024	16	2,5	29
23/11/2024	17	2,1	22
23/11/2024	18	2,1	352
23/11/2024	19	2,7	338
23/11/2024	20	3	325
23/11/2024	21	2,8	313
23/11/2024	22	2,8	309
23/11/2024	23	2,8	318
24/11/2024	00	1,2	313
24/11/2024	01	1,9	303
24/11/2024	02	2,4	306
24/11/2024	03	3,1	308
24/11/2024	04	2,8	306
24/11/2024	05	3,1	312
24/11/2024	06	3,5	311
24/11/2024	07	3,5	308
24/11/2024	08	3,6	312
24/11/2024	09	3,9	311
24/11/2024	10	3,1	323
24/11/2024	11	3,4	354
24/11/2024	12	3	31
24/11/2024	13	3,6	52
24/11/2024	14	3,2	59
24/11/2024	15	2,6	70
24/11/2024	16	2	96
24/11/2024	17	1,8	76
24/11/2024	18	0,8	324
24/11/2024	19	1,1	327
24/11/2024	20	2,1	307
24/11/2024	21	2	303
24/11/2024	22	2,1	304
24/11/2024	23	2,4	311
25/11/2024	00	1,7	299
25/11/2024	01	2,7	312
25/11/2024	02	3,8	313
25/11/2024	03	4,2	318
25/11/2024	04	4	313
25/11/2024	05	3,4	314
25/11/2024	06	3,5	306
25/11/2024	07	3	315
25/11/2024	08	2,2	304
25/11/2024	09	2,1	293
25/11/2024	10	2	292
25/11/2024	11	1,3	259
25/11/2024	12	1,1	261
25/11/2024	13	0,9	286
25/11/2024	14	1,6	223
25/11/2024	15	2,3	169
25/11/2024	16	1,9	175
25/11/2024	17	2,6	187
25/11/2024	18	2,3	195
25/11/2024	19	3,8	208
25/11/2024	20	4,3	229
25/11/2024	21	1,5	225
25/11/2024	22	4,3	194
25/11/2024	23	1,8	190
26/11/2024	00	3,9	215
26/11/2024	01	3,1	343
26/11/2024	02	3	324
26/11/2024	03	3	305
26/11/2024	04	3,1	302
26/11/2024	05	3,3	307
26/11/2024	06	3,9	305
26/11/2024	07	5,6	311
26/11/2024	08	5,2	308
26/11/2024	09	5,3	309
26/11/2024	10	3,9	312
26/11/2024	11	2,7	309
26/11/2024	12	1,2	23
26/11/2024	13	2	132
26/11/2024	14	2,9	109
26/11/2024	15	2,5	107
26/11/2024	16	2	95
26/11/2024	17	0,7	85
26/11/2024	18	0,2	358
26/11/2024	19	1,1	304
26/11/2024	20	2,2	302
26/11/2024	21	2,8	304
26/11/2024	22	2,9	304
26/11/2024	23	3,6	305
27/11/2024	00	3,5	304
27/11/2024	01	3,6	303
27/11/2024	02	3,7	306
27/11/2024	03	4,4	302
27/11/2024	04	4,1	306
27/11/2024	05	3,8	305
27/11/2024	06	3,1	306
27/11/2024	07	2,9	302
27/11/2024	08	2,7	302
27/11/2024	09	1,9	297
27/11/2024	10	0,9	268
27/11/2024	11	1,4	190
27/11/2024	12	2	165
27/11/2024	13	2	166
27/11/2024	14	3,1	122
27/11/2024	15	3,1	113
27/11/2024	16	2,7	106
27/11/2024	17	1,8	97
27/11/2024	18	0,6	32
27/11/2024	19	1,8	316
27/11/2024	20	2,2	299
27/11/2024	21	3,3	304
27/11/2024	22	3,8	305
27/11/2024	23	3,9	306
28/11/2024	00	3,7	307
28/11/2024	01	4,2	306
28/11/2024	02	4,2	307
28/11/2024	03	3,6	309
28/11/2024	04	3,3	300
28/11/2024	05	2,8	302
28/11/2024	06	2,5	300
28/11/2024	07	3	298
28/11/2024	08	1,8	298
28/11/2024	09	1,1	282
28/11/2024	10	1,3	238
28/11/2024	11	2,1	186
28/11/2024	12	3,2	196
28/11/2024	13	3,3	171
28/11/2024	14	3,6	157
28/11/2024	15	3,3	156
28/11/2024	16	3,4	169
28/11/2024	17	2,8	174
28/11/2024	18	1,7	218
28/11/2024	19	1	266
28/11/2024	20	1,6	289
28/11/2024	21	2,3	298
28/11/2024	22	3,1	301
28/11/2024	23	2,7	292
29/11/2024	00	2,9	297
29/11/2024	01	3	301
29/11/2024	02	2,7	296
29/11/2024	03	2,4	300
29/11/2024	04	2,6	304
29/11/2024	05	2,7	302
29/11/2024	06	2,8	301
29/11/2024	07	2,8	299
29/11/2024	08	3	299
29/11/2024	09	1,9	296
29/11/2024	10	2,7	200
29/11/2024	11	1,8	210
29/11/2024	12	2,1	199
29/11/2024	13	1,7	163
29/11/2024	14	1,7	132
29/11/2024	15	3	45
29/11/2024	16	3,6	38
29/11/2024	17	2,8	29
29/11/2024	18	2,7	356
29/11/2024	19	2,3	341
29/11/2024	20	3,5	350
29/11/2024	21	3,1	344
29/11/2024	22	3,4	339
29/11/2024	23	3,3	327
30/11/2024	00	3,7	317
30/11/2024	01	2,9	308
30/11/2024	02	2,9	304
30/11/2024	03	2,8	304
30/11/2024	04	2,5	303
30/11/2024	05	2,6	295
30/11/2024	06	2,5	298
30/11/2024	07	2,7	295
30/11/2024	08	2,9	299
30/11/2024	09	2,7	300
30/11/2024	10	1,3	314
30/11/2024	11	1,3	35
30/11/2024	12	2	51
30/11/2024	13	2,1	65
30/11/2024	14	2,5	63
30/11/2024	15	3	50
30/11/2024	16	2,6	43
30/11/2024	17	1,9	14
30/11/2024	18	2	331
30/11/2024	19	2,3	310
30/11/2024	20	2,3	298
30/11/2024	21	2	297
30/11/2024	22	1,5	299
30/11/2024	23	2,6	315
01/12/2024	00	3,2	310
01/12/2024	01	4	301
01/12/2024	02	3,7	301
01/12/2024	03	3,2	304
01/12/2024	04	2,3	297
01/12/2024	05	2,5	299
01/12/2024	06	2,9	298
01/12/2024	07	3,1	296
01/12/2024	08	3,2	290
01/12/2024	09	3,1	289
01/12/2024	10	1,8	289
01/12/2024	11	1,8	210
01/12/2024	12	3,3	199
01/12/2024	13	3,3	164
01/12/2024	14	3,3	164
01/12/2024	15	2,8	164
01/12/2024	16	3	172
01/12/2024	17	2,3	181
01/12/2024	18	1,4	226
01/12/2024	19	1,5	276
01/12/2024	20	2,9	285
01/12/2024	21	2,6	288
01/12/2024	22	2,1	301
01/12/2024	23	2,2	302
02/12/2024	00	1,7	287
02/12/2024	01	2,2	289
02/12/2024	02	2,3	277
02/12/2024	03	1,9	278
02/12/2024	04	1,6	282
02/12/2024	05	2,8	351
02/12/2024	06	2,2	327
02/12/2024	07	2	310
02/12/2024	08	1,9	324
02/12/2024	09	0,9	284
02/12/2024	10	1,1	343
02/12/2024	11	1,3	26
02/12/2024	12	1,1	39
02/12/2024	13	1,2	185
02/12/2024	14	2,6	175
02/12/2024	15	2,6	176
02/12/2024	16	2,2	177
02/12/2024	17	1,4	250
02/12/2024	18	1,6	256
02/12/2024	19	0,6	249
02/12/2024	20	0,8	13
02/12/2024	21	1,7	312
02/12/2024	22	2,4	261
02/12/2024	23	2,5	295
03/12/2024	00	1,8	278
03/12/2024	01	2,7	288
03/12/2024	02	3	302
03/12/2024	03	2,4	305
03/12/2024	04	2	307
03/12/2024	05	2	310
03/12/2024	06	3	311
03/12/2024	07	2,9	300
03/12/2024	08	2,8	304
03/12/2024	09	2,2	305
03/12/2024	10	1,7	316
03/12/2024	11	1,5	14
03/12/2024	12	2,4	61
03/12/2024	13	2,8	58
03/12/2024	14	3,4	60
03/12/2024	15	3,5	58
03/12/2024	16	3,7	46
03/12/2024	17	3,6	50
03/12/2024	18	4,1	53
03/12/2024	19	3,6	47
03/12/2024	20	1,9	17
03/12/2024	21	1,5	9
03/12/2024	22	0,6	325
03/12/2024	23	0,7	308
04/12/2024	00	1,6	283
04/12/2024	01	1,3	272
04/12/2024	02	1,3	344
04/12/2024	03	2,1	26
04/12/2024	04	2,4	14
04/12/2024	05	2,1	21
04/12/2024	06	1,8	348
04/12/2024	07	1,2	337
04/12/2024	08	1,5	303
04/12/2024	09	2	323
04/12/2024	10	1,4	339
04/12/2024	11	4,1	20
04/12/2024	12	4,8	319
04/12/2024	13	4	316
04/12/2024	14	3,1	359
04/12/2024	15	3,7	60
04/12/2024	16	2,7	57
04/12/2024	17	2,7	185
04/12/2024	18	4,4	227
04/12/2024	19	4	233
04/12/2024	20	2,3	279
04/12/2024	21	3,6	316
04/12/2024	22	5,2	310
04/12/2024	23	4	277
05/12/2024	00	2,9	280
05/12/2024	01	3,7	307
05/12/2024	02	5,2	335
05/12/2024	03	5,5	317
05/12/2024	04	3,8	316
05/12/2024	05	5,1	218
05/12/2024	06	4,9	215
05/12/2024	07	4,7	218
05/12/2024	08	3,3	249
05/12/2024	09	2,3	320
05/12/2024	10	1,6	321
05/12/2024	11	1,1	54
05/12/2024	12	1,8	186
05/12/2024	13	2,1	166
05/12/2024	14	2	145
05/12/2024	15	2,2	183
05/12/2024	16	1,8	188
05/12/2024	17	0,6	17
05/12/2024	18	1	359
05/12/2024	19	2,4	325
05/12/2024	20	2,8	303
05/12/2024	21	1,9	275
08/12/2024	01	8,4	291
08/12/2024	02	8,7	294
08/12/2024	03	10,2	294
08/12/2024	04	9,5	298
08/12/2024	05	8,8	298
08/12/2024	06	8,5	299
08/12/2024	07	9,3	296
08/12/2024	08	9,7	293
08/12/2024	09	8,4	299
08/12/2024	10	7,8	297
08/12/2024	11	8,7	300
08/12/2024	12	10	307
08/12/2024	13	10,5	313
08/12/2024	14	11	301
08/12/2024	15	9,5	312
08/12/2024	16	9,1	307
08/12/2024	17	7,7	290
08/12/2024	18	7,7	288
08/12/2024	19	8,4	294
08/12/2024	20	7,6	296
08/12/2024	21	7	287
08/12/2024	22	8,8	293
08/12/2024	23	10,7	295
09/12/2024	00	10,2	294
09/12/2024	01	11,1	296
09/12/2024	02	10,7	301
09/12/2024	03	7,8	297
09/12/2024	04	5,8	307
09/12/2024	05	6,3	311
09/12/2024	06	6,9	306
09/12/2024	07	7,4	296
09/12/2024	08	6,7	307
09/12/2024	09	5,7	293
09/12/2024	10	7,1	292
09/12/2024	11	8,4	294
09/12/2024	12	8,8	298
09/12/2024	13	9,6	308
09/12/2024	14	8,5	316
09/12/2024	15	8	306
09/12/2024	16	7,9	307
09/12/2024	17	6	304
09/12/2024	18	5	298
09/12/2024	19	4,4	303
09/12/2024	20	4,2	299
09/12/2024	21	5,7	305
09/12/2024	22	4,6	322
09/12/2024	23	3,6	300
10/12/2024	00	4,1	305
10/12/2024	01	4	301
10/12/2024	02	4	298
10/12/2024	03	4,1	290
10/12/2024	04	3,3	294
10/12/2024	05	3,5	300
10/12/2024	06	4,2	290
10/12/2024	07	3,6	301
10/12/2024	08	2,9	300
10/12/2024	09	3	304
10/12/2024	10	3,3	309
10/12/2024	11	1,9	38
10/12/2024	12	2,7	124
10/12/2024	13	3,5	155
10/12/2024	14	3,7	165
10/12/2024	15	2,5	148
10/12/2024	16	1,6	102
10/12/2024	17	1,2	94
10/12/2024	18	0,9	15
10/12/2024	19	1,8	341
10/12/2024	20	2	19
10/12/2024	21	0,8	14
10/12/2024	22	1,2	316
10/12/2024	23	1	306
11/12/2024	00	2,7	266
11/12/2024	01	2,1	271
11/12/2024	02	2,7	323
11/12/2024	03	2,6	312
11/12/2024	04	2,4	284
11/12/2024	05	2,2	252
11/12/2024	06	3,1	38
11/12/2024	07	2,4	3
11/12/2024	08	3,2	358
11/12/2024	09	3,1	328
11/12/2024	10	3,2	328
11/12/2024	11	4,5	355
11/12/2024	12	4,2	9
11/12/2024	13	4,3	21
11/12/2024	14	4,5	17
11/12/2024	15	6	30
11/12/2024	16	5,9	27
11/12/2024	17	4,6	12
11/12/2024	18	5,8	358
11/12/2024	19	5,6	356
11/12/2024	20	5,4	358
11/12/2024	21	5,6	356
11/12/2024	22	5,7	357
11/12/2024	23	6,7	359
12/12/2024	00	5,6	358
12/12/2024	01	6,1	359
12/12/2024	02	6	359
12/12/2024	03	5,1	355
12/12/2024	04	5,8	358
12/12/2024	05	4,8	355
12/12/2024	06	4,6	349
12/12/2024	07	3,9	345
12/12/2024	08	3,1	335
12/12/2024	09	3,5	321
12/12/2024	10	4,2	346
12/12/2024	11	4,4	358
12/12/2024	12	4	8
12/12/2024	13	3,6	27
12/12/2024	14	4,5	28
12/12/2024	15	4,1	28
12/12/2024	16	4,8	35
12/12/2024	17	4	27
12/12/2024	18	3,8	356
12/12/2024	19	3,7	353
12/12/2024	20	3,1	345
12/12/2024	21	3,7	349
12/12/2024	22	3	335
12/12/2024	23	2,8	304
13/12/2024	00	3,7	315
13/12/2024	01	3,1	306
13/12/2024	02	2,9	301
13/12/2024	03	3,5	315
13/12/2024	04	3	300
13/12/2024	05	2,6	302
13/12/2024	06	2,8	299
13/12/2024	07	2,4	300
13/12/2024	08	2,7	297
13/12/2024	09	1,1	298
13/12/2024	10	0,3	234
13/12/2024	11	1,2	200
13/12/2024	12	2,9	197
13/12/2024	13	3,7	198
13/12/2024	14	4,1	171
13/12/2024	15	3,8	161
13/12/2024	16	4	165
13/12/2024	17	3,7	195
13/12/2024	18	4,1	222
13/12/2024	19	3,2	240
13/12/2024	20	1,7	288
13/12/2024	21	2,7	286
13/12/2024	22	2,5	295
13/12/2024	23	2,5	308
14/12/2024	00	2,6	296
14/12/2024	01	2,4	288
14/12/2024	02	3,8	289
14/12/2024	03	3,2	290
14/12/2024	04	3,2	289
14/12/2024	05	2,8	288
14/12/2024	06	4,5	296
14/12/2024	07	6,8	304
14/12/2024	08	7	310
14/12/2024	09	7,1	305
14/12/2024	10	7,7	305
14/12/2024	11	5,2	317
14/12/2024	12	6,5	301
14/12/2024	13	5,4	292
14/12/2024	14	6,3	306
14/12/2024	15	4,5	323
14/12/2024	16	2,5	316
14/12/2024	17	3,7	304
14/12/2024	18	6	297
14/12/2024	19	6,1	299
14/12/2024	20	6,6	301
14/12/2024	21	7,4	307
14/12/2024	22	7,1	306
14/12/2024	23	7,5	304
15/12/2024	00	8	299
15/12/2024	01	8	301
15/12/2024	02	9	301
15/12/2024	03	8,8	301
15/12/2024	04	9,8	304
15/12/2024	05	8,8	303
15/12/2024	06	8,3	305
15/12/2024	07	8,2	305
15/12/2024	08	9,2	304
15/12/2024	09	7,7	304
15/12/2024	10	7,5	305
15/12/2024	11	6,2	304
15/12/2024	12	3,8	308
15/12/2024	13	3,8	297
15/12/2024	14	2,5	257
15/12/2024	15	3,6	110
15/12/2024	16	2,7	139
15/12/2024	17	2	181
15/12/2024	18	1,6	259
15/12/2024	19	3,8	309
15/12/2024	20	4,3	310
15/12/2024	21	4,1	315
15/12/2024	22	3,7	310
15/12/2024	23	4,2	308
16/12/2024	00	4,6	309
16/12/2024	01	4,6	306
16/12/2024	02	4,5	304
16/12/2024	03	4,2	304
16/12/2024	04	4,3	305
16/12/2024	05	4,2	303
16/12/2024	06	4,2	304
16/12/2024	07	4,2	303
16/12/2024	08	3,1	298
16/12/2024	09	2,8	296
16/12/2024	10	1,8	271
16/12/2024	11	1,4	213
16/12/2024	12	4	226
16/12/2024	13	4,5	208
16/12/2024	14	4,1	182
16/12/2024	15	3,9	157
16/12/2024	16	3,3	160
16/12/2024	17	3,1	181
16/12/2024	18	2,4	214
16/12/2024	19	2,4	241
16/12/2024	20	2,6	278
16/12/2024	21	2,5	294
16/12/2024	22	3	295
16/12/2024	23	3,4	301
17/12/2024	00	3,3	291
17/12/2024	01	2,7	289
17/12/2024	02	3	286
17/12/2024	03	3,3	292
17/12/2024	04	3,4	283
17/12/2024	05	3,3	294
17/12/2024	06	3,3	291
17/12/2024	07	2,5	290
17/12/2024	08	2,8	273
17/12/2024	09	2,2	272
17/12/2024	10	2,8	206
17/12/2024	11	3,3	220
17/12/2024	12	4,8	193
17/12/2024	13	4,7	194
17/12/2024	14	3,8	202
17/12/2024	15	2	187
17/12/2024	16	3,1	178
17/12/2024	17	2,3	180
17/12/2024	18	1	287
17/12/2024	19	1,8	308
17/12/2024	20	2,9	301
17/12/2024	21	3,2	305
17/12/2024	22	3,7	304
17/12/2024	23	3,3	300
18/12/2024	00	3,1	295
18/12/2024	01	3,2	292
18/12/2024	02	2,6	301
18/12/2024	03	2,6	293
18/12/2024	04	3,2	283
18/12/2024	05	3	281
18/12/2024	06	2	269
18/12/2024	07	1,8	271
18/12/2024	08	2,1	310
18/12/2024	09	0,6	282
18/12/2024	10	1,4	235
18/12/2024	11	1,5	42
18/12/2024	12	1,9	13
18/12/2024	13	2,9	37
18/12/2024	14	2,9	44
18/12/2024	15	4	44
18/12/2024	16	2,8	24
18/12/2024	17	2,7	18
18/12/2024	18	2,5	358
18/12/2024	19	2,5	341
18/12/2024	20	1,4	299
18/12/2024	21	1,6	270
18/12/2024	22	5,7	221
18/12/2024	23	4,3	209
19/12/2024	00	1,7	148
19/12/2024	01	3,3	268
19/12/2024	02	4,2	278
19/12/2024	03	6,9	257
19/12/2024	04	5,2	266
19/12/2024	05	5	269
19/12/2024	06	7,6	231
19/12/2024	07	6,9	214
19/12/2024	08	6,5	218
19/12/2024	09	6,4	229
19/12/2024	10	7	238
19/12/2024	11	9,8	236
19/12/2024	12	8,6	233
19/12/2024	13	8,1	226
19/12/2024	14	9,5	243
19/12/2024	15	7,3	258
19/12/2024	16	6,5	257
19/12/2024	17	3,7	273
19/12/2024	18	2,5	271
19/12/2024	19	3,3	332
19/12/2024	20	6,2	306
19/12/2024	21	10,3	304
19/12/2024	22	11,4	302
19/12/2024	23	8,3	289
20/12/2024	00	9,8	293
20/12/2024	01	7,9	298
20/12/2024	02	8,3	299
20/12/2024	03	9,1	303
20/12/2024	04	9,1	301
20/12/2024	05	10,2	304
20/12/2024	06	9,1	305
20/12/2024	07	8,9	305
20/12/2024	08	7,6	303
20/12/2024	09	7,7	303
20/12/2024	10	7,6	302
20/12/2024	11	7,9	303
20/12/2024	12	5,8	292
20/12/2024	13	4,8	282
20/12/2024	14	3,7	249
20/12/2024	15	4,9	170
20/12/2024	16	4	181
20/12/2024	17	3,7	211
20/12/2024	18	2,7	290
20/12/2024	19	4,3	319
20/12/2024	20	4,6	317
20/12/2024	21	5	310
20/12/2024	22	7	303
20/12/2024	23	8,4	303
21/12/2024	00	6,3	300
21/12/2024	01	6,7	297
21/12/2024	02	5,4	301
21/12/2024	03	5,4	306
21/12/2024	04	6	307
21/12/2024	05	5,8	306
21/12/2024	06	4,7	304
21/12/2024	07	4,4	314
21/12/2024	08	3,5	297
21/12/2024	09	2,6	262
21/12/2024	10	2,1	257
21/12/2024	11	1,9	207
21/12/2024	12	3	175
21/12/2024	13	3,3	171
21/12/2024	14	3,3	163
21/12/2024	15	4	171
21/12/2024	16	3,8	176
21/12/2024	17	3,4	206
21/12/2024	18	4,4	230
21/12/2024	19	4,5	229
21/12/2024	20	2,8	259
21/12/2024	21	2,8	272
21/12/2024	22	2,7	267
21/12/2024	23	2,8	294
22/12/2024	00	2,3	266
22/12/2024	01	1,8	257
22/12/2024	02	1,9	270
22/12/2024	03	2,5	295
22/12/2024	04	2,5	302
22/12/2024	05	2,2	256
22/12/2024	06	1,5	266
22/12/2024	07	2	293
22/12/2024	08	3,2	322
22/12/2024	09	3,3	234
22/12/2024	10	1,5	212
22/12/2024	11	3,7	202
22/12/2024	12	4,5	204
22/12/2024	13	3,8	198
22/12/2024	14	4,5	246
22/12/2024	15	4	210
22/12/2024	16	3,8	195
22/12/2024	17	4	218
22/12/2024	18	1,7	261
22/12/2024	19	2,3	291
22/12/2024	20	6,6	315
22/12/2024	21	12,2	313
22/12/2024	22	12,7	316
22/12/2024	23	13	303
23/12/2024	00	12,5	296
23/12/2024	01	11,6	298
23/12/2024	02	10,5	303
23/12/2024	03	9,6	305
23/12/2024	04	8,9	305
23/12/2024	05	10,5	297
23/12/2024	06	10,4	299
23/12/2024	07	9,3	303
23/12/2024	08	9,8	298
23/12/2024	09	10,4	298
23/12/2024	10	11,1	305
23/12/2024	11	13,8	306
23/12/2024	12	11,1	310
23/12/2024	13	10,2	297
23/12/2024	14	11,3	304
23/12/2024	15	9,6	315
23/12/2024	16	6,7	325
23/12/2024	17	10,4	321
23/12/2024	18	5,6	323
23/12/2024	19	6,1	307
23/12/2024	20	6,2	290
23/12/2024	21	11,6	313
23/12/2024	22	11,1	315
23/12/2024	23	7,9	311
24/12/2024	00	5,7	300
24/12/2024	01	6,3	289
24/12/2024	02	6,5	306
24/12/2024	03	4	287
24/12/2024	04	2,5	251
24/12/2024	05	3,3	299
24/12/2024	06	3,4	293
24/12/2024	07	2,2	257
24/12/2024	08	2,6	250
24/12/2024	09	2,1	224
24/12/2024	10	2,6	226
24/12/2024	11	4,3	211
24/12/2024	12	4	215
24/12/2024	13	4,6	188
24/12/2024	14	4,5	171
24/12/2024	15	5,2	171
24/12/2024	16	3,3	185
24/12/2024	17	3,1	176
24/12/2024	18	2,2	242
24/12/2024	19	2,5	314
24/12/2024	20	2,8	349
24/12/2024	21	2,8	313
24/12/2024	22	3,6	294
24/12/2024	23	3	281
25/12/2024	00	3,5	291
25/12/2024	01	3,4	287
25/12/2024	02	4,8	301
25/12/2024	03	5	304
25/12/2024	04	3,7	288
25/12/2024	05	3,9	296
25/12/2024	06	1,3	353
25/12/2024	07	1,4	313
25/12/2024	08	2,7	319
25/12/2024	09	4	344
25/12/2024	10	4,4	23
25/12/2024	11	5,2	32
25/12/2024	12	6,5	35
25/12/2024	13	5,8	40
25/12/2024	14	4,6	83
25/12/2024	15	5,3	112
25/12/2024	16	4,6	116
25/12/2024	17	2,9	120
25/12/2024	18	2,1	140
25/12/2024	19	1,9	173
25/12/2024	20	2,3	202
25/12/2024	21	0,9	253
25/12/2024	22	1,2	240
25/12/2024	23	1,9	221
26/12/2024	00	2,6	217
26/12/2024	01	2	227
26/12/2024	02	1,5	253
26/12/2024	03	1,5	258
26/12/2024	04	2,2	287
26/12/2024	05	2,9	288
26/12/2024	06	2,5	294
26/12/2024	07	1,8	299
26/12/2024	08	2,3	299
26/12/2024	09	3,1	306
26/12/2024	10	2,4	300
26/12/2024	11	1,2	286
26/12/2024	12	2,2	181
26/12/2024	13	2,7	172
26/12/2024	14	2,2	166
26/12/2024	15	2,3	163
26/12/2024	16	2	175
26/12/2024	17	2,1	186
26/12/2024	18	1,7	194
26/12/2024	19	0,7	323
26/12/2024	20	0,9	313
26/12/2024	21	1,9	304
26/12/2024	22	1,6	306
26/12/2024	23	2,6	296
27/12/2024	00	3,4	302
27/12/2024	01	3,9	305
27/12/2024	02	4,8	304
27/12/2024	03	5	303
27/12/2024	04	4,9	304
27/12/2024	05	4,1	306
27/12/2024	06	3,5	307
27/12/2024	07	2,7	309
27/12/2024	08	2,9	308
27/12/2024	09	3,4	321
27/12/2024	10	3,7	346
27/12/2024	11	3,9	11
27/12/2024	12	5,5	40
27/12/2024	13	5,6	44
27/12/2024	14	4,6	56
27/12/2024	15	3,2	66
27/12/2024	16	2,9	68
27/12/2024	17	3	49
27/12/2024	18	2,2	354
27/12/2024	19	2,8	345
27/12/2024	20	2,9	335
27/12/2024	21	3,6	323
27/12/2024	22	3,1	311
27/12/2024	23	3,4	304
28/12/2024	00	3,9	302
28/12/2024	01	4,3	301
28/12/2024	02	3,9	303
28/12/2024	03	3,8	303
28/12/2024	04	5	300
28/12/2024	05	5,2	300
28/12/2024	06	5	303
28/12/2024	07	4,7	303
28/12/2024	08	4,1	291
28/12/2024	09	2,7	291
28/12/2024	10	1,5	280
28/12/2024	11	1,7	210
28/12/2024	12	1,9	151
28/12/2024	13	2,2	146
28/12/2024	14	2,9	164
28/12/2024	15	4	170
28/12/2024	16	5	175
28/12/2024	17	3,2	196
28/12/2024	18	3,8	219
28/12/2024	19	4	230
28/12/2024	20	2,5	257
28/12/2024	21	2,7	283
28/12/2024	22	2,8	299
28/12/2024	23	3,3	305
29/12/2024	00	3,6	304
29/12/2024	01	3,3	304
29/12/2024	02	2,8	304
29/12/2024	03	3,4	300
29/12/2024	04	3,2	298
29/12/2024	05	2,9	306
29/12/2024	06	3,7	305
29/12/2024	07	3,3	303
29/12/2024	08	3,6	300
29/12/2024	09	3,1	296
29/12/2024	10	1,2	298
29/12/2024	11	0,2	157
29/12/2024	12	0,9	104
29/12/2024	13	1,8	104
29/12/2024	14	2,2	102
29/12/2024	15	2	103
29/12/2024	16	1,2	93
29/12/2024	17	0,8	85
29/12/2024	18	1,4	334
29/12/2024	19	2,4	307
29/12/2024	20	2,7	303
29/12/2024	21	3,8	306
29/12/2024	22	4,1	307
29/12/2024	23	3,7	306
30/12/2024	00	4,2	305
30/12/2024	01	4,2	303
30/12/2024	02	4,1	301
30/12/2024	03	4,8	303
30/12/2024	04	4,6	305
30/12/2024	05	4	307
30/12/2024	06	4	306
30/12/2024	07	2,9	306
30/12/2024	08	2,6	290
30/12/2024	09	2,7	285
30/12/2024	10	1,3	265
30/12/2024	11	1,4	252
30/12/2024	12	2,3	177
30/12/2024	13	1,8	168
30/12/2024	14	2,7	123
30/12/2024	15	3,1	110
30/12/2024	16	3,4	115
30/12/2024	17	2,1	111
30/12/2024	18	0,4	330
30/12/2024	19	1,9	301
30/12/2024	20	2,4	299
30/12/2024	21	3,7	302
30/12/2024	22	4,6	305
30/12/2024	23	5,4	305
31/12/2024	00	5,7	303
31/12/2024	01	5,3	303
31/12/2024	02	5,1	307
31/12/2024	03	3,6	312
31/12/2024	04	3,4	304
31/12/2024	05	3,7	311
31/12/2024	06	3,9	314
31/12/2024	07	4,1	320
31/12/2024	08	3,7	327
31/12/2024	09	2,8	321
31/12/2024	10	1,4	3
31/12/2024	11	3	31
31/12/2024	12	2,4	30
31/12/2024	13	1,5	33
31/12/2024	14	3,3	38
31/12/2024	15	3,4	43
31/12/2024	16	3,6	39
31/12/2024	17	2,8	3
31/12/2024	18	3,1	351
31/12/2024	19	4	353
31/12/2024	20	4	349
31/12/2024	21	3,5	346
31/12/2024	22	2,9	309
31/12/2024	23	3,6	311
