Red: Red de Vigilancia y Control de la Contaminación Atmosférica
Estación: 12040301-Castelló AP Tramuntana
	
FECHA	HORA	PM2.5	Veloc.	Direc.	PM10	Veloc.máx.
		µg/m³	m/s	grados	µg/m³	m/s
01/01/2025	00	14	0,9	288	20	1,8
01/01/2025	01	14	0,8	313	20	2,1
01/01/2025	02	12	1,3	315	17	2,7
01/01/2025	03	11	1,9	231	17	5
01/01/2025	04	9	1,4	297	12	3,2
01/01/2025	05	7	1,6	301	10	3,3
01/01/2025	06	5	1,2	292	7	2,6
01/01/2025	07	5	1,1	287	7	2,2
01/01/2025	08	6	0,8	300	8	2,1
01/01/2025	09	6	1	303	9	2,2
01/01/2025	10	7	1,3	325	9	3,2
01/01/2025	11	6	1,3	345	9	3,2
01/01/2025	12	6	1,5	19	8	4,6
01/01/2025	13	5	1,6	25	7	4,7
01/01/2025	14	5	2,2	16	7	5,7
01/01/2025	15	5	1,7	16	7	4,8
01/01/2025	16	5	1,4	33	7	4,2
01/01/2025	17	5	1,4	37	6	4,7
01/01/2025	18	5	1,1	25	6	3,9
01/01/2025	19	5	1	6	7	3
01/01/2025	20	5	0,9	16	7	3,1
01/01/2025	21	5	1,1	359	7	2,8
01/01/2025	22	9	0,9	294	13	1,6
01/01/2025	23	14	1,2	303	19	1,7
02/01/2025	00	16	1,2	296	23	1,7
02/01/2025	01	16	1	284	22	1,9
02/01/2025	02	13	0,9	289	19	1,6
02/01/2025	03	10	1,2	286	14	2,8
02/01/2025	04	7	1,5	279	10	3,2
02/01/2025	05	6	0,9	272	9	2,7
02/01/2025	06	6	1,1	255	8	3,6
02/01/2025	07	5	0,8	246	7	2,9
02/01/2025	08	5	0,4	281	7	1,7
02/01/2025	09	5	0,8	273	7	2,4
02/01/2025	10	5	0,5	227	7	1,7
02/01/2025	11	5	0,8	123	7	1,9
02/01/2025	12	5	1,2	80	7	2,9
02/01/2025	13	5	1,8	122	7	3,3
02/01/2025	14	4	1,8	136	5	3,2
02/01/2025	15	4	1,1	55	6	3
02/01/2025	16	4	1,9	9	6	4,2
02/01/2025	17	4	0,6	46	7	2
02/01/2025	18	5	0,5	348	8	1,1
02/01/2025	19	11	1,4	302	18	2,3
02/01/2025	20	13	1,1	293	18	1,8
02/01/2025	21	16	0,7	285	22	1,5
02/01/2025	22	16	0,5	279	22	1,4
02/01/2025	23	14	0,6	295	20	1,6
03/01/2025	00	12	1,4	277	17	2,8
03/01/2025	01	10	0,9	258	13	2,4
03/01/2025	02	8	1	294	11	2
03/01/2025	03	7	1,2	277	10	2
03/01/2025	04	7	1,3	299	9	2,1
03/01/2025	05	6	1,7	293	8	3
03/01/2025	06	5	1,5	287	7	2,6
03/01/2025	07	5	1,8	290	7	2,8
03/01/2025	08	6	1,2	281	9	2,2
03/01/2025	09	7	0,3	283	11	0,9
03/01/2025	10	9	0,8	235	14	2,2
03/01/2025	11	8	1	267	12	2,4
03/01/2025	12	9	3	156	33	4,9
03/01/2025	13	7	2,5	158	25	4,5
03/01/2025	14	5	1,5	90	8	3,1
03/01/2025	15	4	2	86	10	3,5
03/01/2025	16	5	1	38	13	2,5
03/01/2025	17	4	1,5	6	8	3
03/01/2025	18	6	1,2	320	11	2,2
03/01/2025	19	10	0,5	338	14	1,3
03/01/2025	20	9	0,8	16	13	3,1
03/01/2025	21	7	1,3	350	11	3,1
03/01/2025	22	10	0,4	214	14	1,1
03/01/2025	23	11	0,3	220	16	1,1
04/01/2025	00	11	1	295	16	1,8
04/01/2025	01	11	1,6	252	15	2,9
04/01/2025	02	9	1,3	271	13	2,4
04/01/2025	03	8	0,9	282	11	1,7
04/01/2025	04	8	0,5	271	11	1,2
04/01/2025	05	8	0,9	269	11	2,2
04/01/2025	06	8	0,9	316	11	1,5
04/01/2025	07	7	0,9	314	10	1,7
04/01/2025	08	6	1,6	288	9	2,7
04/01/2025	09	7	1,1	290	9	2,3
04/01/2025	10	7	0,4	277	9	1
04/01/2025	11	8	0,8	132	11	1,9
04/01/2025	12	10	0,9	157	15	2,2
04/01/2025	13	10	1,6	143	15	2,8
04/01/2025	14	8	1,7	143	11	3,2
04/01/2025	15	5	2	107	7	3,3
04/01/2025	16	4	1,2	35	6	2,8
04/01/2025	17	5	0,9	356	6	2,2
04/01/2025	18	7	1	315	10	2
04/01/2025	19	13	1,7	306	19	2,7
04/01/2025	20	12	1,3	303	17	2,1
04/01/2025	21	12	0,3	271	17	1,1
04/01/2025	22	13	0,5	275	18	1,1
04/01/2025	23	13	0,5	245	18	1,5
05/01/2025	00	12	1,3	292	16	2,3
05/01/2025	01	11	0,9	281	15	1,6
05/01/2025	02	10	0,6	253	14	1,9
05/01/2025	03	9	0,8	284	12	1,8
05/01/2025	04	8	0,9	292	11	2
05/01/2025	05	7	0,7	272	9	1,6
05/01/2025	06	6	0,4	263	8	1,2
05/01/2025	07	5	0,8	293	7	1,6
05/01/2025	08	5	0,2	235	7	0,9
05/01/2025	09	6	0,6	321	8	1,4
05/01/2025	10	6	0,4	288	9	1
05/01/2025	11	7	0,7	128	9	1,7
05/01/2025	12	8	1	120	11	1,9
05/01/2025	13	9	0,9	140	12	1,8
05/01/2025	14	9	1,3	27	12	3
05/01/2025	15	9	1,4	37	13	3,6
05/01/2025	16	8	1,4	348	12	3,2
05/01/2025	17	9	0,9	326	13	2
05/01/2025	18	10	1,2	321	15	2,8
05/01/2025	19	12	0,8	252	18	1,8
05/01/2025	20	13	0,9	245	19	2,2
05/01/2025	21	15	1,4	229	22	3,7
05/01/2025	22	16	2,4	202	26	4,7
05/01/2025	23	13	3,9	195	25	7,7
06/01/2025	00	10	5,2	183	25	9,1
06/01/2025	01	9	5,6	178	24	9,7
06/01/2025	02	10	4,7	178	25	8,8
06/01/2025	03	8	3	193	20	6,6
06/01/2025	04	9	2,3	222	19	5,2
06/01/2025	05	8	1,5	281	12	3
06/01/2025	06	7	1,5	239	10	4
06/01/2025	07	7	2,5	224	11	6,3
06/01/2025	08	7	3,4	200	11	7,9
06/01/2025	09	6	1	268	9	2,7
06/01/2025	10	6	2,4	215	8	6,3
06/01/2025	11	4	4,6	189	8	10,5
06/01/2025	12	4	4,5	184	7	9
06/01/2025	13	3	3	192	5	6,6
06/01/2025	14	3	2,7	188	5	5,9
06/01/2025	15	3	2,5	186	5	5,4
06/01/2025	16	4	1,4	187	5	3,7
06/01/2025	17	3	1,3	230	5	3,7
06/01/2025	18	3	3,1	314	4	7,7
06/01/2025	19	3	2,6	312	4	6,7
06/01/2025	20	3	2,2	326	4	5,2
06/01/2025	21	3	2,3	313	3	5,3
06/01/2025	22	3	1,2	301	3	2,7
06/01/2025	23	3	1,1	277	4	2,7
07/01/2025	00	3	1,5	275	4	4,2
07/01/2025	01	3	0,9	245	3	3,3
07/01/2025	02	3	1,6	231	3	3,9
07/01/2025	03	3	1,8	239	3	4,3
07/01/2025	04	3	1,3	242	3	3,1
07/01/2025	05	3	1,4	209	3	3
07/01/2025	06	3	1,4	227	3	3,9
07/01/2025	07	3	1,7	271	4	3,6
07/01/2025	08	3	1	273	4	2,9
07/01/2025	09	3	1	234	5	3,1
07/01/2025	10	4	1	203	7	2,6
07/01/2025	11	5	1,1	191	9	3
07/01/2025	12	3	1,8	218	5	5,1
07/01/2025	13	4	3,7	190	17	6,8
07/01/2025	14	5	5,8	167	28	9,4
07/01/2025	15	4	5,7	168	19	8,7
07/01/2025	16	5	4,1	164	21	7
07/01/2025	17	5	1	340	22	2,4
07/01/2025	18	5	1,2	289	13	3,1
07/01/2025	19	6	1	244	13	2,8
07/01/2025	20	8	1,5	246	15	3,2
07/01/2025	21	9	0,9	198	15	3
07/01/2025	22	9	1,4	232	15	3,3
07/01/2025	23	8	1,7	185	14	3,4
08/01/2025	00	7	1,9	238	12	3,9
08/01/2025	01	6	1	257	9	3
08/01/2025	02	5	0,9	278	7	2,2
08/01/2025	03	5	1	235	7	2,3
08/01/2025	04	4	0,8	278	5	1,9
08/01/2025	05	3	0,6	294	5	1,5
08/01/2025	06	3	1	287	4	2,1
08/01/2025	07	3	0,6	234	5	1,7
08/01/2025	08	4	1,6	261	7	3,7
08/01/2025	09	6	1,2	253	12	3,3
08/01/2025	10	15	1	224	25	2,5
08/01/2025	11	16	2	181	32	3,9
08/01/2025	12	11	3,4	164	36	5,6
08/01/2025	13	8	4,4	169	52	7,1
08/01/2025	14	5	3	169	22	5,3
08/01/2025	15	10	5,8	176	133	10,4
08/01/2025	16	6	3,6	180	43	7,3
08/01/2025	17	6	5,5	188	29	12,6
08/01/2025	18	6	5,2	182	21	11,7
08/01/2025	19	5	4,8	187	19	9,8
08/01/2025	20	3	2,1	228	6	4,9
08/01/2025	21	3	3,4	197	5	7,3
08/01/2025	22	3	4,3	184	6	8,4
08/01/2025	23	4	3,9	182	6	7,7
09/01/2025	00	4	4	199	7	10,4
09/01/2025	01	3	4,9	192	6	12
09/01/2025	02	4	3,7	193	5	8,5
09/01/2025	03	4	3,1	208	6	7,7
09/01/2025	04	4	2,5	204	5	6,1
09/01/2025	05	4	1,8	213	7	5,2
09/01/2025	06	4	2,3	210	5	6,2
09/01/2025	07	3	1,8	201	5	4,9
09/01/2025	08	4	1,3	238	7	4,3
09/01/2025	09	5	1,2	264	9	3,5
09/01/2025	10	6	1,8	239	11	4,8
09/01/2025	11	8	5,2	177	65	8,6
09/01/2025	12	9	5,7	175	85	9,5
09/01/2025	13	6	4,7	171	54	8,2
09/01/2025	14	5	2,6	163	17	4,9
09/01/2025	15	4	0,8	10	11	2,5
09/01/2025	16	3	2,8	315	7	6,6
09/01/2025	17	3	1,8	302	4	4
09/01/2025	18	3	1	277	4	2,6
09/01/2025	19	4	0,8	233	7	2,1
09/01/2025	20	5	0,5	262	8	1,6
09/01/2025	21	6	1,6	310	10	3,1
09/01/2025	22	6	0,8	223	8	1,8
09/01/2025	23	5	1,2	225	8	2,7
10/01/2025	00	5	1	233	8	2,1
10/01/2025	01	6	1	274	8	2,4
10/01/2025	02	6	0,8	267	9	2,8
10/01/2025	03	5	0,6	215	7	1,9
10/01/2025	04	5	0,3	235	7	1,3
10/01/2025	05	4	0,9	261	5	2,1
10/01/2025	06	4	1,5	220	5	3,7
10/01/2025	07	4	1,6	256	6	3,9
10/01/2025	08	5	1,5	254	7	4
10/01/2025	09	5	1,7	274	8	5,1
10/01/2025	10	4	1,5	276	7	3,9
10/01/2025	11	3	1,2	337	11	3,5
10/01/2025	12	6	2,5	98	25	5,3
10/01/2025	13	5	2,2	78	14	4
10/01/2025	14	4	1,4	50	6	3,2
10/01/2025	15	3	1,3	43	5	2,8
10/01/2025	16	5	1,4	77	20	3,3
10/01/2025	17	4	0,5	21	12	1,6
10/01/2025	18	5	0,6	3	8	1,5
10/01/2025	19	5	0,5	360	7	1,7
10/01/2025	20	8	0,6	258	11	1,2
10/01/2025	21	9	1,1	253	13	2,7
10/01/2025	22	8	0,9	286	12	2,2
10/01/2025	23	8	1,2	246	11	3,1
11/01/2025	00	6	0,8	204	9	2,7
11/01/2025	01	5	1,6	197	7	3,9
11/01/2025	02	5	1,1	202	7	3,1
11/01/2025	03	4	1,6	203	5	3,2
11/01/2025	04	3	1,5	288	5	3,1
11/01/2025	05	3	1,5	213	4	3,2
11/01/2025	06	3	1,3	267	4	3,3
11/01/2025	07	3	1,6	215	4	3,9
11/01/2025	08	3	0,8	160	5	2,5
11/01/2025	09	4	1	204	5	3,9
11/01/2025	10	4	1,3	239	6	4,8
11/01/2025	11	3	1,9	297	6	6,7
11/01/2025	12	3	3,9	306	6	11,5
11/01/2025	13	3	4,5	311	8	12,1
11/01/2025	14	3	3,9	322	5	11,5
11/01/2025	15	3	4,6	343	6	13,1
11/01/2025	16	3	4,5	347	6	14,6
11/01/2025	17	3	6,7	311	22	19,2
11/01/2025	18	4	7,4	308	21	17,6
11/01/2025	19	3	1,6	301	3	4,6
11/01/2025	20	3	3,3	300	4	9,9
11/01/2025	21	3	6,5	311	6	16
11/01/2025	22	3	5,2	290	8	15,3
11/01/2025	23	3	3,1	147	5	7,8
12/01/2025	00	3	2	278	4	4,8
12/01/2025	01	3	2,5	200	4	5,2
12/01/2025	02	3	1,6	210	3	5,3
12/01/2025	03	3	2,4	174	4	6,2
12/01/2025	04	3	5,5	287	9	17
12/01/2025	05	3	5,9	295	7	16,2
12/01/2025	06	3	3,3	283	3	10,8
12/01/2025	07	3	6	307	4	14,2
12/01/2025	08	3	7,9	305	6	18,9
12/01/2025	09	3	7,7	319	7	19,4
12/01/2025	10	3	8,2	325	11	23,4
12/01/2025	11	3	8,4	331	9	21,6
12/01/2025	12	3	7,2	334	5	17,5
12/01/2025	13	3	5,4	339	3	13,2
12/01/2025	14	3	2,7	329	3	7,2
12/01/2025	15	3	4,4	338	3	9,5
12/01/2025	16	3	3,9	343	3	9,8
12/01/2025	17	3	2,6	349	3	6,2
12/01/2025	18	3	2,6	351	3	6,1
12/01/2025	19	4	3,9	87	5	8,8
12/01/2025	20	5	3,9	102	7	7,2
12/01/2025	21	5	1,8	93	6	4,1
12/01/2025	22	6	1	292	9	2,1
12/01/2025	23	8	1,1	289	11	2,3
13/01/2025	00	9	1,1	281	14	2,3
13/01/2025	01	9	1,3	269	14	4
13/01/2025	02	6	1,5	279	9	3,8
13/01/2025	03	4	1,6	288	5	4,1
13/01/2025	04	3	1,4	287	4	3,5
13/01/2025	05	3	0,9	269	4	2,2
13/01/2025	06	4	1	255	6	2,6
13/01/2025	07	5	1,2	252	8	2,5
13/01/2025	08	6	0,9	259	10	2,6
13/01/2025	09	13	1,5	272	25	3,5
13/01/2025	10	12	1,4	256	22	3
13/01/2025	11	8	1	200	14	2,5
13/01/2025	12	6	2,8	116	10	4,9
13/01/2025	13	5	3	100	12	5,7
13/01/2025	14	3	3	103	6	5,6
13/01/2025	15	3	3,6	88	7	6,7
13/01/2025	16	4	2,6	74	8	5,4
13/01/2025	17	4	1,9	53	8	4,9
13/01/2025	18	4	1,3	16	11	4,2
13/01/2025	19	8	1,8	310	11	3,3
13/01/2025	20	10	1,2	303	14	2,2
13/01/2025	21	10	1,8	306	14	3
13/01/2025	22	8	2	297	12	3,7
13/01/2025	23	6	1,7	295	9	3,6
14/01/2025	00	6	1,8	284	9	4,2
14/01/2025	01	5	2	277	7	4,2
14/01/2025	02	4	1,6	279	6	3,4
14/01/2025	03	4	1,3	267	6	3
14/01/2025	04	4	1,7	253	6	3,8
14/01/2025	05	4	1,3	270	6	3,3
14/01/2025	06	4	1,3	285	6	2,7
14/01/2025	07	4	1,5	283	8	2,9
14/01/2025	08	5	1,6	269	12	3,1
14/01/2025	09	8	1,7	261	19	3,3
14/01/2025	10	8	1,9	248	17	3,8
14/01/2025	11	6	1	210	11	2,6
14/01/2025	12	5	2	132	9	3,7
14/01/2025	13	4	2,5	142	6	4,5
14/01/2025	14	3	3	135	4	5,7
14/01/2025	15	3	2,8	119	5	5
14/01/2025	16	3	2,2	99	6	4,4
14/01/2025	17	4	0,7	86	9	2,6
14/01/2025	18	5	0,6	276	9	1,3
14/01/2025	19	9	1,5	298	15	2,2
14/01/2025	20	12	1,8	302	19	2,7
14/01/2025	21	10	1,6	299	14	2,7
14/01/2025	22	10	1,2	293	14	2,3
14/01/2025	23	11	1	265	15	2,1
15/01/2025	00	9	1,2	259	13	2,8
15/01/2025	01	7	1,5	258	11	3,3
15/01/2025	02	7	0,5	273	12	1,1
15/01/2025	03	7	0,4	278	11	0,9
15/01/2025	04	7	0,6	281	11	1,2
15/01/2025	05	6	1,3	292	9	1,9
15/01/2025	06	6	1,4	292	9	2,1
15/01/2025	07	6	0,4	273	10	1,4
15/01/2025	08	8	0,2	272	14	1
15/01/2025	09	8	0,3	281	15	0,9
15/01/2025	10	10	0,2	169	16	0,7
15/01/2025	11	10	0,8	138	15	1,9
15/01/2025	12	10	2	151	19	3,9
15/01/2025	13	7	5,1	170	21	7,6
15/01/2025	14	5	4	168	15	6,4
15/01/2025	15	4	4	168	9	6,2
15/01/2025	16	4	3	169	7	4,9
15/01/2025	17	6	1,6	193	19	3,1
15/01/2025	18	6	0,8	265	10	1,9
15/01/2025	19	10	1,3	297	17	2,1
15/01/2025	20	13	0,5	310	21	1,3
15/01/2025	21	16	0,7	263	24	2
15/01/2025	22	17	1,1	288	26	2,5
15/01/2025	23	19	1	307	29	1,9
16/01/2025	00	19	1,9	300	28	2,7
16/01/2025	01	15	1,7	298	23	2,7
16/01/2025	02	14	1,6	295	21	2,6
16/01/2025	03	12	1,9	331	17	4,2
16/01/2025	04	9	0,9	271	13	1,8
16/01/2025	05	8	0,7	257	11	1,7
16/01/2025	06	7	0,6	296	10	1,8
16/01/2025	07	7	1,6	290	11	2,6
16/01/2025	08	10	2,2	316	16	4
16/01/2025	09	8	3,3	341	15	6,7
16/01/2025	10	7	4	0	14	9,3
16/01/2025	11	8	5,3	11	20	11,6
16/01/2025	12	8	4,8	13	21	11,6
16/01/2025	13	9	3,8	26	25	10,6
16/01/2025	14	10	4,5	17	28	11,2
16/01/2025	15	9	4,7	5	21	10,3
16/01/2025	16		4,9	353		12
16/01/2025	17		6,1	22		14,5
16/01/2025	18		4,2	359		9,4
16/01/2025	19		2,4	305		5,8
16/01/2025	20		4,8	6		12,9
16/01/2025	21		5,3	341		11,6
16/01/2025	22		4,8	350		10,8
16/01/2025	23		5,2	349		11,8
17/01/2025	00		5,7	344		12,3
17/01/2025	01		6,1	345		13,3
17/01/2025	02		6	345		12,9
17/01/2025	03		6,5	344		14,2
17/01/2025	04		6,5	346		14,6
17/01/2025	05		7,3	348		15,9
17/01/2025	06		5,1	344		11
17/01/2025	07		5,2	343		10,9
17/01/2025	08		5,8	347		13
17/01/2025	09		5,8	348		12,8
17/01/2025	10		5,4	6		12,5
17/01/2025	11		2,8	338		7,2
17/01/2025	12		6	349		13,6
17/01/2025	13		6,3	354		15,6
17/01/2025	14		5,6	352		12,7
17/01/2025	15		5	351		11,4
17/01/2025	16		4,6	354		10,5
17/01/2025	17		3,3	344		7
17/01/2025	18		3	335		5,5
17/01/2025	19		2,1	312		3,5
17/01/2025	20		1,9	310		3,2
17/01/2025	21		1,9	305		3,5
17/01/2025	22		2	299		3,8
17/01/2025	23		2,2	300		4,2
18/01/2025	00		2	289		4,3
18/01/2025	01		2	263		3,7
18/01/2025	02		1,9	260		4,1
18/01/2025	03		1	266		2,9
18/01/2025	04		1,7	262		3,7
18/01/2025	05		2	254		4,6
18/01/2025	06		2,2	264		4,5
18/01/2025	07		1,5	253		3,9
18/01/2025	08		1,8	258		3,9
18/01/2025	09		2,1	257		4,4
18/01/2025	10		1,5	259		3,5
18/01/2025	11		1	258		2,8
18/01/2025	12		1	159		2,2
18/01/2025	13		2,8	105		5
18/01/2025	14		2,7	94		4,9
18/01/2025	15		2,6	104		4,5
18/01/2025	16		1,6	133		3,1
18/01/2025	17		0,3	196		0,9
18/01/2025	18		0,4	298		0,9
18/01/2025	19		1,4	301		2
18/01/2025	20		1,7	300		2,7
18/01/2025	21		1,5	296		2,6
18/01/2025	22		1,3	297		2,1
18/01/2025	23		1,3	294		2,3
19/01/2025	00		1,6	266		2,9
19/01/2025	01		1,9	258		4
19/01/2025	02		1,4	267		3
19/01/2025	03		0,6	287		1,7
19/01/2025	04		0,5	273		1,7
19/01/2025	05		2,1	258		3,9
19/01/2025	06		2,9	247		5,1
19/01/2025	07		0,4	315		1,4
19/01/2025	08		0,4	284		1,4
19/01/2025	09		0,9	271		2,1
19/01/2025	10		0,2	292		1,7
19/01/2025	11		0,4	310		1,1
19/01/2025	12		1,3	111		2,5
19/01/2025	13		1,9	106		3,1
19/01/2025	14		2,8	127		4,6
19/01/2025	15		2,5	149		5
19/01/2025	16		2,8	162		5,1
19/01/2025	17		3,9	170		6,2
19/01/2025	18		2,3	197		4,5
19/01/2025	19		1,2	289		2,3
19/01/2025	20		1,5	299		2,5
19/01/2025	21		1,5	301		2,4
19/01/2025	22		0,3	283		0,7
19/01/2025	23		0,2	274		0,7
20/01/2025	00		0,3	275		0,8
20/01/2025	01		0,2	261		0,6
20/01/2025	02		1,1	267		2,6
20/01/2025	03		2	256		3,9
20/01/2025	04		1,5	245		3,5
20/01/2025	05		0,8	232		2,1
20/01/2025	06		1,3	244		3
20/01/2025	07		0,5	304		1,4
20/01/2025	08		0,4	270		1,1
20/01/2025	09		0,6	338		1,5
20/01/2025	10		0,6	300		1,6
20/01/2025	11		0,3	312		1,1
20/01/2025	12		1	131		2,3
20/01/2025	13		1,4	152		2,4
20/01/2025	14		0,6	320		1,8
20/01/2025	15		0,9	359		2,1
20/01/2025	16		0,2	64		0,7
20/01/2025	17		1	341		2
20/01/2025	18		0,5	308		1,1
20/01/2025	19		0,7	278		1,1
20/01/2025	20		1	292		1,9
20/01/2025	21		0,9	302		1,8
20/01/2025	22		1	298		1,8
20/01/2025	23		0,4	265		1,3
21/01/2025	00		0,5	6		1
21/01/2025	01		0,9	23		2,7
21/01/2025	02		1	340		2,1
21/01/2025	03		1,1	301		1,8
21/01/2025	04		1,3	306		1,9
21/01/2025	05		0,5	270		1,2
21/01/2025	06		0,7	292		1,3
21/01/2025	07		1,2	301		2
21/01/2025	08		0,5	285		1,3
21/01/2025	09		0,7	313		1,4
21/01/2025	10		0,9	8		2,4
21/01/2025	11		1,7	51		4,2
21/01/2025	12		1,6	46		4,3
21/01/2025	13		1,7	58		3,7
21/01/2025	14		1,4	49		4,1
21/01/2025	15		1,3	25		3,1
21/01/2025	16		1,3	23		2,9
21/01/2025	17		0,8	57		2,2
21/01/2025	18		0,8	352		2
21/01/2025	19		0,7	329		1,5
21/01/2025	20		0,9	316		1,9
21/01/2025	21		0,5	300		1,4
21/01/2025	22		0,8	258		1,8
21/01/2025	23		0,3	156		1
22/01/2025	00		0,5	276		1,4
22/01/2025	01		0,7	274		1,8
22/01/2025	02		0,6	355		1,5
22/01/2025	03		0,6	278		1,4
22/01/2025	04		1,3	285		2,5
22/01/2025	05		0,7	34		2,1
22/01/2025	06		0,7	291		2
22/01/2025	07		1,8	261		3,8
22/01/2025	08		2,1	214		4,8
22/01/2025	09		2,4	245		5,1
22/01/2025	10		2,3	172		4,3
22/01/2025	11		2,3	157		3,9
22/01/2025	12		2,7	151		5,1
22/01/2025	13		4,2	158		7,5
22/01/2025	14		5,6	178		10,5
22/01/2025	15		5,8	182		10,6
22/01/2025	16		4,6	182		8,7
22/01/2025	17		2,6	190		4,8
22/01/2025	18		0,8	334		2,2
22/01/2025	19		0,6	127		2
22/01/2025	20		1	148		2,6
22/01/2025	21		1,3	228		2,8
22/01/2025	22		0,6	314		1,6
22/01/2025	23		1,3	225		3,1
23/01/2025	00		1,5	267		3,6
23/01/2025	01		1,6	166		3,1
23/01/2025	02		3,7	182		6,8
23/01/2025	03		3,4	191		7,1
23/01/2025	04		2,8	191		5,8
23/01/2025	05		1,5	240		3,4
23/01/2025	06		1,4	264		3,5
23/01/2025	07		1,4	226		3,4
23/01/2025	08		2,4	203		4,8
23/01/2025	09	27	2,2	238	56	5,6
23/01/2025	10	15	1,1	252	24	3,8
23/01/2025	11	11	0,8	206	20	2,5
23/01/2025	12	26	2,2	84	59	4,2
23/01/2025	13	13	1,7	135	35	3,1
23/01/2025	14	10	0,9	131	29	2,1
23/01/2025	15	11	1,3	31	48	3
23/01/2025	16	7	1,6	27	20	4,1
23/01/2025	17	17	1,9	30	23	6,5
23/01/2025	18	16	2,4	33	21	7
23/01/2025	19	6	2,9	6	7	6,2
23/01/2025	20	6	1,9	4	7	4,7
23/01/2025	21	10	1	309	11	2
23/01/2025	22	14	0,7	196	16	2
23/01/2025	23	15	0,7	193	18	1,9
24/01/2025	00	13	1	231	16	2,4
24/01/2025	01	13	1,3	251	14	2,6
24/01/2025	02	13	0,4	269	15	1,3
24/01/2025	03	11	0,9	301	12	1,8
24/01/2025	04	10	0,5	246	11	1,3
24/01/2025	05	11	0,9	311	11	1,9
24/01/2025	06	7	1,5	301	8	2,4
24/01/2025	07	11	1,2	241	11	2,8
24/01/2025	08	13	0,7	293	17	1,5
24/01/2025	09	21	0,3	287	29	1,7
24/01/2025	10	22	0,5	265	29	1,7
24/01/2025	11	24	2,2	137	37	3,8
24/01/2025	12	18	3,2	152	26	5,5
24/01/2025	13	17	1,5	111	29	2,9
24/01/2025	14	11	3,8	133	26	7,1
24/01/2025	15	9	7,5	171	27	11,5
24/01/2025	16	8	7,4	173	40	12,6
24/01/2025	17	6	6,1	180	19	11,6
24/01/2025	18	5	6	181	9	11,9
24/01/2025	19	7	5,4	176	16	10,1
24/01/2025	20	6	3,2	190	7	6,9
24/01/2025	21	6	1,7	206	8	5,1
24/01/2025	22	10	1,4	217	13	3,4
24/01/2025	23	10	1,4	196	12	3,2
25/01/2025	00	6	1,5	210	7	3,4
25/01/2025	01	7	1,4	210	8	3,7
25/01/2025	02	6	1,5	204	8	4,2
25/01/2025	03	8	1,7	202	9	3,8
25/01/2025	04	9	1,4	203	10	3,5
25/01/2025	05	8	2,1	214	9	5,3
25/01/2025	06	11	1,9	228	12	4,5
25/01/2025	07	12	2,6	210	14	5,2
25/01/2025	08	11	2,2	217	14	5,8
25/01/2025	09	18	2,1	215	22	5,2
25/01/2025	10	15	2,8	195	18	6,2
25/01/2025	11	14	3,9	186	17	8,1
25/01/2025	12	11	6,4	181	15	11,7
25/01/2025	13	9	5	178	13	9
25/01/2025	14	7	3,3	178	10	6
25/01/2025	15	6	1,9	221	11	6
25/01/2025	16	2	2,6	240	3	9,6
25/01/2025	17	3	1,8	220	3	4,8
25/01/2025	18	5	1,9	234	6	5,9
25/01/2025	19	6	2	210	7	5,2
25/01/2025	20	9	2,6	205	10	5,7
25/01/2025	21	8	2,4	219	9	6,7
25/01/2025	22	8	0,9	273	8	2,8
25/01/2025	23	11	1	306	11	2,6
26/01/2025	00	8	1,1	237	8	2,4
26/01/2025	01	5	2,5	198	6	5
26/01/2025	02	9	2,2	216	9	4,8
26/01/2025	03	8	1	262	9	2,4
26/01/2025	04	7	1,3	189	8	2,7
26/01/2025	05	3	1,7	282	3	4,4
26/01/2025	06	3	1,4	279	3	4,3
26/01/2025	07	3	1,8	295	4	4,2
26/01/2025	08	6	1,7	192	11	3,4
26/01/2025	09	9	0,9	226	11	2,7
26/01/2025	10	10	2,5	181	13	5,3
26/01/2025	11	6	2,6	199	7	7,3
26/01/2025	12	3	3,5	190	3	7,5
26/01/2025	13	3	5,1	178	6	9,3
26/01/2025	14	3	5	179	6	9,1
26/01/2025	15	3	4,8	180	4	9
26/01/2025	16	3	4,5	178	4	7,9
26/01/2025	17	3	5,7	181	4	10,7
26/01/2025	18	3	6	180	5	11,1
26/01/2025	19	4	8,5	171	11	13,2
26/01/2025	20	3	5,7	175	4	10,3
26/01/2025	21	3	5,4	171	4	8,9
26/01/2025	22	3	5,1	177	3	9,7
26/01/2025	23	4	6,7	181	5	13,8
27/01/2025	00	4	7,7	180	5	14
27/01/2025	01	5	8,1	181	19	15,5
27/01/2025	02	4	8	173	6	13,8
27/01/2025	03	4	8,1	174	7	14,7
27/01/2025	04	3	8,3	180	8	16,1
27/01/2025	05	4	8,5	180	11	16,4
27/01/2025	06	3	7,7	182	6	15
27/01/2025	07	5	7,8	180	23	16,5
27/01/2025	08	5	8,6	180	13	16,5
27/01/2025	09	10	9,9	178	75	17,5
27/01/2025	10	8	9	173	64	16,1
27/01/2025	11	5	7,3	169	16	13,1
27/01/2025	12	3	6,9	183	11	14,7
27/01/2025	13	3	5,8	191	10	14,9
27/01/2025	14	1	4,4	198	6	12,1
27/01/2025	15	4	3,7	234	16	13,1
27/01/2025	16	2	2	209	5	5,7
27/01/2025	17	2	4,5	194	5	11,5
27/01/2025	18	2	4,8	193	3	11,7
27/01/2025	19	2	5,8	189	3	14,1
27/01/2025	20	1	4,9	196	3	12,9
27/01/2025	21	2	4,6	204	5	16,3
27/01/2025	22	3	3,6	247	10	16,1
27/01/2025	23	3	4,3	257	11	17,1
28/01/2025	00	1	4,2	265	4	15,6
28/01/2025	01	2	5	275	5	17
28/01/2025	02	1	3,2	259	2	10,9
28/01/2025	03	1	3,9	277	2	14,7
28/01/2025	04	1	2,8	256	2	10,9
28/01/2025	05	2	2,7	255	2	10,1
28/01/2025	06	2	1,6	256	2	5,5
28/01/2025	07	2	1,4	255	2	5,2
28/01/2025	08	2	2,8	218	3	8,5
28/01/2025	09	2	4,1	188	3	9,4
28/01/2025	10	2	3,4	257	4	11,4
28/01/2025	11	2	5,1	281	3	15,2
28/01/2025	12	1	3,2	287	3	12,1
28/01/2025	13	1	3,4	273	2	10,6
28/01/2025	14	1	4,5	278	2	12,3
28/01/2025	15	1	4,6	288	2	11,6
28/01/2025	16	1	4	289	2	11,5
28/01/2025	17	1	3,2	288	2	8,9
28/01/2025	18	2	2,2	263	3	7
28/01/2025	19	2	1,7	207	3	4,7
28/01/2025	20	3	1,8	200	3	5,2
28/01/2025	21	2	1,1	232	3	4,3
28/01/2025	22	2	1,1	222	2	4,3
28/01/2025	23	2	2,6	190	2	6,2
29/01/2025	00	3	1,7	223	3	5,5
29/01/2025	01	2	3,2	190	2	6,9
29/01/2025	02	3	1,7	209	4	4,8
29/01/2025	03	2	2,1	192	2	5
29/01/2025	04	3	2,3	189	3	5,4
29/01/2025	05	4	2,4	188	4	4,8
29/01/2025	06	5	1,5	224	6	4,3
29/01/2025	07	6	0,9	235	7	3,6
29/01/2025	08	8	2	192	17	4,9
29/01/2025	09	9	1,3	180	23	3,2
29/01/2025	10	4	1,7	226	10	4,8
29/01/2025	11	5	3,3	193	8	7,4
29/01/2025	12	5	3,5	191	7	7,9
29/01/2025	13	6	4,1	193	8	9
29/01/2025	14	4	4,8	187	6	10,3
29/01/2025	15	4	6,2	183	10	12,2
29/01/2025	16	5	5,6	189	7	12,8
29/01/2025	17	5	3,1	195	7	8,5
29/01/2025	18	5	2,3	191	7	5,3
29/01/2025	19	8	3,8	189	11	7,1
29/01/2025	20	8	5,6	180	13	10,4
29/01/2025	21	4	5,4	176	7	9,9
29/01/2025	22	4	6	178	5	10,5
29/01/2025	23	4	5,3	182	5	10,2
30/01/2025	00	3	2,5	203	3	5,8
30/01/2025	01	2	0,9	276	3	2,6
30/01/2025	02	5	0,7	251	5	2,4
30/01/2025	03	7	1,9	237	8	4,2
30/01/2025	04	6	1	291	6	2,3
30/01/2025	05	5	1,7	249	6	3,4
30/01/2025	06	6	1,3	277	7	2,9
30/01/2025	07	4	1,1	277	5	2,8
30/01/2025	08	6	0,9	267	10	2,7
30/01/2025	09	14	0,8	241	23	2,7
30/01/2025	10	7	1	255	13	2,8
30/01/2025	11	3	1,3	234	6	3,9
30/01/2025	12	2	1,9	188	4	5,3
30/01/2025	13	3	1,8	53	12	4,7
30/01/2025	14	3	1,7	46	10	4
30/01/2025	15	3	1,5	146	9	3,4
30/01/2025	16	3	1,4	122	14	3,5
30/01/2025	17	4	1,5	49	17	3,9
30/01/2025	18	4	1,8	53	13	4,4
30/01/2025	19	2	4,7	335	4	11,2
30/01/2025	20	1	3	344	2	6,1
30/01/2025	21	2	2,6	335	2	7
30/01/2025	22	2	0,9	312	3	3,1
30/01/2025	23	1	3,5	329	2	8,9
31/01/2025	00	1	4,1	322	1	9,2
31/01/2025	01	1	4,4	329	1	10,6
31/01/2025	02	1	4,2	329	1	11,2
31/01/2025	03	1	4,3	330	1	10,3
31/01/2025	04	1	4	326	1	9
31/01/2025	05	1	4,1	321	1	9,5
31/01/2025	06	1	4	319	1	9,7
31/01/2025	07	1	4,1	323	1	10,7
31/01/2025	08	1	3,2	315	1	9,1
31/01/2025	09	2	2,1	283	3	5,5
31/01/2025	10	1	3,4	303	1	9
31/01/2025	11	1	2,2	305	2	5,5
31/01/2025	12	2	1,6	264	2	4,7
31/01/2025	13	2	2,4	202	9	5,7
31/01/2025	14	3	5	115	10	8,8
31/01/2025	15	3	4,2	108	8	7,5
31/01/2025	16	4	3,9	89	11	6,9
31/01/2025	17	3	2,7	101	8	5,1
31/01/2025	18	2	1,7	118	4	3,3
31/01/2025	19	9	0,9	282	11	2,1
31/01/2025	20	12	1,2	299	13	2
31/01/2025	21	9	1,5	299	9	2,3
31/01/2025	22	11	1,6	301	12	2,6
31/01/2025	23	7	1,4	299	8	2,3
01/02/2025	00	8	1,4	300	9	2,4
01/02/2025	01	12	1,5	254	13	3,2
01/02/2025	02	9	1,5	277	10	3,8
01/02/2025	03	11	1,2	261	12	4
01/02/2025	04	8	1,2	270	10	3,4
01/02/2025	05	9	2	264	10	4,3
01/02/2025	06	8	1,9	278	9	4
01/02/2025	07	5	1,9	273	6	3,6
01/02/2025	08	5	1,8	288	5	3,8
01/02/2025	09	11	1,5	272	13	3
01/02/2025	10	14	1,5	266	16	3,8
01/02/2025	11	6	1	327	7	2,2
01/02/2025	12	4	1,2	9	5	3,2
01/02/2025	13	2	2,2	63	2	4,9
01/02/2025	14	2	2,3	47	3	5,5
01/02/2025	15	2	2,5	40	2	6,4
01/02/2025	16	4	1,9	11	4	4,5
01/02/2025	17	4	2,3	49	4	6
01/02/2025	18	5	2,2	28	5	6,8
01/02/2025	19	8	2,3	346	9	4,5
01/02/2025	20	5	3,4	343	5	6,6
01/02/2025	21	4	2,7	333	4	5,4
01/02/2025	22	4	3	339	4	6,2
01/02/2025	23	3	2,4	335	3	4,3
02/02/2025	00	2	2,2	337	2	3,9
02/02/2025	01	2	2	352	2	4,5
02/02/2025	02	3	1,3	352	3	3,5
02/02/2025	03	4	1,1	301	4	2,7
02/02/2025	04	5	1,9	277	5	4
02/02/2025	05	3	1,8	280	3	3,6
02/02/2025	06	6	1,6	261	6	3,6
02/02/2025	07	7	1,7	264	7	4,4
02/02/2025	08	7	1,8	266	8	3,9
02/02/2025	09	7	1,7	262	8	3,6
02/02/2025	10	4	1,1	263	5	2,9
02/02/2025	11	3	2,5	53	3	5,2
02/02/2025	12	4	4	98	4	7,1
02/02/2025	13	3	3,2	129	3	5,7
02/02/2025	14	3	3,3	157	3	5,8
02/02/2025	15	2	3,9	166	3	6,5
02/02/2025	16	2	4,1	169	2	6,2
02/02/2025	17	2	3,6	168	2	5,5
02/02/2025	18	3	0,9	201	3	2,1
02/02/2025	19	17	0,6	317	18	1,2
02/02/2025	20	17	1,4	302	18	2,3
02/02/2025	21	9	1,5	299	9	2,5
02/02/2025	22	15	1,2	302	15	1,9
02/02/2025	23	14	0,2	262	15	0,7
03/02/2025	00	12	0,5	268	12	1,4
03/02/2025	01	11	1,2	259	12	3,2
03/02/2025	02	7	2,3	251	7	4,2
03/02/2025	03	6	0,7	275	6	1,5
03/02/2025	04	6	0,7	267	6	2
03/02/2025	05	4	1	254	4	3,2
03/02/2025	06	5	1,3	289	5	2,3
03/02/2025	07	5	1,1	265	5	2,3
03/02/2025	08	8	1,6	254	10	3,6
03/02/2025	09	11	1,1	254	14	2,9
03/02/2025	10	8	1,2	277	13	2,8
03/02/2025	11	4	0,9	129	6	1,9
03/02/2025	12	5	2,4	138	17	4
03/02/2025	13	2	2,5	148	2	4,6
03/02/2025	14	2	2,3	152	3	4,2
03/02/2025	15	2	2,1	153	3	4
03/02/2025	16	3	1,7	159	3	3,1
03/02/2025	17	2	1,9	166	2	3,2
03/02/2025	18	3	0,7	171	4	1,5
03/02/2025	19	17	1	285	24	1,8
03/02/2025	20	13	1,5	307	16	2,2
03/02/2025	21	11	1,4	301	12	2,2
03/02/2025	22	11	1,2	299	12	1,8
03/02/2025	23	13	1,3	295	14	2,3
04/02/2025	00	11	1,5	288	11	2,5
04/02/2025	01	9	1,3	275	10	2,5
04/02/2025	02	8	1,8	256	9	3,6
04/02/2025	03	9	2,2	255	11	4,6
04/02/2025	04	8	1,7	253	9	3,7
04/02/2025	05	8	2	272	9	4,1
04/02/2025	06	8	1,1	271	9	2,6
04/02/2025	07	8	0,9	275	9	2,1
04/02/2025	08	10	0,3	288	12	1
04/02/2025	09	20	0,2	221	24	0,6
04/02/2025	10	16	0,6	297	22	2
04/02/2025	11	12	1	138	17	2,1
04/02/2025	12	14	2,7	155	21	4,6
04/02/2025	13	10	3,8	164	18	6,5
04/02/2025	14	7	3,6	164	8	6
04/02/2025	15	8	2,4	128	11	4,1
04/02/2025	16	10	2,2	70	21	4,6
04/02/2025	17	13	1,5	51	43	4,1
04/02/2025	18	20	1,5	55	60	3,6
04/02/2025	19	14	0,9	350	16	1,9
04/02/2025	20	23	0,8	289	25	1,3
04/02/2025	21	27	1,4	285	28	2,4
04/02/2025	22	26	0,8	252	28	2,3
04/02/2025	23	21	1,1	220	23	3
05/02/2025	00	18	0,6	239	20	1,9
05/02/2025	01	15	2,5	256	16	5,4
05/02/2025	02	9	2,2	264	11	5,1
05/02/2025	03	9	0,5	268	10	1,4
05/02/2025	04	10	1,1	281	11	2,5
05/02/2025	05	8	0,7	261	8	1,8
05/02/2025	06	7	0,7	290	7	1,8
05/02/2025	07	9	0,5	275	11	2,4
05/02/2025	08	8	0,7	269	12	2,8
05/02/2025	09	12	0,8	145	20	1,9
05/02/2025	10	14	0,5	144	39	1,3
05/02/2025	11	9	1,3	102	31	2,9
05/02/2025	12	9	1,4	75	26	3,4
05/02/2025	13	12	2,9	107	16	5,3
05/02/2025	14	9	2,8	141	10	5,2
05/02/2025	15	9	2,6	144	10	5,1
05/02/2025	16	9	2,5	153	10	4,9
05/02/2025	17	9	2,4	167	10	4
05/02/2025	18	12	1	187	17	2
05/02/2025	19	23	0,8	296	26	1,4
05/02/2025	20	26	1,4	301	27	2,1
05/02/2025	21	19	1,5	299	20	2,5
05/02/2025	22	21	1,4	300	22	2,3
05/02/2025	23	24	1,5	300	24	2,4
06/02/2025	00	21	1,2	293	22	2,2
06/02/2025	01	21	0,6	286	22	1,5
06/02/2025	02	23	0,6	292	23	1,2
06/02/2025	03	22	0,7	280	23	1,7
06/02/2025	04	19	0,3	285	19	1,3
06/02/2025	05	14	0,4	289	16	1,5
06/02/2025	06	13	0,4	293	13	1,4
06/02/2025	07	14	0,6	296	15	1,5
06/02/2025	08	13	0,5	286	16	1,2
06/02/2025	09	17	0,9	304	22	1,8
06/02/2025	10	17	0,5	69	27	1,4
06/02/2025	11	16	1,4	56	37	3,7
06/02/2025	12	12	2,6	80	20	5
06/02/2025	13	11	3,2	84	14	5,8
06/02/2025	14	12	3,5	99	15	6,4
06/02/2025	15	14	3	112	18	5,4
06/02/2025	16	14	2,6	117	18	4,9
06/02/2025	17	13	1,7	106	23	3,3
06/02/2025	18	13	0,5	87	17	1,2
06/02/2025	19	28	0,9	301	31	1,6
06/02/2025	20	21	1,4	303	22	2,3
06/02/2025	21	23	1,3	303	24	2
06/02/2025	22	27	0,8	297	27	1,5
06/02/2025	23	31	0,9	297	32	1,8
07/02/2025	00	29	1	293	29	1,5
07/02/2025	01	30	0,3	292	31	0,9
07/02/2025	02	28	0,5	287	28	1,3
07/02/2025	03	30	0,3	295	30	0,9
07/02/2025	04	29	0,4	286	29	1,2
07/02/2025	05	38	0,6	302	39	1,3
07/02/2025	06	22	1	287	22	1,8
07/02/2025	07	23	1	266	24	2,6
07/02/2025	08	28	0,7	213	30	2,1
07/02/2025	09	37	0,7	210	40	2,2
07/02/2025	10	31	1,1	246	33	2,9
07/02/2025	11	26	1,6	141	29	3,3
07/02/2025	12	20	2,7	139	21	4,9
07/02/2025	13	21	3,1	134	25	5,6
07/02/2025	14	20	3,1	164	20	5,3
07/02/2025	15	17	2,9	163	17	4,8
07/02/2025	16	20	1,6	73	28	3,6
07/02/2025	17	18	1,5	353	21	3,1
07/02/2025	18	22	1	317	24	2,3
07/02/2025	19	25	0,8	317	27	2,1
07/02/2025	20	24	0,3	42	28	1,3
07/02/2025	21	32	0,4	357	35	1,3
07/02/2025	22	40	0,4	227	44	0,9
07/02/2025	23	35	1	263	37	2,3
08/02/2025	00	24	1,6	291	25	3,4
08/02/2025	01	16	1,2	276	17	3,4
08/02/2025	02	16	1,3	247	16	4
08/02/2025	03	13	1	258	14	3,2
08/02/2025	04	11	1,3	212	12	3,2
08/02/2025	05	8	1	292	8	2,3
08/02/2025	06	8	1,4	298	9	3,8
08/02/2025	07	2	2,1	307	2	4,6
08/02/2025	08	3	3,7	322	4	7,9
08/02/2025	09	1	4,7	309	1	9,6
08/02/2025	10	1	2,8	288	1	8,6
08/02/2025	11	2	3,3	286	2	8,2
08/02/2025	12	1	2,3	286	2	6,1
08/02/2025	13	2	3,4	58	6	7,3
08/02/2025	14	6	5,2	105	36	9,3
08/02/2025	15	4	4,3	119	29	8,1
08/02/2025	16	1	2,5	154	2	5,2
08/02/2025	17	1	2,4	166	2	4,2
08/02/2025	18	3	1,9	148	5	3,9
08/02/2025	19	5	1,3	241	6	2,7
08/02/2025	20	11	1,1	273	12	3
08/02/2025	21	13	1,2	283	15	3,2
08/02/2025	22	10	1	281	11	2,9
08/02/2025	23	9	1,1	275	10	3
09/02/2025	00	8	0,7	309	9	2,3
09/02/2025	01	6	1,1	281	7	2,7
09/02/2025	02	5	1,3	277	5	2,8
09/02/2025	03	4	1,2	277	4	2,4
09/02/2025	04	3	1,2	267	4	2,6
09/02/2025	05	4	1,5	278	5	2,8
09/02/2025	06	6	0,7	291	7	1,3
09/02/2025	07	5	0,3	277	5	0,9
09/02/2025	08	5	0,6	278	6	1,6
09/02/2025	09	7	0,3	267	8	1,1
09/02/2025	10	6	1,1	80	9	2,7
09/02/2025	11	4	2,9	60	4	6,2
09/02/2025	12	4	3,1	70	4	6
09/02/2025	13	3	3,2	93	4	5,8
09/02/2025	14	3	3,1	102	4	5,5
09/02/2025	15	3	3	114	4	5,2
09/02/2025	16	3	2,5	87	4	4,4
09/02/2025	17	4	1,4	62	5	3,1
09/02/2025	18	9	0,5	10	14	1,5
09/02/2025	19	20	0,3	329	24	0,8
09/02/2025	20	32	1,1	300	33	1,8
09/02/2025	21	15	1,2	298	15	1,9
09/02/2025	22	13	1,3	296	13	2,2
09/02/2025	23	13	1,3	308	13	2
10/02/2025	00	12	0,7	300	12	1,3
10/02/2025	01	16	0,7	253	16	1,2
10/02/2025	02	11	1,5	295	11	2,5
10/02/2025	03	13	0,4	195	13	1,2
10/02/2025	04	14	0,6	286	15	1,3
10/02/2025	05	12	1,2	299	12	1,9
10/02/2025	06	9	1,2	299	9	1,8
10/02/2025	07	10	1,4	302	10	2,2
10/02/2025	08	11	0,8	302	13	1,8
10/02/2025	09	19	0,4	296	23	1,2
10/02/2025	10	18	1,1	6	24	2,8
10/02/2025	11	15	2,4	99	19	5
10/02/2025	12	18	3,4	165	19	5,5
10/02/2025	13	16	3	161	18	5,5
10/02/2025	14	16	2,2	141	17	4,3
10/02/2025	15	13	2,1	143	14	4,2
10/02/2025	16	11	2,1	143	12	4,1
10/02/2025	17	10	1,9	146	11	3,7
10/02/2025	18	6	1,6	163	7	3,2
10/02/2025	19	5	1,5	168	6	2,8
10/02/2025	20	5	1,4	180	7	2,7
10/02/2025	21	3	2,6	171	3	4
10/02/2025	22	3	2,5	170	3	4
10/02/2025	23	3	2,7	169	3	4,1
11/02/2025	00	3	2,4	173	4	3,8
11/02/2025	01	5	1,5	199	7	3,4
11/02/2025	02	6	0,7	232	6	2,4
11/02/2025	03	6	0,7	235	6	2
11/02/2025	04	11	1	284	11	2
11/02/2025	05	9	1,1	303	9	1,8
11/02/2025	06	11	0,9	299	11	1,5
11/02/2025	07	17	1,4	259	18	2,4
11/02/2025	08	21	0,6	280	24	1,4
11/02/2025	09	26	0,5	296	31	1,1
11/02/2025	10	20	0,9	189	23	2,9
11/02/2025	11	6	2,9	170	8	5,2
11/02/2025	12	6	3,2	159	7	6,1
11/02/2025	13	6	3,4	160	6	6,3
11/02/2025	14	6	3,2	150	6	5,9
11/02/2025	15	9	3,2	147	9	6,1
11/02/2025	16	13	3	149	14	5,5
11/02/2025	17	8	1,9	151	8	3,4
11/02/2025	18	8	1,4	135	8	3
11/02/2025	19	9	0,3	23	11	0,9
11/02/2025	20	23	0,5	312	23	1,2
11/02/2025	21	31	0,9	304	31	1,6
11/02/2025	22	23	0,9	298	23	1,7
11/02/2025	23	26	1,5	304	26	2,2
12/02/2025	00	18	1,2	301	18	1,8
12/02/2025	01	16	1,2	304	16	2,2
12/02/2025	02	15	0,7	323	15	1,7
12/02/2025	03	15	0,6	317	16	1,5
12/02/2025	04	14	1,1	274	14	2,4
12/02/2025	05	14	1,2	305	15	2,3
12/02/2025	06	15	1,1	290	15	2,3
12/02/2025	07	17	0,5	283	17	1,3
12/02/2025	08	22	0,6	235	22	1,5
12/02/2025	09	34	0,3	146	35	0,8
12/02/2025	10	26	0,8	156	29	1,9
12/02/2025	11	16	1,1	128	17	2,4
12/02/2025	12	38	1,7	127	39	2,9
12/02/2025	13	38	2,1	145	40	3,9
12/02/2025	14	21	2,9	144	21	5,6
12/02/2025	15	22	2,3	153	23	4,4
12/02/2025	16	28	1,4	126	29	2,9
12/02/2025	17	28	1,2	33	31	2,8
12/02/2025	18	27	1,1	67	28	2,4
12/02/2025	19	31	0,8	168	31	1,9
12/02/2025	20	36	0,8	257	36	2,4
12/02/2025	21	28	2,3	314	28	4,6
12/02/2025	22	4	2,4	329	4	5,4
12/02/2025	23	20	1	268	21	2,7
13/02/2025	00	43	0,9	216	44	2,7
13/02/2025	01	34	1,1	280	35	3,1
13/02/2025	02	2	2,7	337	2	5,4
13/02/2025	03	2	1	311	3	3
13/02/2025	04	4	0,3	202	5	1,3
13/02/2025	05	7	0,7	285	7	1,8
13/02/2025	06	6	1	305	7	2,4
13/02/2025	07	7	1,6	233	10	3,6
13/02/2025	08	10	1,7	258	13	3,5
13/02/2025	09	13	1,4	265	17	3,8
13/02/2025	10	4	0,8	241	5	2,8
13/02/2025	11	3	1,7	204	4	4,7
13/02/2025	12	7	5	169	12	8
13/02/2025	13	6	6,3	168	7	9,3
13/02/2025	14	7	5,4	167	7	8,4
13/02/2025	15	5	4,6	168	7	7,2
13/02/2025	16	5	2,8	165	5	5,1
13/02/2025	17	5	1,2	152	5	2,6
13/02/2025	18	6	0,6	203	11	1,2
13/02/2025	19	12	0,2	345	15	0,6
13/02/2025	20	14	0,2	228	16	0,7
13/02/2025	21	21	0,7	294	23	1,7
13/02/2025	22	18	0,4	248	19	1,3
13/02/2025	23	21	0,2	217	22	0,6
14/02/2025	00	19	0,8	304	20	1,4
14/02/2025	01	15	0,5	292	16	1
14/02/2025	02	14	0,4	286	15	1
14/02/2025	03	11	0,9	300	12	1,6
14/02/2025	04	9	0,8	294	9	1,6
14/02/2025	05	10	0,5	289	10	1,1
14/02/2025	06	9	0,3	198	10	1
14/02/2025	07	11	0,4	280	13	1,2
14/02/2025	08	14	0,7	262	17	2,4
14/02/2025	09	12	0,6	280	16	2,3
14/02/2025	10	7	1,1	259	10	3,3
14/02/2025	11	11	2,1	176	12	4,5
14/02/2025	12	13	2,7	163	14	4,9
14/02/2025	13	24	2,8	165	25	4,9
14/02/2025	14	13	2,1	149	14	3,8
14/02/2025	15	12	2,1	149	13	3,8
14/02/2025	16	9	2	136	11	3,6
14/02/2025	17	8	1,8	154	9	3,3
14/02/2025	18	7	1,6	174	7	2,8
14/02/2025	19	12	0,8	337	13	1,7
14/02/2025	20	21	0,8	310	22	1,5
14/02/2025	21	21	1,2	300	22	2
14/02/2025	22	16	1	304	16	1,7
14/02/2025	23	15	0,4	325	16	1
15/02/2025	00	18	0,6	307	19	1,2
15/02/2025	01	14	0,8	323	15	1,6
15/02/2025	02	14	2,3	22	15	7,9
15/02/2025	03	13	2,3	4	13	6,5
15/02/2025	04	16	1,4	357	16	4,1
15/02/2025	05	14	0,6	275	14	1,4
15/02/2025	06	12	1	282	13	2,1
15/02/2025	07	13	1,5	307	13	2,8
15/02/2025	08	14	1,3	306	15	2,5
15/02/2025	09	19	1	308	20	2,1
15/02/2025	10	19	1,9	345	19	4,7
15/02/2025	11	16	2,2	18	16	5,3
15/02/2025	12	21	3,9	53	22	8,4
15/02/2025	13	23	3,5	50	24	7,9
15/02/2025	14	24	3,7	39	26	8,3
15/02/2025	15	19	2,3	26	21	6,4
15/02/2025	16	13	2,2	24	14	6,2
15/02/2025	17	6	2,9	66	7	5,8
15/02/2025	18	6	0,8	32	8	2,4
15/02/2025	19	7	1,2	39	8	3
15/02/2025	20	8	0,3	44	9	1,1
15/02/2025	21	11	0,2	4	13	0,9
15/02/2025	22	18	0,6	311	19	1,3
15/02/2025	23	13	0,3	303	14	0,9
16/02/2025	00	17	0,4	316	17	0,9
16/02/2025	01	16	0,9	282	16	1,6
16/02/2025	02	14	0,6	311	14	1,3
16/02/2025	03	15	0,5	290	15	1,2
16/02/2025	04	21	0,3	273	21	0,8
16/02/2025	05	23	0,2	356	23	0,7
16/02/2025	06	20	0,5	280	20	1,2
16/02/2025	07	20	0,8	302	20	1,7
16/02/2025	08	28	0,8	311	28	1,6
16/02/2025	09	29	0,4	292	30	1,3
16/02/2025	10	41	0,9	292	41	2,6
16/02/2025	11	36	1,5	174	39	3,2
16/02/2025	12	33	2,7	143	34	5,1
16/02/2025	13	37	3,4	122	38	5,5
16/02/2025	14	30	3,3	106	31	5,6
16/02/2025	15	31	2,6	95	31	4,7
16/02/2025	16	25	2,3	81	26	4,1
16/02/2025	17	21	1,8	84	21	3,4
16/02/2025	18	19	0,8	39	20	2,1
16/02/2025	19	22	0,3	342	23	1,1
16/02/2025	20	29	0,4	254	29	1,3
16/02/2025	21	32	0,8	219	32	2,1
16/02/2025	22	35	0,9	225	35	2,6
16/02/2025	23	39	0,9	246	40	2,4
17/02/2025	00	42	0,8	225	43	3,1
17/02/2025	01	34	0,4	228	35	1,8
17/02/2025	02	31	0,5	328	32	1,4
17/02/2025	03	33	0,6	331	34	1,5
17/02/2025	04	35	1,2	1	35	2,9
17/02/2025	05	34	1	18	34	3,2
17/02/2025	06	33	0,9	301	34	2
17/02/2025	07	34	1,1	342	34	2,6
17/02/2025	08	35	2,1	345	35	4,8
17/02/2025	09	39	1,5	5	41	3,3
17/02/2025	10	40	1,9	73	43	4
17/02/2025	11	38	2,4	85	41	4,8
17/02/2025	12	36	2,2	115	42	4
17/02/2025	13	35	2,6	113	41	4,7
17/02/2025	14	33	3	115	35	5,4
17/02/2025	15	33	2,1	78	40	4,5
17/02/2025	16	24	1,4	33	29	3,3
17/02/2025	17	27	1,4	71	37	3
17/02/2025	18	28	1,9	112	32	3,4
17/02/2025	19	21	1,2	71	22	3,5
17/02/2025	20	18	1,3	352	18	3,2
17/02/2025	21	19	2	353	20	4,4
17/02/2025	22	17	1,7	358	17	4,5
17/02/2025	23	19	1,4	315	20	2,8
18/02/2025	00	19	1	299	19	1,8
18/02/2025	01	21	1,2	304	21	2,4
18/02/2025	02	22	1,2	295	22	2,6
18/02/2025	03	23	1,6	300	23	2,8
18/02/2025	04	25	1,5	301	26	2,8
18/02/2025	05	25	1,1	301	25	2
18/02/2025	06	24	0,7	276	24	1,7
18/02/2025	07	24	1,1	295	25	2,2
18/02/2025	08	22	1,2	285	24	2,9
18/02/2025	09	20	1,2	288	21	2,6
18/02/2025	10	17	1,2	295	19	2,5
18/02/2025	11	18	1	356	22	3
18/02/2025	12	14	1,5	55	20	3,3
18/02/2025	13	17	2,1	73	27	4,4
18/02/2025	14	16	3,7	72	23	6,9
18/02/2025	15	16	4,1	71	21	7,8
18/02/2025	16	17	3,2	86	24	6,3
18/02/2025	17	16	2,5	85	20	4,8
18/02/2025	18	16	1,7	79	20	3,3
18/02/2025	19	17	0,6	46	18	1,6
18/02/2025	20	27	0,4	325	28	1,3
18/02/2025	21	28	0,8	311	28	1,4
18/02/2025	22	19	0,9	301	19	1,4
18/02/2025	23	18	1,1	301	19	1,5
19/02/2025	00	16	0,9	291	16	1,5
19/02/2025	01	17	1	300	18	1,8
19/02/2025	02	16	1,2	299	16	1,9
19/02/2025	03	18	1,3	307	18	2,1
19/02/2025	04	18	1,3	304	18	2,1
19/02/2025	05	18	1	302	19	1,9
19/02/2025	06	23	1,1	299	24	1,7
19/02/2025	07	26	0,7	299	27	1,5
19/02/2025	08	30	0,6	286	32	1,3
19/02/2025	09	38	0,6	303	41	1,4
19/02/2025	10	28	0,8	82	31	2,2
19/02/2025	11	23	2	71	38	4,6
19/02/2025	12	23	4,1	72	33	7,5
19/02/2025	13	21	4,2	71	25	7,5
19/02/2025	14	17	4,2	70	21	7,5
19/02/2025	15	18	3	65	22	6,6
19/02/2025	16	18	2,2	56	22	6,1
19/02/2025	17	14	2,7	43	16	7,3
19/02/2025	18	14	1,5	38	15	4,8
19/02/2025	19	12	2	354	14	4,3
19/02/2025	20	21	1	320	22	2,2
19/02/2025	21	25	0,6	293	25	1,5
19/02/2025	22	25	0,2	244	26	0,6
19/02/2025	23	26	0,7	350	27	2,1
20/02/2025	00	11	1,3	1	12	3,4
20/02/2025	01	11	1	342	12	2,5
20/02/2025	02	13	1	333	14	2,3
20/02/2025	03	13	0,6	7	14	1,8
20/02/2025	04	15	0,4	335	17	1,2
20/02/2025	05	18	0,2	134	18	0,8
20/02/2025	06	15	0,6	47	16	2,2
20/02/2025	07	14	0,2	24	16	0,9
20/02/2025	08	15	0,2	359	16	0,6
20/02/2025	09	16	0,6	22	20	1,5
20/02/2025	10	17	0,7	63	22	1,9
20/02/2025	11	16	0,7	88	18	2
20/02/2025	12	16	2	86	18	3,6
20/02/2025	13	14	3	115	16	5,1
20/02/2025	14	14	3,6	117	15	5,5
20/02/2025	15	16	3,4	118	17	5,5
20/02/2025	16	15	2,5	124	17	4,4
20/02/2025	17	12	1,6	129	13	3
20/02/2025	18	14	0,9	83	15	1,9
20/02/2025	19	13	0,7	134	14	1,3
20/02/2025	20	14	0,1	249	15	0,4
20/02/2025	21	14	0,3	145	15	0,9
20/02/2025	22	16	0,8	187	17	1,7
20/02/2025	23	16	0,7	205	16	1,9
21/02/2025	00	16	1,2	170	17	2,4
21/02/2025	01	14	2,6	168	15	4,4
21/02/2025	02	14	2,8	168	14	4,6
21/02/2025	03	14	2,4	173	15	4
21/02/2025	04	15	3,1	170	16	5,2
21/02/2025	05	18	3	176	19	5,2
21/02/2025	06	15	2,3	186	16	4,2
21/02/2025	07	20	0,7	207	21	2,1
21/02/2025	08	23	0,4	260	25	1,6
21/02/2025	11	18	2,3	169	23	3,8
21/02/2025	12	14	2,3	163	17	4,1
21/02/2025	13	14	2,8	164	17	5,2
21/02/2025	14	13	3	165	16	4,9
21/02/2025	15	13	3,6	167	15	5,4
21/02/2025	16	12	4,4	166	15	7,3
21/02/2025	17	12	4	167	14	6,5
21/02/2025	18	11	3,7	168	13	6
21/02/2025	19	11	2,6	167	14	4,4
21/02/2025	20	12	2,1	157	14	3,9
21/02/2025	21	11	2,5	163	14	4,2
21/02/2025	22	11	1,2	113	14	2,3
21/02/2025	23	10	1	94	13	2,4
22/02/2025	00	11	1,8	108	13	3,2
22/02/2025	01	11	0,9	14	14	2,1
22/02/2025	02	12	0,6	325	15	1,5
22/02/2025	03	12	0,9	310	15	1,9
22/02/2025	04	12	0,9	301	15	1,7
22/02/2025	05	12	0,6	252	15	1,4
22/02/2025	06	13	0,9	295	16	1,9
22/02/2025	07	13	0,4	337	15	1
22/02/2025	08	15	0,5	308	17	1,2
22/02/2025	09	21	0,9	273	24	2,3
22/02/2025	10	21	0,4	248	24	1,2
22/02/2025	11	23	0,9	123	28	2,5
22/02/2025	12	22	1,7	59	26	3,9
22/02/2025	13	18	2,8	77	21	5,5
22/02/2025	14	16	3,3	98	19	6,2
22/02/2025	15	15	2,9	110	18	4,8
22/02/2025	16	13	1,9	123	17	3,6
22/02/2025	17	13	1,2	67	17	2,4
22/02/2025	18	15	1,6	329	18	2,9
22/02/2025	19	16	1,1	308	19	2,6
22/02/2025	20	11	1,5	258	12	4,1
22/02/2025	21	10	0,5	224	11	1,9
22/02/2025	22	12	1,4	295	13	3,2
22/02/2025	23	13	1,1	275	15	2,5
23/02/2025	00	15	0,7	296	16	1,5
23/02/2025	01	15	0,5	318	16	1,3
23/02/2025	02	13	1,2	6	15	3,4
23/02/2025	03	12	2,4	12	15	5,4
23/02/2025	04	12	1,9	359	14	4,6
23/02/2025	05	10	1,7	7	13	4,6
23/02/2025	06	8	2,4	29	10	6,2
23/02/2025	07	5	2,1	49	7	5,5
23/02/2025	08	5	1	321	6	2,2
23/02/2025	09	6	0,9	271	8	2,4
23/02/2025	10	8	0,2	270	10	0,8
23/02/2025	11	7	0,6	4	9	1,5
23/02/2025	12	5	0,8	123	8	1,8
23/02/2025	13	5	1,8	162	6	2,7
23/02/2025	14	4	1,8	151	5	3,4
23/02/2025	15	4	2	162	4	3,6
23/02/2025	16	3	2,7	164	3	4,4
23/02/2025	17	3	1,9	163	3	3,5
23/02/2025	18	3	1	166	3	2,2
23/02/2025	19	5	0,6	240	7	1,4
23/02/2025	20	11	1	290	14	1,6
23/02/2025	21	11	0,7	266	13	1,5
23/02/2025	22	15	0,5	224	17	1,3
23/02/2025	23	13	0,9	219	16	1,9
24/02/2025	00	10	1,6	252	12	3,7
24/02/2025	01	8	1	267	11	2,6
24/02/2025	02	8	0,7	253	10	2,1
24/02/2025	03	9	1	260	11	2,7
24/02/2025	04	9	1,3	233	12	3,1
24/02/2025	05	10	1,2	260	12	2,6
24/02/2025	06	10	1,4	250	13	3,1
24/02/2025	07	11	1,3	233	13	2,6
24/02/2025	08	11	0,6	241	15	2,1
24/02/2025	09	12	1,3	231	16	3,4
24/02/2025	10	9	1,6	212	12	3,6
24/02/2025	11	9	2,6	155	11	4,4
24/02/2025	12	9	3,6	154	11	6,2
24/02/2025	13	6	4,8	167	8	7,5
24/02/2025	14	5	4,1	165	6	6,9
24/02/2025	15	5	2,7	157	6	4,8
24/02/2025	16	6	1,2	111	8	2,5
24/02/2025	17	5	1,4	23	8	2,9
24/02/2025	18	6	1,3	59	12	3,3
24/02/2025	19	7	1,2	13	11	2,7
24/02/2025	20	12	1	298	14	1,9
24/02/2025	21	11	0,3	306	13	0,7
24/02/2025	22	14	0,9	297	16	1,8
24/02/2025	23	13	0,4	268	14	1
25/02/2025	00	16	0,8	254	19	2,1
25/02/2025	01	17	0,7	283	19	1,6
25/02/2025	02	17	0,7	325	19	1,6
25/02/2025	03	15	1,1	281	16	2
25/02/2025	04	11	1,5	304	13	2,7
25/02/2025	05	11	1,1	307	12	2,2
25/02/2025	06	11	1,1	311	12	2,2
25/02/2025	07	12	0,8	298	14	1,7
25/02/2025	08	15	0,8	205	18	1,8
25/02/2025	09	19	1,1	181	27	2,2
25/02/2025	10	18	0,9	194	25	2,7
25/02/2025	11	17	1	198	29	2,9
25/02/2025	12	15	1,3	312	19	3
25/02/2025	13	10	1,2	295	14	3,1
25/02/2025	14	11	2,1	159	16	4,5
25/02/2025	15	9	3,2	54	15	7
25/02/2025	16	3	3,6	336	5	10,1
25/02/2025	17	2	6,3	329	4	17,3
25/02/2025	18	1	4,6	321	1	11
25/02/2025	19	1	3	308	1	7,2
25/02/2025	20	2	1,5	314	3	3,9
25/02/2025	21	2	1,5	309	3	4,1
25/02/2025	22	2	2,5	326	2	5,3
25/02/2025	23	2	1,9	328	3	4,6
26/02/2025	00	2	1,3	312	3	3,2
26/02/2025	01	2	3	326	2	7,1
26/02/2025	02	1	1,9	337	1	4,5
26/02/2025	03	1	1,5	305	2	2,8
26/02/2025	04	2	1	250	3	2,7
26/02/2025	05	3	1,7	249	5	3,5
26/02/2025	06	2	1,9	270	4	4,1
26/02/2025	07	3	1,5	300	4	3,3
26/02/2025	08	3	0,6	253	5	2,5
26/02/2025	09	4	1,6	271	6	4,5
26/02/2025	10	3	1,2	245	5	3,8
26/02/2025	11	2	3,5	181	3	7
26/02/2025	12	3	8,3	170	7	12
26/02/2025	13	2	7,6	169	4	11
26/02/2025	14	3	7,3	169	4	10,3
26/02/2025	15	3	4,5	168	4	7,1
26/02/2025	16	2	4,1	169	3	6,7
26/02/2025	17	3	3,6	166	4	5,6
26/02/2025	18	3	4,6	174	8	7,2
26/02/2025	19	5	1,8	213	9	4
26/02/2025	20	8	1,1	301	11	1,8
26/02/2025	21	10	1,5	306	12	2,4
26/02/2025	22	8	1,6	303	10	2,5
26/02/2025	23	8	1,3	292	9	2,3
27/02/2025	00	11	0,7	286	13	1,3
27/02/2025	01	11	1	294	13	1,6
27/02/2025	02	7	1,3	292	9	2,2
27/02/2025	03	8	0,9	291	10	1,7
27/02/2025	04	7	0,8	273	8	1,5
27/02/2025	05	7	0,1	224	9	0,4
27/02/2025	06	6	0,6	268	9	1,5
27/02/2025	07	8	0,5	325	11	1,2
27/02/2025	08	7	0,6	278	11	1,7
27/02/2025	09	11	0,3	332	20	0,9
27/02/2025	10	10	1,6	63	19	3,3
27/02/2025	11	7	2	65	11	4,1
27/02/2025	12	6	2	69	11	4,6
27/02/2025	13	5	1,8	55	10	4,2
27/02/2025	14	5	3	85	9	5,3
27/02/2025	15	7	2,7	111	11	5
27/02/2025	16	7	1,9	104	10	3,5
27/02/2025	17	7	2,1	86	10	3,7
27/02/2025	18	7	1,1	80	12	2,5
27/02/2025	19	9	0,3	2	13	0,8
27/02/2025	20	19	0,7	306	22	1,5
27/02/2025	21	18	1	304	21	2
27/02/2025	22	15	1,1	301	17	1,9
27/02/2025	23	15	1,2	302	17	1,8
28/02/2025	00	15	1,2	300	17	1,9
28/02/2025	01	12	1,1	297	14	1,7
28/02/2025	02	13	0,7	287	15	1,3
28/02/2025	03	14	1,6	304	16	2,4
28/02/2025	04	12	1,7	308	14	2,8
28/02/2025	05	10	0,7	319	12	1,4
28/02/2025	06	12	1	284	14	2
28/02/2025	07	14	1,4	304	16	2,2
28/02/2025	08	14	1,5	302	17	2,7
28/02/2025	09	18	0,7	289	22	1,8
28/02/2025	10	12	2,5	56	17	6
28/02/2025	11	11	3,2	64	15	7,5
28/02/2025	12	10	3,9	51	14	9,1
28/02/2025	13	10	4,1	58	13	9,6
28/02/2025	14	10	3,7	61	13	8,3
28/02/2025	15	9	3,6	51	12	7,8
28/02/2025	16	10	3,6	71	14	7,4
28/02/2025	17	10	2,5	63	13	6,4
28/02/2025	18	10	2,2	54	12	6
28/02/2025	19	9	1,9	34	11	5,4
28/02/2025	20	7	1,8	10	8	4,3
28/02/2025	21	8	1,9	333	10	3,5
28/02/2025	22	8	1,7	332	9	3,2
28/02/2025	23	7	2	357	9	5,1
01/03/2025	00	6	2,5	358	8	5,7
01/03/2025	01	6	2,7	1	7	6,4
01/03/2025	02	6	3	3	8	7,1
01/03/2025	03	6	3,4	4	8	8,1
01/03/2025	04	6	2,6	348	7	5,6
01/03/2025	05	6	2,2	349	7	5
01/03/2025	06	7	3,5	345	8	7,4
01/03/2025	07	7	3,8	351	9	8,6
01/03/2025	08	7	3,4	358	9	9,1
01/03/2025	09	6	4,2	355	8	9,5
01/03/2025	10	6	5,2	8	8	11,3
01/03/2025	11	7	5,8	9	9	12,9
01/03/2025	12	7	4,7	16	10	12,3
01/03/2025	13	6	3,7	23	9	9,9
01/03/2025	14	6	3,2	31	9	9,3
01/03/2025	15	6	3,1	38	9	9,1
01/03/2025	16	6	2,8	45	9	7,7
01/03/2025	17	7	2,3	38	10	6,3
01/03/2025	18	7	2,3	33	12	6,5
01/03/2025	19	7	2,8	43	11	8,2
01/03/2025	20	8	2,7	34	13	8
01/03/2025	21	8	3,7	358	12	8,2
01/03/2025	22	9	3	351	13	6,4
01/03/2025	23	11	2,5	356	17	7,2
02/03/2025	00	10	3,3	8	14	8,3
02/03/2025	01	9	3,1	347	14	6,5
02/03/2025	02	6	3,6	345	8	7,7
02/03/2025	03	6	3,3	344	7	7
02/03/2025	04	4	3,3	341	5	6,3
02/03/2025	05	7	2,9	345	11	6,3
02/03/2025	06	7	3,3	348	11	7,2
02/03/2025	07	7	3,3	351	11	7,6
02/03/2025	08	7	4,1	358	10	10,1
02/03/2025	09	5	4,2	354	7	10,4
02/03/2025	10	5	5,2	6	7	11,7
02/03/2025	11	6	6	11	9	14
02/03/2025	12	6	6,4	11	9	15
02/03/2025	13	6	6,4	12	9	13,7
02/03/2025	14	7	6	12	10	13,7
02/03/2025	15	7	5,9	9	10	12,7
02/03/2025	16	8	5,6	8	11	12,2
02/03/2025	17	9	5,8	9	13	12,1
02/03/2025	18	11	6,5	10	14	13,8
02/03/2025	19	12	4,5	358	17	10,6
02/03/2025	20	15	4,5	358	20	10,5
02/03/2025	21	18	4,7	35	26	14,3
02/03/2025	22	19	4,8	40	26	14,6
02/03/2025	23	20	4,3	31	28	13
03/03/2025	00	19	4,6	26	27	13,5
03/03/2025	01	19	5	24	26	14,5
03/03/2025	02	19	5	17	25	12,9
03/03/2025	03	14	4,5	5	18	11,7
03/03/2025	04	17	4,7	30	23	12,5
03/03/2025	05	22	4,7	42	30	15
03/03/2025	06	21	5,7	46	30	15,6
03/03/2025	07	20	6,9	50	27	16,5
03/03/2025	08	19	6,9	50	26	17,2
03/03/2025	09	20	6,4	49	27	16,4
03/03/2025	10	22	5,8	58	29	14,8
03/03/2025	11	22	8,4	69	29	17,4
03/03/2025	12	23	6,9	68	31	14,9
03/03/2025	13	25	4,5	62	35	11,7
03/03/2025	14	25	3,6	61	35	8,8
03/03/2025	15	24	4,2	78	34	9,4
03/03/2025	16	23	4,9	92	32	9,2
03/03/2025	17	22	4,1	70	31	9
03/03/2025	18	23	2,4	57	35	6,7
03/03/2025	19	24	2,2	51	35	5,7
03/03/2025	20	23	2,2	43	34	5,7
03/03/2025	21	22	2,7	54	31	7,1
03/03/2025	22	22	3,4	23	30	9,2
03/03/2025	23	20	3,8	11	29	8,5
04/03/2025	00	22	4,2	9	30	8,9
04/03/2025	01	24	4	10	32	8,7
04/03/2025	02	23	4,7	10	31	9,8
04/03/2025	03	23	5,1	10	30	11,7
04/03/2025	04	22	5,7	8	30	12,9
04/03/2025	05	21	5,6	7	27	13,3
04/03/2025	06	20	5,4	6	26	13,9
04/03/2025	07	19	6,2	9	26	14
04/03/2025	08	19	6,8	9	25	15,3
04/03/2025	09	19	5,5	5	25	12,5
04/03/2025	10	18	5,8	5	24	13,1
04/03/2025	11	15	5,6	5	21	14
04/03/2025	12	14	5,8	8	19	12,8
04/03/2025	13	15	6,4	8	20	14,1
04/03/2025	14	18	7,5	11	24	14,7
04/03/2025	15	16	7,1	11	21	14,4
04/03/2025	16	15	6,8	11	20	14
04/03/2025	17	15	7	11	20	13,8
04/03/2025	18	15	4,6	3	19	10,9
04/03/2025	19	15	4,4	0	20	10,2
04/03/2025	20	16	4,5	356	21	11
04/03/2025	21	17	5,3	8	22	12
04/03/2025	22	16	6,1	10	22	11,7
04/03/2025	23	19	5,4	13	24	12,4
05/03/2025	00	21	5,2	13	27	11,9
05/03/2025	01	21	5	17	28	12,2
05/03/2025	02	21	5,1	13	28	12,5
05/03/2025	03	18	7,2	10	23	14,9
05/03/2025	04	17	7,1	11	21	15,7
05/03/2025	05	16	7,5	10	19	16,7
05/03/2025	06	17	6,8	10	21	15,5
05/03/2025	07	20	6,8	13	26	15,8
05/03/2025	08	19	7,4	12	24	16,8
05/03/2025	09	17	8,1	11	22	17,2
05/03/2025	10	16	8,6	11	20	18,4
05/03/2025	11	15	8,9	11	20	18,5
05/03/2025	12	14	8,4	11	18	17,6
05/03/2025	13	13	8	11	17	15,8
05/03/2025	14	14	6,9	10	18	16,8
05/03/2025	15	14	8,7	11	18	17,7
05/03/2025	16	16	8,3	12	21	17
05/03/2025	17	18	7,9	11	23	16,7
05/03/2025	18	21	6,2	13	28	15,4
05/03/2025	19	22	5,4	15	30	15,1
05/03/2025	20	22	4,3	19	30	11,5
05/03/2025	21	22	4,7	40	30	12,5
05/03/2025	22	24	4,1	40	33	12,9
05/03/2025	23	22	5,5	50	30	13,4
06/03/2025	00	23	4,2	43	33	10,9
06/03/2025	01	24	3,5	40	34	11
06/03/2025	02	23	3,8	43	33	12,5
06/03/2025	03	23	3,4	37	33	10,9
06/03/2025	04	25	3,4	36	34	10,7
06/03/2025	05	25	3,2	37	35	11
06/03/2025	06	25	2,8	33	35	9,7
06/03/2025	07	25	4	42	35	12,9
06/03/2025	08	25	4,5	33	35	11,9
06/03/2025	09	25	5,2	18	34	12,9
06/03/2025	10	30	3,5	19	45	8,7
06/03/2025	11	32	3,1	30	51	9,4
06/03/2025	12	29	4,2	20	44	11,1
06/03/2025	13	28	4,7	14	40	11,1
06/03/2025	14	27	4,5	15	37	11,4
06/03/2025	15	26	5,5	12	37	12,8
06/03/2025	16	24	4,9	13	33	12,6
06/03/2025	17	23	5,1	11	31	11,5
06/03/2025	18	24	4,7	11	32	10,8
06/03/2025	19	25	4,6	11	34	9,7
06/03/2025	20	26	3,8	11	35	9,3
06/03/2025	21	26	3,5	7	34	8,5
06/03/2025	22	22	5,4	10	28	11,3
06/03/2025	23	22	5,2	11	28	11,8
07/03/2025	00	16	4,9	2	21	11,1
07/03/2025	01	15	2,8	352	20	6,6
07/03/2025	02	9	2	335	12	4,2
07/03/2025	03	9	1	317	12	2,5
07/03/2025	04	6	1,3	318	7	3,3
07/03/2025	05	3	3,1	347	3	6,9
07/03/2025	06	6	3,5	349	8	7,6
07/03/2025	07	5	2,8	347	7	5,9
07/03/2025	08	5	2,5	340	5	5,9
07/03/2025	09	5	3,2	348	6	6,8
07/03/2025	10	6	4,2	4	8	9,6
07/03/2025	11	6	4,1	8	9	9,1
07/03/2025	12	7	3,9	9	9	8,4
07/03/2025	13	7	3,5	6	9	7
07/03/2025	14	6	3,7	13	10	8,6
07/03/2025	15	6	2,3	12	10	6,1
07/03/2025	16	6	2,3	4	8	5,1
07/03/2025	17	6	2,2	2	9	5,7
07/03/2025	18	10	3,2	7	14	7,4
07/03/2025	19	11	2,6	14	15	6,8
07/03/2025	20	12	2,5	50	17	6,3
07/03/2025	21	11	2,3	73	14	4,8
07/03/2025	22	9	2,2	76	12	4,1
07/03/2025	23	8	1,4	100	10	3,1
08/03/2025	00	7	1,6	99	8	3
08/03/2025	01	8	1,4	121	9	3
08/03/2025	02	7	2	159	8	3,8
08/03/2025	03	8	2,2	150	9	4,5
08/03/2025	04	5	2,1	152	6	4,1
08/03/2025	05	6	1,5	119	8	3,1
08/03/2025	06	7	1,2	83	9	2,7
08/03/2025	07	6	1,7	69	8	3,7
08/03/2025	08	9	2,1	59	11	4,6
08/03/2025	09	12	3,7	94	16	7
08/03/2025	10	15	4,4	111	20	8
08/03/2025	11	16	4,6	116	23	8,3
08/03/2025	12	17	5,4	120	23	8,8
08/03/2025	13	16	4,1	115	22	7,3
08/03/2025	14	16	3,8	103	22	6,9
08/03/2025	15	17	4,3	97	22	8
08/03/2025	16	18	3,7	88	24	7
08/03/2025	17	19	3,4	76	25	6,8
08/03/2025	18	19	3,9	74	25	7,6
08/03/2025	19	20	3	70	26	6,4
08/03/2025	20	21	2,7	53	28	6,3
08/03/2025	21	24	2,3	46	32	5,3
08/03/2025	22	22	3,1	74	29	5,9
08/03/2025	23	26	0,9	36	35	2,2
09/03/2025	00	7	2,1	272	9	6,2
09/03/2025	01	3	1,5	199	4	3,8
09/03/2025	02	2	1,1	226	3	3,4
09/03/2025	03	5	2	199	6	4,8
09/03/2025	04	6	1,7	192	7	4,3
09/03/2025	05	4	3,3	184	5	5,9
09/03/2025	06	4	2,5	191	7	4,8
09/03/2025	07	5	2,2	217	8	5,4
09/03/2025	08	3	2,4	207	5	7,5
09/03/2025	09	2	2,7	215	3	7,5
09/03/2025	10	1	2,7	222	2	8,6
09/03/2025	11	1	2,4	236	1	7,7
09/03/2025	12	2	3,1	183	2	6,8
09/03/2025	13	2	2,5	159	2	5,7
09/03/2025	14	1	4,4	195	2	11
09/03/2025	15	1	5,8	189	2	13,1
09/03/2025	16	1	5,8	190	2	12,7
09/03/2025	17	2	8,6	168	3	14,2
09/03/2025	18	3	6,5	169	3	10,2
09/03/2025	19	4	2,6	219	6	4,9
09/03/2025	20	7	0,8	191	9	2,1
09/03/2025	21	10	0,6	274	13	1,8
09/03/2025	22	7	0,6	270	10	2,4
09/03/2025	23	5	0,8	249	6	2,6
10/03/2025	00	4	0,3	212	5	1,9
10/03/2025	01	3	1,4	210	4	3,6
10/03/2025	02	5	1,3	252	7	3,3
10/03/2025	03	4	0,7	237	5	1,8
10/03/2025	04	4	1,1	211	5	2,6
10/03/2025	05	2	1,4	185	3	3,2
10/03/2025	06	2	1,3	215	3	4
10/03/2025	07	5	1	290	7	2,7
10/03/2025	08	5	0,4	248	7	1,6
10/03/2025	09	3	0,9	251	5	3,1
10/03/2025	10	2	1,4	249	3	4,4
10/03/2025	11	3	3,3	165	6	5,6
10/03/2025	12	3	3,5	159	4	6,6
10/03/2025	13	2	4,3	162	3	7,7
10/03/2025	14	1	5,6	166	2	9,2
10/03/2025	15	2	4,3	162	2	8,5
10/03/2025	16	2	6,2	165	2	10,8
10/03/2025	17	2	7,3	168	3	11,8
10/03/2025	18	5	6,5	180	12	12,1
10/03/2025	19	4	4,7	193	7	9,7
10/03/2025	20	6	0,8	316	9	2,4
10/03/2025	21	9	0,8	260	11	2,8
10/03/2025	22	11	0,7	302	14	2,2
10/03/2025	23	9	0,3	225	12	1,5
11/03/2025	00	11	1	225	13	2,3
11/03/2025	01	10	1,1	286	11	3,3
11/03/2025	02	5	1	250	6	3
11/03/2025	03	4	1,6	222	5	3,8
11/03/2025	04	3	1,9	209	4	4,9
11/03/2025	05	3	1	274	4	2,4
11/03/2025	06	4	0,7	230	4	1,6
11/03/2025	07	4	0,8	166	5	1,8
11/03/2025	08	6	0,9	234	9	2,9
11/03/2025	09	7	1,2	261	10	3,8
11/03/2025	10	3	3,8	184	5	7,6
11/03/2025	11	3	6	171	5	9,8
11/03/2025	12	2	6,8	168	3	11,1
11/03/2025	13	3	9,3	170	4	14,4
11/03/2025	14	3	9	170	5	14,3
11/03/2025	15	3	6	176	6	10
11/03/2025	16	4	2,6	229	6	7
11/03/2025	17	3	2,6	226	3	5,8
11/03/2025	18	3	2,2	188	4	4,6
11/03/2025	19	4	1	222	5	2,9
11/03/2025	20	8	0,9	297	9	2
11/03/2025	21	7	0,8	292	8	1,8
11/03/2025	22	8	1,8	208	9	3,7
11/03/2025	23	13	1,1	268	15	3,4
12/03/2025	00	8	1	282	9	3
12/03/2025	01	4	0,9	268	5	2,8
12/03/2025	02	5	1,2	249	6	2,8
12/03/2025	03	3	1,1	277	3	3
12/03/2025	04	2	0,4	231	3	1,6
12/03/2025	05	3	1,2	270	4	2,5
12/03/2025	06	3	0,8	281	5	1,9
12/03/2025	07	3	1,3	277	5	3,4
12/03/2025	08	5	0,6	260	8	2
12/03/2025	09	8	1,1	154	11	2,4
12/03/2025	10	6	1,7	133	9	2,8
12/03/2025	11	6	2,2	156	7	4,1
12/03/2025	12	4	3,2	144	6	6,1
12/03/2025	13	3	3,7	111	4	7,7
12/03/2025	14	3	1,6	40	6	4,2
12/03/2025	15	3	2,4	13	5	5,6
12/03/2025	16	2	1,5	343	8	4,6
12/03/2025	17	7	1,2	96	21	3,5
12/03/2025	18	5	0,9	42	11	2,3
12/03/2025	19	3	1,6	25	6	4,1
12/03/2025	20	3	1,3	40	6	3,4
12/03/2025	21	4	1,2	224	6	2,7
12/03/2025	22	6	0,6	259	9	2,7
12/03/2025	23	8	0,7	261	11	2,6
13/03/2025	00	6	1,2	192	8	3,2
13/03/2025	01	7	1,7	217	9	4,8
13/03/2025	02	7	0,8	255	9	2,8
13/03/2025	03	4	0,8	226	6	2,8
13/03/2025	04	4	1,1	228	6	2,9
13/03/2025	05	6	0,7	219	7	2,6
13/03/2025	06	4	1	273	6	3,3
13/03/2025	07	4	1,4	262	6	3,2
13/03/2025	08	8	1,6	219	13	4,5
13/03/2025	09	7	1	287	11	2,8
13/03/2025	10	7	1,8	49	14	3,9
13/03/2025	11	7	1,9	97	16	4,3
13/03/2025	12	8	3,1	93	17	5,9
13/03/2025	13	7	2,4	74	11	4,7
13/03/2025	14	7	3,7	137	9	6,4
13/03/2025	15	7	2,6	176	10	4,4
13/03/2025	16	8	1,4	306	9	3
13/03/2025	17	8	0,8	292	9	2
13/03/2025	18	9	0,9	196	10	2,2
13/03/2025	19	9	0,2	251	11	0,7
13/03/2025	20	10	0,5	228	11	1,6
13/03/2025	21	11	0,3	299	12	1,1
13/03/2025	22	10	1,1	321	11	2,7
13/03/2025	23	6	1,4	341	6	3
14/03/2025	00	4	1,4	349	4	3,1
14/03/2025	01	3	0,8	296	4	2,3
14/03/2025	02	4	0,4	302	4	1,2
14/03/2025	03	4	0,5	234	4	1,7
14/03/2025	04	2	0,6	301	2	1,7
14/03/2025	05	2	0,7	341	3	2,4
14/03/2025	06	3	1,4	15	5	4,3
14/03/2025	07	3	1	322	4	2,6
14/03/2025	08	2	0,9	312	2	2,1
14/03/2025	09	2	1,9	315	2	4
14/03/2025	10	2	2	314	2	4,3
14/03/2025	11	1	1,3	320	2	3,2
14/03/2025	12	2	0,4	337	2	1,5
14/03/2025	13	2	0,7	294	2	2,3
14/03/2025	14	2	1,6	335	3	4
14/03/2025	15	3	0,9	290	3	2,5
14/03/2025	16	3	1,1	321	3	2,9
14/03/2025	17	2	1,8	346	2	3,8
14/03/2025	18	2	1,7	350	3	3,3
14/03/2025	19	4	1,1	352	8	2,7
14/03/2025	20	5	0,7	19	9	2,6
14/03/2025	21	6	1	286	8	2,2
14/03/2025	22	7	0,6	304	10	1,8
14/03/2025	23	8	0,8	288	9	2
15/03/2025	00	6	0,7	312	7	1,9
15/03/2025	01	6	1,1	275	7	2,8
15/03/2025	02	6	0,7	273	6	2,3
15/03/2025	03	4	1,5	272	5	3,8
15/03/2025	04	6	1,1	260	7	3
15/03/2025	05	4	1	250	5	3,1
15/03/2025	06	3	1,3	260	4	4
15/03/2025	07	3	0,9	280	4	2,7
15/03/2025	08	4	1,1	237	5	3
15/03/2025	09	4	1,7	221	5	4,8
15/03/2025	10	3	2,5	177	3	5,2
15/03/2025	11	4	5,3	167	4	8,2
15/03/2025	12	2	4,8	162	2	8,8
15/03/2025	13	2	4,9	163	2	8,8
15/03/2025	14	2	6,2	169	2	9,8
15/03/2025	15	1	4,4	161	2	8
15/03/2025	16	1	3,3	139	2	6,6
15/03/2025	17	2	1,6	90	3	3,6
15/03/2025	18	2	0,6	77	4	1,4
15/03/2025	19	2	0,8	161	2	1,6
15/03/2025	20	6	0,8	244	6	1,7
15/03/2025	21	12	1,1	290	14	2,3
15/03/2025	22	11	0,6	284	12	1,4
15/03/2025	23	8	1	312	9	2,1
16/03/2025	00	7	0,6	326	7	1,7
16/03/2025	01	9	0,9	290	11	1,9
16/03/2025	02	7	0,9	281	9	1,9
16/03/2025	03	8	0,6	292	9	1,5
16/03/2025	04	5	1,3	293	6	2,5
16/03/2025	05	4	1,5	294	5	2,6
16/03/2025	06	4	0,9	279	5	2
16/03/2025	07	4	1	283	5	2,4
16/03/2025	08	5	0,3	261	6	1,3
16/03/2025	09	4	1,2	27	5	3,1
16/03/2025	10	3	1,2	32	3	3,3
16/03/2025	11	3	2,1	41	3	5,5
16/03/2025	12	3	1,7	24	4	4,6
16/03/2025	13	4	1,3	155	5	2,8
16/03/2025	14	4	2,3	73	5	4,6
16/03/2025	15	4	2,8	114	4	5
16/03/2025	16	3	5,3	156	4	9,6
16/03/2025	17	3	3,6	184	3	7,4
16/03/2025	18	3	1	212	4	2,7
16/03/2025	19	4	2,2	351	4	4,9
16/03/2025	20	3	2,2	21	3	5,4
16/03/2025	21	4	1,6	332	4	4
16/03/2025	22	5	0,9	273	5	2,4
16/03/2025	23	3	1,2	258	3	2,6
17/03/2025	00	5	0,8	240	5	2,6
17/03/2025	01	6	0,7	291	7	1,7
17/03/2025	02	5	1,4	276	6	2,9
17/03/2025	03	5	0,7	254	5	2,1
17/03/2025	04	4	0,6	244	5	1,8
17/03/2025	05	5	0,8	195	7	2
17/03/2025	06	5	0,7	271	7	1,6
17/03/2025	07	5	1,5	305	7	2,4
17/03/2025	08	4	1,7	331	6	3,7
17/03/2025	09	3	3,4	10	4	6,8
17/03/2025	10	3	2,6	38	6	6,4
17/03/2025	11	3	3,3	47	8	7,9
17/03/2025	12	3	2,9	44	8	6,5
17/03/2025	13	4	2,9	40	7	7,5
17/03/2025	14	4	2,7	32	6	6,3
17/03/2025	15	5	2,9	45	8	6,6
17/03/2025	16	5	2,6	47	11	5,9
17/03/2025	17	4	2,2	36	7	5,3
17/03/2025	18	3	1,4	5	4	3,5
17/03/2025	19	4	1,2	339	5	2,4
17/03/2025	20	7	0,9	306	7	2
17/03/2025	21	7	0,7	287	8	2
17/03/2025	22	6	0,6	9	7	1,6
17/03/2025	23	6	1,1	355	6	2,7
18/03/2025	00	8	1,3	293	9	2,9
18/03/2025	01	8	1,6	276	9	3,5
18/03/2025	02	6	1,6	288	7	3,6
18/03/2025	03	5	0,6	280	5	1,6
18/03/2025	04	5	0,8	307	6	1,9
18/03/2025	05	5	2,9	357	6	6,3
18/03/2025	06	5	3,5	13	6	7,7
18/03/2025	07	4	3,5	2	6	7,7
18/03/2025	08	5	3,1	353	6	7,6
18/03/2025	09	5	3,4	5	6	7,8
18/03/2025	10	5	3,5	19	6	7,7
18/03/2025	11	5	4	48	8	9,3
18/03/2025	12	6	3,4	55	8	8,1
18/03/2025	13	5	4,5	67	7	9,7
18/03/2025	14	6	4,5	58	8	9,9
18/03/2025	15	7	3,8	39	11	9,8
18/03/2025	16	7	4,3	16	9	8,6
18/03/2025	17	8	4,7	11	10	10,2
18/03/2025	18	8	4,4	5	11	9,9
18/03/2025	19	9	4,7	12	12	9,4
18/03/2025	20	10	3,8	12	15	7,8
18/03/2025	21	11	3,3	11	17	7
18/03/2025	22	11	3,4	22	20	7,4
18/03/2025	23	11	2,7	44	20	6,9
19/03/2025	00	12	2,5	10	23	5,6
19/03/2025	01	12	3,5	12	21	6,6
19/03/2025	02	11	3,9	12	18	7,5
19/03/2025	03	10	3,2	10	15	6,8
19/03/2025	04	10	3,1	356	14	7,3
19/03/2025	05	9	2,8	341	13	6,1
19/03/2025	06	8	3,4	0	12	7,8
19/03/2025	07	7	3,7	360	10	8
19/03/2025	08	8	3,1	6	12	6,9
19/03/2025	09	8	3,2	8	14	6,6
19/03/2025	10	10	3,4	6	16	6,9
19/03/2025	11	10	3,8	12	18	7,9
19/03/2025	12	10	3,1	17	19	7
19/03/2025	13	9	3,9	18	16	7,5
19/03/2025	14	11	3	43	19	6,9
19/03/2025	15	13	4,2	60	21	8,3
19/03/2025	16	15	3,7	58	23	7,5
19/03/2025	17	17	2,3	32	26	6,1
19/03/2025	18	16	2,1	25	24	4,9
19/03/2025	19	19	2,8	14	27	6,1
19/03/2025	20	21	2,5	40	29	6,7
19/03/2025	21	25	2,7	14	34	6
19/03/2025	22	24	2,5	10	33	5,3
19/03/2025	23	22	3	9	32	6,3
20/03/2025	00	24	2	360	35	4,2
20/03/2025	01	23	2,4	11	33	5
20/03/2025	02	25	2	16	36	4,5
20/03/2025	03	26	4,9	12	35	9,6
20/03/2025	04	25	4,4	12	35	8,5
20/03/2025	05	25	5,7	12	34	11,2
20/03/2025	06	25	5,8	13	34	11,4
20/03/2025	07	24	6,4	12	33	13,2
20/03/2025	08	25	6,3	12	35	12,5
20/03/2025	09	30	5,9	12	42	11,4
20/03/2025	10	31	5,8	11	44	10,7
20/03/2025	11	32	6	12	46	12,1
20/03/2025	12	38	5,7	13	57	11,8
20/03/2025	13	37	5,7	12	54	11,2
20/03/2025	14	35	6,7	11	47	11,4
20/03/2025	15	39	5	13	55	10,6
20/03/2025	16	38	5,6	12	54	10,4
20/03/2025	17	38	5,8	13	53	11,3
20/03/2025	18	35	7,2	12	47	13,8
20/03/2025	19	34	6,4	12	48	12,5
20/03/2025	20	34	6,7	12	46	13,4
20/03/2025	21	38	5,4	11	53	10,6
20/03/2025	22	37	5,1	9	51	10,3
20/03/2025	23	34	4,3	15	48	9,5
21/03/2025	00	32	6,7	10	42	14,1
21/03/2025	01	33	4	4	47	9,2
21/03/2025	02	32	5,2	9	44	11,5
21/03/2025	03	31	4,6	7	43	10,5
21/03/2025	04	30	4,2	356	41	9,9
21/03/2025	05	24	2,1	337	33	4,8
21/03/2025	06	23	0,6	289	31	1,6
21/03/2025	07	22	1,2	299	30	3
21/03/2025	08	24	0,9	295	32	2,2
21/03/2025	09	20	1,5	181	27	3,7
21/03/2025	10	31	3,1	173	45	6,3
21/03/2025	11	21	5,5	168	30	10,3
21/03/2025	12	8	10,1	171	13	15,9
21/03/2025	13	9	11,1	171	19	17,9
21/03/2025	14	3	7,3	182	6	14,8
21/03/2025	15	1	4,7	195	3	11,6
21/03/2025	16	2	4	193	3	11,2
21/03/2025	17	2	3,9	195	3	9,3
21/03/2025	18	2	3,6	193	3	7,8
21/03/2025	19	3	3,7	190	4	8,1
21/03/2025	20	4	4,2	185	5	8,4
21/03/2025	21	4	2,6	197	6	5,7
21/03/2025	22	6	1,2	240	9	3,8
21/03/2025	23	6	1,7	188	9	3,6
22/03/2025	00	5	3,8	188	8	6,7
22/03/2025	01	6	4	184	10	7,1
22/03/2025	02	6	5,2	176	8	8,5
22/03/2025	03	5	4,6	182	7	8,3
22/03/2025	04	6	1,5	157	9	3,5
22/03/2025	05	5	2,9	188	7	6,2
22/03/2025	06	3	2,3	180	4	4,3
22/03/2025	07	2	4,3	185	3	9,2
22/03/2025	08	3	3,7	187	4	8,6
22/03/2025	09	3	3,1	208	3	7,8
22/03/2025	10	2	3,4	197	3	8,1
22/03/2025	11	2	4,2	195	3	10,1
22/03/2025	12	2	5	194	3	11,3
22/03/2025	13	2	4,3	212	3	12,6
22/03/2025	14	1	3,5	230	2	10,5
22/03/2025	15	1	3,5	212	1	10,7
22/03/2025	16	1	5,5	191	1	12
22/03/2025	17	1	5,9	191	2	13,6
22/03/2025	18	1	4,3	192	1	9,6
22/03/2025	19	2	3,7	192	2	8
22/03/2025	20	2	4,8	187	3	9,2
22/03/2025	21	4	4,1	187	5	8,5
22/03/2025	22	2	3,5	191	3	7,5
22/03/2025	23	3	2	198	4	5,4
23/03/2025	00	2	2,2	197	2	5,3
23/03/2025	01	1	2,6	192	2	5,7
23/03/2025	02	2	3,3	192	2	7
23/03/2025	03	1	2,3	190	1	5
23/03/2025	04	1	2,6	188	1	5,5
23/03/2025	05	1	2,2	202	1	6
23/03/2025	06	1	3,1	187	2	6,9
23/03/2025	07	4	2,5	220	4	7,4
23/03/2025	08	1	2,5	279	1	6,8
23/03/2025	09	1	2,9	333	1	6,5
23/03/2025	10	1	2,2	27	1	5
23/03/2025	11	1	2,3	81	1	4,5
23/03/2025	12	1	3	82	1	5,5
23/03/2025	13	1	2,7	69	1	5,2
23/03/2025	14	2	2,6	88	3	4,9
23/03/2025	15	2	3	78	2	5,6
23/03/2025	16	2	3	49	3	6,7
23/03/2025	17	2	2,3	39	3	5,1
23/03/2025	18	1	2	26	2	4,3
23/03/2025	19	3	1,9	358	4	4,2
23/03/2025	20	5	0,3	344	6	1,4
23/03/2025	21	4	0,9	13	6	3,3
23/03/2025	22	5	0,9	290	8	2
23/03/2025	23	7	1,1	252	9	2,8
24/03/2025	00	8	0,8	269	10	2
24/03/2025	01	8	0,6	284	10	1,9
24/03/2025	02	6	0,9	271	8	2,6
24/03/2025	03	9	0,7	294	11	1,8
24/03/2025	04	11	1,2	259	14	2,6
24/03/2025	05	12	1,4	260	17	2,9
24/03/2025	06	8	0,7	274	10	1,9
24/03/2025	07	8	0,4	10	13	1,5
24/03/2025	08	7	0,8	46	10	1,9
24/03/2025	09	5	1,9	160	10	3,6
24/03/2025	10	4	3,1	116	6	5,2
24/03/2025	11	3	4,4	120	4	7
24/03/2025	12	3	4,5	121	3	7,4
24/03/2025	13	3	3,9	107	5	6,7
24/03/2025	14	3	3,7	93	4	6,6
24/03/2025	15	3	3,8	85	4	6,8
24/03/2025	16	3	2,5	72	4	4,9
24/03/2025	17	3	1,8	90	4	3,5
24/03/2025	18	3	1,2	52	4	2,9
24/03/2025	19	4	0,7	6	5	1,8
24/03/2025	20	7	0,6	305	9	1,7
24/03/2025	21	9	1,3	307	10	2,6
24/03/2025	22	7	0,8	302	8	1,9
24/03/2025	23	9	0,5	210	11	1,5
25/03/2025	00	13	1	271	15	2,3
25/03/2025	01	5	1,8	323	6	3,4
25/03/2025	02	2	1,4	295	3	2,7
25/03/2025	03	4	1,4	260	4	2,9
25/03/2025	04	4	0,8	242	4	1,9
25/03/2025	05	6	0,9	239	7	2,4
25/03/2025	06	7	0,5	162	9	1,4
25/03/2025	07	9	0,4	234	12	1,5
25/03/2025	08	7	0,8	226	11	2,2
25/03/2025	09	5	1,4	143	8	2,7
25/03/2025	10	4	2,5	112	7	4,6
25/03/2025	11	2	3	132	2	5,5
25/03/2025	12	1	3	148	2	6
25/03/2025	13	2	3,1	147	2	6,1
25/03/2025	14	2	3	152	2	5,3
25/03/2025	15	2	2,8	154	2	5
25/03/2025	16	2	2,6	165	4	4,3
25/03/2025	17	3	2,7	174	6	4,4
25/03/2025	18	3	1,9	176	10	3,1
25/03/2025	19	4	1,6	173	9	3
25/03/2025	20	5	0,9	214	7	2,5
25/03/2025	21	6	2,5	311	8	5,3
25/03/2025	22	4	1,3	272	5	4,5
25/03/2025	23	6	1,3	275	8	3,8
26/03/2025	00	13	1,2	269	15	3,8
26/03/2025	01	4	1,4	255	5	3,6
26/03/2025	02	5	1,6	266	6	3,9
26/03/2025	03	4	1,9	270	5	5,4
26/03/2025	04	3	2,4	292	4	6,3
26/03/2025	05	4	1,5	261	5	3,9
26/03/2025	06	4	1,6	247	5	4,1
26/03/2025	07	4	1,3	251	6	3,7
26/03/2025	08	5	1,4	240	9	3,8
26/03/2025	09	4	1	250	5	3,4
26/03/2025	10	2	3,4	334	4	8,6
26/03/2025	11	5	3,4	146	6	6,4
26/03/2025	12	4	5,7	166	4	8,8
26/03/2025	13	2	4,8	168	3	7,9
26/03/2025	14	2	5,8	168	3	8,7
26/03/2025	15	4	5,5	170	6	8,8
26/03/2025	16	2	3,4	162	3	5,7
26/03/2025	17	4	2,8	167	8	4,4
26/03/2025	18	3	1,1	156	5	2,4
26/03/2025	19	4	2,1	176	7	3,7
26/03/2025	20	5	0,9	247	8	2,3
26/03/2025	21	11	0,6	298	14	1,9
26/03/2025	22	14	0,6	307	16	1,5
26/03/2025	23	8	0,9	293	9	2,1
27/03/2025	00	7	0,3	182	9	0,9
27/03/2025	01	7	0,9	258	8	1,8
27/03/2025	02	6	1	273	7	2,1
27/03/2025	03	5	1,2	296	6	2,6
27/03/2025	04	5	1,1	269	6	2,6
27/03/2025	05	6	1,6	253	7	3
27/03/2025	06	7	1,2	265	9	2,5
27/03/2025	07	7	0,9	261	10	2,4
27/03/2025	08	11	1,1	261	14	2,6
27/03/2025	09	9	0,5	262	12	1,9
27/03/2025	10	11	2,4	84	22	4,2
27/03/2025	11	10	3	132	14	5
27/03/2025	12	9	4,2	165	10	6,8
27/03/2025	13	5	4,5	163	5	8,1
27/03/2025	14	4	3,5	158	5	6,4
27/03/2025	15	4	3,5	158	5	6,4
27/03/2025	16	4	3,1	148	5	5,7
27/03/2025	17	4	2,8	140	4	5,3
27/03/2025	18	4	2,8	158	5	5
27/03/2025	19	5	2,9	176	8	4,7
27/03/2025	20	6	0,6	241	9	2,1
27/03/2025	21	8	0,6	308	10	1,6
27/03/2025	22	9	0,6	304	11	1,4
27/03/2025	23	10	0,5	237	11	1,4
28/03/2025	00	11	0,3	279	13	1
28/03/2025	01	12	0,6	312	14	1,6
28/03/2025	02	9	0,5	304	11	1,5
28/03/2025	03	6	1,1	304	7	2,3
28/03/2025	04	3	1,5	302	4	3,1
28/03/2025	05	3	1,5	289	3	3,7
28/03/2025	06	4	1,4	294	5	3,5
28/03/2025	07	3	1,8	301	4	4,3
28/03/2025	08	3	1,6	282	4	4,7
28/03/2025	09	3	3,2	301	4	8,2
28/03/2025	10	3	3,9	340	3	8,7
28/03/2025	11	3	3,7	54	5	7,5
28/03/2025	12	3	3,7	149	4	7,1
28/03/2025	13	3	5,4	168	4	8,5
28/03/2025	14	3	5,7	168	4	9,3
28/03/2025	15	4	7,1	170	4	10,7
28/03/2025	16	5	5,7	169	7	8,4
28/03/2025	17	5	4,8	168	7	7,4
28/03/2025	18	5	4	169	10	6
28/03/2025	19	6	2,3	199	10	5,6
28/03/2025	20	8	1,2	260	11	3,3
28/03/2025	21	10	1,7	256	12	3,5
28/03/2025	22	7	3	337	10	7,3
28/03/2025	23	3	2,6	319	6	6,5
29/03/2025	00	7	1,7	248	11	6,3
29/03/2025	01	8	1,7	241	12	3,8
29/03/2025	02	6	1,2	297	9	3,5
29/03/2025	03	3	1,4	318	5	3,6
29/03/2025	04	2	1,5	244	3	4,4
29/03/2025	05	1	2,4	287	3	6,3
29/03/2025	06	1	3,3	303	2	9,4
29/03/2025	07	1	3,3	293	3	10,1
29/03/2025	08	1	2,3	34	2	6,2
29/03/2025	09	1	2,5	84	3	7,1
29/03/2025	10	2	4,9	322	6	15,9
29/03/2025	11	1	6,4	323	3	16,5
29/03/2025	12	1	5,5	328	2	14
29/03/2025	13	2	6,5	328	3	16,7
29/03/2025	14	2	8,6	330	6	21,6
29/03/2025	15	2	9,3	319	7	23,4
29/03/2025	16	2	7,3	322	5	19,4
29/03/2025	17	2	6,3	320	4	16,9
29/03/2025	18	2	5	321	3	13,6
29/03/2025	19	2	6,4	319	4	16,3
29/03/2025	20	2	5,8	313	4	14,7
29/03/2025	21	2	6,1	318	4	18,7
29/03/2025	22	2	5,3	311	3	14,9
29/03/2025	23	2	3,5	283	3	10,3
30/03/2025	00	2	3	283	3	8
30/03/2025	01	2	3,9	303	2	9,9
30/03/2025	02	2	3,3	292	2	8,2
30/03/2025	03	2	2,5	279	2	7,3
30/03/2025	04	2	2	271	3	5,1
30/03/2025	05	3	1,8	266	4	4,7
30/03/2025	06	3	1,4	265	4	4
30/03/2025	07	4	1,7	269	6	4,7
30/03/2025	08	4	1,1	276	6	3,2
30/03/2025	09	3	1,1	314	4	3,9
30/03/2025	10	4	2,7	110	6	4,5
30/03/2025	11	3	4,1	127	3	7
30/03/2025	12	2	3,5	156	3	6,8
30/03/2025	13	3	4,7	168	3	7,5
30/03/2025	14	3	4	165	3	6,8
30/03/2025	15	3	3,3	164	3	5,9
30/03/2025	16	3	3,1	166	3	5,4
30/03/2025	17	3	2,7	166	4	4,7
30/03/2025	18	3	3	169	4	4,9
30/03/2025	19	3	2,8	181	4	4,6
30/03/2025	20	6	0,4	244	8	1,4
30/03/2025	21	5	0,3	279	8	1
30/03/2025	22	9	0,5	300	11	1,1
30/03/2025	23	7	0,6	262	10	1,5
31/03/2025	00	11	0,4	165	16	1,1
31/03/2025	01	10	0,6	268	14	1,4
31/03/2025	02	10	1,3	260	14	3,7
31/03/2025	03	7	1,6	271	9	4,3
31/03/2025	04	6	2,1	274	9	4,2
31/03/2025	05	8	1,3	276	13	2,6
31/03/2025	06	8	0,9	264	14	2,4
31/03/2025	07	8	1,1	293	16	2,6
31/03/2025	08	9	0,5	288	18	1,5
31/03/2025	09	12	1	149	33	2
31/03/2025	10	10	2,1	109	22	3,9
31/03/2025	11	6	1,9	162	9	3,3
31/03/2025	12	7	1,8	136	11	3,2
31/03/2025	13	7	2,1	139	14	3,4
31/03/2025	14	5	1,9	159	6	3,4
31/03/2025	15	5	2,2	156	6	3,9
31/03/2025	16	4	2,2	139	5	3,5
31/03/2025	17	5	2,1	158	6	3,7
31/03/2025	18	4	1,9	150	6	3,4
31/03/2025	19	5	1,2	92	8	2,6
31/03/2025	20	6	1,4	20	8	3,3
31/03/2025	21	7	2,4	18	8	5,7
31/03/2025	22	6	2,9	15	7	6,4
31/03/2025	23	6	2,6	6	8	5,5
01/04/2025	00	7	0,8	288	8	1,8
01/04/2025	01	9	0,4	221	11	1,3
01/04/2025	02	11	1	289	14	2
01/04/2025	03	6	1,6	301	8	2,5
01/04/2025	04	7	0,1	246	9	0,6
01/04/2025	05	11	0,6	295	14	1,4
01/04/2025	06	9	0,7	300	12	1,4
01/04/2025	07	10	1,2	305	15	2,2
01/04/2025	08	11	0,6	344	19	1,5
01/04/2025	09	12	1,8	108	23	3,2
01/04/2025	10	12	3,5	88	18	5,7
01/04/2025	11	8	3,9	89	12	6,8
01/04/2025	12	8	3,2	87	12	6,1
01/04/2025	13	7	4,2	83	9	6,9
01/04/2025	14	7	4,5	97	11	8,2
01/04/2025	15	8	4,2	92	13	7,8
01/04/2025	16	8	3,7	82	12	6,8
01/04/2025	17	7	2,9	64	10	5,5
01/04/2025	18	5	1,8	45	8	4,8
01/04/2025	19	6	2,1	46	8	5,1
01/04/2025	20	7	1,8	27	9	4,2
01/04/2025	21	6	1,5	16	9	3,6
01/04/2025	22	6	1,8	2	9	3,6
01/04/2025	23	7	1,6	342	9	3,2
02/04/2025	00	7	2,3	350	10	4,8
02/04/2025	01	8	2,5	342	11	4,7
02/04/2025	02	8	2,4	357	11	5,7
02/04/2025	03	9	4	13	12	8,7
02/04/2025	04	9	3	348	11	6
02/04/2025	05	8	3	342	9	5,5
02/04/2025	06	7	2,3	353	8	4,9
02/04/2025	07	7	3,1	4	8	7,3
02/04/2025	08	7	2,5	356	8	5,4
02/04/2025	09	11	2,5	57	14	5,4
02/04/2025	10	15	3	82	20	5,8
02/04/2025	11	19	4,4	91	25	7,8
02/04/2025	12	14	3,5	120	18	7
02/04/2025	13	15	4,2	149	17	7,9
02/04/2025	14	14	3,9	129	16	7,4
02/04/2025	15	13	3	114	19	5,7
02/04/2025	16	12	3,1	95	19	5,6
02/04/2025	17	13	2,2	49	20	4,6
02/04/2025	18	11	2,2	61	16	5,1
02/04/2025	19	14	1,9	48	19	4,4
02/04/2025	20	14	1,7	55	19	4
02/04/2025	21	11	1,6	44	16	3,6
02/04/2025	22	11	1,5	36	16	4,3
02/04/2025	23	10	2,3	41	15	6,1
03/04/2025	00	10	1,8	35	16	5,1
03/04/2025	01	11	2,3	52	15	5,6
03/04/2025	02	12	2,7	58	17	5,6
03/04/2025	03	12	3,5	44	17	7,7
03/04/2025	04	13	2,9	46	18	7,1
03/04/2025	05	14	2,3	22	20	5,5
03/04/2025	06	15	2,4	23	22	5,6
03/04/2025	07	15	2,5	19	23	5,8
03/04/2025	08	15	3,3	15	25	6,7
03/04/2025	09	13	2,7	22	23	6,3
03/04/2025	10	15	3,7	29	31	9,7
03/04/2025	11	16	4,6	32	28	11,5
03/04/2025	12	14	6,3	16	21	13,9
03/04/2025	13	15	5,9	18	21	13,4
03/04/2025	14	14	5,7	20	21	13,1
03/04/2025	15	14	6,6	16	20	15
03/04/2025	16	14	6,7	14	19	14,6
03/04/2025	17	14	6,1	13	19	12,4
03/04/2025	18	13	7,4	12	17	14,6
03/04/2025	19	14	7,8	12	17	15
03/04/2025	20	15	7,2	12	20	14,6
03/04/2025	21	16	6,5	12	21	13,9
03/04/2025	22	16	6	11	21	12,1
03/04/2025	23	13	5,7	10	17	11,6
04/04/2025	00	12	5	6	17	11,9
04/04/2025	01	12	7,6	11	15	15,8
04/04/2025	02	14	7,1	10	17	15,1
04/04/2025	03	14	6,2	5	19	14,4
04/04/2025	04	13	5,5	2	18	13,1
04/04/2025	05	10	3,6	339	14	8
04/04/2025	06	7	2,8	334	10	6,2
04/04/2025	07	7	4,5	344	9	9,8
04/04/2025	08	9	5,6	351	12	13
04/04/2025	09	12	4,6	1	18	10,3
04/04/2025	10	14	4	3	23	9,2
04/04/2025	11	14	4,7	10	22	9,8
04/04/2025	12	13	5,7	13	18	11,2
04/04/2025	13	12	4,2	32	17	9,2
04/04/2025	14	11	3,9	55	16	9
04/04/2025	15	12	4,9	50	17	11,7
04/04/2025	16	16	6,1	49	24	13,9
04/04/2025	17	17	6	50	27	13,4
04/04/2025	18	17	4,6	46	23	10
04/04/2025	19	18	3,2	37	25	8,1
04/04/2025	20	18	2,1	44	25	5,2
04/04/2025	21	19	1,4	168	25	3,7
04/04/2025	22	17	1,8	91	21	3,7
04/04/2025	23	16	1,1	299	19	2,8
05/04/2025	00	17	2,1	188	20	4,1
05/04/2025	01	16	2,7	166	20	4,9
05/04/2025	02	17	2,3	121	21	4,6
05/04/2025	03	17	1,5	121	20	3,1
05/04/2025	04	17	1,1	168	19	2,6
05/04/2025	05	16	0,8	307	18	1,7
05/04/2025	06	17	0,8	311	19	1,7
05/04/2025	07	20	1	276	22	2,2
05/04/2025	08	29	0,6	228	35	2
05/04/2025	09	29	1,8	101	36	3,6
05/04/2025	10	23	2,2	127	26	3,6
05/04/2025	11	24	3,3	128	28	5,6
05/04/2025	12	19	3,4	123	23	5,8
05/04/2025	13	14	2,4	85	16	4,9
05/04/2025	14	11	2,4	56	13	5,1
05/04/2025	15	11	3,2	50	13	7
05/04/2025	16	10	2,4	48	12	5,5
05/04/2025	17	7	1,5	36	10	3,9
05/04/2025	18	4	1,7	36	7	3,7
05/04/2025	19	4	1,6	48	7	3,9
05/04/2025	20	5	0,8	43	7	2,2
05/04/2025	21	6	0,5	15	9	1,3
05/04/2025	22	6	1,3	307	9	2,3
05/04/2025	23	5	0,9	273	8	1,7
06/04/2025	00	8	0,6	274	12	1,8
06/04/2025	01	5	1,6	280	8	3,4
06/04/2025	02	3	2	266	5	3,7
06/04/2025	03	4	1,7	259	6	4,2
06/04/2025	04	3	1,9	259	4	4,6
06/04/2025	05	3	1,9	244	4	4,8
06/04/2025	06	2	2	239	3	4,6
06/04/2025	07	2	2	257	4	4
06/04/2025	08	3	1,5	249	4	3,7
06/04/2025	09	3	0,8	220	4	2,4
06/04/2025	10	2	2,2	131	3	3,4
06/04/2025	11	4	3,7	161	5	6,1
06/04/2025	12	3	3,9	166	3	6,4
06/04/2025	13	2	4,7	164	3	7,2
06/04/2025	14	2	4,2	166	2	6,8
06/04/2025	15	3	3,5	167	3	5,8
06/04/2025	16	3	2,3	146	3	4
06/04/2025	17	2	3,3	170	2	5,1
06/04/2025	18	2	3,7	176	2	6,2
06/04/2025	19	2	1	208	3	3
06/04/2025	20	4	0,7	214	4	2,3
06/04/2025	21	5	0,6	161	7	1,7
06/04/2025	22	7	0,7	264	9	1,9
06/04/2025	23	6	0,4	243	9	1,2
07/04/2025	00	5	0,7	280	8	1,7
07/04/2025	01	6	0,4	285	9	1,1
07/04/2025	02	6	1,4	268	9	3
07/04/2025	03	5	0,5	255	8	1,8
07/04/2025	04	4	0,7	258	7	2,4
07/04/2025	05	4	0,6	256	7	2,2
07/04/2025	06	6	0,7	268	10	2,2
07/04/2025	07	9	2	258	14	4
07/04/2025	08	7	1,3	241	13	2,8
07/04/2025	09	12	2	93	34	3,6
07/04/2025	10	6	3,3	114	13	5,5
07/04/2025	11	6	3,1	86	12	5,3
07/04/2025	12	6	3,2	122	10	5,2
07/04/2025	13	6	3,4	117	10	5,6
07/04/2025	14	6	3,1	110	9	5,6
07/04/2025	15	5	2,5	98	8	4,5
07/04/2025	16	7	2,4	99	13	4,3
07/04/2025	17	7	2,1	97	13	4
07/04/2025	18	7	2,6	74	10	4,9
07/04/2025	19	10	3,1	62	12	7,1
07/04/2025	20	7	3,5	47	9	8,6
07/04/2025	21	8	2,5	40	9	6,7
07/04/2025	22	7	2,3	27	9	5,5
07/04/2025	23	7	2	21	9	5
08/04/2025	00	7	2	23	9	5,2
08/04/2025	01	7	1,9	26	9	5,1
08/04/2025	02	8	1,8	3	10	4,2
08/04/2025	03	9	1,7	4	11	4,6
08/04/2025	04	9	0,8	324	11	1,9
08/04/2025	05	15	0,3	268	19	1,3
08/04/2025	06	16	0,5	353	20	2,2
08/04/2025	07	12	1,9	42	16	4,9
08/04/2025	08	14	2,4	46	19	5,6
08/04/2025	09	13	2,4	47	18	5,8
08/04/2025	10	14	3,5	68	21	6,3
08/04/2025	11	13	3,4	87	18	6,2
08/04/2025	12	12	3,7	88	16	7
08/04/2025	13	11	3,8	80	14	7
08/04/2025	14	13	4,9	71	17	8,3
08/04/2025	15	12	3,7	69	16	7,5
08/04/2025	16	12	3,1	56	19	6,5
08/04/2025	17	13	2,9	46	19	6,2
08/04/2025	18	12	2,7	48	15	6
08/04/2025	19	11	1,8	50	13	4,9
08/04/2025	20	11	1,2	35	12	3,2
08/04/2025	21	11	1,3	31	12	4,1
08/04/2025	22	11	1,2	28	13	3,1
08/04/2025	23	12	1,5	49	13	3,5
09/04/2025	00	14	1,1	314	15	2,1
09/04/2025	01	13	0,6	309	14	1,4
09/04/2025	02	19	0,6	280	21	1,6
09/04/2025	03	28	0,6	283	31	1,8
09/04/2025	04	31	0,6	280	34	2,1
09/04/2025	05	28	0,6	249	31	1,9
09/04/2025	06	31	0,9	268	35	2,4
09/04/2025	07	30	1,6	305	35	3,3
09/04/2025	08	30	0,8	287	34	2,2
09/04/2025	09	23	1,6	61	28	3,6
09/04/2025	10	19	1,9	93	25	4,3
09/04/2025	11	16	2,8	137	20	4,9
09/04/2025	12	12	2,6	140	13	4,7
09/04/2025	13	13	2,7	147	14	4,6
09/04/2025	14	12	2,8	144	13	4,9
09/04/2025	15	11	2,7	118	14	5
09/04/2025	16	11	2,5	83	14	4,9
09/04/2025	17	12	2,8	78	20	5,1
09/04/2025	18	10	1,7	58	12	3,8
09/04/2025	19	12	1,4	65	15	2,7
09/04/2025	20	9	0,9	41	11	2,1
09/04/2025	21	9	0,7	32	11	2,1
09/04/2025	22	13	1,2	36	14	3,3
09/04/2025	23	11	1,7	4	12	3,8
10/04/2025	00	10	1,3	332	12	3
10/04/2025	01	10	1,5	301	11	2,9
10/04/2025	02	9	0,8	297	11	1,6
10/04/2025	03	11	1,4	303	12	2,7
10/04/2025	04	14	1,1	299	15	2,3
10/04/2025	05	16	1,4	302	18	2,8
10/04/2025	06	14	1,2	299	16	2
10/04/2025	07	20	1	317	23	1,9
10/04/2025	08	13	2,9	25	17	6,8
10/04/2025	09	12	3,9	48	16	8,4
10/04/2025	10	11	3,4	46	17	8,2
10/04/2025	11	13	3,6	52	23	8,3
10/04/2025	12	13	4,9	64	22	9,8
10/04/2025	13	11	3,9	46	16	9,2
10/04/2025	14	10	3,7	52	14	9,4
10/04/2025	15	11	4,8	48	16	11,2
10/04/2025	16	12	5,1	50	19	11,2
10/04/2025	17	11	4,2	49	15	9,4
10/04/2025	18	9	2,7	48	12	6,5
10/04/2025	19	8	2,5	52	11	5,7
10/04/2025	20	8	1,8	34	10	4,4
10/04/2025	21	8	1,5	8	10	3,5
10/04/2025	22	8	1	356	10	2,5
10/04/2025	23	9	1,1	338	11	2,6
11/04/2025	00	10	1	298	11	2
11/04/2025	01	11	0,7	306	12	1,4
11/04/2025	02	11	1,1	307	12	2,1
11/04/2025	03	11	1,1	305	12	2,3
11/04/2025	04	13	1,2	304	14	2,2
11/04/2025	05	13	1,6	300	14	2,8
11/04/2025	06	14	1,5	299	15	3
11/04/2025	07	13	1,2	298	17	2,5
11/04/2025	08	13	0,9	303	17	2,3
11/04/2025	09	11	2,1	11	16	5,1
11/04/2025	10	12	3,4	33	18	7,7
11/04/2025	11	12	4,7	48	18	10,2
11/04/2025	12	12	4,6	49	16	10,4
11/04/2025	13	11	4,8	48	15	10,3
11/04/2025	14	10	4,8	50	15	10,5
11/04/2025	15	11	4,6	47	16	11
11/04/2025	16	14	4,7	50	23	10,2
11/04/2025	17	13	3,9	46	18	9,2
11/04/2025	18	10	2,9	46	14	7,1
11/04/2025	19	10	3,3	51	12	7,2
11/04/2025	20	10	4,9	51	12	12,1
11/04/2025	21	10	3,5	8	13	7,6
11/04/2025	22	10	1,8	3	13	4,4
11/04/2025	23	11	0,7	241	13	1,6
12/04/2025	00	13	1,1	313	14	2,5
12/04/2025	01	15	1	227	17	2,2
12/04/2025	02	18	1,4	249	20	3,1
12/04/2025	03	17	1,1	304	19	2,1
12/04/2025	04	17	0,4	274	19	1
12/04/2025	05	17	1,3	243	19	3,2
12/04/2025	06	16	0,7	274	18	1,8
12/04/2025	07	17	1	248	20	2,4
12/04/2025	08	19	0,5	267	23	1,7
12/04/2025	09	13	0,7	182	17	1,9
12/04/2025	10	13	1,8	145	16	3,2
12/04/2025	11	15	1,4	145	18	2,8
12/04/2025	12	16	1,7	84	20	3,5
12/04/2025	13	16	2,8	131	19	4,9
12/04/2025	14	15	3	142	17	5,6
12/04/2025	15	14	4,1	166	16	6,7
12/04/2025	16	15	2,3	151	18	4
12/04/2025	17	16	2,4	151	19	4,6
12/04/2025	18	17	2,8	157	20	5,5
12/04/2025	19	15	3,3	168	17	5,5
12/04/2025	20	15	2,5	182	17	4,5
12/04/2025	21	15	0,8	279	17	2,2
12/04/2025	22	17	0,4	47	20	1,2
12/04/2025	23	19	0,4	21	22	1,2
13/04/2025	00	20	0,6	288	23	1,6
13/04/2025	01	23	0,2	23	25	0,8
13/04/2025	02	26	0,3	27	30	0,9
13/04/2025	03	25	0,8	279	27	1,9
13/04/2025	04	23	0,9	297	25	1,8
13/04/2025	05	25	0,8	299	28	1,7
13/04/2025	06	28	1,1	303	30	2
13/04/2025	07	27	0,6	334	30	1,3
13/04/2025	08	28	2,1	91	34	4,8
13/04/2025	09	23	2,7	86	27	5,5
13/04/2025	10	21	2,7	97	24	4,9
13/04/2025	11	20	3,4	124	23	5,5
13/04/2025	12	19	3,1	131	22	5
13/04/2025	13	19	2,2	126	22	4
13/04/2025	14	18	1,7	73	20	3,9
13/04/2025	15	19	2,1	89	22	3,7
13/04/2025	16	18	1,9	55	21	3,9
13/04/2025	17	15	1,4	65	17	3,1
13/04/2025	18	14	0,6	274	17	2
13/04/2025	19	14	1,6	114	16	3,3
13/04/2025	20	13	0,9	115	15	1,9
13/04/2025	21	15	0,7	333	17	1,6
13/04/2025	22	16	0,8	36	18	1,8
13/04/2025	23	15	1,2	64	17	2,9
14/04/2025	00	16	1,8	61	17	4,3
14/04/2025	01	14	2,1	29	16	5,2
14/04/2025	02	13	1,9	24	15	5,1
14/04/2025	03	14	1	300	16	2,1
14/04/2025	04	17	0,4	292	19	1,4
14/04/2025	05	16	0,3	343	18	1,1
14/04/2025	06	14	1,3	12	17	3,2
14/04/2025	07	18	0,8	282	21	2,1
14/04/2025	08	21	1,4	203	26	3,3
14/04/2025	09	18	1,9	160	23	3,2
14/04/2025	10	17	2,2	160	21	3,9
14/04/2025	11	14	3,2	164	16	5,6
14/04/2025	12	11	3,2	147	13	6,3
14/04/2025	13	13	4,8	120	15	8
14/04/2025	14	14	3	106	18	5,6
14/04/2025	15	15	2,8	99	18	5,4
14/04/2025	16	14	1,8	107	18	3,7
14/04/2025	17	15	2	113	18	3,8
14/04/2025	18	14	1,8	68	17	3,7
14/04/2025	19	13	1,3	39	16	2,9
14/04/2025	20	12	1	359	14	2,2
14/04/2025	21	14	0,5	332	16	1,4
14/04/2025	22	15	0,7	230	17	1,9
14/04/2025	23	19	1,1	257	22	2,4
15/04/2025	00	21	0,9	285	23	1,9
15/04/2025	01	24	1,1	263	27	3,2
15/04/2025	02	23	1	212	26	2,2
15/04/2025	03	12	1,3	232	14	3,4
15/04/2025	04	6	1,5	229	9	3,9
15/04/2025	05	5	2,1	193	7	5,1
15/04/2025	06	3	2,6	207	6	6,2
15/04/2025	07	7	1,6	198	15	4,1
15/04/2025	08	8	2,4	182	17	4,6
15/04/2025	09	5	1,7	218	8	4,4
15/04/2025	10	4	5,8	178	11	10,2
15/04/2025	11	3	4,3	187	6	9
15/04/2025	12	1	2,2	230	3	7,3
15/04/2025	13	4	5,1	186	12	11,3
15/04/2025	14	5	9	177	18	14,9
15/04/2025	15	4	8,3	179	15	15,4
15/04/2025	16	2	6	189	7	14,5
15/04/2025	17	2	3,3	257	5	9,9
15/04/2025	18	1	2,8	272	3	8,6
15/04/2025	19	1	1,9	280	3	6,7
15/04/2025	20	2	3	89	4	6,4
15/04/2025	21	1	3,2	77	2	6,8
15/04/2025	22	1	2,7	67	2	6,5
15/04/2025	23	2	1,9	10	3	4,6
16/04/2025	00	2	1,5	302	2	3,3
16/04/2025	01	2	0,8	281	4	2,2
16/04/2025	02	3	0,9	270	5	2,8
16/04/2025	03	3	1,2	279	4	2,8
16/04/2025	04	2	1,6	311	3	3,5
16/04/2025	05	1	1,4	274	2	3,4
16/04/2025	06	1	1,7	307	3	4
16/04/2025	07	2	0,6	299	5	1,9
16/04/2025	08	1	0,9	14	3	2,6
16/04/2025	09	2	1,4	163	5	3,9
16/04/2025	10	2	3,1	134	7	6
16/04/2025	11	1	3,7	149	2	7,3
16/04/2025	12	1	4,2	150	1	8,3
16/04/2025	13	1	4,3	148	1	8,6
16/04/2025	14	1	4,4	135	1	9
16/04/2025	15	1	5,8	123	3	9,9
16/04/2025	16	1	5	128	2	8,9
16/04/2025	17	2	4,1	119	3	7,1
16/04/2025	18	2	1,7	120	3	3,7
16/04/2025	19	2	1	337	3	2,9
16/04/2025	20	2	2	269	4	6,6
16/04/2025	21	1	1,5	255	3	5,3
16/04/2025	22	1	1,3	232	1	4,2
16/04/2025	23	2	1,4	243	3	4,6
17/04/2025	00	2	1,1	347	3	3,9
17/04/2025	01	1	1,2	315	2	3,7
17/04/2025	02	2	1,1	306	2	3
17/04/2025	03	1	2,3	297	2	5,9
17/04/2025	04	1	2	330	1	3,8
17/04/2025	05	2	1,6	275	3	4,2
17/04/2025	06	4	1	288	7	2,6
17/04/2025	07	4	0,7	333	7	2,1
17/04/2025	08	3	1,8	288	7	5
17/04/2025	09	2	1,4	188	3	3,5
17/04/2025	10	2	2,9	145	3	5,9
17/04/2025	11	3	4,5	134	5	8,3
17/04/2025	12	3	5,9	158	3	10,4
17/04/2025	13	2	4,6	160	3	8,8
17/04/2025	14	2	4,4	142	2	8,6
17/04/2025	15	2	4,1	131	2	8,4
17/04/2025	16	3	3,4	104	5	6,3
17/04/2025	17	3	3,2	84	6	5,8
17/04/2025	18	3	2,4	46	5	4,8
17/04/2025	19	4	2,3	18	6	5,2
17/04/2025	20	5	2,9	11	7	5,5
17/04/2025	21	5	2	11	8	4,9
17/04/2025	22	5	1,3	25	7	3,7
17/04/2025	23	6	1,2	251	9	3,2
18/04/2025	00	9	0,6	323	12	1,8
18/04/2025	01	9	0,5	240	11	1,1
18/04/2025	02	10	0,2	249	14	0,7
18/04/2025	03	8	0,9	294	11	1,9
18/04/2025	04	6	1,2	299	9	2,1
18/04/2025	05	7	0,9	290	8	1,5
18/04/2025	06	9	0,5	281	11	1
18/04/2025	07	7	0,8	311	9	1,5
18/04/2025	08	8	1,2	33	11	2,9
18/04/2025	09	6	2,3	61	8	4,5
18/04/2025	10	5	2,9	72	7	6,2
18/04/2025	11	5	3,4	65	6	6,5
18/04/2025	12	5	4,8	76	7	8,8
18/04/2025	13	6	4,1	81	8	8,3
18/04/2025	14	6	3,4	82	8	6,6
18/04/2025	15	6	2,3	60	8	5,3
18/04/2025	16	8	2,4	47	10	4,8
18/04/2025	17	9	2	57	11	3,8
18/04/2025	18	9	1,7	53	11	3,3
18/04/2025	19	8	1,5	54	10	2,9
18/04/2025	20	8	1,2	44	10	2,7
18/04/2025	21	8	1,5	49	10	3,6
18/04/2025	22	9	1,9	39	10	4,2
18/04/2025	23	10	1,3	17	12	3,6
19/04/2025	00	8	1	341	10	2,3
19/04/2025	01	6	0,9	299	7	1,8
19/04/2025	02	7	0,4	285	9	1,1
19/04/2025	03	9	0,4	257	11	1,2
19/04/2025	04	14	0,7	225	17	2
19/04/2025	05	12	1,1	285	14	2,3
19/04/2025	06	13	1	300	15	2,2
19/04/2025	07	15	0,8	320	18	2
19/04/2025	08	15	1,9	188	19	4,1
19/04/2025	09	6	4,1	178	8	8,6
19/04/2025	10	2	3,8	217	6	11,1
19/04/2025	11	2	4	205	5	12,9
19/04/2025	12	1	4,2	210	3	12,1
19/04/2025	13	2	4,7	213	4	12,9
19/04/2025	14	2	4,4	240	7	13,8
19/04/2025	15	1	3,8	269	3	12,4
19/04/2025	16	1	2,7	262	1	9,2
19/04/2025	17	1	3	217	2	9,4
19/04/2025	18	1	3,1	241	2	9,6
19/04/2025	19	1	2,5	275	2	7,9
19/04/2025	20	1	1,9	261	2	6,7
19/04/2025	21	2	1,2	232	4	3,4
19/04/2025	22	2	1,4	248	3	4,7
19/04/2025	23	2	1,3	227	3	3,9
20/04/2025	00	3	1,2	216	6	3,7
20/04/2025	01	3	1,2	199	5	3,4
20/04/2025	02	3	1,1	224	5	2,9
20/04/2025	03	3	0,9	241	4	2,8
20/04/2025	04	3	1,5	196	5	3,8
20/04/2025	05	2	1,4	227	3	3,8
20/04/2025	06	3	2,3	219	4	5,8
20/04/2025	07	4	1,5	214	7	4,1
20/04/2025	08	4	1,3	237	6	4,3
20/04/2025	09	2	2,6	199	2	5,7
20/04/2025	10	2	5,5	166	2	9
20/04/2025	11	1	4,1	157	2	7,7
20/04/2025	12	1	3,4	150	2	7,2
20/04/2025	13	2	6,1	161	3	10,7
20/04/2025	14	2	4,5	151	3	8,7
20/04/2025	15	2	2	112	2	3,8
20/04/2025	16	2	1,9	128	2	3,6
20/04/2025	17	2	3,5	99	3	6,1
20/04/2025	18	4	3,2	94	6	5,7
20/04/2025	19	2	2,7	142	3	5
20/04/2025	20	3	1,1	195	4	2,6
20/04/2025	21	4	0,5	255	6	1,3
20/04/2025	22	6	0,8	293	8	1,5
20/04/2025	23	6	0,6	289	8	1,4
21/04/2025	00	6	1	259	8	2,9
21/04/2025	01	5	1,4	267	8	3,4
21/04/2025	02	4	0,8	274	6	2,1
21/04/2025	03	4	1,4	268	5	3,5
21/04/2025	04	2	1,2	270	4	2,7
21/04/2025	05	3	1,2	260	5	3,2
21/04/2025	06	4	1	255	6	2,7
21/04/2025	07	9	0,5	284	12	1,8
21/04/2025	08	4	0,6	113	6	1,8
21/04/2025	09	4	1,2	118	6	2,3
21/04/2025	10	5	3,2	84	6	6,2
21/04/2025	11	2	4	84	3	7,1
21/04/2025	12	2	5	86	2	8,7
21/04/2025	13	3	4,9	98	4	8,9
21/04/2025	14	4	5	120	5	8,8
21/04/2025	15	3	4,7	97	4	8,5
21/04/2025	16	2	3,9	93	3	6,9
21/04/2025	17	3	2,7	94	4	5,3
21/04/2025	18	4	1,6	83	5	3,4
21/04/2025	19	3	1,4	48	4	3,1
21/04/2025	20	4	0,8	106	5	1,9
21/04/2025	21	4	0,4	173	5	1,3
21/04/2025	22	6	0,4	313	8	1
21/04/2025	23	7	0,4	336	8	1
22/04/2025	00	6	0,3	347	8	1,2
22/04/2025	01	5	0,9	301	7	1,7
22/04/2025	02	4	0,7	299	5	1,5
22/04/2025	03	5	0,6	311	6	1,3
22/04/2025	04	6	0,7	305	7	1,6
22/04/2025	05	6	0,5	292	7	1,2
22/04/2025	06	7	0,6	263	10	1,4
22/04/2025	07	9	1	294	12	2,1
22/04/2025	08	8	1,4	332	10	3,2
22/04/2025	09	4	1	56	5	2,5
22/04/2025	10	4	2,7	91	7	5
22/04/2025	11	5	2,8	56	7	5,6
22/04/2025	12	7	3,4	53	9	7,3
22/04/2025	13	8	4	56	10	8,6
22/04/2025	14	12	3,2	54	27	7,5
22/04/2025	15	6	2,2	68	13	4,4
22/04/2025	16	5	1,1	23	6	2,8
22/04/2025	17	5	0,3	312	6	1,2
22/04/2025	18	7	1,2	201	8	2,2
22/04/2025	19	14	1,1	198	16	2,9
22/04/2025	20	13	0,7	196	14	2
22/04/2025	21	10	0,9	210	10	2,9
22/04/2025	22	12	0,7	248	14	2,5
22/04/2025	23	13	1,3	287	14	3,1
23/04/2025	00	7	1,5	275	8	3,6
23/04/2025	01	7	1,5	265	9	3,3
23/04/2025	02	8	1,7	259	11	4,7
23/04/2025	03	6	1,3	276	8	3,1
23/04/2025	04	6	1	283	8	2,6
23/04/2025	05	6	1,6	263	9	3,6
23/04/2025	06	8	0,9	211	14	2,3
23/04/2025	07	8	1,2	206	15	3,1
23/04/2025	08	5	2,3	184	9	4,5
23/04/2025	09	3	1,8	206	5	4,1
23/04/2025	10	3	2,6	192	4	5
23/04/2025	11	5	5,9	167	7	9,3
23/04/2025	12	5	6,1	167	6	9,8
23/04/2025	13	5	6	168	5	9,1
23/04/2025	14	3	4,3	166	4	7,2
23/04/2025	15	3	3,2	161	4	5,7
23/04/2025	16	3	2,3	143	3	4,2
23/04/2025	17	3	2,3	138	3	3,8
23/04/2025	18	3	1,8	128	5	3
23/04/2025	19	5	1,3	149	10	2,4
23/04/2025	20	6	0,8	234	8	2,5
23/04/2025	21	7	0,8	290	9	2
23/04/2025	22	6	0,8	287	9	2
23/04/2025	23	7	1,4	270	9	3,3
24/04/2025	00	5	0,7	276	7	1,6
24/04/2025	01	6	0,8	258	9	2,1
24/04/2025	02	7	0,8	284	9	1,8
24/04/2025	03	5	1,4	301	7	2,2
24/04/2025	04	4	0,6	269	5	1,4
24/04/2025	05	6	0,4	188	7	0,9
24/04/2025	06	8	1,1	289	12	2,5
24/04/2025	07	9	0,5	316	16	1,4
24/04/2025	08	9	0,9	30	19	2,8
24/04/2025	09	15	1,9	130	34	3,4
24/04/2025	10	11	3,4	157	15	6
24/04/2025	11	11	3,6	161	14	6
24/04/2025	12	11	3	137	13	5,5
24/04/2025	13	10	2,9	139	11	5,2
24/04/2025	14	6	2,5	152	7	4,5
24/04/2025	15	5	2,9	147	6	5,1
24/04/2025	16	5	3	134	6	5,4
24/04/2025	17	5	2,7	156	6	4,7
24/04/2025	18	5	2,8	162	7	5
24/04/2025	19	6	2,8	172	9	4,4
24/04/2025	20	6	1,9	181	8	3,8
24/04/2025	21	7	0,7	244	8	2,2
24/04/2025	22	8	0,5	242	9	2
24/04/2025	23	10	0,7	300	12	1,8
25/04/2025	00	14	0,7	192	16	1,4
25/04/2025	01	17	0,2	297	21	0,8
25/04/2025	02	22	0,8	324	25	1,6
25/04/2025	03	11	1,7	44	13	4,4
25/04/2025	04	11	1,7	25	13	4,5
25/04/2025	05	11	2,1	49	12	5
25/04/2025	06	13	1,1	9	15	2,7
25/04/2025	07	14	0,8	333	17	2
25/04/2025	08	15	1,2	44	19	3,1
25/04/2025	09	11	2	137	16	3,7
25/04/2025	10	11	2,8	125	15	5,2
25/04/2025	11	10	3,2	91	14	6
25/04/2025	12	10	2,8	78	14	5,7
25/04/2025	13	9	2,8	57	12	6,3
25/04/2025	14	9	3,1	58	12	6,2
25/04/2025	15	9	3,4	64	16	6,4
25/04/2025	16	7	3,1	74	11	6,5
25/04/2025	17	5	2,8	81	7	5,3
25/04/2025	18	4	2,4	63	5	4,9
25/04/2025	19	4	1,4	56	5	3,2
25/04/2025	20	5	1,3	123	6	2,9
25/04/2025	21	6	1	186	7	2,9
25/04/2025	22	7	1,3	39	8	3,1
25/04/2025	23	6	1,2	67	7	3
26/04/2025	00	7	0,8	300	8	1,8
26/04/2025	01	6	1	306	7	2,3
26/04/2025	02	6	1,2	321	7	2,7
26/04/2025	03	8	0,8	319	9	2,1
26/04/2025	04	14	0,9	247	15	2,5
26/04/2025	05	15	0,9	272	16	2,5
26/04/2025	06	18	0,5	229	19	1,7
26/04/2025	07	22	1	226	25	2,4
26/04/2025	08	20	2	154	23	3,3
26/04/2025	09	15	2,1	147	17	3,5
26/04/2025	10	11	3,1	157	12	5,4
26/04/2025	11	9	4,3	162	10	7,4
26/04/2025	12	6	4,7	167	7	7
26/04/2025	13	6	4,3	125	7	7,2
26/04/2025	14	4	4,1	90	5	7,1
26/04/2025	15	3	2,6	114	5	4,6
26/04/2025	16	2	2,5	110	5	4,7
26/04/2025	17	2	2,8	81	4	4,9
26/04/2025	18	3	2,3	48	4	5,1
26/04/2025	19	8	2,3	40	10	5,3
26/04/2025	20	11	1,8	30	13	4,9
26/04/2025	21	10	2	29	11	4,7
26/04/2025	22	10	1	289	12	2,8
26/04/2025	23	14	1,3	292	15	3,6
27/04/2025	00	13	0,9	321	14	2,5
27/04/2025	01	6	0,9	339	7	2,2
27/04/2025	02	5	1	264	6	2,8
27/04/2025	03	3	1,6	252	4	4
27/04/2025	04	1	1,4	208	2	3,8
27/04/2025	05	1	1,2	263	2	3,7
27/04/2025	06	1	1,5	220	2	3,1
27/04/2025	07	3	1,4	195	4	3
27/04/2025	08	2	1,1	169	3	2,7
27/04/2025	09	2	3,3	154	3	5,7
27/04/2025	10	2	3,8	147	2	6,8
27/04/2025	11	1	3,7	139	2	6,8
27/04/2025	12	1	4,8	125	2	8,1
27/04/2025	13	1	5,4	122	2	8,3
27/04/2025	14	1	5,6	122	1	8,6
27/04/2025	15	1	4,1	143	1	7,3
27/04/2025	16	1	3,7	136	2	6,4
27/04/2025	17	2	3,1	106	3	5,3
27/04/2025	18	2	2,5	138	3	4,6
27/04/2025	19	2	1,7	145	3	3,4
27/04/2025	20	2	0,8	204	4	1,7
27/04/2025	21	3	0,6	0	4	1,6
27/04/2025	22	2	1,2	57	3	3,1
27/04/2025	23	3	0,8	338	4	2,1
28/04/2025	00	3	0,9	301	4	1,8
28/04/2025	01	3	1,1	284	4	2,4
28/04/2025	02	3	0,7	238	5	2,2
28/04/2025	03	5	0,4	251	7	1,1
28/04/2025	04	4	0,8	274	5	1,9
28/04/2025	05	5	0,9	257	7	2,2
28/04/2025	06	5	0,9	266	8	2,1
28/04/2025	07	8	1,6	261	12	3,2
28/04/2025	08	5	0,8	223	9	2,2
28/04/2025	09	7	2,4	127	15	3,8
28/04/2025	10	5	2,7	137	7	4,8
28/04/2025	18	2	2,3	130	3	4
28/04/2025	19	2	1,7	144	3	3,1
28/04/2025	20	2	0,8	145	3	1,8
28/04/2025	21	5	0,3	263	6	1,2
28/04/2025	22	5	0,7	288	6	1,5
28/04/2025	23	4	0,1	169	5	0,5
29/04/2025	00	5	0,4	315	6	1
29/04/2025	01	5	0,9	306	6	1,6
29/04/2025	02	4	0,8	301	5	1,5
29/04/2025	03	4	1,2	304	5	2,2
29/04/2025	04	4	1,3	301	5	2,1
29/04/2025	05	5	1,2	305	5	2,2
29/04/2025	06	6	1,5	305	6	2,7
29/04/2025	07	8	1,6	319	10	3,1
29/04/2025	08	6	3,1	6	7	7,2
29/04/2025	09	5	4,2	12	7	7,9
29/04/2025	10	6	2,9	20	9	6,5
29/04/2025	11	8	4,7	50	15	10,2
29/04/2025	12	8	4	48	16	9,1
29/04/2025	13	7	3,9	49	10	9,7
29/04/2025	14	7	4,3	47	15	10,2
29/04/2025	15	10	4,5	47	26	10,3
29/04/2025	16	8	4,8	49	14	10,3
29/04/2025	17	6	4,4	48	10	9,4
29/04/2025	18	6	3,7	45	7	8,4
29/04/2025	19	5	2,8	28	6	6,7
29/04/2025	20	5	2,8	22	5	6,9
29/04/2025	21	4	2,9	30	5	7,2
29/04/2025	22	4	3,5	16	5	8
29/04/2025	23	4	2,9	356	5	6
30/04/2025	00	4	2,2	347	5	4,5
30/04/2025	01	5	2,6	348	6	5,6
30/04/2025	02	5	1,4	340	6	3,1
30/04/2025	03	5	2,3	342	6	4,2
30/04/2025	04	5	3,2	358	6	6,9
30/04/2025	05	6	3	347	7	6,2
30/04/2025	06	7	3,3	3	8	7,3
30/04/2025	07	7	3,1	356	9	7
30/04/2025	08	8	4,2	13	12	8,9
30/04/2025	09	9	4,3	13	13	9,4
30/04/2025	10	11	4,7	16	19	10,4
30/04/2025	11	12	4,6	21	19	10,3
30/04/2025	12	11	4,6	30	18	11,7
30/04/2025	13	9	5,5	46	15	12,5
30/04/2025	14	8	5,5	45	15	13,1
30/04/2025	15	10	5	31	18	13,1
30/04/2025	16	10	4,9	25	17	12,4
30/04/2025	17	9	4,4	20	14	10,3
30/04/2025	18	8	4,8	16	11	11,2
30/04/2025	19	8	4,3	14	11	9,9
30/04/2025	20	8	5,4	13	10	11,7
30/04/2025	21	8	4,8	11	10	10,3
30/04/2025	22	9	3,2	3	11	7,6
30/04/2025	23	9	2,9	348	11	6,3
