Red: Red de Vigilancia y Control de la Contaminación Atmosférica
Estación: 46184002-Ontinyent
	
FECHA	HORA	Temp.	H.Rel.	O3
		°C	% H.R.	µg/m³
01/01/2025	00	8,2	99	41
01/01/2025	01	8,1	99	36
01/01/2025	02	8,1	99	39
01/01/2025	03	8	99	44
01/01/2025	04	8,1	99	47
01/01/2025	05	7,9	99	55
01/01/2025	06	7,9	99	58
01/01/2025	07	7,8	99	59
01/01/2025	08	7,9	99	61
01/01/2025	09	8,1	99	62
01/01/2025	10	8,3	99	63
01/01/2025	11	8,6	98	62
01/01/2025	12	9,6	95	66
01/01/2025	13	10	91	66
01/01/2025	14	9,9	90	69
01/01/2025	15	9,8	90	66
01/01/2025	16	9,8	92	56
01/01/2025	17	9,7	94	41
01/01/2025	18	9,5	95	37
01/01/2025	19	9,5	95	31
01/01/2025	20	9,2	96	33
01/01/2025	21	9	97	26
01/01/2025	22	8,9	97	20
01/01/2025	23	8,5	97	27
02/01/2025	00	8,2	98	28
02/01/2025	01	8,5	97	36
02/01/2025	02	8	97	37
02/01/2025	03	7,4	97	41
02/01/2025	04	6,6	95	47
02/01/2025	05	6,3	96	53
02/01/2025	06	5,6	99	52
02/01/2025	07	5,1	99	47
02/01/2025	08	4,8	99	39
02/01/2025	09	6,7	93	34
02/01/2025	10	10	85	38
02/01/2025	11	12,6	74	52
02/01/2025	12	14,7	63	66
02/01/2025	13	15,8	56	70
02/01/2025	14	16,2	51	72
02/01/2025	15	16,2	51	72
02/01/2025	16	15,4	47	73
02/01/2025	17	12,7	54	71
02/01/2025	18	10,1	64	61
02/01/2025	19	9,8	65	63
02/01/2025	20	10	64	68
02/01/2025	21	10,6	59	73
02/01/2025	22	10,3	55	76
02/01/2025	23	10,3	54	78
03/01/2025	00	10,3	54	80
03/01/2025	01	10,1	56	79
03/01/2025	02	9,8	60	77
03/01/2025	03	9,6	64	71
03/01/2025	04	9,5	65	71
03/01/2025	05	9,5	66	69
03/01/2025	06	9	64	72
03/01/2025	07	8,9	63	74
03/01/2025	08	9,1	63	74
03/01/2025	09	10,7	57	75
03/01/2025	10	12,7	50	79
03/01/2025	11	13,9	44	81
03/01/2025	12	14,8	42	81
03/01/2025	13	15	41	84
03/01/2025	14	16	37	84
03/01/2025	15	16,3	37	82
03/01/2025	16	16	38	82
03/01/2025	17	14,9	42	82
03/01/2025	18	14,4	43	80
03/01/2025	19	13,8	45	78
03/01/2025	20	13,6	47	78
03/01/2025	21	13	50	76
03/01/2025	22	12,8	54	74
03/01/2025	23	12,8	55	74
04/01/2025	00	12,4	56	74
04/01/2025	01	11,8	60	73
04/01/2025	02	11,6	62	74
04/01/2025	03	10,7	66	73
04/01/2025	04	10	68	70
04/01/2025	05	9,6	70	69
04/01/2025	06	9,3	72	68
04/01/2025	07	8,8	75	67
04/01/2025	08	8,8	75	66
04/01/2025	09	10,2	69	70
04/01/2025	10	12,9	60	71
04/01/2025	11	14,5	55	71
04/01/2025	12	15,5	51	75
04/01/2025	13	16	50	76
04/01/2025	14	14,8	47	81
04/01/2025	15	17,4	38	82
04/01/2025	16	16,6	37	81
04/01/2025	17	14,6	42	78
04/01/2025	18	13,3	50	78
04/01/2025	19	13,1	51	81
04/01/2025	20	12,3	51	77
04/01/2025	21	11,9	52	76
04/01/2025	22	12,2	52	79
04/01/2025	23	11,5	56	78
05/01/2025	00	10,9	60	77
05/01/2025	01	10,7	58	75
05/01/2025	02	10,7	53	80
05/01/2025	03	10,2	56	79
05/01/2025	04	9,6	57	78
05/01/2025	05	9,4	59	79
05/01/2025	06	9,6	60	81
05/01/2025	07	9,6	60	80
05/01/2025	08	8,3	66	72
05/01/2025	09	11,5	59	84
05/01/2025	10	13,6	55	83
05/01/2025	11	14,2	53	86
05/01/2025	12	14,4	55	86
05/01/2025	13	15,9	51	87
05/01/2025	14	17,1	47	87
05/01/2025	15	16,9	47	86
05/01/2025	16	16,7	46	84
05/01/2025	17	15,1	49	81
05/01/2025	18	13,4	53	78
05/01/2025	19	12,8	53	76
05/01/2025	20	12,6	54	77
05/01/2025	21	12,4	55	76
05/01/2025	22	12,4	54	75
05/01/2025	23	12,3	53	72
06/01/2025	00	13,2	48	77
06/01/2025	01	13	46	74
06/01/2025	02	12,5	46	71
06/01/2025	03	12	48	69
06/01/2025	04	11,7	49	70
06/01/2025	05	11,6	50	69
06/01/2025	06	11,6	53	72
06/01/2025	07	12,6	54	77
06/01/2025	08	13	59	81
06/01/2025	09	12,1	63	77
06/01/2025	10	12,6	66	78
06/01/2025	11	13,6	62	82
06/01/2025	12	14	61	82
06/01/2025	13	14,4	61	81
06/01/2025	14	15,1	58	80
06/01/2025	15	15,5	57	80
06/01/2025	16	14,4	60	77
06/01/2025	17	12,7	67	74
06/01/2025	18	11,8	65	80
06/01/2025	19	11,3	66	78
06/01/2025	20	10,5	71	75
06/01/2025	21	9,8	71	72
06/01/2025	22	9	71	69
06/01/2025	23	8,8	68	69
07/01/2025	00	8,2	69	69
07/01/2025	01	8,3	70	69
07/01/2025	02	7,8	71	67
07/01/2025	03	7,3	71	66
07/01/2025	04	7,2	70	66
07/01/2025	05	6,8	72	65
07/01/2025	06	6,7	72	66
07/01/2025	07	6,6	72	67
07/01/2025	08	6,2	75	64
07/01/2025	09	8,3	67	68
07/01/2025	10	8,9	66	67
07/01/2025	11	10,7	60	68
07/01/2025	12	11,5	58	74
07/01/2025	13	13,3	49	76
07/01/2025	14	13,8	45	78
07/01/2025	15	13,9	47	78
07/01/2025	16	13,7	48	77
07/01/2025	17	12	55	75
07/01/2025	18	11,3	59	78
07/01/2025	19	10,7	63	74
07/01/2025	20	10,3	66	71
07/01/2025	21	10,5	69	71
07/01/2025	22	10,3	70	71
07/01/2025	23	10,3	69	71
08/01/2025	00	9,8	71	69
08/01/2025	01	9,6	71	69
08/01/2025	02	9,5	71	69
08/01/2025	03	10,1	68	74
08/01/2025	04	10,1	69	76
08/01/2025	05	10,4	70	79
08/01/2025	06	10,5	69	78
08/01/2025	07	10,5	66	77
08/01/2025	08	11	62	77
08/01/2025	09	12,1	59	77
08/01/2025	10	13,5	56	73
08/01/2025	11	15,5	49	68
08/01/2025	12	17,7	44	73
08/01/2025	13	19,2	40	77
08/01/2025	14	20,6	35	77
08/01/2025	15	20,2	35	76
08/01/2025	16	19,6	38	73
08/01/2025	17	18,6	39	69
08/01/2025	18	18,4	29	79
08/01/2025	19	16,8	27	75
08/01/2025	20	17	20	82
08/01/2025	21	15,5	25	74
08/01/2025	22	14,5	32	73
08/01/2025	23	14,8	58	77
09/01/2025	00	14,6	67	78
09/01/2025	01	14,2	72	79
09/01/2025	02	13,7	73	77
09/01/2025	03	13,3	76	71
09/01/2025	04	13,7	73	73
09/01/2025	05	13,7	73	72
09/01/2025	06	13,9	72	72
09/01/2025	07	13,8	72	71
09/01/2025	08	13,7	71	70
09/01/2025	09	13,9	70	69
09/01/2025	10	14,6	67	70
09/01/2025	11	15,2	63	72
09/01/2025	12	16,1	59	73
09/01/2025	13	17,6	54	74
09/01/2025	14	18,6	51	73
09/01/2025	15	18,2	50	74
09/01/2025	16	17,7	52	72
09/01/2025	17	16,1	58	71
09/01/2025	18	14,9	63	66
09/01/2025	19	14,1	66	61
09/01/2025	20	13,3	70	60
09/01/2025	21	13,6	69	60
09/01/2025	22	13	71	59
09/01/2025	23	12,7	74	59
10/01/2025	00	12,6	75	59
10/01/2025	01	12,6	76	60
10/01/2025	02	12,6	76	61
10/01/2025	03	11,9	78	58
10/01/2025	04	11,6	79	57
10/01/2025	05	11,4	80	58
10/01/2025	06	11,6	79	59
10/01/2025	07	11,5	79	59
10/01/2025	08	11,2	81	56
10/01/2025	09	12,7	76	60
10/01/2025	10	13,7	73	63
10/01/2025	11	15,3	65	63
10/01/2025	12	16,2	61	65
10/01/2025	13	16,9	58	65
10/01/2025	14	17,8	55	65
10/01/2025	15	17,3	56	67
10/01/2025	16	15,5	62	66
10/01/2025	17	14,2	65	68
10/01/2025	18	13,5	67	68
10/01/2025	19	12,9	69	66
10/01/2025	20	12,3	71	64
10/01/2025	21	12,7	70	65
10/01/2025	22	12,8	69	68
10/01/2025	23	12,8	70	68
11/01/2025	00	13	70	69
11/01/2025	01	12,7	74	64
11/01/2025	02	12,5	77	63
11/01/2025	03	12,7	78	64
11/01/2025	04	12,9	77	63
11/01/2025	05	12,9	78	63
11/01/2025	06	13,2	77	63
11/01/2025	07	13,2	78	61
11/01/2025	08	13,2	79	59
11/01/2025	09	14,1	77	58
11/01/2025	10	15,1	74	59
11/01/2025	11	16,3	71	59
11/01/2025	12	18,6	63	59
11/01/2025	13	19,2	61	60
11/01/2025	14	19,6	59	59
11/01/2025	15	19,4	59	59
11/01/2025	16	19,6	54	62
11/01/2025	17	18,2	58	65
11/01/2025	18	17,6	57	65
11/01/2025	19	16,6	57	64
11/01/2025	20	16,4	59	63
11/01/2025	21	15,1	65	59
11/01/2025	22	14,1	69	54
11/01/2025	23	13,6	60	61
12/01/2025	00	13,6	52	69
12/01/2025	01	13,8	45	74
12/01/2025	02	13,3	44	73
12/01/2025	03	13,2	40	75
12/01/2025	04	12	43	71
12/01/2025	05	11,8	44	72
12/01/2025	06	10,3	50	70
12/01/2025	07	9,8	54	69
12/01/2025	08	9,2	57	65
12/01/2025	09	10,4	52	66
12/01/2025	10	14,5	40	72
12/01/2025	11	17,1	34	68
12/01/2025	12	16,7	36	67
12/01/2025	13	16,6	34	75
12/01/2025	14	16,4	34	75
12/01/2025	15	16,6	32	79
12/01/2025	16	15,3	36	80
12/01/2025	17	12,9	50	79
12/01/2025	18	10,4	60	67
12/01/2025	19	9	67	63
12/01/2025	20	7,4	73	60
12/01/2025	21	6,8	79	60
12/01/2025	22	6,1	84	57
12/01/2025	23	4,4	89	48
13/01/2025	00	5,6	90	51
13/01/2025	01	5,9	91	43
13/01/2025	02	5,9	93	50
13/01/2025	03	4,8	95	44
13/01/2025	04	3,7	95	43
13/01/2025	05	4,4	93	51
13/01/2025	06	4,9	93	52
13/01/2025	07	4,2	92	48
13/01/2025	08	3,5	91	47
13/01/2025	09	6	80	49
13/01/2025	10	9,7	67	56
13/01/2025	11	12,6	44	61
13/01/2025	12	13,4	37	70
13/01/2025	13	14	36	70
13/01/2025	14	14,9	30	70
13/01/2025	15	13,4	33	86
13/01/2025	16	12,5	40	85
13/01/2025	17	10,1	57	80
13/01/2025	18	7,2	76	66
13/01/2025	19	5,1	82	51
13/01/2025	20	4,2	85	54
13/01/2025	21	3,1	89	51
13/01/2025	22	2,9	90	51
13/01/2025	23	2,3	92	49
14/01/2025	00	2,3	93	49
14/01/2025	01	2,3	93	51
14/01/2025	02	1,7	93	47
14/01/2025	03	1,2	93	44
14/01/2025	04	0,7	94	40
14/01/2025	05	0,8	94	41
14/01/2025	06	1,8	89	47
14/01/2025	07	0,1	93	42
14/01/2025	08	1,6	89	49
14/01/2025	09	4,6	76	56
14/01/2025	10	8,1	61	67
14/01/2025	11	9,1	51	77
14/01/2025	12	10	44	79
14/01/2025	13	10,8	42	79
14/01/2025	14	11,4	38	82
14/01/2025	15	11,9	33	84
14/01/2025	16	11,3	32	84
14/01/2025	17	9	38	72
14/01/2025	18	5	51	62
14/01/2025	19	2,9	59	64
14/01/2025	20	3,7	55	70
14/01/2025	21	3,5	56	70
14/01/2025	22	1,8	63	67
14/01/2025	23	1,1	65	67
15/01/2025	00	1,1	60	69
15/01/2025	01	2	47	73
15/01/2025	02	2,2	45	75
15/01/2025	03	2,2	45	73
15/01/2025	04	1,6	48	66
15/01/2025	05	1,8	46	59
15/01/2025	06	1	49	54
15/01/2025	07	0,2	52	48
15/01/2025	08	-,1	54	46
15/01/2025	09	1,7	49	44
15/01/2025	10	7,4	33	50
15/01/2025	11	11,7	25	58
15/01/2025	12	14,8	18	65
15/01/2025	13	16,3	15	66
15/01/2025	14	16,5	16	67
15/01/2025	15	15,6	22	76
15/01/2025	16	13,8	25	80
15/01/2025	17	11,5	29	64
15/01/2025	18	8,7	31	64
15/01/2025	19	7,9	28	66
15/01/2025	20	7,3	30	68
15/01/2025	21	8,1	28	70
15/01/2025	22	7,2	31	67
15/01/2025	23	7,8	30	66
16/01/2025	00	5,8	34	62
16/01/2025	01	5,7	35	64
16/01/2025	02	5,6	35	64
16/01/2025	03	4	41	58
16/01/2025	04	3,2	44	58
16/01/2025	05	2,6	47	55
16/01/2025	06	2,5	51	53
16/01/2025	07	3,7	64	43
16/01/2025	08	5,2	71	38
16/01/2025	09	6,5	71	34
16/01/2025	10	7,2	69	46
16/01/2025	11	6,2	85	45
16/01/2025	12	7,2	83	53
16/01/2025	13	9,3	74	63
16/01/2025	14	10,2	71	73
16/01/2025	15	9,8	76	78
16/01/2025	16	7	96	69
16/01/2025	17	6,8	98	68
16/01/2025	18	6,4	97	68
16/01/2025	19	5,8	97	67
16/01/2025	20	5,7	98	71
16/01/2025	21	4,6	98	80
16/01/2025	22	3,7	99	76
16/01/2025	23	3,3	99	65
17/01/2025	00	4,6	99	68
17/01/2025	01	5,1	99	63
17/01/2025	02	5,2	99	62
17/01/2025	03	5,3	99	64
17/01/2025	04	5,3	99	63
17/01/2025	05	5,3	99	64
17/01/2025	06	5,3	99	60
17/01/2025	07	5,5	99	60
17/01/2025	08	5,7	99	64
17/01/2025	09	5,7	99	62
17/01/2025	10	6	99	60
17/01/2025	11	6,7	99	61
17/01/2025	12	7	99	59
17/01/2025	13	7,2	98	60
17/01/2025	14	7	98	59
17/01/2025	15	7,2	97	57
17/01/2025	16	7,1	98	56
17/01/2025	17	7,1	98	56
17/01/2025	18	7,3	98	60
17/01/2025	19	7,4	98	61
17/01/2025	20	7,1	98	63
17/01/2025	21	6,8	98	60
17/01/2025	22	6,7	98	57
17/01/2025	23	6,6	97	51
18/01/2025	00	6,5	97	50
18/01/2025	01	6,4	97	37
18/01/2025	02	6,2	97	40
18/01/2025	03	5,6	97	45
18/01/2025	04	4,5	97	36
18/01/2025	05	4	97	43
18/01/2025	06	4,6	96	49
18/01/2025	07	4,9	92	54
18/01/2025	08	4,3	91	51
18/01/2025	09	5,6	83	51
18/01/2025	10	9	68	55
18/01/2025	11	10,8	61	56
18/01/2025	12	13,5	47	58
18/01/2025	13	14	41	74
18/01/2025	14	14	41	80
18/01/2025	15	13,8	37	84
18/01/2025	16	13,2	37	83
18/01/2025	17	11,8	46	58
18/01/2025	18	8,7	55	64
18/01/2025	19	6,3	63	61
18/01/2025	20	6,8	59	65
18/01/2025	21	6,4	61	66
18/01/2025	22	6	65	65
18/01/2025	23	6	66	62
19/01/2025	00	5,4	70	62
19/01/2025	01	4,7	74	57
19/01/2025	02	3,8	78	51
19/01/2025	03	3,8	78	51
19/01/2025	04	3,1	81	43
19/01/2025	05	3,3	80	47
19/01/2025	06	3,1	80	46
19/01/2025	07	2,8	81	46
19/01/2025	08	2,6	80	45
19/01/2025	09	6,1	67	47
19/01/2025	10	9,5	57	52
19/01/2025	11	12,7	46	55
19/01/2025	12	13,8	42	59
19/01/2025	13	15,1	41	64
19/01/2025	14	15,3	37	66
19/01/2025	15	15,9	30	74
19/01/2025	16	15,2	31	75
19/01/2025	17	12,6	44	68
19/01/2025	18	9,5	57	62
19/01/2025	19	7,2	66	60
19/01/2025	20	7,5	72	67
19/01/2025	21	6,7	77	66
19/01/2025	22	5,7	84	60
19/01/2025	23	6,6	85	66
20/01/2025	00	5,7	91	59
20/01/2025	01	4,5	95	52
20/01/2025	02	4,4	95	47
20/01/2025	03	4,5	93	44
20/01/2025	04	5,8	82	55
20/01/2025	05	5,6	79	56
20/01/2025	06	5,2	79	56
20/01/2025	07	4,4	82	48
20/01/2025	08	5,1	78	46
20/01/2025	09	10,5	54	75
20/01/2025	10	13,1	47	81
20/01/2025	11	14,1	44	79
20/01/2025	12	15	38	86
20/01/2025	13	15,4	41	85
20/01/2025	14	14,7	46	82
20/01/2025	15	15,5	46	84
20/01/2025	16	15,3	46	86
20/01/2025	17	13,8	50	78
20/01/2025	18	12,7	53	74
20/01/2025	19	12,6	55	76
20/01/2025	20	12,4	58	74
20/01/2025	21	12,3	60	73
20/01/2025	22	11,8	64	68
20/01/2025	23	10,7	76	64
21/01/2025	00	9,6	88	56
21/01/2025	01	9,6	89	57
21/01/2025	02	9,4	90	50
21/01/2025	03	9,4	86	52
21/01/2025	04	9,5	85	52
21/01/2025	05	10,2	86	57
21/01/2025	06	10,6	86	57
21/01/2025	07	11,7	83	61
21/01/2025	08	12,4	82	62
21/01/2025	09	12,7	80	55
21/01/2025	10	15,3	73	55
21/01/2025	11	17,4	67	61
21/01/2025	12	20	61	53
21/01/2025	13	17,4	65	63
21/01/2025	14	17,2	66	61
21/01/2025	15	17,1	67	62
21/01/2025	16	16,9	67	61
21/01/2025	17	16,3	69	55
21/01/2025	18	15,6	68	57
21/01/2025	19	14,9	69	54
21/01/2025	20	14,4	67	55
21/01/2025	21	13,6	67	55
21/01/2025	22	12,9	69	51
21/01/2025	23	12,9	70	49
22/01/2025	00	14	62	55
22/01/2025	01	13,6	63	51
22/01/2025	02	13,2	60	58
22/01/2025	03	13,6	55	59
22/01/2025	04	14	52	63
22/01/2025	05	15,1	46	71
22/01/2025	06	15,2	44	72
22/01/2025	07	15	44	73
22/01/2025	08	15,3	43	73
22/01/2025	09	16,6	40	74
22/01/2025	10	18,1	37	74
22/01/2025	11	18,7	35	75
22/01/2025	12	20	32	77
22/01/2025	13	20,7	29	78
22/01/2025	14	21,8	26	79
22/01/2025	15	21,7	26	79
22/01/2025	16	20,9	28	77
22/01/2025	17	19	32	77
22/01/2025	18	17	39	75
22/01/2025	19	15,9	44	74
22/01/2025	20	14,5	52	65
22/01/2025	21	13,3	60	58
22/01/2025	22	12,7	64	55
22/01/2025	23	11,7	70	46
23/01/2025	00	11,9	66	52
23/01/2025	01	13,1	57	61
23/01/2025	02	12,8	55	63
23/01/2025	03	14	48	72
23/01/2025	04	11,8	59	61
23/01/2025	05	12,1	61	63
23/01/2025	06	12	62	63
23/01/2025	07	10,8	67	55
23/01/2025	08	12,1	64	58
23/01/2025	09	15	58	56
23/01/2025	10	17,5	52	66
23/01/2025	11	20,1	47	77
23/01/2025	12	21	45	79
23/01/2025	13	21,5	43	86
23/01/2025	14	20,5	46	87
23/01/2025	15	21,7	44	85
23/01/2025	16	20,9	46	81
23/01/2025	17	17,8	57	71
23/01/2025	18	15,8	65	62
23/01/2025	19	14,9	68	65
23/01/2025	20	14	71	65
23/01/2025	21	13,1	74	64
23/01/2025	22	13,4	74	67
23/01/2025	23	13,2	76	66
24/01/2025	00	12,3	80	62
24/01/2025	01	11,6	82	59
24/01/2025	02	11,2	84	58
24/01/2025	03	11,8	82	63
24/01/2025	04	12,2	80	67
24/01/2025	05	10,8	85	58
24/01/2025	06	11,9	81	66
24/01/2025	07	12,9	78	73
24/01/2025	08	12,7	78	67
24/01/2025	09	14,8	73	65
24/01/2025	10	17,2	66	60
24/01/2025	11	18,9	61	71
24/01/2025	12	20,1	54	77
24/01/2025	13	20,5	51	80
24/01/2025	14	21	46	85
24/01/2025	15	21,4	41	85
24/01/2025	16	21,7	40	82
24/01/2025	17	19,7	45	75
24/01/2025	18	16,8	54	74
24/01/2025	19	15,6	61	75
24/01/2025	20	15	63	77
24/01/2025	21	14,3	65	75
24/01/2025	22	13,4	68	71
24/01/2025	23	12,4	70	65
25/01/2025	00	11,9	72	63
25/01/2025	01	11,2	75	60
25/01/2025	02	11	77	60
25/01/2025	03	9,8	81	50
25/01/2025	04	9,5	81	49
25/01/2025	05	10,1	79	56
25/01/2025	06	9,3	81	53
25/01/2025	07	8,9	82	54
25/01/2025	08	11	75	61
25/01/2025	09	13,8	67	58
25/01/2025	10	14,6	67	63
25/01/2025	11	14,6	68	60
25/01/2025	12	15,3	66	65
25/01/2025	13	16,6	62	72
25/01/2025	14	17,5	58	75
25/01/2025	15	17,4	56	78
25/01/2025	16	16,3	61	75
25/01/2025	17	15,4	66	75
25/01/2025	18	14,5	69	72
25/01/2025	19	14,2	70	72
25/01/2025	20	14	70	71
25/01/2025	21	13,4	70	71
25/01/2025	22	13,1	68	75
25/01/2025	23	12,7	66	78
26/01/2025	00	12,3	66	78
26/01/2025	01	11,9	71	74
26/01/2025	02	11,5	70	76
26/01/2025	03	11	75	74
26/01/2025	04	10,8	76	73
26/01/2025	05	10,5	77	72
26/01/2025	06	9,8	79	67
26/01/2025	07	8,8	81	62
26/01/2025	08	10,7	74	73
26/01/2025	09	12	70	71
26/01/2025	10	13,9	62	74
26/01/2025	11	15,7	57	77
26/01/2025	12	16,7	54	77
26/01/2025	13	18,3	46	76
26/01/2025	14	19,2	46	74
26/01/2025	15	19,1	45	75
26/01/2025	16	18,2	45	76
26/01/2025	17	17,5	46	76
26/01/2025	18	15,6	57	72
26/01/2025	19	15,2	60	74
26/01/2025	20	15,2	62	75
26/01/2025	21	16,2	57	78
26/01/2025	22	15,3	61	76
26/01/2025	23	15,2	61	74
27/01/2025	00	15,2	62	71
27/01/2025	01	15,5	63	70
27/01/2025	02	16,1	64	69
27/01/2025	03	16,3	65	69
27/01/2025	04	16,4	65	68
27/01/2025	05	16,7	65	67
27/01/2025	06	16,4	67	64
27/01/2025	07	16,6	67	62
27/01/2025	08	16,9	65	61
27/01/2025	09	17,9	61	60
27/01/2025	10	19,9	55	61
27/01/2025	11	21,5	50	63
27/01/2025	12	22,6	46	67
27/01/2025	13	24	40	67
27/01/2025	14	24,5	37	67
27/01/2025	15	23,6	38	64
27/01/2025	16	21,7	44	62
27/01/2025	17	21,2	47	62
27/01/2025	18	20,6	47	68
27/01/2025	19	18,9	54	68
27/01/2025	20	18,3	60	64
27/01/2025	21	17,9	64	64
27/01/2025	22	16,5	63	76
27/01/2025	23	15,1	59	82
28/01/2025	00	14,1	60	84
28/01/2025	01	12,9	61	83
28/01/2025	02	12	56	85
28/01/2025	03	11,1	59	85
28/01/2025	04	10,8	60	85
28/01/2025	05	10,7	59	85
28/01/2025	06	10,4	58	84
28/01/2025	07	10,4	57	83
28/01/2025	08	10,9	57	82
28/01/2025	09	12,2	56	80
28/01/2025	10	11,4	63	79
28/01/2025	11	12	61	77
28/01/2025	12	12,7	56	81
28/01/2025	13	12,2	55	82
28/01/2025	14	13,2	53	83
28/01/2025	15	13	53	83
28/01/2025	16	12,7	52	82
28/01/2025	17	12,2	49	81
28/01/2025	18	11,3	51	80
28/01/2025	19	11,3	52	79
28/01/2025	20	10,8	59	76
28/01/2025	21	10,4	62	75
28/01/2025	22	10,2	63	77
28/01/2025	23	10	64	77
29/01/2025	00	9,6	66	75
29/01/2025	01	9,7	67	75
29/01/2025	02	9,8	66	76
29/01/2025	03	9,6	67	75
29/01/2025	04	9,1	69	74
29/01/2025	05	8,6	69	75
29/01/2025	06	8,1	71	75
29/01/2025	07	8,1	70	75
29/01/2025	08	8,8	67	75
29/01/2025	09	8,4	68	73
29/01/2025	10	8,7	67	68
29/01/2025	11	10,3	58	72
29/01/2025	12	11,5	49	80
29/01/2025	13	12,6	47	79
29/01/2025	14	13,7	44	80
29/01/2025	15	13,3	45	83
29/01/2025	16	13,2	49	83
29/01/2025	17	12,5	49	80
29/01/2025	18	12	51	77
29/01/2025	19	12	50	77
29/01/2025	20	12	50	77
29/01/2025	21	12	50	76
29/01/2025	22	12,4	52	78
29/01/2025	23	10,9	69	80
30/01/2025	00	9,9	74	87
30/01/2025	01	9,4	78	80
30/01/2025	02	9,4	77	75
30/01/2025	03	8,9	76	74
30/01/2025	04	7,9	76	73
30/01/2025	05	7,5	74	74
30/01/2025	06	7,4	76	77
30/01/2025	07	7,2	77	75
30/01/2025	08	7,2	78	71
30/01/2025	09	8,8	73	70
30/01/2025	10	10,2	67	73
30/01/2025	11	12,2	59	74
30/01/2025	12	14,5	50	74
30/01/2025	13	15,6	45	71
30/01/2025	14	16,9	42	69
30/01/2025	15	16,9	41	68
30/01/2025	16	14,4	46	66
30/01/2025	17	12,5	50	67
30/01/2025	18	12	51	69
30/01/2025	19	11,9	50	73
30/01/2025	20	11,4	53	70
30/01/2025	21	11,1	57	68
30/01/2025	22	10,7	62	67
30/01/2025	23	9,3	75	63
31/01/2025	00	8,6	82	50
31/01/2025	01	8,3	82	48
31/01/2025	02	9,1	73	54
31/01/2025	03	9,1	71	51
31/01/2025	04	8,8	74	53
31/01/2025	05	8,7	73	51
31/01/2025	06	8,2	75	56
31/01/2025	07	7,4	82	56
31/01/2025	08	7,6	82	48
31/01/2025	09	8,2	79	45
31/01/2025	10	9,9	67	63
31/01/2025	11	10,5	66	65
31/01/2025	12	11,1	64	66
31/01/2025	13	12,5	60	74
31/01/2025	14	14,3	53	72
31/01/2025	15	15,9	47	69
31/01/2025	16	16,3	45	65
31/01/2025	17	14,8	50	59
31/01/2025	18	10,6	63	63
31/01/2025	19	9,7	69	66
31/01/2025	20	9	72	62
31/01/2025	21	8,7	66	63
31/01/2025	22	7,6	69	58
31/01/2025	23	7,2	69	60
01/02/2025	00	6,3	71	59
01/02/2025	01	5,4	73	57
01/02/2025	02	4,5	76	53
01/02/2025	03	3,9	75	52
01/02/2025	04	3,8	75	53
01/02/2025	05	4,3	70	57
01/02/2025	06	4,1	68	58
01/02/2025	07	4,3	65	59
01/02/2025	08	5,5	60	63
01/02/2025	09	8,9	51	66
01/02/2025	10	10,7	48	68
01/02/2025	11	12,6	44	69
01/02/2025	12	14,8	40	69
01/02/2025	13	17,3	38	70
01/02/2025	14	16,9	39	69
01/02/2025	15	16,5	40	66
01/02/2025	16	15,5	44	64
01/02/2025	17	12,1	58	72
01/02/2025	18	9,1	79	63
01/02/2025	19	6,9	93	61
01/02/2025	20	6,6	95	53
01/02/2025	21	6,3	96	38
01/02/2025	22	6,3	97	33
01/02/2025	23	5,6	97	38
02/02/2025	00	5,2	97	46
02/02/2025	01	5,3	96	41
02/02/2025	02	5,7	94	50
02/02/2025	03	5,7	92	54
02/02/2025	04	5,7	93	57
02/02/2025	05	5,6	97	42
02/02/2025	06	5,6	97	35
02/02/2025	07	5,5	97	41
02/02/2025	08	5,4	96	40
02/02/2025	09	7,8	88	45
02/02/2025	10	10,5	69	65
02/02/2025	11	12,2	57	68
02/02/2025	12	12,9	54	70
02/02/2025	13	13,1	53	70
02/02/2025	14	14	49	72
02/02/2025	15	13,5	49	67
02/02/2025	16	12,8	51	73
02/02/2025	17	11,7	56	65
02/02/2025	18	9,1	65	55
02/02/2025	19	6,9	72	53
02/02/2025	20	7,5	66	61
02/02/2025	21	5,6	75	51
02/02/2025	22	5,2	81	52
02/02/2025	23	4,8	85	49
03/02/2025	00	4,2	89	50
03/02/2025	01	3,5	91	44
03/02/2025	02	3,7	89	46
03/02/2025	03	3,5	90	46
03/02/2025	04	3,1	90	42
03/02/2025	05	2,6	92	41
03/02/2025	06	2,7	93	40
03/02/2025	07	2,5	94	35
03/02/2025	08	5,5	87	44
03/02/2025	09	9,4	76	48
03/02/2025	10	9,9	77	71
03/02/2025	11	11	73	78
03/02/2025	12	12,1	66	82
03/02/2025	13	13,3	57	83
03/02/2025	14	13,7	53	83
03/02/2025	15	13,5	57	82
03/02/2025	16	12,9	60	81
03/02/2025	17	11,2	66	77
03/02/2025	18	9,1	72	65
03/02/2025	19	7,7	78	53
03/02/2025	20	6,4	80	54
03/02/2025	21	4,6	85	48
03/02/2025	22	4,5	81	55
03/02/2025	23	4,4	78	59
04/02/2025	00	4,7	76	62
04/02/2025	01	3,9	81	58
04/02/2025	02	4,5	77	63
04/02/2025	03	4,9	74	66
04/02/2025	04	4,2	76	63
04/02/2025	05	3,8	79	62
04/02/2025	06	3,2	83	58
04/02/2025	07	3,2	84	59
04/02/2025	08	4,9	80	63
04/02/2025	09	8,8	68	59
04/02/2025	10	12,7	54	66
04/02/2025	11	14,1	47	77
04/02/2025	12	14,2	46	84
04/02/2025	13	14,8	44	86
04/02/2025	14	15,7	38	84
04/02/2025	15	16,9	32	80
04/02/2025	16	16,5	34	85
04/02/2025	17	14,6	39	81
04/02/2025	18	11,2	52	63
04/02/2025	19	9,7	52	70
04/02/2025	20	8,8	54	72
04/02/2025	21	8,1	56	70
04/02/2025	22	7,4	59	70
04/02/2025	23	7,3	57	69
05/02/2025	00	7	55	69
05/02/2025	01	7,1	55	71
05/02/2025	02	6,2	60	67
05/02/2025	03	5,4	63	65
05/02/2025	04	5,3	64	66
05/02/2025	05	5,8	62	68
05/02/2025	06	5,1	65	64
05/02/2025	07	4,4	69	62
05/02/2025	08	6,7	60	64
05/02/2025	09	10,8	49	65
05/02/2025	10	14,5	40	68
05/02/2025	11	15,2	40	80
05/02/2025	12	15,6	39	87
05/02/2025	13	16,4	37	86
05/02/2025	14	16,4	35	89
05/02/2025	15	16,5	34	91
05/02/2025	16	16,1	34	91
05/02/2025	17	14,8	40	87
05/02/2025	18	11,3	55	60
05/02/2025	19	9,1	63	70
05/02/2025	20	8,5	70	71
05/02/2025	21	8	71	71
05/02/2025	22	7,2	74	68
05/02/2025	23	6,9	76	67
06/02/2025	00	6,4	78	66
06/02/2025	01	5,9	79	63
06/02/2025	02	5,6	82	63
06/02/2025	03	5,2	86	61
06/02/2025	04	4,4	91	56
06/02/2025	05	4,1	93	53
06/02/2025	06	3,8	94	50
06/02/2025	07	3,4	93	48
06/02/2025	08	4,1	87	48
06/02/2025	09	8,5	71	55
06/02/2025	10	11,3	69	66
06/02/2025	11	13,1	58	72
06/02/2025	12	13,6	55	85
06/02/2025	13	14,4	54	88
06/02/2025	14	15	49	90
06/02/2025	15	15,3	46	94
06/02/2025	16	15,2	43	94
06/02/2025	17	13,8	43	90
06/02/2025	18	11	55	69
06/02/2025	19	8,5	69	70
06/02/2025	20	8,3	73	76
06/02/2025	21	7,4	77	72
06/02/2025	22	7,5	77	78
06/02/2025	23	6,2	80	71
07/02/2025	00	5,7	82	68
07/02/2025	01	6,1	81	73
07/02/2025	02	5,7	86	66
07/02/2025	03	4,9	90	58
07/02/2025	04	4,3	91	53
07/02/2025	05	3,8	93	47
07/02/2025	06	3,8	93	46
07/02/2025	07	3,5	93	45
07/02/2025	08	3,5	90	39
07/02/2025	09	8,6	72	46
07/02/2025	10	12,9	56	68
07/02/2025	11	14,8	48	78
07/02/2025	12	15,7	41	84
07/02/2025	13	16,8	36	84
07/02/2025	14	16,9	32	89
07/02/2025	15	16,7	40	91
07/02/2025	16	16	37	92
07/02/2025	17	15	41	95
07/02/2025	18	12,9	59	89
07/02/2025	19	12,6	65	88
07/02/2025	20	11,7	70	85
07/02/2025	21	11,2	72	83
07/02/2025	22	11,4	71	83
07/02/2025	23	11,7	71	82
08/02/2025	00	10,2	85	74
08/02/2025	01	10,6	80	78
08/02/2025	02	10,1	80	72
08/02/2025	03	9,9	81	63
08/02/2025	04	10,1	80	65
08/02/2025	05	8,3	86	48
08/02/2025	06	8,8	85	57
08/02/2025	07	10,1	78	66
08/02/2025	08	10,8	77	66
08/02/2025	09	12,5	72	65
08/02/2025	10	13,7	65	66
08/02/2025	11	13,6	61	68
08/02/2025	12	15,8	51	72
08/02/2025	13	17,2	45	72
08/02/2025	14	17	44	76
08/02/2025	15	17,3	41	75
08/02/2025	16	17,6	41	69
08/02/2025	17	15,9	48	51
08/02/2025	18	12,4	58	61
08/02/2025	19	10,7	64	60
08/02/2025	20	10,5	64	63
08/02/2025	21	10,3	65	64
08/02/2025	22	9,5	67	64
08/02/2025	23	8,1	70	61
09/02/2025	00	7,8	72	62
09/02/2025	01	7,2	75	61
09/02/2025	02	6,4	78	57
09/02/2025	03	6,2	80	56
09/02/2025	04	5,5	82	50
09/02/2025	05	5	84	48
09/02/2025	06	4,7	86	48
09/02/2025	07	5,4	83	51
09/02/2025	08	6,8	80	50
09/02/2025	09	11,6	67	54
09/02/2025	10	14	59	65
09/02/2025	11	15,7	53	66
09/02/2025	12	17,3	44	66
09/02/2025	13	19,1	40	65
09/02/2025	14	19,6	39	66
09/02/2025	15	20,2	39	69
09/02/2025	16	20,4	38	67
09/02/2025	17	16,8	50	79
09/02/2025	18	14,4	60	66
09/02/2025	19	12,1	67	56
09/02/2025	20	10,3	74	50
09/02/2025	21	9	80	50
09/02/2025	22	8,1	83	49
09/02/2025	23	7,9	86	48
10/02/2025	00	6,9	89	44
10/02/2025	01	7,3	90	46
10/02/2025	02	6,8	92	41
10/02/2025	03	6	95	34
10/02/2025	04	5,5	97	31
10/02/2025	05	6,6	96	33
10/02/2025	06	5,8	98	34
10/02/2025	07	5,6	99	38
10/02/2025	08	6,5	97	40
10/02/2025	09	10,8	85	48
10/02/2025	10	14,4	70	59
10/02/2025	11	14,5	69	75
10/02/2025	12	15,7	64	78
10/02/2025	13	15,7	65	84
10/02/2025	14	15,6	65	85
10/02/2025	15	15,8	65	86
10/02/2025	16	15,4	69	82
10/02/2025	17	13,8	79	76
10/02/2025	18	12,2	86	74
10/02/2025	19	11,2	89	59
10/02/2025	20	10,8	90	52
10/02/2025	21	9,9	91	41
10/02/2025	22	9	88	53
10/02/2025	23	8,6	88	57
11/02/2025	00	7,7	90	57
11/02/2025	01	7,1	91	57
11/02/2025	02	6,5	94	51
11/02/2025	03	7	94	57
11/02/2025	04	7,5	93	50
11/02/2025	05	8,5	92	47
11/02/2025	06	9,5	87	64
11/02/2025	07	8,9	86	72
11/02/2025	08	9,2	85	72
11/02/2025	09	10,1	82	68
11/02/2025	10	12,3	75	65
11/02/2025	11	15,4	65	61
11/02/2025	12	17,5	58	59
11/02/2025	13	19,5	50	63
11/02/2025	14	20,6	35	74
11/02/2025	15	19,6	46	85
11/02/2025	16	20,3	37	80
11/02/2025	17	16,3	66	85
11/02/2025	18	13,5	77	65
11/02/2025	19	11,4	80	56
11/02/2025	20	10,4	81	60
11/02/2025	21	9,5	82	59
11/02/2025	22	9,6	82	60
11/02/2025	23	9,3	84	56
12/02/2025	00	9,5	88	48
12/02/2025	01	8,3	91	42
12/02/2025	02	8,1	93	38
12/02/2025	03	7,9	95	39
12/02/2025	04	7,4	94	35
12/02/2025	05	8,6	89	48
12/02/2025	06	8,2	91	42
12/02/2025	07	11,9	73	77
12/02/2025	08	10,5	81	51
12/02/2025	09	13,8	70	66
12/02/2025	10	16,6	60	76
12/02/2025	11	15,7	63	74
12/02/2025	12	15,1	68	70
12/02/2025	13	16,2	59	80
12/02/2025	14	15,3	59	77
12/02/2025	15	15,1	62	74
12/02/2025	16	16,9	57	72
12/02/2025	17	15,7	60	70
12/02/2025	18	14,6	64	67
12/02/2025	19	13,1	73	64
12/02/2025	20	12,5	75	58
12/02/2025	21	11,8	74	55
12/02/2025	22	11,1	75	54
12/02/2025	23	10,4	77	52
13/02/2025	00	10,6	73	54
13/02/2025	01	10,6	72	54
13/02/2025	02	11	69	57
13/02/2025	03	10,3	72	54
13/02/2025	04	9,9	73	51
13/02/2025	05	8,7	77	48
13/02/2025	06	8,9	76	48
13/02/2025	07	8,8	75	50
13/02/2025	08	8,7	73	50
13/02/2025	09	10,9	65	52
13/02/2025	10	13,5	56	59
13/02/2025	11	15,2	52	60
13/02/2025	12	16,3	45	
13/02/2025	13	17,5	41	
13/02/2025	14	18,5	35	
13/02/2025	15	18,4	32	
13/02/2025	16	18,1	35	78
13/02/2025	17	17,9	39	71
13/02/2025	18	14,6	48	71
13/02/2025	19	11,9	59	66
13/02/2025	20	12,2	64	72
13/02/2025	21	11,2	69	69
13/02/2025	22	11,8	68	71
13/02/2025	23	9,9	75	63
14/02/2025	00	11,3	70	68
14/02/2025	01	10,4	72	64
14/02/2025	02	10	73	62
14/02/2025	03	9,9	74	62
14/02/2025	04	10,3	72	63
14/02/2025	05	9,9	73	62
14/02/2025	06	9,5	75	59
14/02/2025	07	9,2	76	57
14/02/2025	08	9,9	74	50
14/02/2025	09	14,1	63	48
14/02/2025	10	17,6	55	54
14/02/2025	11	20,1	48	62
14/02/2025	12	21,5	43	67
14/02/2025	13	22,4	39	72
14/02/2025	14	23,5	35	75
14/02/2025	15	23,1	35	80
14/02/2025	16	23,6	33	78
14/02/2025	17	22,7	34	77
14/02/2025	18	19,1	43	73
14/02/2025	19	16,5	50	71
14/02/2025	20	15,4	53	71
14/02/2025	21	14,5	54	70
14/02/2025	22	14,2	55	69
14/02/2025	23	14	56	69
15/02/2025	00	12,1	63	63
15/02/2025	01	11,9	64	63
15/02/2025	02	10,9	67	57
15/02/2025	03	10,4	69	54
15/02/2025	04	10,5	70	51
15/02/2025	05	10,6	69	59
15/02/2025	06	10,4	69	58
15/02/2025	07	10	71	59
15/02/2025	08	11,1	67	57
15/02/2025	09	14,3	58	53
15/02/2025	10	14,6	60	64
15/02/2025	11	15,4	61	67
15/02/2025	12	15,6	67	70
15/02/2025	13	16,4	66	79
15/02/2025	14	17,1	62	86
15/02/2025	15	17,4	63	90
15/02/2025	16	16,9	68	93
15/02/2025	17	15,3	77	87
15/02/2025	18	13,8	84	80
15/02/2025	19	13	87	77
15/02/2025	20	12,6	89	70
15/02/2025	21	12,4	90	65
15/02/2025	22	12,2	91	57
15/02/2025	23	11,9	91	52
16/02/2025	00	11,5	90	59
16/02/2025	01	10,7	91	61
16/02/2025	02	9,7	95	57
16/02/2025	03	8,5	97	47
16/02/2025	04	7,8	96	37
16/02/2025	05	8,5	93	43
16/02/2025	06	8,5	89	41
16/02/2025	07	8,3	86	46
16/02/2025	08	9,5	79	50
16/02/2025	09	13,2	71	52
16/02/2025	10	15,3	65	60
16/02/2025	11	20,1	44	62
16/02/2025	12	21,7	38	84
16/02/2025	13	23	33	90
16/02/2025	14	23,1	36	93
16/02/2025	15	23,4	30	93
16/02/2025	16	23,3	25	92
16/02/2025	17	22,1	28	89
16/02/2025	18	19,1	40	73
16/02/2025	19	15,4	48	68
16/02/2025	20	15,3	54	77
16/02/2025	21	15,3	55	83
16/02/2025	22	13,5	58	73
16/02/2025	23	12,9	56	75
17/02/2025	00	12,5	63	67
17/02/2025	01	14,1	58	76
17/02/2025	02	14	57	70
17/02/2025	03	13,6	56	61
17/02/2025	04	13,3	56	60
17/02/2025	05	14,2	51	64
17/02/2025	06	12,7	56	61
17/02/2025	07	11,6	60	60
17/02/2025	08	11,4	62	62
17/02/2025	09	15,6	52	63
17/02/2025	10	20,1	40	73
17/02/2025	11	21,6	37	73
17/02/2025	12	22,7	31	73
17/02/2025	13	23,4	30	89
17/02/2025	14	22,9	33	99
17/02/2025	15	22,9	32	99
17/02/2025	16	22	36	95
17/02/2025	17	20	45	93
17/02/2025	18	17,1	54	84
17/02/2025	19	14,9	63	71
17/02/2025	20	13	71	64
17/02/2025	21	11,5	84	52
17/02/2025	22	11	90	44
17/02/2025	23	11	89	49
18/02/2025	00	11,1	91	52
18/02/2025	01	10,8	92	65
18/02/2025	02	10,9	90	62
18/02/2025	03	10,9	88	66
18/02/2025	04	10,9	88	62
18/02/2025	05	10,9	88	59
18/02/2025	06	10,7	88	49
18/02/2025	07	10,5	90	53
18/02/2025	08	10,8	90	52
18/02/2025	09	11,5	86	69
18/02/2025	10	12,5	80	81
18/02/2025	11	14,2	74	85
18/02/2025	12	15,6	69	89
18/02/2025	13	16,4	68	90
18/02/2025	14	17,3	67	90
18/02/2025	15	16	74	88
18/02/2025	16	14,4	81	76
18/02/2025	17	13,8	84	79
18/02/2025	18	13	89	80
18/02/2025	19	12,4	92	81
18/02/2025	20	12,1	93	87
18/02/2025	21	12	94	85
18/02/2025	22	12	94	84
18/02/2025	23	11,8	94	79
19/02/2025	00	11,5	94	76
19/02/2025	01	11,3	95	62
19/02/2025	02	11,3	95	43
19/02/2025	03	11,3	95	42
19/02/2025	04	11,3	92	55
19/02/2025	05	11,2	91	49
19/02/2025	06	10,6	91	60
19/02/2025	07	9	93	58
19/02/2025	08	8,6	95	52
19/02/2025	09	12,6	81	49
19/02/2025	10	15,8	69	59
19/02/2025	11	16,7	65	81
19/02/2025	12	18,3	60	87
19/02/2025	13	19,6	56	93
19/02/2025	14	20,3	54	96
19/02/2025	15	20,5	53	97
19/02/2025	16	19,8	56	96
19/02/2025	17	18,8	60	94
19/02/2025	18	16,1	76	86
19/02/2025	19	13,7	89	70
19/02/2025	20	12,9	93	75
19/02/2025	21	12,3	93	80
19/02/2025	22	11,9	93	79
19/02/2025	23	12	93	79
20/02/2025	00	11,8	93	54
20/02/2025	01	11,4	94	41
20/02/2025	02	11,4	93	48
20/02/2025	03	11,5	94	47
20/02/2025	04	11,6	93	64
20/02/2025	05	11,5	90	83
20/02/2025	06	11,4	90	86
20/02/2025	07	11,4	90	71
20/02/2025	08	11,3	90	77
20/02/2025	09	11,4	89	81
20/02/2025	10	12,8	83	72
20/02/2025	11	15,3	73	70
20/02/2025	12	17,1	67	80
20/02/2025	13	19	61	87
20/02/2025	14	19,7	60	96
20/02/2025	15	20	59	96
20/02/2025	16	19,9	59	93
20/02/2025	17	18,7	66	94
20/02/2025	18	16	77	82
20/02/2025	19	13,5	88	73
20/02/2025	20	12,2	93	67
20/02/2025	21	12,3	94	69
20/02/2025	22	12,2	93	72
20/02/2025	23	12,1	94	72
21/02/2025	00	11,9	95	68
21/02/2025	01	12	95	57
21/02/2025	02	11,5	94	58
21/02/2025	03	11,4	93	54
21/02/2025	04	11,5	93	48
21/02/2025	05	11,3	93	55
21/02/2025	06	11,3	92	52
21/02/2025	07	11,6	91	46
21/02/2025	08	11,4	91	55
21/02/2025	09	12,3	87	55
21/02/2025	10	14,8	74	65
21/02/2025	11	16,9	63	72
21/02/2025	12	18	60	81
21/02/2025	13	19,5	55	86
21/02/2025	14	19,6	53	92
21/02/2025	15	19,7	45	97
21/02/2025	16	18,2	55	97
21/02/2025	17	16,6	63	90
21/02/2025	18	15	68	86
21/02/2025	19	14,1	71	83
21/02/2025	20	13,3	75	84
21/02/2025	21	12,3	79	77
21/02/2025	22	11,7	80	80
21/02/2025	23	12,4	76	87
22/02/2025	00	11,3	82	87
22/02/2025	01	11,3	83	91
22/02/2025	02	10,3	87	82
22/02/2025	03	9,3	91	72
22/02/2025	04	9,8	90	74
22/02/2025	05	10,4	87	69
22/02/2025	06	10,5	88	65
22/02/2025	07	10,7	87	63
22/02/2025	08	11,2	86	63
22/02/2025	09	12,7	81	62
22/02/2025	10	15,4	71	66
22/02/2025	11	18,8	58	67
22/02/2025	12	18,6	58	74
22/02/2025	13	17,8	60	72
22/02/2025	14	16,4	67	67
22/02/2025	15	15,6	73	57
22/02/2025	16	15,3	74	58
22/02/2025	17	14,7	69	70
22/02/2025	18	14,1	68	69
22/02/2025	19	13	69	64
22/02/2025	20	11,9	72	61
22/02/2025	21	11,1	75	52
22/02/2025	22	11	83	53
22/02/2025	23	10,9	92	76
23/02/2025	00	9,8	98	78
23/02/2025	01	9,5	98	66
23/02/2025	02	9,5	98	50
23/02/2025	03	9,2	98	37
23/02/2025	04	9	98	36
23/02/2025	05	9,3	98	43
23/02/2025	06	9,2	98	33
23/02/2025	07	9,3	98	47
23/02/2025	08	9,7	97	45
23/02/2025	09	10,5	97	50
23/02/2025	10	10,4	97	67
23/02/2025	11	10,5	97	76
23/02/2025	12	10,8	95	76
23/02/2025	13	11,3	92	76
23/02/2025	14	11,4	91	74
23/02/2025	15	11,6	89	71
23/02/2025	16	12,3	83	76
23/02/2025	17	12,3	83	74
23/02/2025	18	11,4	86	70
23/02/2025	19	10	90	46
23/02/2025	20	8,8	94	38
23/02/2025	21	8,1	94	39
23/02/2025	22	8,1	93	44
23/02/2025	23	7,9	92	47
24/02/2025	00	8	91	49
24/02/2025	01	7,3	92	49
24/02/2025	02	6,8	94	48
24/02/2025	03	7,3	93	51
24/02/2025	04	7,1	94	51
24/02/2025	05	7,3	92	55
24/02/2025	06	7,3	91	56
24/02/2025	07	6,3	93	45
24/02/2025	08	8,4	87	45
24/02/2025	09	11,1	80	46
24/02/2025	10	14,4	71	46
24/02/2025	11	17,6	51	71
24/02/2025	12	19,3	42	78
24/02/2025	13	20	40	76
24/02/2025	14	19,7	40	78
24/02/2025	15	19,5	35	80
24/02/2025	16	19,2	33	79
24/02/2025	17	18,7	32	79
24/02/2025	18	17,3	34	78
24/02/2025	19	14,3	46	72
24/02/2025	20	12,2	55	68
24/02/2025	21	12,2	54	69
24/02/2025	22	13,6	49	76
24/02/2025	23	13,8	49	78
25/02/2025	00	14,1	50	77
25/02/2025	01	13,6	53	72
25/02/2025	02	13,4	54	71
25/02/2025	03	13,7	55	74
25/02/2025	04	13,9	57	75
25/02/2025	05	14	58	74
25/02/2025	06	14,1	58	75
25/02/2025	07	13,6	59	73
25/02/2025	08	13,6	63	68
25/02/2025	09	14,8	56	72
25/02/2025	10	15,8	50	76
25/02/2025	11	15,9	50	77
25/02/2025	12	15,9	52	72
25/02/2025	13	16,8	53	67
25/02/2025	14	17,2	56	70
25/02/2025	15	17,2	55	72
25/02/2025	16	16,6	58	71
25/02/2025	17	16	63	65
25/02/2025	18	15,6	61	67
25/02/2025	19	14,9	64	65
25/02/2025	20	14,5	67	61
25/02/2025	21	13,1	74	53
25/02/2025	22	11,5	82	65
25/02/2025	23	9,4	91	51
26/02/2025	00	8,4	92	48
26/02/2025	01	7,8	85	52
26/02/2025	02	6,8	79	58
26/02/2025	03	7	72	64
26/02/2025	04	6,8	68	68
26/02/2025	05	6,2	68	66
26/02/2025	06	4,1	77	56
26/02/2025	07	4,6	73	62
26/02/2025	08	6,1	68	62
26/02/2025	09	10,3	55	67
26/02/2025	10	12,8	44	74
26/02/2025	11	15,3	33	78
26/02/2025	12	17,1	29	77
26/02/2025	13	16,9	26	86
26/02/2025	14	17,6	25	88
26/02/2025	15	18,3	22	89
26/02/2025	16	18,7	22	87
26/02/2025	17	17,6	25	87
26/02/2025	18	15,3	35	84
26/02/2025	19	12,8	47	80
26/02/2025	20	12,5	47	83
26/02/2025	21	10,2	51	70
26/02/2025	22	9,5	53	69
26/02/2025	23	8,6	59	66
27/02/2025	00	8,1	66	64
27/02/2025	01	7,2	76	58
27/02/2025	02	6,6	81	58
27/02/2025	03	6,4	84	57
27/02/2025	04	6,5	80	56
27/02/2025	05	7,3	72	59
27/02/2025	06	7,1	75	59
27/02/2025	07	7	71	54
27/02/2025	08	8	63	56
27/02/2025	09	10,6	53	61
27/02/2025	10	13,6	46	53
27/02/2025	11	15,3	44	61
27/02/2025	12	15,9	42	70
27/02/2025	13	17,1	38	83
27/02/2025	14	18	38	90
27/02/2025	15	17	41	91
27/02/2025	16	16,2	45	94
27/02/2025	17	15,8	49	94
27/02/2025	18	13,8	59	80
27/02/2025	19	11,7	66	62
27/02/2025	20	9,7	74	61
27/02/2025	21	9,2	79	65
27/02/2025	22	8,8	81	58
27/02/2025	23	8,1	84	55
28/02/2025	00	8	87	49
28/02/2025	01	8,7	88	43
28/02/2025	02	9	90	47
28/02/2025	03	9,4	89	44
28/02/2025	04	9,6	89	39
28/02/2025	05	9,6	89	41
28/02/2025	06	9,4	90	45
28/02/2025	07	9,3	92	47
28/02/2025	08	9,7	91	34
28/02/2025	09	10,1	90	54
28/02/2025	10	11,2	88	78
28/02/2025	11	12,1	81	87
28/02/2025	12	13,1	77	84
28/02/2025	13	13,7	73	87
28/02/2025	14	13,8	64	98
28/02/2025	15	13,5	63	102
28/02/2025	16	13,6	62	102
28/02/2025	17	12,1	75	96
28/02/2025	18	11,2	73	95
28/02/2025	19	10	81	89
28/02/2025	20	9,6	90	80
28/02/2025	21	9	91	75
28/02/2025	22	9,3	92	76
28/02/2025	23	9,5	94	74
01/03/2025	00	9,6	94	72
01/03/2025	01	9,4	96	72
01/03/2025	02	9,3	98	69
01/03/2025	03	9,4	99	65
01/03/2025	04	9,4	99	68
01/03/2025	05	9,2	99	73
01/03/2025	06	9,4	98	76
01/03/2025	07	9,4	99	69
01/03/2025	08	9,5	99	71
01/03/2025	09	9,6	99	75
01/03/2025	10	9,7	99	75
01/03/2025	11	9,8	99	79
01/03/2025	12	9,6	99	83
01/03/2025	13	9,6	99	81
01/03/2025	14	9,5	98	75
01/03/2025	15	9,5	95	77
01/03/2025	16	9,3	95	79
01/03/2025	17	9,1	95	78
01/03/2025	18	8,8	95	76
01/03/2025	19	8,6	96	79
01/03/2025	20	8,4	95	77
01/03/2025	21	8,3	95	66
01/03/2025	22	8,1	96	60
01/03/2025	23	8	96	62
02/03/2025	00	7,9	97	74
02/03/2025	01	8,2	98	75
02/03/2025	02	8,2	99	73
02/03/2025	03	7,9	99	77
02/03/2025	04	7,7	98	74
02/03/2025	05	7,7	99	70
02/03/2025	06	7,8	99	70
02/03/2025	07	7,8	99	72
02/03/2025	08	8,1	99	74
02/03/2025	09	8,2	99	69
02/03/2025	10	8,5	99	71
02/03/2025	11	8,9	99	71
02/03/2025	12	9,4	99	76
02/03/2025	13	9,6	99	77
02/03/2025	14	9,4	99	77
02/03/2025	15	9,5	99	79
02/03/2025	16	9,5	99	77
02/03/2025	17	9,4	99	75
02/03/2025	18	9,5	99	76
02/03/2025	19	9,7	99	78
02/03/2025	20	9,9	99	80
02/03/2025	21	10	99	79
02/03/2025	22	10,2	99	80
02/03/2025	23	10,3	99	78
03/03/2025	00	10,4	99	76
03/03/2025	01	10,6	99	79
03/03/2025	02	10,6	99	79
03/03/2025	03	10,7	99	78
03/03/2025	04	10,8	99	77
03/03/2025	05	10,8	99	78
03/03/2025	06	10,8	99	77
03/03/2025	07	10,8	99	76
03/03/2025	08	10,8	99	80
03/03/2025	09	11,1	99	79
03/03/2025	10	11,6	99	78
03/03/2025	11	12,2	99	79
03/03/2025	12	12,7	99	80
03/03/2025	13	13,5	95	80
03/03/2025	14	13,6	94	78
03/03/2025	15	13,5	94	79
03/03/2025	16	13,6	94	81
03/03/2025	17	13,2	95	78
03/03/2025	18	12,7	96	79
03/03/2025	19	12,2	98	78
03/03/2025	20	12,1	99	74
03/03/2025	21	12,1	99	75
03/03/2025	22	12,1	99	74
03/03/2025	23	12,1	99	72
04/03/2025	00	12	99	74
04/03/2025	01	11,9	99	74
04/03/2025	02	12	99	74
04/03/2025	03	11,9	99	76
04/03/2025	04	11,8	99	75
04/03/2025	05	11,6	99	77
04/03/2025	06	11,4	99	76
04/03/2025	07	11,4	99	79
04/03/2025	08	11,4	99	79
04/03/2025	09	11,5	99	79
04/03/2025	10	11,4	99	79
04/03/2025	11	11,4	99	80
04/03/2025	12	11,6	99	77
04/03/2025	13	11,7	99	77
04/03/2025	14	11,8	99	78
04/03/2025	15	12	99	78
04/03/2025	16	11,9	99	79
04/03/2025	17	11,8	99	80
04/03/2025	18	11,8	99	80
04/03/2025	19	11,9	99	78
04/03/2025	20	11,8	99	81
04/03/2025	21	11,9	99	82
04/03/2025	22	11,9	99	82
04/03/2025	23	11,9	99	82
05/03/2025	00	12	99	83
05/03/2025	01	11,9	99	82
05/03/2025	02	11,9	99	85
05/03/2025	03	11,8	99	85
05/03/2025	04	11,7	99	86
05/03/2025	05	11,7	99	88
05/03/2025	06	11,5	99	89
05/03/2025	07	11,3	99	88
05/03/2025	08	11,3	99	85
05/03/2025	09	11,4	99	85
05/03/2025	10	11,4	99	87
05/03/2025	11	11,6	99	86
05/03/2025	12	11,7	99	86
05/03/2025	13	11,8	99	86
05/03/2025	14	11,9	99	84
05/03/2025	15	11,9	99	86
05/03/2025	16	11,7	99	87
05/03/2025	17	11,6	99	86
05/03/2025	18	11,7	99	83
05/03/2025	19	11,6	99	85
05/03/2025	20	11,7	99	82
05/03/2025	21	12	99	80
05/03/2025	22	12,2	99	78
05/03/2025	23	12,2	99	79
06/03/2025	00	12,1	99	79
06/03/2025	01	11,9	99	78
06/03/2025	02	11,9	99	80
06/03/2025	03	11,8	99	79
06/03/2025	04	11,9	99	78
06/03/2025	05	11,9	99	79
06/03/2025	06	12	99	78
06/03/2025	07	12	99	81
06/03/2025	08	12	99	83
06/03/2025	09	12,1	99	81
06/03/2025	10	12,3	99	79
06/03/2025	11	12,5	99	78
06/03/2025	12	12,6	99	77
06/03/2025	13	12,6	99	75
06/03/2025	14	12,6	99	75
06/03/2025	15	12,6	99	78
06/03/2025	16	12,6	99	79
06/03/2025	17	12,5	99	80
06/03/2025	18	12,2	99	80
06/03/2025	19	12,1	99	81
06/03/2025	20	11,8	99	81
06/03/2025	21	11,6	99	80
06/03/2025	22	11,7	99	80
06/03/2025	23	11,5	99	82
07/03/2025	00	11,5	99	79
07/03/2025	01	11,4	99	80
07/03/2025	02	11,3	99	79
07/03/2025	03	11,3	99	77
07/03/2025	04	11,2	99	77
07/03/2025	05	11	99	77
07/03/2025	06	10,7	99	69
07/03/2025	07	10,6	99	64
07/03/2025	08	10,5	99	63
07/03/2025	09	10,9	99	65
07/03/2025	10	11,6	99	73
07/03/2025	11	12,5	95	74
07/03/2025	12	13,4	89	75
07/03/2025	13	14	84	76
07/03/2025	14	14,6	81	78
07/03/2025	15	14,1	86	72
07/03/2025	16	13,1	92	73
07/03/2025	17	12,4	97	65
07/03/2025	18	12,2	98	62
07/03/2025	19	11,9	99	57
07/03/2025	20	11,6	99	59
07/03/2025	21	11,7	99	49
07/03/2025	22	11,6	99	45
07/03/2025	23	11,5	99	49
08/03/2025	00	11,5	99	30
08/03/2025	01	11,1	99	30
08/03/2025	02	11,1	99	45
08/03/2025	03	11	99	38
08/03/2025	04	10,8	99	48
08/03/2025	05	10,8	99	50
08/03/2025	06	10,7	99	37
08/03/2025	07	10,1	99	40
08/03/2025	08	10,4	99	43
08/03/2025	09	11,2	99	40
08/03/2025	10	13,4	97	44
08/03/2025	11	15,8	78	65
08/03/2025	12	16,2	70	83
08/03/2025	13	16,8	68	88
08/03/2025	14	17,2	67	87
08/03/2025	15	17,3	66	86
08/03/2025	16	17,4	66	82
08/03/2025	17	16,7	63	84
08/03/2025	18	15,4	69	68
08/03/2025	19	14,2	73	76
08/03/2025	20	12,3	89	74
08/03/2025	21	12,2	90	72
08/03/2025	22	12,5	87	66
08/03/2025	23	13	87	74
09/03/2025	00	11,3	81	72
09/03/2025	01	10,4	86	63
09/03/2025	02	10,3	84	64
09/03/2025	03	9,6	77	76
09/03/2025	04	8,6	76	75
09/03/2025	05	7,5	79	70
09/03/2025	06	7,7	79	71
09/03/2025	07	8,1	76	76
09/03/2025	08	8,9	77	66
09/03/2025	09	11,5	67	75
09/03/2025	10	13,3	60	76
09/03/2025	11	14,4	53	84
09/03/2025	12	15,6	49	87
09/03/2025	13	16,2	49	86
09/03/2025	14	16,6	46	85
09/03/2025	15	16,6	44	85
09/03/2025	16	16,3	46	83
09/03/2025	17	15,2	51	83
09/03/2025	18	13,3	67	85
09/03/2025	19	10,5	81	78
09/03/2025	20	9,8	77	79
09/03/2025	21	9,3	78	78
09/03/2025	22	8,8	81	64
09/03/2025	23	8,8	81	65
10/03/2025	00	8,7	83	60
10/03/2025	01	8,6	84	59
10/03/2025	02	8,1	86	51
10/03/2025	03	8,6	85	47
10/03/2025	04	8,6	87	39
10/03/2025	05	9,1	84	41
10/03/2025	06	9,2	85	45
10/03/2025	07	9,3	87	48
10/03/2025	08	11,3	81	52
10/03/2025	09	12,7	74	70
10/03/2025	10	14,2	65	73
10/03/2025	11	15,1	62	74
10/03/2025	12	15,9	57	79
10/03/2025	13	16,2	55	80
10/03/2025	14	17,2	52	81
10/03/2025	15	18	47	83
10/03/2025	16	17,7	48	83
10/03/2025	17	17,5	50	79
10/03/2025	18	15,9	57	65
10/03/2025	19	13,6	62	66
10/03/2025	20	12,3	71	56
10/03/2025	21	11,9	74	64
10/03/2025	22	11,7	80	65
10/03/2025	23	11,9	78	68
11/03/2025	00	13,3	71	74
11/03/2025	01	11,9	76	62
11/03/2025	02	11,5	77	61
11/03/2025	03	10,2	84	48
11/03/2025	04	9,6	86	47
11/03/2025	05	9,6	86	48
11/03/2025	06	10,3	83	53
11/03/2025	07	10,7	82	51
11/03/2025	08	10,6	83	72
11/03/2025	09	10,9	82	76
11/03/2025	10	14,2	69	78
11/03/2025	11	15,9	59	86
11/03/2025	12	17,3	54	89
11/03/2025	13	17,9	50	90
11/03/2025	14	19,3	43	90
11/03/2025	15	18,8	44	90
11/03/2025	16	16,6	58	84
11/03/2025	17	16,6	55	84
11/03/2025	18	14	64	91
11/03/2025	19	13	65	96
11/03/2025	20	12	72	90
11/03/2025	21	12,1	67	98
11/03/2025	22	11,6	70	93
11/03/2025	23	11,2	73	88
12/03/2025	00	11,3	73	87
12/03/2025	01	11,2	72	94
12/03/2025	02	11,1	73	98
12/03/2025	03	10,8	78	90
12/03/2025	04	11	78	86
12/03/2025	05	10,8	78	79
12/03/2025	06	10,8	77	77
12/03/2025	07	10,7	77	76
12/03/2025	08	12,4	70	70
12/03/2025	09	13,7	64	73
12/03/2025	10	14,2	63	77
12/03/2025	11	14,9	61	79
12/03/2025	12	15,8	58	80
12/03/2025	13	16,5	56	82
12/03/2025	14	15,9	55	83
12/03/2025	15	15,7	54	83
12/03/2025	16	16,2	51	82
12/03/2025	17	14,8	60	79
12/03/2025	18	14,1	60	82
12/03/2025	19	13,3	60	81
12/03/2025	20	13,2	59	83
12/03/2025	21	12,8	60	82
12/03/2025	22	12,3	61	82
12/03/2025	23	11,7	63	78
13/03/2025	00	11,2	64	76
13/03/2025	01	10,5	66	73
13/03/2025	02	10	68	68
13/03/2025	03	9,4	70	66
13/03/2025	04	8,1	75	66
13/03/2025	05	8,7	74	70
13/03/2025	06	10,1	71	76
13/03/2025	07	9,3	74	67
13/03/2025	08	9,7	75	62
13/03/2025	09	11,1	73	55
13/03/2025	10	13,7	66	60
13/03/2025	11	15,9	56	74
13/03/2025	12	16,3	58	76
13/03/2025	13	14,8	72	64
13/03/2025	14	12,4	88	56
13/03/2025	15	12,4	94	50
13/03/2025	16	13,6	82	68
13/03/2025	17	13,9	75	75
13/03/2025	18	13,2	74	81
13/03/2025	19	12,6	76	76
13/03/2025	20	12,3	74	81
13/03/2025	21	11,8	76	80
13/03/2025	22	11,8	77	79
13/03/2025	23	11,3	75	82
14/03/2025	00	11,3	70	91
14/03/2025	01	9,9	75	76
14/03/2025	02	8,2	84	63
14/03/2025	03	8,7	82	65
14/03/2025	04	7,7	87	48
14/03/2025	05	8,4	86	46
14/03/2025	06	9,1	83	52
14/03/2025	07	8,2	92	27
14/03/2025	08	8,9	92	29
14/03/2025	09	9,3	94	48
14/03/2025	10	9,7	94	65
14/03/2025	11	10,1	95	69
14/03/2025	12	9,9	97	61
14/03/2025	13	8,7	99	63
14/03/2025	14	8,2	99	64
14/03/2025	15	7,9	99	52
14/03/2025	16	7,4	98	72
14/03/2025	17	7	99	72
14/03/2025	18	7,1	99	69
14/03/2025	19	7,3	99	53
14/03/2025	20	7	99	65
14/03/2025	21	6,8	99	67
14/03/2025	22	6,9	99	64
14/03/2025	23	6,8	99	65
15/03/2025	00	6,7	99	61
15/03/2025	01	6,7	99	44
15/03/2025	02	6,6	99	42
15/03/2025	03	5,7	99	43
15/03/2025	04	4,5	96	54
15/03/2025	05	3,9	86	64
15/03/2025	06	2,8	90	53
15/03/2025	07	3,4	86	59
15/03/2025	08	6,7	77	58
15/03/2025	09	9,4	68	66
15/03/2025	10	11,1	56	71
15/03/2025	11	12,4	49	75
15/03/2025	12	13,5	40	83
15/03/2025	13	13,7	37	89
15/03/2025	14	14,1	36	89
15/03/2025	15	13,6	39	89
15/03/2025	16	12,8	44	87
15/03/2025	17	12,6	45	86
15/03/2025	18	11,9	45	85
15/03/2025	19	10,7	51	79
15/03/2025	20	9,1	64	61
15/03/2025	21	8,9	60	65
15/03/2025	22	8,7	60	65
15/03/2025	23	8,5	62	65
16/03/2025	00	9,2	60	70
16/03/2025	01	8	79	68
16/03/2025	02	7,1	78	63
16/03/2025	03	7	76	63
16/03/2025	04	7,7	71	67
16/03/2025	05	7,9	70	68
16/03/2025	06	8,3	68	69
16/03/2025	07	8,5	67	71
16/03/2025	08	9,5	70	77
16/03/2025	09	11,5	62	78
16/03/2025	10	11,7	62	77
16/03/2025	11	13,6	57	81
16/03/2025	12	15	52	88
16/03/2025	13	15,9	49	87
16/03/2025	14	14,2	61	80
16/03/2025	15	11,3	88	75
16/03/2025	16	14,3	69	79
16/03/2025	17	13,3	68	80
16/03/2025	18	12,5	69	79
16/03/2025	19	11,2	75	65
16/03/2025	20	10,1	80	63
16/03/2025	21	9	83	58
16/03/2025	22	8,8	84	54
16/03/2025	23	8,1	85	55
17/03/2025	00	7,5	86	53
17/03/2025	01	8	85	52
17/03/2025	02	8,6	85	51
17/03/2025	03	8,5	87	43
17/03/2025	04	7,7	92	35
17/03/2025	05	7,4	96	27
17/03/2025	06	7,5	97	22
17/03/2025	07	7,5	98	19
17/03/2025	08	7,8	98	28
17/03/2025	09	8	98	35
17/03/2025	10	8,4	99	40
17/03/2025	11	8,5	99	53
17/03/2025	12	8,4	99	59
17/03/2025	13	8,8	99	62
17/03/2025	14	8,9	99	58
17/03/2025	15	8,8	99	58
17/03/2025	16	8,4	99	74
17/03/2025	17	8,2	99	73
17/03/2025	18	7,9	99	65
17/03/2025	19	7,7	99	67
17/03/2025	20	7,6	99	74
17/03/2025	21	7,6	99	71
17/03/2025	22	7,6	99	68
17/03/2025	23	7,7	99	64
18/03/2025	00	7,7	99	64
18/03/2025	01	7,8	99	61
18/03/2025	02	7,7	99	58
18/03/2025	03	7,6	99	57
18/03/2025	04	7,2	99	61
18/03/2025	05	7,1	99	56
18/03/2025	06	7,1	99	51
18/03/2025	07	7,2	99	47
18/03/2025	08	7,3	99	45
18/03/2025	09	7,9	99	40
18/03/2025	10	8,5	99	46
18/03/2025	11	9,3	99	51
18/03/2025	12	9,5	99	52
18/03/2025	13	9,8	99	54
18/03/2025	14	10	99	55
18/03/2025	15	10,4	99	54
18/03/2025	16	10,6	99	76
18/03/2025	17	10,6	99	79
18/03/2025	18	10,6	99	80
18/03/2025	19	10,4	99	73
18/03/2025	20	10,2	99	61
18/03/2025	21	10,3	99	70
18/03/2025	22	10,4	99	63
18/03/2025	23	10,3	99	63
19/03/2025	00	10,3	99	73
19/03/2025	01	10,4	99	69
19/03/2025	02	10,3	99	72
19/03/2025	03	10,5	99	75
19/03/2025	04	10,5	99	77
19/03/2025	05	10,6	99	69
19/03/2025	06	10,7	99	54
19/03/2025	07	10,8	99	61
19/03/2025	08	11,2	99	50
19/03/2025	09	11,5	99	71
19/03/2025	10	11,8	99	75
19/03/2025	11	12,1	99	72
19/03/2025	12	12,8	99	78
19/03/2025	13	13,2	98	77
19/03/2025	14	14,1	93	77
19/03/2025	15	14,4	92	79
19/03/2025	16	14,2	94	75
19/03/2025	17	13,5	97	79
19/03/2025	18	13,1	98	86
19/03/2025	19	12,7	99	84
19/03/2025	20	12,6	99	77
19/03/2025	21	12,5	99	82
19/03/2025	22	12,3	98	78
19/03/2025	23	12,2	99	75
20/03/2025	00	12,3	99	80
20/03/2025	01	12,1	99	78
20/03/2025	02	12,2	99	80
20/03/2025	03	12,2	99	79
20/03/2025	04	12,2	99	85
20/03/2025	05	11,9	99	82
20/03/2025	06	12	99	86
20/03/2025	07	12,2	99	83
20/03/2025	08	12,2	99	79
20/03/2025	09	12,3	99	80
20/03/2025	10	12,4	99	80
20/03/2025	11	12,9	99	76
20/03/2025	12	13,3	99	76
20/03/2025	13	13,9	99	78
20/03/2025	14	14,4	98	76
20/03/2025	15	14,2	98	75
20/03/2025	16	13,6	99	75
20/03/2025	17	13,5	99	75
20/03/2025	18	13,5	99	71
20/03/2025	19	13,2	99	74
20/03/2025	20	12,9	99	77
20/03/2025	21	12,8	99	76
20/03/2025	22	12,7	99	71
20/03/2025	23	12,5	99	73
21/03/2025	00	12,5	99	67
21/03/2025	01	12,5	99	66
21/03/2025	02	12,6	99	62
21/03/2025	03	12,6	99	67
21/03/2025	04	12,7	99	52
21/03/2025	05	12,7	99	49
21/03/2025	06	12,3	99	45
21/03/2025	07	11,8	98	63
21/03/2025	08	12	82	95
21/03/2025	09	12,2	76	94
21/03/2025	10	13,5	72	90
21/03/2025	11	16,1	66	87
21/03/2025	12	17,9	60	89
21/03/2025	13	18,9	48	91
21/03/2025	14	18,9	37	92
21/03/2025	15	18,4	33	93
21/03/2025	16	18,8	35	88
21/03/2025	17	17,6	42	83
21/03/2025	18	16,6	48	59
21/03/2025	19	15,1	50	68
21/03/2025	20	13,3	61	62
21/03/2025	21	13,4	69	67
21/03/2025	22	13,5	68	73
21/03/2025	23	13	66	72
22/03/2025	00	13,1	65	74
22/03/2025	01	13,3	64	77
22/03/2025	02	13,1	66	79
22/03/2025	03	12,9	67	76
22/03/2025	04	10,9	77	78
22/03/2025	05	10,2	75	86
22/03/2025	06	10,4	73	85
22/03/2025	07	10,4	70	88
22/03/2025	08	10,8	69	86
22/03/2025	09	12,8	61	87
22/03/2025	10	12,5	63	85
22/03/2025	11	13,8	57	85
22/03/2025	12	15,5	49	89
22/03/2025	13	16,9	45	88
22/03/2025	14	17,1	45	86
22/03/2025	15	15,6	49	84
22/03/2025	16	15,7	51	84
22/03/2025	17	16,2	51	82
22/03/2025	18	14,5	55	82
22/03/2025	19	13,2	57	80
22/03/2025	20	12,7	58	80
22/03/2025	21	11,4	66	79
22/03/2025	22	11	65	78
22/03/2025	23	10,8	65	85
23/03/2025	00	9,9	68	84
23/03/2025	01	9,7	68	84
23/03/2025	02	9,1	70	83
23/03/2025	03	8,6	71	85
23/03/2025	04	7,9	73	84
23/03/2025	05	7,5	73	82
23/03/2025	06	7,1	73	80
23/03/2025	07	7,2	71	78
23/03/2025	08	9,3	65	75
23/03/2025	09	10,2	62	78
23/03/2025	10	10,5	61	78
23/03/2025	11	12,5	56	78
23/03/2025	12	13,1	55	78
23/03/2025	13	14	50	80
23/03/2025	14	15,2	47	79
23/03/2025	15	15,5	45	79
23/03/2025	16	16,2	43	79
23/03/2025	17	15,6	45	77
23/03/2025	18	13,5	50	74
23/03/2025	19	11,6	59	62
23/03/2025	20	11,2	58	65
23/03/2025	21	9,6	65	59
23/03/2025	22	8,5	68	56
23/03/2025	23	7,6	68	62
24/03/2025	00	7	70	60
24/03/2025	01	6,6	72	61
24/03/2025	02	6,1	78	57
24/03/2025	03	6,7	78	57
24/03/2025	04	7,4	76	55
24/03/2025	05	7,3	77	58
24/03/2025	06	7,4	76	58
24/03/2025	07	7,5	75	58
24/03/2025	08	9,2	68	59
24/03/2025	09	12,1	58	66
24/03/2025	10	14,4	52	70
24/03/2025	11	17,2	42	80
24/03/2025	12	17,7	39	77
24/03/2025	13	16,6	40	81
24/03/2025	14	18	39	82
24/03/2025	15	18,3	39	84
24/03/2025	16	18,2	39	84
24/03/2025	17	17,6	43	84
24/03/2025	18	15,1	52	78
24/03/2025	19	14,1	57	70
24/03/2025	20	13,7	59	70
24/03/2025	21	13,4	61	68
24/03/2025	22	12,1	67	65
24/03/2025	23	10,8	74	61
25/03/2025	00	11,1	74	67
25/03/2025	01	11,4	73	66
25/03/2025	02	9,8	78	55
25/03/2025	03	8,5	82	53
25/03/2025	04	8,4	81	57
25/03/2025	05	8,3	81	56
25/03/2025	06	8,2	80	58
25/03/2025	07	7,6	83	44
25/03/2025	08	12,6	67	43
25/03/2025	09	14,1	59	65
25/03/2025	10	14,9	59	73
25/03/2025	11	16	56	75
25/03/2025	12	16,6	56	80
25/03/2025	13	17,2	53	85
25/03/2025	14	17,6	50	88
25/03/2025	15	18	50	92
25/03/2025	16	17,9	48	93
25/03/2025	17	16,8	52	89
25/03/2025	18	15	63	86
25/03/2025	19	13,7	66	73
25/03/2025	20	12,7	71	52
25/03/2025	21	11,2	74	54
25/03/2025	22	9,1	81	50
25/03/2025	23	8,7	81	55
26/03/2025	00	8,6	80	60
26/03/2025	01	8,4	80	63
26/03/2025	02	8,7	79	66
26/03/2025	03	8	83	61
26/03/2025	04	7,7	85	56
26/03/2025	05	7,3	86	57
26/03/2025	06	7,1	86	57
26/03/2025	07	8,6	80	55
26/03/2025	08	13,1	65	49
26/03/2025	09	15,6	56	65
26/03/2025	10	16,8	54	68
26/03/2025	11	17,9	50	79
26/03/2025	12	19	45	83
26/03/2025	13	19,5	42	86
26/03/2025	14	19,8	40	86
26/03/2025	15	19,7	39	76
26/03/2025	16	19,6	39	74
26/03/2025	17	19,6	39	71
26/03/2025	18	17,4	50	76
26/03/2025	19	15	65	66
26/03/2025	20	13,7	69	58
26/03/2025	21	13,3	64	52
26/03/2025	22	13,5	60	58
26/03/2025	23	12,8	66	56
27/03/2025	00	10,9	76	56
27/03/2025	01	9,5	83	58
27/03/2025	02	8,9	86	58
27/03/2025	03	7,7	86	52
27/03/2025	04	8,3	80	63
27/03/2025	05	7,7	80	63
27/03/2025	06	7,7	80	65
27/03/2025	07	8,8	79	60
27/03/2025	08	11,3	73	55
27/03/2025	09	15,1	58	67
27/03/2025	10	16,6	49	82
27/03/2025	11	17,7	45	84
27/03/2025	12	18,4	42	89
27/03/2025	13	19,1	37	94
27/03/2025	14	19,1	38	95
27/03/2025	15	19,9	37	95
27/03/2025	16	19,9	33	96
27/03/2025	17	19,1	36	96
27/03/2025	18	17,5	40	94
27/03/2025	19	14,8	51	76
27/03/2025	20	12,2	61	64
27/03/2025	21	11,3	62	66
27/03/2025	22	11,3	62	72
27/03/2025	23	11,2	62	73
28/03/2025	00	9,9	67	65
28/03/2025	01	8,9	70	61
28/03/2025	02	8,1	74	58
28/03/2025	03	8,1	77	55
28/03/2025	04	8,1	78	54
28/03/2025	05	7,8	79	52
28/03/2025	06	8,6	77	56
28/03/2025	07	8,1	82	48
28/03/2025	08	12,9	66	55
28/03/2025	09	16	54	68
28/03/2025	10	17	49	75
28/03/2025	11	17,8	48	75
28/03/2025	12	19,3	42	78
28/03/2025	13	21	33	81
28/03/2025	14	22,5	29	81
28/03/2025	15	23,3	25	80
28/03/2025	16	23,2	26	81
28/03/2025	17	22,2	28	85
28/03/2025	18	17,7	48	93
28/03/2025	19	15,5	56	79
28/03/2025	20	13,8	61	74
28/03/2025	21	12,6	62	75
28/03/2025	22	14,1	46	77
28/03/2025	23	13,2	47	78
29/03/2025	00	12,4	51	75
29/03/2025	01	11	59	69
29/03/2025	02	12,3	53	75
29/03/2025	03	11,3	55	77
29/03/2025	04	10,2	57	76
29/03/2025	05	10	57	77
29/03/2025	06	9,1	62	74
29/03/2025	07	10,7	56	76
29/03/2025	08	13,5	47	78
29/03/2025	09	16,3	40	74
29/03/2025	10	18,2	35	77
29/03/2025	11	20,1	30	77
29/03/2025	12	21,6	27	79
29/03/2025	13	22,5	25	85
29/03/2025	14	23	26	84
29/03/2025	15	23,6	22	86
29/03/2025	16	22,7	19	90
29/03/2025	17	20,1	23	92
29/03/2025	18	16,8	30	94
29/03/2025	19	14,4	35	93
29/03/2025	20	12,4	41	83
29/03/2025	21	11,7	40	78
29/03/2025	22	11,7	39	87
29/03/2025	23	10,1	45	82
30/03/2025	00	8,2	51	80
30/03/2025	01	6,6	56	75
30/03/2025	02	5,1	63	72
30/03/2025	03	5,5	61	75
30/03/2025	04	4,9	63	74
30/03/2025	05	4,5	64	73
30/03/2025	06	3,9	66	70
30/03/2025	07	6,4	56	72
30/03/2025	08	11,8	43	70
30/03/2025	09	15,4	31	70
30/03/2025	10	17,1	31	73
30/03/2025	11	18,6	30	79
30/03/2025	12	19,5	30	86
30/03/2025	13	20,6	26	86
30/03/2025	14	20,8	28	95
30/03/2025	15	20,8	27	98
30/03/2025	16	20,9	26	101
30/03/2025	17	20,4	24	100
30/03/2025	18	18,9	24	97
30/03/2025	19	16,4	35	84
30/03/2025	20	14	45	87
30/03/2025	21	13	48	86
30/03/2025	22	11,5	54	79
30/03/2025	23	10,3	59	75
31/03/2025	00	9,2	64	69
31/03/2025	01	9,5	61	73
31/03/2025	02	9,5	59	75
31/03/2025	03	8,9	60	72
31/03/2025	04	8,5	62	68
31/03/2025	05	8,2	63	66
31/03/2025	06	8,2	63	66
31/03/2025	07	10,3	57	65
31/03/2025	08	14,3	50	62
31/03/2025	09	19,6	37	68
31/03/2025	10	22,2	30	80
31/03/2025	11	24,1	24	88
31/03/2025	12	25,6	22	91
31/03/2025	13	26,7	18	84
31/03/2025	14	27,7	18	76
31/03/2025	15	28,8	18	78
31/03/2025	16	28,7	19	82
31/03/2025	17	27,2	22	98
31/03/2025	18	24,8	26	97
31/03/2025	19	21,6	35	74
31/03/2025	20	19,1	35	89
31/03/2025	21	18	34	90
31/03/2025	22	16,5	42	78
31/03/2025	23	14,3	51	73
01/04/2025	00	12,9	60	72
01/04/2025	01	11,4	66	69
01/04/2025	02	10,1	69	69
01/04/2025	03	10,1	67	71
01/04/2025	04	8,8	70	67
01/04/2025	05	8,3	68	68
01/04/2025	06	9,4	62	79
01/04/2025	07	12,2	53	74
01/04/2025	08	16,9	45	63
01/04/2025	09	20,1	37	70
01/04/2025	10	22	31	74
01/04/2025	11	23,5	24	88
01/04/2025	12	24,7	21	95
01/04/2025	13	25,4	19	97
01/04/2025	14	25,8	20	103
01/04/2025	15	26,3	21	110
01/04/2025	16	24,3	23	112
01/04/2025	17	24,1	25	111
01/04/2025	18	21,6	32	109
01/04/2025	19	18,1	57	96
01/04/2025	20	15	74	84
01/04/2025	21	13,1	79	86
01/04/2025	22	12,1	84	77
01/04/2025	23	11,4	90	70
02/04/2025	00	11,6	90	58
02/04/2025	01	11,8	88	50
02/04/2025	02	12,2	87	55
02/04/2025	03	12,2	87	53
02/04/2025	04	11,4	89	57
02/04/2025	05	11,1	89	52
02/04/2025	06	11,1	89	47
02/04/2025	07	12,2	86	59
02/04/2025	08	13,4	82	73
02/04/2025	09	15,8	74	72
02/04/2025	10	16,7	73	86
02/04/2025	11	18,5	67	93
02/04/2025	12	19,1	65	95
02/04/2025	13	19,7	62	96
02/04/2025	14	19,7	63	100
02/04/2025	15	19,9	66	107
02/04/2025	16	18,3	73	111
02/04/2025	17	17,1	78	111
02/04/2025	18	16,2	77	110
02/04/2025	19	14,9	79	105
02/04/2025	20	13,4	87	98
02/04/2025	21	12,9	90	90
02/04/2025	22	12,9	92	93
02/04/2025	23	12,6	93	96
03/04/2025	00	12,3	94	91
03/04/2025	01	11,8	97	88
03/04/2025	02	11,6	98	82
03/04/2025	03	11,5	99	75
03/04/2025	04	11,7	98	82
03/04/2025	05	11,6	98	75
03/04/2025	06	11,8	98	80
03/04/2025	07	12,1	98	83
03/04/2025	08	12,4	96	86
03/04/2025	09	12,9	93	87
03/04/2025	10	13,6	90	89
03/04/2025	11	14,1	85	94
03/04/2025	12	14,2	85	93
03/04/2025	13	13,5	90	91
03/04/2025	14	12,6	96	88
03/04/2025	15	12,3	99	84
03/04/2025	16	12,5	99	80
03/04/2025	17	12,2	99	84
03/04/2025	18	12	99	82
03/04/2025	19	12	99	78
03/04/2025	20	12,2	99	79
03/04/2025	21	12,4	99	80
03/04/2025	22	12,5	99	86
03/04/2025	23	12,6	99	85
04/04/2025	00	12,6	99	88
04/04/2025	01	12,7	99	87
04/04/2025	02	12,7	99	85
04/04/2025	03	12,7	99	84
04/04/2025	04	12,8	99	64
04/04/2025	05	12,7	99	69
04/04/2025	06	12,2	99	85
04/04/2025	07	11,9	99	82
04/04/2025	08	12,1	99	75
04/04/2025	09	12,5	99	77
04/04/2025	10	13	99	76
04/04/2025	11	14,3	94	80
04/04/2025	12	16	85	85
04/04/2025	13	16,8	82	87
04/04/2025	14	17,7	79	90
04/04/2025	15	17,9	77	90
04/04/2025	16	17	82	80
04/04/2025	17	15,6	93	65
04/04/2025	18	14,9	96	60
04/04/2025	19	13,9	99	64
04/04/2025	20	13,8	96	71
04/04/2025	21	12,6	96	77
04/04/2025	22	11,8	96	47
04/04/2025	23	11,8	98	59
05/04/2025	00	11,3	99	52
05/04/2025	01	10,7	99	52
05/04/2025	02	10,8	99	53
05/04/2025	03	10,6	97	52
05/04/2025	04	10,5	93	55
05/04/2025	05	11	86	61
05/04/2025	06	11,6	83	64
05/04/2025	07	13,1	79	70
05/04/2025	08	15,2	70	76
05/04/2025	09	16,4	65	78
05/04/2025	10	17,6	58	83
05/04/2025	11	18,1	54	86
05/04/2025	12	19	50	90
05/04/2025	13	20	48	92
05/04/2025	14	20,5	44	93
05/04/2025	15	21,2	43	91
05/04/2025	16	21,5	41	90
05/04/2025	17	21,2	41	80
05/04/2025	18	18,3	49	80
05/04/2025	19	16,2	57	78
05/04/2025	20	14,8	61	72
05/04/2025	21	13,9	66	67
05/04/2025	22	14,2	64	74
05/04/2025	23	13,6	66	74
06/04/2025	00	13,3	67	73
06/04/2025	01	13,6	67	75
06/04/2025	02	13,3	70	72
06/04/2025	03	13,4	67	76
06/04/2025	04	12,9	68	76
06/04/2025	05	11,6	74	68
06/04/2025	06	10,8	78	60
06/04/2025	07	12,1	75	57
06/04/2025	08	15,9	65	57
06/04/2025	09	18,6	55	69
06/04/2025	10	20,4	48	67
06/04/2025	11	22,1	41	69
06/04/2025	12	23,2	34	78
06/04/2025	13	23,9	33	78
06/04/2025	14	24	35	75
06/04/2025	15	25	35	77
06/04/2025	16	24,4	35	72
06/04/2025	17	24,4	34	70
06/04/2025	18	21	46	68
06/04/2025	19	18,4	55	72
06/04/2025	20	17	61	77
06/04/2025	21	16	64	67
06/04/2025	22	15,8	64	70
06/04/2025	23	15,6	62	71
07/04/2025	00	16	59	79
07/04/2025	01	15,9	59	80
07/04/2025	02	14,8	64	75
07/04/2025	03	13,2	70	68
07/04/2025	04	12,2	74	65
07/04/2025	05	11,8	76	63
07/04/2025	06	11,4	77	59
07/04/2025	07	13,6	71	49
07/04/2025	08	17,2	61	57
07/04/2025	09	19,7	55	64
07/04/2025	10	22,3	48	63
07/04/2025	11	24,4	41	68
07/04/2025	12	24,2	40	91
07/04/2025	13	25,4	38	94
07/04/2025	14	25,9	36	89
07/04/2025	15	26	35	91
07/04/2025	16	23,9	44	97
07/04/2025	17	23,6	44	95
07/04/2025	18	21,8	44	94
07/04/2025	19	20,1	47	85
07/04/2025	20	18,4	48	88
07/04/2025	21	17,5	51	85
07/04/2025	22	15,7	58	73
07/04/2025	23	13,2	70	59
08/04/2025	00	12,2	72	62
08/04/2025	01	11,7	77	62
08/04/2025	02	11,1	79	61
08/04/2025	03	11,2	81	62
08/04/2025	04	11	77	63
08/04/2025	05	10,5	77	60
08/04/2025	06	9,6	79	59
08/04/2025	07	13	70	59
08/04/2025	08	17,1	66	65
08/04/2025	09	17,7	68	86
08/04/2025	10	19,1	63	89
08/04/2025	11	20,4	59	97
08/04/2025	12	21,8	57	104
08/04/2025	13	23,2	53	105
08/04/2025	14	24,3	50	110
08/04/2025	15	24,9	47	113
08/04/2025	16	24,5	48	115
08/04/2025	17	22,9	55	112
08/04/2025	18	20,9	69	106
08/04/2025	19	18,5	80	87
08/04/2025	20	16,2	88	70
08/04/2025	21	14,6	94	55
08/04/2025	22	14,5	95	56
08/04/2025	23	14	94	51
09/04/2025	00	13,9	93	55
09/04/2025	01	13,7	92	69
09/04/2025	02	13,6	91	70
09/04/2025	03	12,9	90	57
09/04/2025	04	11,8	92	62
09/04/2025	05	10,2	97	56
09/04/2025	06	9,4	90	55
09/04/2025	07	12,3	73	58
09/04/2025	08	17,6	64	48
09/04/2025	09	20,7	50	64
09/04/2025	10	21,1	49	89
09/04/2025	11	21,9	49	100
09/04/2025	12	22,8	47	103
09/04/2025	13	23,9	41	103
09/04/2025	14	24,8	40	105
09/04/2025	15	24,7	44	106
09/04/2025	16	24,2	50	105
09/04/2025	17	23,4	53	105
09/04/2025	18	21,9	57	99
09/04/2025	19	19,1	67	81
09/04/2025	20	17	78	66
09/04/2025	21	15,8	79	59
09/04/2025	22	13,7	90	66
09/04/2025	23	13,1	94	54
10/04/2025	00	13,7	92	43
10/04/2025	01	13,9	92	46
10/04/2025	02	13,9	91	49
10/04/2025	03	13,5	89	45
10/04/2025	04	12,8	91	37
10/04/2025	05	12,5	97	52
10/04/2025	06	12,5	98	64
10/04/2025	07	12,8	97	68
10/04/2025	08	13,7	93	80
10/04/2025	09	15,1	85	87
10/04/2025	10	15,7	82	88
10/04/2025	11	17,5	76	92
10/04/2025	12	17,9	73	98
10/04/2025	13	18,5	67	104
10/04/2025	14	19,1	64	107
10/04/2025	15	18,7	66	106
10/04/2025	16	18,1	68	106
10/04/2025	17	17,2	70	104
10/04/2025	18	16,1	75	99
10/04/2025	19	14,7	81	93
10/04/2025	20	13,9	89	88
10/04/2025	21	13,3	94	83
10/04/2025	22	12,9	96	76
10/04/2025	23	12,6	97	71
11/04/2025	00	12,9	97	74
11/04/2025	01	13	97	82
11/04/2025	02	12,8	98	80
11/04/2025	03	12,8	98	79
11/04/2025	04	12,6	99	82
11/04/2025	05	12,5	99	84
11/04/2025	06	12,5	99	85
11/04/2025	07	12,6	97	83
11/04/2025	08	13,1	94	85
11/04/2025	09	13,9	88	86
11/04/2025	10	15,2	80	95
11/04/2025	11	15,5	78	97
11/04/2025	12	16,4	74	98
11/04/2025	13	16,9	72	99
11/04/2025	14	17	72	97
11/04/2025	15	16,1	75	98
11/04/2025	16	15,9	76	98
11/04/2025	17	15,6	78	98
11/04/2025	18	15,2	81	89
11/04/2025	19	14,2	86	93
11/04/2025	20	13,3	93	84
11/04/2025	21	13,3	93	85
11/04/2025	22	13,1	95	79
11/04/2025	23	12,9	94	81
12/04/2025	00	12,5	96	71
12/04/2025	01	12,4	98	66
12/04/2025	02	12,3	98	62
12/04/2025	03	12,4	97	41
12/04/2025	04	12,1	97	33
12/04/2025	05	11,8	96	34
12/04/2025	06	11,1	96	30
12/04/2025	07	11,7	95	33
12/04/2025	08	13,3	89	50
12/04/2025	09	14,4	86	57
12/04/2025	10	15,4	88	65
12/04/2025	11	16	87	56
12/04/2025	12	16,1	87	53
12/04/2025	13	18,4	78	68
12/04/2025	14	18,1	79	74
12/04/2025	15	18	79	78
12/04/2025	16	18,7	71	82
12/04/2025	17	18,7	70	78
12/04/2025	18	18,6	71	80
12/04/2025	19	17,7	76	59
12/04/2025	20	17,1	74	73
12/04/2025	21	17,2	75	76
12/04/2025	22	16,1	80	66
12/04/2025	23	15,2	83	57
13/04/2025	00	15	84	56
13/04/2025	01	14,7	85	52
13/04/2025	02	14,6	84	51
13/04/2025	03	14,8	82	62
13/04/2025	04	13,3	86	55
13/04/2025	05	12,2	90	44
13/04/2025	06	12,4	89	50
13/04/2025	07	14,2	82	49
13/04/2025	08	19,2	68	54
13/04/2025	09	21,2	59	60
13/04/2025	10	21,5	59	60
13/04/2025	11	21,8	59	57
13/04/2025	12	22,1	58	73
13/04/2025	13	21,3	60	80
13/04/2025	14	20,8	62	80
13/04/2025	15	19,6	68	70
13/04/2025	16	19,6	71	72
13/04/2025	17	20	70	61
13/04/2025	18	18,6	73	70
13/04/2025	19	17,6	76	74
13/04/2025	20	16,5	83	62
13/04/2025	21	16,1	83	63
13/04/2025	22	15,4	84	54
13/04/2025	23	15	90	39
14/04/2025	00	14,6	96	35
14/04/2025	01	14	96	22
14/04/2025	02	13,7	97	23
14/04/2025	03	13,4	98	22
14/04/2025	04	13,2	97	22
14/04/2025	05	12,9	97	25
14/04/2025	06	12,6	98	18
14/04/2025	07	13,7	98	21
14/04/2025	08	14,9	95	27
14/04/2025	09	17,5	83	36
14/04/2025	10	20,4	69	51
14/04/2025	11	19,7	71	61
14/04/2025	12	19,8	68	66
14/04/2025	13	21,1	63	65
14/04/2025	14	21,6	60	75
14/04/2025	15	21,3	58	77
14/04/2025	16	19,9	68	67
14/04/2025	17	20	66	73
14/04/2025	18	19,1	71	75
14/04/2025	19	17,8	74	70
14/04/2025	20	17,4	62	74
14/04/2025	21	16,4	58	77
14/04/2025	22	15,8	56	83
14/04/2025	23	15,2	56	86
15/04/2025	00	15,4	55	88
15/04/2025	01	15,5	52	89
15/04/2025	02	14	60	79
15/04/2025	03	13,3	66	75
15/04/2025	04	12,8	73	68
15/04/2025	05	13,1	70	73
15/04/2025	06	12,7	68	84
15/04/2025	07	12,9	65	86
15/04/2025	08	13,7	64	79
15/04/2025	09	13,8	62	83
15/04/2025	10	14,1	58	86
15/04/2025	11	16,3	48	89
15/04/2025	12	17,2	41	93
15/04/2025	13	18,4	35	98
15/04/2025	14	18,3	38	95
15/04/2025	15	17,4	43	92
15/04/2025	16	16,4	47	93
15/04/2025	17	15,9	43	95
15/04/2025	18	13,9	54	91
15/04/2025	19	12,2	62	85
15/04/2025	20	11	67	83
15/04/2025	21	10,4	68	87
15/04/2025	22	9,9	67	88
15/04/2025	23	9,5	70	84
16/04/2025	00	9,5	71	82
16/04/2025	01	8,9	71	83
16/04/2025	02	8,7	75	79
16/04/2025	03	8,4	76	76
16/04/2025	04	8,3	74	76
16/04/2025	05	7,9	75	73
16/04/2025	06	7,7	74	70
16/04/2025	07	9,1	69	69
16/04/2025	08	11	63	69
16/04/2025	09	12,3	56	73
16/04/2025	10	14,9	44	79
16/04/2025	11	15,5	40	83
16/04/2025	12	16,8	37	85
16/04/2025	13	17,8	34	88
16/04/2025	14	18,2	32	89
16/04/2025	15	18,2	31	91
16/04/2025	16	17,6	33	90
16/04/2025	17	16,6	35	91
16/04/2025	18	16,1	38	88
16/04/2025	19	14,7	45	84
16/04/2025	20	13,2	56	81
16/04/2025	21	12,5	63	76
16/04/2025	22	11,6	69	72
16/04/2025	23	12,9	66	78
17/04/2025	00	11,7	80	75
17/04/2025	01	10,4	93	65
17/04/2025	02	10,4	97	39
17/04/2025	03	10,5	97	46
17/04/2025	04	10,7	97	39
17/04/2025	05	10,7	98	36
17/04/2025	06	10,7	97	41
17/04/2025	07	11,4	88	68
17/04/2025	08	13,7	73	72
17/04/2025	09	14,4	67	79
17/04/2025	10	16,4	61	81
17/04/2025	11	17,7	57	80
17/04/2025	12	19,1	49	86
17/04/2025	13	19,9	45	93
17/04/2025	14	21	41	97
17/04/2025	15	22,1	36	99
17/04/2025	16	22,5	33	102
17/04/2025	17	22	34	97
17/04/2025	18	20,8	39	92
17/04/2025	19	19,4	46	80
17/04/2025	20	17,6	53	76
17/04/2025	21	15,7	62	65
17/04/2025	22	16,6	63	59
17/04/2025	23	15,5	68	53
18/04/2025	00	15	68	56
18/04/2025	01	15,1	64	61
18/04/2025	02	13,4	70	56
18/04/2025	03	12,7	71	57
18/04/2025	04	11,7	75	55
18/04/2025	05	11,1	78	52
18/04/2025	06	11	79	50
18/04/2025	07	12,7	76	41
18/04/2025	08	18,2	61	44
18/04/2025	09	20,6	49	65
18/04/2025	10	21,9	46	69
18/04/2025	11	22,3	45	72
18/04/2025	12	23,5	41	76
18/04/2025	13	24,3	39	74
18/04/2025	14	24,3	38	76
18/04/2025	15	24,3	37	77
18/04/2025	16	23,7	39	78
18/04/2025	17	22,5	48	72
18/04/2025	18	21,6	49	70
18/04/2025	19	20,3	52	70
18/04/2025	20	18,9	57	71
18/04/2025	21	18,3	58	74
18/04/2025	22	16,8	64	72
18/04/2025	23	16,7	65	75
19/04/2025	00	15,6	70	72
19/04/2025	01	14	76	60
19/04/2025	02	14,5	74	67
19/04/2025	03	13,4	79	58
19/04/2025	04	12,4	84	48
19/04/2025	05	12,7	82	50
19/04/2025	06	13,2	77	47
19/04/2025	07	16,3	63	58
19/04/2025	08	17,5	55	77
19/04/2025	09	18,1	48	83
19/04/2025	10	16,3	54	86
19/04/2025	11	14,7	60	91
19/04/2025	12	16,9	49	91
19/04/2025	13	18,5	35	98
19/04/2025	14	19,2	30	96
19/04/2025	15	18,9	31	96
19/04/2025	16	18,4	30	97
19/04/2025	17	18	28	101
19/04/2025	18	17,1	31	97
19/04/2025	19	15,3	36	94
19/04/2025	20	13,7	41	90
19/04/2025	21	13,1	46	87
19/04/2025	22	12,3	51	83
19/04/2025	23	12,1	54	83
20/04/2025	00	11,6	58	81
20/04/2025	01	11,1	62	80
20/04/2025	02	10,4	66	81
20/04/2025	03	10,2	64	83
20/04/2025	04	9,3	68	79
20/04/2025	05	9	70	77
20/04/2025	06	8,9	68	76
20/04/2025	07	11	60	80
20/04/2025	08	11,5	58	84
20/04/2025	09	12,6	53	84
20/04/2025	10	13,9	52	83
20/04/2025	11	14,9	50	81
20/04/2025	12	16,3	46	81
20/04/2025	13	16,5	49	78
20/04/2025	14	16,4	52	76
20/04/2025	15	18,3	43	81
20/04/2025	16	15,7	52	84
20/04/2025	17	17	49	82
20/04/2025	18	17,4	46	81
20/04/2025	19	14,4	57	80
20/04/2025	20	12,4	67	68
20/04/2025	21	11,8	69	67
20/04/2025	22	12	67	71
20/04/2025	23	12,8	61	79
21/04/2025	00	12,2	63	75
21/04/2025	01	11,7	65	76
21/04/2025	02	11,1	67	73
21/04/2025	03	9,8	73	65
21/04/2025	04	9,9	72	65
21/04/2025	05	10,5	71	66
21/04/2025	06	9,9	77	58
21/04/2025	07	13,5	67	59
21/04/2025	08	16,2	58	62
21/04/2025	09	18,1	53	65
21/04/2025	10	20,7	44	67
21/04/2025	11	21,4	38	72
21/04/2025	12	22,4	36	78
21/04/2025	13	23,2	32	82
21/04/2025	14	24	31	83
21/04/2025	15	24,3	31	83
21/04/2025	16	24,1	31	85
21/04/2025	17	23	32	86
21/04/2025	18	19,6	49	87
21/04/2025	19	18	51	84
21/04/2025	20	16,5	54	83
21/04/2025	21	15,1	58	77
21/04/2025	22	15	59	81
21/04/2025	23	15,3	59	79
22/04/2025	00	14,9	60	75
22/04/2025	01	15,5	57	78
22/04/2025	02	15,6	57	77
22/04/2025	03	15,5	59	72
22/04/2025	04	15,2	61	67
22/04/2025	05	14,1	68	57
22/04/2025	06	13,7	75	54
22/04/2025	07	13,4	83	47
22/04/2025	08	14	90	30
22/04/2025	09	18,2	70	43
22/04/2025	10	20,8	55	62
22/04/2025	11	17,9	75	64
22/04/2025	12	17,6	78	64
22/04/2025	13	18,5	71	74
22/04/2025	14	19	69	70
22/04/2025	15	17,5	78	72
22/04/2025	16	16,5	80	71
22/04/2025	17	16,9	80	68
22/04/2025	18	14,6	89	72
22/04/2025	19	13,5	95	65
22/04/2025	20	13,5	96	38
22/04/2025	21	13,5	95	31
22/04/2025	22	13	95	31
22/04/2025	23	11,8	95	31
23/04/2025	00	11,1	93	39
23/04/2025	01	10,4	93	39
23/04/2025	02	10,3	93	41
23/04/2025	03	10,1	93	42
23/04/2025	04	10,6	91	49
23/04/2025	05	9,7	92	44
23/04/2025	06	10,5	88	46
23/04/2025	07	13,1	81	39
23/04/2025	08	17,2	67	48
23/04/2025	09	19,2	51	68
23/04/2025	10	20,1	48	64
23/04/2025	11	22,6	38	64
23/04/2025	12	22,1	43	84
23/04/2025	13	22,6	42	90
23/04/2025	14	23,4	41	94
23/04/2025	15	24	38	93
23/04/2025	16	24,8	36	95
23/04/2025	17	24,2	38	98
23/04/2025	18	23,3	44	96
23/04/2025	19	20,6	60	94
23/04/2025	20	18,3	71	89
23/04/2025	21	17,2	75	86
23/04/2025	22	16,4	77	83
23/04/2025	23	15,5	81	76
24/04/2025	00	14,2	86	60
24/04/2025	01	14,1	85	61
24/04/2025	02	13,3	88	53
24/04/2025	03	12,9	88	52
24/04/2025	04	12,7	87	50
24/04/2025	05	12,6	85	53
24/04/2025	06	12,8	82	52
24/04/2025	07	16,6	71	49
24/04/2025	08	21,5	55	58
24/04/2025	09	23,7	46	66
24/04/2025	10	24,2	46	77
24/04/2025	11	25,8	44	82
24/04/2025	12	25,8	46	93
24/04/2025	13	26,4	45	95
24/04/2025	14	27,1	43	98
24/04/2025	15	27,1	44	100
24/04/2025	16	26,6	46	101
24/04/2025	17	25	51	99
24/04/2025	18	23,5	55	93
24/04/2025	19	21,3	64	77
24/04/2025	20	19,2	70	62
24/04/2025	21	16,6	78	64
24/04/2025	22	15,2	82	50
24/04/2025	23	14,6	83	53
25/04/2025	00	13,8	85	51
25/04/2025	01	13,8	84	51
25/04/2025	02	13,1	88	45
25/04/2025	03	12,8	88	49
25/04/2025	04	13,1	86	58
25/04/2025	05	12,9	86	62
25/04/2025	06	13,9	82	71
25/04/2025	07	14,9	81	58
25/04/2025	08	19,8	65	54
25/04/2025	09	21,2	62	68
25/04/2025	10	22,7	59	79
25/04/2025	11	25,2	47	81
25/04/2025	12	27,8	32	88
25/04/2025	13	28,3	31	94
25/04/2025	14	27,4	33	96
25/04/2025	15	28,1	31	96
25/04/2025	16	28,1	31	98
25/04/2025	17	27,7	33	100
25/04/2025	18	25,6	40	95
25/04/2025	19	22,5	59	88
25/04/2025	20	19	85	71
25/04/2025	21	17,8	89	48
25/04/2025	22	16,1	93	50
25/04/2025	23	15,1	97	44
26/04/2025	00	16,1	79	54
26/04/2025	01	17,2	68	67
26/04/2025	02	17,9	64	70
26/04/2025	03	17,6	66	67
26/04/2025	04	17,4	67	60
26/04/2025	05	17,8	66	74
26/04/2025	06	18,7	66	75
26/04/2025	07	19,6	65	70
26/04/2025	08	21	62	67
26/04/2025	09	23	55	73
26/04/2025	10	25,4	47	77
26/04/2025	11	24,2	57	83
26/04/2025	12	24,9	54	89
26/04/2025	13	25,8	48	88
26/04/2025	14	28,1	33	78
26/04/2025	15	25,7	47	88
26/04/2025	16	23,7	57	90
26/04/2025	17	23	59	89
26/04/2025	18	21,2	62	87
26/04/2025	19	19	66	82
26/04/2025	20	16,9	73	59
26/04/2025	21	15,8	77	56
26/04/2025	22	15	80	51
26/04/2025	23	14,2	83	49
27/04/2025	00	14,2	83	40
27/04/2025	01	13,6	86	39
27/04/2025	02	13,3	85	50
27/04/2025	03	12	88	50
27/04/2025	04	11,9	86	53
27/04/2025	05	11,8	84	58
27/04/2025	06	11,5	83	51
27/04/2025	07	13,6	70	50
27/04/2025	08	16,4	59	56
27/04/2025	09	17,8	51	71
27/04/2025	10	18,6	49	78
27/04/2025	11	19,6	45	79
27/04/2025	12	20,9	43	79
27/04/2025	13	21,4	41	81
27/04/2025	14	22,8	37	81
27/04/2025	15	22,8	37	86
27/04/2025	16	22,8	38	87
27/04/2025	17	21,3	41	91
27/04/2025	18	20,2	43	92
27/04/2025	19	17,7	53	88
27/04/2025	20	14,9	64	67
27/04/2025	21	13,3	69	55
27/04/2025	22	12,4	70	61
27/04/2025	23	11	75	59
28/04/2025	00	11,4	74	55
28/04/2025	01	11,1	76	59
28/04/2025	02	9,8	82	55
28/04/2025	03	9	87	50
28/04/2025	04	9	91	44
28/04/2025	05	8,9	93	41
28/04/2025	06	9,2	92	38
28/04/2025	07	13,4	80	42
28/04/2025	08	16,7	71	65
28/04/2025	09	17,2	68	80
28/04/2025	10	18,8	63	88
28/04/2025	20	14,4	77	
28/04/2025	21	13,4	82	64
28/04/2025	22	12,2	84	61
28/04/2025	23	10,6	89	49
29/04/2025	00	10,2	90	48
29/04/2025	01	9,5	91	44
29/04/2025	02	9,4	92	46
29/04/2025	03	9	93	43
29/04/2025	04	9,7	92	38
29/04/2025	05	11,2	89	37
29/04/2025	06	11,7	88	40
29/04/2025	07	12,9	86	47
29/04/2025	08	14,3	85	74
29/04/2025	09	15,6	83	83
29/04/2025	10	16,4	80	88
29/04/2025	11	17,5	73	95
29/04/2025	12	18,4	69	98
29/04/2025	13	18,6	70	99
29/04/2025	14	18,1	71	100
29/04/2025	15	18,8	65	103
29/04/2025	16	17,7	72	102
29/04/2025	17	16,7	77	100
29/04/2025	18	15,9	81	97
29/04/2025	19	15	87	93
29/04/2025	20	14,6	91	90
29/04/2025	21	14,5	93	89
29/04/2025	22	14,5	93	85
29/04/2025	23	14,2	95	88
30/04/2025	00	14,1	97	88
30/04/2025	01	14,1	96	85
30/04/2025	02	14	93	86
30/04/2025	03	13,7	97	77
30/04/2025	04	13,8	97	77
30/04/2025	05	14	94	82
30/04/2025	06	14,1	95	79
30/04/2025	07	14,2	97	70
30/04/2025	08	15	94	76
30/04/2025	09	16,4	86	83
30/04/2025	10	16,8	83	87
30/04/2025	11	17	81	89
30/04/2025	12	17,7	76	92
30/04/2025	13	17,6	74	95
30/04/2025	14	17,8	75	96
30/04/2025	15	18,4	71	96
30/04/2025	16	17,8	74	101
30/04/2025	17	16,7	82	99
30/04/2025	18	15,6	90	93
30/04/2025	19	15	95	86
30/04/2025	20	14,8	97	85
30/04/2025	21	14,7	97	84
30/04/2025	22	14,9	96	82
30/04/2025	23	15,1	95	85
